 0.269441 -0.328047  0.601847
 0.268899 -0.326305  0.605297
 0.268901 -0.326302  0.605295
 0.268907 -0.326295  0.605287
 0.268918 -0.326284  0.605275
 0.268934 -0.326268  0.605257
 0.268953 -0.326247  0.605234
 0.268977 -0.326221  0.605206
 0.269006 -0.326191  0.605174
 0.269038 -0.326157  0.605136
 0.269076 -0.326117  0.605093
 0.269117 -0.326073  0.605045
 0.269163 -0.326025  0.604991
 0.269213 -0.325972  0.604933
 0.269268 -0.325914   0.60487
 0.269327 -0.325851  0.604802
 0.269391 -0.325784  0.604729
 0.269459 -0.325712   0.60465
 0.269531 -0.325636  0.604567
 0.269607 -0.325555  0.604478
0.269688 -0.32547 0.604385
 0.269774 -0.325379  0.604286
 0.269863 -0.325285  0.604182
 0.269957 -0.325185  0.604073
 0.270056 -0.325081   0.60396
 0.270159 -0.324972  0.603841
 0.270266 -0.324859  0.603717
 0.270377 -0.324742  0.603588
 0.270493 -0.324619  0.603454
 0.270613 -0.324492  0.603315
0.270738 -0.32436 0.603171
 0.270867 -0.324224  0.603022
 0.271001 -0.324082  0.602868
 0.271138 -0.323937  0.602709
  0.27128 -0.323787  0.602544
 0.271427 -0.323632  0.602375
 0.271578 -0.323472    0.6022
 0.271733 -0.323308  0.602021
 0.271893 -0.323139  0.601836
 0.272057 -0.322966  0.601647
 0.272225 -0.322788  0.601452
 0.272398 -0.322605  0.601252
 0.272575 -0.322418  0.601048
 0.272757 -0.322226  0.600838
 0.272943 -0.322029  0.600623
 0.273133 -0.321828  0.600403
 0.273328 -0.321622  0.600178
 0.273527 -0.321412  0.599948
  0.27373 -0.321197  0.599713
 0.273938 -0.320978  0.599473
  0.27415 -0.320753  0.599228
 0.274366 -0.320525  0.598978
 0.274587 -0.320291  0.598722
 0.274812 -0.320053  0.598462
0.275042 -0.31981 0.598196
 0.275276 -0.319562  0.597926
0.275515 -0.31931  0.59765
 0.275758 -0.319054   0.59737
 0.276005 -0.318792  0.597084
 0.276256 -0.318527  0.596793
 0.276512 -0.318256  0.596497
 0.276772 -0.317981  0.596197
 0.277037 -0.317701  0.595891
 0.277306 -0.317417   0.59558
 0.277579 -0.317128  0.595264
 0.277857 -0.316834  0.594943
 0.278139 -0.316536  0.594617
 0.278426 -0.316233  0.594285
 0.278717 -0.315925  0.593949
 0.279012 -0.315613  0.593608
 0.279312 -0.315297  0.593262
 0.279616 -0.314975   0.59291
 0.279924 -0.314649  0.592554
 0.280237 -0.314319  0.592192
 0.280554 -0.313983  0.591826
 0.280875 -0.313644  0.591454
 0.281201 -0.313299  0.591077
0.281532 -0.31295 0.590696
 0.281866 -0.312596  0.590309
 0.282205 -0.312238  0.589917
 0.282549 -0.311874   0.58952
 0.282897 -0.311507  0.589118
  0.28325 -0.311134   0.58871
 0.283606 -0.310757  0.588298
 0.283967 -0.310376  0.587881
0.284332 -0.30999 0.587459
 0.284702 -0.309599  0.587032
 0.285453 -0.308804  0.586163
0.285836  -0.3084 0.585721
0.285836  -0.3084 0.585721
0.286223 -0.30799 0.585273
 0.286615 -0.307576   0.58482
 0.287011 -0.307158  0.584363
 0.287411 -0.306734    0.5839
 0.287816 -0.306307  0.583432
 0.288637 -0.305438  0.582483
 0.288637 -0.305438  0.582483
 0.289477 -0.304551  0.581512
 0.289477 -0.304551  0.581512
0.289904  -0.3041 0.581019
 0.290336 -0.303643  0.580519
  0.29077 -0.303184  0.580018
 0.291203 -0.302726  0.579517
 0.291639 -0.302265  0.579014
 0.292509 -0.301346  0.578008
 0.292509 -0.301346  0.578008
 0.292944 -0.300886  0.577505
 0.293379 -0.300426  0.577003
 0.293814 -0.299966  0.576499
  0.29425 -0.299506  0.575996
 0.294685 -0.299046  0.575493
  0.29512 -0.298586   0.57499
 0.295554 -0.298127  0.574489
 0.295989 -0.297667  0.573985
 0.296859 -0.296747   0.57298
 0.296859 -0.296747   0.57298
 0.297296 -0.296286  0.572475
  0.29773 -0.295827  0.571973
 0.298165 -0.295367  0.571471
 0.298601 -0.294906  0.570966
 0.299035 -0.294447  0.570465
 0.299471 -0.293986  0.569961
 0.299906 -0.293526  0.569458
 0.300341 -0.293067  0.568956
 0.300776 -0.292607  0.568453
 0.301211 -0.292147   0.56795
 0.301647 -0.291686  0.567446
 0.302082 -0.291226  0.566943
 0.302517 -0.290766  0.566441
 0.302954 -0.290304  0.565935
 0.303389 -0.289844  0.565433
 0.303824 -0.289385   0.56493
  0.30426 -0.288924  0.564426
 0.304695 -0.288464  0.563923
  0.30513 -0.288004  0.563421
 0.305565 -0.287544  0.562918
    0.306 -0.287084  0.562415
 0.306435 -0.286624  0.561912
  0.30687 -0.286165  0.561409
 0.307305 -0.285705  0.560907
  0.30774 -0.285245  0.560404
 0.308175 -0.284785  0.559901
 0.308609 -0.284326  0.559399
 0.309044 -0.283866  0.558896
 0.309479 -0.283406  0.558393
 0.309915 -0.282946   0.55789
  0.31035 -0.282486  0.557387
 0.310785 -0.282026  0.556884
  0.31122 -0.281566  0.556381
 0.311655 -0.281106  0.555878
  0.31209 -0.280646  0.555375
 0.312525 -0.280186  0.554872
  0.31296 -0.279726   0.55437
 0.313396 -0.279266  0.553867
 0.313831 -0.278806  0.553364
 0.314266 -0.278346  0.552861
 0.314701 -0.277886  0.552358
 0.315137 -0.277426  0.551854
 0.315572 -0.276966  0.551351
 0.316007 -0.276506  0.550849
 0.316442 -0.276046  0.550346
 0.316877 -0.275586  0.549843
 0.317312 -0.275126   0.54934
 0.317747 -0.274666  0.548837
 0.318183 -0.274206  0.548334
 0.318617 -0.273746  0.547831
 0.319052 -0.273287  0.547329
 0.319487 -0.272827  0.546826
 0.320356 -0.271908  0.545821
 0.320356 -0.271908  0.545821
 0.320792 -0.271447  0.545318
 0.321228 -0.270987  0.544814
 0.321663 -0.270527  0.544311
 0.322098 -0.270067  0.543808
 0.322533 -0.269607  0.543306
 0.323403 -0.268688    0.5423
 0.323403 -0.268688    0.5423
 0.324273 -0.267768  0.541295
 0.324708 -0.267308  0.540792
 0.325143 -0.266848  0.540289
 0.325578 -0.266388  0.539786
 0.326013 -0.265928  0.539283
 0.326013 -0.265928  0.539283
 0.326448 -0.265468   0.53878
 0.326883 -0.265008  0.538277
 0.327319 -0.264548  0.537774
 0.327755 -0.264087   0.53727
  0.32819 -0.263627  0.536767
 0.328625 -0.263167  0.536264
 0.329061 -0.262706   0.53576
 0.329496 -0.262246  0.535258
 0.329931 -0.261786  0.534755
 0.330366 -0.261327  0.534252
 0.330801 -0.260866  0.533749
 0.331237 -0.260406  0.533246
 0.331672 -0.259946  0.532743
 0.332107 -0.259486   0.53224
 0.332542 -0.259026  0.531737
 0.332977 -0.258567  0.531234
 0.333412 -0.258107  0.530731
 0.333847 -0.257647  0.530229
 0.334282 -0.257187  0.529726
 0.334717 -0.256727  0.529223
 0.335152 -0.256267   0.52872
 0.335587 -0.255808  0.528217
 0.336022 -0.255348  0.527715
 0.336457 -0.254888  0.527212
 0.336892 -0.254428  0.526709
 0.337327 -0.253968  0.526206
 0.33776 -0.25351 0.525705
0.338195 -0.25305 0.525202
 0.338629 -0.252591  0.524701
  0.33906 -0.252136  0.524203
 0.339486 -0.251686  0.523711
 0.339907 -0.251241  0.523224
0.340324  -0.2508 0.522742
 0.340737 -0.250363  0.522265
 0.341146 -0.249931  0.521792
  0.34155 -0.249504  0.521325
  0.34195 -0.249081  0.520863
 0.342345 -0.248663  0.520406
0.342736 -0.24825 0.519955
 0.343122 -0.247842  0.519508
 0.343503 -0.247439  0.519068
0.343881 -0.24704 0.518631
 0.344254 -0.246645    0.5182
 0.344986 -0.245871  0.517353
 0.345346 -0.245491  0.516937
 0.345702 -0.245115  0.516526
 0.345702 -0.245115  0.516526
 0.346053 -0.244743   0.51612
 0.346401 -0.244376  0.515718
 0.346744 -0.244013  0.515322
 0.347082 -0.243655  0.514931
 0.347416 -0.243302  0.514545
 0.347746 -0.242954  0.514164
 0.348071 -0.242611  0.513788
 0.348392 -0.242271  0.513417
  0.34871 -0.241935   0.51305
 0.349022 -0.241605  0.512689
0.349329 -0.24128 0.512333
 0.349633 -0.240959  0.511983
 0.349932 -0.240643  0.511637
 0.350225 -0.240333  0.511298
 0.350515 -0.240026  0.510963
 0.350801 -0.239724  0.510632
 0.351083 -0.239427  0.510307
  0.35136 -0.239134  0.509986
 0.351633 -0.238845  0.509671
 0.351901 -0.238561  0.509361
 0.352165 -0.238282  0.509056
 0.352425 -0.238008  0.508755
  0.35293 -0.237474  0.508172
  0.35293 -0.237474  0.508172
 0.353177 -0.237213  0.507886
 0.353419 -0.236957  0.507607
  0.35389 -0.236459  0.507062
  0.35389 -0.236459  0.507062
 0.354119 -0.236217  0.506797
 0.354344 -0.235979  0.506538
 0.354564 -0.235746  0.506283
  0.35478 -0.235518  0.506033
 0.354992 -0.235294  0.505789
 0.355199 -0.235075  0.505549
 0.355402 -0.234861  0.505315
   0.3556 -0.234651  0.505085
 0.355794 -0.234446  0.504861
 0.355984 -0.234245  0.504642
 0.356169 -0.234049  0.504427
  0.35635 -0.233858  0.504218
 0.356526 -0.233672  0.504015
0.356699 -0.23349 0.503816
 0.356891 -0.233287  0.503594
 0.357053 -0.233115  0.503406
 0.357212 -0.232948  0.503223
 0.357366 -0.232785  0.503045
 0.357515 -0.232627  0.502872
 0.357661 -0.232473  0.502704
 0.357801 -0.232324  0.502541
0.357938 -0.23218 0.502383
 0.35807 -0.23204  0.50223
 0.358198 -0.231905  0.502083
 0.358321 -0.231775   0.50194
 0.358441 -0.231649  0.501802
 0.358555 -0.231527   0.50167
 0.358665 -0.231411  0.501543
 0.358771 -0.231299   0.50142
 0.358873 -0.231192  0.501303
  0.35897 -0.231089  0.501191
 0.359063 -0.230991  0.501083
 0.359151 -0.230897  0.500981
 0.359235 -0.230809  0.500884
 0.359315 -0.230724  0.500792
  0.35939 -0.230645  0.500705
0.359461 -0.23057 0.500623
0.359527  -0.2305 0.500546
 0.359589 -0.230434  0.500475
 0.359647 -0.230373  0.500408
 0.359701 -0.230317  0.500346
  0.35975 -0.230265   0.50029
 0.359794 -0.230218  0.500238
 0.359834 -0.230175  0.500191
  0.35987 -0.230137   0.50015
 0.359902 -0.230104  0.500113
 0.359929 -0.230075  0.500082
 0.359952 -0.230051  0.500056
  0.35997 -0.230032  0.500035
 0.359984 -0.230017  0.500018
 0.359994 -0.230007  0.500007
 0.359999 -0.230001  0.500001
 0.36 -0.23   0.5
 0.36 -0.23   0.5
 0.36 -0.23   0.5
 0.36 -0.23   0.5
 0.36 -0.23   0.5
 0.36 -0.23   0.5
 0.36 -0.23   0.5
 0.36 -0.23   0.5
 0.36 -0.23   0.5
 0.36 -0.23   0.5
 0.36 -0.23   0.5
 0.36 -0.23   0.5
 0.36 -0.23   0.5
 0.36 -0.23   0.5
 0.36 -0.23   0.5
 0.36 -0.23   0.5
 0.36 -0.23   0.5
 0.36 -0.23   0.5
 0.36 -0.23   0.5
 0.36 -0.23   0.5
 0.36 -0.23   0.5
 0.36 -0.23   0.5
 0.36 -0.23   0.5
 0.36 -0.23   0.5
 0.36 -0.23   0.5
 0.36 -0.23   0.5
 0.36 -0.23   0.5
 0.36 -0.23   0.5
 0.36 -0.23   0.5
 0.36 -0.23   0.5
 0.36 -0.23   0.5
 0.36 -0.23   0.5
 0.36 -0.23   0.5
 0.36 -0.23   0.5
 0.36 -0.23   0.5
 0.36 -0.23   0.5
 0.36 -0.23   0.5
 0.36 -0.23   0.5
 0.36 -0.23   0.5
 0.36 -0.23   0.5
 0.36 -0.23   0.5
 0.36 -0.23   0.5
 0.36 -0.23   0.5
 0.36 -0.23   0.5
 0.36 -0.23   0.5
 0.36 -0.23   0.5
 0.36 -0.23   0.5
 0.36 -0.23   0.5
 0.36 -0.23   0.5
 0.36 -0.23   0.5
 0.36 -0.23   0.5
 0.36 -0.23   0.5
 0.36 -0.23   0.5
 0.36 -0.23   0.5
 0.36 -0.23   0.5
 0.36 -0.23   0.5
 0.36 -0.23   0.5
 0.36 -0.23   0.5
 0.36 -0.23   0.5
 0.36 -0.23   0.5
 0.36 -0.23   0.5
 0.36 -0.23   0.5
 0.36 -0.23   0.5
 0.36 -0.23   0.5
 0.36 -0.23   0.5
 0.36 -0.23   0.5
 0.36 -0.23   0.5
 0.36 -0.23   0.5
 0.36 -0.23   0.5
 0.36 -0.23   0.5
 0.36 -0.23   0.5
 0.36 -0.23   0.5
 0.36 -0.23   0.5
 0.36 -0.23   0.5
 0.36 -0.23   0.5
 0.36 -0.23   0.5
 0.36 -0.23   0.5
 0.36 -0.23   0.5
 0.36 -0.23   0.5
 0.36 -0.23   0.5
 0.36 -0.23   0.5
 0.36 -0.23   0.5
 0.36 -0.23   0.5
 0.36 -0.23   0.5
 0.36 -0.23   0.5
 0.36 -0.23   0.5
 0.36 -0.23   0.5
 0.36 -0.23   0.5
 0.36 -0.23   0.5
 0.36 -0.23   0.5
 0.36 -0.23   0.5
 0.36 -0.23   0.5
 0.36 -0.23   0.5
 0.36 -0.23   0.5
 0.36 -0.23   0.5
 0.36 -0.23   0.5
 0.36 -0.23   0.5
 0.36 -0.23   0.5
 0.36 -0.23   0.5
 0.36 -0.23   0.5
 0.36 -0.23   0.5
 0.36 -0.23   0.5
 0.36 -0.23   0.5
 0.36 -0.23   0.5
 0.36 -0.23   0.5
 0.36 -0.23   0.5
 0.36 -0.23   0.5
 0.36 -0.23   0.5
 0.36 -0.23   0.5
 0.36 -0.23   0.5
 0.36 -0.23   0.5
 0.36 -0.23   0.5
 0.36 -0.23   0.5
 0.36 -0.23   0.5
 0.36 -0.23   0.5
 0.36 -0.23   0.5
 0.36 -0.23   0.5
 0.36 -0.23   0.5
 0.36 -0.23   0.5
 0.36 -0.23   0.5
 0.36 -0.23   0.5
 0.36 -0.23   0.5
 0.36 -0.23   0.5
 0.36 -0.23   0.5
 0.36 -0.23   0.5
 0.36 -0.23   0.5
 0.36 -0.23   0.5
 0.36 -0.23   0.5
 0.36 -0.23   0.5
 0.36 -0.23   0.5
 0.36 -0.23   0.5
 0.36 -0.23   0.5
 0.36 -0.23   0.5
 0.36 -0.23   0.5
 0.36 -0.23   0.5
 0.36 -0.23   0.5
 0.36 -0.23   0.5
 0.36 -0.23   0.5
 0.36 -0.23   0.5
 0.36 -0.23   0.5
 0.36 -0.23   0.5
 0.36 -0.23   0.5
 0.36 -0.23   0.5
 0.36 -0.23   0.5
 0.36 -0.23   0.5
 0.36 -0.23   0.5
 0.36 -0.23   0.5
 0.36 -0.23   0.5
 0.36 -0.23   0.5
 0.36 -0.23   0.5
 0.36 -0.23   0.5
 0.36 -0.23   0.5
 0.36 -0.23   0.5
 0.36 -0.23   0.5
 0.36 -0.23   0.5
 0.36 -0.23   0.5
 0.36 -0.23   0.5
 0.36 -0.23   0.5
 0.36 -0.23   0.5
 0.36 -0.23   0.5
 0.36 -0.23   0.5
 0.36 -0.23   0.5
 0.36 -0.23   0.5
 0.36 -0.23   0.5
 0.36 -0.23   0.5
 0.36 -0.23   0.5
 0.36 -0.23   0.5
 0.36 -0.23   0.5
 0.36 -0.23   0.5
 0.36 -0.23   0.5
 0.36 -0.23   0.5
 0.36 -0.23   0.5
 0.36 -0.23   0.5
 0.36 -0.23   0.5
 0.36 -0.23   0.5
 0.36 -0.23   0.5
 0.36 -0.23   0.5
 0.36 -0.23   0.5
 0.36 -0.23   0.5
 0.36 -0.23   0.5
 0.36 -0.23   0.5
 0.36 -0.23   0.5
 0.36 -0.23   0.5
 0.36 -0.23   0.5
 0.36 -0.23   0.5
 0.36 -0.23   0.5
 0.36 -0.23   0.5
 0.36 -0.23   0.5
 0.36 -0.23   0.5
 0.36 -0.23   0.5
 0.36 -0.23   0.5
 0.36 -0.23   0.5
 0.36 -0.23   0.5
 0.36 -0.23   0.5
 0.36 -0.23   0.5
 0.36 -0.23   0.5
 0.36 -0.23   0.5
 0.36 -0.23   0.5
 0.36 -0.23   0.5
 0.36 -0.23   0.5
 0.36 -0.23   0.5
 0.36 -0.23   0.5
 0.36 -0.23   0.5
 0.36 -0.23   0.5
 0.36 -0.23   0.5
 0.36 -0.23   0.5
 0.36 -0.23   0.5
 0.36 -0.23   0.5
 0.36 -0.23   0.5
 0.36 -0.23   0.5
 0.36 -0.23   0.5
 0.36 -0.23   0.5
 0.36 -0.23   0.5
 0.36 -0.23   0.5
 0.36 -0.23   0.5
 0.36 -0.23   0.5
 0.36 -0.23   0.5
 0.36 -0.23   0.5
 0.36 -0.23   0.5
 0.36 -0.23   0.5
 0.36 -0.23   0.5
 0.36 -0.23   0.5
 0.36 -0.23   0.5
 0.36 -0.23   0.5
 0.36 -0.23   0.5
 0.36 -0.23   0.5
 0.36 -0.23   0.5
 0.36 -0.23   0.5
 0.36 -0.23   0.5
 0.36 -0.23   0.5
 0.36 -0.23   0.5
 0.36 -0.23   0.5
 0.36 -0.23   0.5
 0.36 -0.23   0.5
 0.36 -0.23   0.5
 0.36 -0.23   0.5
 0.36 -0.23   0.5
 0.36 -0.23   0.5
 0.36 -0.23   0.5
 0.36 -0.23   0.5
 0.36 -0.23   0.5
 0.36 -0.23   0.5
 0.36 -0.23   0.5
 0.36 -0.23   0.5
 0.36 -0.23   0.5
 0.36 -0.23   0.5
 0.36 -0.23   0.5
 0.36 -0.23   0.5
 0.36 -0.23   0.5
 0.36 -0.23   0.5
 0.36 -0.23   0.5
 0.36 -0.23   0.5
 0.36 -0.23   0.5
 0.36 -0.23   0.5
 0.36 -0.23   0.5
 0.36 -0.23   0.5
 0.36 -0.23   0.5
 0.36 -0.23   0.5
 0.36 -0.23   0.5
 0.36 -0.23   0.5
 0.36 -0.23   0.5
 0.36 -0.23   0.5
 0.36 -0.23   0.5
 0.36 -0.23   0.5
 0.36 -0.23   0.5
 0.36 -0.23   0.5
 0.36 -0.23   0.5
 0.36 -0.23   0.5
 0.36 -0.23   0.5
 0.36 -0.23   0.5
 0.36 -0.23   0.5
 0.36 -0.23   0.5
 0.36 -0.23   0.5
 0.36 -0.23   0.5
 0.36 -0.23   0.5
 0.36 -0.23   0.5
 0.36 -0.23   0.5
 0.36 -0.23   0.5
 0.36 -0.23   0.5
 0.36 -0.23   0.5
 0.36 -0.23   0.5
 0.36 -0.23   0.5
 0.36 -0.23   0.5
 0.36 -0.23   0.5
 0.36 -0.23   0.5
 0.36 -0.23   0.5
 0.36 -0.23   0.5
 0.36 -0.23   0.5
 0.36 -0.23   0.5
 0.36 -0.23   0.5
 0.36 -0.23   0.5
 0.36 -0.23   0.5
 0.36 -0.23   0.5
 0.36 -0.23   0.5
 0.36 -0.23   0.5
 0.36 -0.23   0.5
 0.36 -0.23   0.5
 0.36 -0.23   0.5
 0.36 -0.23   0.5
 0.36 -0.23   0.5
 0.36 -0.23   0.5
 0.36 -0.23   0.5
 0.36 -0.23   0.5
 0.36 -0.23   0.5
 0.36 -0.23   0.5
 0.36 -0.23   0.5
 0.36 -0.23   0.5
 0.36 -0.23   0.5
 0.36 -0.23   0.5
 0.36 -0.23   0.5
 0.36 -0.23   0.5
 0.36 -0.23   0.5
 0.36 -0.23   0.5
 0.36 -0.23   0.5
 0.36 -0.23   0.5
 0.36 -0.23   0.5
 0.36 -0.23   0.5
 0.36 -0.23   0.5
 0.36 -0.23   0.5
 0.36 -0.23   0.5
 0.36 -0.23   0.5
 0.36 -0.23   0.5
 0.36 -0.23   0.5
 0.36 -0.23   0.5
 0.36 -0.23   0.5
 0.36 -0.23   0.5
 0.36 -0.23   0.5
 0.36 -0.23   0.5
 0.36 -0.23   0.5
 0.36 -0.23   0.5
 0.36 -0.23   0.5
 0.36 -0.23   0.5
 0.36 -0.23   0.5
 0.36 -0.23   0.5
 0.36 -0.23   0.5
 0.36 -0.23   0.5
 0.36 -0.23   0.5
 0.36 -0.23   0.5
 0.36 -0.23   0.5
 0.36 -0.23   0.5
 0.36 -0.23   0.5
 0.36 -0.23   0.5
 0.36 -0.23   0.5
 0.36 -0.23   0.5
 0.36 -0.23   0.5
 0.36 -0.23   0.5
 0.36 -0.23   0.5
 0.36 -0.23   0.5
 0.36 -0.23   0.5
 0.36 -0.23   0.5
 0.36 -0.23   0.5
 0.36 -0.23   0.5
 0.36 -0.23   0.5
 0.36 -0.23   0.5
 0.36 -0.23   0.5
 0.36 -0.23   0.5
 0.36 -0.23   0.5
 0.36 -0.23   0.5
 0.36 -0.23   0.5
 0.36 -0.23   0.5
 0.36 -0.23   0.5
 0.36 -0.23   0.5
 0.36 -0.23   0.5
 0.36 -0.23   0.5
 0.36 -0.23   0.5
 0.36 -0.23   0.5
 0.36 -0.23   0.5
 0.36 -0.23   0.5
 0.36 -0.23   0.5
 0.36 -0.23   0.5
 0.36 -0.23   0.5
 0.36 -0.23   0.5
 0.36 -0.23   0.5
 0.36 -0.23   0.5
 0.36 -0.23   0.5
 0.36 -0.23   0.5
 0.36 -0.23   0.5
 0.36 -0.23   0.5
 0.36 -0.23   0.5
 0.36 -0.23   0.5
 0.36 -0.23   0.5
 0.36 -0.23   0.5
 0.36 -0.23   0.5
 0.36 -0.23   0.5
 0.36 -0.23   0.5
 0.36 -0.23   0.5
 0.36 -0.23   0.5
 0.36 -0.23   0.5
 0.36 -0.23   0.5
 0.36 -0.23   0.5
 0.36 -0.23   0.5
 0.36 -0.23   0.5
 0.36 -0.23   0.5
 0.36 -0.23   0.5
 0.36 -0.23   0.5
 0.36 -0.23   0.5
 0.36 -0.23   0.5
 0.36 -0.23   0.5
 0.36 -0.23   0.5
 0.36 -0.23   0.5
 0.36 -0.23   0.5
 0.36 -0.23   0.5
 0.36 -0.23   0.5
 0.36 -0.23   0.5
 0.36 -0.23   0.5
 0.36 -0.23   0.5
 0.36 -0.23   0.5
 0.36 -0.23   0.5
 0.36 -0.23   0.5
 0.36 -0.23   0.5
 0.36 -0.23   0.5
 0.36 -0.23   0.5
 0.36 -0.23   0.5
 0.36 -0.23   0.5
 0.36 -0.23   0.5
 0.36 -0.23   0.5
 0.36 -0.23   0.5
 0.36 -0.23   0.5
 0.36 -0.23   0.5
 0.36 -0.23   0.5
 0.36 -0.23   0.5
 0.36 -0.23   0.5
 0.36 -0.23   0.5
 0.36 -0.23   0.5
 0.36 -0.23   0.5
 0.36 -0.23   0.5
 0.36 -0.23   0.5
 0.36 -0.23   0.5
 0.36 -0.23   0.5
 0.36 -0.23   0.5
 0.36 -0.23   0.5
 0.36 -0.23   0.5
 0.36 -0.23   0.5
 0.36 -0.23   0.5
 0.36 -0.23   0.5
 0.36 -0.23   0.5
 0.36 -0.23   0.5
 0.36 -0.23   0.5
 0.36 -0.23   0.5
 0.36 -0.23   0.5
 0.36 -0.23   0.5
 0.36 -0.23   0.5
 0.36 -0.23   0.5
 0.36 -0.23   0.5
 0.36 -0.23   0.5
 0.36 -0.23   0.5
 0.36 -0.23   0.5
 0.36 -0.23   0.5
 0.36 -0.23   0.5
 0.36 -0.23   0.5
 0.36 -0.23   0.5
 0.36 -0.23   0.5
 0.36 -0.23   0.5
 0.36 -0.23   0.5
 0.36 -0.23   0.5
 0.36 -0.23   0.5
 0.36 -0.23   0.5
 0.36 -0.23   0.5
 0.36 -0.23   0.5
 0.36 -0.23   0.5
 0.36 -0.23   0.5
 0.36 -0.23   0.5
