 0.268849 -0.326831  0.609323
 0.268845 -0.326833  0.609337
 0.268842 -0.326838  0.609345
 0.268844 -0.326837  0.609362
 0.268847 -0.326838  0.609374
 0.268855 -0.326831  0.609396
 0.268868 -0.326823  0.609422
 0.268884 -0.326815  0.609448
   0.2689 -0.326801  0.609478
  0.26892 -0.326792  0.609506
 0.268945 -0.326775  0.609542
 0.268972 -0.326757   0.60958
 0.269002 -0.326735  0.609622
 0.269034 -0.326709  0.609665
 0.269066 -0.326685  0.609705
 0.269099 -0.326659  0.609749
 0.269131 -0.326634  0.609789
 0.269167 -0.326606  0.609834
   0.2692 -0.326579  0.609873
 0.269233 -0.326552  0.609913
 0.269266 -0.326532  0.609948
 0.269298 -0.326504  0.609985
 0.269327 -0.326475  0.610023
 0.269357 -0.326448  0.610056
 0.269386 -0.326422   0.61009
 0.269414 -0.326394  0.610119
 0.269443 -0.326368   0.61015
 0.269471 -0.326343  0.610172
 0.269498 -0.326317  0.610196
 0.269525 -0.326285  0.610223
 0.269553 -0.326259  0.610243
0.269583 -0.32623 0.610265
 0.269613 -0.326196  0.610285
 0.269645 -0.326165  0.610305
  0.26968 -0.326132  0.610318
 0.269715 -0.326095  0.610334
 0.269755 -0.326056   0.61035
 0.269798 -0.326018  0.610362
0.269843 -0.32597 0.610378
 0.269891 -0.325925  0.610388
 0.269945 -0.325874  0.610401
 0.269999 -0.325819  0.610409
0.270059 -0.32576 0.610418
0.270124  -0.3257 0.610424
 0.270191 -0.325633   0.61043
 0.270259 -0.325555  0.610428
 0.270341 -0.325469  0.610433
  0.27042 -0.325389  0.610434
 0.270501 -0.325302  0.610431
 0.270586 -0.325212  0.610429
 0.270676 -0.325119  0.610425
 0.270765 -0.325017  0.610415
 0.270858 -0.324913  0.610401
 0.270952 -0.324802  0.610384
 0.271048 -0.324689  0.610364
 0.271145 -0.324569  0.610338
 0.271244 -0.324446  0.610311
 0.271343 -0.324318  0.610275
 0.271444 -0.324186  0.610237
 0.271545 -0.324048  0.610195
 0.271643 -0.323901  0.610135
 0.271745 -0.323753  0.610085
 0.271848 -0.323602  0.610027
 0.271951 -0.323445  0.609967
 0.272054 -0.323285  0.609898
 0.272169 -0.323104   0.60983
 0.272272 -0.322935  0.609749
0.272377 -0.32276 0.609666
 0.272486 -0.322585  0.609583
 0.272591 -0.322397  0.609491
 0.272698 -0.322206  0.609396
 0.272804 -0.322008  0.609294
 0.272913 -0.321806  0.609191
 0.273021 -0.321598  0.609078
  0.27313 -0.321386  0.608963
 0.273242 -0.321166  0.608846
 0.273354 -0.320942  0.608722
 0.273469 -0.320711  0.608597
 0.273584 -0.320476  0.608465
 0.273702 -0.320235  0.608331
 0.273821 -0.319986  0.608192
 0.273944 -0.319733  0.608054
 0.274067 -0.319473  0.607906
 0.274193 -0.319208  0.607757
 0.274322 -0.318936  0.607606
0.274452 -0.31866  0.60745
 0.274586 -0.318376  0.607294
 0.274721 -0.318089  0.607131
  0.27486 -0.317794  0.606971
 0.274999 -0.317496    0.6068
  0.27514 -0.317193  0.606629
 0.275285 -0.316882  0.606457
 0.275431 -0.316568   0.60628
0.275573 -0.31624 0.606085
 0.275722 -0.315916  0.605901
 0.275874 -0.315585  0.605719
 0.276039 -0.315235  0.605523
 0.276195 -0.314894  0.605336
  0.27635 -0.314552  0.605137
 0.276517 -0.314191  0.604943
 0.276676 -0.313839  0.604742
 0.276836 -0.313481  0.604537
 0.276997 -0.313121  0.604331
 0.277158 -0.312756  0.604119
 0.277321 -0.312387  0.603907
 0.277484 -0.312014  0.603687
 0.277647 -0.311638  0.603466
 0.277813 -0.311258   0.60324
 0.277978 -0.310872  0.603013
 0.278144 -0.310483  0.602782
 0.278311 -0.310088  0.602547
 0.27848 -0.30969  0.60231
 0.278648 -0.309287  0.602067
 0.278818 -0.308881  0.601822
  0.27898 -0.308461  0.601556
 0.279152 -0.308046  0.601303
 0.279324 -0.307628   0.60105
 0.279512 -0.307182  0.600785
 0.279672 -0.306776  0.600534
 0.279861 -0.306322  0.600264
 0.280038 -0.305887  0.600002
 0.280225 -0.305439  0.599732
 0.280402 -0.304998  0.599462
 0.280579 -0.304553  0.599192
 0.280756 -0.304107  0.598919
 0.280934 -0.303656  0.598646
 0.281111 -0.303206  0.598368
  0.28129 -0.302751  0.598094
 0.281466 -0.302296  0.597812
 0.281643 -0.301841   0.59753
  0.28182 -0.301381  0.597249
 0.281997 -0.300922  0.596964
 0.282173 -0.300459   0.59668
 0.282349 -0.299997  0.596392
 0.282516 -0.299523  0.596086
 0.282691 -0.299058  0.595795
 0.282868 -0.298591  0.595507
 0.283042 -0.298122  0.595213
 0.283217 -0.297652  0.594919
 0.283407 -0.297156  0.594618
 0.283581 -0.296683  0.594321
0.283756 -0.29621 0.594026
  0.28393 -0.295733  0.593729
 0.284118 -0.295234  0.593435
 0.284291 -0.294757  0.593134
 0.284465 -0.294277  0.592835
 0.284638 -0.293797  0.592535
 0.284811 -0.293318  0.592232
 0.284983 -0.292834  0.591932
 0.285155 -0.292353  0.591628
 0.285327 -0.291867  0.591327
 0.285488 -0.291377     0.591
 0.285658 -0.290893  0.590697
 0.285828 -0.290406  0.590389
 0.285998 -0.289918  0.590082
0.286167 -0.28943 0.589776
 0.286336 -0.288941  0.589468
 0.286506 -0.288449  0.589161
 0.286675 -0.287958  0.588851
 0.286845 -0.287466  0.588543
 0.287013 -0.286971  0.588231
0.287196 -0.28645 0.587911
 0.287365 -0.285952  0.587601
 0.287535 -0.285454   0.58729
 0.287719 -0.284933  0.586982
 0.287882 -0.284443  0.586662
  0.28805 -0.283941  0.586352
 0.288216 -0.283443  0.586037
 0.288383 -0.282939  0.585728
 0.288547 -0.282441   0.58541
 0.288711 -0.281941  0.585096
 0.288874 -0.281438  0.584784
 0.289037 -0.280938  0.584468
 0.289199 -0.280434  0.584156
0.289349 -0.27993 0.583819
 0.289511 -0.279429  0.583507
  0.28967 -0.278926   0.58319
 0.289829 -0.278425  0.582874
 0.289988 -0.277921   0.58256
0.290146 -0.27742 0.582244
 0.290305 -0.276918   0.58193
 0.290462 -0.276413  0.581615
 0.29062 -0.27591 0.581301
 0.290777 -0.275405  0.580986
0.290935  -0.2749 0.580675
  0.29109 -0.274397  0.580356
 0.291261 -0.273864  0.580041
 0.291417 -0.273358   0.57972
 0.291572 -0.272851  0.579406
 0.291741 -0.272321  0.579091
0.291882 -0.27184 0.578778
 0.292038 -0.271332  0.578469
  0.29219 -0.270827  0.578153
 0.292355 -0.270296  0.577838
 0.292508 -0.269791  0.577525
 0.292657 -0.269285  0.577213
 0.292807 -0.268782  0.576901
 0.292956 -0.268277  0.576588
 0.293106 -0.267774  0.576278
 0.293251 -0.267274  0.575963
 0.293398 -0.266771  0.575652
 0.293544 -0.266271   0.57534
 0.293689 -0.265769  0.575029
 0.293834 -0.265266  0.574719
 0.293978 -0.264767  0.574407
 0.294122 -0.264264  0.574099
 0.294264 -0.263767  0.573786
 0.294397 -0.263265  0.573462
 0.294538 -0.262763  0.573151
 0.294681 -0.262263  0.572841
 0.294823 -0.261762  0.572532
 0.294966 -0.261258  0.572224
 0.295108 -0.260756  0.571917
  0.29525 -0.260252   0.57161
 0.295392 -0.259752  0.571304
 0.295533 -0.259249  0.570996
 0.295687 -0.258715  0.570681
 0.295828 -0.258212  0.570376
  0.29597 -0.257709  0.570071
 0.296112 -0.257201  0.569768
 0.296252 -0.256699  0.569463
 0.296393 -0.256193  0.569163
 0.296531 -0.255694  0.568857
0.296683 -0.25517 0.568553
  0.29682 -0.254671  0.568248
0.296944 -0.25419 0.567953
 0.297094 -0.253674  0.567645
 0.297227 -0.253176  0.567345
 0.297361 -0.252679  0.567048
0.297483 -0.25219 0.566731
 0.297615 -0.251699  0.566435
 0.297744 -0.251209  0.566135
 0.297873 -0.250723  0.565838
 0.298002 -0.250241  0.565541
 0.298129 -0.249757  0.565246
 0.298255 -0.249275  0.564954
  0.29838 -0.248799   0.56466
 0.298506 -0.248323  0.564369
 0.298628 -0.247849  0.564078
 0.298752 -0.247376  0.563793
0.298873 -0.24691 0.563501
 0.298993 -0.246446  0.563214
 0.299114 -0.245981   0.56293
 0.299233 -0.245523  0.562645
0.299364 -0.24504 0.562354
 0.299481 -0.244585  0.562073
 0.299598 -0.244133  0.561797
 0.299713 -0.243688  0.561516
 0.299839 -0.243217  0.561236
 0.299953 -0.242777  0.560962
 0.300065 -0.242342  0.560688
 0.300177 -0.241912  0.560417
 0.300277 -0.241492  0.560134
 0.300387 -0.241071  0.559868
 0.300494 -0.240654    0.5596
 0.300602 -0.240239  0.559341
 0.300706 -0.239833  0.559074
 0.300801 -0.239454  0.558818
 0.300913 -0.239049  0.558572
 0.301018 -0.238635  0.558298
 0.301111 -0.238271  0.558048
 0.301211 -0.237885  0.557793
 0.301311 -0.237498  0.557546
  0.30141 -0.237119  0.557294
 0.301508 -0.236744  0.557045
 0.301616 -0.236346  0.556795
 0.301713 -0.235975   0.55655
0.301811 -0.23561 0.556308
 0.301907 -0.235246  0.556066
 0.302003 -0.234886   0.55583
 0.302098 -0.234532   0.55559
 0.302193 -0.234179  0.555354
 0.302287 -0.233829  0.555121
 0.302381 -0.233485  0.554889
 0.302474 -0.233146   0.55466
 0.302565 -0.232807  0.554432
 0.302658 -0.232469  0.554212
 0.302745 -0.232165  0.553996
 0.302834 -0.231842  0.553773
0.302922 -0.23152 0.553556
  0.30301 -0.231206  0.553338
 0.303098 -0.230899  0.553122
 0.303183 -0.230591  0.552909
  0.30327 -0.230291  0.552699
 0.303353 -0.229997  0.552487
 0.303433 -0.229714  0.552276
0.303519 -0.22942 0.552075
   0.3036 -0.229141  0.551871
 0.303681 -0.228864  0.551671
 0.303761 -0.228596  0.551469
  0.30384 -0.228329  0.551275
 0.303912 -0.228089  0.551084
  0.30399 -0.227833  0.550894
0.304064 -0.22758 0.550702
 0.304139 -0.227335  0.550513
 0.304214 -0.227095  0.550327
 0.304288 -0.226858  0.550143
 0.304367 -0.226609  0.549956
 0.304439 -0.226384  0.549775
 0.304515 -0.226151  0.549589
 0.304586 -0.225936  0.549412
 0.304659 -0.225721  0.549244
 0.304728 -0.225515   0.54907
 0.304797 -0.225311  0.548903
 0.304867 -0.225114  0.548738
 0.304935 -0.224922  0.548574
 0.305004 -0.224732  0.548415
0.305071 -0.22455 0.548255
 0.305139 -0.224371  0.548102
 0.305204 -0.224197  0.547947
 0.30527 -0.22403 0.547795
 0.305335 -0.223867  0.547647
 0.305399 -0.223706  0.547501
 0.305464 -0.223553  0.547357
 0.305527 -0.223404  0.547214
  0.30559 -0.223257  0.547078
 0.305651 -0.223118  0.546938
0.305713 -0.22298 0.546803
0.305774 -0.22285  0.54667
 0.305834 -0.222723  0.546538
 0.305897 -0.222587  0.546407
 0.305955 -0.222482  0.546277
 0.306014 -0.222369  0.546154
 0.306071 -0.222259  0.546031
 0.306131 -0.222147  0.545906
 0.306187 -0.222046  0.545786
 0.306242 -0.221951   0.54567
 0.306298 -0.221857  0.545557
 0.306352 -0.221771  0.545445
 0.306407 -0.221687  0.545336
 0.306459 -0.221605  0.545228
 0.306514 -0.221529  0.545125
 0.306565 -0.221457  0.545019
 0.306617 -0.221386  0.544918
0.306669 -0.22132 0.544819
 0.306721 -0.221258  0.544721
 0.306772 -0.221195  0.544626
 0.306823 -0.221137  0.544531
 0.306875 -0.221079  0.544441
 0.306925 -0.221027  0.544348
 0.306977 -0.220974  0.544262
 0.307026 -0.220923  0.544172
 0.307077 -0.220875  0.544085
 0.307127 -0.220829     0.544
 0.307177 -0.220782  0.543917
 0.307229 -0.220737  0.543836
 0.307278 -0.220695  0.543754
 0.30733 -0.22065 0.543678
0.307379 -0.22061 0.543597
 0.307429 -0.220571   0.54352
 0.30748 -0.22053 0.543445
  0.30753 -0.220492  0.543371
  0.30758 -0.220453  0.543299
  0.30763 -0.220418  0.543226
  0.30768 -0.220383  0.543157
 0.307729 -0.220348  0.543087
 0.307778 -0.220316  0.543018
 0.307827 -0.220286  0.542951
 0.307876 -0.220254  0.542885
 0.307925 -0.220226  0.542821
0.307973  -0.2202 0.542756
 0.308022 -0.220172  0.542696
 0.308069 -0.220148  0.542632
 0.308118 -0.220125  0.542575
 0.308163 -0.220103  0.542513
  0.30821 -0.220084  0.542454
 0.308257 -0.220064  0.542397
 0.308303 -0.220048   0.54234
 0.308349 -0.220032  0.542285
 0.308394 -0.220016   0.54223
  0.30844 -0.220003  0.542179
 0.308484 -0.219992  0.542123
0.308528 -0.21998 0.542071
 0.308573 -0.219971   0.54202
 0.308617 -0.219963  0.541969
 0.308662 -0.219953  0.541921
 0.308705 -0.219946  0.541871
 0.308749 -0.219938  0.541826
 0.308792 -0.219934  0.541776
 0.308835 -0.219929  0.541729
 0.308879 -0.219922  0.541684
 0.308922 -0.219918  0.541639
 0.308965 -0.219914  0.541594
 0.309008 -0.219909  0.541551
 0.309052 -0.219905  0.541509
 0.309094 -0.219903  0.541464
 0.309139 -0.219897  0.541427
  0.30918 -0.219895  0.541382
 0.309223 -0.219893   0.54134
 0.309266 -0.219888  0.541301
 0.309308 -0.219885  0.541261
0.309352 -0.21988 0.541224
 0.309394 -0.219878  0.541184
 0.309438 -0.219876  0.541148
 0.309479 -0.219872  0.541109
 0.309521 -0.219871  0.541071
0.309564 -0.21987 0.541035
 0.309605 -0.219866  0.540999
 0.309648 -0.219865  0.540965
 0.309689 -0.219866  0.540928
 0.309731 -0.219863  0.540897
 0.309772 -0.219864   0.54086
 0.309812 -0.219863  0.540827
 0.309854 -0.219864  0.540794
 0.309894 -0.219866   0.54076
 0.309935 -0.219866  0.540729
 0.309974 -0.219869  0.540696
 0.310015 -0.219872  0.540666
 0.310054 -0.219874  0.540634
 0.310095 -0.219877  0.540606
 0.310132 -0.219883  0.540572
 0.310171 -0.219886  0.540542
  0.31021 -0.219891  0.540512
 0.310249 -0.219895  0.540483
 0.310288 -0.219901  0.540454
 0.310325 -0.219908  0.540424
 0.310364 -0.219911  0.540398
 0.310401 -0.219919  0.540367
 0.310438 -0.219926  0.540339
 0.310476 -0.219931  0.540312
 0.310513 -0.219938  0.540284
 0.310551 -0.219945  0.540257
0.310588 -0.21995  0.54023
 0.310626 -0.219956  0.540205
 0.310662 -0.219962  0.540177
 0.310699 -0.219969   0.54015
 0.310736 -0.219976  0.540124
 0.310773 -0.219981  0.540099
 0.310812 -0.219997  0.540075
 0.310849 -0.220004  0.540049
 0.310886 -0.220008  0.540026
 0.310922 -0.220015      0.54
 0.31096 -0.22002 0.539977
 0.310995 -0.220025  0.539951
 0.311031 -0.220031  0.539926
 0.311068 -0.220034  0.539903
 0.311104 -0.220041  0.539878
  0.31114 -0.220046  0.539855
 0.311176 -0.220049  0.539831
 0.311213 -0.220054   0.53981
 0.311247 -0.220061  0.539784
 0.311283 -0.220064  0.539761
 0.311318 -0.220067  0.539737
 0.311353 -0.220074  0.539713
 0.311389 -0.220077  0.539692
 0.311423 -0.220084  0.539668
 0.311458 -0.220088  0.539648
 0.311494 -0.220084  0.539623
  0.31153 -0.220088  0.539605
  0.31156 -0.220108   0.53958
 0.311596 -0.220105  0.539557
  0.31163 -0.220111  0.539537
0.311663 -0.22012 0.539515
 0.311697 -0.220126  0.539496
 0.311729 -0.220136  0.539473
 0.311763 -0.220145  0.539455
 0.311795 -0.220154  0.539432
 0.311827 -0.220164  0.539411
  0.31186 -0.220174  0.539391
 0.311892 -0.220183  0.539371
 0.311925 -0.220193  0.539352
 0.311956 -0.220205   0.53933
 0.311989 -0.220212  0.539313
  0.31202 -0.220223  0.539291
 0.312052 -0.220231  0.539272
 0.312086 -0.220252  0.539253
 0.312118 -0.220261  0.539233
  0.31215 -0.220268  0.539215
 0.312181 -0.220278  0.539194
 0.312214 -0.220286  0.539176
 0.312245 -0.220293  0.539156
0.312278  -0.2203 0.539139
 0.312309 -0.220308  0.539116
  0.31234 -0.220313  0.539097
0.312372 -0.22032 0.539078
 0.312404 -0.220324  0.539059
0.312436 -0.22033  0.53904
 0.312467 -0.220337   0.53902
 0.312499 -0.220339  0.539003
 0.312529 -0.220346  0.538982
  0.31256 -0.220352  0.538962
 0.312592 -0.220355  0.538944
 0.312622 -0.220361  0.538924
 0.312653 -0.220365  0.538907
 0.312683 -0.220372  0.538886
 0.312715 -0.220376  0.538867
 0.312745 -0.220379  0.538845
 0.312777 -0.220385   0.53883
 0.312805 -0.220391  0.538808
 0.312834 -0.220399  0.538789
 0.312864 -0.220404  0.538773
 0.312893 -0.220413  0.538753
0.312924 -0.22043 0.538737
 0.312953 -0.220437  0.538719
 0.312983 -0.220445  0.538703
  0.31301 -0.220455  0.538683
 0.313039 -0.220462  0.538666
 0.313065 -0.220486  0.538652
  0.31309 -0.220481  0.538639
 0.313118 -0.220478  0.538623
 0.313145 -0.220488  0.538603
 0.313175 -0.220495  0.538589
 0.313202 -0.220503  0.538569
  0.31323 -0.220511  0.538551
 0.313259 -0.220519  0.538534
 0.313287 -0.220525  0.538517
 0.313316 -0.220532  0.538501
 0.313343 -0.220538  0.538483
 0.313373 -0.220545  0.538468
   0.3134 -0.220553  0.538447
 0.313427 -0.220558   0.53843
 0.313456 -0.220565  0.538413
 0.313483 -0.220573  0.538395
 0.313512 -0.220577   0.53838
 0.313539 -0.220584  0.538361
 0.313567 -0.220588  0.538347
 0.313594 -0.220596  0.538327
 0.313624 -0.220611  0.538314
  0.31365 -0.220617  0.538294
 0.313677 -0.220624  0.538277
0.313705 -0.22063  0.53826
 0.313731 -0.220635  0.538244
0.313759 -0.22064 0.538226
 0.313785 -0.220645  0.538209
 0.313813 -0.220651  0.538194
 0.313839 -0.220658  0.538175
 0.313865 -0.220663  0.538159
 0.313892 -0.220669  0.538143
 0.313919 -0.220676  0.538125
 0.313946 -0.220678  0.538108
 0.313972 -0.220683  0.538092
    0.314 -0.220689  0.538078
 0.314025 -0.220696  0.538059
 0.314051 -0.220701  0.538043
 0.314077 -0.220707  0.538028
 0.314103 -0.220714  0.538011
 0.314129 -0.220719  0.537997
 0.314154 -0.220726   0.53798
0.314181 -0.22073 0.537966
 0.314207 -0.220746   0.53795
 0.314234 -0.220752  0.537936
 0.314258 -0.220758  0.537919
 0.314283 -0.220765  0.537903
 0.314308 -0.220773  0.537887
 0.314333 -0.220778  0.537872
 0.314359 -0.220784  0.537857
 0.314383 -0.220789  0.537842
  0.31441 -0.220795  0.537828
 0.314433 -0.220801  0.537808
 0.314458 -0.220806  0.537793
 0.314483 -0.220812  0.537778
 0.314507 -0.220818  0.537761
 0.314532 -0.220822  0.537747
 0.314557 -0.220828  0.537731
 0.314582 -0.220831  0.537718
 0.314606 -0.220837  0.537701
 0.314632 -0.220842  0.537689
 0.314657 -0.220836  0.537671
0.314681 -0.22084 0.537657
 0.314706 -0.220846  0.537642
  0.31473 -0.220852  0.537626
 0.314755 -0.220856  0.537613
 0.314779 -0.220871  0.537597
 0.314804 -0.220877  0.537584
 0.314827 -0.220882  0.537568
  0.31485 -0.220889  0.537552
 0.314874 -0.220894  0.537539
 0.314897 -0.220902  0.537523
 0.314921 -0.220909  0.537509
 0.314944 -0.220914  0.537493
 0.314968 -0.220921  0.537479
  0.31499 -0.220929  0.537463
 0.315015 -0.220933  0.537453
 0.315036 -0.220942  0.537435
 0.315059 -0.220947   0.53742
 0.315082 -0.220955  0.537406
 0.315106 -0.220959   0.53739
 0.315129 -0.220965  0.537377
 0.315151 -0.220973  0.537363
 0.315175 -0.220979  0.537351
 0.315197 -0.220984  0.537335
  0.31522 -0.220987  0.537319
 0.315242 -0.220993  0.537309
 0.315266 -0.220998   0.53729
  0.31529 -0.221001  0.537278
 0.315311 -0.221007  0.537264
 0.315335 -0.221012  0.537252
 0.315357 -0.221015  0.537234
  0.31538 -0.221019   0.53722
 0.315403 -0.221022  0.537207
 0.315425 -0.221027  0.537192
 0.315449 -0.221039  0.537179
 0.315471 -0.221042  0.537165
 0.315494 -0.221046  0.537152
 0.315515 -0.221052  0.537137
 0.315539 -0.221053  0.537126
  0.31556 -0.221059  0.537109
 0.315582 -0.221061  0.537096
 0.315604 -0.221066  0.537082
0.315625 -0.22107 0.537066
 0.315648 -0.221072  0.537054
 0.315669 -0.221077  0.537039
 0.315692 -0.221082  0.537027
 0.315713 -0.221085  0.537012
0.315734 -0.22109 0.536998
 0.315756 -0.221093  0.536985
 0.315777 -0.221099  0.536973
 0.315799 -0.221104   0.53696
  0.31582 -0.221108  0.536946
 0.315842 -0.221112  0.536935
 0.315862 -0.221118  0.536917
 0.315883 -0.221122  0.536904
 0.315904 -0.221128  0.536891
 0.315925 -0.221132  0.536878
 0.315947 -0.221137  0.536866
 0.315969 -0.221132  0.536854
 0.315992 -0.221137  0.536843
0.316012 -0.22115 0.536828
 0.316032 -0.221157  0.536815
 0.316053 -0.221163  0.536802
 0.316073 -0.221167  0.536789
 0.316095 -0.221173  0.536777
0.316114 -0.22118 0.536763
 0.316136 -0.221183  0.536754
0.316155 -0.22119 0.536737
 0.316175 -0.221193  0.536722
 0.316196 -0.221199   0.53671
 0.316215 -0.221206  0.536696
 0.316237 -0.221209  0.536686
 0.316256 -0.221215   0.53667
 0.316276 -0.221221  0.536657
 0.316296 -0.221224  0.536645
 0.316316 -0.221229  0.536632
 0.316337 -0.221232  0.536621
 0.316356 -0.221237  0.536606
 0.316378 -0.221241  0.536597
 0.316397 -0.221244  0.536581
 0.316417 -0.221256  0.536569
 0.316439 -0.221258  0.536556
 0.316458 -0.221263  0.536543
 0.316479 -0.221264  0.536532
 0.316498 -0.221269  0.536518
 0.316518 -0.221273  0.536505
 0.316538 -0.221274  0.536493
 0.316558 -0.221278   0.53648
 0.316578 -0.221281  0.536466
 0.316597 -0.221283  0.536453
 0.316618 -0.221286  0.536443
 0.316636 -0.221288  0.536428
 0.316656 -0.221292  0.536415
 0.316676 -0.221295  0.536403
 0.316695 -0.221297  0.536391
0.316715  -0.2213  0.53638
 0.316734 -0.221305  0.536366
 0.316753 -0.221307  0.536354
 0.316773 -0.221318  0.536343
 0.316794 -0.221311  0.536333
 0.316814 -0.221315  0.536321
 0.316832 -0.221318  0.536309
 0.316852 -0.221322  0.536299
  0.31687 -0.221326  0.536285
 0.316888 -0.221332  0.536273
 0.316907 -0.221337  0.536261
 0.316926 -0.221341  0.536249
 0.316945 -0.221347  0.536238
 0.316962 -0.221353  0.536225
 0.316982 -0.221355  0.536215
 0.316999 -0.221363  0.536199
 0.317017 -0.221368   0.53619
 0.317036 -0.221374  0.536179
0.317053 -0.22138 0.536166
 0.317073 -0.221383  0.536157
 0.31709 -0.22139 0.536143
 0.317108 -0.221396   0.53613
 0.317126 -0.221399   0.53612
 0.317144 -0.221405  0.536107
 0.317163 -0.221408  0.536097
  0.31718 -0.221413  0.536084
 0.317201 -0.221417  0.536075
0.317217 -0.22142 0.536061
 0.317235 -0.221425  0.536049
 0.317253 -0.221428  0.536033
0.317271 -0.22143 0.536021
  0.31729 -0.221433  0.536011
 0.317307 -0.221435  0.535998
 0.317325 -0.221439  0.535986
 0.317344 -0.221442  0.535974
0.317362 -0.22145 0.535963
 0.317381 -0.221453  0.535952
 0.317398 -0.221456  0.535937
 0.317418 -0.221456  0.535929
0.317434 -0.22146 0.535915
 0.317452 -0.221461  0.535904
  0.31747 -0.221464  0.535893
 0.317488 -0.221468  0.535881
 0.317506 -0.221468  0.535872
 0.317523 -0.221472  0.535859
 0.317541 -0.221476  0.535847
 0.317559 -0.221476  0.535837
 0.317577 -0.221478  0.535826
 0.317595 -0.221481  0.535816
 0.317612 -0.221486  0.535803
  0.31763 -0.221486  0.535796
 0.317646 -0.221491  0.535782
 0.317662 -0.221496  0.535772
 0.317681 -0.221497  0.535761
 0.317697 -0.221502   0.53575
 0.317715 -0.221504  0.535741
 0.317731 -0.221509  0.535729
 0.317748 -0.221514  0.535717
 0.317765 -0.221517  0.535708
 0.317782 -0.221522  0.535696
 0.317799 -0.221524  0.535688
0.317815 -0.22153 0.535676
 0.317833 -0.221534  0.535668
 0.317853 -0.221544  0.535678
 0.317862 -0.221542  0.535646
 0.317879 -0.221552  0.535637
 0.317895 -0.221557  0.535625
 0.317913 -0.221561  0.535616
 0.317929 -0.221564  0.535604
 0.317945 -0.221568  0.535591
 0.317962 -0.221571  0.535581
 0.317978 -0.221575   0.53557
 0.317995 -0.221579   0.53556
 0.318011 -0.221581  0.535548
 0.318029 -0.221584  0.535541
 0.318044 -0.221589  0.535526
  0.31806 -0.221591  0.535516
 0.318077 -0.221594  0.535506
 0.318093 -0.221596  0.535495
 0.318111 -0.221598  0.535487
 0.318126 -0.221603  0.535474
 0.318143 -0.221604  0.535464
 0.318159 -0.221607  0.535453
 0.318175 -0.221608  0.535443
 0.318193 -0.221611  0.535434
 0.318208 -0.221615  0.535422
 0.318229 -0.221606  0.535418
 0.318243 -0.221609  0.535405
 0.318259 -0.221613  0.535394
 0.318275 -0.221616  0.535385
 0.318291 -0.221618  0.535374
 0.318308 -0.221628  0.535366
 0.318323 -0.221633  0.535354
 0.318339 -0.221635  0.535344
 0.318354 -0.221639  0.535334
 0.318369 -0.221641  0.535322
 0.318385 -0.221645  0.535313
   0.3184 -0.221651  0.535301
 0.318417 -0.221652  0.535294
 0.318431 -0.221658  0.535282
 0.318447 -0.221661  0.535274
 0.318462 -0.221666  0.535262
0.318477 -0.22167 0.535251
 0.318493 -0.221672  0.535244
 0.318508 -0.221677  0.535232
 0.318523 -0.221682  0.535221
 0.318538 -0.221683  0.535212
 0.318554 -0.221685  0.535202
  0.31857 -0.221689  0.535193
 0.318584 -0.221693  0.535182
 0.318601 -0.221696  0.535175
 0.318616 -0.221698  0.535163
0.318631  -0.2217 0.535153
 0.318647 -0.221703  0.535144
 0.318661 -0.221707  0.535133
 0.318678 -0.221714  0.535125
 0.318692 -0.221718  0.535114
  0.31871 -0.221718  0.535108
 0.318723 -0.221723  0.535095
 0.318738 -0.221726  0.535082
 0.318753 -0.221727  0.535074
0.318768 -0.22173 0.535063
 0.318784 -0.221734  0.535055
 0.318798 -0.221736  0.535044
 0.318813 -0.221739  0.535034
0.318828 -0.22174 0.535026
 0.318843 -0.221743  0.535016
 0.318858 -0.221747  0.535007
 0.318873 -0.221748  0.534997
0.318889 -0.22175  0.53499
 0.318902 -0.221753  0.534978
 0.318917 -0.221756  0.534968
0.318932 -0.22176 0.534959
 0.318947 -0.221761  0.534949
 0.318965 -0.221753  0.534945
 0.318978 -0.221758  0.534933
 0.318993 -0.221767  0.534924
 0.319008 -0.221769  0.534915
 0.319022 -0.221773  0.534905
 0.319037 -0.221777  0.534896
 0.319051 -0.221779  0.534886
