0.0165423 -0.105355  0.508499
0.0165423 -0.105355  0.508499
0.0165428 -0.105355  0.508497
0.0165445 -0.105355  0.508489
0.0165474 -0.105354  0.508476
0.0165513 -0.105354  0.508459
0.0165564 -0.105353  0.508436
0.0165626 -0.105352  0.508408
 0.01657 -0.10535 0.508375
0.0165785 -0.105349  0.508337
0.0165881 -0.105347  0.508294
0.0165989 -0.105345  0.508246
0.0166107 -0.105343  0.508193
0.0166238 -0.105341  0.508135
0.0166379 -0.105339  0.508072
0.0166532 -0.105336  0.508003
0.0166696 -0.105333   0.50793
0.0166872  -0.10533  0.507851
0.0167059 -0.105327  0.507768
0.0167257 -0.105324  0.507679
0.0167465  -0.10532  0.507586
0.0167686 -0.105316  0.507487
0.0167918 -0.105312  0.507384
0.0168161 -0.105308  0.507275
0.0168416 -0.105304  0.507161
0.0168682 -0.105299  0.507042
0.0169248  -0.10529  0.506789
0.0169248  -0.10529  0.506789
0.0169548 -0.105285  0.506655
0.0169859 -0.105279  0.506516
0.0170181 -0.105274  0.506372
0.0170515 -0.105268  0.506222
 0.017086 -0.105262  0.506068
0.0171217 -0.105256  0.505909
0.0171585  -0.10525  0.505744
0.0171964 -0.105243  0.505575
0.0172355 -0.105237    0.5054
0.0172757  -0.10523   0.50522
 0.017317 -0.105223  0.505036
0.0173594 -0.105215  0.504846
 0.017403 -0.105208  0.504651
0.0174477   -0.1052  0.504451
0.0174935 -0.105193  0.504246
0.0175405 -0.105184  0.504036
0.0175886 -0.105176  0.503821
0.0176378 -0.105168  0.503601
0.0176882 -0.105159  0.503376
0.0177397  -0.10515  0.503146
0.0177923 -0.105141  0.502911
0.0178461 -0.105132   0.50267
0.0179009 -0.105123  0.502425
 0.017957 -0.105113  0.502174
0.0180141 -0.105104  0.501919
0.0180724 -0.105094  0.501659
0.0181318 -0.105083  0.501393
0.0181923 -0.105073  0.501122
 0.018254 -0.105062  0.500847
0.0183168 -0.105052  0.500566
0.0183808 -0.105041   0.50028
0.0184459  -0.10503  0.499989
0.0185122 -0.105018  0.499692
0.0185795 -0.105007  0.499391
 0.018648 -0.104995  0.499085
0.0187176 -0.104983  0.498774
0.0187883 -0.104971  0.498458
0.0188602 -0.104959  0.498137
0.0189332 -0.104946   0.49781
0.0190073 -0.104934  0.497479
0.0190825 -0.104921  0.497143
0.0191589 -0.104908  0.496801
0.0192364 -0.104895  0.496455
 0.019315 -0.104881  0.496103
0.0193948 -0.104867  0.495747
0.0194758 -0.104854  0.495385
0.0195578  -0.10484  0.495018
 0.019641 -0.104825  0.494646
0.0197252 -0.104811  0.494269
0.0198106 -0.104796  0.493887
0.0198972 -0.104782  0.493501
0.0199849 -0.104767  0.493109
0.0200737 -0.104751  0.492711
0.0201636 -0.104736  0.492309
0.0202547  -0.10472  0.491902
0.0203469 -0.104705   0.49149
0.0204403 -0.104689  0.491073
0.0205347 -0.104673   0.49065
0.0206303 -0.104656  0.490223
0.020727 -0.10464 0.489791
 0.020825 -0.104623  0.489353
0.0209241 -0.104606   0.48891
0.0210243 -0.104589  0.488462
0.0211256 -0.104572  0.488009
0.0212281 -0.104554  0.487551
0.0213316 -0.104536  0.487088
0.0214362 -0.104518   0.48662
0.021542  -0.1045 0.486147
0.0216489 -0.104482  0.485669
 0.021757 -0.104464  0.485186
0.0218662 -0.104445  0.484698
0.0219765 -0.104426  0.484205
 0.022088 -0.104407  0.483706
0.0222004 -0.104388  0.483204
 0.022313 -0.104369  0.482701
0.0224256 -0.104349  0.482197
0.022538 -0.10433 0.481694
0.0226505 -0.104311  0.481192
 0.022763 -0.104292  0.480689
0.0228755 -0.104272  0.480186
0.0229879 -0.104253  0.479683
0.0231004 -0.104234   0.47918
0.0232129 -0.104215  0.478677
0.0233254 -0.104195  0.478175
0.0235503 -0.104157  0.477169
0.0235503 -0.104157  0.477169
0.0236628 -0.104138  0.476666
0.0237752 -0.104119  0.476163
0.0239998  -0.10408   0.47516
0.0241124 -0.104061  0.474656
 0.024225 -0.104042  0.474153
0.0243374 -0.104022   0.47365
0.0244499 -0.104003  0.473147
0.0245624 -0.103984  0.472644
 0.024675 -0.103965  0.472141
0.0247875 -0.103946  0.471638
   0.0249 -0.103926  0.471135
0.0250125 -0.103907  0.470632
 0.025125 -0.103888  0.470129
0.0252375 -0.103869  0.469626
  0.02535 -0.103849  0.469123
0.0254624  -0.10383  0.468621
 0.025575 -0.103811  0.468117
0.0256875 -0.103792  0.467615
   0.0258 -0.103772  0.467111
0.0259125 -0.103753  0.466609
0.0260249 -0.103734  0.466106
0.0261374 -0.103715  0.465603
0.0262498 -0.103696    0.4651
0.0263623 -0.103676  0.464598
0.0264748 -0.103657  0.464095
0.0265872 -0.103638  0.463592
0.0266998 -0.103619  0.463089
0.0268123 -0.103599  0.462586
0.0269247  -0.10358  0.462083
0.0270372 -0.103561   0.46158
0.0271497 -0.103542  0.461078
0.0272622 -0.103522  0.460575
0.0272622 -0.103522  0.460575
0.0274872 -0.103484  0.459569
0.0275997 -0.103465  0.459066
0.0277121 -0.103446  0.458563
0.0278246 -0.103426   0.45806
0.0279371 -0.103407  0.457557
0.0280496 -0.103388  0.457054
0.0281621 -0.103369  0.456552
0.0282746 -0.103349  0.456048
0.0283871  -0.10333  0.455546
0.0284996 -0.103311  0.455043
 0.028612 -0.103292   0.45454
0.0287245 -0.103272  0.454037
0.0288371 -0.103253  0.453534
0.0289496 -0.103234  0.453031
0.0290621 -0.103215  0.452528
0.0291746 -0.103196  0.452025
0.0292871 -0.103176  0.451522
0.0293997 -0.103157  0.451019
0.0295122 -0.103138  0.450515
0.0296247 -0.103119  0.450013
0.0297372 -0.103099   0.44951
0.0298497  -0.10308  0.449007
0.0299622 -0.103061  0.448504
0.0300748 -0.103042     0.448
0.0301873 -0.103022  0.447497
0.0302998 -0.103003  0.446995
0.0304123 -0.102984  0.446492
0.0305248 -0.102965  0.445989
0.0306374 -0.102945  0.445485
0.0307499 -0.102926  0.444982
0.0308624 -0.102907  0.444479
0.0309749 -0.102888  0.443976
0.0310874 -0.102869  0.443474
0.0311999 -0.102849  0.442971
0.0313123  -0.10283  0.442468
0.0314248 -0.102811  0.441965
0.0315373 -0.102792  0.441462
0.0316498 -0.102772  0.440959
0.0317623 -0.102753  0.440456
0.0318748 -0.102734  0.439953
0.0319873 -0.102715  0.439451
0.0320998 -0.102695  0.438948
0.0322123 -0.102676  0.438445
0.0323248 -0.102657  0.437942
0.0324373 -0.102638  0.437439
0.0325498 -0.102619  0.436936
0.0326623 -0.102599  0.436433
0.0327749  -0.10258   0.43593
0.0328878 -0.102561  0.435425
0.0330004 -0.102541  0.434921
0.0331128 -0.102522  0.434419
0.0332254 -0.102503  0.433916
0.0333379 -0.102484  0.433413
0.0334503 -0.102465   0.43291
0.0335628 -0.102445  0.432407
0.0336754 -0.102426  0.431904
0.0337874 -0.102407  0.431403
0.0338999 -0.102388    0.4309
0.0340125 -0.102368  0.430397
0.0341251 -0.102349  0.429893
0.0342377  -0.10233   0.42939
0.0343502 -0.102311  0.428887
0.0344626 -0.102291  0.428384
0.0345748 -0.102272  0.427883
0.0346859 -0.102253  0.427386
0.0347959 -0.102235  0.426894
0.0349046 -0.102216  0.426408
0.0350124 -0.102197  0.425926
0.0351189 -0.102179   0.42545
0.0352243 -0.102161  0.424979
0.0353287 -0.102143  0.424512
0.0354319 -0.102126  0.424051
0.0355339 -0.102108  0.423595
0.0356349 -0.102091  0.423143
0.0357348 -0.102074  0.422697
0.0358335 -0.102057  0.422256
0.0359309  -0.10204   0.42182
0.0360274 -0.102024  0.421389
0.0361227 -0.102008  0.420963
0.0362168 -0.101992  0.420542
0.0363097 -0.101976  0.420126
0.0364016  -0.10196  0.419716
0.0364924 -0.101944   0.41931
0.0365819 -0.101929   0.41891
0.0366704 -0.101914  0.418514
0.0367577 -0.101899  0.418124
0.0368439 -0.101884  0.417738
0.0369289  -0.10187  0.417358
0.0370128 -0.101856  0.416983
0.0370956 -0.101841  0.416613
0.0371773 -0.101827  0.416248
0.0372578 -0.101814  0.415888
0.0373373   -0.1018  0.415533
0.0374155 -0.101787  0.415183
0.0374926 -0.101773  0.414838
0.0375686  -0.10176  0.414499
0.0376434 -0.101748  0.414164
0.0377172 -0.101735  0.413834
0.0377898 -0.101723   0.41351
0.0378612  -0.10171  0.413191
0.0379315 -0.101698  0.412876
0.0380006 -0.101687  0.412567
0.0380687 -0.101675  0.412263
0.0381356 -0.101664  0.411964
0.0382014 -0.101652   0.41167
 0.038266 -0.101641  0.411381
0.0383295  -0.10163  0.411097
0.0383919  -0.10162  0.410818
0.0384532 -0.101609  0.410544
0.0385133 -0.101599  0.410275
0.0385723 -0.101589  0.410012
0.0386302 -0.101579  0.409753
 0.038687 -0.101569  0.409499
0.0387426  -0.10156   0.40925
0.038797 -0.10155 0.409007
0.0388504 -0.101541  0.408768
0.0389026 -0.101532  0.408535
0.0389537 -0.101524  0.408307
0.0390041 -0.101515  0.408081
 0.039053 -0.101507  0.407862
0.0391007 -0.101499  0.407649
0.0391473 -0.101491  0.407441
0.0391927 -0.101483  0.407238
 0.039237 -0.101475   0.40704
0.0392802 -0.101468  0.406847
0.0393222 -0.101461  0.406659
0.0393631 -0.101454  0.406476
0.0394029 -0.101447  0.406298
0.0394415  -0.10144  0.406126
 0.039479 -0.101434  0.405958
0.0395153 -0.101428  0.405796
0.0395507 -0.101422  0.405637
0.0395849 -0.101416  0.405485
0.0396179  -0.10141  0.405337
0.0396497 -0.101405  0.405195
0.0396804 -0.101399  0.405058
0.0397099 -0.101394  0.404926
0.0397384  -0.10139  0.404798
