0.0165429 -0.105356  0.508498
0.0165444 -0.105355  0.508498
0.0165468 -0.105355  0.508497
  0.01655 -0.105355  0.508497
0.0165536 -0.105356  0.508497
 0.016556 -0.105357  0.508497
  0.01656 -0.105357  0.508497
0.0165626 -0.105357  0.508497
0.0165649 -0.105357  0.508498
0.0165668 -0.105358  0.508499
0.0165675  -0.10536  0.508499
0.0165693  -0.10536    0.5085
0.0165689 -0.105362  0.508501
0.0165701 -0.105362  0.508502
0.0165698 -0.105362  0.508503
0.0165693 -0.105365  0.508503
0.0165672 -0.105365  0.508503
0.0165659 -0.105367  0.508503
0.0165652 -0.105365  0.508503
0.0165625 -0.105365  0.508503
0.0165615 -0.105365  0.508502
0.0165595 -0.105364  0.508502
0.0165576 -0.105365    0.5085
0.0165544 -0.105369  0.508497
0.0165529 -0.105367  0.508496
0.0165514 -0.105367  0.508493
0.0165512 -0.105366   0.50849
0.0165496 -0.105364  0.508487
0.0165504 -0.105363  0.508483
0.0165504  -0.10536  0.508479
0.0165513 -0.105357  0.508475
0.0165535 -0.105355   0.50847
0.0165564  -0.10535  0.508465
0.0165601 -0.105347   0.50846
0.0165647 -0.105344  0.508453
 0.016571 -0.105341  0.508447
0.0165766 -0.105337   0.50844
0.0165843 -0.105332  0.508433
0.0165929  -0.10533  0.508425
0.0166029 -0.105324  0.508417
0.0166137 -0.105322  0.508409
0.0166261 -0.105316    0.5084
0.0166393 -0.105313   0.50839
0.0166541 -0.105307  0.508381
0.0166697 -0.105302   0.50837
 0.016687 -0.105298   0.50836
0.0167051 -0.105294  0.508349
0.0167248 -0.105289  0.508337
0.0167454 -0.105285  0.508325
0.0167676 -0.105281  0.508312
0.0167907 -0.105276  0.508298
0.0168154 -0.105272  0.508285
 0.016841 -0.105267   0.50827
0.0168699 -0.105259  0.508254
0.0168991 -0.105254  0.508238
0.0169275 -0.105249  0.508221
0.0169591 -0.105242  0.508205
0.0169898  -0.10524  0.508186
0.0170236 -0.105233  0.508168
0.0170566  -0.10523  0.508148
0.0170926 -0.105223  0.508128
0.0171291 -0.105219  0.508106
0.0171674 -0.105212  0.508084
0.0172049 -0.105209  0.508061
0.0172456 -0.105201  0.508037
0.0172861 -0.105198  0.508012
0.0173294  -0.10519  0.507986
 0.017372 -0.105184  0.507959
0.0174176 -0.105178  0.507931
0.0174635 -0.105171  0.507902
0.0175106 -0.105166  0.507871
0.017558 -0.10516  0.50784
0.0176083 -0.105154  0.507808
0.0176591 -0.105147  0.507774
0.0177109 -0.105141  0.507739
0.0177632 -0.105135  0.507703
0.0178187 -0.105128  0.507666
0.0178746 -0.105121  0.507627
0.0179309 -0.105114  0.507587
0.0179904 -0.105107  0.507546
0.0180505 -0.105099  0.507503
0.0181118 -0.105093  0.507459
0.0181759  -0.10509  0.507409
0.0182403 -0.105082  0.507361
0.0183059 -0.105076  0.507312
0.0183766 -0.105067  0.507261
0.0184455 -0.105061  0.507208
 0.018516 -0.105052  0.507154
0.0185884 -0.105045  0.507098
0.0186626 -0.105037   0.50704
0.0187386 -0.105028   0.50698
0.0188165  -0.10502  0.506917
0.0188963 -0.105011  0.506853
0.0189775 -0.105004  0.506786
0.0190603 -0.104994  0.506719
0.0191446 -0.104986  0.506648
0.0192303 -0.104977  0.506577
0.0193174 -0.104969  0.506503
 0.019406 -0.104959  0.506427
0.0194964 -0.104951  0.506347
0.0195886  -0.10494  0.506266
0.019682 -0.10493 0.506182
0.0197792 -0.104922  0.506096
0.0198763 -0.104912  0.506006
0.0199751 -0.104903  0.505914
0.0200756 -0.104892  0.505818
0.0201779 -0.104883  0.505719
0.0202836  -0.10487  0.505609
0.0203891 -0.104859  0.505504
0.0204962  -0.10485  0.505395
 0.020605 -0.104839  0.505283
0.0207151  -0.10483  0.505168
0.0208268 -0.104819   0.50505
0.0209402 -0.104809  0.504927
0.0210547 -0.104798  0.504802
0.0211708 -0.104786  0.504673
0.0212882 -0.104777   0.50454
0.0214066 -0.104765  0.504403
0.0215263 -0.104756  0.504262
0.0216473 -0.104745  0.504118
0.0217798 -0.104734  0.503965
0.0219035 -0.104723  0.503811
0.0220283 -0.104713  0.503653
0.0221543 -0.104702  0.503491
0.0222814 -0.104693  0.503324
0.0224093 -0.104681  0.503153
0.0225383 -0.104673  0.502976
0.0226678 -0.104662  0.502796
0.0227988 -0.104652  0.502611
0.0229299 -0.104642   0.50242
0.0230618 -0.104633  0.502224
0.0231974 -0.104622  0.502027
0.0233273 -0.104613  0.501819
 0.023462 -0.104602  0.501608
 0.023595 -0.104593  0.501392
0.0237294 -0.104583   0.50117
0.0238659 -0.104574  0.500943
 0.024004 -0.104564  0.500713
  0.02414 -0.104554  0.500474
 0.024278 -0.104544  0.500229
0.0244141 -0.104535  0.499978
0.0245517 -0.104524  0.499721
0.0246897 -0.104515  0.499458
0.0248291 -0.104506  0.499188
0.0249667 -0.104495  0.498913
0.0251058 -0.104485  0.498631
0.0252456 -0.104474  0.498342
0.0253854 -0.104464  0.498046
0.0255255 -0.104453  0.497744
0.0256659 -0.104443  0.497434
0.0258065 -0.104431  0.497119
0.0259474 -0.104421  0.496796
0.0260886  -0.10441  0.496466
0.0262298 -0.104399   0.49613
0.0263713 -0.104387  0.495786
0.0265129 -0.104376  0.495435
 0.026655 -0.104364  0.495077
0.0267968 -0.104352  0.494711
0.0269387 -0.104341  0.494338
0.0270809 -0.104328  0.493958
0.0272232 -0.104316  0.493569
0.0273655 -0.104303  0.493173
0.0275072 -0.104291   0.49277
0.0276367 -0.104285  0.492321
0.0277784 -0.104272  0.491903
0.0279199 -0.104259  0.491477
0.0280612 -0.104247  0.491044
0.0282024 -0.104233  0.490604
0.0283433  -0.10422  0.490157
0.0284848 -0.104206  0.489703
0.0286253 -0.104193  0.489243
0.0287641 -0.104179  0.488776
0.0289269  -0.10416   0.48829
0.0290687 -0.104147  0.487812
0.0292079 -0.104132  0.487324
 0.029347 -0.104118  0.486831
0.0294854 -0.104104  0.486331
0.0296261 -0.104089   0.48583
0.0297631 -0.104075  0.485318
0.0298996  -0.10406  0.484799
0.0300354 -0.104045  0.484273
0.0301703 -0.104029  0.483742
0.0303046 -0.104014  0.483205
0.0304379 -0.103999  0.482662
0.0305705 -0.103983  0.482113
0.0307023 -0.103968  0.481559
0.0308333 -0.103951     0.481
0.0309636 -0.103936  0.480435
0.0310931 -0.103919  0.479865
0.0312219 -0.103902  0.479291
0.0313503 -0.103885  0.478712
0.0314786 -0.103867  0.478128
0.0316052  -0.10385   0.47754
0.0317318 -0.103832  0.476948
0.0318575 -0.103813  0.476353
0.0319829 -0.103795  0.475753
 0.032107 -0.103776  0.475149
0.0322316 -0.103757  0.474542
0.0323778 -0.103733  0.473917
 0.032501 -0.103713  0.473302
0.0326238 -0.103694  0.472684
0.0327461 -0.103674  0.472063
0.0328556 -0.103655   0.47138
0.0329888 -0.103633  0.470811
0.0330977 -0.103614  0.470122
0.0332182 -0.103593  0.469489
0.0333382 -0.103573  0.468854
0.0334577 -0.103551  0.468216
0.0335784 -0.103531  0.467578
0.0336968 -0.103509  0.466938
0.0338132 -0.103488  0.466294
0.0339305 -0.103467  0.465651
 0.034057 -0.103443  0.465068
 0.034173 -0.103422  0.464422
0.0342887   -0.1034  0.463776
0.0344041 -0.103378  0.463129
0.0345189 -0.103356  0.462481
0.0346334 -0.103333  0.461831
0.0347475 -0.103311   0.46118
0.0348609 -0.103289  0.460528
 0.034974 -0.103266  0.459875
0.0350864 -0.103244  0.459222
0.0351983 -0.103221  0.458568
0.0353095 -0.103198  0.457914
0.0354202 -0.103175  0.457259
0.0355243 -0.103153  0.456542
0.0356338 -0.103131  0.455888
0.0357303 -0.103111  0.455308
0.0358394 -0.103087  0.454658
0.0359623  -0.10306  0.453997
0.0360676 -0.103036   0.45335
0.0361725 -0.103013  0.452703
0.0362767 -0.102989  0.452059
0.0363762 -0.102968  0.451353
0.0364788 -0.102944  0.450713
0.0365804 -0.102921  0.450076
0.0366809 -0.102897  0.449441
0.0367803 -0.102874  0.448811
0.0368785  -0.10285  0.448184
0.0369757 -0.102827  0.447561
0.0370718 -0.102804  0.446941
0.0371668 -0.102781  0.446325
0.0372607 -0.102757  0.445713
0.0373536 -0.102734  0.445106
0.0374455 -0.102711  0.444502
0.0375362 -0.102688  0.443903
0.0376241 -0.102665  0.443318
0.0377125 -0.102642  0.442727
0.0377997 -0.102619  0.442141
0.0378861 -0.102597  0.441559
0.0379819 -0.102571  0.440974
0.0380657 -0.102548  0.440401
0.0381482 -0.102526  0.439833
0.0382299 -0.102504  0.439269
0.0383102 -0.102482   0.43871
0.0383895  -0.10246  0.438155
0.0384677 -0.102439  0.437604
0.0385447 -0.102417  0.437058
0.0386208 -0.102396  0.436516
0.0386957 -0.102375  0.435979
0.0387694 -0.102354  0.435446
0.0388421 -0.102334  0.434918
0.0389138 -0.102314  0.434394
0.0389844 -0.102294  0.433875
0.0390539 -0.102274   0.43336
0.0391248 -0.102256  0.432798
0.0391925 -0.102236  0.432293
0.0392568 -0.102217  0.431845
0.0393225 -0.102199  0.431349
0.0393872 -0.102181  0.430859
 0.039451 -0.102163  0.430373
0.0395135 -0.102145  0.429893
0.0395786 -0.102128  0.429368
0.0396395 -0.102111  0.428898
0.0396996 -0.102095  0.428433
0.0397585 -0.102078  0.427975
0.0398166 -0.102062  0.427521
0.0398735 -0.102046  0.427074
0.0399295 -0.102031  0.426633
0.0399844 -0.102015  0.426197
0.0400382    -0.102  0.425768
0.0400909 -0.101985  0.425345
0.0401385 -0.101971  0.424932
0.0401891 -0.101956  0.424521
0.0402385 -0.101942  0.424116
