 0.268652 -0.326481  0.606821
 0.268643 -0.326491  0.606832
 0.268633 -0.326503   0.60684
 0.268626 -0.326514  0.606854
 0.268619 -0.326525  0.606861
 0.268616 -0.326534  0.606876
 0.268619 -0.326539  0.606896
 0.268624 -0.326541   0.60692
 0.268634 -0.326539   0.60695
 0.268647 -0.326538  0.606979
 0.268664 -0.326532  0.607016
 0.268685 -0.326523   0.60705
 0.268707 -0.326511  0.607088
 0.268735 -0.326496  0.607128
 0.268764 -0.326477  0.607169
 0.268797 -0.326457  0.607211
 0.268829 -0.326433  0.607252
 0.268865 -0.326406  0.607295
 0.268902 -0.326375  0.607334
  0.26894 -0.326342  0.607378
 0.268978 -0.326308  0.607412
0.269016 -0.32627 0.607448
 0.269055 -0.326232  0.607481
 0.269093 -0.326196  0.607509
 0.269131 -0.326152  0.607539
 0.269168 -0.326109  0.607562
 0.269207 -0.326063  0.607586
  0.26924 -0.326016  0.607602
 0.269278 -0.325967  0.607617
 0.269313 -0.325914  0.607627
 0.269345 -0.325863  0.607636
 0.26938 -0.32581 0.607639
 0.269413 -0.325754  0.607639
 0.269446 -0.325698  0.607639
 0.269478 -0.325642  0.607631
 0.269513 -0.325584  0.607625
 0.269545 -0.325524   0.60761
  0.26958 -0.325459  0.607596
 0.269616 -0.325396  0.607579
 0.269654 -0.325327   0.60756
 0.269694 -0.325259  0.607539
 0.269736 -0.325184  0.607514
 0.269781 -0.325108   0.60749
 0.269829 -0.325026  0.607459
  0.26988 -0.324937  0.607427
 0.269935 -0.324849  0.607394
 0.269993 -0.324756  0.607359
 0.270056 -0.324659  0.607323
 0.270122 -0.324556  0.607283
 0.270193 -0.324449  0.607244
 0.270268 -0.324336  0.607198
 0.270349 -0.324216  0.607155
 0.270432 -0.324092  0.607102
 0.270526 -0.323954  0.607052
  0.27062 -0.323817  0.606998
 0.270717 -0.323675   0.60694
  0.27082 -0.323525  0.606881
 0.270924 -0.323375  0.606814
 0.271036 -0.323214   0.60675
 0.271146 -0.323054  0.606674
 0.271263 -0.322883  0.606599
 0.271387 -0.322706  0.606514
 0.271509 -0.322527  0.606431
 0.271633 -0.322348  0.606343
 0.27176 -0.32216  0.60625
 0.271888 -0.321967  0.606153
 0.272018 -0.321773   0.60605
  0.27215 -0.321577  0.605949
 0.272282 -0.321379  0.605835
 0.272416 -0.321178   0.60572
 0.272551 -0.320975    0.6056
0.272686 -0.32077 0.605475
 0.272824 -0.320561  0.605347
0.272961 -0.32035 0.605211
   0.2731 -0.320137  0.605075
 0.273238 -0.319923  0.604927
 0.273379 -0.319705  0.604777
 0.273522 -0.319484  0.604624
 0.273664 -0.319261  0.604464
 0.273811 -0.319034  0.604301
 0.273957 -0.318804  0.604131
 0.274107 -0.318572  0.603958
 0.274263 -0.318335  0.603769
 0.274417 -0.318093  0.603584
 0.274574 -0.317848  0.603394
 0.274742 -0.317588  0.603183
 0.274906 -0.317335  0.602982
 0.275073 -0.317074  0.602775
0.275244 -0.31681 0.602565
 0.275419 -0.316539  0.602346
 0.275598 -0.316263  0.602129
  0.27578 -0.315983  0.601897
 0.275966 -0.315696  0.601664
 0.276157 -0.315405  0.601426
 0.276352 -0.315107  0.601183
 0.276551 -0.314804  0.600936
 0.276753 -0.314495   0.60068
 0.27696 -0.31418 0.600423
 0.27717 -0.31386 0.600154
 0.277383 -0.313535  0.599881
 0.277606 -0.313192  0.599607
 0.277826 -0.312856  0.599325
 0.278051 -0.312515  0.599035
0.278278 -0.31217 0.598738
0.278509 -0.31182 0.598437
 0.278741 -0.311465  0.598127
 0.278978 -0.311107  0.597815
 0.279221 -0.310731  0.597482
 0.279461 -0.310365  0.597153
 0.279703 -0.309997  0.596817
 0.279945 -0.309625  0.596473
  0.28019 -0.309252  0.596125
 0.280435 -0.308875  0.595767
 0.280683 -0.308497  0.595406
 0.280929 -0.308117  0.595033
 0.281177 -0.307735  0.594655
 0.281426 -0.307354   0.59427
0.281675 -0.30697 0.593879
 0.281925 -0.306587  0.593482
 0.282174 -0.306201  0.593075
 0.282438 -0.305801  0.592621
 0.282688 -0.305415  0.592198
 0.282939 -0.305029  0.591769
 0.283191 -0.304641  0.591335
 0.283443 -0.304255  0.590891
 0.283696 -0.303867  0.590443
0.283949 -0.30348 0.589985
0.284203 -0.30309 0.589525
 0.284471 -0.302689  0.589072
 0.284728 -0.302298    0.5886
0.284984 -0.30191 0.588113
 0.285241 -0.301518  0.587624
   0.2855 -0.301127  0.587128
 0.285761 -0.300734  0.586625
 0.286021 -0.300341  0.586116
 0.286283 -0.299946    0.5856
 0.286549 -0.299551  0.585076
 0.286812 -0.299154  0.584544
 0.287079 -0.298756  0.584007
 0.287349 -0.298356  0.583462
 0.287617 -0.297957  0.582911
 0.287889 -0.297554  0.582354
 0.288162 -0.297151  0.581786
 0.288439 -0.296747  0.581216
 0.288714 -0.296341  0.580636
 0.288994 -0.295934  0.580055
 0.289273 -0.295526  0.579459
 0.289555 -0.295117  0.578859
  0.28984 -0.294707  0.578255
 0.290125 -0.294297  0.577642
 0.290412 -0.293886  0.577027
   0.2907 -0.293475  0.576402
 0.290991 -0.293063  0.575776
 0.291282 -0.292653  0.575137
 0.291574 -0.292242  0.574497
 0.291868 -0.291832   0.57385
 0.292163 -0.291423  0.573197
  0.29246 -0.291014   0.57254
 0.292757 -0.290607  0.571876
 0.293057 -0.290199  0.571211
 0.293355 -0.289795  0.570534
 0.293656 -0.289391  0.569855
 0.293958 -0.288989  0.569173
 0.294248 -0.288581   0.56846
 0.294552 -0.288181   0.56777
 0.294856 -0.287783  0.567073
 0.295162 -0.287387  0.566375
 0.295469 -0.286992   0.56567
 0.295778 -0.286598  0.564966
 0.296088 -0.286206  0.564252
 0.296399 -0.285816   0.56354
 0.296711 -0.285425  0.562826
 0.297033 -0.285018  0.561998
 0.297388 -0.284621  0.561342
 0.297707 -0.284233   0.56062
 0.298029 -0.283847  0.559899
 0.298351 -0.283462  0.559172
 0.298677 -0.283076  0.558446
 0.299004 -0.282692  0.557721
 0.299333 -0.282307  0.556994
 0.299664 -0.281924  0.556268
 0.299996 -0.281539   0.55554
 0.300331 -0.281156  0.554813
 0.300667 -0.280772  0.554084
 0.301006 -0.280387  0.553361
 0.301346 -0.280003   0.55263
 0.301688 -0.279617  0.551905
 0.302033 -0.279232   0.55118
 0.302379 -0.278845  0.550456
 0.302728 -0.278457  0.549736
 0.303079 -0.278068  0.549013
 0.303433 -0.277677  0.548297
 0.303788 -0.277286  0.547577
 0.304145 -0.276893  0.546864
 0.304505 -0.276499  0.546154
 0.304867 -0.276104  0.545445
 0.305231 -0.275706  0.544742
 0.305598 -0.275308   0.54404
 0.305974 -0.274889   0.54323
 0.306344 -0.274489  0.542535
 0.306716 -0.274088  0.541845
  0.30709 -0.273686   0.54116
 0.307452 -0.273268  0.540454
0.307842 -0.27288 0.539807
 0.308208 -0.272462  0.539111
 0.308588 -0.272059   0.53845
 0.308968 -0.271656  0.537791
 0.309351 -0.271252  0.537144
 0.309775 -0.270843  0.536569
0.310159 -0.27044 0.535932
 0.310502 -0.270044  0.535228
 0.310886 -0.269641  0.534604
 0.311283 -0.269253  0.534015
 0.311668 -0.268851  0.533403
 0.312055 -0.268447  0.532802
  0.31244 -0.268044  0.532201
0.312827 -0.26764 0.531608
 0.313214 -0.267235  0.531023
 0.313601 -0.266829  0.530441
 0.313988 -0.266421  0.529868
 0.314375 -0.266013  0.529296
 0.314763 -0.265602  0.528735
 0.315149 -0.265191  0.528173
 0.315535 -0.264777   0.52762
 0.315922 -0.264362  0.527073
0.316301 -0.26393 0.526507
 0.316687 -0.263512  0.525972
 0.317033 -0.263136  0.525493
 0.317453 -0.262708  0.525039
 0.317843 -0.262265  0.524428
 0.318225 -0.261841  0.523925
 0.318604 -0.261418  0.523419
 0.318983 -0.260993  0.522924
 0.319355 -0.260553  0.522414
  0.31973 -0.260128  0.521933
 0.320103 -0.259704  0.521462
0.320473 -0.25928 0.520996
 0.320841 -0.258857  0.520544
 0.321206 -0.258436  0.520094
 0.321568 -0.258016  0.519655
 0.321927 -0.257598  0.519226
 0.322284 -0.257182  0.518805
 0.322636 -0.256769  0.518394
 0.322986 -0.256359   0.51799
 0.323332 -0.255951  0.517599
 0.323674 -0.255547  0.517211
 0.32404 -0.25514 0.516893
 0.324374 -0.254743  0.516521
 0.324704 -0.254348  0.516162
 0.325031 -0.253957  0.515812
 0.325362 -0.253549  0.515404
 0.325681 -0.253165  0.515072
 0.325996 -0.252783  0.514745
 0.326307 -0.252404   0.51443
 0.326613 -0.252029  0.514116
 0.326916 -0.251657  0.513812
 0.327214 -0.251288  0.513516
 0.327508 -0.250921  0.513226
 0.327799 -0.250558  0.512944
 0.328086 -0.250196  0.512667
 0.328369 -0.249837  0.512401
 0.328648 -0.249481  0.512135
 0.328923 -0.249127  0.511878
 0.329196 -0.248774  0.511629
 0.329464 -0.248423  0.511385
 0.329731 -0.248061   0.51113
 0.329993 -0.247713  0.510898
0.330252 -0.24738 0.510691
 0.330507 -0.247035  0.510469
0.330761 -0.24669 0.510258
  0.33101 -0.246349  0.510045
 0.331256 -0.246008  0.509842
 0.331502 -0.245655  0.509629
 0.331741 -0.245318  0.509436
 0.331978 -0.244982   0.50925
 0.332211 -0.244648  0.509068
 0.332441 -0.244316  0.508895
 0.332666 -0.243987  0.508722
 0.332888 -0.243661  0.508557
 0.333106 -0.243337  0.508398
  0.33332 -0.243017  0.508244
 0.33353  -0.2427 0.508098
 0.333735 -0.242388  0.507955
 0.333937 -0.242079  0.507821
 0.334134 -0.241774  0.507688
