0.268663 -0.32647 0.606813
0.268663 -0.32647 0.606813
 0.268665 -0.326468   0.60681
 0.268672 -0.326461  0.606803
0.268683 -0.32645  0.60679
 0.268698 -0.326434  0.606772
 0.268717 -0.326413  0.606749
 0.268741 -0.326388  0.606722
 0.268769 -0.326358  0.606689
 0.268802 -0.326324  0.606651
 0.268838 -0.326285  0.606608
 0.268879 -0.326242   0.60656
 0.268925 -0.326194  0.606507
 0.268975 -0.326141  0.606449
 0.269029 -0.326084  0.606385
 0.269087 -0.326022  0.606317
  0.26915 -0.325956  0.606244
 0.269217 -0.325885  0.606165
0.269288 -0.32581 0.606082
0.269364 -0.32573 0.605993
 0.269444 -0.325646    0.6059
 0.269528 -0.325557  0.605801
 0.269617 -0.325463  0.605698
  0.26971 -0.325365  0.605589
 0.269807 -0.325262  0.605475
 0.269908 -0.325155  0.605356
 0.270014 -0.325043  0.605233
 0.270125 -0.324927  0.605104
 0.270239 -0.324805   0.60497
0.270358 -0.32468 0.604831
0.270481 -0.32455 0.604687
 0.270609 -0.324415  0.604537
 0.270741 -0.324276  0.604383
 0.270877 -0.324132  0.604224
 0.271017 -0.323984   0.60406
 0.271162 -0.323831   0.60389
 0.271311 -0.323673  0.603716
 0.271465 -0.323511  0.603536
 0.271623 -0.323344  0.603352
 0.271785 -0.323173  0.603162
 0.271951 -0.322997  0.602967
 0.272122 -0.322817  0.602768
 0.272297 -0.322632  0.602563
 0.272477 -0.322442  0.602353
  0.27266 -0.322248  0.602138
 0.272849 -0.322049  0.601918
 0.273041 -0.321846  0.601693
 0.273238 -0.321638  0.601463
 0.273438 -0.321427  0.601229
0.273644 -0.32121 0.600988
 0.273853 -0.320988  0.600743
 0.274068 -0.320762  0.600493
 0.274286 -0.320531  0.600237
 0.274508 -0.320296  0.599977
 0.274736 -0.320056  0.599711
 0.274967 -0.319812  0.599441
 0.275203 -0.319563  0.599165
0.275443 -0.31931 0.598885
 0.275687 -0.319051  0.598599
 0.275936 -0.318789  0.598308
 0.276187 -0.318523  0.598014
 0.276445 -0.318251  0.597712
 0.276707 -0.317974  0.597406
 0.276973 -0.317693  0.597095
 0.277243 -0.317408  0.596779
 0.277518 -0.317118  0.596458
 0.277797 -0.316823  0.596132
 0.278079 -0.316525  0.595802
 0.278367 -0.316221  0.595465
 0.278658 -0.315913  0.595124
0.278955  -0.3156 0.594777
 0.279256 -0.315282  0.594425
 0.27956 -0.31496 0.594069
  0.27987 -0.314634  0.593707
 0.280183 -0.314303  0.593341
 0.280501 -0.313967  0.592969
 0.280825 -0.313625   0.59259
0.281152 -0.31328 0.592208
0.281482 -0.31293 0.591821
 0.281818 -0.312576   0.59143
 0.282157 -0.312218  0.591033
 0.282501 -0.311855  0.590631
 0.282849 -0.311487  0.590224
 0.283201 -0.311115  0.589812
 0.283558 -0.310738  0.589394
 0.283919 -0.310357  0.588972
 0.284284 -0.309971  0.588545
 0.284654 -0.309581  0.588112
 0.285028 -0.309185  0.587675
 0.285407 -0.308786  0.587232
 0.285789 -0.308381  0.586785
 0.286177 -0.307972  0.586331
 0.286569 -0.307558  0.585873
0.286964 -0.30714  0.58541
 0.287365 -0.306718  0.584943
 0.287769 -0.306291   0.58447
 0.288178 -0.305859  0.583992
 0.288591 -0.305422  0.583508
 0.289008 -0.304982   0.58302
  0.28943 -0.304536  0.582527
 0.289856 -0.304087  0.582029
 0.290285 -0.303633  0.581527
 0.290715 -0.303179  0.581024
 0.291145 -0.302724  0.580521
0.291575 -0.30227 0.580019
 0.292004 -0.301818  0.579517
 0.292434 -0.301363  0.579014
 0.292864 -0.300909  0.578511
 0.293294 -0.300455  0.578008
0.293724     -0.3 0.577505
 0.294155 -0.299546  0.577002
 0.294585 -0.299091  0.576499
 0.295016 -0.298637  0.575995
 0.295445 -0.298183  0.575493
 0.295873 -0.297731  0.574992
 0.296303 -0.297276  0.574489
 0.296733 -0.296822  0.573986
 0.297164 -0.296368  0.573483
 0.297594 -0.295914   0.57298
 0.298024 -0.295459  0.572477
 0.298454 -0.295005  0.571974
 0.298884 -0.294551  0.571471
 0.299314 -0.294097  0.570968
 0.299744 -0.293642  0.570466
 0.300174 -0.293188  0.569963
 0.300604 -0.292734   0.56946
0.301034 -0.29228 0.568957
 0.301465 -0.291825  0.568453
0.301895 -0.29137  0.56795
 0.302325 -0.290916  0.567447
 0.302755 -0.290462  0.566944
 0.303185 -0.290008  0.566441
 0.303615 -0.289554  0.565938
 0.304045 -0.289099  0.565435
 0.304475 -0.288645  0.564933
 0.304905 -0.288191   0.56443
 0.305336 -0.287737  0.563927
 0.305766 -0.287282  0.563424
 0.306196 -0.286828  0.562921
 0.306626 -0.286374  0.562418
0.307056 -0.28592 0.561915
 0.307486 -0.285465  0.561412
 0.307916 -0.285011  0.560909
 0.308346 -0.284557  0.560406
 0.308776 -0.284103  0.559903
 0.309206 -0.283649    0.5594
 0.309636 -0.283195  0.558898
0.310066 -0.28274 0.558395
 0.310496 -0.282286  0.557891
 0.310926 -0.281832  0.557389
 0.311356 -0.281378  0.556886
 0.311786 -0.280923  0.556383
 0.312216 -0.280469   0.55588
 0.312646 -0.280015  0.555377
 0.313076 -0.279561  0.554874
 0.313507 -0.279106  0.554371
 0.313937 -0.278652  0.553868
 0.314366 -0.278198  0.553366
 0.314796 -0.277744  0.552863
0.315226 -0.27729  0.55236
 0.315656 -0.276836  0.551857
 0.316087 -0.276381  0.551354
 0.316517 -0.275927  0.550851
 0.316947 -0.275473  0.550348
 0.317377 -0.275019  0.549845
 0.317807 -0.274564  0.549342
0.318237 -0.27411 0.548839
 0.318667 -0.273655  0.548336
 0.319102 -0.273197  0.547828
 0.319532 -0.272743  0.547325
 0.319962 -0.272289  0.546822
 0.320391 -0.271835   0.54632
0.320822 -0.27138 0.545817
 0.321253 -0.270925  0.545313
0.321684 -0.27047 0.544808
 0.322117 -0.270012  0.544302
 0.322548 -0.269557  0.543798
 0.322978 -0.269103  0.543295
 0.323408 -0.268648  0.542792
 0.323838 -0.268194  0.542289
0.324268 -0.26774 0.541786
 0.324698 -0.267286  0.541283
 0.325128 -0.266832  0.540781
 0.325558 -0.266378  0.540278
 0.325988 -0.265924  0.539775
 0.326418 -0.265469  0.539272
 0.326848 -0.265015  0.538769
 0.327278 -0.264561  0.538266
 0.327708 -0.264107  0.537764
 0.328138 -0.263653   0.53726
 0.328568 -0.263198  0.536757
 0.328999 -0.262744  0.536254
0.329429 -0.26229 0.535751
 0.329859 -0.261835  0.535248
 0.330289 -0.261381  0.534746
 0.330719 -0.260927  0.534243
 0.331149 -0.260473   0.53374
 0.331579 -0.260019  0.533237
 0.332009 -0.259564  0.532733
 0.332442 -0.259107  0.532228
 0.332872 -0.258653  0.531725
 0.333303 -0.258197  0.531221
 0.333733 -0.257743  0.530718
 0.334164 -0.257288  0.530214
 0.334594 -0.256834  0.529711
0.335024 -0.25638 0.529208
 0.335454 -0.255926  0.528705
 0.335884 -0.255472  0.528203
 0.336314 -0.255018    0.5277
 0.336744 -0.254563  0.527197
 0.337173 -0.254109  0.526694
 0.337603 -0.253655  0.526191
 0.338033 -0.253201  0.525689
 0.338463 -0.252747  0.525186
 0.338892 -0.252294  0.524684
 0.339318 -0.251845  0.524187
 0.339742 -0.251396   0.52369
 0.340159 -0.250956  0.523203
 0.340571 -0.250521  0.522721
0.340979 -0.25009 0.522244
 0.341382 -0.249664  0.521772
 0.341781 -0.249243  0.521306
 0.342176 -0.248826  0.520844
 0.342566 -0.248413  0.520387
 0.342953 -0.248005  0.519936
 0.343334 -0.247602  0.519489
 0.343712 -0.247203  0.519048
 0.344085 -0.246809  0.518611
0.344454 -0.24642  0.51818
 0.344818 -0.246035  0.517754
 0.345179 -0.245654  0.517333
 0.345534 -0.245279  0.516917
 0.345886 -0.244907  0.516505
 0.346233 -0.244541  0.516099
 0.346576 -0.244178  0.515698
0.346915 -0.24382 0.515302
 0.347249 -0.243467  0.514911
 0.347579 -0.243119  0.514525
 0.347905 -0.242775  0.514144
 0.348226 -0.242435  0.513769
 0.348543 -0.242101  0.513398
0.348856 -0.24177 0.513032
 0.349164 -0.241445  0.512672
 0.349468 -0.241124  0.512316
 0.349769 -0.240806  0.511965
 0.350064 -0.240494   0.51162
 0.350355 -0.240187  0.511279
 0.350642 -0.239884  0.510944
 0.350924 -0.239586  0.510614
 0.351202 -0.239292  0.510288
 0.351476 -0.239003  0.509968
 0.351745 -0.238719  0.509653
  0.35201 -0.238439  0.509343
 0.352271 -0.238163  0.509039
 0.352527 -0.237893  0.508739
 0.352779 -0.237626  0.508444
 0.353027 -0.237365  0.508154
 0.353271 -0.237108   0.50787
  0.35351 -0.236855   0.50759
 0.353744 -0.236607  0.507315
 0.353975 -0.236364  0.507046
 0.354201 -0.236125  0.506782
 0.354423 -0.235891  0.506522
  0.35464 -0.235661  0.506268
 0.354853 -0.235436  0.506019
 0.355062 -0.235215  0.505774
 0.355267 -0.234999  0.505535
 0.355467 -0.234788  0.505301
 0.355663 -0.234581  0.505072
 0.355855 -0.234378  0.504848
 0.356042 -0.234181  0.504629
 0.356225 -0.233988  0.504415
 0.356403 -0.233799  0.504206
 0.356577 -0.233615  0.504003
 0.356747 -0.233436  0.503804
 0.356913 -0.233261   0.50361
0.357074 -0.23309 0.503422
 0.357231 -0.232925  0.503238
 0.357384 -0.232763   0.50306
 0.357532 -0.232607  0.502886
 0.357676 -0.232455  0.502718
 0.357816 -0.232307  0.502554
 0.357951 -0.232164  0.502396
 0.358082 -0.232026  0.502243
 0.358209 -0.231892  0.502094
