6.91414e-06
0.009413
0.0194678
0.0295279
0.0395849
0.0496449
0.0597038
0.0697579
0.0798159
0.0898829
0.0999389
0.109997
0.120065
0.130125
0.140185
0.150245
0.160316
0.170375
0.18043
0.190485
0.20054
0.210596
0.220664
0.23073
0.240786
0.250855
0.26091
0.270965
0.28102
0.291074
0.301128
0.311182
0.321237
0.331292
0.341346
0.351401
0.361456
0.37151
0.381565
0.39162
0.401687
0.411742
0.421796
0.431851
0.441906
0.451977
0.462002
0.472068
0.482135
0.492214
0.502275
0.512315
0.522371
0.532426
0.542482
0.552549
0.562578
0.572645
0.582712
0.592777
0.60285
0.612906
0.622971
0.633029
0.643086
0.653157
0.663215
0.673286
0.683354
0.693416
0.703469
0.713523
0.72359
0.733647
0.743706
0.753779
0.763847
0.773904
0.783971
0.794039
0.804097
0.814156
0.824214
0.83427
0.844285
0.854351
0.864422
0.874493
0.884549
0.894616
0.904687
0.914757
0.924829
0.9349
0.944976
0.955035
0.965103
0.975159
0.985217
0.995282
1.00536
1.01541
1.02548
1.03554
1.0456
1.05567
1.06573
1.07578
1.08584
1.0959
1.10597
1.11604
1.1261
1.13616
1.14622
1.15629
1.16636
1.17643
1.18648
1.19654
1.20661
1.21668
1.22674
1.23681
1.24686
1.25692
1.26698
1.27705
1.28711
1.29716
1.30722
1.31728
1.32734
1.33739
1.34745
1.35751
1.36757
1.37764
1.38769
1.39776
1.40782
1.41788
1.42794
1.43799
1.44805
1.45806
1.46812
1.47819
1.48825
1.49832
1.50838
1.51845
1.52851
1.53858
1.54866
1.55872
1.56878
1.57885
1.58892
1.59898
1.60905
1.6191
1.62916
1.63922
1.64927
1.65934
1.66941
1.67943
1.68951
1.69956
1.70963
1.7197
1.72976
1.73983
1.7499
1.75996
1.77002
1.78009
1.79014
1.8002
1.81025
1.82031
1.83036
1.84042
1.85048
1.86055
1.87061
1.88068
1.89075
1.90081
1.91088
1.92093
1.931
1.94105
1.95112
1.96119
1.97126
1.98131
1.99137
2.00144
2.01149
2.02155
2.03162
2.04168
2.05174
2.0618
2.07187
2.08193
2.09199
2.10205
2.11211
2.12217
2.13223
2.14229
2.15235
2.16241
2.17248
2.18254
2.1926
2.20267
2.21273
2.22279
2.23285
2.24291
2.25298
2.26305
2.27311
2.28317
2.29324
2.30331
2.31336
2.32342
2.33349
2.34355
2.35361
2.36367
2.37374
2.3838
2.39385
2.40391
2.41398
2.42404
2.43411
2.44417
2.45422
2.46428
2.47434
2.4844
2.49446
2.50451
2.51457
2.52463
2.53469
2.54475
2.55481
2.56487
2.57493
2.58499
2.59504
2.6051
2.61517
2.62522
2.63528
2.64534
2.65539
2.66545
2.67551
2.68556
2.69562
2.70568
2.71574
2.72579
2.73585
2.74591
2.75597
2.76603
2.77609
2.78614
2.7962
2.80627
2.81633
2.82639
2.83646
2.84651
2.85657
