 0.269494 -0.328222  0.603679
0.268968 -0.32662 0.606681
  0.26897 -0.326618  0.606679
 0.268976 -0.326611  0.606671
 0.268987 -0.326599  0.606658
 0.269002 -0.326583  0.606641
 0.269022 -0.326563  0.606618
 0.269045 -0.326538   0.60659
 0.269073 -0.326508  0.606557
 0.269106 -0.326474  0.606519
 0.269142 -0.326435  0.606476
 0.269183 -0.326391  0.606428
 0.269229 -0.326343  0.606375
0.269278 -0.32629 0.606317
 0.269332 -0.326233  0.606254
 0.269391 -0.326171  0.606186
 0.269453 -0.326105  0.606112
  0.26952 -0.326034  0.606034
 0.269591 -0.325958   0.60595
 0.269667 -0.325878  0.605862
 0.269747 -0.325793  0.605768
 0.269831 -0.325704   0.60567
0.269919 -0.32561 0.605566
 0.270012 -0.325512  0.605458
 0.270109 -0.325409  0.605344
  0.27021 -0.325301  0.605225
 0.270316 -0.325189  0.605101
 0.270426 -0.325072  0.604972
 0.270541 -0.324951  0.604838
 0.270659 -0.324825  0.604699
 0.270782 -0.324694  0.604555
 0.270909 -0.324559  0.604406
 0.271041 -0.324419  0.604251
 0.271177 -0.324275  0.604092
 0.271317 -0.324126  0.603928
 0.271462 -0.323973  0.603758
 0.271611 -0.323815  0.603584
 0.271764 -0.323652  0.603405
 0.271921 -0.323485   0.60322
 0.272083 -0.323313   0.60303
 0.272249 -0.323137  0.602836
  0.27242 -0.322956  0.602636
 0.272595 -0.322771  0.602431
 0.272774 -0.322581  0.602221
 0.272957 -0.322386  0.602006
 0.273145 -0.322186  0.601785
 0.273338 -0.321982   0.60156
 0.273534 -0.321773  0.601329
0.273735 -0.32156 0.601094
  0.27394 -0.321342  0.600854
 0.27415 -0.32112 0.600609
 0.274363 -0.320893  0.600358
 0.274581 -0.320662  0.600103
 0.274803 -0.320426  0.599842
  0.27503 -0.320186  0.599577
 0.275261 -0.319941  0.599306
 0.275496 -0.319691  0.599031
 0.275736 -0.319437   0.59875
 0.275979 -0.319178  0.598464
 0.276228 -0.318915  0.598173
  0.27648 -0.318647  0.597877
 0.276737 -0.318374  0.597577
 0.276998 -0.318097  0.597271
 0.277263 -0.317815   0.59696
 0.277533 -0.317529  0.596644
 0.277807 -0.317238  0.596322
 0.278085 -0.316943  0.595996
 0.278368 -0.316642  0.595665
 0.278656 -0.316338  0.595328
 0.278947 -0.316028  0.594987
 0.279242 -0.315715   0.59464
 0.279542 -0.315396  0.594289
 0.279847 -0.315073  0.593932
 0.280156 -0.314745   0.59357
 0.280468 -0.314413  0.593203
 0.280786 -0.314077  0.592832
 0.281107 -0.313735  0.592455
0.281433 -0.31339 0.592073
 0.281763 -0.313039  0.591686
 0.282098 -0.312684  0.591294
 0.282436 -0.312325  0.590897
 0.282779 -0.311961  0.590495
 0.283127 -0.311592  0.590088
 0.283478 -0.311219  0.589676
 0.283834 -0.310841  0.589259
 0.284195 -0.310458  0.588837
  0.28456 -0.310071  0.588409
 0.284929 -0.309679  0.587976
 0.285302 -0.309283  0.587539
  0.28568 -0.308882  0.587096
 0.286062 -0.308477  0.586649
 0.286448 -0.308067  0.586196
 0.286838 -0.307653  0.585739
 0.287234 -0.307233  0.585275
 0.287633 -0.306809  0.584808
 0.288036 -0.306381  0.584335
 0.288444 -0.305948  0.583857
 0.288856 -0.305511  0.583374
 0.289273 -0.305068  0.582885
 0.289694 -0.304621  0.582392
0.290119 -0.30417 0.581894
 0.290548 -0.303715  0.581391
 0.290978 -0.303259  0.580888
 0.291407 -0.302804  0.580385
 0.291836 -0.302348  0.579882
 0.292265 -0.301893  0.579379
 0.292694 -0.301437  0.578876
 0.293123 -0.300982  0.578373
 0.293553 -0.300526   0.57787
 0.293981 -0.300071  0.577367
 0.294411 -0.299615  0.576865
 0.29484 -0.29916 0.576362
 0.295269 -0.298705  0.575859
 0.295698 -0.298249  0.575356
 0.296127 -0.297794  0.574854
 0.296556 -0.297339  0.574351
 0.296985 -0.296883  0.573848
 0.297414 -0.296428  0.573345
 0.297843 -0.295973  0.572842
 0.298272 -0.295517  0.572339
 0.298701 -0.295062  0.571837
  0.29913 -0.294606  0.571334
 0.299559 -0.294151  0.570831
 0.299988 -0.293695  0.570328
 0.300418 -0.293239  0.569824
 0.300847 -0.292784  0.569322
 0.301276 -0.292328  0.568819
 0.301705 -0.291873  0.568316
 0.302134 -0.291418  0.567813
 0.302563 -0.290962   0.56731
 0.302992 -0.290507  0.566807
 0.303854 -0.289592  0.565797
 0.304283 -0.289137  0.565295
 0.304712 -0.288681  0.564792
 0.305141 -0.288226  0.564289
 0.30557 -0.28777 0.563786
 0.305999 -0.287315  0.563284
0.306428 -0.28686 0.562781
 0.306857 -0.286405  0.562278
 0.307286 -0.285949  0.561775
 0.307716 -0.285494  0.561272
 0.308145 -0.285038   0.56077
 0.308574 -0.284583  0.560266
 0.309003 -0.284127  0.559764
 0.309433 -0.283671   0.55926
 0.309862 -0.283216  0.558757
0.310291 -0.28276 0.558254
 0.310721 -0.282304   0.55775
  0.31115 -0.281849  0.557248
 0.311579 -0.281393  0.556745
 0.311579 -0.281393  0.556745
 0.312008 -0.280937  0.556242
 0.312867 -0.280026  0.555236
 0.312867 -0.280026  0.555236
 0.313725 -0.279115   0.55423
 0.314155 -0.278659  0.553726
 0.314155 -0.278659  0.553726
 0.315013 -0.277748   0.55272
 0.315442 -0.277293  0.552217
 0.315871 -0.276837  0.551715
   0.3163 -0.276382  0.551212
 0.316729 -0.275927  0.550709
 0.317159 -0.275471  0.550206
 0.317159 -0.275471  0.550206
 0.317588 -0.275016  0.549703
0.318017 -0.27456 0.549201
 0.318875 -0.273649  0.548194
 0.318875 -0.273649  0.548194
 0.319733 -0.272738  0.547189
 0.320163 -0.272283  0.546686
 0.320592 -0.271827  0.546183
 0.321021 -0.271372   0.54568
  0.32145 -0.270916  0.545177
 0.321879 -0.270461  0.544674
 0.322308 -0.270005  0.544171
0.322737 -0.26955 0.543668
 0.323167 -0.269094  0.543165
 0.323596 -0.268638  0.542662
 0.324025 -0.268183  0.542159
 0.324454 -0.267727  0.541656
 0.324884 -0.267271  0.541153
 0.325313 -0.266816   0.54065
 0.325742 -0.266361  0.540147
 0.326171 -0.265905  0.539644
  0.3266 -0.26545 0.539141
 0.327029 -0.264994  0.538638
 0.327459 -0.264539  0.538135
 0.327888 -0.264084  0.537633
 0.328317 -0.263628   0.53713
 0.328746 -0.263173  0.536627
 0.329175 -0.262717  0.536124
 0.329604 -0.262261  0.535621
 0.330033 -0.261806  0.535118
0.330463 -0.26135 0.534615
  0.33089 -0.260897  0.534114
 0.331319 -0.260441  0.533611
 0.331748 -0.259986  0.533108
0.332177 -0.25953 0.532605
 0.332607 -0.259075  0.532103
0.333036 -0.25862   0.5316
 0.333465 -0.258164  0.531097
 0.333894 -0.257709  0.530594
 0.334323 -0.257253  0.530091
 0.334753 -0.256797  0.529587
 0.335182 -0.256341  0.529084
 0.335611 -0.255886  0.528581
 0.33604 -0.25543 0.528078
 0.336469 -0.254975  0.527576
0.336898 -0.25452 0.527073
 0.337327 -0.254064   0.52657
 0.337756 -0.253609  0.526067
 0.338185 -0.253154  0.525565
 0.338614 -0.252698  0.525062
 0.339042 -0.252245  0.524561
 0.339466 -0.251795  0.524064
0.339885 -0.25135 0.523573
   0.3403 -0.250909  0.523087
  0.34071 -0.250474  0.522606
  0.34071 -0.250474  0.522606
 0.341117 -0.250042  0.522129
 0.341916 -0.249194  0.521192
 0.342309 -0.248777  0.520732
 0.342309 -0.248777  0.520732
 0.343082 -0.247956  0.519826
 0.343082 -0.247956  0.519826
 0.343839 -0.247153  0.518939
  0.34421 -0.246759  0.518504
  0.34421 -0.246759  0.518504
 0.344577 -0.246369  0.518074
 0.345298 -0.245604  0.517229
 0.345298 -0.245604  0.517229
 0.345653 -0.245228  0.516814
 0.346003 -0.244856  0.516403
0.346348 -0.24449 0.515998
 0.346689 -0.244128  0.515599
 0.347358 -0.243418  0.514815
0.347686 -0.24307 0.514431
  0.34801 -0.242726  0.514051
  0.34833 -0.242387  0.513677
 0.348645 -0.242052  0.513307
 0.348956 -0.241722  0.512943
 0.349262 -0.241397  0.512584
 0.349565 -0.241075  0.512229
 0.349863 -0.240759   0.51188
 0.350157 -0.240448  0.511536
 0.350446 -0.240141  0.511197
 0.350731 -0.239838  0.510862
0.351012 -0.23954 0.510533
 0.351289 -0.239246  0.510209
 0.351561 -0.238957   0.50989
 0.351561 -0.238957   0.50989
 0.351829 -0.238673  0.509576
 0.352092 -0.238393  0.509267
 0.352351 -0.238118  0.508964
 0.352856 -0.237583  0.508373
 0.353102 -0.237322  0.508084
 0.353102 -0.237322  0.508084
 0.353581 -0.236813  0.507522
 0.353814 -0.236566  0.507249
 0.354043 -0.236323  0.506981
 0.354043 -0.236323  0.506981
 0.354268 -0.236084  0.506718
0.354488 -0.23585  0.50646
 0.354704 -0.235621  0.506207
 0.355123 -0.235176  0.505715
 0.355326 -0.234961  0.505477
 0.355326 -0.234961  0.505477
0.355525 -0.23475 0.505244
 0.355719 -0.234544  0.505017
 0.355909 -0.234342  0.504794
 0.356095 -0.234145  0.504576
 0.356453 -0.233764  0.504156
 0.356453 -0.233764  0.504156
 0.356626 -0.233581  0.503954
 0.356795 -0.233402  0.503756
 0.356959 -0.233228  0.503564
 0.357119 -0.233058  0.503377
 0.357274 -0.232893  0.503194
 0.357425 -0.232733  0.503017
 0.357572 -0.232577  0.502845
 0.357715 -0.232425  0.502678
 0.357853 -0.232278  0.502516
 0.357987 -0.232136  0.502359
 0.358117 -0.231999  0.502207
 0.358363 -0.231737  0.501918
  0.35848 -0.231613  0.501781
 0.358592 -0.231494   0.50165
   0.3587 -0.231379  0.501523
 0.358804 -0.231269  0.501401
 0.358904 -0.231164  0.501285
 0.358999 -0.231063  0.501173
  0.35909 -0.230966  0.501067
 0.359176 -0.230875  0.500966
 0.359258 -0.230787  0.500869
 0.359336 -0.230705  0.500778
  0.35941 -0.230627  0.500692
 0.359479 -0.230553  0.500611
 0.359544 -0.230484  0.500535
0.359604 -0.23042 0.500464
0.359661 -0.23036 0.500398
 0.359713 -0.230305  0.500337
  0.35976 -0.230254  0.500281
 0.359804 -0.230208   0.50023
 0.359843 -0.230167  0.500184
0.359877 -0.23013 0.500144
 0.359908 -0.230098  0.500108
0.359934 -0.23007 0.500078
 0.359956 -0.230047  0.500052
 0.359973 -0.230029  0.500032
 0.359986 -0.230015  0.500016
 0.359995 -0.230005  0.500006
 0.359999 -0.230001  0.500001
 0.36 -0.23   0.5
 0.36 -0.23   0.5
 0.36 -0.23   0.5
 0.36 -0.23   0.5
 0.36 -0.23   0.5
 0.36 -0.23   0.5
 0.36 -0.23   0.5
 0.36 -0.23   0.5
 0.36 -0.23   0.5
 0.36 -0.23   0.5
 0.36 -0.23   0.5
 0.36 -0.23   0.5
 0.36 -0.23   0.5
 0.36 -0.23   0.5
 0.36 -0.23   0.5
 0.36 -0.23   0.5
 0.36 -0.23   0.5
 0.36 -0.23   0.5
 0.36 -0.23   0.5
 0.36 -0.23   0.5
 0.36 -0.23   0.5
 0.36 -0.23   0.5
 0.36 -0.23   0.5
 0.36 -0.23   0.5
 0.36 -0.23   0.5
 0.36 -0.23   0.5
 0.36 -0.23   0.5
 0.36 -0.23   0.5
 0.36 -0.23   0.5
 0.36 -0.23   0.5
 0.36 -0.23   0.5
 0.36 -0.23   0.5
 0.36 -0.23   0.5
 0.36 -0.23   0.5
 0.36 -0.23   0.5
 0.36 -0.23   0.5
 0.36 -0.23   0.5
 0.36 -0.23   0.5
 0.36 -0.23   0.5
 0.36 -0.23   0.5
 0.36 -0.23   0.5
 0.36 -0.23   0.5
 0.36 -0.23   0.5
 0.36 -0.23   0.5
 0.36 -0.23   0.5
 0.36 -0.23   0.5
 0.36 -0.23   0.5
 0.36 -0.23   0.5
 0.36 -0.23   0.5
 0.36 -0.23   0.5
 0.36 -0.23   0.5
 0.36 -0.23   0.5
 0.36 -0.23   0.5
 0.36 -0.23   0.5
 0.36 -0.23   0.5
 0.36 -0.23   0.5
 0.36 -0.23   0.5
 0.36 -0.23   0.5
 0.36 -0.23   0.5
 0.36 -0.23   0.5
 0.36 -0.23   0.5
 0.36 -0.23   0.5
 0.36 -0.23   0.5
 0.36 -0.23   0.5
 0.36 -0.23   0.5
 0.36 -0.23   0.5
 0.36 -0.23   0.5
 0.36 -0.23   0.5
 0.36 -0.23   0.5
 0.36 -0.23   0.5
 0.36 -0.23   0.5
 0.36 -0.23   0.5
 0.36 -0.23   0.5
 0.36 -0.23   0.5
 0.36 -0.23   0.5
 0.36 -0.23   0.5
 0.36 -0.23   0.5
 0.36 -0.23   0.5
 0.36 -0.23   0.5
 0.36 -0.23   0.5
 0.36 -0.23   0.5
 0.36 -0.23   0.5
 0.36 -0.23   0.5
 0.36 -0.23   0.5
 0.36 -0.23   0.5
 0.36 -0.23   0.5
 0.36 -0.23   0.5
 0.36 -0.23   0.5
 0.36 -0.23   0.5
 0.36 -0.23   0.5
 0.36 -0.23   0.5
 0.36 -0.23   0.5
 0.36 -0.23   0.5
 0.36 -0.23   0.5
 0.36 -0.23   0.5
 0.36 -0.23   0.5
 0.36 -0.23   0.5
 0.36 -0.23   0.5
 0.36 -0.23   0.5
 0.36 -0.23   0.5
 0.36 -0.23   0.5
 0.36 -0.23   0.5
 0.36 -0.23   0.5
 0.36 -0.23   0.5
 0.36 -0.23   0.5
 0.36 -0.23   0.5
 0.36 -0.23   0.5
 0.36 -0.23   0.5
 0.36 -0.23   0.5
 0.36 -0.23   0.5
 0.36 -0.23   0.5
 0.36 -0.23   0.5
 0.36 -0.23   0.5
 0.36 -0.23   0.5
 0.36 -0.23   0.5
 0.36 -0.23   0.5
 0.36 -0.23   0.5
 0.36 -0.23   0.5
 0.36 -0.23   0.5
 0.36 -0.23   0.5
 0.36 -0.23   0.5
 0.36 -0.23   0.5
 0.36 -0.23   0.5
 0.36 -0.23   0.5
 0.36 -0.23   0.5
 0.36 -0.23   0.5
 0.36 -0.23   0.5
 0.36 -0.23   0.5
 0.36 -0.23   0.5
 0.36 -0.23   0.5
 0.36 -0.23   0.5
 0.36 -0.23   0.5
 0.36 -0.23   0.5
 0.36 -0.23   0.5
 0.36 -0.23   0.5
 0.36 -0.23   0.5
 0.36 -0.23   0.5
 0.36 -0.23   0.5
 0.36 -0.23   0.5
 0.36 -0.23   0.5
 0.36 -0.23   0.5
 0.36 -0.23   0.5
 0.36 -0.23   0.5
 0.36 -0.23   0.5
 0.36 -0.23   0.5
 0.36 -0.23   0.5
 0.36 -0.23   0.5
 0.36 -0.23   0.5
 0.36 -0.23   0.5
 0.36 -0.23   0.5
 0.36 -0.23   0.5
 0.36 -0.23   0.5
 0.36 -0.23   0.5
 0.36 -0.23   0.5
 0.36 -0.23   0.5
 0.36 -0.23   0.5
 0.36 -0.23   0.5
 0.36 -0.23   0.5
 0.36 -0.23   0.5
 0.36 -0.23   0.5
 0.36 -0.23   0.5
 0.36 -0.23   0.5
 0.36 -0.23   0.5
 0.36 -0.23   0.5
 0.36 -0.23   0.5
 0.36 -0.23   0.5
 0.36 -0.23   0.5
 0.36 -0.23   0.5
 0.36 -0.23   0.5
 0.36 -0.23   0.5
 0.36 -0.23   0.5
 0.36 -0.23   0.5
 0.36 -0.23   0.5
 0.36 -0.23   0.5
 0.36 -0.23   0.5
 0.36 -0.23   0.5
 0.36 -0.23   0.5
 0.36 -0.23   0.5
 0.36 -0.23   0.5
 0.36 -0.23   0.5
 0.36 -0.23   0.5
 0.36 -0.23   0.5
 0.36 -0.23   0.5
 0.36 -0.23   0.5
 0.36 -0.23   0.5
 0.36 -0.23   0.5
 0.36 -0.23   0.5
 0.36 -0.23   0.5
 0.36 -0.23   0.5
 0.36 -0.23   0.5
 0.36 -0.23   0.5
 0.36 -0.23   0.5
 0.36 -0.23   0.5
 0.36 -0.23   0.5
 0.36 -0.23   0.5
 0.36 -0.23   0.5
 0.36 -0.23   0.5
 0.36 -0.23   0.5
 0.36 -0.23   0.5
 0.36 -0.23   0.5
 0.36 -0.23   0.5
 0.36 -0.23   0.5
 0.36 -0.23   0.5
 0.36 -0.23   0.5
 0.36 -0.23   0.5
 0.36 -0.23   0.5
 0.36 -0.23   0.5
 0.36 -0.23   0.5
 0.36 -0.23   0.5
 0.36 -0.23   0.5
 0.36 -0.23   0.5
 0.36 -0.23   0.5
 0.36 -0.23   0.5
 0.36 -0.23   0.5
 0.36 -0.23   0.5
 0.36 -0.23   0.5
 0.36 -0.23   0.5
 0.36 -0.23   0.5
 0.36 -0.23   0.5
 0.36 -0.23   0.5
 0.36 -0.23   0.5
 0.36 -0.23   0.5
 0.36 -0.23   0.5
 0.36 -0.23   0.5
 0.36 -0.23   0.5
 0.36 -0.23   0.5
 0.36 -0.23   0.5
 0.36 -0.23   0.5
 0.36 -0.23   0.5
 0.36 -0.23   0.5
 0.36 -0.23   0.5
 0.36 -0.23   0.5
 0.36 -0.23   0.5
 0.36 -0.23   0.5
 0.36 -0.23   0.5
 0.36 -0.23   0.5
 0.36 -0.23   0.5
 0.36 -0.23   0.5
 0.36 -0.23   0.5
 0.36 -0.23   0.5
 0.36 -0.23   0.5
 0.36 -0.23   0.5
 0.36 -0.23   0.5
 0.36 -0.23   0.5
 0.36 -0.23   0.5
 0.36 -0.23   0.5
 0.36 -0.23   0.5
 0.36 -0.23   0.5
 0.36 -0.23   0.5
 0.36 -0.23   0.5
 0.36 -0.23   0.5
 0.36 -0.23   0.5
 0.36 -0.23   0.5
 0.36 -0.23   0.5
 0.36 -0.23   0.5
 0.36 -0.23   0.5
 0.36 -0.23   0.5
 0.36 -0.23   0.5
 0.36 -0.23   0.5
 0.36 -0.23   0.5
 0.36 -0.23   0.5
 0.36 -0.23   0.5
 0.36 -0.23   0.5
 0.36 -0.23   0.5
 0.36 -0.23   0.5
 0.36 -0.23   0.5
 0.36 -0.23   0.5
 0.36 -0.23   0.5
 0.36 -0.23   0.5
 0.36 -0.23   0.5
 0.36 -0.23   0.5
 0.36 -0.23   0.5
 0.36 -0.23   0.5
 0.36 -0.23   0.5
 0.36 -0.23   0.5
 0.36 -0.23   0.5
 0.36 -0.23   0.5
 0.36 -0.23   0.5
 0.36 -0.23   0.5
 0.36 -0.23   0.5
 0.36 -0.23   0.5
 0.36 -0.23   0.5
 0.36 -0.23   0.5
 0.36 -0.23   0.5
 0.36 -0.23   0.5
 0.36 -0.23   0.5
 0.36 -0.23   0.5
 0.36 -0.23   0.5
 0.36 -0.23   0.5
 0.36 -0.23   0.5
 0.36 -0.23   0.5
 0.36 -0.23   0.5
 0.36 -0.23   0.5
 0.36 -0.23   0.5
 0.36 -0.23   0.5
 0.36 -0.23   0.5
 0.36 -0.23   0.5
 0.36 -0.23   0.5
 0.36 -0.23   0.5
 0.36 -0.23   0.5
 0.36 -0.23   0.5
 0.36 -0.23   0.5
 0.36 -0.23   0.5
 0.36 -0.23   0.5
 0.36 -0.23   0.5
 0.36 -0.23   0.5
 0.36 -0.23   0.5
 0.36 -0.23   0.5
 0.36 -0.23   0.5
 0.36 -0.23   0.5
 0.36 -0.23   0.5
 0.36 -0.23   0.5
 0.36 -0.23   0.5
 0.36 -0.23   0.5
 0.36 -0.23   0.5
 0.36 -0.23   0.5
 0.36 -0.23   0.5
 0.36 -0.23   0.5
 0.36 -0.23   0.5
 0.36 -0.23   0.5
 0.36 -0.23   0.5
 0.36 -0.23   0.5
 0.36 -0.23   0.5
 0.36 -0.23   0.5
 0.36 -0.23   0.5
 0.36 -0.23   0.5
 0.36 -0.23   0.5
 0.36 -0.23   0.5
 0.36 -0.23   0.5
 0.36 -0.23   0.5
 0.36 -0.23   0.5
 0.36 -0.23   0.5
 0.36 -0.23   0.5
 0.36 -0.23   0.5
 0.36 -0.23   0.5
 0.36 -0.23   0.5
 0.36 -0.23   0.5
 0.36 -0.23   0.5
 0.36 -0.23   0.5
 0.36 -0.23   0.5
 0.36 -0.23   0.5
 0.36 -0.23   0.5
 0.36 -0.23   0.5
 0.36 -0.23   0.5
 0.36 -0.23   0.5
 0.36 -0.23   0.5
 0.36 -0.23   0.5
 0.36 -0.23   0.5
 0.36 -0.23   0.5
 0.36 -0.23   0.5
 0.36 -0.23   0.5
 0.36 -0.23   0.5
 0.36 -0.23   0.5
 0.36 -0.23   0.5
 0.36 -0.23   0.5
 0.36 -0.23   0.5
 0.36 -0.23   0.5
 0.36 -0.23   0.5
 0.36 -0.23   0.5
 0.36 -0.23   0.5
 0.36 -0.23   0.5
 0.36 -0.23   0.5
 0.36 -0.23   0.5
 0.36 -0.23   0.5
 0.36 -0.23   0.5
 0.36 -0.23   0.5
 0.36 -0.23   0.5
 0.36 -0.23   0.5
 0.36 -0.23   0.5
 0.36 -0.23   0.5
 0.36 -0.23   0.5
 0.36 -0.23   0.5
 0.36 -0.23   0.5
 0.36 -0.23   0.5
 0.36 -0.23   0.5
 0.36 -0.23   0.5
 0.36 -0.23   0.5
 0.36 -0.23   0.5
 0.36 -0.23   0.5
 0.36 -0.23   0.5
 0.36 -0.23   0.5
 0.36 -0.23   0.5
 0.36 -0.23   0.5
 0.36 -0.23   0.5
 0.36 -0.23   0.5
 0.36 -0.23   0.5
 0.36 -0.23   0.5
 0.36 -0.23   0.5
 0.36 -0.23   0.5
 0.36 -0.23   0.5
 0.36 -0.23   0.5
 0.36 -0.23   0.5
 0.36 -0.23   0.5
 0.36 -0.23   0.5
 0.36 -0.23   0.5
 0.36 -0.23   0.5
 0.36 -0.23   0.5
 0.36 -0.23   0.5
 0.36 -0.23   0.5
 0.36 -0.23   0.5
 0.36 -0.23   0.5
 0.36 -0.23   0.5
 0.36 -0.23   0.5
 0.36 -0.23   0.5
 0.36 -0.23   0.5
 0.36 -0.23   0.5
 0.36 -0.23   0.5
 0.36 -0.23   0.5
 0.36 -0.23   0.5
 0.36 -0.23   0.5
 0.36 -0.23   0.5
 0.36 -0.23   0.5
 0.36 -0.23   0.5
 0.36 -0.23   0.5
 0.36 -0.23   0.5
 0.36 -0.23   0.5
 0.36 -0.23   0.5
 0.36 -0.23   0.5
 0.36 -0.23   0.5
 0.36 -0.23   0.5
 0.36 -0.23   0.5
 0.36 -0.23   0.5
 0.36 -0.23   0.5
 0.36 -0.23   0.5
 0.36 -0.23   0.5
 0.36 -0.23   0.5
 0.36 -0.23   0.5
 0.36 -0.23   0.5
 0.36 -0.23   0.5
 0.36 -0.23   0.5
 0.36 -0.23   0.5
 0.36 -0.23   0.5
 0.36 -0.23   0.5
 0.36 -0.23   0.5
 0.36 -0.23   0.5
 0.36 -0.23   0.5
 0.36 -0.23   0.5
 0.36 -0.23   0.5
 0.36 -0.23   0.5
 0.36 -0.23   0.5
 0.36 -0.23   0.5
 0.36 -0.23   0.5
 0.36 -0.23   0.5
 0.36 -0.23   0.5
 0.36 -0.23   0.5
 0.36 -0.23   0.5
 0.36 -0.23   0.5
 0.36 -0.23   0.5
 0.36 -0.23   0.5
 0.36 -0.23   0.5
 0.36 -0.23   0.5
 0.36 -0.23   0.5
 0.36 -0.23   0.5
 0.36 -0.23   0.5
 0.36 -0.23   0.5
 0.36 -0.23   0.5
 0.36 -0.23   0.5
 0.36 -0.23   0.5
 0.36 -0.23   0.5
 0.36 -0.23   0.5
 0.36 -0.23   0.5
 0.36 -0.23   0.5
 0.36 -0.23   0.5
 0.36 -0.23   0.5
 0.36 -0.23   0.5
 0.36 -0.23   0.5
 0.36 -0.23   0.5
 0.36 -0.23   0.5
