5.00679e-06
0.00963211
0.0196881
0.0297561
0.0398149
0.0498819
0.0599401
0.0699999
0.080066
0.0901229
0.100187
0.110243
0.120309
0.130376
0.140442
0.150509
0.160566
0.170636
0.180692
0.19076
0.200816
0.210872
0.220928
0.230983
0.241051
0.251105
0.261161
0.271216
0.281272
0.291326
0.301394
0.311461
0.321517
0.331574
0.34164
0.351696
0.361751
0.371817
0.381873
0.391928
0.401984
0.412039
0.422094
0.432151
0.442212
0.452269
0.462325
0.472384
0.482441
0.492501
0.502568
0.512627
0.522686
0.532744
0.54281
0.552875
0.562941
0.572996
0.583063
0.593138
0.603204
0.613272
0.623339
0.633406
0.643463
0.65353
0.663587
0.673652
0.683718
0.693777
0.703835
0.713895
0.723955
0.734027
0.744086
0.754153
0.764212
0.774272
0.784329
0.794389
0.804449
0.814508
0.824568
0.834624
0.844681
0.854738
0.864793
0.87485
0.884906
0.894961
0.905017
0.915073
0.925128
0.935183
0.945249
0.955316
0.965372
0.975428
0.985493
0.995551
1.00562
1.01568
1.02573
1.03579
1.04584
1.05591
1.06597
1.07604
1.0861
1.09616
1.10623
1.11629
1.12635
1.13641
1.14647
1.15653
1.1666
1.17666
1.18672
1.19678
1.20684
1.21689
1.22695
1.23701
1.24707
1.25715
1.26722
1.27728
1.28735
1.29741
1.30746
1.31775
1.32781
1.33786
1.34792
1.35798
1.36803
1.37809
1.38814
1.3982
1.40826
1.41832
1.42837
1.43843
1.44849
1.45855
1.46861
1.47866
1.48867
1.49873
1.50878
1.51884
1.5289
1.53896
1.54906
1.55912
1.56918
1.57924
1.58929
1.59935
1.60941
1.61947
1.62952
1.63958
1.64964
1.6597
1.66975
1.67981
1.68987
1.69993
1.71003
1.72008
1.73014
1.7402
1.75026
1.76032
1.77038
1.78044
1.79049
1.80055
1.81061
1.82067
1.83073
1.84079
1.85084
1.8609
1.87096
1.88102
1.89108
1.90114
1.9112
1.92125
1.93133
1.94139
1.95145
1.9615
1.97156
1.98162
1.99168
2.00173
2.01179
2.02184
2.0319
2.04196
2.05202
2.06207
2.07213
2.08219
2.09225
2.10231
2.11237
2.12243
2.13248
2.14254
2.1526
2.16266
2.17272
2.18277
2.19279
2.20286
2.21293
2.22299
2.23303
2.2431
2.25317
2.26324
2.2733
2.28335
2.29342
2.30348
2.31354
2.3236
2.33365
2.34371
2.35377
2.36382
2.37388
2.38394
2.39401
2.40407
2.41414
2.4242
2.43426
2.44432
2.45438
2.46444
2.47451
2.48453
2.49459
2.50465
2.51471
2.52474
2.53481
2.54486
2.55492
2.56498
2.57503
2.58509
2.59515
2.60521
2.61527
2.62532
2.63538
2.64544
2.6555
2.66555
2.67562
2.68566
2.69571
2.70577
2.71582
2.72588
2.73593
2.74599
2.75605
2.7661
2.77616
2.78623
2.79628
2.80635
2.8164
2.82646
2.83652
2.84657
2.85663
2.86675
2.87681
2.88686
2.89692
2.90698
2.91704
2.92709
2.93715
2.94725
2.95731
2.96736
2.97742
2.98748
2.99753
3.00759
3.01765
3.0277
3.03776
3.04783
3.05788
3.06795
3.078
3.08806
3.09814
3.1082
3.11825
3.12831
3.13837
3.14844
3.15849
3.16855
3.1786
3.18866
3.19871
3.20879
3.21884
3.22889
3.23895
3.249
3.25906
3.26911
3.27917
3.28922
3.29929
3.30935
3.3194
3.32946
3.33951
3.34957
3.35964
3.3697
3.37977
3.38983
3.39988
3.40994
3.42
3.43005
3.44011
3.45017
3.46022
3.47028
3.48033
3.49039
3.50045
3.51051
3.52056
3.53062
3.54067
3.55073
3.56079
3.57085
3.5809
3.59096
3.60102
3.61108
3.62113
3.63119
3.64125
3.6513
3.66136
3.67141
3.68147
3.69152
3.70158
3.71164
3.72169
3.73175
3.74181
3.75186
3.76192
3.77197
3.78203
3.79211
3.80217
3.81223
3.82228
3.83234
3.84239
3.85245
3.8625
3.87256
3.88261
3.89266
3.90272
3.91278
3.92283
3.93289
3.94295
3.95301
3.96306
3.97312
3.98317
3.99323
4.00328
4.01335
4.0234
4.03346
4.04351
4.05357
4.06362
4.07368
4.08373
4.09379
4.10384
4.1139
4.12395
4.13401
4.14406
4.15413
4.16418
4.17424
4.18429
4.19435
4.20441
4.21447
4.22453
4.23458
4.24465
4.25471
4.26477
4.27484
4.28489
4.29495
4.305
4.31507
4.32513
4.33518
4.34524
4.35529
4.36535
4.3754
4.38546
4.39551
4.40557
4.41562
4.42567
4.43573
4.44578
4.45584
4.46589
4.47594
4.486
4.49606
4.50612
4.51618
4.52623
4.53629
4.54635
4.5564
4.56646
4.57651
4.58657
4.59662
4.60668
4.61673
4.62679
4.63684
4.6469
4.65695
4.66701
4.67706
4.68712
4.69718
4.70723
4.71745
4.7275
4.73756
4.74761
4.75767
4.76773
4.77778
4.78784
4.7979
4.80796
4.81802
4.82807
4.83813
4.84819
4.85825
4.8683
4.87836
4.88842
4.89847
4.90853
4.91859
4.92865
4.9387
4.94876
4.95882
4.96888
4.97894
4.98899
4.99905
5.0091
5.01916
5.02921
5.03927
5.04933
5.05938
5.06944
5.07949
5.08955
5.0996
5.10966
5.11971
5.12977
5.13983
5.14988
5.15994
5.16999
5.18005
5.19011
5.20016
5.21022
5.22028
5.23033
5.24039
5.25044
5.26049
5.27055
5.2806
5.29065
5.30071
5.31076
5.32082
5.33087
5.34092
5.35098
5.36103
5.37109
5.38115
5.3912
5.40126
5.41131
5.42137
5.43142
5.44147
5.45153
5.46159
5.47164
5.48169
5.49175
5.50181
5.51186
5.52192
5.53198
5.54203
5.55208
5.56214
5.57219
5.58225
5.5923
5.60236
5.61241
5.62247
5.63252
5.64258
5.65264
5.6627
5.67276
5.68282
5.69287
5.70292
5.71298
5.72303
5.73309
5.74315
5.7532
5.76326
5.77332
5.78338
5.79344
5.80349
5.81354
5.8236
5.83366
5.84371
5.85377
5.86382
5.87387
5.88393
5.89398
5.90404
5.91409
5.92415
5.93421
5.94426
5.95432
5.96437
5.97443
5.98448
5.99453
6.00459
6.01464
6.0247
6.03475
6.04481
6.05487
6.06492
6.07498
6.08503
6.09509
6.10515
6.1152
6.12526
6.13532
6.14537
6.15543
6.16548
6.17554
6.1856
6.19565
6.20571
6.21576
6.22582
6.23587
6.24592
6.25598
6.26603
6.27609
6.28614
6.29619
6.30625
6.3163
6.32636
6.33642
6.34647
6.35652
6.36658
6.37663
6.38669
6.39674
6.4068
6.41685
6.4269
6.43695
6.44701
6.45706
6.46712
6.47716
6.48722
6.49728
6.50733
6.51739
6.52744
6.5375
6.54756
6.55761
6.56767
6.57772
6.58778
6.59784
6.60789
6.61795
6.628
6.63806
6.64811
6.65817
6.66822
6.67828
6.68833
6.69839
6.70844
6.7185
6.72856
6.73861
6.74867
6.75872
6.76878
6.77883
6.78889
6.79894
6.809
6.81906
6.82911
6.83917
6.84922
6.85928
6.86934
6.87939
6.88945
6.89953
6.90957
6.91962
6.92968
6.93973
6.94979
6.95984
6.96993
6.97995
6.99001
7.00007
7.01012
7.02018
7.03024
7.04029
7.05033
7.06039
7.07045
7.0805
7.09056
7.10062
7.11067
7.12073
7.13078
7.14084
7.1509
7.16096
7.17101
7.18107
7.19113
7.20118
7.21124
7.2213
7.23135
7.24141
7.25147
7.26152
7.27158
7.28163
7.29169
7.30175
7.3118
7.32186
7.33192
7.34197
7.35203
7.36208
7.37251
7.38256
7.39261
7.40267
7.41273
7.42278
7.43284
7.44289
7.45295
7.46302
7.47307
7.48313
7.49318
7.50324
7.5133
7.52336
7.53341
7.54347
7.55352
7.56358
7.57364
7.58369
7.59375
7.60381
7.61387
7.62392
7.63398
7.64404
7.65411
7.66417
7.67422
7.68428
7.69433
7.70439
7.71444
7.7245
7.73456
7.74461
7.75466
7.76472
7.77478
7.78483
7.79489
7.80494
7.815
7.82505
7.83511
