0.269504 -0.32826 0.604067
 0.269029 -0.326704   0.60699
 0.269031 -0.326702  0.606987
 0.269037 -0.326695  0.606979
 0.269048 -0.326684  0.606967
 0.269063 -0.326668  0.606949
 0.269082 -0.326647  0.606926
 0.269106 -0.326622  0.606898
 0.269134 -0.326592  0.606866
 0.269166 -0.326558  0.606828
 0.269203 -0.326519  0.606785
 0.269244 -0.326476  0.606737
 0.269289 -0.326428  0.606683
 0.269338 -0.326375  0.606625
 0.269392 -0.326318  0.606562
  0.26945 -0.326256  0.606494
0.269513 -0.32619  0.60642
 0.269579 -0.326119  0.606342
  0.26965 -0.326044  0.606259
 0.269725 -0.325964   0.60617
 0.269805 -0.325879  0.606077
0.269889 -0.32579 0.605978
 0.269977 -0.325696  0.605874
 0.270069 -0.325598  0.605766
 0.270166 -0.325495  0.605652
 0.270267 -0.325388  0.605533
 0.270372 -0.325276  0.605409
 0.270482 -0.325159   0.60528
 0.270596 -0.325038  0.605146
 0.270714 -0.324913  0.605007
 0.270837 -0.324782  0.604863
 0.270964 -0.324647  0.604714
 0.271095 -0.324508  0.604559
  0.27123 -0.324364    0.6044
  0.27137 -0.324215  0.604236
 0.271514 -0.324062  0.604066
 0.271662 -0.323905  0.603892
 0.271815 -0.323742  0.603713
 0.271972 -0.323576  0.603528
 0.272133 -0.323404  0.603338
 0.272299 -0.323228  0.603144
 0.272468 -0.323048  0.602944
 0.272643 -0.322863  0.602739
 0.272821 -0.322673  0.602529
 0.273004 -0.322479  0.602314
0.273191 -0.32228 0.602094
 0.273382 -0.322076  0.601869
 0.273578 -0.321868  0.601639
 0.273778 -0.321656  0.601404
 0.273982 -0.321439  0.601164
 0.274191 -0.321217  0.600918
 0.274404 -0.320991  0.600668
0.274621 -0.32076 0.600413
 0.274842 -0.320525  0.600152
 0.275068 -0.320285  0.599887
0.275298 -0.32004 0.599616
 0.275532 -0.319791  0.599341
 0.275771 -0.319538   0.59906
 0.276014 -0.319279  0.598775
 0.276261 -0.319016  0.598484
 0.276512 -0.318749  0.598188
 0.276768 -0.318477  0.597887
 0.277028 -0.318201  0.597581
0.277293 -0.31792  0.59727
 0.277561 -0.317634  0.596954
 0.277834 -0.317344  0.596633
 0.278112 -0.317049  0.596307
0.278393 -0.31675 0.595976
 0.278679 -0.316446   0.59564
 0.278969 -0.316137  0.595298
 0.279264 -0.315824  0.594952
 0.279563 -0.315506    0.5946
 0.279866 -0.315184  0.594244
 0.280174 -0.314857  0.593882
 0.280485 -0.314526  0.593515
 0.280802 -0.314189  0.593143
 0.281122 -0.313849  0.592767
 0.281447 -0.313503  0.592384
 0.281776 -0.313154  0.591997
 0.282109 -0.312799  0.591606
 0.282447 -0.312441  0.591209
 0.282789 -0.312077  0.590807
 0.283135 -0.311709    0.5904
 0.283485 -0.311337  0.589987
  0.28384 -0.310959   0.58957
 0.284199 -0.310578  0.589148
 0.284562 -0.310192   0.58872
  0.28493 -0.309801  0.588288
 0.285302 -0.309405   0.58785
 0.285679 -0.309005  0.587408
0.286059  -0.3086  0.58696
 0.286444 -0.308191  0.586507
 0.286833 -0.307778   0.58605
 0.287227 -0.307359  0.585587
 0.287624 -0.306937  0.585119
 0.288027 -0.306509  0.584646
 0.288433 -0.306077  0.584169
 0.288844 -0.305641  0.583686
0.289258  -0.3052 0.583198
 0.289678 -0.304754  0.582704
 0.290102 -0.304303  0.582206
 0.290529 -0.303849  0.581704
 0.290956 -0.303395  0.581201
 0.291384 -0.302941  0.580698
 0.291811 -0.302486  0.580196
 0.292239 -0.302032  0.579693
 0.292666 -0.301577   0.57919
 0.293094 -0.301122  0.578687
 0.293522 -0.300668  0.578184
 0.293949 -0.300214  0.577681
 0.294376 -0.299759  0.577179
 0.294804 -0.299305  0.576676
 0.295231 -0.298851  0.576173
 0.295659 -0.298396   0.57567
 0.296086 -0.297942  0.575168
 0.296514 -0.297487  0.574665
 0.296941 -0.297033  0.574162
 0.297369 -0.296578  0.573659
 0.297796 -0.296124  0.573157
0.298224 -0.29567 0.572654
 0.298651 -0.295215  0.572151
 0.299078 -0.294761  0.571649
 0.299506 -0.294306  0.571146
 0.299933 -0.293852  0.570643
 0.300361 -0.293398   0.57014
 0.300788 -0.292943  0.569638
 0.301216 -0.292489  0.569135
 0.301643 -0.292034  0.568632
0.302071 -0.29158 0.568129
 0.302499 -0.291125  0.567626
 0.302926 -0.290671  0.567123
 0.303354 -0.290216  0.566621
 0.303781 -0.289762  0.566118
 0.304209 -0.289307  0.565615
 0.304636 -0.288853  0.565112
 0.305064 -0.288398  0.564609
 0.305491 -0.287944  0.564106
 0.306347 -0.287034    0.5631
0.306775 -0.28658 0.562597
 0.307202 -0.286125  0.562094
 0.30763 -0.28567 0.561591
 0.308058 -0.285215  0.561087
0.308486 -0.28476 0.560584
 0.308914 -0.284305  0.560081
 0.309342 -0.283851  0.559578
 0.309769 -0.283396  0.559075
 0.310197 -0.282942  0.558573
 0.310622 -0.282489  0.558072
  0.31105 -0.282035  0.557569
0.311477 -0.28158 0.557066
 0.311905 -0.281126  0.556563
 0.312333 -0.280672  0.556061
 0.312761 -0.280216  0.555557
 0.313189 -0.279761  0.555053
 0.313617 -0.279306   0.55455
 0.314044 -0.278852  0.554048
 0.314044 -0.278852  0.554048
   0.3149 -0.277942  0.553041
   0.3149 -0.277942  0.553041
 0.315327 -0.277488  0.552539
 0.315756 -0.277032  0.552034
 0.316184 -0.276577  0.551531
 0.317039 -0.275668  0.550525
 0.317039 -0.275668  0.550525
 0.317467 -0.275214  0.550022
 0.318322 -0.274304  0.549017
 0.318322 -0.274304  0.549017
 0.319177 -0.273396  0.548011
 0.319605 -0.272941  0.547508
 0.320032 -0.272486  0.547005
  0.32046 -0.272032  0.546502
 0.320887 -0.271578     0.546
 0.321315 -0.271123  0.545497
 0.321742 -0.270669  0.544994
  0.32217 -0.270214  0.544491
 0.322598 -0.269759  0.543988
 0.323025 -0.269305  0.543485
 0.323453 -0.268851  0.542983
  0.32388 -0.268396   0.54248
 0.324308 -0.267942  0.541977
 0.324735 -0.267487  0.541474
 0.325163 -0.267032  0.540971
 0.325591 -0.266578  0.540468
 0.326018 -0.266124  0.539965
 0.326445 -0.265669  0.539463
 0.326873 -0.265215   0.53896
0.327301 -0.26476 0.538457
 0.327728 -0.264306  0.537954
 0.328155 -0.263852  0.537452
 0.328583 -0.263397  0.536948
 0.329011 -0.262942  0.536446
 0.329438 -0.262488  0.535943
 0.329866 -0.262033   0.53544
 0.330293 -0.261579  0.534937
 0.330721 -0.261124  0.534435
 0.331149 -0.260669   0.53393
 0.331577 -0.260214  0.533428
 0.332005 -0.259759  0.532924
 0.332433 -0.259305  0.532421
 0.332862 -0.258849  0.531917
 0.332862 -0.258849  0.531917
 0.333289 -0.258394  0.531414
 0.333717 -0.257939  0.530911
 0.334145 -0.257485  0.530408
    0.335 -0.256576  0.529402
 0.335427 -0.256121    0.5289
 0.335427 -0.256121    0.5289
 0.335855 -0.255667  0.528397
 0.336282 -0.255212  0.527894
  0.33671 -0.254758  0.527391
 0.337138 -0.254303  0.526888
 0.337565 -0.253849  0.526385
 0.337993 -0.253394  0.525882
 0.338421 -0.252939  0.525379
 0.338848 -0.252485  0.524876
 0.339692 -0.251587  0.523883
 0.339692 -0.251587  0.523883
 0.340108 -0.251145  0.523394
  0.34052 -0.250708   0.52291
 0.340927 -0.250275  0.522432
 0.341727 -0.249424   0.52149
 0.342121 -0.249005  0.521027
 0.342511 -0.248591  0.520568
 0.342511 -0.248591  0.520568
0.342898 -0.24818 0.520114
 0.343657 -0.247373  0.519221
 0.344029 -0.246977  0.518783
 0.344029 -0.246977  0.518783
 0.344762 -0.246198  0.517921
 0.345122 -0.245816  0.517498
 0.345477 -0.245438   0.51708
 0.345477 -0.245438   0.51708
 0.345828 -0.245065  0.516667
 0.346175 -0.244696  0.516259
 0.346518 -0.244331  0.515856
 0.346857 -0.243971  0.515457
 0.347191 -0.243616  0.515065
 0.347521 -0.243266  0.514677
0.347846 -0.24292 0.514294
 0.348484 -0.242242  0.513544
0.348796 -0.24191 0.513176
 0.349105 -0.241582  0.512813
 0.349409 -0.241259  0.512456
 0.349409 -0.241259  0.512456
 0.350004 -0.240626  0.511756
 0.350295 -0.240316  0.511414
 0.350582 -0.240012  0.511076
 0.350864 -0.239711  0.510744
 0.351142 -0.239416  0.510417
 0.351416 -0.239125  0.510095
 0.351686 -0.238838  0.509778
 0.351952 -0.238556  0.509466
 0.352212 -0.238278  0.509159
 0.352469 -0.238006  0.508857
 0.352721 -0.237737   0.50856
  0.35297 -0.237473  0.508268
 0.353214 -0.237214  0.507981
 0.353453 -0.236959    0.5077
 0.353688 -0.236709  0.507423
 0.353919 -0.236464  0.507152
 0.354146 -0.236223  0.506885
 0.354368 -0.235987  0.506623
 0.354586 -0.235755  0.506367
   0.3548 -0.235528  0.506116
 0.355009 -0.235305   0.50587
 0.355214 -0.235088  0.505629
 0.355415 -0.234874  0.505393
 0.355611 -0.234665  0.505162
 0.355803 -0.234461  0.504936
 0.355991 -0.234261  0.504715
 0.356175 -0.234066  0.504499
 0.356354 -0.233876  0.504288
0.356529 -0.23369 0.504082
   0.3567 -0.233508  0.503881
 0.356866 -0.233331  0.503686
 0.357028 -0.233159  0.503495
 0.357186 -0.232991  0.503309
 0.357339 -0.232828  0.503129
0.357489 -0.23267 0.502954
 0.357633 -0.232516  0.502783
 0.357774 -0.232366  0.502618
  0.35791 -0.232222  0.502458
 0.358042 -0.232081  0.502303
  0.35817 -0.231946  0.502153
 0.358293 -0.231815  0.502008
 0.358412 -0.231688  0.501868
 0.358527 -0.231566  0.501733
 0.358637 -0.231449  0.501603
 0.358743 -0.231336  0.501478
 0.358845 -0.231228  0.501358
 0.358942 -0.231124  0.501244
 0.359036 -0.231025  0.501134
 0.359125 -0.230931   0.50103
 0.359209 -0.230841   0.50093
 0.359289 -0.230755  0.500836
 0.359365 -0.230674  0.500746
 0.359437 -0.230598  0.500662
 0.359505 -0.230527  0.500583
0.359568 -0.23046 0.500508
 0.359627 -0.230397  0.500439
 0.359681 -0.230339  0.500375
 0.359731 -0.230286  0.500316
 0.359777 -0.230237  0.500262
 0.359819 -0.230192  0.500213
 0.359856 -0.230153  0.500169
 0.359889 -0.230118   0.50013
 0.359918 -0.230087  0.500096
 0.359942 -0.230061  0.500068
0.359963 -0.23004 0.500044
 0.359978 -0.230023  0.500025
  0.35999 -0.230011  0.500012
 0.359997 -0.230003  0.500003
 0.36 -0.23   0.5
 0.36 -0.23   0.5
 0.36 -0.23   0.5
 0.36 -0.23   0.5
 0.36 -0.23   0.5
 0.36 -0.23   0.5
 0.36 -0.23   0.5
 0.36 -0.23   0.5
 0.36 -0.23   0.5
 0.36 -0.23   0.5
 0.36 -0.23   0.5
 0.36 -0.23   0.5
 0.36 -0.23   0.5
 0.36 -0.23   0.5
 0.36 -0.23   0.5
 0.36 -0.23   0.5
 0.36 -0.23   0.5
 0.36 -0.23   0.5
 0.36 -0.23   0.5
 0.36 -0.23   0.5
 0.36 -0.23   0.5
 0.36 -0.23   0.5
 0.36 -0.23   0.5
 0.36 -0.23   0.5
 0.36 -0.23   0.5
 0.36 -0.23   0.5
 0.36 -0.23   0.5
 0.36 -0.23   0.5
 0.36 -0.23   0.5
 0.36 -0.23   0.5
 0.36 -0.23   0.5
 0.36 -0.23   0.5
 0.36 -0.23   0.5
 0.36 -0.23   0.5
 0.36 -0.23   0.5
 0.36 -0.23   0.5
 0.36 -0.23   0.5
 0.36 -0.23   0.5
 0.36 -0.23   0.5
 0.36 -0.23   0.5
 0.36 -0.23   0.5
 0.36 -0.23   0.5
 0.36 -0.23   0.5
 0.36 -0.23   0.5
 0.36 -0.23   0.5
 0.36 -0.23   0.5
 0.36 -0.23   0.5
 0.36 -0.23   0.5
 0.36 -0.23   0.5
 0.36 -0.23   0.5
 0.36 -0.23   0.5
 0.36 -0.23   0.5
 0.36 -0.23   0.5
 0.36 -0.23   0.5
 0.36 -0.23   0.5
 0.36 -0.23   0.5
 0.36 -0.23   0.5
 0.36 -0.23   0.5
 0.36 -0.23   0.5
 0.36 -0.23   0.5
 0.36 -0.23   0.5
 0.36 -0.23   0.5
 0.36 -0.23   0.5
 0.36 -0.23   0.5
 0.36 -0.23   0.5
 0.36 -0.23   0.5
 0.36 -0.23   0.5
 0.36 -0.23   0.5
 0.36 -0.23   0.5
 0.36 -0.23   0.5
 0.36 -0.23   0.5
 0.36 -0.23   0.5
 0.36 -0.23   0.5
 0.36 -0.23   0.5
 0.36 -0.23   0.5
 0.36 -0.23   0.5
 0.36 -0.23   0.5
 0.36 -0.23   0.5
 0.36 -0.23   0.5
 0.36 -0.23   0.5
 0.36 -0.23   0.5
 0.36 -0.23   0.5
 0.36 -0.23   0.5
 0.36 -0.23   0.5
 0.36 -0.23   0.5
 0.36 -0.23   0.5
 0.36 -0.23   0.5
 0.36 -0.23   0.5
 0.36 -0.23   0.5
 0.36 -0.23   0.5
 0.36 -0.23   0.5
 0.36 -0.23   0.5
 0.36 -0.23   0.5
 0.36 -0.23   0.5
 0.36 -0.23   0.5
 0.36 -0.23   0.5
 0.36 -0.23   0.5
 0.36 -0.23   0.5
 0.36 -0.23   0.5
 0.36 -0.23   0.5
 0.36 -0.23   0.5
 0.36 -0.23   0.5
 0.36 -0.23   0.5
 0.36 -0.23   0.5
 0.36 -0.23   0.5
 0.36 -0.23   0.5
 0.36 -0.23   0.5
 0.36 -0.23   0.5
