7.15256e-06
0.00951195
0.0195689
0.0296249
0.039681
0.0497551
0.0598111
0.069865
0.0799191
0.089973
0.100027
0.110085
0.12014
0.130206
0.140271
0.150343
0.160399
0.170454
0.180521
0.190604
0.200672
0.210748
0.220814
0.230871
0.240935
0.25099
0.261045
0.271099
0.281155
0.29121
0.301276
0.311331
0.321397
0.331453
0.341506
0.351562
0.361619
0.371674
0.381729
0.391784
0.40184
0.411924
0.422008
0.432075
0.442131
0.45219
0.462247
0.472302
0.482359
0.492416
0.502473
0.512531
0.522588
0.532645
0.542704
0.552763
0.562833
0.572891
0.582957
0.593014
0.603075
0.61313
0.623201
0.633266
0.643322
0.653417
0.663485
0.673552
0.683623
0.693693
0.703749
0.713819
0.723884
0.733939
0.744006
0.754072
0.764137
0.774194
0.78426
0.794315
0.804343
0.814399
0.824464
0.83452
0.844586
0.854642
0.864697
0.874753
0.884818
0.894892
0.904957
0.915025
0.925082
0.935137
0.945192
0.955249
0.965304
0.97536
0.985368
0.995422
1.00548
1.01553
1.02559
1.03566
1.04571
1.05577
1.06583
1.07589
1.08595
1.09601
1.10608
1.11614
1.1262
1.13627
1.14634
1.15639
1.16646
1.17652
1.18658
1.19664
1.2067
1.21676
1.22681
1.23687
1.24693
1.25699
1.26705
1.2771
1.28717
1.29723
1.30729
1.31735
1.32744
1.3375
1.34759
1.35766
1.36774
1.37781
1.38787
1.39796
1.40802
1.41808
1.42814
1.4382
1.44825
1.45831
1.46837
1.47842
1.48848
1.49854
1.50859
1.51864
1.52869
1.53875
1.54881
1.55886
1.56892
1.57897
1.58902
1.5991
1.60917
1.61923
1.6293
1.63935
1.64941
1.65947
1.66953
1.67959
1.68966
1.69973
1.70978
1.71984
1.7299
1.73996
1.75003
1.76008
1.77014
1.7802
1.79026
1.80032
1.81037
1.82043
1.83049
1.84055
1.8506
1.86066
1.87072
1.88078
1.89083
1.90089
1.91096
1.92103
1.93108
1.94114
1.95119
1.96125
1.97131
1.98136
1.99142
2.00147
2.01153
2.02158
2.03164
2.0417
2.05175
2.06181
2.07187
2.08192
2.09198
2.10205
2.1121
2.12216
2.13222
2.14228
2.15233
2.16239
2.17245
2.1825
2.19256
2.20261
2.21267
2.22273
2.23278
2.24284
2.25291
2.26297
2.27303
2.28309
2.29314
2.3032
2.31326
2.32328
2.33335
2.3434
2.35346
2.36352
2.37359
2.38365
2.3937
2.40376
2.41383
2.42388
2.43395
2.44401
2.45409
2.46416
2.47422
2.48427
2.49433
2.5044
2.51445
2.52452
2.53458
2.54472
2.55479
2.56485
2.5749
2.58496
2.59503
2.6051
2.61516
2.62521
2.63524
2.6453
2.65536
2.66543
2.67559
2.68564
2.6957
2.70576
2.71581
2.72587
2.73592
2.74598
2.75603
2.76609
2.77614
2.7862
2.79626
2.80631
2.81637
2.82643
2.83648
2.84654
2.85659
2.86665
2.87671
2.88676
2.89682
2.90687
2.91693
2.92698
2.93704
2.94709
2.95715
2.96721
2.97726
2.98732
2.99737
3.00743
3.01749
3.02754
3.0376
3.04766
3.05772
3.06777
3.07783
3.08789
3.09795
3.10801
3.11807
3.12813
3.13819
3.14824
3.1583
3.16836
3.17841
3.18849
3.19855
3.2086
3.21863
3.22871
3.23876
3.24882
3.25889
3.26897
3.27903
3.28908
3.29914
3.3092
3.31925
3.32931
3.33937
3.34943
3.35948
3.36954
3.3796
3.38965
3.39971
3.40977
3.41982
3.42988
3.43993
3.44999
3.46005
3.4701
3.48017
3.49023
3.50029
3.51034
3.52042
3.53049
3.54055
3.5506
3.56069
3.57074
3.5808
3.59086
3.60091
3.61097
3.62103
3.63109
3.64114
3.6512
3.66126
3.67131
3.68137
3.69144
3.7015
3.71156
3.72162
3.73168
3.74173
3.75179
3.76184
3.7719
3.78196
3.79201
3.80207
3.81214
3.82219
3.83225
3.84231
3.85237
3.86242
3.87248
3.88254
3.89259
3.90267
3.91272
3.92278
3.93286
3.94291
3.95298
3.96304
3.9731
3.98344
3.9935
4.00355
4.01361
4.02367
4.03372
4.04378
4.05383
4.0639
4.07396
4.08401
4.09407
4.10413
4.11418
4.12424
4.1343
4.14435
4.15441
4.16446
4.17451
4.18457
4.19463
4.20468
4.21474
