 0.269011 -0.326694  0.608049
0.269013 -0.32669 0.608044
 0.269012 -0.326685  0.608039
0.269011 -0.32668 0.608032
 0.269012 -0.326684  0.608039
 0.269017 -0.326678   0.60805
 0.269023 -0.326668  0.608062
 0.269032 -0.326663   0.60808
 0.269039 -0.326657  0.608095
 0.269052 -0.326649  0.608116
0.269065 -0.32664 0.608142
0.269079 -0.32663 0.608168
 0.269098 -0.326619  0.608198
 0.269102 -0.326605  0.608194
 0.269121 -0.326592  0.608222
 0.269156 -0.326577  0.608289
  0.26918 -0.326558   0.60832
 0.269189 -0.326536  0.608316
 0.269227 -0.326517  0.608383
 0.269254 -0.326489  0.608415
 0.269279 -0.326464  0.608441
 0.269306 -0.326431   0.60847
 0.269333 -0.326397  0.608492
  0.26936 -0.326362  0.608512
 0.269388 -0.326319  0.608532
 0.269415 -0.326279  0.608546
 0.269431 -0.326229  0.608528
 0.269471 -0.326182  0.608568
 0.269488 -0.326126  0.608545
 0.269517 -0.326068  0.608545
 0.269545 -0.326007   0.60854
 0.269574 -0.325941  0.608536
 0.269602 -0.325872  0.608521
 0.269631 -0.325798  0.608506
 0.269669 -0.325721  0.608509
  0.26969 -0.325637  0.608463
0.269729 -0.32555 0.608458
 0.269753 -0.325459  0.608399
 0.269786 -0.325362  0.608367
 0.269818 -0.325264  0.608324
 0.269853 -0.325158  0.608281
0.269889 -0.32505 0.608234
 0.269926 -0.324935  0.608183
 0.269964 -0.324818  0.608129
 0.270004 -0.324693  0.608071
 0.270046 -0.324563  0.608011
 0.270098 -0.324436  0.607973
 0.270142 -0.324299  0.607901
  0.27018 -0.324151    0.6078
 0.270228 -0.324002  0.607723
0.270278 -0.32385 0.607642
  0.27033 -0.323692  0.607557
 0.270384 -0.323528  0.607471
 0.270439 -0.323361  0.607377
 0.270497 -0.323188  0.607284
 0.270555 -0.323012   0.60718
 0.270616 -0.322828  0.607076
 0.270679 -0.322642  0.606967
 0.270743 -0.322448  0.606854
  0.27081 -0.322249  0.606739
 0.270877 -0.322047  0.606615
 0.270948 -0.321837  0.606492
 0.271029 -0.321597  0.606359
 0.271104 -0.321376  0.606228
 0.271193 -0.321175  0.606135
 0.271271 -0.320946  0.605993
 0.271347 -0.320715  0.605832
 0.271428 -0.320476   0.60568
 0.271509 -0.320232  0.605521
 0.271593 -0.319985  0.605359
0.271677 -0.31973 0.605187
0.271764 -0.31947 0.605012
 0.271852 -0.319207  0.604831
 0.271941 -0.318937  0.604645
 0.272032 -0.318663  0.604454
 0.272125 -0.318382  0.604255
0.272221  -0.3181  0.60406
0.272318 -0.31781 0.603851
 0.272414 -0.317508  0.603628
 0.272514 -0.317205  0.603408
 0.272616 -0.316896  0.603183
 0.272721 -0.316582  0.602952
 0.272828 -0.316262  0.602714
  0.27294 -0.315941  0.602483
 0.273051 -0.315611  0.602233
 0.273166 -0.315273  0.601984
 0.273282 -0.314931  0.601723
 0.273401 -0.314582  0.601461
0.273536 -0.31419 0.601175
 0.273661 -0.313833  0.600901
 0.273789 -0.313467  0.600625
 0.273918 -0.313097  0.600343
 0.274046 -0.312726  0.600036
 0.274181 -0.312348  0.599744
 0.274318 -0.311968   0.59945
 0.274459 -0.311582  0.599154
 0.274601 -0.311192  0.598854
 0.274747 -0.310799  0.598553
 0.274861 -0.310328  0.598118
 0.275049 -0.310013  0.597952
 0.275199 -0.309603  0.597628
 0.275319 -0.309119  0.597182
 0.275483 -0.308717  0.596883
  0.27568 -0.308386  0.596699
 0.275809 -0.307891  0.596241
 0.275976 -0.307471  0.595923
 0.276143 -0.307044  0.595584
  0.27632 -0.306628  0.595275
 0.276498 -0.306203  0.594946
 0.276677 -0.305772  0.594624
 0.276859 -0.305341  0.594293
 0.277045 -0.304908  0.593961
  0.27725 -0.304414  0.593614
 0.277443 -0.303975  0.593279
 0.277672 -0.303626  0.593093
 0.277869 -0.303183   0.59276
 0.278066 -0.302737  0.592421
 0.278266 -0.302286  0.592059
 0.278466 -0.301836  0.591714
 0.278667 -0.301383   0.59137
 0.278871 -0.300929  0.591025
 0.279075 -0.300473  0.590676
  0.27928 -0.300014  0.590327
 0.279453 -0.299465  0.589842
 0.279693 -0.299093  0.589622
   0.2799 -0.298631  0.589263
 0.280109 -0.298168  0.588906
 0.280287 -0.297616  0.588422
 0.280532 -0.297247  0.588203
 0.280743 -0.296783  0.587845
 0.280955 -0.296318  0.587485
 0.281169 -0.295853   0.58713
 0.281383 -0.295388   0.58677
   0.2816 -0.294923  0.586418
 0.281815 -0.294458  0.586058
 0.282045 -0.293953  0.585681
 0.282264 -0.293489  0.585327
 0.282483 -0.293024  0.584973
0.282704 -0.29256 0.584621
 0.282925 -0.292096  0.584268
 0.283148 -0.291632  0.583922
  0.28337 -0.291167   0.58357
 0.283594 -0.290704  0.583224
  0.28382 -0.290242  0.582879
 0.284045 -0.289781  0.582534
0.284272 -0.28932 0.582194
 0.284506 -0.288848  0.581828
 0.284735 -0.288389  0.581494
 0.284963 -0.287931  0.581156
 0.285193 -0.287473  0.580824
 0.285404 -0.286941  0.580406
 0.285654 -0.286561  0.580165
0.285868 -0.28603 0.579758
  0.28612 -0.285657  0.579525
 0.286336 -0.285132  0.579126
 0.28657 -0.28468  0.57881
 0.286805 -0.284229  0.578492
  0.28704 -0.283778  0.578183
  0.28729 -0.283283  0.577854
 0.287526 -0.282833  0.577543
 0.287747 -0.282424   0.57725
 0.287984 -0.281974  0.576942
 0.288221 -0.281523  0.576637
 0.288457 -0.281066  0.576325
 0.288701 -0.280675  0.576072
0.288938 -0.28022 0.575766
 0.289169 -0.279708  0.575414
 0.289411 -0.279316  0.575155
 0.289645 -0.278804   0.57481
 0.289883 -0.278347  0.574506
0.290122 -0.27794 0.574231
 0.290358 -0.277476   0.57392
 0.290595 -0.277013  0.573614
 0.290844 -0.276511  0.573287
 0.291066 -0.276081  0.572985
 0.291316 -0.275575  0.572662
 0.291551 -0.275104  0.572348
 0.291787 -0.274634  0.572035
0.292031 -0.27412 0.571715
 0.292257 -0.273687  0.571409
  0.29249 -0.273215  0.571091
 0.292724 -0.272743  0.570776
0.292957 -0.27227 0.570463
 0.293189 -0.271798  0.570148
 0.293421 -0.271324  0.569838
 0.293651 -0.270854  0.569523
 0.293882 -0.270383  0.569213
  0.29411 -0.269914    0.5689
0.294355 -0.26941 0.568603
 0.294566 -0.268977  0.568279
 0.294793 -0.268511   0.56797
 0.295038 -0.268009   0.56768
 0.295264 -0.267545  0.567373
 0.295485 -0.267091  0.567031
 0.295709 -0.266628  0.566721
 0.295934 -0.266164  0.566418
 0.296156 -0.265701  0.566108
 0.296378 -0.265238  0.565801
   0.2966 -0.264773  0.565496
 0.296807 -0.264333  0.565207
 0.297051 -0.263835  0.564932
 0.297259 -0.263404   0.56464
 0.297492 -0.262909  0.564324
 0.297713 -0.262442  0.564023
 0.297932 -0.261977  0.563715
 0.298125 -0.261543  0.563371
 0.298344 -0.261075  0.563064
 0.298562 -0.260603  0.562759
  0.29878 -0.260133  0.562448
 0.298999 -0.259659  0.562145
 0.299216 -0.259185  0.561831
 0.299465 -0.258674   0.56157
 0.299684 -0.258196  0.561261
 0.299903 -0.257717  0.560953
  0.30009 -0.257268  0.560594
  0.30034 -0.256754  0.560336
 0.300523 -0.256301  0.559971
 0.300755 -0.255793  0.559645
 0.300956 -0.255333  0.559349
 0.301171 -0.254849  0.559039
 0.301385 -0.254363  0.558729
 0.301615 -0.253854  0.558408
0.301827 -0.25337 0.558093
 0.302039 -0.252887  0.557783
  0.30225 -0.252403  0.557476
 0.302459 -0.251922  0.557165
 0.302668 -0.251443  0.556859
 0.302874 -0.250965  0.556549
 0.303117 -0.250454  0.556304
 0.303321 -0.249978  0.555998
 0.30352 -0.24951 0.555687
0.303727 -0.24902 0.555371
 0.303925 -0.248554  0.555068
 0.304121 -0.248092  0.554763
 0.304276 -0.247672  0.554397
 0.30448 -0.24719  0.55408
 0.304669 -0.246739  0.553777
 0.304856 -0.246291  0.553474
 0.305041 -0.245848  0.553174
 0.305223 -0.245404  0.552874
 0.305405 -0.244967  0.552574
 0.305585 -0.244532  0.552276
 0.305764 -0.244101  0.551979
 0.305942 -0.243672  0.551684
 0.306115 -0.243249  0.551385
 0.306303 -0.242797  0.551085
 0.306478 -0.242374  0.550793
 0.306653 -0.241955  0.550505
 0.306827 -0.241539  0.550218
 0.307048 -0.241047  0.549978
 0.307184 -0.240688  0.549639
0.307355 -0.24028 0.549355
 0.307525 -0.239873  0.549078
0.307692 -0.23947 0.548795
 0.307859 -0.239068  0.548517
 0.308059 -0.238609  0.548293
  0.30819 -0.238277  0.547964
 0.308353 -0.237885  0.547692
 0.308514 -0.237498  0.547416
 0.308673 -0.237111  0.547145
 0.308831 -0.236731  0.546874
 0.308988 -0.236353  0.546604
0.309143 -0.23598 0.546337
 0.309296 -0.235608   0.54607
 0.309449 -0.235242  0.545808
 0.309598 -0.234879   0.54554
0.309746 -0.23452 0.545277
 0.309893 -0.234165  0.545017
 0.310039 -0.233812  0.544757
  0.31021 -0.233389   0.54454
 0.310353 -0.233045  0.544285
 0.310492 -0.232705  0.544026
  0.31063 -0.232368  0.543773
  0.31074 -0.232127   0.54348
0.310899 -0.23172 0.543266
 0.311033 -0.231399  0.543018
 0.311142 -0.231166  0.542741
 0.311274 -0.230843   0.54248
 0.311403 -0.230537  0.542238
 0.311538 -0.230221  0.541989
 0.311663 -0.229927  0.541749
 0.311787 -0.229638  0.541515
  0.31191 -0.229353  0.541278
 0.312031 -0.229072  0.541047
 0.312152 -0.228796  0.540818
 0.312272 -0.228524  0.540592
 0.312406 -0.228161  0.540386
 0.312524 -0.227894  0.540165
  0.31264 -0.227633  0.539944
 0.312757 -0.227377  0.539729
 0.312871 -0.227125   0.53951
 0.312984 -0.226878  0.539296
  0.31309 -0.226649  0.539095
 0.313198 -0.226426  0.538897
 0.313308 -0.226192  0.538693
 0.313418 -0.225953  0.538474
 0.313531 -0.225714  0.538264
 0.313636 -0.225498  0.538064
 0.313739 -0.225286  0.537865
 0.313842 -0.225079   0.53767
 0.313942 -0.224875  0.537475
 0.314042 -0.224678  0.537287
 0.314139 -0.224486  0.537094
 0.314236 -0.224297  0.536906
 0.314332 -0.224114   0.53672
 0.314421 -0.223944  0.536544
  0.31452 -0.223757  0.536358
 0.314612 -0.223586  0.536177
 0.314703 -0.223419     0.536
 0.314794 -0.223254  0.535826
 0.314883 -0.223096  0.535654
 0.314972 -0.222942  0.535485
 0.315059 -0.222792  0.535316
 0.315146 -0.222646  0.535154
 0.315231 -0.222503  0.534989
 0.315315 -0.222366  0.534828
   0.3154 -0.222245  0.534673
 0.315482 -0.222117  0.534516
 0.315564 -0.221991  0.534365
 0.315644 -0.221872  0.534213
 0.315725 -0.221757  0.534069
 0.315802 -0.221647  0.533918
 0.315883 -0.221531   0.53377
 0.315965 -0.221412  0.533617
  0.31604 -0.221315  0.533477
 0.316115 -0.221222  0.533344
 0.316187 -0.221135  0.533207
 0.316258 -0.221052  0.533075
 0.316329 -0.220974  0.532946
 0.316399 -0.220899  0.532819
 0.316468 -0.220829  0.532695
 0.316535 -0.220763  0.532571
 0.316603 -0.220701  0.532454
 0.316668 -0.220641  0.532332
 0.316733 -0.220587  0.532216
   0.3168 -0.220548  0.532106
 0.316864 -0.220499  0.531993
 0.316928 -0.220451  0.531885
 0.316991 -0.220407  0.531774
 0.317051 -0.220351  0.531662
 0.317116 -0.220324  0.531562
 0.317178 -0.220285  0.531457
  0.31724 -0.220245  0.531357
 0.317302 -0.220208  0.531254
 0.317365 -0.220171  0.531158
 0.317425 -0.220136  0.531057
 0.317487 -0.220098   0.53096
 0.317549 -0.220064  0.530866
  0.31761 -0.220029  0.530771
 0.317672 -0.219996   0.53068
 0.317733 -0.219961  0.530588
 0.317794 -0.219928  0.530498
 0.317855 -0.219896   0.53041
 0.317916 -0.219865  0.530322
 0.317977 -0.219833  0.530238
 0.318037 -0.219804  0.530152
 0.318099 -0.219776  0.530072
 0.318157 -0.219749  0.529987
 0.318217 -0.219721  0.529908
 0.318276 -0.219698  0.529829
 0.318335 -0.219672  0.529748
 0.318393 -0.219655  0.529676
  0.31845 -0.219636  0.529599
 0.318506 -0.219618  0.529526
 0.318563 -0.219603  0.529454
  0.31862 -0.219586   0.52938
 0.318675 -0.219575  0.529311
 0.318729 -0.219564  0.529242
 0.318784 -0.219557  0.529178
 0.318836 -0.219545  0.529099
 0.318889 -0.219541  0.529033
 0.318942 -0.219539   0.52897
 0.318993 -0.219538  0.528906
 0.319046 -0.219537  0.528848
 0.319097 -0.219539  0.528785
 0.319152 -0.219556  0.528735
0.319202 -0.21956 0.528673
 0.319252 -0.219563  0.528616
 0.319303 -0.219569   0.52856
 0.319353 -0.219575  0.528504
 0.319404 -0.219581  0.528451
 0.319454 -0.219586  0.528396
 0.319504 -0.219593  0.528342
 0.319554 -0.219599   0.52829
 0.319604 -0.219605  0.528237
 0.319655 -0.219609  0.528189
 0.319705 -0.219615  0.528136
 0.319757 -0.219617  0.528089
 0.319806 -0.219622  0.528036
 0.319856 -0.219624  0.527987
 0.319907 -0.219628   0.52794
 0.319957 -0.219631  0.527891
 0.320008 -0.219634  0.527847
 0.320057 -0.219635  0.527798
 0.320107 -0.219638  0.527752
 0.320157 -0.219641  0.527707
  0.32021 -0.219628  0.527653
  0.32026 -0.219632  0.527611
 0.320309 -0.219636  0.527566
 0.320359 -0.219638  0.527528
 0.320406 -0.219643  0.527481
 0.320454 -0.219649   0.52744
 0.320502 -0.219656  0.527399
 0.320549 -0.219662  0.527359
 0.320597 -0.219671  0.527322
 0.320642 -0.219681  0.527281
 0.320691 -0.219705  0.527247
 0.320736 -0.219715  0.527211
 0.320781 -0.219728  0.527173
 0.320826 -0.219742  0.527138
  0.32087 -0.219757  0.527101
0.320915 -0.21977 0.527069
 0.320958 -0.219786  0.527031
 0.321001 -0.219803  0.526996
0.321044 -0.21982 0.526963
 0.321087 -0.219835  0.526929
  0.32113 -0.219852  0.526898
 0.321172 -0.219868  0.526863
 0.321215 -0.219883  0.526831
0.321258  -0.2199 0.526799
   0.3213 -0.219916  0.526766
 0.321343 -0.219932  0.526736
 0.321385 -0.219946  0.526704
 0.321429 -0.219961  0.526676
 0.321471 -0.219976  0.526642
 0.321514 -0.219989  0.526612
 0.321557 -0.220001  0.526584
 0.321599 -0.220016  0.526552
 0.321642 -0.220029  0.526525
 0.321684 -0.220042  0.526494
 0.321727 -0.220052  0.526466
  0.32177 -0.220065  0.526438
 0.321812 -0.220077  0.526409
 0.321855 -0.220089  0.526382
 0.321897 -0.220099  0.526354
 0.321941 -0.220111   0.52633
 0.321982 -0.220123    0.5263
 0.322023 -0.220133  0.526274
 0.322065 -0.220145  0.526248
 0.322107 -0.220156  0.526222
 0.322149 -0.220169  0.526198
0.322189 -0.22018 0.526171
  0.32223 -0.220194  0.526145
  0.32227 -0.220207  0.526121
  0.32231 -0.220222  0.526095
  0.32235 -0.220235  0.526072
 0.322388 -0.220248  0.526039
 0.322428 -0.220262  0.526018
 0.322466 -0.220278  0.525991
 0.322504 -0.220294  0.525967
 0.322543 -0.220309  0.525945
 0.322581 -0.220326  0.525921
  0.32262 -0.220343    0.5259
0.322657 -0.22036 0.525875
 0.322698 -0.220386  0.525861
 0.322734 -0.220404  0.525835
 0.322771 -0.220422  0.525812
0.322809 -0.22044 0.525791
 0.322846 -0.220455  0.525769
 0.322884 -0.220473   0.52575
 0.32292 -0.22049 0.525727
 0.322957 -0.220507  0.525705
 0.322995 -0.220521  0.525686
 0.323031 -0.220537  0.525665
 0.323069 -0.220552  0.525646
 0.323106 -0.220565  0.525625
0.323144 -0.22058 0.525609
  0.32318 -0.220594  0.525584
 0.323217 -0.220608  0.525564
0.323254 -0.22062 0.525545
  0.32329 -0.220633  0.525524
 0.323328 -0.220646  0.525506
 0.323364 -0.220657  0.525485
  0.3234 -0.22067 0.525464
 0.323436 -0.220682  0.525445
 0.323472 -0.220695  0.525425
 0.323509 -0.220706  0.525407
 0.323548 -0.220707   0.52538
 0.323585 -0.220717  0.525365
0.323619 -0.22073 0.525342
 0.323654 -0.220743  0.525323
  0.32369 -0.220755  0.525305
 0.323724 -0.220769  0.525285
 0.323759 -0.220783  0.525269
 0.323793 -0.220797  0.525248
0.323826 -0.22081 0.525231
 0.323856 -0.220838  0.525219
 0.323889 -0.220852  0.525201
 0.323927 -0.220857  0.525179
  0.32396 -0.220871   0.52516
 0.323994 -0.220887  0.525147
 0.324025 -0.220904  0.525126
 0.324057 -0.220918  0.525109
  0.32409 -0.220935  0.525093
0.324124 -0.22096  0.52508
 0.324156 -0.220977  0.525065
 0.324188 -0.220991  0.525047
  0.32422 -0.221008   0.52503
 0.324252 -0.221024  0.525014
 0.324284 -0.221038  0.524998
 0.324316 -0.221053  0.524983
 0.324347 -0.221068  0.524966
  0.32438 -0.221083  0.524952
 0.324411 -0.221095  0.524934
 0.324443 -0.221109  0.524917
 0.324475 -0.221122  0.524902
 0.324506 -0.221132  0.524879
 0.324538 -0.221145  0.524865
  0.32457 -0.221155  0.524848
 0.324602 -0.221167  0.524831
 0.324634 -0.221178  0.524816
 0.324665 -0.221187    0.5248
 0.324698 -0.221198  0.524785
 0.324729 -0.221209  0.524768
 0.324762 -0.221229  0.524757
 0.324793 -0.221238   0.52474
 0.324824 -0.221249  0.524724
 0.324856 -0.221259  0.524709
 0.324888 -0.221267  0.524696
 0.324919 -0.221279  0.524683
0.324949 -0.22129 0.524666
 0.324981 -0.221302  0.524655
 0.325011 -0.221311  0.524637
 0.325041 -0.221323  0.524622
 0.325071 -0.221336  0.524609
 0.325105 -0.221336  0.524589
 0.325135 -0.221349  0.524577
0.325164 -0.22136 0.524561
 0.325193 -0.221373  0.524546
 0.325222 -0.221386  0.524532
 0.325252 -0.221406   0.52452
0.325281 -0.22142 0.524509
 0.325309 -0.221434  0.524494
 0.325338 -0.221448  0.524483
 0.325364 -0.221453  0.524463
 0.325393 -0.221474  0.524453
 0.325422 -0.221489   0.52444
 0.325449 -0.221501  0.524426
 0.325477 -0.221516  0.524414
 0.325504 -0.221529  0.524399
  0.32553 -0.221541   0.52438
 0.325558 -0.221555  0.524367
 0.325585 -0.221566  0.524353
 0.325613 -0.221579  0.524341
  0.32564 -0.221591  0.524326
 0.325669 -0.221601  0.524317
 0.325696 -0.221613  0.524299
 0.325723 -0.221624  0.524286
 0.325751 -0.221635  0.524273
 0.325778 -0.221644  0.524259
 0.325806 -0.221654  0.524248
 0.325833 -0.221664  0.524233
 0.325861 -0.221672   0.52422
 0.325889 -0.221682  0.524207
 0.325916 -0.221691  0.524194
 0.325944 -0.221701  0.524182
 0.325971 -0.221708  0.524168
 0.325999 -0.221717  0.524159
 0.326026 -0.221727  0.524143
 0.326052 -0.221734  0.524131
  0.32608 -0.221744  0.524119
 0.326106 -0.221754  0.524105
 0.326134 -0.221761  0.524096
  0.32616 -0.221772  0.524081
 0.326188 -0.221789  0.524074
0.326213  -0.2218 0.524058
 0.326239 -0.221807  0.524048
 0.326265 -0.221818  0.524037
 0.326291 -0.221829  0.524024
 0.326317 -0.221837  0.524015
 0.326342 -0.221849     0.524
0.326367 -0.22186 0.523988
 0.326392 -0.221871  0.523977
0.326417 -0.22188 0.523965
 0.326442 -0.221891  0.523955
 0.326467 -0.221903  0.523941
 0.326493 -0.221912  0.523934
 0.326516 -0.221923  0.523918
 0.326545 -0.221922  0.523902
  0.32657 -0.221933  0.523891
 0.326594 -0.221944  0.523878
 0.326619 -0.221953  0.523869
 0.326638 -0.221975  0.523859
 0.326662 -0.221983  0.523847
 0.326693 -0.222052  0.523838
 0.326715 -0.221994  0.523821
 0.326739 -0.222004  0.523811
 0.326766 -0.222081  0.523808
 0.326788 -0.222022  0.523791
 0.326812 -0.222031  0.523778
 0.326835 -0.222047  0.523767
  0.32686 -0.222054  0.523757
 0.326883 -0.222063  0.523745
 0.326909 -0.222139  0.523737
 0.326932 -0.222146  0.523726
 0.326956 -0.222154  0.523715
  0.32698 -0.222161  0.523703
 0.327004 -0.222166  0.523693
 0.327026 -0.222108  0.523674
 0.327051 -0.222179  0.523668
 0.327074 -0.222119  0.523654
0.327098 -0.22219 0.523641
 0.327121 -0.222128  0.523628
 0.327146 -0.222132  0.523619
  0.32717 -0.222137  0.523607
 0.327194 -0.222144  0.523595
 0.327217 -0.222148  0.523583
 0.327241 -0.222153  0.523574
0.327264 -0.22216 0.523563
 0.327286 -0.222173   0.52355
 0.327309 -0.222175   0.52354
 0.327331 -0.222184  0.523529
 0.327354 -0.222192  0.523522
 0.327375 -0.222204  0.523509
 0.327396 -0.222216  0.523498
 0.327417 -0.222292   0.52349
 0.327439 -0.222306  0.523482
 0.327458 -0.222319   0.52347
 0.327479 -0.222333   0.52346
   0.3275 -0.222345  0.523451
  0.32752 -0.222357  0.523441
0.327541 -0.22237 0.523432
 0.327562 -0.222379  0.523422
 0.327584 -0.222326  0.523412
 0.327604 -0.222404  0.523401
 0.327628 -0.222348  0.523393
 0.327648 -0.222417  0.523381
  0.32767 -0.222423  0.523371
 0.327694 -0.222425  0.523365
0.327715 -0.22243  0.52335
 0.327739 -0.222434  0.523344
 0.327761 -0.222431   0.52333
 0.327783 -0.222437   0.52332
 0.327807 -0.222433  0.523311
 0.327829 -0.222436  0.523299
 0.327853 -0.222436  0.523293
 0.327878 -0.222378  0.523285
 0.327897 -0.222447  0.523269
  0.32792 -0.222446  0.523262
0.327944 -0.22239 0.523255
 0.327966 -0.222394  0.523244
 0.327985 -0.222455  0.523232
 0.328007 -0.222461  0.523226
 0.328027 -0.222468  0.523212
 0.328047 -0.222476  0.523202
 0.328067 -0.222482  0.523194
 0.328086 -0.222491  0.523184
 0.328106 -0.222502  0.523177
 0.328132 -0.222443  0.523168
  0.32815 -0.222453  0.523157
 0.328168 -0.222465  0.523147
 0.328187 -0.222477  0.523139
   0.3282 -0.222499  0.523132
 0.328223 -0.222502  0.523122
 0.328238 -0.222574  0.523112
 0.328255 -0.222588  0.523098
 0.328275 -0.222542  0.523094
 0.328293 -0.222556  0.523085
  0.32831 -0.222571  0.523077
 0.328325 -0.222646  0.523065
0.328342 -0.22266 0.523057
 0.328359 -0.222673  0.523047
 0.328377 -0.222683   0.52304
 0.328395 -0.222695   0.52303
 0.328414 -0.222705  0.523022
 0.328432 -0.222712  0.523013
0.328452 -0.22272 0.523007
  0.32847 -0.222726  0.522994
  0.32849 -0.222727  0.522985
 0.328511 -0.222731  0.522976
 0.328531 -0.222732  0.522966
 0.328553 -0.222733  0.522959
 0.328573 -0.222731  0.522948
 0.328595 -0.222729  0.522938
 0.328615 -0.222728  0.522926
 0.328638 -0.222723   0.52292
 0.328659 -0.222721  0.522911
 0.328684 -0.222665  0.522906
 0.328705 -0.222664  0.522896
 0.328728 -0.222661  0.522893
0.328748 -0.22266 0.522881
 0.328767 -0.222659  0.522872
 0.328786 -0.222665  0.522861
 0.328804 -0.222666  0.522852
 0.328823 -0.222677  0.522844
  0.32884 -0.222685  0.522833
 0.328852 -0.222745  0.522818
 0.328869 -0.222756  0.522811
 0.328885 -0.222768  0.522804
   0.3289 -0.222779  0.522795
 0.328915 -0.222794  0.522789
 0.328929 -0.222809  0.522778
 0.328944 -0.222822   0.52277
 0.328959 -0.222837  0.522762
 0.328974 -0.222852  0.522753
  0.32899 -0.222863  0.522747
 0.329005 -0.222876  0.522737
 0.329022 -0.222887  0.522733
 0.329037 -0.222898   0.52272
 0.329054 -0.222905  0.522712
 0.329072 -0.222912  0.522705
 0.329089 -0.222919  0.522696
0.329113 -0.22287 0.522697
 0.329126 -0.222926   0.52268
 0.329151 -0.222878  0.522681
 0.329169 -0.222879  0.522673
 0.329189 -0.222881  0.522665
 0.329207 -0.222887  0.522656
 0.329227 -0.222881  0.522651
 0.329246 -0.222883  0.522641
 0.329266 -0.222885  0.522637
 0.329277 -0.222935  0.522616
 0.329294 -0.222943  0.522607
 0.329316 -0.222936  0.522596
0.329334 -0.22294  0.52259
 0.329346 -0.222952  0.522582
 0.329367 -0.222947  0.522571
 0.329383 -0.222953  0.522563
 0.329399 -0.222958  0.522554
 0.329416 -0.222962  0.522547
 0.329431 -0.222968  0.522538
 0.329445 -0.222976  0.522537
 0.329463 -0.222977  0.522522
 0.329479 -0.222983  0.522513
 0.329496 -0.222988  0.522508
 0.329512 -0.222988  0.522499
 0.329528 -0.222994  0.522493
 0.329551 -0.222951  0.522496
 0.329559 -0.223008  0.522474
 0.329571 -0.223019  0.522469
  0.32959 -0.223021  0.522458
 0.329606 -0.223028  0.522451
 0.329621 -0.223033  0.522443
 0.329638 -0.223039  0.522439
 0.329652 -0.223047  0.522428
 0.329674 -0.223004  0.522433
 0.329683 -0.223058  0.522414
 0.329698 -0.223066  0.522405
 0.329716 -0.223033  0.522412
 0.329737 -0.223026  0.522406
 0.329744 -0.223084  0.522383
 0.329766 -0.223042  0.522388
 0.329782 -0.223049  0.522384
 0.329792 -0.223064  0.522375
0.329808 -0.22307 0.522369
 0.329822 -0.223078   0.52236
 0.329838 -0.223083  0.522356
0.329852 -0.22309 0.522346
 0.329866 -0.223098  0.522337
 0.329881 -0.223103  0.522331
 0.329895 -0.223111  0.522322
 0.329914 -0.223109  0.522315
 0.329928 -0.223116  0.522307
 0.329942 -0.223121    0.5223
 0.329956 -0.223129  0.522292
  0.32997 -0.223136  0.522284
 0.329984 -0.223144  0.522277
 0.329998 -0.223149  0.522268
0.330012 -0.22316 0.522261
 0.330025 -0.223167  0.522251
 0.330039 -0.223171  0.522244
 0.330054 -0.223177  0.522236
 0.330068 -0.223183  0.522228
 0.330083 -0.223186  0.522222
 0.330097 -0.223191  0.522213
 0.330113 -0.223196  0.522209
 0.330126 -0.223198  0.522199
 0.330141 -0.223202  0.522191
 0.330156 -0.223206  0.522184
  0.33017 -0.223208  0.522177
 0.330186 -0.223211  0.522172
 0.330201 -0.223214  0.522162
 0.330215 -0.223215  0.522155
 0.330231 -0.223218  0.522148
 0.330246 -0.223221  0.522141
 0.330261 -0.223222  0.522136
 0.330276 -0.223225  0.522127
 0.330292 -0.223228  0.522124
 0.330305 -0.223229  0.522114
  0.33032 -0.223233  0.522107
 0.330335 -0.223237    0.5221
 0.330349 -0.223238  0.522093
 0.330364 -0.223243  0.522089
 0.330377 -0.223247  0.522079
 0.330391 -0.223249  0.522073
 0.330405 -0.223255  0.522066
0.330419 -0.22326 0.522058
