5.00679e-06
0.00965095
0.019706
0.029773
0.03983
0.049885
0.0599489
0.0700049
0.08006
0.090116
0.100171
0.110229
0.120284
0.130338
0.140403
0.150468
0.160526
0.170584
0.180643
0.190701
0.200773
0.210828
0.220885
0.23094
0.240995
0.251051
0.26111
0.271169
0.281235
0.291293
0.301351
0.311407
0.321463
0.331521
0.341579
0.351586
0.361642
0.371698
0.381753
0.391809
0.401864
0.411929
0.421983
0.432041
0.442099
0.452166
0.462234
0.472291
0.482345
0.492401
0.502456
0.51251
0.522566
0.532621
0.542678
0.552748
0.562808
0.572863
0.582918
0.592973
0.603028
0.613096
0.623152
0.633211
0.643268
0.653335
0.663403
0.67346
0.683517
0.693574
0.703631
0.713687
0.723744
0.733801
0.743875
0.753943
0.764
0.774058
0.784114
0.794169
0.804224
0.814279
0.824335
0.83439
0.844445
0.854517
0.864573
0.874631
0.884688
0.894755
0.904811
0.914868
0.924927
0.934983
0.945039
0.955098
0.965156
0.975212
0.985271
0.995329
1.00538
1.01544
1.0255
1.03555
1.04561
1.05566
1.06573
1.07578
1.08584
1.0959
1.10596
1.11601
1.12607
1.13614
1.14621
1.15626
1.16632
1.17638
1.18644
1.19649
1.20655
1.2166
1.22666
1.23672
1.24677
1.25684
1.26689
1.27695
1.287
1.29706
1.30711
1.31717
1.32722
1.33728
1.34734
1.35739
1.36747
1.37754
1.3876
1.39766
1.40771
1.41777
1.42783
1.43788
1.44794
1.45799
1.46805
1.4781
1.48816
1.49821
1.50827
1.51834
1.52839
1.53845
1.54851
1.55856
1.56862
1.57869
1.58875
1.59881
1.60887
1.61892
1.62898
1.63904
1.6491
1.65915
1.66921
1.67926
1.68932
1.69937
1.70943
1.71948
1.72955
1.73961
1.74968
1.75973
1.7698
1.77988
1.78993
1.79999
1.81004
1.8201
1.83015
1.84021
1.85029
1.86034
1.87038
1.88044
1.8905
1.90055
1.91061
1.92066
1.93072
1.94077
1.95083
1.96089
1.97095
1.981
1.99108
2.00113
2.01119
2.02125
2.0313
2.04137
2.05144
2.06152
2.07158
2.08164
2.09171
2.10177
2.11183
2.12189
2.13194
2.142
2.15205
2.16211
2.17216
2.18222
2.19228
2.20234
2.21239
2.22245
2.23251
2.24256
2.25262
2.26267
2.27273
2.28278
2.29284
2.3029
2.31295
2.323
2.33306
2.34312
2.35318
2.36323
2.37329
2.38335
2.39341
2.40347
2.41353
2.42358
2.43364
2.4437
2.45375
2.46382
2.47387
2.48393
2.49398
2.50404
2.51411
2.52417
2.53423
2.54428
2.55434
2.56439
2.57445
2.58451
2.59457
2.60462
2.61468
2.62474
2.63476
2.64482
2.65487
2.66494
2.675
2.68506
2.69511
2.70517
2.71523
2.72529
2.73534
2.7454
2.75545
2.76551
2.77556
2.78563
2.79569
2.80576
2.81582
2.82587
2.83593
2.84599
2.85604
2.8661
2.87616
2.88621
2.89627
2.90632
2.91638
2.92643
2.93649
2.94655
2.9566
2.96666
2.97672
2.98677
2.99683
3.00689
3.01694
3.027
3.03705
3.04711
3.05716
3.06722
3.07728
3.08734
3.09739
3.10746
3.11751
3.12757
3.13762
3.14768
3.15778
3.16779
3.17785
3.18791
3.19797
3.20803
3.21809
3.22814
3.23821
3.24826
3.25832
3.26837
3.27843
3.28849
3.29854
3.3086
3.31865
3.32871
3.33876
3.34882
3.35888
3.36893
3.37899
3.38905
3.39911
3.40918
3.41923
3.42929
3.43935
3.4494
3.45947
3.46952
3.47958
3.48963
3.49969
3.50975
3.51983
3.52988
3.53994
3.55
3.56005
3.57011
3.58016
3.59022
3.60027
3.61033
3.62039
3.63045
3.6405
3.65056
3.66061
3.67067
3.68073
3.69078
3.70084
3.71089
3.72095
3.731
3.74106
3.75111
3.76117
3.77122
3.78128
3.79137
3.80143
3.81151
3.82157
3.83163
3.84169
3.85174
3.8618
3.87186
3.88191
3.89197
3.90202
3.91208
3.92213
3.9322
3.94225
3.9523
3.96236
3.97241
3.98247
3.99252
4.00258
4.01263
4.02269
4.03274
4.0428
4.05286
4.06291
4.07296
4.08302
4.09308
4.10313
4.11319
4.12324
4.1333
4.1433
4.15332
4.16338
4.17343
4.18349
4.19356
4.20361
4.21367
4.22372
4.23378
4.24383
4.25389
4.26394
4.274
4.28405
4.2941
4.30416
4.31421
4.32426
4.33432
4.34437
4.35443
4.36448
4.37454
4.38463
4.39467
4.40473
4.41479
4.42485
4.43492
4.44497
4.45508
4.46513
4.47519
4.48525
4.4953
4.50536
4.51542
4.52547
4.53553
4.54559
4.55564
4.5657
4.57575
4.58581
4.59587
4.60592
4.61598
4.62604
4.63609
4.64615
4.65624
4.6663
4.67635
4.68641
4.69647
4.70652
4.71658
4.72663
4.7367
4.74676
4.75681
4.76687
4.77693
4.78698
4.79704
4.8071
4.81715
4.82722
4.83728
4.84733
4.85739
4.86744
4.8775
4.88756
4.89762
4.90766
4.91771
4.92777
4.93782
4.94788
4.95793
4.96799
4.97804
4.9881
4.99816
5.00822
5.01827
5.02833
5.0384
5.04846
5.05851
5.06857
5.07863
5.08869
5.09874
5.1088
5.11885
5.12891
5.13897
5.14902
5.15908
5.16914
5.17919
5.18926
5.19932
5.20935
5.2194
5.22946
5.23952
5.24958
5.25961
5.26968
5.27975
5.28981
5.29994
5.31
5.32006
5.33011
5.34017
5.35023
5.36029
5.37034
5.3804
5.39046
5.40051
5.41057
5.42063
5.43068
5.44075
5.4508
5.46086
5.47093
5.48098
5.49103
5.5011
5.51117
5.52123
5.53128
5.54135
5.55142
5.56149
5.57156
5.58162
5.59168
5.60173
5.61179
5.62184
5.63188
5.64193
5.65199
5.66204
5.6721
5.68215
5.69221
5.70227
5.71232
5.72239
5.73244
5.74251
5.75257
5.76268
5.77274
5.7828
5.79285
5.80291
5.81297
5.82298
5.83303
5.84309
5.85314
5.86321
5.87326
5.88332
5.89339
5.90346
5.91352
5.92362
5.93368
5.94373
5.95379
5.96389
5.97397
5.98401
5.99407
6.00412
6.01418
6.02423
6.03429
6.0444
6.05445
6.06451
6.07456
6.08462
6.09467
6.10473
6.11479
6.12485
6.1349
6.14496
6.15501
6.16507
6.17512
6.18518
6.19523
6.20529
6.21536
6.22541
6.23547
6.24552
6.25557
6.26563
6.27568
6.28574
6.29579
6.30585
6.31591
6.32596
6.33602
6.34607
6.35613
6.36618
6.37624
6.3863
6.39635
6.40641
6.41647
6.42653
6.43658
6.44663
6.45669
6.46675
6.47681
6.48686
6.49692
6.50697
6.51703
6.52709
6.53714
6.5472
6.55725
6.56732
6.57737
6.58744
6.59749
6.60756
6.61761
6.62767
6.63773
6.64779
6.65784
6.6679
6.67795
6.68801
6.69806
6.70812
6.71817
6.72823
6.73828
6.74834
6.75839
6.76845
6.7785
6.78856
6.79861
6.80867
6.81873
6.82878
6.83884
6.8489
6.85895
6.86901
6.87906
6.88912
6.89917
6.90923
6.91928
6.92934
6.9394
6.94946
6.95952
6.96957
6.97963
6.98968
6.99975
7.0098
7.01987
7.02992
7.03998
7.05003
7.06009
7.07014
7.0802
7.09025
7.10031
7.11036
7.12042
7.13047
7.14053
7.15058
7.16063
7.17069
7.18075
7.1908
7.20085
7.21091
7.22097
7.23102
7.24108
7.25114
7.2612
7.27125
7.28131
7.29136
7.30141
7.31147
7.32152
7.33157
7.34163
7.35168
7.36174
7.3718
7.38186
7.39191
7.40197
7.41202
7.42208
7.43213
7.44219
7.45817
7.46825
7.47831
7.48838
7.49844
7.50849
7.51855
7.52862
7.53868
7.54873
7.5588
7.56886
7.57892
7.58897
7.59904
7.60911
7.61917
7.62923
7.63929
7.64935
7.65941
7.66947
7.67953
7.68959
7.69965
7.70971
7.71978
7.72984
7.7399
7.74996
7.76002
7.77008
7.78013
7.79019
7.80026
7.81031
7.82036
7.83042
7.84048
7.85054
7.86059
7.87065
7.88071
7.89077
7.90083
7.91089
