0.0161248  -0.10532  0.508629
0.0161256 -0.105318  0.508628
0.0161256 -0.105318  0.508628
0.0161279  -0.10531  0.508625
0.0161319 -0.105297  0.508619
0.0161444 -0.105257    0.5086
0.0161444 -0.105257    0.5086
0.0161531 -0.105229  0.508588
0.0161633 -0.105196  0.508573
 0.016175 -0.105158  0.508555
0.0161883 -0.105115  0.508536
0.0162032 -0.105067  0.508514
0.0162196 -0.105014   0.50849
0.0162377 -0.104955  0.508463
0.0162572 -0.104892  0.508434
0.0162784 -0.104824  0.508403
0.0163011  -0.10475   0.50837
0.0163253 -0.104672  0.508334
0.0163511 -0.104589  0.508296
0.0164075 -0.104406  0.508213
 0.016438 -0.104308  0.508168
0.0164701 -0.104204  0.508121
0.0165037 -0.104095  0.508071
 0.016539 -0.103981  0.508019
 0.016539 -0.103981  0.508019
0.0165757 -0.103862  0.507965
0.0166141 -0.103738  0.507909
 0.016654 -0.103609   0.50785
0.0166955 -0.103475  0.507789
0.0167385 -0.103336  0.507726
0.0167832 -0.103192   0.50766
0.0168293 -0.103042  0.507592
0.0168771 -0.102888  0.507522
0.0169265 -0.102728  0.507449
0.0169773 -0.102564  0.507374
0.0170297 -0.102394  0.507297
0.0170839 -0.102219  0.507217
0.0171394  -0.10204  0.507135
0.0171966 -0.101855  0.507051
0.0172552 -0.101665  0.506965
0.0173155  -0.10147  0.506876
0.0173773 -0.101271  0.506785
0.0174407 -0.101066  0.506692
0.0175722 -0.100641  0.506498
0.0175722 -0.100641  0.506498
0.0176402  -0.10042  0.506398
0.0177099 -0.100195  0.506295
 0.0177811 -0.0999651    0.50619
 0.0179282 -0.0994894   0.505974
 0.0179282 -0.0994894   0.505974
 0.0180816 -0.0989935   0.505748
 0.0180816 -0.0989935   0.505748
0.0181606 -0.098738  0.505632
 0.0182412 -0.0984774   0.505513
 0.0183233 -0.0982118   0.505392
  0.018407 -0.0979412   0.505269
 0.0184923 -0.0976654   0.505143
 0.0185792 -0.0973846   0.505015
 0.0186676 -0.0970987   0.504885
 0.0187576 -0.0968078   0.504753
 0.0188491 -0.0965118   0.504618
 0.0189422 -0.0962108   0.504481
 0.0190369 -0.0959047   0.504341
 0.0191331 -0.0955936     0.5042
 0.0192309 -0.0952773   0.504056
0.0193303 -0.094956  0.503909
 0.0194314 -0.0946291    0.50376
 0.0195339 -0.0942977    0.50361
 0.0196388 -0.0939586   0.503455
 0.0197444 -0.0936171     0.5033
 0.0198516 -0.0932705   0.503142
 0.0199603 -0.0929188   0.502982
 0.0200706 -0.0925622   0.502819
 0.0201825 -0.0922004   0.502654
 0.0202959 -0.0918337   0.502487
  0.020411 -0.0914618   0.502318
0.0205278 -0.091084  0.502146
0.0206444 -0.090707  0.501974
 0.020873 -0.089968  0.501638
 0.020873 -0.089968  0.501638
 0.0209847 -0.0896068   0.501473
 0.0210953 -0.0892493    0.50131
 0.0212043 -0.0888966    0.50115
 0.0213116 -0.0885499   0.500992
 0.0214173 -0.0882081   0.500836
 0.0215214 -0.0878715   0.500683
 0.0216237 -0.0875405   0.500532
 0.021725 -0.087213  0.500383
 0.0218247 -0.0868908   0.500236
 0.0219225 -0.0865745   0.500092
 0.0220188 -0.0862632   0.499951
0.0221135 -0.085957  0.499811
 0.0222066 -0.0856558   0.499674
 0.0222982 -0.0853597   0.499539
 0.0223882 -0.0850687   0.499407
 0.0224767 -0.0847827   0.499276
 0.0225636 -0.0845017   0.499148
 0.0226489 -0.0842258   0.499023
  0.022733 -0.0839538   0.498899
 0.0228153 -0.0836878   0.498778
 0.0228959 -0.0834271   0.498659
  0.022975 -0.0831716   0.498543
 0.0230525 -0.0829209   0.498428
 0.0231284 -0.0826754   0.498317
 0.0232028 -0.0824348   0.498207
 0.0232756 -0.0821995     0.4981
 0.0233468 -0.0819692   0.497995
 0.0234164 -0.0817442   0.497893
0.0234845 -0.081524  0.497792
 0.0235511 -0.0813086   0.497694
 0.0236162 -0.0810983   0.497598
 0.0236796 -0.0808933   0.497505
 0.0237415 -0.0806932   0.497414
 0.0238019 -0.0804979   0.497325
 0.0238608 -0.0803075   0.497238
 0.0239179 -0.0801227   0.497154
0.0239735 -0.079943  0.497072
 0.0240275 -0.0797684   0.496993
   0.02408 -0.0795988   0.496916
 0.0241308 -0.0794343   0.496841
 0.0241802 -0.0792748   0.496768
 0.0242279 -0.0791203   0.496698
0.0242741 -0.078971   0.49663
 0.0243188 -0.0788266   0.496564
 0.0243618 -0.0786874   0.496501
 0.0244033 -0.0785532   0.496439
 0.0244433 -0.0784241   0.496381
 0.0244816 -0.0783001   0.496324
 0.0245184 -0.0781811    0.49627
 0.0245537 -0.0780671   0.496218
 0.0245874 -0.0779582   0.496168
 0.0246195 -0.0778543   0.496121
 0.0246501 -0.0777553   0.496076
0.0246793 -0.077661  0.496033
 0.0247067 -0.0775724   0.495993
 0.0247327 -0.0774883   0.495954
  0.024757 -0.0774098   0.495919
 0.0247797 -0.0773363   0.495885
 0.0248009 -0.0772678   0.495854
 0.0248205 -0.0772045   0.495825
 0.0248385 -0.0771462   0.495799
  0.024855 -0.0770929   0.495774
 0.0248698 -0.0770448   0.495752
 0.0248832 -0.0770017   0.495733
 0.0248949 -0.0769636   0.495716
 0.0249051 -0.0769306   0.495701
 0.0249138 -0.0769027   0.495688
 0.0249209 -0.0768798   0.495677
0.0249264 -0.076862  0.495669
 0.0249303 -0.0768492   0.495663
 0.0249327 -0.0768415    0.49566
 0.0249335 -0.0768389   0.495659
 0.0249335 -0.0768389   0.495659
 0.0249335 -0.0768389   0.495659
 0.0249335 -0.0768389   0.495659
 0.0249335 -0.0768389   0.495659
 0.0249335 -0.0768389   0.495659
 0.0249335 -0.0768389   0.495659
 0.0249335 -0.0768389   0.495659
 0.0249335 -0.0768389   0.495659
 0.0249335 -0.0768389   0.495659
 0.0249335 -0.0768389   0.495659
 0.0249335 -0.0768389   0.495659
 0.0249335 -0.0768389   0.495659
 0.0249335 -0.0768389   0.495659
 0.0249335 -0.0768389   0.495659
 0.0249335 -0.0768389   0.495659
 0.0249335 -0.0768389   0.495659
 0.0249335 -0.0768389   0.495659
 0.0249335 -0.0768389   0.495659
 0.0249335 -0.0768389   0.495659
 0.0249335 -0.0768389   0.495659
 0.0249335 -0.0768389   0.495659
 0.0249335 -0.0768389   0.495659
 0.0249335 -0.0768389   0.495659
 0.0249335 -0.0768389   0.495659
 0.0249335 -0.0768389   0.495659
 0.0249335 -0.0768389   0.495659
 0.0249335 -0.0768389   0.495659
 0.0249335 -0.0768389   0.495659
 0.0249335 -0.0768389   0.495659
 0.0249335 -0.0768389   0.495659
 0.0249335 -0.0768389   0.495659
 0.0249335 -0.0768389   0.495659
 0.0249335 -0.0768389   0.495659
 0.0249335 -0.0768389   0.495659
 0.0249335 -0.0768389   0.495659
 0.0249335 -0.0768389   0.495659
 0.0249335 -0.0768389   0.495659
 0.0249335 -0.0768389   0.495659
 0.0249335 -0.0768389   0.495659
 0.0249335 -0.0768389   0.495659
 0.0249335 -0.0768389   0.495659
 0.0249335 -0.0768389   0.495659
 0.0249335 -0.0768389   0.495659
 0.0249335 -0.0768389   0.495659
 0.0249335 -0.0768389   0.495659
 0.0249335 -0.0768389   0.495659
 0.0249335 -0.0768389   0.495659
 0.0249335 -0.0768389   0.495659
 0.0249335 -0.0768389   0.495659
 0.0249335 -0.0768389   0.495659
 0.0249335 -0.0768389   0.495659
 0.0249335 -0.0768389   0.495659
 0.0249335 -0.0768389   0.495659
 0.0249335 -0.0768389   0.495659
 0.0249335 -0.0768389   0.495659
 0.0249335 -0.0768389   0.495659
 0.0249335 -0.0768389   0.495659
 0.0249335 -0.0768389   0.495659
 0.0249335 -0.0768389   0.495659
 0.0249335 -0.0768389   0.495659
 0.0249335 -0.0768389   0.495659
 0.0249335 -0.0768389   0.495659
 0.0249335 -0.0768389   0.495659
 0.0249335 -0.0768389   0.495659
 0.0249335 -0.0768389   0.495659
 0.0249335 -0.0768389   0.495659
 0.0249335 -0.0768389   0.495659
 0.0249335 -0.0768389   0.495659
 0.0249335 -0.0768389   0.495659
 0.0249335 -0.0768389   0.495659
 0.0249335 -0.0768389   0.495659
 0.0249335 -0.0768389   0.495659
 0.0249335 -0.0768389   0.495659
 0.0249335 -0.0768389   0.495659
 0.0249335 -0.0768389   0.495659
 0.0249335 -0.0768389   0.495659
 0.0249335 -0.0768389   0.495659
 0.0249335 -0.0768389   0.495659
 0.0249335 -0.0768389   0.495659
 0.0249335 -0.0768389   0.495659
 0.0249335 -0.0768389   0.495659
 0.0249335 -0.0768389   0.495659
 0.0249335 -0.0768389   0.495659
 0.0249335 -0.0768389   0.495659
 0.0249335 -0.0768389   0.495659
 0.0249335 -0.0768389   0.495659
 0.0249335 -0.0768389   0.495659
 0.0249335 -0.0768389   0.495659
 0.0249335 -0.0768389   0.495659
 0.0249335 -0.0768389   0.495659
 0.0249335 -0.0768389   0.495659
 0.0249335 -0.0768389   0.495659
 0.0249335 -0.0768389   0.495659
 0.0249335 -0.0768389   0.495659
 0.0249335 -0.0768389   0.495659
 0.0249335 -0.0768389   0.495659
 0.0249335 -0.0768389   0.495659
 0.0249335 -0.0768389   0.495659
 0.0249335 -0.0768389   0.495659
 0.0249335 -0.0768389   0.495659
 0.0249335 -0.0768389   0.495659
 0.0249335 -0.0768389   0.495659
 0.0249335 -0.0768389   0.495659
 0.0249335 -0.0768389   0.495659
 0.0249335 -0.0768389   0.495659
 0.0249335 -0.0768389   0.495659
 0.0249335 -0.0768389   0.495659
 0.0249335 -0.0768389   0.495659
 0.0249335 -0.0768389   0.495659
 0.0249335 -0.0768389   0.495659
 0.0249335 -0.0768389   0.495659
 0.0249335 -0.0768389   0.495659
 0.0249335 -0.0768389   0.495659
 0.0249335 -0.0768389   0.495659
 0.0249335 -0.0768389   0.495659
 0.0249335 -0.0768389   0.495659
 0.0249335 -0.0768389   0.495659
 0.0249335 -0.0768389   0.495659
 0.0249335 -0.0768389   0.495659
 0.0249335 -0.0768389   0.495659
 0.0249335 -0.0768389   0.495659
 0.0249335 -0.0768389   0.495659
 0.0249335 -0.0768389   0.495659
 0.0249335 -0.0768389   0.495659
 0.0249335 -0.0768389   0.495659
 0.0249335 -0.0768389   0.495659
 0.0249335 -0.0768389   0.495659
 0.0249335 -0.0768389   0.495659
 0.0249335 -0.0768389   0.495659
 0.0249335 -0.0768389   0.495659
 0.0249335 -0.0768389   0.495659
 0.0249335 -0.0768389   0.495659
 0.0249335 -0.0768389   0.495659
 0.0249335 -0.0768389   0.495659
 0.0249335 -0.0768389   0.495659
 0.0249335 -0.0768389   0.495659
 0.0249335 -0.0768389   0.495659
 0.0249335 -0.0768389   0.495659
 0.0249335 -0.0768389   0.495659
 0.0249335 -0.0768389   0.495659
 0.0249335 -0.0768389   0.495659
 0.0249335 -0.0768389   0.495659
 0.0249335 -0.0768389   0.495659
 0.0249335 -0.0768389   0.495659
 0.0249335 -0.0768389   0.495659
 0.0249335 -0.0768389   0.495659
 0.0249335 -0.0768389   0.495659
 0.0249335 -0.0768389   0.495659
 0.0249335 -0.0768389   0.495659
 0.0249335 -0.0768389   0.495659
 0.0249335 -0.0768389   0.495659
 0.0249335 -0.0768389   0.495659
 0.0249335 -0.0768389   0.495659
 0.0249335 -0.0768389   0.495659
 0.0249335 -0.0768389   0.495659
 0.0249335 -0.0768389   0.495659
 0.0249335 -0.0768389   0.495659
 0.0249335 -0.0768389   0.495659
 0.0249335 -0.0768389   0.495659
 0.0249335 -0.0768389   0.495659
 0.0249335 -0.0768389   0.495659
 0.0249335 -0.0768389   0.495659
 0.0249335 -0.0768389   0.495659
 0.0249335 -0.0768389   0.495659
 0.0249335 -0.0768389   0.495659
 0.0249335 -0.0768389   0.495659
 0.0249335 -0.0768389   0.495659
 0.0249335 -0.0768389   0.495659
 0.0249335 -0.0768389   0.495659
 0.0249335 -0.0768389   0.495659
 0.0249335 -0.0768389   0.495659
 0.0249335 -0.0768389   0.495659
 0.0249335 -0.0768389   0.495659
 0.0249335 -0.0768389   0.495659
 0.0249335 -0.0768389   0.495659
 0.0249335 -0.0768389   0.495659
 0.0249335 -0.0768389   0.495659
 0.0249335 -0.0768389   0.495659
 0.0249335 -0.0768389   0.495659
 0.0249335 -0.0768389   0.495659
 0.0249335 -0.0768389   0.495659
 0.0249335 -0.0768389   0.495659
 0.0249335 -0.0768389   0.495659
 0.0249335 -0.0768389   0.495659
 0.0249335 -0.0768389   0.495659
 0.0249335 -0.0768389   0.495659
 0.0249335 -0.0768389   0.495659
 0.0249335 -0.0768389   0.495659
 0.0249335 -0.0768389   0.495659
 0.0249335 -0.0768389   0.495659
 0.0249335 -0.0768389   0.495659
 0.0249335 -0.0768389   0.495659
 0.0249335 -0.0768389   0.495659
 0.0249335 -0.0768389   0.495659
 0.0249335 -0.0768389   0.495659
 0.0249335 -0.0768389   0.495659
 0.0249335 -0.0768389   0.495659
 0.0249335 -0.0768389   0.495659
 0.0249335 -0.0768389   0.495659
 0.0249335 -0.0768389   0.495659
 0.0249335 -0.0768389   0.495659
 0.0249335 -0.0768389   0.495659
 0.0249335 -0.0768389   0.495659
 0.0249335 -0.0768389   0.495659
 0.0249335 -0.0768389   0.495659
 0.0249335 -0.0768389   0.495659
 0.0249335 -0.0768389   0.495659
 0.0249335 -0.0768389   0.495659
 0.0249335 -0.0768389   0.495659
 0.0249335 -0.0768389   0.495659
 0.0249335 -0.0768389   0.495659
 0.0249335 -0.0768389   0.495659
 0.0249335 -0.0768389   0.495659
 0.0249335 -0.0768389   0.495659
 0.0249335 -0.0768389   0.495659
 0.0249335 -0.0768389   0.495659
 0.0249335 -0.0768389   0.495659
 0.0249335 -0.0768389   0.495659
 0.0249335 -0.0768389   0.495659
 0.0249335 -0.0768389   0.495659
 0.0249335 -0.0768389   0.495659
 0.0249335 -0.0768389   0.495659
 0.0249335 -0.0768389   0.495659
 0.0249335 -0.0768389   0.495659
 0.0249335 -0.0768389   0.495659
 0.0249335 -0.0768389   0.495659
 0.0249335 -0.0768389   0.495659
 0.0249335 -0.0768389   0.495659
 0.0249335 -0.0768389   0.495659
 0.0249335 -0.0768389   0.495659
 0.0249335 -0.0768389   0.495659
 0.0249335 -0.0768389   0.495659
 0.0249335 -0.0768389   0.495659
 0.0249335 -0.0768389   0.495659
 0.0249335 -0.0768389   0.495659
 0.0249335 -0.0768389   0.495659
 0.0249335 -0.0768389   0.495659
 0.0249335 -0.0768389   0.495659
 0.0249335 -0.0768389   0.495659
 0.0249335 -0.0768389   0.495659
 0.0249335 -0.0768389   0.495659
 0.0249335 -0.0768389   0.495659
 0.0249335 -0.0768389   0.495659
 0.0249335 -0.0768389   0.495659
 0.0249335 -0.0768389   0.495659
 0.0249335 -0.0768389   0.495659
 0.0249335 -0.0768389   0.495659
 0.0249335 -0.0768389   0.495659
 0.0249335 -0.0768389   0.495659
 0.0249335 -0.0768389   0.495659
 0.0249335 -0.0768389   0.495659
 0.0249335 -0.0768389   0.495659
 0.0249335 -0.0768389   0.495659
 0.0249335 -0.0768389   0.495659
 0.0249335 -0.0768389   0.495659
 0.0249335 -0.0768389   0.495659
 0.0249335 -0.0768389   0.495659
 0.0249335 -0.0768389   0.495659
 0.0249335 -0.0768389   0.495659
 0.0249335 -0.0768389   0.495659
 0.0249335 -0.0768389   0.495659
 0.0249335 -0.0768389   0.495659
 0.0249335 -0.0768389   0.495659
 0.0249335 -0.0768389   0.495659
 0.0249335 -0.0768389   0.495659
 0.0249335 -0.0768389   0.495659
 0.0249335 -0.0768389   0.495659
 0.0249335 -0.0768389   0.495659
 0.0249335 -0.0768389   0.495659
 0.0249335 -0.0768389   0.495659
 0.0249335 -0.0768389   0.495659
 0.0249335 -0.0768389   0.495659
 0.0249335 -0.0768389   0.495659
 0.0249335 -0.0768389   0.495659
 0.0249335 -0.0768389   0.495659
 0.0249335 -0.0768389   0.495659
 0.0249335 -0.0768389   0.495659
 0.0249335 -0.0768389   0.495659
 0.0249335 -0.0768389   0.495659
 0.0249335 -0.0768389   0.495659
 0.0249335 -0.0768389   0.495659
 0.0249335 -0.0768389   0.495659
 0.0249335 -0.0768389   0.495659
 0.0249335 -0.0768389   0.495659
 0.0249335 -0.0768389   0.495659
 0.0249335 -0.0768389   0.495659
 0.0249335 -0.0768389   0.495659
 0.0249335 -0.0768389   0.495659
 0.0249335 -0.0768389   0.495659
 0.0249335 -0.0768389   0.495659
 0.0249335 -0.0768389   0.495659
 0.0249335 -0.0768389   0.495659
 0.0249335 -0.0768389   0.495659
 0.0249335 -0.0768389   0.495659
 0.0249335 -0.0768389   0.495659
 0.0249335 -0.0768389   0.495659
 0.0249335 -0.0768389   0.495659
 0.0249335 -0.0768389   0.495659
 0.0249335 -0.0768389   0.495659
 0.0249335 -0.0768389   0.495659
 0.0249335 -0.0768389   0.495659
 0.0249335 -0.0768389   0.495659
 0.0249335 -0.0768389   0.495659
 0.0249335 -0.0768389   0.495659
 0.0249335 -0.0768389   0.495659
 0.0249335 -0.0768389   0.495659
 0.0249335 -0.0768389   0.495659
 0.0249335 -0.0768389   0.495659
 0.0249335 -0.0768389   0.495659
 0.0249335 -0.0768389   0.495659
 0.0249335 -0.0768389   0.495659
 0.0249335 -0.0768389   0.495659
 0.0249335 -0.0768389   0.495659
 0.0249335 -0.0768389   0.495659
 0.0249335 -0.0768389   0.495659
 0.0249335 -0.0768389   0.495659
 0.0249335 -0.0768389   0.495659
 0.0249335 -0.0768389   0.495659
 0.0249335 -0.0768389   0.495659
 0.0249335 -0.0768389   0.495659
 0.0249335 -0.0768389   0.495659
 0.0249335 -0.0768389   0.495659
 0.0249335 -0.0768389   0.495659
 0.0249335 -0.0768389   0.495659
 0.0249335 -0.0768389   0.495659
 0.0249335 -0.0768389   0.495659
 0.0249335 -0.0768389   0.495659
 0.0249335 -0.0768389   0.495659
 0.0249335 -0.0768389   0.495659
 0.0249335 -0.0768389   0.495659
 0.0249335 -0.0768389   0.495659
 0.0249335 -0.0768389   0.495659
 0.0249335 -0.0768389   0.495659
 0.0249335 -0.0768389   0.495659
 0.0249335 -0.0768389   0.495659
 0.0249335 -0.0768389   0.495659
 0.0249335 -0.0768389   0.495659
 0.0249335 -0.0768389   0.495659
 0.0249335 -0.0768389   0.495659
 0.0249335 -0.0768389   0.495659
 0.0249335 -0.0768389   0.495659
 0.0249335 -0.0768389   0.495659
 0.0249335 -0.0768389   0.495659
 0.0249335 -0.0768389   0.495659
 0.0249335 -0.0768389   0.495659
 0.0249335 -0.0768389   0.495659
 0.0249335 -0.0768389   0.495659
 0.0249335 -0.0768389   0.495659
 0.0249335 -0.0768389   0.495659
 0.0249335 -0.0768389   0.495659
 0.0249335 -0.0768389   0.495659
 0.0249335 -0.0768389   0.495659
 0.0249335 -0.0768389   0.495659
 0.0249335 -0.0768389   0.495659
 0.0249335 -0.0768389   0.495659
 0.0249335 -0.0768389   0.495659
 0.0249335 -0.0768389   0.495659
 0.0249335 -0.0768389   0.495659
 0.0249335 -0.0768389   0.495659
 0.0249335 -0.0768389   0.495659
 0.0249335 -0.0768389   0.495659
 0.0249335 -0.0768389   0.495659
 0.0249335 -0.0768389   0.495659
 0.0249335 -0.0768389   0.495659
 0.0249335 -0.0768389   0.495659
 0.0249335 -0.0768389   0.495659
 0.0249335 -0.0768389   0.495659
 0.0249335 -0.0768389   0.495659
 0.0249335 -0.0768389   0.495659
 0.0249335 -0.0768389   0.495659
 0.0249335 -0.0768389   0.495659
 0.0249335 -0.0768389   0.495659
 0.0249335 -0.0768389   0.495659
 0.0249335 -0.0768389   0.495659
 0.0249335 -0.0768389   0.495659
 0.0249335 -0.0768389   0.495659
 0.0249335 -0.0768389   0.495659
 0.0249335 -0.0768389   0.495659
 0.0249335 -0.0768389   0.495659
 0.0249335 -0.0768389   0.495659
 0.0249335 -0.0768389   0.495659
 0.0249335 -0.0768389   0.495659
 0.0249335 -0.0768389   0.495659
 0.0249335 -0.0768389   0.495659
 0.0249335 -0.0768389   0.495659
 0.0249335 -0.0768389   0.495659
 0.0249335 -0.0768389   0.495659
 0.0249335 -0.0768389   0.495659
 0.0249335 -0.0768389   0.495659
 0.0249335 -0.0768389   0.495659
 0.0249335 -0.0768389   0.495659
 0.0249335 -0.0768389   0.495659
 0.0249335 -0.0768389   0.495659
 0.0249335 -0.0768389   0.495659
 0.0249335 -0.0768389   0.495659
 0.0249335 -0.0768389   0.495659
 0.0249335 -0.0768389   0.495659
 0.0249335 -0.0768389   0.495659
 0.0249335 -0.0768389   0.495659
 0.0249335 -0.0768389   0.495659
 0.0249335 -0.0768389   0.495659
 0.0249335 -0.0768389   0.495659
 0.0249335 -0.0768389   0.495659
 0.0249335 -0.0768389   0.495659
 0.0249335 -0.0768389   0.495659
 0.0249335 -0.0768389   0.495659
 0.0249335 -0.0768389   0.495659
 0.0249335 -0.0768389   0.495659
 0.0249335 -0.0768389   0.495659
 0.0249335 -0.0768389   0.495659
 0.0249335 -0.0768389   0.495659
 0.0249335 -0.0768389   0.495659
 0.0249335 -0.0768389   0.495659
 0.0249335 -0.0768389   0.495659
 0.0249335 -0.0768389   0.495659
 0.0249335 -0.0768389   0.495659
 0.0249335 -0.0768389   0.495659
 0.0249335 -0.0768389   0.495659
 0.0249335 -0.0768389   0.495659
 0.0249335 -0.0768389   0.495659
 0.0249335 -0.0768389   0.495659
 0.0249335 -0.0768389   0.495659
 0.0249335 -0.0768389   0.495659
 0.0249335 -0.0768389   0.495659
 0.0249335 -0.0768389   0.495659
 0.0249335 -0.0768389   0.495659
 0.0249335 -0.0768389   0.495659
 0.0249335 -0.0768389   0.495659
 0.0249335 -0.0768389   0.495659
 0.0249335 -0.0768389   0.495659
 0.0249335 -0.0768389   0.495659
 0.0249335 -0.0768389   0.495659
 0.0249335 -0.0768389   0.495659
 0.0249335 -0.0768389   0.495659
 0.0249335 -0.0768389   0.495659
 0.0249335 -0.0768389   0.495659
 0.0249335 -0.0768389   0.495659
 0.0249335 -0.0768389   0.495659
 0.0249335 -0.0768389   0.495659
 0.0249335 -0.0768389   0.495659
 0.0249335 -0.0768389   0.495659
 0.0249335 -0.0768389   0.495659
 0.0249335 -0.0768389   0.495659
 0.0249335 -0.0768389   0.495659
 0.0249335 -0.0768389   0.495659
 0.0249335 -0.0768389   0.495659
 0.0249335 -0.0768389   0.495659
 0.0249335 -0.0768389   0.495659
 0.0249335 -0.0768389   0.495659
 0.0249335 -0.0768389   0.495659
 0.0249335 -0.0768389   0.495659
 0.0249335 -0.0768389   0.495659
 0.0249335 -0.0768389   0.495659
 0.0249335 -0.0768389   0.495659
 0.0249335 -0.0768389   0.495659
 0.0249335 -0.0768389   0.495659
 0.0249335 -0.0768389   0.495659
 0.0249335 -0.0768389   0.495659
 0.0249335 -0.0768389   0.495659
 0.0249335 -0.0768389   0.495659
 0.0249335 -0.0768389   0.495659
 0.0249335 -0.0768389   0.495659
 0.0249335 -0.0768389   0.495659
 0.0249335 -0.0768389   0.495659
 0.0249335 -0.0768389   0.495659
 0.0249335 -0.0768389   0.495659
 0.0249335 -0.0768389   0.495659
 0.0249335 -0.0768389   0.495659
 0.0249335 -0.0768389   0.495659
 0.0249335 -0.0768389   0.495659
 0.0249335 -0.0768389   0.495659
 0.0249335 -0.0768389   0.495659
 0.0249335 -0.0768389   0.495659
 0.0249335 -0.0768389   0.495659
 0.0249335 -0.0768389   0.495659
 0.0249335 -0.0768389   0.495659
 0.0249335 -0.0768389   0.495659
 0.0249335 -0.0768389   0.495659
 0.0249335 -0.0768389   0.495659
 0.0249335 -0.0768389   0.495659
 0.0249335 -0.0768389   0.495659
 0.0249335 -0.0768389   0.495659
 0.0249335 -0.0768389   0.495659
 0.0249335 -0.0768389   0.495659
 0.0249335 -0.0768389   0.495659
 0.0249335 -0.0768389   0.495659
 0.0249335 -0.0768389   0.495659
 0.0249335 -0.0768389   0.495659
 0.0249335 -0.0768389   0.495659
 0.0249335 -0.0768389   0.495659
 0.0249335 -0.0768389   0.495659
 0.0249335 -0.0768389   0.495659
 0.0249335 -0.0768389   0.495659
 0.0249335 -0.0768389   0.495659
 0.0249335 -0.0768389   0.495659
 0.0249335 -0.0768389   0.495659
 0.0249335 -0.0768389   0.495659
 0.0249335 -0.0768389   0.495659
 0.0249335 -0.0768389   0.495659
 0.0249335 -0.0768389   0.495659
 0.0249335 -0.0768389   0.495659
 0.0249335 -0.0768389   0.495659
 0.0249335 -0.0768389   0.495659
 0.0249335 -0.0768389   0.495659
 0.0249335 -0.0768389   0.495659
 0.0249335 -0.0768389   0.495659
 0.0249335 -0.0768389   0.495659
 0.0249335 -0.0768389   0.495659
 0.0249335 -0.0768389   0.495659
 0.0249335 -0.0768389   0.495659
 0.0249335 -0.0768389   0.495659
 0.0249335 -0.0768389   0.495659
 0.0249335 -0.0768389   0.495659
 0.0249335 -0.0768389   0.495659
 0.0249335 -0.0768389   0.495659
 0.0249335 -0.0768389   0.495659
 0.0249335 -0.0768389   0.495659
 0.0249335 -0.0768389   0.495659
 0.0249335 -0.0768389   0.495659
 0.0249335 -0.0768389   0.495659
 0.0249335 -0.0768389   0.495659
 0.0249335 -0.0768389   0.495659
 0.0249335 -0.0768389   0.495659
 0.0249335 -0.0768389   0.495659
 0.0249335 -0.0768389   0.495659
 0.0249335 -0.0768389   0.495659
 0.0249335 -0.0768389   0.495659
 0.0249335 -0.0768389   0.495659
 0.0249335 -0.0768389   0.495659
 0.0249335 -0.0768389   0.495659
 0.0249335 -0.0768389   0.495659
 0.0249335 -0.0768389   0.495659
 0.0249335 -0.0768389   0.495659
 0.0249335 -0.0768389   0.495659
 0.0249335 -0.0768389   0.495659
 0.0249335 -0.0768389   0.495659
 0.0249335 -0.0768389   0.495659
 0.0249335 -0.0768389   0.495659
 0.0249335 -0.0768389   0.495659
 0.0249335 -0.0768389   0.495659
 0.0249335 -0.0768389   0.495659
 0.0249335 -0.0768389   0.495659
 0.0249335 -0.0768389   0.495659
 0.0249335 -0.0768389   0.495659
 0.0249335 -0.0768389   0.495659
 0.0249335 -0.0768389   0.495659
 0.0249335 -0.0768389   0.495659
 0.0249335 -0.0768389   0.495659
 0.0249335 -0.0768389   0.495659
 0.0249335 -0.0768389   0.495659
 0.0249335 -0.0768389   0.495659
 0.0249335 -0.0768389   0.495659
 0.0249335 -0.0768389   0.495659
 0.0249335 -0.0768389   0.495659
 0.0249335 -0.0768389   0.495659
 0.0249335 -0.0768389   0.495659
 0.0249335 -0.0768389   0.495659
 0.0249335 -0.0768389   0.495659
 0.0249335 -0.0768389   0.495659
 0.0249335 -0.0768389   0.495659
 0.0249335 -0.0768389   0.495659
 0.0249335 -0.0768389   0.495659
 0.0249335 -0.0768389   0.495659
 0.0249335 -0.0768389   0.495659
 0.0249335 -0.0768389   0.495659
 0.0249335 -0.0768389   0.495659
 0.0249335 -0.0768389   0.495659
 0.0249335 -0.0768389   0.495659
 0.0249335 -0.0768389   0.495659
 0.0249335 -0.0768389   0.495659
 0.0249335 -0.0768389   0.495659
 0.0249335 -0.0768389   0.495659
 0.0249335 -0.0768389   0.495659
 0.0249335 -0.0768389   0.495659
 0.0249335 -0.0768389   0.495659
 0.0249335 -0.0768389   0.495659
 0.0249335 -0.0768389   0.495659
 0.0249335 -0.0768389   0.495659
 0.0249335 -0.0768389   0.495659
 0.0249335 -0.0768389   0.495659
 0.0249335 -0.0768389   0.495659
 0.0249335 -0.0768389   0.495659
 0.0249335 -0.0768389   0.495659
 0.0249335 -0.0768389   0.495659
 0.0249335 -0.0768389   0.495659
 0.0249335 -0.0768389   0.495659
 0.0249335 -0.0768389   0.495659
 0.0249335 -0.0768389   0.495659
 0.0249335 -0.0768389   0.495659
 0.0249335 -0.0768389   0.495659
 0.0249335 -0.0768389   0.495659
 0.0249335 -0.0768389   0.495659
 0.0249335 -0.0768389   0.495659
 0.0249335 -0.0768389   0.495659
 0.0249335 -0.0768389   0.495659
 0.0249335 -0.0768389   0.495659
 0.0249335 -0.0768389   0.495659
 0.0249335 -0.0768389   0.495659
 0.0249335 -0.0768389   0.495659
 0.0249335 -0.0768389   0.495659
 0.0249335 -0.0768389   0.495659
 0.0249335 -0.0768389   0.495659
 0.0249335 -0.0768389   0.495659
 0.0249335 -0.0768389   0.495659
 0.0249335 -0.0768389   0.495659
 0.0249335 -0.0768389   0.495659
 0.0249335 -0.0768389   0.495659
 0.0249335 -0.0768389   0.495659
 0.0249335 -0.0768389   0.495659
 0.0249335 -0.0768389   0.495659
 0.0249335 -0.0768389   0.495659
 0.0249335 -0.0768389   0.495659
 0.0249335 -0.0768389   0.495659
 0.0249335 -0.0768389   0.495659
 0.0249335 -0.0768389   0.495659
 0.0249335 -0.0768389   0.495659
 0.0249335 -0.0768389   0.495659
 0.0249335 -0.0768389   0.495659
 0.0249335 -0.0768389   0.495659
 0.0249335 -0.0768389   0.495659
 0.0249335 -0.0768389   0.495659
 0.0249335 -0.0768389   0.495659
 0.0249335 -0.0768389   0.495659
 0.0249335 -0.0768389   0.495659
 0.0249335 -0.0768389   0.495659
 0.0249335 -0.0768389   0.495659
 0.0249335 -0.0768389   0.495659
 0.0249335 -0.0768389   0.495659
 0.0249335 -0.0768389   0.495659
 0.0249335 -0.0768389   0.495659
 0.0249335 -0.0768389   0.495659
 0.0249335 -0.0768389   0.495659
 0.0249335 -0.0768389   0.495659
 0.0249335 -0.0768389   0.495659
 0.0249335 -0.0768389   0.495659
 0.0249335 -0.0768389   0.495659
 0.0249335 -0.0768389   0.495659
 0.0249335 -0.0768389   0.495659
 0.0249335 -0.0768389   0.495659
 0.0249335 -0.0768389   0.495659
 0.0249335 -0.0768389   0.495659
 0.0249335 -0.0768389   0.495659
 0.0249335 -0.0768389   0.495659
 0.0249335 -0.0768389   0.495659
