0.0161271 -0.105325  0.508629
0.0161308 -0.105324  0.508629
0.0161327 -0.105328  0.508628
0.0161354 -0.105328  0.508628
0.0161365  -0.10533  0.508628
0.016137 -0.10533 0.508628
0.0161359 -0.105334  0.508627
0.0161352 -0.105334  0.508628
0.0161342 -0.105336  0.508628
0.0161324 -0.105335  0.508628
0.0161307 -0.105337  0.508628
0.0161283 -0.105335  0.508628
0.0161269 -0.105334  0.508628
0.0161237 -0.105333  0.508628
0.016122 -0.10533 0.508628
0.0161196 -0.105325  0.508628
0.0161164 -0.105321  0.508627
0.0161154 -0.105315  0.508627
0.0161128 -0.105308  0.508626
0.0161125 -0.105298  0.508626
0.0161108 -0.105288  0.508625
0.0161116 -0.105276  0.508624
0.0161111 -0.105262  0.508622
0.0161132 -0.105245  0.508621
0.0161141 -0.105227   0.50862
0.0161179 -0.105206  0.508618
0.0161206 -0.105183  0.508616
0.0161261 -0.105157  0.508615
0.0161307 -0.105128  0.508613
0.0161383 -0.105095  0.508611
 0.016145 -0.105063  0.508609
0.0161548 -0.105024  0.508607
0.0161638 -0.104985  0.508604
0.0161759  -0.10494  0.508602
0.0161874 -0.104896  0.508599
 0.016202 -0.104844  0.508597
0.0162159 -0.104794  0.508593
0.0162331 -0.104736  0.508591
  0.01625 -0.104676  0.508587
0.0162694 -0.104614  0.508585
0.0162887 -0.104548  0.508582
0.0163112 -0.104478  0.508578
0.0163332 -0.104406  0.508575
0.0163608 -0.104322   0.50857
0.0163866 -0.104243  0.508566
 0.016414 -0.104158  0.508562
0.0164424 -0.104072  0.508557
0.0164724 -0.103981  0.508553
0.0165037 -0.103888  0.508548
0.0165362 -0.103791  0.508543
0.0165704 -0.103689  0.508538
0.0166059 -0.103585  0.508532
0.0166427 -0.103477  0.508526
0.0166809 -0.103366   0.50852
0.0167208  -0.10325  0.508513
0.0167619 -0.103132  0.508506
0.0168044 -0.103008  0.508499
0.0168484 -0.102881  0.508491
0.0168938 -0.102752  0.508483
0.0169404 -0.102617  0.508474
0.0169885  -0.10248  0.508464
 0.017038 -0.102338  0.508454
 0.017089 -0.102191  0.508444
0.0171416 -0.102043  0.508432
0.0171956 -0.101888  0.508421
0.0172512 -0.101731  0.508408
0.0173083 -0.101567  0.508395
0.017367  -0.1014 0.508381
0.0174271  -0.10123  0.508366
0.0174885 -0.101055  0.508351
0.0175511 -0.100876  0.508335
0.0176154 -0.100694  0.508317
0.0176812 -0.100506    0.5083
0.0177484 -0.100315  0.508281
0.0178172  -0.10012  0.508261
 0.0178877 -0.0999192    0.50824
 0.0179599 -0.0997135   0.508218
 0.0180338 -0.0995046   0.508195
 0.0181094 -0.0992897   0.508171
 0.0181867 -0.0990697   0.508145
 0.0182655 -0.0988471   0.508119
 0.0183459 -0.0986189   0.508091
 0.0184267 -0.0983944   0.508063
  0.018511 -0.0981509   0.508032
  0.018596 -0.0979092   0.508001
 0.0186825 -0.0976634   0.507968
 0.0187527 -0.0974636   0.507942
 0.0188522 -0.0971755   0.507905
 0.0189416 -0.0969257   0.507868
 0.0190331 -0.0966668   0.507831
 0.0191258 -0.0964033   0.507792
 0.0192193 -0.0961375   0.507751
 0.0193239 -0.0958381   0.507706
 0.0194188 -0.0955732   0.507662
 0.019515 -0.095299  0.507618
 0.0196117 -0.0950254   0.507573
 0.0197086 -0.0947485   0.507526
 0.0198055 -0.0944709   0.507479
 0.0199141 -0.0941534   0.507426
 0.0200113 -0.0938746   0.507376
 0.0201085 -0.0935958   0.507325
0.0202047 -0.093325  0.507273
 0.0203012 -0.0930477    0.50722
 0.0203973 -0.0927708   0.507165
 0.0204929 -0.0924945    0.50711
 0.0205881 -0.0922199   0.507054
 0.0206826 -0.0919485   0.506997
 0.0207764 -0.0916769   0.506939
 0.0208692 -0.0914068    0.50688
 0.0209616 -0.0911384    0.50682
 0.0210528 -0.0908805   0.506761
 0.0211527 -0.0905761   0.506693
 0.0212429 -0.0903131   0.506631
 0.0213322 -0.0900512   0.506568
 0.0214207 -0.0897915   0.506504
 0.0215086 -0.0895335    0.50644
 0.0215954 -0.0892838   0.506374
 0.0216825 -0.0890301   0.506308
  0.021767 -0.0887762   0.506241
 0.0218513 -0.0885247   0.506173
 0.0219363 -0.0882755   0.506105
 0.0220188 -0.0880254   0.506036
 0.0221012 -0.0877781   0.505966
 0.0221841 -0.0875329   0.505895
 0.0222642 -0.0872876   0.505825
  0.022344 -0.0870453   0.505753
 0.0224242 -0.0868061   0.505681
 0.0225013 -0.0865666   0.505609
 0.0225783 -0.0863303   0.505536
0.0226555 -0.086105  0.505464
  0.022737 -0.0858301   0.505385
 0.0228131 -0.0856005   0.505311
 0.0228843 -0.0853742   0.505238
 0.0229559 -0.0851499   0.505165
 0.0230268 -0.0849295   0.505092
 0.0230959 -0.0847097   0.505019
0.0231661 -0.084496  0.504946
 0.0232331 -0.0842853   0.504874
 0.0232987 -0.0840786   0.504801
  0.023363 -0.0838751   0.504729
 0.0234261 -0.0836758   0.504657
 0.0234878 -0.0834802   0.504586
 0.0235483 -0.0832887   0.504515
 0.0236074 -0.0831011   0.504444
  0.023667 -0.0829215   0.504373
 0.0237235 -0.0827413   0.504303
 0.0237786 -0.0825633   0.504234
 0.0238325 -0.0823908   0.504165
  0.023885 -0.0822224   0.504097
 0.0239362 -0.0820576   0.504029
  0.023986 -0.0818959   0.503962
 0.0240344 -0.0817387   0.503895
 0.0240815 -0.0815847   0.503828
 0.0241271 -0.0814329   0.503763
 0.0241714 -0.0812872   0.503698
 0.0242141 -0.0811447   0.503633
 0.0242554 -0.0810061    0.50357
 0.0242953 -0.0808713   0.503507
 0.0243337 -0.0807407   0.503444
0.0243707 -0.080612  0.503383
 0.0244042 -0.0804754   0.503316
0.0244385 -0.080361  0.503256
0.0244712 -0.080244  0.503197
 0.0245024 -0.0801323   0.503139
 0.0245324 -0.0800243   0.503081
 0.0245612 -0.0799207   0.503024
 0.0245887 -0.0798198   0.502967
 0.0246152 -0.0797208   0.502912
 0.0246405 -0.0796267   0.502857
 0.0246648 -0.0795357   0.502802
 0.0246919 -0.0794562   0.502754
0.0247138 -0.079368    0.5027
 0.0247354 -0.0792856   0.502648
 0.0247562 -0.0792066   0.502596
 0.0247762 -0.0791285   0.502545
 0.0247954 -0.0790545   0.502494
 0.0248141 -0.0789828   0.502443
  0.024832 -0.0789136   0.502393
 0.0248492 -0.0788442   0.502344
  0.024866 -0.0787793   0.502295
 0.0248822 -0.0787158   0.502246
 0.0248979 -0.0786542   0.502198
 0.0249132 -0.0785926    0.50215
  0.024928 -0.0785343   0.502102
 0.0249425 -0.0784781   0.502055
0.0249565 -0.078423  0.502008
 0.0249702 -0.0783691   0.501961
0.0249805 -0.078315  0.501916
 0.0249937 -0.0782646    0.50187
 0.0250097 -0.0782152   0.501823
 0.0250223 -0.0781675   0.501778
 0.0250348 -0.0781192   0.501733
 0.0250469 -0.0780737   0.501689
 0.0250589 -0.0780297   0.501644
0.0250707 -0.077987    0.5016
 0.0250822 -0.0779433   0.501557
0.0250884   -0.0779   0.50151
 0.0250995 -0.0778612   0.501466
0.0251106 -0.077824  0.501423
0.0251213 -0.077787  0.501381
 0.0251319 -0.0777496    0.50134
 0.0251431 -0.0777174   0.501299
 0.0251527 -0.0776821   0.501256
 0.0251636 -0.0776518   0.501216
0.0251736 -0.077619  0.501176
 0.0251833 -0.0775893   0.501136
0.0251929  -0.07756  0.501096
 0.0252018 -0.0775306   0.501056
0.0252111 -0.077502  0.501016
0.0252202 -0.077476  0.500978
0.0252292 -0.077451  0.500939
 0.0252379 -0.0774274     0.5009
 0.0252464 -0.0774026   0.500862
 0.0252555 -0.0773818   0.500825
 0.0252636 -0.0773604   0.500788
 0.0252713 -0.0773403    0.50075
 0.0252788 -0.0773185   0.500713
 0.0252861 -0.0772996   0.500676
 0.0252932 -0.0772816    0.50064
 0.0253001 -0.0772623   0.500603
 0.0253067 -0.0772453   0.500567
0.0253131 -0.077229  0.500531
0.0253193 -0.077214  0.500496
 0.0253254 -0.0771975    0.50046
 0.0253311 -0.0771831   0.500425
 0.0253368 -0.0771695    0.50039
 0.0253424 -0.0771567   0.500355
 0.0253477 -0.0771426   0.500321
 0.0253529 -0.0771303   0.500286
 0.0253582 -0.0771188   0.500252
 0.0253634 -0.0771083   0.500218
 0.025371 -0.077096  0.500183
  0.025376 -0.0770858    0.50015
 0.0253812 -0.0770762   0.500116
 0.0253863 -0.0770654   0.500083
0.0253915 -0.077057   0.50005
 0.0253967 -0.0770482   0.500017
 0.0254021 -0.0770408   0.499985
 0.0254076 -0.0770316   0.499953
  0.025413 -0.0770177   0.499918
 0.0254189 -0.0770182   0.499888
 0.0254246 -0.0770034   0.499855
 0.0254306 -0.0769976   0.499823
 0.0254368 -0.0769989   0.499794
 0.0254431 -0.0769939   0.499763
 0.0254496 -0.0769894   0.499732
 0.0254541 -0.0769828   0.499703
 0.025461 -0.076979  0.499672
  0.025468 -0.0769754   0.499642
 0.0254751 -0.0769723   0.499612
 0.0254823 -0.0769677   0.499583
 0.0254915 -0.0769649   0.499553
 0.0254989 -0.0769627   0.499523
 0.0255063 -0.0769587   0.499494
 0.0255138 -0.0769573   0.499465
 0.0255213 -0.0769555   0.499437
 0.0255287 -0.0769542   0.499408
 0.0255361 -0.0769514    0.49938
 0.0255436 -0.0769507   0.499352
 0.0255513 -0.0769416   0.499323
 0.0255586 -0.0769414   0.499295
 0.0255659 -0.0769412   0.499267
 0.0255732 -0.0769415    0.49924
 0.0255804 -0.0769401   0.499213
 0.0255889 -0.0769427   0.499187
 0.0255961 -0.0769434   0.499161
 0.0256031 -0.0769444   0.499134
 0.0256102 -0.0769439   0.499108
 0.0256173 -0.0769454   0.499082
0.0256244 -0.076947  0.499057
 0.0256314 -0.0769468   0.499031
 0.0256384 -0.0769492   0.499006
 0.0256454 -0.0769511   0.498981
 0.0256522 -0.0769532   0.498956
 0.0256591 -0.0769538   0.498931
  0.025666 -0.0769566   0.498907
 0.0256729 -0.0769592   0.498882
 0.0256798 -0.0769621   0.498858
 0.0256866 -0.0769632   0.498834
 0.0256947 -0.0769671   0.498809
0.0257015  -0.07697  0.498785
 0.0257083 -0.0769728   0.498762
 0.0257152 -0.0769742   0.498739
  0.025722 -0.0769775   0.498716
 0.0257289 -0.0769806   0.498692
0.0257358 -0.076984  0.498669
 0.0257428 -0.0769855   0.498647
0.0257497 -0.076989  0.498624
 0.0257567 -0.0769921   0.498602
 0.0257636 -0.0769935    0.49858
 0.0257705 -0.0769967   0.498558
 0.0257774 -0.0769999   0.498536
 0.0257843 -0.0770035   0.498514
0.0257913 -0.077005  0.498493
  0.025794 -0.0770116   0.498469
 0.0258075 -0.0770118   0.498449
 0.0258078 -0.0770168   0.498427
 0.0258146 -0.0770202   0.498406
 0.0258215 -0.0770239   0.498385
 0.0258282 -0.0770255   0.498365
  0.025835 -0.0770292   0.498344
 0.0258462 -0.0770301   0.498327
 0.0258526 -0.0770334   0.498307
 0.0258594 -0.0770369   0.498287
 0.0258662 -0.0770406   0.498267
 0.0258729 -0.0770426   0.498248
 0.0258795 -0.0770465   0.498229
 0.0258861 -0.0770501   0.498209
 0.0258926 -0.0770519   0.498191
 0.0258951 -0.0770588   0.498169
 0.0259015 -0.0770607   0.498151
 0.0259078 -0.0770648   0.498132
 0.0259144 -0.0770691   0.498114
 0.0259206 -0.0770732   0.498096
 0.0259267 -0.0770754   0.498078
 0.0259328 -0.0770796   0.498061
 0.0259402 -0.0770847   0.498043
 0.0259463 -0.0770894   0.498026
0.0259522 -0.077091  0.498009
  0.025958 -0.0770948   0.497992
  0.025964 -0.0771001   0.497975
   0.02597 -0.0771047   0.497958
 0.0259758 -0.0771068   0.497942
 0.0259816 -0.0771109   0.497925
 0.0259873 -0.0771148   0.497909
  0.025993 -0.0771168   0.497893
0.0259986 -0.077121  0.497877
 0.0260042 -0.0771246   0.497862
 0.0260096 -0.0771288   0.497846
  0.026015 -0.0771309   0.497831
 0.0260202 -0.0771348   0.497815
 0.0260253 -0.0771386     0.4978
 0.0260303 -0.0771427   0.497785
 0.0260351 -0.0771446    0.49777
 0.0260397 -0.0771486   0.497756
 0.0260441 -0.0771524   0.497741
 0.0260498 -0.0771474   0.497725
0.0260539 -0.077151  0.497711
0.0260577 -0.077155  0.497697
  0.026061 -0.0771566   0.497683
 0.0260644 -0.0771606   0.497669
 0.0260664 -0.0771716   0.497656
 0.0260694 -0.0771756   0.497642
 0.0260721 -0.0771795   0.497628
 0.0260757 -0.0771743   0.497613
  0.026078 -0.0771785     0.4976
 0.0260803 -0.0771808   0.497587
 0.0260835 -0.0771864   0.497574
 0.0260851 -0.0771901    0.49756
 0.0260865 -0.0771941   0.497547
 0.0260878 -0.0771966   0.497535
 0.0260887 -0.0772002   0.497521
 0.0260878 -0.0772023   0.497508
 0.0260885 -0.0772062   0.497495
 0.0260893 -0.0772087   0.497483
 0.0260911 -0.0772138   0.497471
 0.0260899 -0.0772162   0.497458
 0.0260901 -0.0772178   0.497446
 0.0260902 -0.0772218   0.497434
 0.0260902 -0.0772251   0.497422
 0.0260901 -0.0772288    0.49741
 0.0260913 -0.0772314   0.497398
0.0260912 -0.077235  0.497386
 0.0260912 -0.0772385   0.497375
 0.0260905 -0.0772434   0.497363
 0.0260903 -0.0772445   0.497352
   0.02609 -0.0772477    0.49734
 0.0260898 -0.0772504   0.497329
 0.0260895 -0.0772533   0.497317
 0.0260893 -0.0772542   0.497306
 0.026089 -0.077257  0.497295
 0.0260886 -0.0772595   0.497284
0.0260883  -0.07726  0.497273
 0.0260878 -0.0772628   0.497262
 0.0260874 -0.0772651   0.497251
 0.0260868 -0.0772675    0.49724
 0.0260863 -0.0772679    0.49723
 0.0260856 -0.0772705   0.497219
 0.0260848 -0.0772725   0.497209
  0.026084 -0.0772748   0.497198
 0.0260831 -0.0772752   0.497188
 0.0260821 -0.0772776   0.497178
  0.026081 -0.0772795   0.497168
 0.0260798 -0.0772797   0.497158
 0.0260785 -0.0772822   0.497148
 0.0260771 -0.0772841   0.497138
 0.0260756 -0.0772863   0.497128
 0.0260704 -0.0772891   0.497116
 0.0260687 -0.0772914   0.497106
 0.0260669 -0.0772915   0.497097
  0.026065 -0.0772933   0.497087
  0.026063 -0.0772958   0.497077
 0.0260613 -0.0772962   0.497068
 0.0260592 -0.0772984   0.497059
 0.0260571 -0.0773003   0.497049
 0.0260549 -0.0773025    0.49704
 0.0260541 -0.0773038   0.497031
  0.026051 -0.0773071   0.497022
0.0260487 -0.077309  0.497013
 0.0260465 -0.0773087   0.497004
 0.0260442 -0.0773107   0.496995
  0.026042 -0.0773122   0.496986
 0.0260397 -0.0773141   0.496977
 0.0260374 -0.0773137   0.496968
 0.0260351 -0.0773153   0.496959
 0.0260328 -0.0773167   0.496951
 0.0260305 -0.0773162   0.496942
 0.0260282 -0.0773179   0.496934
 0.0260259 -0.0773189   0.496925
 0.0260235 -0.0773207   0.496916
 0.0260211 -0.0773201   0.496908
 0.0260206 -0.0773144   0.496899
 0.0260182 -0.0773137   0.496891
 0.0260161 -0.0773156   0.496882
 0.0260137 -0.0773169   0.496874
 0.0260112 -0.0773161   0.496866
 0.0260089 -0.0773209   0.496858
 0.0260064 -0.0773221    0.49685
 0.0260038 -0.0773238   0.496842
 0.0260012 -0.0773235   0.496835
 0.0259986 -0.0773253   0.496827
 0.0259959 -0.0773268   0.496819
 0.0259932 -0.0773265   0.496811
 0.0259904 -0.0773286   0.496804
 0.0259875 -0.0773303   0.496796
 0.0259846 -0.0773323   0.496788
 0.0259817 -0.0773322   0.496781
 0.0259787 -0.0773344   0.496773
0.0259757 -0.077336  0.496766
 0.0259726 -0.0773359   0.496759
 0.0259695 -0.0773381   0.496751
 0.0259663 -0.0773398   0.496744
 0.0259632 -0.0773418   0.496736
   0.02596 -0.0773417   0.496729
 0.0259568 -0.0773436   0.496722
 0.0259506 -0.0773466   0.496713
 0.0259474 -0.0773482   0.496706
 0.0259442 -0.0773501   0.496698
  0.025941 -0.0773496   0.496691
 0.0259379 -0.0773512   0.496684
 0.0259348 -0.0773526   0.496677
 0.0259317 -0.0773519    0.49667
 0.0259287 -0.0773533   0.496663
 0.0259259 -0.0773548   0.496656
 0.0259219 -0.0773575   0.496649
 0.0259199 -0.0773573   0.496643
 0.025917 -0.077358  0.496636
 0.0259143 -0.0773592   0.496629
 0.0259115 -0.0773581   0.496622
 0.0259091 -0.0773594   0.496615
 0.0259062 -0.0773597   0.496608
 0.0259036 -0.0773582   0.496602
  0.025901 -0.0773591   0.496595
 0.0258984 -0.0773597   0.496588
0.0258984 -0.077352  0.496581
 0.0258959 -0.0773525   0.496574
 0.0258935 -0.0773514   0.496568
 0.0258899 -0.0773537   0.496562
 0.0258872 -0.0773539   0.496556
 0.0258854 -0.0773558   0.496549
 0.0258829 -0.0773545   0.496543
 0.0258803 -0.0773556   0.496537
 0.0258776 -0.0773565    0.49653
 0.0258749 -0.0773553   0.496524
 0.0258722 -0.0773567   0.496518
 0.0258694 -0.0773577   0.496512
 0.0258666 -0.0773592   0.496506
 0.0258638 -0.0773584     0.4965
 0.0258609 -0.0773596   0.496494
 0.0258579 -0.0773613   0.496488
  0.025855 -0.0773607   0.496482
 0.0258519 -0.0773623   0.496476
 0.0258489 -0.0773637    0.49647
 0.0258458 -0.0773631   0.496464
  0.025843 -0.0773653   0.496458
 0.0258399 -0.0773667   0.496452
 0.0258369 -0.0773684   0.496447
 0.0258338 -0.0773679   0.496441
  0.025828 -0.0773709   0.496434
 0.0258248 -0.0773723   0.496428
 0.0258208 -0.0773751   0.496422
 0.0258178 -0.0773767   0.496417
 0.0258149 -0.0773759   0.496411
  0.025812 -0.0773772   0.496405
 0.0258091 -0.0773784     0.4964
 0.0258063 -0.0773772   0.496394
 0.0258036 -0.0773784   0.496388
 0.0258009 -0.0773793   0.496383
 0.0257988 -0.0773786   0.496377
 0.0257962 -0.0773792   0.496372
 0.0257937 -0.0773796   0.496366
 0.0257912 -0.0773804   0.496361
 0.0257888 -0.0773789   0.496355
 0.0257864 -0.0773795    0.49635
  0.025784 -0.0773798   0.496344
0.0257817 -0.077378  0.496339
 0.0257794 -0.0773786   0.496333
 0.0257772 -0.0773789   0.496328
  0.025775 -0.0773771   0.496323
 0.0257728 -0.0773778   0.496317
 0.0257709 -0.0773784   0.496312
0.0257687 -0.077379  0.496307
 0.0257666 -0.0773774   0.496302
  0.025767 -0.0773693   0.496297
 0.0257639 -0.0773714   0.496292
 0.0257617 -0.0773718   0.496286
 0.0257595 -0.0773726   0.496281
 0.0257573 -0.0773714   0.496277
0.0257551 -0.077372  0.496272
 0.0257528 -0.0773731   0.496267
 0.0257505 -0.0773721   0.496262
 0.0257482 -0.0773733   0.496257
0.0257464 -0.077375  0.496252
 0.025744 -0.077374  0.496248
 0.0257415 -0.0773754   0.496243
  0.025739 -0.0773765   0.496238
 0.0257364 -0.0773756   0.496234
 0.0257338 -0.0773773   0.496229
 0.0257312 -0.0773784   0.496224
 0.0257287 -0.0773803   0.496219
 0.0257261 -0.0773796   0.496215
 0.0257233 -0.0773805   0.496211
 0.0257206 -0.0773824   0.496206
 0.0257169 -0.0773829   0.496202
 0.0257116 -0.0773887   0.496195
 0.0257089 -0.0773879   0.496191
 0.0257062 -0.0773891   0.496186
 0.0257034 -0.0773903   0.496182
 0.0257007 -0.0773895   0.496178
 0.0256981 -0.0773903   0.496173
 0.0256956 -0.0773918   0.496169
 0.0256931 -0.0773906   0.496164
 0.0256907 -0.0773916    0.49616
 0.0256889 -0.0773929   0.496155
 0.0256867 -0.0773914   0.496151
 0.0256845 -0.0773922   0.496147
 0.0256823 -0.0773927   0.496142
 0.0256803 -0.0773934   0.496138
0.0256784 -0.077392  0.496133
 0.0256765 -0.0773923   0.496129
0.0256746 -0.077393  0.496124
 0.0256727 -0.0773912    0.49612
 0.0256709 -0.0773914   0.496116
 0.0256691 -0.0773922   0.496111
 0.0256662 -0.0773911   0.496108
 0.0256644 -0.0773916   0.496104
 0.0256627 -0.0773918   0.496099
 0.0256638 -0.0773838   0.496095
 0.0256621 -0.0773844   0.496091
 0.0256603 -0.0773827   0.496087
 0.0256586 -0.0773828   0.496083
 0.0256568 -0.0773836   0.496079
  0.025655 -0.0773821   0.496075
 0.0256531 -0.0773825   0.496071
 0.0256512 -0.0773831   0.496067
 0.0256498 -0.0773824   0.496064
 0.0256474 -0.0773829    0.49606
 0.0256454 -0.0773835   0.496056
 0.0256438 -0.0773831   0.496052
 0.0256413 -0.0773838   0.496048
 0.0256392 -0.0773847   0.496044
 0.0256377 -0.0773846   0.496041
 0.0256355 -0.0773861   0.496037
 0.0256324 -0.0773884   0.496034
 0.0256302 -0.0773899    0.49603
 0.0256279 -0.0773892   0.496027
 0.0256232 -0.0773924   0.496022
0.0256209 -0.077394  0.496018
 0.0256187 -0.0773953   0.496015
 0.0256164 -0.0773944   0.496011
 0.0256142 -0.0773959   0.496008
  0.025612 -0.0773969   0.496004
 0.0256098 -0.0773983      0.496
 0.0256075 -0.0773969   0.495997
 0.0256055 -0.0773977   0.495994
 0.0256035 -0.0773989    0.49599
 0.0256014 -0.0773976   0.495986
0.0255995 -0.077398  0.495983
0.0255975 -0.077399  0.495979
 0.0255957 -0.0773975   0.495976
 0.0255942 -0.0773986   0.495972
 0.0255926 -0.0773994   0.495969
 0.0255908 -0.0773976   0.495965
 0.0255891 -0.0773982   0.495962
 0.0255874 -0.0773986   0.495958
 0.0255849 -0.0773979   0.495955
 0.0255832 -0.0773984   0.495952
 0.0255816 -0.0773983   0.495949
   0.02558 -0.0773965   0.495945
 0.0255814 -0.0773911   0.495942
 0.0255799 -0.0773893   0.495939
 0.0255784 -0.0773899   0.495935
 0.0255769 -0.0773901   0.495932
 0.0255754 -0.0773884   0.495929
 0.0255738 -0.0773887   0.495926
 0.0255723 -0.0773892   0.495923
 0.0255707 -0.0773876    0.49592
 0.0255692 -0.0773885   0.495917
 0.0255676 -0.0773891   0.495913
  0.025566 -0.0773877   0.495911
0.0255644 -0.077389  0.495908
 0.0255627 -0.0773897   0.495904
  0.025561 -0.0773909   0.495901
 0.0255593 -0.0773899   0.495899
 0.0255579 -0.0773914   0.495896
0.0255562 -0.077393  0.495893
 0.0255545 -0.0773922    0.49589
 0.0255525 -0.0773926   0.495887
 0.0255507 -0.0773943   0.495884
 0.0255479 -0.0773943   0.495882
  0.025546 -0.0773957   0.495879
 0.0255441 -0.0773967   0.495876
 0.0255422 -0.0773958   0.495874
 0.0255403 -0.0773972   0.495871
 0.0255383 -0.0773982   0.495868
  0.025534 -0.0774016   0.495864
0.0255321 -0.077403  0.495861
 0.0255302 -0.0774019   0.495858
 0.0255283 -0.0774027   0.495856
 0.0255265 -0.0774039   0.495853
 0.0255247 -0.0774027    0.49585
  0.025523 -0.0774032   0.495847
 0.0255213 -0.0774042   0.495844
 0.0255196 -0.0774024   0.495842
 0.0255181 -0.0774032   0.495839
 0.0255168 -0.0774039   0.495836
 0.0255155 -0.0774026   0.495833
0.0255141 -0.077403  0.495831
 0.0255127 -0.0774033   0.495828
 0.0255114 -0.0774015   0.495825
 0.0255101 -0.0774022   0.495822
 0.0255079 -0.0774031    0.49582
 0.0255067 -0.0774012   0.495817
 0.0255056 -0.0774017   0.495814
 0.0255044 -0.0774019   0.495812
 0.0255032 -0.0773995    0.49581
  0.025502 -0.0774001   0.495807
  0.025504 -0.0773924   0.495805
 0.0255029 -0.0773925   0.495802
0.0255017 -0.077393  0.495799
 0.0255006 -0.0773913   0.495797
 0.0254994 -0.0773916   0.495795
0.0254982 -0.077392  0.495792
  0.025497 -0.0773903    0.49579
 0.0254958 -0.0773911   0.495787
 0.0254945 -0.0773917   0.495785
 0.0254932 -0.0773903   0.495783
 0.0254919 -0.0773914    0.49578
 0.0254905 -0.0773922   0.495778
 0.025489 -0.077391  0.495776
 0.0254876 -0.0773923   0.495774
 0.0254861 -0.0773932   0.495771
 0.0254845 -0.0773919    0.49577
 0.0254831 -0.0773938   0.495768
 0.0254816 -0.0773953   0.495765
 0.0254791 -0.0773949   0.495763
 0.0254774 -0.0773964   0.495761
 0.0254757 -0.0773975   0.495759
  0.025474 -0.0773964   0.495757
0.0254724 -0.077398  0.495755
0.0254707 -0.077399  0.495752
  0.025469 -0.0774003    0.49575
0.0254672 -0.077399  0.495749
0.0254656   -0.0774  0.495746
 0.0254639 -0.0774012   0.495744
 0.0254623 -0.0774001   0.495742
 0.0254607 -0.0774008    0.49574
0.0254591 -0.077402  0.495737
 0.0254576 -0.0774008   0.495735
 0.0254561 -0.0774014   0.495733
 0.0254546 -0.0774026   0.495731
 0.0254532 -0.0774011   0.495729
 0.0254517 -0.0774017   0.495727
 0.0254504 -0.0774023   0.495725
 0.0254491 -0.0774008   0.495723
 0.0254478 -0.0774015   0.495721
0.0254466 -0.077402  0.495719
 0.0254454 -0.0774005   0.495717
 0.0254442 -0.0774013   0.495714
 0.0254431 -0.0774017   0.495712
  0.025442 -0.0774001    0.49571
  0.025441 -0.0774009   0.495708
0.0254398 -0.077401  0.495707
 0.0254388 -0.0773992   0.495705
 0.0254378 -0.0774001   0.495703
 0.0254368 -0.0774005   0.495701
 0.0254358 -0.0773988   0.495699
 0.0254349 -0.0773997   0.495697
 0.0254339 -0.0774002   0.495695
 0.0254329 -0.0773986   0.495693
 0.0254319 -0.0773995   0.495691
0.0254309   -0.0774  0.495689
0.0254299 -0.077398  0.495688
 0.0254289 -0.0773991   0.495686
 0.0254278 -0.0773996   0.495684
0.0254268 -0.077398  0.495682
 0.0254257 -0.0773992    0.49568
 0.0254246 -0.0773998   0.495678
 0.0254235 -0.0773982   0.495677
 0.0254224 -0.0773993   0.495675
0.0254213   -0.0774  0.495673
   0.02542 -0.0774006   0.495671
 0.0254188 -0.0773992    0.49567
 0.0254176 -0.0773999   0.495668
0.0254166 -0.077401  0.495666
 0.0254154 -0.0773997   0.495665
 0.0254141 -0.0774004   0.495663
 0.0254129 -0.0774013   0.495661
0.0254095 -0.077405  0.495658
 0.0254082 -0.0774036   0.495657
  0.025407 -0.0774045   0.495655
 0.0254058 -0.0774051   0.495653
 0.0254038 -0.0774043   0.495652
 0.0254026 -0.0774051    0.49565
 0.0254015 -0.0774053   0.495649
 0.0254004 -0.0774035   0.495647
 0.0253993 -0.0774042   0.495645
 0.0253984 -0.0774045   0.495643
 0.0253974 -0.0774026   0.495642
 0.0253965 -0.0774032    0.49564
 0.0253956 -0.0774035   0.495638
 0.0253948 -0.0774015   0.495637
 0.0253939 -0.0774017   0.495635
 0.0253932 -0.0774018   0.495634
 0.0253924 -0.0773999   0.495632
 0.0253917 -0.0774004    0.49563
  0.025391 -0.0774005   0.495629
 0.0253903 -0.0773985   0.495627
 0.0253897 -0.0773994   0.495626
 0.0253888 -0.0773993   0.495624
 0.0253914 -0.0773921   0.495623
 0.0253875 -0.0773983   0.495621
 0.0253867 -0.0773983    0.49562
  0.025386 -0.0773966   0.495619
 0.0253852 -0.0773973   0.495617
 0.0253876 -0.0773906   0.495616
 0.0253867 -0.0773907   0.495614
 0.0253858 -0.0773917   0.495613
 0.0253841 -0.0773908   0.495612
 0.0253831 -0.0773914   0.495611
 0.0253821 -0.0773925   0.495609
  0.025381 -0.0773913   0.495608
 0.0253799 -0.0773921   0.495607
 0.0253788 -0.0773932   0.495605
 0.0253776 -0.0773919   0.495604
 0.0253764 -0.0773929   0.495603
 0.0253752 -0.0773942   0.495602
  0.025374 -0.0773931   0.495601
 0.0253729 -0.0773944   0.495599
 0.0253717 -0.0773957   0.495598
 0.0253705 -0.0773949   0.495597
 0.0253693 -0.0773959   0.495596
 0.0253679 -0.0773968   0.495594
 0.0253646 -0.0774012   0.495592
 0.0253633 -0.0774002   0.495591
  0.025362 -0.0774011    0.49559
 0.0253608 -0.0774017   0.495589
 0.0253618 -0.0773973   0.495588
 0.0253584 -0.0774013   0.495586
0.0253573 -0.077402  0.495585
 0.0253555 -0.0774011   0.495584
 0.0253544 -0.0774019   0.495582
 0.0253535 -0.0774024   0.495581
 0.0253525 -0.0774004    0.49558
 0.0253516 -0.0774009   0.495578
 0.0253508 -0.0774012   0.495577
   0.02535 -0.0773993   0.495576
 0.0253493 -0.0773998   0.495575
 0.0253486 -0.0773999   0.495573
  0.025348 -0.0773979   0.495572
 0.0253474 -0.0773983   0.495571
0.0253467 -0.077398  0.495569
0.0253462 -0.077396  0.495568
 0.0253457 -0.0773967   0.495567
 0.0253452 -0.0773969   0.495566
 0.0253447 -0.0773945   0.495565
 0.0253442 -0.0773949   0.495563
 0.0253437 -0.0773952   0.495562
 0.0253433 -0.0773938   0.495561
0.0253427 -0.077394   0.49556
 0.0253422 -0.0773944   0.495559
 0.0253416 -0.0773925   0.495558
  0.025341 -0.0773932   0.495557
 0.0253436 -0.0773862   0.495557
 0.0253422 -0.0773871   0.495556
 0.0253416 -0.0773853   0.495555
 0.0253409 -0.0773864   0.495554
 0.0253401 -0.0773871   0.495553
 0.0253393 -0.0773856   0.495552
 0.0253385 -0.0773867   0.495551
 0.0253375 -0.0773873    0.49555
0.0253366 -0.077386  0.495549
 0.0253356 -0.0773873   0.495548
 0.0253346 -0.0773883   0.495547
 0.0253336 -0.0773871   0.495547
 0.0253325 -0.0773887   0.495546
