 0.268527 -0.326545  0.609706
 0.268527 -0.326545  0.609706
  0.26853 -0.326543  0.609704
 0.268537 -0.326535  0.609695
 0.268548 -0.326523  0.609681
 0.268564 -0.326507  0.609663
 0.268583 -0.326487   0.60964
 0.268607 -0.326462  0.609611
 0.268635 -0.326432  0.609577
 0.268667 -0.326398  0.609539
0.268704 -0.32636 0.609495
 0.268744 -0.326317  0.609446
 0.268789 -0.326269  0.609393
 0.268838 -0.326218  0.609334
 0.268891 -0.326161   0.60927
 0.268949 -0.326101  0.609201
 0.269011 -0.326035  0.609127
 0.269077 -0.325966  0.609048
 0.269147 -0.325892  0.608964
 0.269221 -0.325813  0.608874
  0.2693 -0.32573  0.60878
 0.269382 -0.325643  0.608681
  0.26947 -0.325551  0.608576
 0.269561 -0.325455  0.608467
 0.269656 -0.325354  0.608353
 0.269756 -0.325249  0.608233
  0.26986 -0.325139  0.608108
 0.269968 -0.325025  0.607979
  0.27008 -0.324907  0.607844
 0.270197 -0.324784  0.607704
 0.270317 -0.324656   0.60756
 0.270442 -0.324524   0.60741
 0.270572 -0.324388  0.607255
 0.270705 -0.324247  0.607095
 0.270843 -0.324102   0.60693
 0.270984 -0.323952   0.60676
  0.27113 -0.323798  0.606585
 0.271281 -0.323639  0.606404
 0.271435 -0.323476  0.606219
 0.271594 -0.323309  0.606029
 0.271757 -0.323137  0.605833
0.271924 -0.32296 0.605633
0.272095 -0.32278 0.605427
 0.272271 -0.322594  0.605217
 0.272451 -0.322404  0.605001
0.272635 -0.32221  0.60478
 0.272823 -0.322012  0.604555
 0.273015 -0.321809  0.604324
 0.273212 -0.321601  0.604088
 0.273413 -0.321389  0.603847
 0.273618 -0.321173  0.603601
 0.273828 -0.320951   0.60335
 0.274041 -0.320726  0.603094
 0.274259 -0.320496  0.602832
 0.274481 -0.320261  0.602566
 0.274707 -0.320023  0.602295
0.274938 -0.31978 0.602018
 0.275172 -0.319532  0.601737
0.275411 -0.31928 0.601451
 0.275654 -0.319024  0.601159
 0.275901 -0.318763  0.600863
 0.276153 -0.318497  0.600561
 0.276408 -0.318228  0.600255
 0.276668 -0.317953  0.599943
 0.276932 -0.317674  0.599626
 0.277201 -0.317391  0.599304
 0.277473 -0.317104  0.598977
  0.27775 -0.316811  0.598645
 0.278031 -0.316515  0.598308
 0.278316 -0.316214  0.597966
 0.278606 -0.315908  0.597619
 0.278899 -0.315598  0.597267
 0.279197 -0.315284   0.59691
 0.279499 -0.314965  0.596548
 0.279805 -0.314642   0.59618
 0.280116 -0.314314  0.595808
 0.280431 -0.313982   0.59543
  0.28075 -0.313646  0.595048
 0.281073 -0.313304   0.59466
 0.281401 -0.312958  0.594267
 0.281733 -0.312608  0.593869
 0.282069 -0.312253  0.593466
 0.282409 -0.311894  0.593058
0.282754 -0.31153 0.592645
 0.283102 -0.311162  0.592226
0.283455 -0.31079 0.591803
 0.283812 -0.310413  0.591375
 0.284173 -0.310032  0.590942
 0.284539 -0.309646  0.590503
 0.284908 -0.309256   0.59006
 0.285282 -0.308862  0.589612
  0.28566 -0.308463  0.589159
 0.286043 -0.308059    0.5887
 0.286429 -0.307651  0.588236
  0.28682 -0.307238  0.587767
 0.287216 -0.306821  0.587293
0.287615  -0.3064 0.586814
 0.288019 -0.305973   0.58633
 0.288426 -0.305543  0.585841
 0.288839 -0.305108  0.585347
 0.289255 -0.304669  0.584847
 0.289674 -0.304226  0.584345
 0.290093 -0.303783  0.583842
 0.290513 -0.303341  0.583339
 0.290932 -0.302898  0.582836
 0.291351 -0.302456  0.582333
 0.291771 -0.302013   0.58183
  0.29219 -0.301571  0.581327
 0.292609 -0.301128  0.580824
 0.293028 -0.300686  0.580322
 0.293448 -0.300243  0.579819
 0.293867 -0.299801  0.579316
 0.294286 -0.299358  0.578813
 0.294706 -0.298915  0.578309
 0.295125 -0.298472  0.577806
0.295545 -0.29803 0.577304
 0.295964 -0.297587    0.5768
 0.296384 -0.297144  0.576297
 0.296803 -0.296702  0.575795
0.297222 -0.29626 0.575292
 0.297641 -0.295817  0.574789
 0.298061 -0.295374  0.574286
  0.29848 -0.294931  0.573783
 0.298899 -0.294489   0.57328
 0.299319 -0.294046  0.572777
 0.299738 -0.293603  0.572274
 0.300158 -0.293161  0.571771
 0.300577 -0.292719  0.571269
 0.300996 -0.292276  0.570766
 0.301415 -0.291834  0.570263
 0.301834 -0.291391   0.56976
 0.302254 -0.290949  0.569257
 0.302673 -0.290506  0.568754
 0.303092 -0.290064  0.568252
 0.303511 -0.289621  0.567749
  0.30393 -0.289179  0.567246
  0.30435 -0.288737  0.566744
 0.304769 -0.288294  0.566241
 0.305188 -0.287852  0.565738
 0.305607 -0.287409  0.565235
 0.306026 -0.286967  0.564732
 0.306446 -0.286524   0.56423
 0.306865 -0.286081  0.563726
 0.307284 -0.285639  0.563224
 0.307704 -0.285196   0.56272
 0.308123 -0.284754  0.562218
 0.308542 -0.284311  0.561715
 0.308962 -0.283869  0.561212
 0.309381 -0.283426  0.560709
   0.3098 -0.282984  0.560207
 0.310219 -0.282541  0.559704
 0.310639 -0.282099  0.559201
 0.311059 -0.281656  0.558697
 0.311478 -0.281213  0.558194
0.311897 -0.28077 0.557691
 0.312317 -0.280328  0.557189
 0.312736 -0.279885  0.556685
 0.313156 -0.279442  0.556182
0.313575   -0.279 0.555679
 0.313994 -0.278557  0.555176
 0.314414 -0.278114  0.554673
 0.314833 -0.277672  0.554171
0.315252 -0.27723 0.553668
 0.315671 -0.276787  0.553165
  0.31609 -0.276345  0.552662
  0.31651 -0.275902   0.55216
0.316929 -0.27546 0.551657
 0.317348 -0.275017  0.551154
 0.317767 -0.274575  0.550651
 0.318186 -0.274133  0.550149
 0.318606 -0.273689  0.549645
 0.319025 -0.273247  0.549142
 0.319445 -0.272804   0.54864
 0.319864 -0.272362  0.548137
0.320283 -0.27192 0.547634
 0.320702 -0.271477  0.547131
 0.321122 -0.271034  0.546628
 0.321541 -0.270592  0.546125
  0.32196 -0.270149  0.545622
 0.322379 -0.269707   0.54512
 0.322799 -0.269264  0.544616
 0.323219 -0.268821  0.544113
 0.323639 -0.268378   0.54361
 0.324058 -0.267935  0.543106
 0.324477 -0.267493  0.542604
0.324897 -0.26705 0.542101
 0.325316 -0.266607  0.541597
 0.325735 -0.266165  0.541095
 0.326155 -0.265722  0.540592
 0.326574 -0.265279  0.540088
 0.326994 -0.264837  0.539586
 0.327413 -0.264394  0.539083
 0.327832 -0.263952   0.53858
 0.328252 -0.263509  0.538077
 0.328671 -0.263066  0.537574
  0.32909 -0.262624  0.537071
  0.32951 -0.262181  0.536568
 0.329929 -0.261739  0.536065
 0.330348 -0.261296  0.535563
 0.330767 -0.260854   0.53506
 0.331186 -0.260412  0.534557
 0.331605 -0.259969  0.534055
 0.332025 -0.259527  0.533552
 0.332444 -0.259084  0.533049
 0.332863 -0.258642  0.532546
0.333282  -0.2582 0.532044
 0.333701 -0.257757  0.531541
  0.33412 -0.257315  0.531038
  0.33454 -0.256872  0.530535
0.334959 -0.25643 0.530033
 0.335378 -0.255988   0.52953
 0.335797 -0.255545  0.529027
 0.336216 -0.255103  0.528525
0.336635 -0.25466 0.528022
 0.337055 -0.254218  0.527519
 0.337474 -0.253775  0.527016
 0.337893 -0.253333  0.526513
0.338312 -0.25289 0.526011
 0.338731 -0.252448  0.525508
 0.339151 -0.252006  0.525005
 0.339568 -0.251565  0.524505
0.339981 -0.25113  0.52401
 0.340389 -0.250698   0.52352
 0.340794 -0.250271  0.523035
 0.341194 -0.249849  0.522555
  0.34159 -0.249431   0.52208
 0.341982 -0.249017   0.52161
 0.342369 -0.248608  0.521145
 0.342753 -0.248204  0.520685
 0.343132 -0.247803   0.52023
 0.343507 -0.247408  0.519781
 0.343878 -0.247016  0.519336
0.344244 -0.24663 0.518896
 0.344607 -0.246247  0.518462
 0.344965 -0.245869  0.518032
 0.345319 -0.245496  0.517608
 0.345668 -0.245127  0.517189
 0.346014 -0.244762  0.516774
 0.346355 -0.244402  0.516365
 0.346692 -0.244046  0.515961
 0.347025 -0.243695  0.515562
 0.347353 -0.243348  0.515168
 0.347678 -0.243006  0.514779
 0.347998 -0.242668  0.514395
 0.348314 -0.242334  0.514016
 0.348625 -0.242005  0.513642
 0.348933 -0.241681  0.513273
 0.349236 -0.241361   0.51291
 0.349535 -0.241045  0.512551
  0.34983 -0.240734  0.512197
 0.350121 -0.240427  0.511848
 0.350407 -0.240125  0.511505
  0.35069 -0.239827  0.511166
 0.350968 -0.239533  0.510833
 0.351241 -0.239244  0.510504
0.351511 -0.23896 0.510181
 0.351777 -0.238679  0.509862
 0.352038 -0.238404  0.509549
 0.352295 -0.238132  0.509241
 0.352548 -0.237865  0.508937
 0.352797 -0.237602  0.508639
 0.353042 -0.237344  0.508345
 0.353282 -0.237091  0.508057
 0.353518 -0.236842  0.507774
  0.35375 -0.236597  0.507496
 0.353977 -0.236357  0.507223
 0.354201 -0.236121  0.506955
  0.35442 -0.235889  0.506692
 0.354635 -0.235663  0.506435
0.354845 -0.23544 0.506182
 0.355052 -0.235223  0.505935
 0.355254 -0.235009  0.505692
 0.355452 -0.234801  0.505455
 0.355645 -0.234596  0.505223
 0.355835 -0.234396  0.504995
  0.35602 -0.234201  0.504773
0.356201 -0.23401 0.504556
 0.356378 -0.233823  0.504344
 0.356551 -0.233641  0.504137
 0.356719 -0.233463  0.503935
0.356883 -0.23329 0.503738
 0.357043 -0.233121  0.503546
 0.357199 -0.232956  0.503359
  0.35735 -0.232796  0.503178
 0.357498 -0.232641  0.503001
0.357641 -0.23249 0.502829
  0.35778 -0.232343  0.502663
 0.357915 -0.232201  0.502501
 0.358045 -0.232063  0.502345
0.358171 -0.23193 0.502193
 0.358293 -0.231801  0.502047
 0.358411 -0.231677  0.501906
 0.358525 -0.231557  0.501769
 0.358635 -0.231441  0.501638
 0.35874 -0.23133 0.501511
 0.358841 -0.231223   0.50139
 0.358938 -0.231121  0.501274
  0.35903 -0.231024  0.501163
0.359119 -0.23093 0.501057
 0.359203 -0.230842  0.500956
 0.359283 -0.230757   0.50086
 0.359358 -0.230677   0.50077
  0.35943 -0.230602  0.500684
 0.359497 -0.230531  0.500603
  0.35956 -0.230464  0.500528
 0.359619 -0.230403  0.500457
 0.359673 -0.230345  0.500392
 0.359724 -0.230292  0.500332
  0.35977 -0.230243  0.500276
 0.359812 -0.230199  0.500226
 0.359849 -0.230159  0.500181
 0.359883 -0.230123   0.50014
 0.359912 -0.230093  0.500105
 0.359937 -0.230066  0.500075
 0.359958 -0.230044   0.50005
 0.359975 -0.230026   0.50003
 0.359987 -0.230013  0.500015
 0.359996 -0.230005  0.500005
    0.36    -0.23 0.500001
 0.36 -0.23   0.5
 0.36 -0.23   0.5
 0.36 -0.23   0.5
 0.36 -0.23   0.5
 0.36 -0.23   0.5
 0.36 -0.23   0.5
 0.36 -0.23   0.5
 0.36 -0.23   0.5
 0.36 -0.23   0.5
 0.36 -0.23   0.5
 0.36 -0.23   0.5
 0.36 -0.23   0.5
 0.36 -0.23   0.5
 0.36 -0.23   0.5
 0.36 -0.23   0.5
 0.36 -0.23   0.5
 0.36 -0.23   0.5
 0.36 -0.23   0.5
 0.36 -0.23   0.5
 0.36 -0.23   0.5
 0.36 -0.23   0.5
 0.36 -0.23   0.5
 0.36 -0.23   0.5
 0.36 -0.23   0.5
 0.36 -0.23   0.5
 0.36 -0.23   0.5
 0.36 -0.23   0.5
 0.36 -0.23   0.5
 0.36 -0.23   0.5
 0.36 -0.23   0.5
 0.36 -0.23   0.5
 0.36 -0.23   0.5
 0.36 -0.23   0.5
 0.36 -0.23   0.5
 0.36 -0.23   0.5
 0.36 -0.23   0.5
 0.36 -0.23   0.5
 0.36 -0.23   0.5
 0.36 -0.23   0.5
 0.36 -0.23   0.5
 0.36 -0.23   0.5
 0.36 -0.23   0.5
 0.36 -0.23   0.5
 0.36 -0.23   0.5
 0.36 -0.23   0.5
 0.36 -0.23   0.5
 0.36 -0.23   0.5
 0.36 -0.23   0.5
 0.36 -0.23   0.5
 0.36 -0.23   0.5
 0.36 -0.23   0.5
 0.36 -0.23   0.5
 0.36 -0.23   0.5
 0.36 -0.23   0.5
 0.36 -0.23   0.5
 0.36 -0.23   0.5
 0.36 -0.23   0.5
 0.36 -0.23   0.5
 0.36 -0.23   0.5
 0.36 -0.23   0.5
 0.36 -0.23   0.5
 0.36 -0.23   0.5
 0.36 -0.23   0.5
 0.36 -0.23   0.5
 0.36 -0.23   0.5
 0.36 -0.23   0.5
 0.36 -0.23   0.5
 0.36 -0.23   0.5
 0.36 -0.23   0.5
 0.36 -0.23   0.5
 0.36 -0.23   0.5
 0.36 -0.23   0.5
 0.36 -0.23   0.5
 0.36 -0.23   0.5
 0.36 -0.23   0.5
 0.36 -0.23   0.5
 0.36 -0.23   0.5
 0.36 -0.23   0.5
 0.36 -0.23   0.5
 0.36 -0.23   0.5
 0.36 -0.23   0.5
 0.36 -0.23   0.5
 0.36 -0.23   0.5
 0.36 -0.23   0.5
 0.36 -0.23   0.5
 0.36 -0.23   0.5
 0.36 -0.23   0.5
 0.36 -0.23   0.5
 0.36 -0.23   0.5
 0.36 -0.23   0.5
 0.36 -0.23   0.5
 0.36 -0.23   0.5
 0.36 -0.23   0.5
 0.36 -0.23   0.5
 0.36 -0.23   0.5
 0.36 -0.23   0.5
 0.36 -0.23   0.5
 0.36 -0.23   0.5
 0.36 -0.23   0.5
 0.36 -0.23   0.5
 0.36 -0.23   0.5
 0.36 -0.23   0.5
 0.36 -0.23   0.5
 0.36 -0.23   0.5
 0.36 -0.23   0.5
 0.36 -0.23   0.5
 0.36 -0.23   0.5
 0.36 -0.23   0.5
 0.36 -0.23   0.5
 0.36 -0.23   0.5
 0.36 -0.23   0.5
 0.36 -0.23   0.5
 0.36 -0.23   0.5
 0.36 -0.23   0.5
 0.36 -0.23   0.5
 0.36 -0.23   0.5
 0.36 -0.23   0.5
 0.36 -0.23   0.5
 0.36 -0.23   0.5
 0.36 -0.23   0.5
 0.36 -0.23   0.5
 0.36 -0.23   0.5
 0.36 -0.23   0.5
 0.36 -0.23   0.5
 0.36 -0.23   0.5
 0.36 -0.23   0.5
 0.36 -0.23   0.5
 0.36 -0.23   0.5
 0.36 -0.23   0.5
 0.36 -0.23   0.5
 0.36 -0.23   0.5
 0.36 -0.23   0.5
 0.36 -0.23   0.5
 0.36 -0.23   0.5
 0.36 -0.23   0.5
 0.36 -0.23   0.5
 0.36 -0.23   0.5
 0.36 -0.23   0.5
 0.36 -0.23   0.5
 0.36 -0.23   0.5
 0.36 -0.23   0.5
 0.36 -0.23   0.5
 0.36 -0.23   0.5
 0.36 -0.23   0.5
 0.36 -0.23   0.5
 0.36 -0.23   0.5
 0.36 -0.23   0.5
 0.36 -0.23   0.5
 0.36 -0.23   0.5
 0.36 -0.23   0.5
 0.36 -0.23   0.5
 0.36 -0.23   0.5
 0.36 -0.23   0.5
 0.36 -0.23   0.5
 0.36 -0.23   0.5
 0.36 -0.23   0.5
 0.36 -0.23   0.5
 0.36 -0.23   0.5
 0.36 -0.23   0.5
 0.36 -0.23   0.5
 0.36 -0.23   0.5
 0.36 -0.23   0.5
 0.36 -0.23   0.5
 0.36 -0.23   0.5
 0.36 -0.23   0.5
 0.36 -0.23   0.5
 0.36 -0.23   0.5
 0.36 -0.23   0.5
 0.36 -0.23   0.5
 0.36 -0.23   0.5
 0.36 -0.23   0.5
 0.36 -0.23   0.5
 0.36 -0.23   0.5
 0.36 -0.23   0.5
 0.36 -0.23   0.5
 0.36 -0.23   0.5
 0.36 -0.23   0.5
 0.36 -0.23   0.5
 0.36 -0.23   0.5
 0.36 -0.23   0.5
 0.36 -0.23   0.5
 0.36 -0.23   0.5
 0.36 -0.23   0.5
 0.36 -0.23   0.5
 0.36 -0.23   0.5
 0.36 -0.23   0.5
 0.36 -0.23   0.5
 0.36 -0.23   0.5
 0.36 -0.23   0.5
 0.36 -0.23   0.5
 0.36 -0.23   0.5
 0.36 -0.23   0.5
 0.36 -0.23   0.5
 0.36 -0.23   0.5
 0.36 -0.23   0.5
 0.36 -0.23   0.5
 0.36 -0.23   0.5
 0.36 -0.23   0.5
 0.36 -0.23   0.5
 0.36 -0.23   0.5
 0.36 -0.23   0.5
 0.36 -0.23   0.5
 0.36 -0.23   0.5
 0.36 -0.23   0.5
 0.36 -0.23   0.5
 0.36 -0.23   0.5
 0.36 -0.23   0.5
 0.36 -0.23   0.5
 0.36 -0.23   0.5
 0.36 -0.23   0.5
 0.36 -0.23   0.5
 0.36 -0.23   0.5
 0.36 -0.23   0.5
 0.36 -0.23   0.5
 0.36 -0.23   0.5
 0.36 -0.23   0.5
 0.36 -0.23   0.5
 0.36 -0.23   0.5
 0.36 -0.23   0.5
 0.36 -0.23   0.5
 0.36 -0.23   0.5
 0.36 -0.23   0.5
 0.36 -0.23   0.5
 0.36 -0.23   0.5
 0.36 -0.23   0.5
 0.36 -0.23   0.5
 0.36 -0.23   0.5
 0.36 -0.23   0.5
 0.36 -0.23   0.5
 0.36 -0.23   0.5
 0.36 -0.23   0.5
 0.36 -0.23   0.5
 0.36 -0.23   0.5
 0.36 -0.23   0.5
 0.36 -0.23   0.5
 0.36 -0.23   0.5
 0.36 -0.23   0.5
 0.36 -0.23   0.5
 0.36 -0.23   0.5
 0.36 -0.23   0.5
 0.36 -0.23   0.5
 0.36 -0.23   0.5
 0.36 -0.23   0.5
 0.36 -0.23   0.5
 0.36 -0.23   0.5
 0.36 -0.23   0.5
 0.36 -0.23   0.5
 0.36 -0.23   0.5
 0.36 -0.23   0.5
 0.36 -0.23   0.5
 0.36 -0.23   0.5
 0.36 -0.23   0.5
 0.36 -0.23   0.5
 0.36 -0.23   0.5
 0.36 -0.23   0.5
 0.36 -0.23   0.5
 0.36 -0.23   0.5
 0.36 -0.23   0.5
 0.36 -0.23   0.5
 0.36 -0.23   0.5
 0.36 -0.23   0.5
 0.36 -0.23   0.5
 0.36 -0.23   0.5
 0.36 -0.23   0.5
 0.36 -0.23   0.5
 0.36 -0.23   0.5
 0.36 -0.23   0.5
 0.36 -0.23   0.5
 0.36 -0.23   0.5
 0.36 -0.23   0.5
 0.36 -0.23   0.5
 0.36 -0.23   0.5
 0.36 -0.23   0.5
 0.36 -0.23   0.5
 0.36 -0.23   0.5
 0.36 -0.23   0.5
 0.36 -0.23   0.5
 0.36 -0.23   0.5
 0.36 -0.23   0.5
 0.36 -0.23   0.5
 0.36 -0.23   0.5
 0.36 -0.23   0.5
 0.36 -0.23   0.5
 0.36 -0.23   0.5
 0.36 -0.23   0.5
 0.36 -0.23   0.5
 0.36 -0.23   0.5
 0.36 -0.23   0.5
 0.36 -0.23   0.5
 0.36 -0.23   0.5
 0.36 -0.23   0.5
 0.36 -0.23   0.5
 0.36 -0.23   0.5
 0.36 -0.23   0.5
 0.36 -0.23   0.5
 0.36 -0.23   0.5
 0.36 -0.23   0.5
 0.36 -0.23   0.5
 0.36 -0.23   0.5
 0.36 -0.23   0.5
 0.36 -0.23   0.5
 0.36 -0.23   0.5
 0.36 -0.23   0.5
 0.36 -0.23   0.5
 0.36 -0.23   0.5
 0.36 -0.23   0.5
 0.36 -0.23   0.5
 0.36 -0.23   0.5
 0.36 -0.23   0.5
 0.36 -0.23   0.5
 0.36 -0.23   0.5
 0.36 -0.23   0.5
 0.36 -0.23   0.5
 0.36 -0.23   0.5
 0.36 -0.23   0.5
 0.36 -0.23   0.5
 0.36 -0.23   0.5
 0.36 -0.23   0.5
 0.36 -0.23   0.5
 0.36 -0.23   0.5
 0.36 -0.23   0.5
 0.36 -0.23   0.5
 0.36 -0.23   0.5
 0.36 -0.23   0.5
 0.36 -0.23   0.5
 0.36 -0.23   0.5
 0.36 -0.23   0.5
 0.36 -0.23   0.5
 0.36 -0.23   0.5
 0.36 -0.23   0.5
 0.36 -0.23   0.5
 0.36 -0.23   0.5
 0.36 -0.23   0.5
 0.36 -0.23   0.5
 0.36 -0.23   0.5
 0.36 -0.23   0.5
 0.36 -0.23   0.5
 0.36 -0.23   0.5
 0.36 -0.23   0.5
 0.36 -0.23   0.5
 0.36 -0.23   0.5
 0.36 -0.23   0.5
 0.36 -0.23   0.5
 0.36 -0.23   0.5
 0.36 -0.23   0.5
 0.36 -0.23   0.5
 0.36 -0.23   0.5
 0.36 -0.23   0.5
 0.36 -0.23   0.5
 0.36 -0.23   0.5
 0.36 -0.23   0.5
 0.36 -0.23   0.5
 0.36 -0.23   0.5
 0.36 -0.23   0.5
 0.36 -0.23   0.5
 0.36 -0.23   0.5
 0.36 -0.23   0.5
 0.36 -0.23   0.5
 0.36 -0.23   0.5
 0.36 -0.23   0.5
 0.36 -0.23   0.5
 0.36 -0.23   0.5
 0.36 -0.23   0.5
 0.36 -0.23   0.5
 0.36 -0.23   0.5
 0.36 -0.23   0.5
 0.36 -0.23   0.5
 0.36 -0.23   0.5
 0.36 -0.23   0.5
 0.36 -0.23   0.5
 0.36 -0.23   0.5
 0.36 -0.23   0.5
 0.36 -0.23   0.5
 0.36 -0.23   0.5
 0.36 -0.23   0.5
 0.36 -0.23   0.5
 0.36 -0.23   0.5
 0.36 -0.23   0.5
 0.36 -0.23   0.5
 0.36 -0.23   0.5
 0.36 -0.23   0.5
 0.36 -0.23   0.5
 0.36 -0.23   0.5
 0.36 -0.23   0.5
 0.36 -0.23   0.5
 0.36 -0.23   0.5
 0.36 -0.23   0.5
 0.36 -0.23   0.5
 0.36 -0.23   0.5
 0.36 -0.23   0.5
 0.36 -0.23   0.5
 0.36 -0.23   0.5
 0.36 -0.23   0.5
 0.36 -0.23   0.5
 0.36 -0.23   0.5
 0.36 -0.23   0.5
 0.36 -0.23   0.5
 0.36 -0.23   0.5
 0.36 -0.23   0.5
 0.36 -0.23   0.5
 0.36 -0.23   0.5
 0.36 -0.23   0.5
 0.36 -0.23   0.5
 0.36 -0.23   0.5
 0.36 -0.23   0.5
 0.36 -0.23   0.5
 0.36 -0.23   0.5
 0.36 -0.23   0.5
 0.36 -0.23   0.5
 0.36 -0.23   0.5
 0.36 -0.23   0.5
 0.36 -0.23   0.5
 0.36 -0.23   0.5
 0.36 -0.23   0.5
 0.36 -0.23   0.5
 0.36 -0.23   0.5
 0.36 -0.23   0.5
 0.36 -0.23   0.5
 0.36 -0.23   0.5
 0.36 -0.23   0.5
 0.36 -0.23   0.5
 0.36 -0.23   0.5
 0.36 -0.23   0.5
 0.36 -0.23   0.5
 0.36 -0.23   0.5
 0.36 -0.23   0.5
 0.36 -0.23   0.5
 0.36 -0.23   0.5
 0.36 -0.23   0.5
 0.36 -0.23   0.5
 0.36 -0.23   0.5
 0.36 -0.23   0.5
 0.36 -0.23   0.5
 0.36 -0.23   0.5
 0.36 -0.23   0.5
 0.36 -0.23   0.5
 0.36 -0.23   0.5
 0.36 -0.23   0.5
 0.36 -0.23   0.5
 0.36 -0.23   0.5
 0.36 -0.23   0.5
 0.36 -0.23   0.5
 0.36 -0.23   0.5
 0.36 -0.23   0.5
 0.36 -0.23   0.5
 0.36 -0.23   0.5
 0.36 -0.23   0.5
 0.36 -0.23   0.5
 0.36 -0.23   0.5
 0.36 -0.23   0.5
 0.36 -0.23   0.5
 0.36 -0.23   0.5
 0.36 -0.23   0.5
 0.36 -0.23   0.5
 0.36 -0.23   0.5
 0.36 -0.23   0.5
 0.36 -0.23   0.5
 0.36 -0.23   0.5
 0.36 -0.23   0.5
 0.36 -0.23   0.5
 0.36 -0.23   0.5
 0.36 -0.23   0.5
 0.36 -0.23   0.5
 0.36 -0.23   0.5
 0.36 -0.23   0.5
 0.36 -0.23   0.5
 0.36 -0.23   0.5
 0.36 -0.23   0.5
 0.36 -0.23   0.5
 0.36 -0.23   0.5
 0.36 -0.23   0.5
 0.36 -0.23   0.5
 0.36 -0.23   0.5
 0.36 -0.23   0.5
 0.36 -0.23   0.5
 0.36 -0.23   0.5
 0.36 -0.23   0.5
