6.19888e-06
0.00963712
0.0196972
0.0297511
0.0398061
0.049865
0.059921
0.0699852
0.08005
0.0901031
0.100168
0.110234
0.1203
0.130356
0.140415
0.150471
0.160527
0.170584
0.18064
0.190698
0.200756
0.210814
0.220872
0.23093
0.24099
0.251046
0.261102
0.271159
0.281215
0.291271
0.301338
0.311405
0.321462
0.331528
0.341584
0.351641
0.3617
0.371757
0.381814
0.391869
0.401936
0.411991
0.422046
0.432101
0.442157
0.452213
0.462272
0.472328
0.482385
0.492439
0.502508
0.512564
0.52262
0.532677
0.542735
0.552791
0.562848
0.572905
0.58296
0.593017
0.603074
0.613131
0.623197
0.633254
0.64331
0.653367
0.663423
0.673479
0.683538
0.693596
0.703668
0.713724
0.723779
0.733844
0.743899
0.753954
0.764012
0.774069
0.784126
0.794181
0.804238
0.814294
0.82435
0.834406
0.844463
0.854519
0.864574
0.874629
0.884683
0.894742
0.904802
0.914858
0.924915
0.934972
0.945029
0.955095
0.96515
0.975207
0.985274
0.995331
1.00539
1.01544
1.0255
1.03556
1.04562
1.05567
1.06573
1.07578
1.08583
1.09589
1.10595
1.116
1.12606
1.13612
1.14618
1.15623
1.16629
1.17635
1.18641
1.19647
1.20652
1.21658
1.22664
1.23669
1.24675
1.25681
1.26688
1.27693
1.28699
1.29704
1.3071
1.31716
1.32721
1.33727
1.34734
1.3574
1.36745
1.37751
1.38757
1.39762
1.40768
1.41775
1.42778
1.43784
1.4479
1.45796
1.46801
1.47807
1.48813
1.49818
1.50824
1.51829
1.52835
1.53841
1.54847
1.55853
1.56859
1.57864
1.5887
1.59876
1.60883
1.61888
1.62894
1.639
1.64905
1.65911
1.66918
1.67923
1.68929
1.69935
1.70941
1.71946
1.72953
1.7396
1.74966
1.75972
1.76977
1.77983
1.78989
1.79995
1.81001
1.82006
1.83012
1.84018
1.85024
1.8603
1.87036
1.88042
1.89048
1.90054
1.9106
1.92066
1.93071
1.94077
1.95083
1.96088
1.97094
1.981
1.99109
2.00114
2.0112
2.02125
2.03131
2.04138
2.05144
2.0615
2.07157
2.08163
2.0917
2.10176
2.11182
2.12188
2.13194
2.142
2.15206
2.16211
2.17217
2.18223
2.19228
2.20234
2.21241
2.22246
2.23252
2.24258
2.25264
2.2627
2.27276
2.28282
2.29288
2.30293
2.31298
2.32304
2.3331
2.34315
2.35321
2.36326
2.37332
2.38337
2.39343
2.4035
2.41356
2.42361
2.43367
2.44373
2.45379
2.46385
2.47391
2.48396
2.49402
2.50409
2.51414
2.5242
2.53426
2.54433
2.55439
2.56444
2.57449
2.58455
2.59461
2.60466
2.61472
2.62478
2.63484
2.6449
2.65495
2.66502
2.67507
2.68514
2.6952
2.70525
2.71531
2.72537
2.73543
2.74549
2.75554
2.7656
2.77565
2.78571
2.79576
2.80581
2.81587
2.82593
2.83598
2.84603
2.85609
2.86615
2.8762
2.88626
2.89631
2.90636
2.91642
2.92647
2.93653
2.94658
2.95664
2.96669
2.97675
2.98682
2.99687
3.00694
3.017
3.02705
3.03711
3.04716
3.05722
3.06727
3.07733
3.08738
3.09745
3.1075
3.11756
3.12761
3.13767
3.14773
3.15778
3.16784
3.1779
3.18795
3.19801
3.20806
3.21813
3.22819
3.23824
3.24829
3.25835
3.2684
3.27846
3.28851
3.29857
3.30862
3.31868
3.32873
3.33879
3.34884
3.3589
3.36895
3.37901
3.38907
3.39912
3.40918
3.41924
3.42929
3.43935
3.4494
3.45946
3.46952
3.47957
3.48963
3.49969
3.50974
3.5198
3.52986
3.53991
3.54997
3.56002
3.57008
3.58014
3.59019
3.60025
3.6103
3.62036
3.63041
3.64047
3.65052
3.66059
3.67064
3.6807
3.69075
3.70081
3.71086
3.72092
3.73098
3.74103
3.75109
3.76115
3.77121
3.78127
3.79132
3.80138
3.81143
3.82149
3.83155
3.84161
3.85167
3.86173
3.87178
3.88184
3.89189
3.90195
3.912
3.92206
3.93212
3.94218
3.95223
3.96229
3.97235
3.9824
3.99247
4.00254
4.0126
4.02265
4.03271
4.04277
4.05282
4.06288
4.07293
4.08299
4.09304
4.1031
4.11315
4.12321
4.13326
4.14348
4.15354
4.1636
4.17365
4.18371
4.19376
4.20382
4.21387
4.22393
4.23398
4.24404
4.25409
4.26415
4.27421
4.28427
4.29432
4.30438
4.31443
4.32449
4.33455
4.3446
4.35466
4.36471
4.37477
4.38482
4.39488
4.40494
4.41499
4.42504
4.4351
4.44515
4.45521
4.46526
4.47532
4.48537
4.49543
4.50548
4.51555
4.52561
4.53566
4.54573
4.55579
4.56584
4.5759
4.58596
4.59601
4.60607
4.61612
4.62618
4.63623
4.64629
4.65635
4.6664
4.67646
4.68651
4.69657
4.70662
4.71668
4.72674
4.73681
4.74687
4.75693
4.76698
4.77704
4.78709
4.79715
4.8072
4.81725
4.82731
4.83737
4.84743
4.85748
4.86752
4.87758
4.88763
4.89769
4.90775
4.91781
4.92787
4.93792
4.94797
4.95803
4.96808
4.97814
4.98819
4.99825
5.0083
5.01836
5.02843
5.03848
5.04854
5.0586
5.06866
5.07872
5.08879
5.09886
5.10891
5.11898
5.12905
5.13912
5.14918
5.15923
5.16929
5.17935
5.18941
5.19947
5.20952
5.21958
5.22964
5.2397
5.24976
5.25981
5.26987
5.27992
5.28998
5.30004
5.31009
5.32015
5.33021
5.34027
5.35033
5.36038
5.37044
5.3805
5.39056
5.40061
5.41067
5.42072
5.43078
5.44083
5.45089
5.46094
5.471
5.48105
5.49111
5.50116
5.51121
5.52127
5.53132
5.54138
5.55143
5.56149
5.57154
5.5816
5.59165
5.60171
5.61176
5.62182
5.63187
5.64193
5.65198
5.66204
5.67209
5.68215
5.6922
5.70226
5.71231
5.72237
5.73242
5.74248
5.75253
5.76259
5.77265
5.78271
5.79276
5.80282
5.81288
5.82294
5.833
5.84306
5.85312
5.86318
5.87323
5.88329
5.89334
5.9034
5.91345
5.92351
5.93356
5.94362
5.95367
5.96373
5.97378
5.98384
5.99389
6.00395
6.01401
6.02406
6.03412
6.04417
6.05423
6.06428
6.07434
6.08439
6.09445
6.1045
6.11456
6.12461
6.13467
6.14473
6.15478
6.16484
6.1749
6.18495
6.195
6.20506
6.21511
6.22517
6.23523
6.24528
6.25534
6.26539
6.27545
6.2855
6.29556
6.30561
6.31567
6.32573
6.33578
6.34584
6.35589
6.36595
6.376
6.38606
6.39612
6.40617
6.41622
6.42628
6.43634
6.44639
6.45645
6.4665
6.47656
6.48661
6.49667
6.50672
6.51678
6.52684
6.53689
6.54695
6.557
6.56706
6.57711
6.58717
6.59723
6.60729
6.61735
6.62741
6.63747
6.64784
6.6579
6.66796
6.67801
6.68807
6.69812
6.70818
6.71823
6.72829
6.73834
6.7484
6.75844
6.76849
6.77855
6.7886
6.79866
6.80871
6.81877
6.82882
6.83888
6.84894
6.859
6.86905
6.87912
6.88917
6.89923
6.90928
6.91934
6.92939
6.93945
6.9495
6.95956
6.96961
6.97967
6.98972
6.99979
7.00984
7.0199
7.02995
7.04001
7.05007
7.06012
7.07018
7.08024
7.09029
7.10035
7.11036
7.12042
7.13048
7.14053
7.15059
7.16065
7.1707
7.18076
7.19081
7.20087
7.21093
7.22098
7.23104
7.24109
7.25115
7.2612
7.27125
7.28131
7.29137
7.30142
7.31148
7.32153
7.33159
7.34165
7.3517
7.36176
7.37178
7.38183
7.39189
7.40195
7.41201
7.42206
7.43212
7.44218
7.45223
7.46229
7.47234
7.4824
7.49245
7.50251
7.51257
7.52262
7.53268
7.54273
7.55279
7.56285
7.57291
7.58296
7.59302
7.60307
7.61313
7.62319
7.63324
7.6433
7.65336
7.66341
7.67347
7.68353
7.69358
7.70364
7.7137
7.72375
7.73381
7.74386
7.75392
7.76398
7.77403
7.78409
7.79415
7.8042
7.81426
7.82431
7.83437
7.84443
7.85448
7.86454
7.87459
7.88465
7.8947
7.90476
7.91482
7.92487
7.93493
7.94499
7.95504
7.9651
7.97515
7.98521
7.99527
