  0.26947 -0.328147  0.602848
 0.268732 -0.326511  0.605932
 0.268734 -0.326509   0.60593
  0.26874 -0.326502  0.605922
 0.268751 -0.326491  0.605909
 0.268766 -0.326474  0.605892
 0.268786 -0.326453  0.605869
  0.26881 -0.326428  0.605841
 0.268839 -0.326398  0.605808
 0.268871 -0.326363   0.60577
 0.268908 -0.326324  0.605727
 0.26895 -0.32628 0.605679
 0.268996 -0.326232  0.605625
 0.269046 -0.326179  0.605567
   0.2691 -0.326121  0.605504
 0.269159 -0.326059  0.605436
 0.269223 -0.325992  0.605362
  0.26929 -0.325921  0.605284
 0.269362 -0.325844    0.6052
 0.269439 -0.325763  0.605111
 0.269519 -0.325678  0.605018
 0.269605 -0.325588  0.604919
 0.269694 -0.325493  0.604815
 0.269788 -0.325394  0.604706
0.269886 -0.32529 0.604592
 0.269989 -0.325182  0.604473
 0.270096 -0.325069  0.604349
 0.270207 -0.324951   0.60422
 0.270322 -0.324829  0.604086
 0.270442 -0.324702  0.603946
 0.270567 -0.324571  0.603802
 0.270695 -0.324435  0.603653
 0.270828 -0.324294  0.603499
 0.270966 -0.324149  0.603339
 0.271107 -0.323999  0.603175
 0.271253 -0.323845  0.603005
 0.271404 -0.323686  0.602831
 0.271558 -0.323522  0.602651
 0.271718 -0.323354  0.602466
 0.271881 -0.323181  0.602277
 0.272049 -0.323003  0.602082
 0.272221 -0.322821  0.601882
 0.272398 -0.322634  0.601676
 0.272579 -0.322443  0.601466
 0.272764 -0.322247  0.601251
 0.272954 -0.322046  0.601031
 0.273148 -0.321841  0.600806
 0.273346 -0.321632  0.600576
 0.273549 -0.321417  0.600341
 0.273756 -0.321198    0.6001
 0.273968 -0.320974  0.599855
 0.274183 -0.320746  0.599604
 0.274404 -0.320513  0.599349
 0.274628 -0.320276  0.599088
 0.274857 -0.320034  0.598823
  0.27509 -0.319787  0.598552
 0.275328 -0.319536  0.598276
 0.27557 -0.31928 0.597995
0.275816 -0.31902 0.597709
 0.276067 -0.318755  0.597418
 0.276322 -0.318485  0.597122
 0.276581 -0.318211  0.596821
 0.276845 -0.317932  0.596515
 0.277113 -0.317649  0.596204
0.277386 -0.31736 0.595888
 0.277662 -0.317067  0.595566
0.277943 -0.31677  0.59524
 0.278229 -0.316468  0.594909
 0.278519 -0.316162  0.594572
 0.278813 -0.315851  0.594231
 0.279111 -0.315535  0.593884
 0.279414 -0.315215  0.593533
0.279722 -0.31489 0.593176
0.280034 -0.31456 0.592814
  0.28035 -0.314226  0.592447
  0.28067 -0.313887  0.592076
 0.280995 -0.313544  0.591699
 0.281324 -0.313196  0.591317
 0.281657 -0.312843   0.59093
 0.281995 -0.312486  0.590538
 0.282337 -0.312124  0.590141
 0.282683 -0.311758  0.589739
 0.283034 -0.311387  0.589331
 0.283389 -0.311011  0.588919
 0.283749 -0.310631  0.588502
 0.284113 -0.310246  0.588079
 0.284481 -0.309857  0.587652
 0.284854 -0.309463  0.587219
 0.285231 -0.309064  0.586782
 0.285612 -0.308661  0.586339
 0.285998 -0.308253  0.585891
0.286388 -0.30784 0.585439
 0.286783 -0.307423  0.584981
 0.287181 -0.307002  0.584518
 0.287584 -0.306575   0.58405
 0.287992 -0.306145  0.583577
 0.288404 -0.305709  0.583099
  0.28882 -0.305269  0.582616
  0.28924 -0.304824  0.582128
 0.289665 -0.304375  0.581635
 0.290094 -0.303921  0.581137
 0.290527 -0.303464  0.580635
  0.29096 -0.303006  0.580132
 0.291394 -0.302547  0.579628
 0.291829 -0.302087  0.579123
 0.292263 -0.301628   0.57862
0.292697 -0.30117 0.578117
0.293131 -0.30071 0.577613
 0.293564 -0.300252   0.57711
 0.293997 -0.299794  0.576607
  0.29443 -0.299336  0.576104
 0.294864 -0.298878  0.575601
0.295297 -0.29842 0.575099
  0.29573 -0.297962  0.574596
 0.296171 -0.297496  0.574084
 0.296605 -0.297037  0.573581
 0.297038 -0.296579  0.573078
 0.297471 -0.296121  0.572576
 0.297904 -0.295663  0.572073
 0.298337 -0.295205   0.57157
  0.29877 -0.294747  0.571067
 0.299203 -0.294289  0.570565
 0.299636 -0.293831  0.570062
  0.30007 -0.293373  0.569559
 0.300501 -0.292917  0.569058
 0.300934 -0.292459  0.568556
 0.301367 -0.292001  0.568053
   0.3018 -0.291543   0.56755
 0.302233 -0.291085  0.567048
 0.302667 -0.290627  0.566545
   0.3031 -0.290169  0.566042
 0.303533 -0.289711  0.565539
 0.303966 -0.289253  0.565037
 0.304399 -0.288795  0.564534
 0.304832 -0.288337  0.564031
 0.305266 -0.287879  0.563528
 0.305699 -0.287421  0.563025
 0.306132 -0.286962  0.562522
 0.306565 -0.286504   0.56202
 0.306999 -0.286046  0.561517
 0.307432 -0.285588  0.561014
0.307865 -0.28513 0.560511
 0.308298 -0.284672  0.560008
 0.308731 -0.284214  0.559506
 0.309165 -0.283756  0.559003
 0.309598 -0.283297    0.5585
 0.310031 -0.282839  0.557997
 0.310464 -0.282381  0.557494
 0.310898 -0.281923  0.556991
 0.311331 -0.281465  0.556488
 0.311764 -0.281006  0.555985
 0.312198 -0.280548  0.555483
0.312631 -0.28009  0.55498
 0.313064 -0.279632  0.554477
 0.313497 -0.279174  0.553974
  0.31393 -0.278716  0.553472
 0.314363 -0.278258  0.552969
0.314797  -0.2778 0.552466
  0.31523 -0.277342  0.551963
 0.315663 -0.276884   0.55146
 0.316097 -0.276425  0.550957
  0.31653 -0.275967  0.550454
 0.316963 -0.275509  0.549952
 0.317396 -0.275051  0.549449
 0.317829 -0.274593  0.548946
 0.318262 -0.274135  0.548443
 0.318695 -0.273677  0.547941
 0.319129 -0.273219  0.547438
 0.319562 -0.272761  0.546935
 0.319995 -0.272303  0.546432
 0.320428 -0.271845  0.545929
 0.320862 -0.271387  0.545427
 0.321295 -0.270929  0.544924
 0.321728 -0.270471  0.544421
 0.322161 -0.270012  0.543918
 0.322594 -0.269554  0.543415
 0.323028 -0.269096  0.542913
 0.323461 -0.268638   0.54241
0.323894 -0.26818 0.541907
 0.324327 -0.267722  0.541404
  0.32476 -0.267264  0.540902
 0.325193 -0.266806  0.540399
 0.325627 -0.266348  0.539896
 0.326059 -0.265891  0.539394
 0.326492 -0.265433  0.538891
 0.326926 -0.264974  0.538388
 0.327359 -0.264516  0.537886
 0.327792 -0.264058  0.537382
0.328226  -0.2636 0.536879
 0.328659 -0.263142  0.536377
 0.329092 -0.262684  0.535874
 0.329525 -0.262226  0.535371
0.329956 -0.26177 0.534871
 0.330389 -0.261312  0.534368
 0.330823 -0.260853  0.533865
 0.331256 -0.260395  0.533362
 0.331689 -0.259937   0.53286
 0.332122 -0.259479  0.532357
 0.332555 -0.259021  0.531854
 0.332989 -0.258563  0.531351
 0.333422 -0.258105  0.530848
 0.333855 -0.257647  0.530345
 0.334288 -0.257189  0.529843
0.334722 -0.25673  0.52934
 0.335155 -0.256272  0.528837
 0.335588 -0.255814  0.528334
 0.336021 -0.255356  0.527831
 0.336455 -0.254898  0.527328
 0.336888 -0.254439  0.526825
 0.337322 -0.253981  0.526322
 0.337755 -0.253523  0.525819
 0.338188 -0.253065  0.525317
 0.338621 -0.252607  0.524814
  0.33905 -0.252153  0.524316
 0.339475 -0.251704  0.523822
 0.339896 -0.251259  0.523334
 0.340312 -0.250819  0.522851
 0.340724 -0.250383  0.522373
 0.341132 -0.249952    0.5219
 0.341535 -0.249526  0.521431
 0.341934 -0.249104  0.520968
 0.342329 -0.248686   0.52051
 0.342719 -0.248274  0.520058
 0.343105 -0.247866   0.51961
 0.343486 -0.247462  0.519167
 0.343864 -0.247063  0.518729
 0.344236 -0.246669  0.518296
0.344605 -0.24628 0.517869
 0.344969 -0.245895  0.517446
 0.345329 -0.245514  0.517029
 0.345684 -0.245139  0.516616
 0.346035 -0.244767  0.516209
 0.346381 -0.244401  0.515807
 0.346724 -0.244039  0.515409
 0.347062 -0.243682  0.515017
 0.347395 -0.243329   0.51463
 0.347724 -0.242981  0.514248
 0.348049 -0.242637  0.513871
  0.34837 -0.242298  0.513499
 0.348686 -0.241964  0.513132
 0.348998 -0.241634   0.51277
 0.349305 -0.241309  0.512413
 0.349608 -0.240989  0.512061
 0.349907 -0.240673  0.511715
 0.350201 -0.240361  0.511373
 0.350491 -0.240055  0.511036
 0.350777 -0.239753  0.510705
 0.351058 -0.239455  0.510378
 0.351335 -0.239162  0.510057
 0.351608 -0.238874   0.50974
0.351877 -0.23859 0.509429
0.352141 -0.23831 0.509122
 0.352401 -0.238036   0.50882
 0.352656 -0.237766  0.508524
 0.352906 -0.237502  0.508234
 0.353153 -0.237241  0.507947
 0.353395 -0.236985  0.507666
 0.353632 -0.236733  0.507391
 0.353866 -0.236486   0.50712
 0.354095 -0.236244  0.506854
  0.35432 -0.236007  0.506593
  0.35454 -0.235774  0.506337
 0.354756 -0.235545  0.506087
 0.354967 -0.235322  0.505841
 0.355175 -0.235103  0.505601
 0.355378 -0.234888  0.505365
 0.355576 -0.234678  0.505135
  0.35577 -0.234473   0.50491
  0.35596 -0.234272   0.50469
 0.356145 -0.234076  0.504474
 0.356326 -0.233885  0.504264
 0.356503 -0.233698  0.504059
 0.356675 -0.233516  0.503859
 0.356843 -0.233338  0.503664
 0.357007 -0.233165  0.503474
 0.357166 -0.232996  0.503289
 0.357321 -0.232833  0.503109
 0.357472 -0.232673  0.502934
 0.357618 -0.232519  0.502765
  0.35776 -0.232369    0.5026
 0.357897 -0.232223   0.50244
 0.358031 -0.232082  0.502286
 0.358159 -0.231946  0.502136
 0.358284 -0.231815  0.501992
 0.358404 -0.231688  0.501852
  0.35852 -0.231565  0.501718
 0.358631 -0.231447  0.501589
 0.358738 -0.231334  0.501465
 0.358841 -0.231226  0.501345
 0.358939 -0.231122  0.501231
 0.359033 -0.231022  0.501122
 0.359123 -0.230928  0.501018
 0.359208 -0.230837  0.500919
 0.359289 -0.230752  0.500825
 0.359365 -0.230671  0.500736
 0.359438 -0.230595  0.500653
 0.359506 -0.230523  0.500574
 0.359569 -0.230456    0.5005
 0.359628 -0.230393  0.500432
 0.359683 -0.230335  0.500368
 0.359733 -0.230282   0.50031
 0.359779 -0.230233  0.500256
 0.359821 -0.230189  0.500208
0.359858 -0.23015 0.500165
 0.359891 -0.230115  0.500126
  0.35992 -0.230085  0.500093
 0.359944 -0.230059  0.500065
 0.359964 -0.230038  0.500042
 0.359979 -0.230022  0.500024
0.359991 -0.23001 0.500011
 0.359998 -0.230003  0.500003
 0.36 -0.23   0.5
 0.36 -0.23   0.5
 0.36 -0.23   0.5
 0.36 -0.23   0.5
 0.36 -0.23   0.5
 0.36 -0.23   0.5
 0.36 -0.23   0.5
 0.36 -0.23   0.5
 0.36 -0.23   0.5
 0.36 -0.23   0.5
 0.36 -0.23   0.5
 0.36 -0.23   0.5
 0.36 -0.23   0.5
 0.36 -0.23   0.5
 0.36 -0.23   0.5
 0.36 -0.23   0.5
 0.36 -0.23   0.5
 0.36 -0.23   0.5
 0.36 -0.23   0.5
 0.36 -0.23   0.5
 0.36 -0.23   0.5
 0.36 -0.23   0.5
 0.36 -0.23   0.5
 0.36 -0.23   0.5
 0.36 -0.23   0.5
 0.36 -0.23   0.5
 0.36 -0.23   0.5
 0.36 -0.23   0.5
 0.36 -0.23   0.5
 0.36 -0.23   0.5
 0.36 -0.23   0.5
 0.36 -0.23   0.5
 0.36 -0.23   0.5
 0.36 -0.23   0.5
 0.36 -0.23   0.5
 0.36 -0.23   0.5
 0.36 -0.23   0.5
 0.36 -0.23   0.5
 0.36 -0.23   0.5
 0.36 -0.23   0.5
 0.36 -0.23   0.5
 0.36 -0.23   0.5
 0.36 -0.23   0.5
 0.36 -0.23   0.5
 0.36 -0.23   0.5
 0.36 -0.23   0.5
 0.36 -0.23   0.5
 0.36 -0.23   0.5
 0.36 -0.23   0.5
 0.36 -0.23   0.5
 0.36 -0.23   0.5
 0.36 -0.23   0.5
 0.36 -0.23   0.5
 0.36 -0.23   0.5
 0.36 -0.23   0.5
 0.36 -0.23   0.5
 0.36 -0.23   0.5
 0.36 -0.23   0.5
 0.36 -0.23   0.5
 0.36 -0.23   0.5
 0.36 -0.23   0.5
 0.36 -0.23   0.5
 0.36 -0.23   0.5
 0.36 -0.23   0.5
 0.36 -0.23   0.5
 0.36 -0.23   0.5
 0.36 -0.23   0.5
 0.36 -0.23   0.5
 0.36 -0.23   0.5
 0.36 -0.23   0.5
 0.36 -0.23   0.5
 0.36 -0.23   0.5
 0.36 -0.23   0.5
 0.36 -0.23   0.5
 0.36 -0.23   0.5
 0.36 -0.23   0.5
 0.36 -0.23   0.5
 0.36 -0.23   0.5
 0.36 -0.23   0.5
 0.36 -0.23   0.5
 0.36 -0.23   0.5
 0.36 -0.23   0.5
 0.36 -0.23   0.5
 0.36 -0.23   0.5
 0.36 -0.23   0.5
 0.36 -0.23   0.5
 0.36 -0.23   0.5
 0.36 -0.23   0.5
 0.36 -0.23   0.5
 0.36 -0.23   0.5
 0.36 -0.23   0.5
 0.36 -0.23   0.5
 0.36 -0.23   0.5
 0.36 -0.23   0.5
 0.36 -0.23   0.5
 0.36 -0.23   0.5
 0.36 -0.23   0.5
 0.36 -0.23   0.5
 0.36 -0.23   0.5
 0.36 -0.23   0.5
 0.36 -0.23   0.5
 0.36 -0.23   0.5
 0.36 -0.23   0.5
 0.36 -0.23   0.5
 0.36 -0.23   0.5
 0.36 -0.23   0.5
 0.36 -0.23   0.5
 0.36 -0.23   0.5
 0.36 -0.23   0.5
 0.36 -0.23   0.5
 0.36 -0.23   0.5
 0.36 -0.23   0.5
 0.36 -0.23   0.5
 0.36 -0.23   0.5
 0.36 -0.23   0.5
 0.36 -0.23   0.5
 0.36 -0.23   0.5
 0.36 -0.23   0.5
 0.36 -0.23   0.5
 0.36 -0.23   0.5
 0.36 -0.23   0.5
 0.36 -0.23   0.5
 0.36 -0.23   0.5
 0.36 -0.23   0.5
 0.36 -0.23   0.5
 0.36 -0.23   0.5
 0.36 -0.23   0.5
 0.36 -0.23   0.5
 0.36 -0.23   0.5
 0.36 -0.23   0.5
 0.36 -0.23   0.5
 0.36 -0.23   0.5
 0.36 -0.23   0.5
 0.36 -0.23   0.5
 0.36 -0.23   0.5
 0.36 -0.23   0.5
 0.36 -0.23   0.5
 0.36 -0.23   0.5
 0.36 -0.23   0.5
 0.36 -0.23   0.5
 0.36 -0.23   0.5
 0.36 -0.23   0.5
 0.36 -0.23   0.5
 0.36 -0.23   0.5
 0.36 -0.23   0.5
 0.36 -0.23   0.5
 0.36 -0.23   0.5
 0.36 -0.23   0.5
