5.96046e-06
0.00948501
0.0195501
0.029618
0.0396781
0.0497451
0.0598011
0.069869
0.0799341
0.0899901
0.100048
0.110104
0.120162
0.13022
0.140276
0.150334
0.16039
0.170448
0.180503
0.19056
0.200616
0.21067
0.220725
0.230782
0.240848
0.250906
0.260964
0.27102
0.281077
0.291133
0.30119
0.311246
0.321302
0.331358
0.341415
0.35147
0.361525
0.371583
0.381641
0.391701
0.401758
0.411825
0.421891
0.431949
0.442006
0.452063
0.46212
0.472177
0.482234
0.492288
0.502344
0.512401
0.522466
0.532523
0.542581
0.552637
0.562693
0.572749
0.582806
0.592864
0.602923
0.61298
0.623037
0.633094
0.643152
0.653211
0.663269
0.673327
0.683387
0.693446
0.703504
0.71356
0.723626
0.733682
0.74375
0.753804
0.763873
0.773934
0.783993
0.79406
0.804125
0.814192
0.824248
0.834304
0.844361
0.854417
0.864474
0.874529
0.884597
0.894653
0.904708
0.914763
0.92482
0.934875
0.94493
0.954995
0.965059
0.975114
0.98517
0.995238
1.0053
1.01535
1.02542
1.03547
1.04553
1.05558
1.06564
1.07569
1.08575
1.09581
1.10587
1.11593
1.12598
1.13605
1.14612
1.15617
1.16623
1.17629
1.18634
1.1964
1.20645
1.21651
1.22657
1.23662
1.24668
1.25674
1.26679
1.27686
1.28692
1.29697
1.30703
1.31708
1.32714
1.33719
1.34725
1.35732
1.36737
1.37743
1.3875
1.39755
1.40769
1.41774
1.4278
1.43786
1.44791
1.45797
1.46804
1.47809
1.48815
1.4982
1.50826
1.51832
1.52837
1.53843
1.54848
1.55854
1.56859
1.57865
1.58871
1.59876
1.60882
1.61888
1.62893
1.63899
1.64904
1.6591
1.66916
1.67922
1.68927
1.69931
1.70936
1.71941
1.72948
1.73954
1.74959
1.75965
1.7697
1.77977
1.78982
1.79988
1.80993
1.81999
1.83004
1.8401
1.85016
1.86022
1.87028
1.88033
1.89039
1.90044
1.9105
1.92056
1.93061
1.94067
1.95073
1.96079
1.97085
1.9809
1.99096
2.00101
2.01108
2.02114
2.03119
2.04125
2.05131
2.06136
2.07143
2.08149
2.09155
2.1016
2.11166
2.12172
2.13177
2.14183
2.15189
2.16194
2.17199
2.18205
2.19211
2.20216
2.21222
2.22227
2.23233
2.24238
2.25244
2.2625
2.27255
2.28261
2.29266
2.30272
2.31277
2.32283
2.33289
2.34294
2.353
2.36305
2.37312
2.38317
2.39323
2.40328
2.41334
2.42339
2.43345
2.44351
2.45357
2.46362
2.47368
2.48374
2.49379
2.50385
2.51391
2.52396
2.53402
2.54408
2.55413
2.56419
2.57424
2.5843
2.59436
2.60441
2.61447
2.62453
2.63458
2.64464
2.6547
2.66475
2.67481
2.68486
2.69492
2.70498
2.71503
2.72509
2.73514
2.7452
2.75526
2.76531
2.77536
2.78542
2.79548
2.80554
2.81559
2.82565
2.83571
2.84576
2.85582
2.86588
2.87593
2.88599
2.89604
2.90605
2.91611
2.92617
2.93622
2.94628
2.95634
2.96639
2.97645
2.98651
2.99657
3.00663
3.01668
3.02673
3.03681
3.04686
3.05692
3.06698
3.07703
3.08709
3.09715
3.1072
3.11726
3.12732
3.13738
3.14743
3.15749
3.16754
3.1776
3.18766
3.19771
3.20777
3.21782
3.22788
3.23794
3.24799
3.25805
3.2681
3.27816
3.28822
3.29827
3.30833
3.31839
3.32844
3.3385
3.34856
3.35861
3.36867
3.37873
3.38879
3.39884
3.4089
3.41895
3.42901
3.43906
3.44913
3.45916
3.46921
3.47928
3.48936
3.49943
3.50952
3.51957
3.52963
3.53969
3.54975
3.55981
3.56986
3.57992
3.58998
3.60002
3.61008
3.62014
3.63018
3.64024
3.6503
3.66036
3.67041
3.68047
3.69053
3.70058
3.71064
3.72069
3.73075
3.7408
3.75086
3.76092
3.77097
3.78106
3.79111
3.80117
3.81123
3.82129
3.83134
3.8414
3.85146
3.86151
3.87153
3.88158
3.89164
3.90173
3.91178
3.92183
3.93189
3.94195
3.95201
3.96209
3.97214
3.9822
3.99226
4.00234
4.01239
4.02245
4.0325
4.04256
4.05262
4.06269
4.07275
4.08281
4.09288
4.10294
4.11301
4.12306
4.13312
4.14317
4.15323
4.16329
4.17334
4.1834
4.19345
4.20351
4.21357
4.22362
4.23368
4.24374
4.25379
4.26385
4.2739
4.28396
4.29401
4.30407
4.31413
4.32418
4.33425
4.34446
4.35452
4.36458
4.3746
4.38466
4.39472
4.40477
4.41483
4.42489
4.43494
4.445
4.45517
4.46522
4.47528
4.48533
4.49539
4.50926
4.51931
4.52937
4.53942
4.54948
4.55953
4.56959
4.57965
4.58971
4.59976
4.60982
