-5.062257347164347832e-02 -1.790198506250349486e-01 8.952444152382316167e-01
2.179915553362223035e-01 -3.700742475638554851e-01 4.822858233988919219e-01
1.710636665187132699e-01 2.816594330624938580e-02 2.049443345724066834e-02
1.297318772073299264e-01 1.839717992857188289e-01 2.117960230297937230e-01
1.416829342529409563e-01 -9.422881714221120752e-02 4.621127321327316295e-01
5.085209109303266972e-01 1.481518930597169881e-01 3.715538674159378774e-01
3.287024486389389377e-01 3.325020603052025736e-02 5.740184179736773640e-02
4.859035586623883241e-01 -3.477134865027356470e-01 9.624728491400589281e-01
3.523454034039051885e-01 1.949355044838679829e-01 8.104331527819956804e-01
1.866753836653044785e-01 -1.447936218869448899e-01 7.933856274703106060e-01
5.024455515411723194e-01 -2.041028273205257593e-01 7.500249353812401543e-01
4.515566306939801100e-01 -3.379133655312747675e-01 3.869661830354242937e-01
7.023859280163399776e-03 -3.784795246747115205e-01 8.369913749396398206e-01
-7.901860499146207140e-03 -3.070284542339563050e-01 1.840932790007654418e-01
1.424313662499024358e-02 2.851958156335843153e-02 2.304217830584797122e-01
4.336653453504069056e-01 1.696044349503271764e-01 9.734630535778858729e-01
4.321224156338040467e-01 1.850294523475606301e-01 3.020962775987234838e-02
4.823067081596293937e-01 -2.376821382807210448e-01 2.457611589527087803e-01
5.603685078548817367e-02 -2.861552309606786859e-01 8.505080473723589662e-01
3.630184304984448440e-01 7.443788922905131278e-02 4.733256081172185770e-01
5.853441311030116445e-01 3.763403733292935982e-02 7.382200114719954520e-01
3.899954970742601779e-01 7.021402571752377586e-02 5.907622826084590884e-01
3.960149210048374835e-02 -1.069141711267297401e-01 7.121942214382936953e-02
1.012278748846029697e-01 2.524887208265935712e-02 4.105941979189426938e-01
5.921858059000961738e-02 -1.405546231839591709e-01 8.101757038248440512e-01
-2.483268122056486726e-03 1.393808765760070623e-01 4.988879485569663874e-02
1.073521475249082646e-01 -3.721028003900546111e-01 9.943603500253733740e-01
2.790552567709930765e-01 2.533910873098355054e-02 8.187115448868853562e-03
5.693503263119032987e-01 1.433628261487550626e-01 9.959894251803836918e-01
4.429384170852727065e-01 1.322803651177282269e-01 5.262593197760018215e-01
-8.902237024999697101e-02 1.664147921934510110e-01 7.619269770210835846e-01
5.633611137665489599e-01 1.032829861136826954e-01 6.586199501147834701e-01
4.316360599068297388e-02 3.370467090922590891e-02 6.965273303899487400e-01
4.588682485892980889e-01 -2.754021242938907155e-01 7.364820469159027994e-01
1.042350714164049508e-01 -2.023831292289061112e-01 9.088773164834045293e-01
5.109034321759420294e-02 -2.606104841912988412e-01 7.692279504121616318e-01
-4.424841244655780548e-03 -7.656151311208858612e-02 7.391027116573907207e-01
3.571888482672422871e-01 -1.619242097126681601e-01 5.349929177979306782e-01
1.510421691240766695e-01 -2.993808143064181082e-01 8.151520599621082663e-01
4.312921474863192772e-01 -2.565467552849021171e-01 8.535435594797495806e-01
4.352384705317045022e-01 -1.422237790821223036e-01 4.586150784612709197e-01
1.234795028386710680e-02 6.318570856763405796e-02 8.494256294389945783e-01
3.180208790927856466e-01 -1.307019089433993919e-01 4.614027886090237285e-01
7.397864982964227898e-02 1.116150414153830317e-01 3.091201329432230471e-01
4.190332971768548909e-01 6.070348929384672410e-02 6.623865418726604393e-02
4.544843752952278937e-01 -1.945545521493832752e-01 5.331402804891667291e-01
4.184717855711734824e-01 -8.694096705166137751e-02 4.422472159123372881e-01
1.193606252458139783e-01 -3.379578733184485095e-01 6.357162391150592562e-01
3.761198761525501588e-01 1.008848371357849993e-01 2.716309167840010863e-01
4.008878832090206901e-01 -1.001872630277369502e-01 3.011397024320366933e-01
-3.045984299285532659e-02 -2.063991927143730420e-01 5.490723417989303856e-01
1.939810049168576855e-01 1.772142265440631581e-01 6.755767928915659137e-01
5.234689399710897861e-01 5.135192215917039338e-02 7.966045572752822324e-01
4.455587720419673659e-02 -3.342747747060269559e-01 4.590437509159939200e-01
-5.632581013944307213e-02 1.960729029178772675e-01 1.769538878585574793e-01
2.148845019180869176e-01 -8.418104289790234729e-02 6.723826253653549800e-01
1.596359025117485841e-02 -1.266161368097041273e-01 2.572038146383927026e-01
1.435509280310141023e-01 -1.187150685642036074e-01 1.531077150662600861e-01
1.660715643169300704e-01 -3.908495417576495767e-01 5.722383418521226339e-02
4.013064993177436479e-01 -1.158385434495470268e-01 4.124323460108476613e-01
2.794177485590753074e-01 -3.291871955021702378e-02 3.075814940373651218e-01
-7.359213007118545202e-03 1.607135135320633124e-01 7.453035668628505972e-01
3.344429702370390611e-01 4.878125716042169824e-02 4.207453670035299353e-02
5.633797064855830539e-02 1.534137217371310813e-01 3.084917631279645578e-01
4.862743768857269444e-01 -3.841233750473597719e-01 2.959174517606648624e-01
-5.522638093044610064e-03 1.004154902840065366e-01 5.035719327669627710e-01
8.487752042430538046e-02 -3.570772731525598820e-01 4.538503300765291959e-01
2.047832758371878614e-02 -2.203005317434606758e-01 2.992484649654704176e-01
5.645082696697648617e-01 -2.236024784895360440e-01 7.951107361190716816e-01
1.766248136358461174e-01 -5.311258930659362720e-02 7.412588461635437609e-01
5.727204344444670747e-01 -2.495665917334833617e-01 4.678183092835171974e-01
-1.239267106004747487e-02 1.397196654863945842e-01 1.192258284074738661e-01
-8.191642685811474645e-02 5.154350093424131529e-02 6.611968930378515630e-01
1.880397080626136919e-01 -2.621948852882441394e-01 2.273515896298526906e-01
5.352924027170499199e-01 -3.160211201034689443e-01 4.453218419226536717e-01
4.549119256271009215e-01 -2.435368566658887013e-01 5.811155515055875798e-01
5.191451207479850227e-01 -2.647500093007379984e-01 9.806490248174207780e-01
2.830412909593561510e-01 -1.948139252441528635e-01 8.238968237678568896e-01
5.633971748869646134e-01 -3.810361595228978215e-02 3.067871748356351125e-01
4.545684785297386954e-01 1.155672764189005219e-01 7.885698696456909795e-01
6.720367778693994709e-02 -1.808041705411592981e-01 5.786636192376729548e-01
-3.678240424189591073e-02 -3.248782712786694726e-01 6.392481337608489911e-01
3.471914529201455824e-02 -3.183881982884173567e-01 3.227929957011033135e-01
4.207665757506126036e-01 -3.271225393905062839e-01 9.314602121137749435e-02
4.398172303921887849e-01 -3.049087244856995560e-01 4.388606258178495700e-01
4.292161435935217817e-01 -1.276884807214265227e-01 7.005446639159647049e-01
1.832316330490730005e-01 -2.365073212635068756e-01 7.436306254343851840e-01
4.109108043305855773e-01 -2.994903925440687287e-01 9.195335088957735659e-01
4.880992475508637574e-01 -3.973964224246248067e-01 5.660075184959095784e-01
3.042372631408339911e-01 -1.061951907972223386e-01 9.245199148562091018e-01
-4.123653881364717361e-02 -1.541016471065379811e-01 8.531448500880055574e-01
2.178399188867277958e-01 6.814127104587064387e-03 8.289114107244585083e-01
4.007758725516880061e-01 -1.277525617255331758e-01 3.942340939067970895e-01
1.716021923644612535e-01 -1.593286064035426275e-01 3.708953863953825536e-01
4.640298430390029649e-01 9.753309892765704703e-02 5.707690153600060157e-01
4.415258052949507794e-01 -7.127555875739538527e-02 5.797424021969151964e-01
3.188819641794228277e-01 1.846590751676016051e-01 1.197330950761078538e-01
2.424474415800292049e-01 -3.720034040074601256e-01 9.971069058900771109e-01
4.178189201087160187e-01 -1.406091094593728830e-01 2.228331571777386610e-02
2.424157835915095316e-01 4.206242882695360175e-02 3.860746534962171683e-01
