 0.269526 -0.328352  0.604993
 0.269052 -0.326631  0.608066
 0.269055 -0.326629  0.608064
 0.269061 -0.326622  0.608056
 0.269072 -0.326611  0.608043
 0.269086 -0.326595  0.608026
 0.269106 -0.326575  0.608003
0.269129 -0.32655 0.607975
 0.269157 -0.326521  0.607942
 0.269189 -0.326487  0.607904
 0.269225 -0.326448  0.607861
 0.269265 -0.326405  0.607813
  0.26931 -0.326358   0.60776
 0.269359 -0.326306  0.607702
 0.269412 -0.326249  0.607639
 0.269469 -0.326188  0.607571
 0.269531 -0.326123  0.607497
 0.269597 -0.326053  0.607419
 0.269667 -0.325978  0.607336
 0.269742 -0.325899  0.607247
  0.26982 -0.325815  0.607154
 0.269903 -0.325727  0.607055
 0.269991 -0.325634  0.606951
 0.270082 -0.325537  0.606843
 0.270178 -0.325435  0.606729
 0.270278 -0.325329   0.60661
 0.270382 -0.325218  0.606486
 0.270491 -0.325103  0.606357
 0.270603 -0.324983  0.606223
  0.27072 -0.324859  0.606084
0.270842 -0.32473  0.60594
 0.270967 -0.324597  0.605791
 0.271097 -0.324459  0.605637
 0.271231 -0.324316  0.605477
 0.271369 -0.324169  0.605313
 0.271512 -0.324018  0.605144
 0.271659 -0.323862  0.604969
  0.27181 -0.323702   0.60479
 0.271965 -0.323537  0.604605
 0.272125 -0.323367  0.604416
 0.272288 -0.323193  0.604221
 0.272457 -0.323014  0.604021
 0.272628 -0.322832  0.603817
 0.272805 -0.322644  0.603607
 0.272986 -0.322452  0.603392
 0.273171 -0.322255  0.603172
 0.273361 -0.322054  0.602947
 0.273554 -0.321848  0.602717
 0.273752 -0.321638  0.602482
 0.273954 -0.321424  0.602242
  0.27416 -0.321204  0.601997
 0.274371 -0.320981  0.601747
 0.274586 -0.320752  0.601491
 0.274805 -0.320519  0.601231
 0.275028 -0.320282  0.600966
0.275256 -0.32004 0.600695
 0.275488 -0.319794   0.60042
 0.275724 -0.319543  0.600139
 0.275964 -0.319288  0.599853
 0.276209 -0.319028  0.599563
 0.276458 -0.318763  0.599267
 0.276711 -0.318494  0.598966
 0.276968 -0.318221   0.59866
  0.27723 -0.317943  0.598349
0.277496 -0.31766 0.598033
 0.277766 -0.317373  0.597712
 0.278041 -0.317081  0.597386
 0.278319 -0.316785  0.597055
 0.278602 -0.316485  0.596719
0.278889 -0.31618 0.596378
0.279181 -0.31587 0.596031
 0.279477 -0.315556   0.59568
 0.279777 -0.315237  0.595324
 0.280081 -0.314914  0.594962
 0.280389 -0.314586  0.594595
 0.280702 -0.314254  0.594224
 0.281019 -0.313916  0.593847
 0.281341 -0.313575  0.593465
 0.281666 -0.313229  0.593078
 0.281996 -0.312879  0.592686
  0.28233 -0.312524   0.59229
 0.282668 -0.312165  0.591888
 0.283011 -0.311801  0.591481
 0.283357 -0.311432  0.591069
 0.283708 -0.311059  0.590652
 0.284064 -0.310682  0.590229
0.284423  -0.3103 0.589802
 0.284787 -0.309913   0.58937
 0.285155 -0.309522  0.588932
 0.285528 -0.309126   0.58849
 0.285904 -0.308726  0.588042
 0.286285 -0.308322   0.58759
 0.286671 -0.307912  0.587131
  0.28706 -0.307498  0.586669
0.287454 -0.30708 0.586201
 0.287852 -0.306657  0.585728
 0.288255 -0.306229   0.58525
 0.288661 -0.305797  0.584767
 0.289071 -0.305361  0.584279
0.289486 -0.30492 0.583786
 0.289906 -0.304475  0.583288
 0.290328 -0.304026  0.582786
 0.290751 -0.303576  0.582283
 0.291175 -0.303127   0.58178
 0.291598 -0.302677  0.581277
 0.292021 -0.302227  0.580774
 0.292444 -0.301778  0.580272
 0.292867 -0.301328  0.579769
  0.29329 -0.300879  0.579266
 0.293714 -0.300429  0.578763
 0.294137 -0.299979   0.57826
 0.29456 -0.29953 0.577758
0.294983 -0.29908 0.577255
0.295406 -0.29863 0.576752
 0.295829 -0.298181  0.576249
 0.296253 -0.297731  0.575746
 0.296676 -0.297282  0.575243
 0.297099 -0.296832   0.57474
 0.297522 -0.296382  0.574238
 0.297945 -0.295933  0.573735
 0.298368 -0.295483  0.573232
 0.298792 -0.295033  0.572729
 0.299216 -0.294583  0.572225
 0.299639 -0.294133  0.571723
 0.300062 -0.293684   0.57122
 0.300485 -0.293234  0.570717
 0.300908 -0.292785  0.570214
 0.301331 -0.292335  0.569712
 0.301754 -0.291886  0.569209
 0.302178 -0.291436  0.568706
 0.302601 -0.290986  0.568203
 0.303024 -0.290537    0.5677
 0.303447 -0.290087  0.567198
  0.30387 -0.289638  0.566695
 0.304293 -0.289188  0.566192
 0.304716 -0.288738  0.565689
  0.30514 -0.288289  0.565186
 0.305563 -0.287839  0.564684
 0.305984 -0.287392  0.564183
 0.306407 -0.286942   0.56368
  0.30683 -0.286492  0.563177
 0.307254 -0.286043  0.562675
 0.307677 -0.285593  0.562172
   0.3081 -0.285144  0.561669
 0.308523 -0.284695  0.561167
 0.308946 -0.284245  0.560664
 0.309369 -0.283795  0.560161
 0.309792 -0.283346  0.559658
 0.310215 -0.282896  0.559156
 0.310638 -0.282446  0.558653
 0.311062 -0.281997   0.55815
 0.311485 -0.281547  0.557647
 0.311908 -0.281098  0.557144
 0.312331 -0.280648  0.556641
 0.312754 -0.280198  0.556139
 0.313177 -0.279749  0.555636
   0.3136 -0.279299  0.555133
 0.314028 -0.278845  0.554625
 0.314451 -0.278395  0.554122
 0.314874 -0.277946  0.553619
 0.315298 -0.277496  0.553117
 0.315721 -0.277047  0.552614
 0.316144 -0.276597  0.552111
 0.316567 -0.276147  0.551608
  0.31699 -0.275697  0.551105
 0.317414 -0.275248  0.550602
 0.317837 -0.274798  0.550099
  0.31826 -0.274349  0.549597
 0.318683 -0.273899  0.549094
0.319106 -0.27345 0.548591
0.319529   -0.273 0.548089
 0.319952 -0.272551  0.547586
0.320376  -0.2721 0.547082
 0.320799 -0.271651  0.546579
 0.321222 -0.271201  0.546076
 0.321646 -0.270751  0.545573
 0.322069 -0.270301   0.54507
 0.322492 -0.269852  0.544568
 0.322915 -0.269402  0.544065
 0.323339 -0.268953  0.543562
 0.323762 -0.268503  0.543059
 0.324185 -0.268054  0.542557
 0.324608 -0.267604  0.542054
 0.325031 -0.267154  0.541551
 0.325454 -0.266705  0.541048
 0.325877 -0.266255  0.540545
   0.3263 -0.265806  0.540043
 0.326724 -0.265356   0.53954
 0.327147 -0.264906  0.539037
  0.32757 -0.264457  0.538534
 0.327993 -0.264007  0.538032
 0.328416 -0.263558  0.537529
 0.328839 -0.263108  0.537026
 0.329263 -0.262658  0.536523
 0.329686 -0.262209   0.53602
 0.330109 -0.261759  0.535517
0.330532 -0.26131 0.535015
0.330955 -0.26086 0.534512
0.331378 -0.26041 0.534009
 0.331801 -0.259961  0.533506
 0.332225 -0.259511  0.533004
 0.332648 -0.259062  0.532501
 0.333071 -0.258612  0.531998
 0.333494 -0.258163  0.531495
 0.333917 -0.257713  0.530992
  0.33434 -0.257264   0.53049
 0.334763 -0.256814  0.529987
 0.335186 -0.256364  0.529484
 0.335609 -0.255915  0.528982
 0.336033 -0.255465  0.528479
 0.336456 -0.255016  0.527976
 0.336879 -0.254566  0.527473
 0.337303 -0.254115  0.526969
 0.337727 -0.253665  0.526466
  0.33815 -0.253216  0.525963
 0.338573 -0.252766   0.52546
 0.338996 -0.252317  0.524958
0.339417 -0.25187 0.524458
 0.339833 -0.251427  0.523963
0.340245 -0.25099 0.523473
 0.340653 -0.250556  0.522989
 0.341056 -0.250127  0.522509
 0.341456 -0.249703  0.522035
 0.341852 -0.249283  0.521564
 0.342242 -0.248867    0.5211
 0.342629 -0.248457  0.520641
0.343011 -0.24805 0.520186
 0.343389 -0.247649  0.519737
 0.343763 -0.247251  0.519293
 0.344497 -0.246472  0.518421
 0.344858 -0.246088  0.517992
 0.345215 -0.245709  0.517568
 0.345215 -0.245709  0.517568
 0.345916 -0.244964  0.516735
  0.34626 -0.244598  0.516326
   0.3466 -0.244237  0.515922
 0.346936 -0.243881  0.515523
 0.347267 -0.243529   0.51513
 0.347594 -0.243181  0.514741
 0.347917 -0.242838  0.514358
0.348236  -0.2425 0.513979
  0.34855 -0.242166  0.513605
  0.34886 -0.241836  0.513237
 0.349166 -0.241511  0.512873
 0.349467 -0.241191  0.512515
 0.349764 -0.240875  0.512162
 0.350057 -0.240564  0.511814
 0.350346 -0.240257  0.511471
 0.350631 -0.239955  0.511133
 0.350911 -0.239657    0.5108
 0.351187 -0.239364  0.510472
 0.351459 -0.239075  0.510149
 0.351726 -0.238791  0.509831
 0.351989 -0.238511  0.509518
 0.352248 -0.238237  0.509211
 0.352502 -0.237966  0.508909
0.352753  -0.2377 0.508611
 0.352999 -0.237438  0.508318
0.353242 -0.23718  0.50803
 0.353482 -0.236925  0.507745
 0.353715 -0.236677  0.507468
 0.353944 -0.236434  0.507195
 0.354169 -0.236195  0.506928
  0.35439 -0.235961  0.506666
 0.354606 -0.235731  0.506409
 0.354819 -0.235505  0.506157
 0.355026 -0.235284   0.50591
  0.35523 -0.235068  0.505668
 0.355429 -0.234857  0.505431
 0.355624 -0.234649  0.505199
 0.355815 -0.234446  0.504973
 0.356002 -0.234248  0.504751
 0.356184 -0.234055  0.504534
 0.356362 -0.233865  0.504323
 0.356362 -0.233865  0.504323
0.356705  -0.2335 0.503915
0.356705  -0.2335 0.503915
 0.356871 -0.233324  0.503718
 0.357032 -0.233153  0.503526
 0.357189 -0.232986   0.50334
 0.357342 -0.232824  0.503158
 0.357491 -0.232666  0.502982
 0.357774 -0.232365  0.502644
  0.35791 -0.232221  0.502483
 0.358041 -0.232081  0.502328
 0.358168 -0.231946  0.502177
 0.358291 -0.231816  0.502031
0.358409 -0.23169  0.50189
 0.358524 -0.231569  0.501754
 0.358634 -0.231452  0.501623
 0.358739 -0.231339  0.501498
 0.358841 -0.231232  0.501377
 0.358938 -0.231128  0.501262
0.359031 -0.23103 0.501151
  0.35912 -0.230935  0.501046
 0.359204 -0.230846  0.500946
0.359284 -0.23076  0.50085
 0.35936 -0.23068  0.50076
 0.359432 -0.230604  0.500675
 0.359499 -0.230532  0.500595
 0.359562 -0.230465   0.50052
 0.359621 -0.230402   0.50045
 0.359621 -0.230402   0.50045
 0.359676 -0.230344  0.500385
 0.359773 -0.230242   0.50027
 0.359814 -0.230197  0.500221
 0.359852 -0.230157  0.500176
 0.359885 -0.230122  0.500136
 0.359914 -0.230091  0.500102
 0.359939 -0.230065  0.500072
  0.35996 -0.230043  0.500048
 0.359976 -0.230025  0.500028
 0.359988 -0.230012  0.500014
 0.359996 -0.230004  0.500005
 0.36 -0.23   0.5
 0.36 -0.23   0.5
 0.36 -0.23   0.5
 0.36 -0.23   0.5
 0.36 -0.23   0.5
 0.36 -0.23   0.5
 0.36 -0.23   0.5
 0.36 -0.23   0.5
 0.36 -0.23   0.5
 0.36 -0.23   0.5
 0.36 -0.23   0.5
 0.36 -0.23   0.5
 0.36 -0.23   0.5
 0.36 -0.23   0.5
 0.36 -0.23   0.5
 0.36 -0.23   0.5
 0.36 -0.23   0.5
 0.36 -0.23   0.5
 0.36 -0.23   0.5
 0.36 -0.23   0.5
 0.36 -0.23   0.5
 0.36 -0.23   0.5
 0.36 -0.23   0.5
 0.36 -0.23   0.5
 0.36 -0.23   0.5
 0.36 -0.23   0.5
 0.36 -0.23   0.5
 0.36 -0.23   0.5
 0.36 -0.23   0.5
 0.36 -0.23   0.5
 0.36 -0.23   0.5
 0.36 -0.23   0.5
 0.36 -0.23   0.5
 0.36 -0.23   0.5
 0.36 -0.23   0.5
 0.36 -0.23   0.5
 0.36 -0.23   0.5
 0.36 -0.23   0.5
 0.36 -0.23   0.5
 0.36 -0.23   0.5
 0.36 -0.23   0.5
 0.36 -0.23   0.5
 0.36 -0.23   0.5
 0.36 -0.23   0.5
 0.36 -0.23   0.5
 0.36 -0.23   0.5
 0.36 -0.23   0.5
 0.36 -0.23   0.5
 0.36 -0.23   0.5
 0.36 -0.23   0.5
 0.36 -0.23   0.5
 0.36 -0.23   0.5
 0.36 -0.23   0.5
 0.36 -0.23   0.5
 0.36 -0.23   0.5
 0.36 -0.23   0.5
 0.36 -0.23   0.5
 0.36 -0.23   0.5
 0.36 -0.23   0.5
 0.36 -0.23   0.5
 0.36 -0.23   0.5
 0.36 -0.23   0.5
 0.36 -0.23   0.5
 0.36 -0.23   0.5
 0.36 -0.23   0.5
 0.36 -0.23   0.5
 0.36 -0.23   0.5
 0.36 -0.23   0.5
 0.36 -0.23   0.5
 0.36 -0.23   0.5
 0.36 -0.23   0.5
 0.36 -0.23   0.5
 0.36 -0.23   0.5
 0.36 -0.23   0.5
 0.36 -0.23   0.5
 0.36 -0.23   0.5
 0.36 -0.23   0.5
 0.36 -0.23   0.5
 0.36 -0.23   0.5
 0.36 -0.23   0.5
 0.36 -0.23   0.5
 0.36 -0.23   0.5
 0.36 -0.23   0.5
 0.36 -0.23   0.5
 0.36 -0.23   0.5
 0.36 -0.23   0.5
 0.36 -0.23   0.5
 0.36 -0.23   0.5
 0.36 -0.23   0.5
 0.36 -0.23   0.5
 0.36 -0.23   0.5
 0.36 -0.23   0.5
 0.36 -0.23   0.5
 0.36 -0.23   0.5
 0.36 -0.23   0.5
 0.36 -0.23   0.5
 0.36 -0.23   0.5
 0.36 -0.23   0.5
 0.36 -0.23   0.5
 0.36 -0.23   0.5
 0.36 -0.23   0.5
 0.36 -0.23   0.5
 0.36 -0.23   0.5
 0.36 -0.23   0.5
 0.36 -0.23   0.5
 0.36 -0.23   0.5
 0.36 -0.23   0.5
 0.36 -0.23   0.5
 0.36 -0.23   0.5
 0.36 -0.23   0.5
 0.36 -0.23   0.5
 0.36 -0.23   0.5
 0.36 -0.23   0.5
 0.36 -0.23   0.5
 0.36 -0.23   0.5
 0.36 -0.23   0.5
 0.36 -0.23   0.5
 0.36 -0.23   0.5
 0.36 -0.23   0.5
 0.36 -0.23   0.5
 0.36 -0.23   0.5
 0.36 -0.23   0.5
 0.36 -0.23   0.5
 0.36 -0.23   0.5
 0.36 -0.23   0.5
 0.36 -0.23   0.5
 0.36 -0.23   0.5
 0.36 -0.23   0.5
 0.36 -0.23   0.5
 0.36 -0.23   0.5
 0.36 -0.23   0.5
 0.36 -0.23   0.5
 0.36 -0.23   0.5
 0.36 -0.23   0.5
 0.36 -0.23   0.5
 0.36 -0.23   0.5
 0.36 -0.23   0.5
 0.36 -0.23   0.5
 0.36 -0.23   0.5
 0.36 -0.23   0.5
 0.36 -0.23   0.5
 0.36 -0.23   0.5
 0.36 -0.23   0.5
 0.36 -0.23   0.5
 0.36 -0.23   0.5
 0.36 -0.23   0.5
 0.36 -0.23   0.5
 0.36 -0.23   0.5
 0.36 -0.23   0.5
 0.36 -0.23   0.5
 0.36 -0.23   0.5
 0.36 -0.23   0.5
 0.36 -0.23   0.5
 0.36 -0.23   0.5
 0.36 -0.23   0.5
 0.36 -0.23   0.5
 0.36 -0.23   0.5
 0.36 -0.23   0.5
 0.36 -0.23   0.5
 0.36 -0.23   0.5
 0.36 -0.23   0.5
 0.36 -0.23   0.5
 0.36 -0.23   0.5
 0.36 -0.23   0.5
 0.36 -0.23   0.5
 0.36 -0.23   0.5
 0.36 -0.23   0.5
 0.36 -0.23   0.5
 0.36 -0.23   0.5
 0.36 -0.23   0.5
 0.36 -0.23   0.5
 0.36 -0.23   0.5
 0.36 -0.23   0.5
 0.36 -0.23   0.5
 0.36 -0.23   0.5
 0.36 -0.23   0.5
 0.36 -0.23   0.5
 0.36 -0.23   0.5
 0.36 -0.23   0.5
 0.36 -0.23   0.5
 0.36 -0.23   0.5
 0.36 -0.23   0.5
 0.36 -0.23   0.5
 0.36 -0.23   0.5
 0.36 -0.23   0.5
 0.36 -0.23   0.5
 0.36 -0.23   0.5
 0.36 -0.23   0.5
 0.36 -0.23   0.5
 0.36 -0.23   0.5
 0.36 -0.23   0.5
 0.36 -0.23   0.5
 0.36 -0.23   0.5
 0.36 -0.23   0.5
 0.36 -0.23   0.5
 0.36 -0.23   0.5
 0.36 -0.23   0.5
 0.36 -0.23   0.5
 0.36 -0.23   0.5
 0.36 -0.23   0.5
 0.36 -0.23   0.5
 0.36 -0.23   0.5
 0.36 -0.23   0.5
 0.36 -0.23   0.5
 0.36 -0.23   0.5
 0.36 -0.23   0.5
 0.36 -0.23   0.5
 0.36 -0.23   0.5
 0.36 -0.23   0.5
 0.36 -0.23   0.5
 0.36 -0.23   0.5
 0.36 -0.23   0.5
 0.36 -0.23   0.5
 0.36 -0.23   0.5
 0.36 -0.23   0.5
 0.36 -0.23   0.5
 0.36 -0.23   0.5
 0.36 -0.23   0.5
 0.36 -0.23   0.5
 0.36 -0.23   0.5
 0.36 -0.23   0.5
 0.36 -0.23   0.5
 0.36 -0.23   0.5
 0.36 -0.23   0.5
 0.36 -0.23   0.5
 0.36 -0.23   0.5
 0.36 -0.23   0.5
 0.36 -0.23   0.5
 0.36 -0.23   0.5
 0.36 -0.23   0.5
 0.36 -0.23   0.5
 0.36 -0.23   0.5
 0.36 -0.23   0.5
 0.36 -0.23   0.5
 0.36 -0.23   0.5
 0.36 -0.23   0.5
 0.36 -0.23   0.5
 0.36 -0.23   0.5
 0.36 -0.23   0.5
 0.36 -0.23   0.5
 0.36 -0.23   0.5
 0.36 -0.23   0.5
 0.36 -0.23   0.5
 0.36 -0.23   0.5
 0.36 -0.23   0.5
 0.36 -0.23   0.5
 0.36 -0.23   0.5
 0.36 -0.23   0.5
 0.36 -0.23   0.5
 0.36 -0.23   0.5
 0.36 -0.23   0.5
 0.36 -0.23   0.5
 0.36 -0.23   0.5
 0.36 -0.23   0.5
 0.36 -0.23   0.5
 0.36 -0.23   0.5
 0.36 -0.23   0.5
 0.36 -0.23   0.5
 0.36 -0.23   0.5
 0.36 -0.23   0.5
 0.36 -0.23   0.5
 0.36 -0.23   0.5
 0.36 -0.23   0.5
 0.36 -0.23   0.5
 0.36 -0.23   0.5
 0.36 -0.23   0.5
 0.36 -0.23   0.5
 0.36 -0.23   0.5
 0.36 -0.23   0.5
 0.36 -0.23   0.5
 0.36 -0.23   0.5
 0.36 -0.23   0.5
 0.36 -0.23   0.5
 0.36 -0.23   0.5
 0.36 -0.23   0.5
 0.36 -0.23   0.5
 0.36 -0.23   0.5
 0.36 -0.23   0.5
 0.36 -0.23   0.5
 0.36 -0.23   0.5
 0.36 -0.23   0.5
 0.36 -0.23   0.5
 0.36 -0.23   0.5
 0.36 -0.23   0.5
 0.36 -0.23   0.5
 0.36 -0.23   0.5
 0.36 -0.23   0.5
 0.36 -0.23   0.5
 0.36 -0.23   0.5
 0.36 -0.23   0.5
 0.36 -0.23   0.5
 0.36 -0.23   0.5
 0.36 -0.23   0.5
 0.36 -0.23   0.5
 0.36 -0.23   0.5
 0.36 -0.23   0.5
 0.36 -0.23   0.5
 0.36 -0.23   0.5
 0.36 -0.23   0.5
 0.36 -0.23   0.5
 0.36 -0.23   0.5
 0.36 -0.23   0.5
 0.36 -0.23   0.5
 0.36 -0.23   0.5
 0.36 -0.23   0.5
 0.36 -0.23   0.5
 0.36 -0.23   0.5
 0.36 -0.23   0.5
 0.36 -0.23   0.5
 0.36 -0.23   0.5
 0.36 -0.23   0.5
 0.36 -0.23   0.5
 0.36 -0.23   0.5
 0.36 -0.23   0.5
 0.36 -0.23   0.5
 0.36 -0.23   0.5
 0.36 -0.23   0.5
 0.36 -0.23   0.5
 0.36 -0.23   0.5
 0.36 -0.23   0.5
 0.36 -0.23   0.5
 0.36 -0.23   0.5
 0.36 -0.23   0.5
 0.36 -0.23   0.5
 0.36 -0.23   0.5
 0.36 -0.23   0.5
 0.36 -0.23   0.5
 0.36 -0.23   0.5
 0.36 -0.23   0.5
 0.36 -0.23   0.5
 0.36 -0.23   0.5
 0.36 -0.23   0.5
 0.36 -0.23   0.5
 0.36 -0.23   0.5
 0.36 -0.23   0.5
 0.36 -0.23   0.5
 0.36 -0.23   0.5
 0.36 -0.23   0.5
 0.36 -0.23   0.5
 0.36 -0.23   0.5
 0.36 -0.23   0.5
 0.36 -0.23   0.5
 0.36 -0.23   0.5
 0.36 -0.23   0.5
 0.36 -0.23   0.5
 0.36 -0.23   0.5
 0.36 -0.23   0.5
 0.36 -0.23   0.5
 0.36 -0.23   0.5
 0.36 -0.23   0.5
 0.36 -0.23   0.5
 0.36 -0.23   0.5
 0.36 -0.23   0.5
 0.36 -0.23   0.5
 0.36 -0.23   0.5
 0.36 -0.23   0.5
 0.36 -0.23   0.5
 0.36 -0.23   0.5
 0.36 -0.23   0.5
 0.36 -0.23   0.5
 0.36 -0.23   0.5
 0.36 -0.23   0.5
 0.36 -0.23   0.5
 0.36 -0.23   0.5
 0.36 -0.23   0.5
 0.36 -0.23   0.5
 0.36 -0.23   0.5
 0.36 -0.23   0.5
 0.36 -0.23   0.5
 0.36 -0.23   0.5
 0.36 -0.23   0.5
 0.36 -0.23   0.5
 0.36 -0.23   0.5
 0.36 -0.23   0.5
 0.36 -0.23   0.5
 0.36 -0.23   0.5
 0.36 -0.23   0.5
 0.36 -0.23   0.5
 0.36 -0.23   0.5
 0.36 -0.23   0.5
 0.36 -0.23   0.5
 0.36 -0.23   0.5
 0.36 -0.23   0.5
 0.36 -0.23   0.5
 0.36 -0.23   0.5
 0.36 -0.23   0.5
 0.36 -0.23   0.5
 0.36 -0.23   0.5
 0.36 -0.23   0.5
 0.36 -0.23   0.5
 0.36 -0.23   0.5
 0.36 -0.23   0.5
 0.36 -0.23   0.5
 0.36 -0.23   0.5
 0.36 -0.23   0.5
 0.36 -0.23   0.5
 0.36 -0.23   0.5
 0.36 -0.23   0.5
 0.36 -0.23   0.5
 0.36 -0.23   0.5
 0.36 -0.23   0.5
 0.36 -0.23   0.5
 0.36 -0.23   0.5
 0.36 -0.23   0.5
 0.36 -0.23   0.5
 0.36 -0.23   0.5
 0.36 -0.23   0.5
 0.36 -0.23   0.5
 0.36 -0.23   0.5
 0.36 -0.23   0.5
 0.36 -0.23   0.5
 0.36 -0.23   0.5
 0.36 -0.23   0.5
 0.36 -0.23   0.5
 0.36 -0.23   0.5
 0.36 -0.23   0.5
 0.36 -0.23   0.5
 0.36 -0.23   0.5
 0.36 -0.23   0.5
 0.36 -0.23   0.5
 0.36 -0.23   0.5
 0.36 -0.23   0.5
 0.36 -0.23   0.5
 0.36 -0.23   0.5
 0.36 -0.23   0.5
 0.36 -0.23   0.5
 0.36 -0.23   0.5
 0.36 -0.23   0.5
 0.36 -0.23   0.5
 0.36 -0.23   0.5
 0.36 -0.23   0.5
 0.36 -0.23   0.5
 0.36 -0.23   0.5
 0.36 -0.23   0.5
 0.36 -0.23   0.5
 0.36 -0.23   0.5
 0.36 -0.23   0.5
 0.36 -0.23   0.5
 0.36 -0.23   0.5
 0.36 -0.23   0.5
 0.36 -0.23   0.5
 0.36 -0.23   0.5
 0.36 -0.23   0.5
 0.36 -0.23   0.5
 0.36 -0.23   0.5
 0.36 -0.23   0.5
 0.36 -0.23   0.5
 0.36 -0.23   0.5
 0.36 -0.23   0.5
 0.36 -0.23   0.5
 0.36 -0.23   0.5
 0.36 -0.23   0.5
 0.36 -0.23   0.5
 0.36 -0.23   0.5
 0.36 -0.23   0.5
 0.36 -0.23   0.5
 0.36 -0.23   0.5
 0.36 -0.23   0.5
 0.36 -0.23   0.5
 0.36 -0.23   0.5
 0.36 -0.23   0.5
 0.36 -0.23   0.5
 0.36 -0.23   0.5
 0.36 -0.23   0.5
 0.36 -0.23   0.5
 0.36 -0.23   0.5
 0.36 -0.23   0.5
 0.36 -0.23   0.5
 0.36 -0.23   0.5
 0.36 -0.23   0.5
 0.36 -0.23   0.5
 0.36 -0.23   0.5
 0.36 -0.23   0.5
