5.96046e-06
0.00961614
0.0196769
0.0297341
0.039789
0.0498981
0.0599601
0.0700161
0.0800719
0.090127
0.100184
0.110239
0.120302
0.130358
0.140414
0.150469
0.160525
0.170578
0.180633
0.190689
0.200745
0.210801
0.220857
0.230912
0.240968
0.251023
0.26108
0.271136
0.281201
0.291239
0.301294
0.31135
0.321406
0.331479
0.341533
0.351587
0.361644
0.371699
0.381754
0.39181
0.401865
0.411922
0.42198
0.432035
0.44209
0.452144
0.462199
0.472252
0.482307
0.492363
0.502419
0.512479
0.522534
0.53259
0.542645
0.552701
0.562757
0.572813
0.582895
0.592951
0.603008
0.613063
0.623119
0.633174
0.64323
0.653285
0.663342
0.673397
0.683451
0.693506
0.703564
0.713619
0.723674
0.733729
0.743783
0.753838
0.763893
0.773948
0.784004
0.794061
0.804115
0.814171
0.824226
0.834281
0.844335
0.854393
0.864449
0.874503
0.884559
0.894616
0.904671
0.914812
0.92487
0.934927
0.944983
0.95504
0.965096
0.975152
0.985209
0.995265
1.00532
1.01538
1.02543
1.03549
1.04554
1.05559
1.06565
1.0757
1.08576
1.09581
1.10587
1.11592
1.12598
1.13603
1.14609
1.15615
1.1662
1.17626
1.18632
1.19637
1.20642
1.21648
1.22653
1.23659
1.24664
1.2567
1.26675
1.27681
1.28686
1.29692
1.30697
1.31703
1.32709
1.33714
1.3472
1.35725
1.36731
1.37736
1.38742
1.39747
1.40756
1.41761
1.42767
1.43772
1.44778
1.45784
1.46789
1.47795
1.488
1.49806
1.50811
1.51817
1.52822
1.53829
1.54835
1.5584
1.56846
1.57852
1.58857
1.59863
1.60869
1.61874
1.6288
1.63885
1.64888
1.65894
1.66899
1.67905
1.6891
1.69916
1.70922
1.7193
1.72936
1.73941
1.74947
1.75953
1.76967
1.77973
1.78979
1.79984
1.8099
1.81995
1.83001
1.84007
1.85014
1.8602
1.87026
1.88032
1.89037
1.90045
1.91051
1.92062
1.93068
1.94074
1.95077
1.96083
1.97089
1.98094
1.99101
2.00107
2.01113
2.02118
2.03123
2.04129
2.05134
2.0614
2.07145
2.08151
2.09156
2.10161
2.11167
2.12175
2.1318
2.14186
2.15187
2.16193
2.17198
2.18204
2.19209
2.20215
2.2122
2.22229
2.23234
2.24259
2.25265
2.26271
2.27276
2.28282
2.29287
2.30297
2.31302
2.32308
2.33313
2.34326
2.35332
2.36337
2.37343
2.38349
2.39358
2.40364
2.41369
2.42375
2.4338
2.44386
2.45391
2.46397
2.47402
2.48408
2.49414
2.5042
2.51423
2.5243
2.53435
2.54441
2.55448
2.56452
2.57463
2.58468
2.59474
2.60482
2.61487
2.62493
2.63499
2.64504
2.6551
2.66515
2.67521
2.68525
2.69528
2.70534
2.71539
2.72544
2.73552
2.74553
2.75556
2.76564
2.77569
2.78573
2.79584
2.80591
2.81597
2.82603
2.83613
2.84617
2.85626
2.86633
2.87638
2.88644
2.89649
2.90655
2.9166
2.92667
2.93672
2.94678
2.95683
2.96689
2.97694
2.987
2.99705
3.00711
3.01716
3.02722
3.03723
3.04729
3.05738
3.06743
3.07749
3.08754
3.09762
3.10764
3.1177
3.12775
3.13781
3.14787
3.15795
3.16801
3.17807
3.18812
3.19818
3.20825
3.2183
3.22835
3.23841
3.24843
3.25846
3.26855
3.27857
3.28863
3.29868
3.30874
3.3188
3.32886
3.33892
3.34899
3.35905
3.3691
3.37916
3.38921
3.39927
3.40934
3.4196
3.42962
3.4397
3.44973
3.45976
3.46982
3.47988
3.48994
3.49999
3.51005
3.5201
3.53016
3.54021
3.55027
3.56033
3.57038
3.58044
3.5905
3.60055
3.61104
3.6211
3.63115
3.64121
3.65126
3.66132
3.67137
3.68143
3.69149
3.70154
3.7116
3.72165
3.73172
3.74178
3.75183
3.76189
3.77194
3.782
3.79205
3.8021
3.81216
3.82221
3.83227
3.84234
3.8524
3.86245
3.87251
3.88256
3.89261
3.90266
3.91272
3.92277
3.93283
3.94288
3.95294
3.963
3.97306
3.98311
3.99317
4.00322
4.01328
4.02333
4.03339
4.04344
4.05349
4.06355
4.07361
4.08366
4.09371
4.10374
4.1138
4.12385
4.13391
4.14396
4.15402
4.16407
4.17413
4.18419
4.19424
4.20429
4.21435
4.2244
4.23446
4.24451
4.25456
4.26462
4.27467
4.28472
4.29478
4.30483
4.31489
4.32494
4.335
4.34505
4.35512
4.36517
4.37523
4.38528
4.39534
4.40539
4.41545
4.42551
4.43556
4.44562
4.45567
4.46573
4.47578
4.48584
4.49589
4.50595
4.516
4.52606
4.53611
4.54617
4.55627
4.56632
4.57638
4.58643
4.59649
4.60655
4.61661
4.62666
4.63671
4.64677
4.65683
4.66688
4.67693
4.68699
4.69705
4.70711
4.71716
4.72722
4.73727
4.74733
4.75738
4.76744
4.7775
4.78752
4.79763
4.8077
4.81781
4.82787
4.83792
4.84798
4.85803
4.86809
4.87828
4.88834
4.89839
4.90843
4.91851
4.92853
4.93864
4.94869
4.95877
4.96882
4.97896
4.98902
4.99907
5.00913
5.01918
5.02924
5.03929
5.04935
5.05941
5.06942
5.07947
5.08953
5.09959
5.10965
5.11971
5.12976
5.13982
5.14987
5.15993
5.16998
5.18003
5.19009
5.20014
5.2102
5.22025
5.23033
5.24039
5.25045
5.2605
5.27056
5.28061
5.29067
5.30072
5.31078
5.32083
5.33089
5.34094
5.351
5.36106
5.37111
5.38124
5.39129
5.40135
5.4114
5.42144
5.43149
5.44154
5.4516
5.46166
5.47172
5.48177
5.49183
5.50188
5.51194
5.52199
5.53205
5.5421
5.55216
5.56222
5.57227
5.58233
5.59238
5.60244
5.61249
5.62255
5.6326
5.64266
5.65272
5.66279
5.67285
5.6829
5.69296
5.70301
5.71307
5.72312
5.73318
5.74323
5.75329
5.76334
5.7734
5.78345
5.79352
5.80358
5.81363
5.82369
5.83374
5.8438
5.85385
5.86391
5.87397
5.88402
5.89408
5.90413
5.91419
5.92426
5.93433
5.94439
5.95444
5.9645
5.97455
5.98461
5.99467
6.00472
6.01478
6.02484
6.03489
6.04495
6.055
6.06506
6.07511
6.08517
6.09523
6.10528
6.11534
6.1254
6.13545
6.14548
6.15553
6.16556
6.17557
6.18562
6.19568
6.20573
6.21579
6.22584
6.2359
6.24596
6.25601
6.26607
6.27614
6.28618
6.29623
6.30629
6.31641
6.32646
6.33651
6.34657
6.35663
6.36669
6.37675
6.3868
6.39686
6.40692
6.41697
6.42703
6.43711
6.44715
6.45722
6.46728
6.47734
6.48739
6.49742
6.50748
6.51753
6.52759
6.53764
6.5477
6.55775
6.56779
6.57788
6.58805
6.59813
6.60817
6.61823
6.62828
6.63835
6.6484
6.65846
6.6685
6.67854
6.6886
6.69865
6.70871
6.71877
6.72883
6.73889
6.74894
6.759
6.76906
6.77911
6.78916
6.79927
6.80928
6.81933
6.82939
6.83945
6.84952
6.85959
6.86964
6.8797
6.88975
6.89977
6.90991
6.91997
6.93009
6.94014
6.95024
6.96037
6.97044
6.98052
6.99058
7.00063
7.01069
7.02075
7.03082
7.04091
7.05096
7.06102
7.07107
7.08114
7.0912
7.10125
7.11131
7.12137
7.13143
7.14149
7.15155
7.1616
7.17166
7.18171
7.19177
7.20183
7.21186
7.22192
7.23197
7.24203
7.2521
7.26217
7.27222
7.2823
7.29234
7.30239
7.31245
7.32254
7.3326
7.34265
7.35271
7.36276
7.37282
7.38289
7.39296
7.40301
7.41307
7.42313
7.43318
7.44325
7.45333
7.46339
7.47346
7.48352
7.49357
7.50363
7.51369
7.52374
7.5338
7.54385
7.55392
7.56398
7.57403
7.58409
7.59416
7.60422
7.61427
7.62433
7.63438
7.64444
7.65449
7.66456
7.67462
7.68467
7.69473
7.70478
7.71484
7.72489
7.73496
7.74501
7.75506
7.76512
7.77517
7.78523
7.79529
7.80534
7.8154
7.82548
7.83554
7.84559
7.85565
7.8657
7.87576
7.88582
7.89587
7.90593
