0.0168214 -0.105389  0.508415
0.0168214 -0.105389  0.508415
0.0168212 -0.105387  0.508413
0.0168208 -0.105384  0.508405
0.0168202 -0.105378  0.508392
0.0168192  -0.10537  0.508375
0.016818 -0.10536 0.508352
0.0168165 -0.105347  0.508324
0.0168147 -0.105332  0.508291
0.0168127 -0.105314  0.508253
0.0168103 -0.105295   0.50821
0.0168078 -0.105273  0.508162
0.0168049 -0.105248  0.508109
0.0168018 -0.105222  0.508051
0.0167984 -0.105193  0.507988
0.0167947 -0.105161   0.50792
0.0167907 -0.105128  0.507846
0.0167865 -0.105092  0.507768
 0.016782 -0.105054  0.507684
0.0167772 -0.105013  0.507596
0.0167722  -0.10497  0.507502
0.0167669 -0.104925  0.507404
0.0167613 -0.104877    0.5073
0.0167493 -0.104775  0.507078
0.0167429 -0.104721  0.506959
0.0167362 -0.104664  0.506835
0.0167293 -0.104605  0.506706
 0.016722 -0.104543  0.506572
0.0167146  -0.10448  0.506434
0.0167068 -0.104414  0.506289
0.0166988 -0.104345   0.50614
0.0166905 -0.104275  0.505986
0.0166819 -0.104202  0.505827
 0.016673 -0.104126  0.505662
0.0166639 -0.104049  0.505493
0.0166545 -0.103969   0.50532
0.0166448 -0.103886  0.505139
0.0166349 -0.103802  0.504955
0.0166246 -0.103715  0.504765
0.0166141 -0.103625  0.504571
0.0166034 -0.103534  0.504371
0.0165923  -0.10344  0.504166
 0.016581 -0.103344  0.503956
0.0165694 -0.103245  0.503742
0.0165576 -0.103144  0.503522
0.0165455 -0.103041  0.503297
0.0165331 -0.102936  0.503067
0.0165204 -0.102828  0.502832
0.0165075 -0.102718  0.502592
0.0164943 -0.102606  0.502347
0.0164808 -0.102491  0.502097
 0.016467 -0.102374  0.501842
 0.016453 -0.102254  0.501581
0.0164387 -0.102133  0.501316
0.0164241 -0.102008  0.501045
0.0164092 -0.101882   0.50077
0.0163941 -0.101753  0.500489
0.0163787 -0.101622  0.500204
0.0163631 -0.101489  0.499913
0.0163471 -0.101353  0.499617
0.0163309 -0.101215  0.499316
0.0163144 -0.101075  0.499011
0.0162977 -0.100933    0.4987
0.0162806 -0.100788  0.498384
0.0162633  -0.10064  0.498063
0.0162457 -0.100491  0.497736
0.0162279 -0.100339  0.497405
0.0162097 -0.100185  0.497069
0.0161913 -0.100028  0.496728
 0.0161727 -0.0998693   0.496381
 0.0161537 -0.0997081    0.49603
 0.0161345 -0.0995446   0.495673
  0.016115 -0.0993788   0.495312
 0.0160953 -0.0992106   0.494945
 0.0160752 -0.0990398   0.494573
 0.0160549 -0.0988672   0.494196
 0.0160343 -0.0986921   0.493815
 0.0160135 -0.0985147   0.493428
0.0159924 -0.098335  0.493036
 0.015971 -0.098153  0.492639
 0.0159493 -0.0979687   0.492237
0.0159274 -0.097782   0.49183
 0.0159051 -0.0975931   0.491419
 0.0158827 -0.0974018   0.491001
 0.0158599 -0.0972082   0.490579
 0.0158369 -0.0970122   0.490152
 0.0158136 -0.0968137   0.489719
   0.01579 -0.0966131   0.489282
 0.0157661 -0.0964103    0.48884
 0.0157421 -0.0962059   0.488394
 0.0157177 -0.0959984   0.487942
 0.0156931 -0.0957885   0.487484
 0.0156681 -0.0955763   0.487021
 0.0156429 -0.0953618   0.486554
0.0156174 -0.095145  0.486081
 0.0155917 -0.0949259   0.485603
 0.0155656 -0.0947044    0.48512
 0.0155394 -0.0944814   0.484634
 0.0155134 -0.0942603   0.484152
 0.0154877 -0.0940416   0.483675
 0.0154623 -0.0938252   0.483203
 0.0154371 -0.0936111   0.482737
 0.0154122 -0.0933992   0.482275
 0.0153876 -0.0931895   0.481818
 0.0153632 -0.0929824   0.481366
 0.0153392 -0.0927776   0.480919
0.0153154 -0.092575  0.480478
 0.0152918 -0.0923746   0.480041
 0.0152685 -0.0921767   0.479609
 0.0152456 -0.0919811   0.479183
 0.0152229 -0.0917879   0.478762
 0.0152004 -0.0915969   0.478345
 0.0151782 -0.0914083   0.477934
0.0151563 -0.091222  0.477528
 0.0151347 -0.0910379   0.477126
 0.0151134 -0.0908562    0.47673
 0.0150923 -0.0906769   0.476339
 0.0150715 -0.0904999   0.475954
 0.0150509 -0.0903252   0.475573
 0.0150307 -0.0901529   0.475197
 0.0150107 -0.0899828   0.474826
  0.014991 -0.0898151    0.47446
 0.0149715 -0.0896497     0.4741
 0.0149524 -0.0894866   0.473744
 0.0149335 -0.0893258   0.473394
 0.0149149 -0.0891673   0.473048
 0.0148965 -0.0890112   0.472708
 0.0148784 -0.0888574   0.472372
 0.0148606 -0.0887059   0.472042
 0.0148431 -0.0885567   0.471717
 0.0148258 -0.0884098   0.471397
 0.0148088 -0.0882653   0.471081
 0.0147921 -0.0881229   0.470771
0.0147757 -0.087983  0.470466
 0.0147595 -0.0878454   0.470166
 0.0147436 -0.0877102   0.469871
  0.014728 -0.0875772   0.469581
 0.0147126 -0.0874466   0.469296
 0.0146975 -0.0873182   0.469017
 0.0146827 -0.0871922   0.468742
 0.0146682 -0.0870686   0.468472
 0.0146539 -0.0869471   0.468207
 0.0146399 -0.0868278   0.467947
 0.0146262 -0.0867111   0.467693
 0.0146127 -0.0865966   0.467443
 0.0145995 -0.0864845   0.467199
 0.0145866 -0.0863748   0.466959
  0.014574 -0.0862673   0.466725
 0.0145617 -0.0861622   0.466496
 0.0145496 -0.0860594   0.466272
0.0145378 -0.085959  0.466053
 0.0145262 -0.0858608   0.465839
 0.014515 -0.085765   0.46563
  0.014504 -0.0856715   0.465426
 0.0144933 -0.0855807   0.465228
 0.0144828 -0.0854917   0.465034
 0.0144727 -0.0854051   0.464845
 0.0144628 -0.0853208   0.464661
 0.0144531 -0.0852388   0.464483
 0.0144438 -0.0851592   0.464309
 0.0144347 -0.0850819   0.464141
0.0144259 -0.085007  0.463977
 0.0144173 -0.0849343   0.463819
0.0144091 -0.084864  0.463666
 0.0144011 -0.0847959   0.463517
 0.0143933 -0.0847302   0.463374
 0.0143859 -0.0846668   0.463236
 0.0143787 -0.0846058   0.463103
0.0143718 -0.084547  0.462975
 0.0143652 -0.0844906   0.462852
 0.0143588 -0.0844365   0.462734
 0.0143527 -0.0843848   0.462621
 0.0143469 -0.0843354   0.462513
 0.0143414 -0.0842882    0.46241
 0.0143361 -0.0842433   0.462312
 0.0143311 -0.0842008    0.46222
 0.0143264 -0.0841606   0.462132
 0.0143219 -0.0841227   0.462049
 0.0143178 -0.0840872   0.461972
0.0143139 -0.084054    0.4619
 0.0143102 -0.0840231   0.461832
 0.0143069 -0.0839945    0.46177
 0.0143038 -0.0839682   0.461713
  0.014301 -0.0839443    0.46166
  0.014301 -0.0839443    0.46166
  0.014301 -0.0839443    0.46166
 0.0142957 -0.0838993   0.461562
 0.0142937 -0.0838828   0.461526
 0.0142921 -0.0838687   0.461496
 0.0142907 -0.0838569    0.46147
 0.0142896 -0.0838474   0.461449
 0.0142888 -0.0838403   0.461434
 0.0142882 -0.0838355   0.461423
0.0142879 -0.083833  0.461418
 0.0142878 -0.0838326   0.461417
 0.0142878 -0.0838326   0.461417
 0.0142878 -0.0838326   0.461417
 0.0142878 -0.0838326   0.461417
 0.0142878 -0.0838326   0.461417
 0.0142878 -0.0838326   0.461417
 0.0142878 -0.0838326   0.461417
 0.0142878 -0.0838326   0.461417
 0.0142878 -0.0838326   0.461417
 0.0142878 -0.0838326   0.461417
 0.0142878 -0.0838326   0.461417
 0.0142878 -0.0838326   0.461417
 0.0142878 -0.0838326   0.461417
 0.0142878 -0.0838326   0.461417
 0.0142878 -0.0838326   0.461417
 0.0142878 -0.0838326   0.461417
 0.0142878 -0.0838326   0.461417
 0.0142878 -0.0838326   0.461417
 0.0142878 -0.0838326   0.461417
 0.0142878 -0.0838326   0.461417
 0.0142878 -0.0838326   0.461417
 0.0142878 -0.0838326   0.461417
 0.0142878 -0.0838326   0.461417
 0.0142878 -0.0838326   0.461417
 0.0142878 -0.0838326   0.461417
 0.0142878 -0.0838326   0.461417
 0.0142878 -0.0838326   0.461417
 0.0142878 -0.0838326   0.461417
 0.0142878 -0.0838326   0.461417
 0.0142878 -0.0838326   0.461417
 0.0142878 -0.0838326   0.461417
 0.0142878 -0.0838326   0.461417
 0.0142878 -0.0838326   0.461417
 0.0142878 -0.0838326   0.461417
 0.0142878 -0.0838326   0.461417
 0.0142878 -0.0838326   0.461417
 0.0142878 -0.0838326   0.461417
 0.0142878 -0.0838326   0.461417
 0.0142878 -0.0838326   0.461417
 0.0142878 -0.0838326   0.461417
 0.0142878 -0.0838326   0.461417
 0.0142878 -0.0838326   0.461417
 0.0142878 -0.0838326   0.461417
 0.0142878 -0.0838326   0.461417
 0.0142878 -0.0838326   0.461417
 0.0142878 -0.0838326   0.461417
 0.0142878 -0.0838326   0.461417
 0.0142878 -0.0838326   0.461417
 0.0142878 -0.0838326   0.461417
 0.0142878 -0.0838326   0.461417
 0.0142878 -0.0838326   0.461417
 0.0142878 -0.0838326   0.461417
 0.0142878 -0.0838326   0.461417
 0.0142878 -0.0838326   0.461417
 0.0142878 -0.0838326   0.461417
 0.0142878 -0.0838326   0.461417
 0.0142878 -0.0838326   0.461417
 0.0142878 -0.0838326   0.461417
 0.0142878 -0.0838326   0.461417
 0.0142878 -0.0838326   0.461417
 0.0142878 -0.0838326   0.461417
 0.0142878 -0.0838326   0.461417
 0.0142878 -0.0838326   0.461417
 0.0142878 -0.0838326   0.461417
 0.0142878 -0.0838326   0.461417
 0.0142878 -0.0838326   0.461417
 0.0142878 -0.0838326   0.461417
 0.0142878 -0.0838326   0.461417
 0.0142878 -0.0838326   0.461417
 0.0142878 -0.0838326   0.461417
 0.0142878 -0.0838326   0.461417
 0.0142878 -0.0838326   0.461417
 0.0142878 -0.0838326   0.461417
 0.0142878 -0.0838326   0.461417
 0.0142878 -0.0838326   0.461417
 0.0142878 -0.0838326   0.461417
 0.0142878 -0.0838326   0.461417
 0.0142878 -0.0838326   0.461417
 0.0142878 -0.0838326   0.461417
 0.0142878 -0.0838326   0.461417
 0.0142878 -0.0838326   0.461417
 0.0142878 -0.0838326   0.461417
 0.0142878 -0.0838326   0.461417
 0.0142878 -0.0838326   0.461417
 0.0142878 -0.0838326   0.461417
 0.0142878 -0.0838326   0.461417
 0.0142878 -0.0838326   0.461417
 0.0142878 -0.0838326   0.461417
 0.0142878 -0.0838326   0.461417
 0.0142878 -0.0838326   0.461417
 0.0142878 -0.0838326   0.461417
 0.0142878 -0.0838326   0.461417
 0.0142878 -0.0838326   0.461417
 0.0142878 -0.0838326   0.461417
 0.0142878 -0.0838326   0.461417
 0.0142878 -0.0838326   0.461417
 0.0142878 -0.0838326   0.461417
 0.0142878 -0.0838326   0.461417
 0.0142878 -0.0838326   0.461417
 0.0142878 -0.0838326   0.461417
 0.0142878 -0.0838326   0.461417
 0.0142878 -0.0838326   0.461417
 0.0142878 -0.0838326   0.461417
 0.0142878 -0.0838326   0.461417
 0.0142878 -0.0838326   0.461417
 0.0142878 -0.0838326   0.461417
 0.0142878 -0.0838326   0.461417
 0.0142878 -0.0838326   0.461417
 0.0142878 -0.0838326   0.461417
 0.0142878 -0.0838326   0.461417
 0.0142878 -0.0838326   0.461417
 0.0142878 -0.0838326   0.461417
 0.0142878 -0.0838326   0.461417
 0.0142878 -0.0838326   0.461417
 0.0142878 -0.0838326   0.461417
 0.0142878 -0.0838326   0.461417
 0.0142878 -0.0838326   0.461417
 0.0142878 -0.0838326   0.461417
 0.0142878 -0.0838326   0.461417
 0.0142878 -0.0838326   0.461417
 0.0142878 -0.0838326   0.461417
 0.0142878 -0.0838326   0.461417
 0.0142878 -0.0838326   0.461417
 0.0142878 -0.0838326   0.461417
 0.0142878 -0.0838326   0.461417
 0.0142878 -0.0838326   0.461417
 0.0142878 -0.0838326   0.461417
 0.0142878 -0.0838326   0.461417
 0.0142878 -0.0838326   0.461417
 0.0142878 -0.0838326   0.461417
 0.0142878 -0.0838326   0.461417
 0.0142878 -0.0838326   0.461417
 0.0142878 -0.0838326   0.461417
 0.0142878 -0.0838326   0.461417
 0.0142878 -0.0838326   0.461417
 0.0142878 -0.0838326   0.461417
 0.0142878 -0.0838326   0.461417
 0.0142878 -0.0838326   0.461417
 0.0142878 -0.0838326   0.461417
 0.0142878 -0.0838326   0.461417
 0.0142878 -0.0838326   0.461417
 0.0142878 -0.0838326   0.461417
 0.0142878 -0.0838326   0.461417
 0.0142878 -0.0838326   0.461417
 0.0142878 -0.0838326   0.461417
 0.0142878 -0.0838326   0.461417
 0.0142878 -0.0838326   0.461417
 0.0142878 -0.0838326   0.461417
 0.0142878 -0.0838326   0.461417
 0.0142878 -0.0838326   0.461417
 0.0142878 -0.0838326   0.461417
 0.0142878 -0.0838326   0.461417
 0.0142878 -0.0838326   0.461417
 0.0142878 -0.0838326   0.461417
 0.0142878 -0.0838326   0.461417
 0.0142878 -0.0838326   0.461417
 0.0142878 -0.0838326   0.461417
 0.0142878 -0.0838326   0.461417
 0.0142878 -0.0838326   0.461417
 0.0142878 -0.0838326   0.461417
 0.0142878 -0.0838326   0.461417
 0.0142878 -0.0838326   0.461417
 0.0142878 -0.0838326   0.461417
 0.0142878 -0.0838326   0.461417
 0.0142878 -0.0838326   0.461417
 0.0142878 -0.0838326   0.461417
 0.0142878 -0.0838326   0.461417
 0.0142878 -0.0838326   0.461417
 0.0142878 -0.0838326   0.461417
 0.0142878 -0.0838326   0.461417
 0.0142878 -0.0838326   0.461417
 0.0142878 -0.0838326   0.461417
 0.0142878 -0.0838326   0.461417
 0.0142878 -0.0838326   0.461417
 0.0142878 -0.0838326   0.461417
 0.0142878 -0.0838326   0.461417
 0.0142878 -0.0838326   0.461417
 0.0142878 -0.0838326   0.461417
 0.0142878 -0.0838326   0.461417
 0.0142878 -0.0838326   0.461417
 0.0142878 -0.0838326   0.461417
 0.0142878 -0.0838326   0.461417
 0.0142878 -0.0838326   0.461417
 0.0142878 -0.0838326   0.461417
 0.0142878 -0.0838326   0.461417
 0.0142878 -0.0838326   0.461417
 0.0142878 -0.0838326   0.461417
 0.0142878 -0.0838326   0.461417
 0.0142878 -0.0838326   0.461417
 0.0142878 -0.0838326   0.461417
 0.0142878 -0.0838326   0.461417
 0.0142878 -0.0838326   0.461417
 0.0142878 -0.0838326   0.461417
 0.0142878 -0.0838326   0.461417
 0.0142878 -0.0838326   0.461417
 0.0142878 -0.0838326   0.461417
 0.0142878 -0.0838326   0.461417
 0.0142878 -0.0838326   0.461417
 0.0142878 -0.0838326   0.461417
 0.0142878 -0.0838326   0.461417
 0.0142878 -0.0838326   0.461417
 0.0142878 -0.0838326   0.461417
 0.0142878 -0.0838326   0.461417
 0.0142878 -0.0838326   0.461417
 0.0142878 -0.0838326   0.461417
 0.0142878 -0.0838326   0.461417
 0.0142878 -0.0838326   0.461417
 0.0142878 -0.0838326   0.461417
 0.0142878 -0.0838326   0.461417
 0.0142878 -0.0838326   0.461417
 0.0142878 -0.0838326   0.461417
 0.0142878 -0.0838326   0.461417
 0.0142878 -0.0838326   0.461417
 0.0142878 -0.0838326   0.461417
 0.0142878 -0.0838326   0.461417
 0.0142878 -0.0838326   0.461417
 0.0142878 -0.0838326   0.461417
 0.0142878 -0.0838326   0.461417
 0.0142878 -0.0838326   0.461417
 0.0142878 -0.0838326   0.461417
 0.0142878 -0.0838326   0.461417
 0.0142878 -0.0838326   0.461417
 0.0142878 -0.0838326   0.461417
 0.0142878 -0.0838326   0.461417
 0.0142878 -0.0838326   0.461417
 0.0142878 -0.0838326   0.461417
 0.0142878 -0.0838326   0.461417
 0.0142878 -0.0838326   0.461417
 0.0142878 -0.0838326   0.461417
 0.0142878 -0.0838326   0.461417
 0.0142878 -0.0838326   0.461417
 0.0142878 -0.0838326   0.461417
 0.0142878 -0.0838326   0.461417
 0.0142878 -0.0838326   0.461417
 0.0142878 -0.0838326   0.461417
 0.0142878 -0.0838326   0.461417
 0.0142878 -0.0838326   0.461417
 0.0142878 -0.0838326   0.461417
 0.0142878 -0.0838326   0.461417
 0.0142878 -0.0838326   0.461417
 0.0142878 -0.0838326   0.461417
 0.0142878 -0.0838326   0.461417
 0.0142878 -0.0838326   0.461417
 0.0142878 -0.0838326   0.461417
 0.0142878 -0.0838326   0.461417
 0.0142878 -0.0838326   0.461417
 0.0142878 -0.0838326   0.461417
 0.0142878 -0.0838326   0.461417
 0.0142878 -0.0838326   0.461417
 0.0142878 -0.0838326   0.461417
 0.0142878 -0.0838326   0.461417
 0.0142878 -0.0838326   0.461417
 0.0142878 -0.0838326   0.461417
 0.0142878 -0.0838326   0.461417
 0.0142878 -0.0838326   0.461417
 0.0142878 -0.0838326   0.461417
 0.0142878 -0.0838326   0.461417
 0.0142878 -0.0838326   0.461417
 0.0142878 -0.0838326   0.461417
 0.0142878 -0.0838326   0.461417
 0.0142878 -0.0838326   0.461417
 0.0142878 -0.0838326   0.461417
 0.0142878 -0.0838326   0.461417
 0.0142878 -0.0838326   0.461417
 0.0142878 -0.0838326   0.461417
 0.0142878 -0.0838326   0.461417
 0.0142878 -0.0838326   0.461417
 0.0142878 -0.0838326   0.461417
 0.0142878 -0.0838326   0.461417
 0.0142878 -0.0838326   0.461417
 0.0142878 -0.0838326   0.461417
 0.0142878 -0.0838326   0.461417
 0.0142878 -0.0838326   0.461417
 0.0142878 -0.0838326   0.461417
 0.0142878 -0.0838326   0.461417
 0.0142878 -0.0838326   0.461417
 0.0142878 -0.0838326   0.461417
 0.0142878 -0.0838326   0.461417
 0.0142878 -0.0838326   0.461417
 0.0142878 -0.0838326   0.461417
 0.0142878 -0.0838326   0.461417
 0.0142878 -0.0838326   0.461417
 0.0142878 -0.0838326   0.461417
 0.0142878 -0.0838326   0.461417
 0.0142878 -0.0838326   0.461417
 0.0142878 -0.0838326   0.461417
 0.0142878 -0.0838326   0.461417
 0.0142878 -0.0838326   0.461417
 0.0142878 -0.0838326   0.461417
 0.0142878 -0.0838326   0.461417
 0.0142878 -0.0838326   0.461417
 0.0142878 -0.0838326   0.461417
 0.0142878 -0.0838326   0.461417
 0.0142878 -0.0838326   0.461417
 0.0142878 -0.0838326   0.461417
 0.0142878 -0.0838326   0.461417
 0.0142878 -0.0838326   0.461417
 0.0142878 -0.0838326   0.461417
 0.0142878 -0.0838326   0.461417
 0.0142878 -0.0838326   0.461417
 0.0142878 -0.0838326   0.461417
 0.0142878 -0.0838326   0.461417
 0.0142878 -0.0838326   0.461417
 0.0142878 -0.0838326   0.461417
 0.0142878 -0.0838326   0.461417
 0.0142878 -0.0838326   0.461417
 0.0142878 -0.0838326   0.461417
 0.0142878 -0.0838326   0.461417
 0.0142878 -0.0838326   0.461417
 0.0142878 -0.0838326   0.461417
 0.0142878 -0.0838326   0.461417
 0.0142878 -0.0838326   0.461417
 0.0142878 -0.0838326   0.461417
 0.0142878 -0.0838326   0.461417
 0.0142878 -0.0838326   0.461417
 0.0142878 -0.0838326   0.461417
 0.0142878 -0.0838326   0.461417
 0.0142878 -0.0838326   0.461417
 0.0142878 -0.0838326   0.461417
 0.0142878 -0.0838326   0.461417
 0.0142878 -0.0838326   0.461417
 0.0142878 -0.0838326   0.461417
 0.0142878 -0.0838326   0.461417
 0.0142878 -0.0838326   0.461417
 0.0142878 -0.0838326   0.461417
 0.0142878 -0.0838326   0.461417
 0.0142878 -0.0838326   0.461417
 0.0142878 -0.0838326   0.461417
 0.0142878 -0.0838326   0.461417
 0.0142878 -0.0838326   0.461417
 0.0142878 -0.0838326   0.461417
 0.0142878 -0.0838326   0.461417
 0.0142878 -0.0838326   0.461417
 0.0142878 -0.0838326   0.461417
 0.0142878 -0.0838326   0.461417
 0.0142878 -0.0838326   0.461417
 0.0142878 -0.0838326   0.461417
 0.0142878 -0.0838326   0.461417
 0.0142878 -0.0838326   0.461417
 0.0142878 -0.0838326   0.461417
 0.0142878 -0.0838326   0.461417
 0.0142878 -0.0838326   0.461417
 0.0142878 -0.0838326   0.461417
 0.0142878 -0.0838326   0.461417
 0.0142878 -0.0838326   0.461417
 0.0142878 -0.0838326   0.461417
 0.0142878 -0.0838326   0.461417
 0.0142878 -0.0838326   0.461417
 0.0142878 -0.0838326   0.461417
 0.0142878 -0.0838326   0.461417
 0.0142878 -0.0838326   0.461417
 0.0142878 -0.0838326   0.461417
 0.0142878 -0.0838326   0.461417
 0.0142878 -0.0838326   0.461417
 0.0142878 -0.0838326   0.461417
 0.0142878 -0.0838326   0.461417
 0.0142878 -0.0838326   0.461417
 0.0142878 -0.0838326   0.461417
 0.0142878 -0.0838326   0.461417
 0.0142878 -0.0838326   0.461417
 0.0142878 -0.0838326   0.461417
 0.0142878 -0.0838326   0.461417
 0.0142878 -0.0838326   0.461417
 0.0142878 -0.0838326   0.461417
 0.0142878 -0.0838326   0.461417
 0.0142878 -0.0838326   0.461417
 0.0142878 -0.0838326   0.461417
 0.0142878 -0.0838326   0.461417
 0.0142878 -0.0838326   0.461417
 0.0142878 -0.0838326   0.461417
 0.0142878 -0.0838326   0.461417
 0.0142878 -0.0838326   0.461417
 0.0142878 -0.0838326   0.461417
 0.0142878 -0.0838326   0.461417
 0.0142878 -0.0838326   0.461417
 0.0142878 -0.0838326   0.461417
 0.0142878 -0.0838326   0.461417
 0.0142878 -0.0838326   0.461417
 0.0142878 -0.0838326   0.461417
 0.0142878 -0.0838326   0.461417
 0.0142878 -0.0838326   0.461417
 0.0142878 -0.0838326   0.461417
 0.0142878 -0.0838326   0.461417
 0.0142878 -0.0838326   0.461417
 0.0142878 -0.0838326   0.461417
 0.0142878 -0.0838326   0.461417
 0.0142878 -0.0838326   0.461417
 0.0142878 -0.0838326   0.461417
 0.0142878 -0.0838326   0.461417
 0.0142878 -0.0838326   0.461417
 0.0142878 -0.0838326   0.461417
