 0.269028 -0.326542  0.606615
 0.269016 -0.326547  0.606607
 0.269001 -0.326556  0.606597
 0.268982 -0.326567  0.606585
 0.268962 -0.326579  0.606577
0.268942 -0.32659  0.60657
 0.268925 -0.326603  0.606572
 0.268909 -0.326611   0.60657
 0.268896 -0.326619  0.606576
 0.268888 -0.326625  0.606586
0.268883 -0.32663 0.606601
0.268882 -0.32663  0.60662
 0.268883 -0.326629  0.606639
 0.268892 -0.326623  0.606665
 0.268902 -0.326614  0.606689
 0.268917 -0.326603  0.606717
 0.268936 -0.326587  0.606748
 0.268961 -0.326567   0.60678
 0.268989 -0.326541  0.606815
  0.26902 -0.326513  0.606849
 0.269057 -0.326479  0.606884
 0.269094 -0.326442  0.606917
 0.269136 -0.326401  0.606954
 0.269177 -0.326357  0.606982
 0.269222 -0.326309  0.607011
 0.269267 -0.326256  0.607036
 0.269313 -0.326202  0.607059
 0.269359 -0.326143  0.607083
 0.269406 -0.326082  0.607098
 0.269453 -0.326016  0.607117
0.269497 -0.32595 0.607126
0.269542 -0.32588  0.60713
 0.269585 -0.325808  0.607131
 0.269625 -0.325735  0.607124
0.269663 -0.32566 0.607116
   0.2697 -0.325582  0.607099
 0.269735 -0.325502  0.607076
0.269768 -0.32542 0.607051
 0.269798 -0.325335  0.607014
 0.269827 -0.325247  0.606978
 0.269856 -0.325157  0.606939
 0.269882 -0.325065  0.606893
0.269908 -0.32497 0.606838
0.269934 -0.32487 0.606782
 0.269958 -0.324769  0.606716
 0.269984 -0.324661  0.606652
 0.270008 -0.324552  0.606574
 0.270034 -0.324437  0.606497
 0.270062 -0.324318  0.606415
  0.27009 -0.324192  0.606328
 0.270121 -0.324061  0.606239
 0.270153 -0.323927  0.606141
 0.270189 -0.323784  0.606046
 0.270226 -0.323639  0.605939
 0.270266 -0.323484  0.605832
 0.270309 -0.323326  0.605721
 0.270355 -0.323159  0.605605
 0.270405 -0.322986  0.605489
 0.270457 -0.322808  0.605365
 0.270513 -0.322622  0.605242
 0.270571 -0.322432  0.605108
 0.270633 -0.322234  0.604975
 0.270697 -0.322032  0.604837
  0.27076 -0.321823  0.604687
 0.270829 -0.321607  0.604542
 0.270905 -0.321387  0.604399
 0.270979 -0.321161  0.604247
 0.271054 -0.320932  0.604086
 0.271132 -0.320695  0.603927
 0.271213 -0.320452  0.603737
 0.271292 -0.320207  0.603564
  0.27137 -0.319945  0.603374
  0.27145 -0.319692   0.60319
 0.271532 -0.319437  0.603002
 0.271612 -0.319176  0.602807
 0.271695 -0.318914   0.60261
 0.271775 -0.318646  0.602403
 0.271856 -0.318375  0.602193
 0.271938 -0.318103  0.601978
 0.272026 -0.317825  0.601771
 0.272108 -0.317546  0.601544
  0.27219 -0.317262  0.601312
 0.272272 -0.316974  0.601076
 0.272354 -0.316684  0.600828
 0.272438 -0.316388  0.600582
 0.272524 -0.316085  0.600293
 0.272605 -0.315748  0.600015
 0.27269 -0.31544 0.599744
 0.272776 -0.315125  0.599465
 0.272864 -0.314807  0.599182
 0.272952 -0.314481   0.59889
0.273044 -0.31415 0.598596
 0.273136 -0.313816  0.598288
  0.27323 -0.313474  0.597978
 0.273327 -0.313126  0.597661
 0.273426 -0.312774  0.597336
  0.27354 -0.312415  0.597033
 0.273644 -0.312049  0.596696
 0.273752 -0.311679  0.596355
 0.273861 -0.311301  0.596005
 0.273979 -0.310909  0.595613
 0.274093 -0.310521  0.595244
  0.27421 -0.310124  0.594873
  0.27433 -0.309721  0.594496
 0.274452 -0.309314  0.594109
 0.274567 -0.308868  0.593687
 0.274693 -0.308447  0.593285
 0.274821 -0.308021   0.59288
  0.27495 -0.307591  0.592462
 0.275081 -0.307155   0.59204
 0.275213 -0.306715  0.591611
 0.275347 -0.306271  0.591175
 0.275482 -0.305825  0.590734
 0.275618 -0.305376  0.590284
 0.275756 -0.304923  0.589833
 0.275893 -0.304471  0.589369
 0.276031 -0.304014  0.588903
 0.276171 -0.303557  0.588432
 0.276311 -0.303098  0.587955
 0.276452 -0.302641  0.587472
 0.276594 -0.302181  0.586984
 0.276736 -0.301721  0.586493
 0.276901 -0.301269  0.586042
 0.277046 -0.300811  0.585543
 0.277191 -0.300352  0.585033
 0.277337 -0.299892  0.584521
 0.277484 -0.299433  0.584005
 0.277632 -0.298973  0.583483
 0.277782 -0.298516  0.582958
 0.277932 -0.298057  0.582426
0.278088 -0.29759 0.581826
 0.278241 -0.297131  0.581284
 0.278383 -0.296619  0.580699
 0.27854 -0.29616 0.580152
   0.2787 -0.295701  0.579601
 0.278845 -0.295293  0.579101
 0.279008 -0.294835  0.578543
 0.279176 -0.294376  0.577987
 0.279345 -0.293918  0.577423
 0.279518 -0.293462  0.576861
 0.279694 -0.293003  0.576295
 0.279874 -0.292545  0.575727
 0.280058 -0.292086   0.57516
 0.280245 -0.291627  0.574587
 0.280436 -0.291166  0.574018
  0.28063 -0.290706  0.573445
 0.280861 -0.290262  0.572939
 0.281051 -0.289735  0.572231
 0.281257 -0.289273   0.57165
0.281466 -0.28881 0.571069
 0.281677 -0.288347  0.570487
 0.281891 -0.287886  0.569904
 0.282108 -0.287422  0.569316
 0.282328 -0.286962  0.568731
 0.282549 -0.286502  0.568142
 0.282772 -0.286043  0.567553
 0.282998 -0.285585  0.566966
0.283225 -0.28513 0.566377
 0.283454 -0.284676  0.565791
 0.283685 -0.284225  0.565203
 0.283918 -0.283776  0.564618
 0.284152 -0.283329   0.56403
 0.284389 -0.282884  0.563449
 0.284625 -0.282443  0.562861
 0.284866 -0.282001  0.562277
 0.285107 -0.281562  0.561695
 0.285352 -0.281123  0.561113
 0.285597 -0.280688  0.560534
 0.285846 -0.280251  0.559954
 0.286097 -0.279817  0.559379
  0.28635 -0.279381    0.5588
 0.286605 -0.278948  0.558225
 0.286864 -0.278513  0.557653
 0.287128 -0.278066  0.556998
 0.287415 -0.277605  0.556457
 0.287682 -0.277171   0.55589
 0.287953 -0.276735  0.555331
0.288225  -0.2763 0.554768
 0.288502 -0.275863  0.554216
  0.28878 -0.275428  0.553659
 0.289061 -0.274992   0.55311
 0.289345 -0.274556  0.552566
 0.289631 -0.274119  0.552026
 0.289921 -0.273684  0.551494
 0.290212 -0.273247  0.550962
 0.290505 -0.272812  0.550437
 0.290753 -0.272548  0.550698
 0.29106 -0.27208 0.550022
 0.291372 -0.271689   0.54956
 0.291664 -0.271213  0.549001
 0.291971 -0.270776  0.548498
 0.292279 -0.270338  0.547987
  0.29259 -0.269896  0.547479
 0.292905 -0.269452  0.546976
 0.293221 -0.269005  0.546471
 0.293549 -0.268594  0.546018
 0.293861 -0.268102  0.545464
 0.294184 -0.267646  0.544962
  0.29451 -0.267187  0.544461
 0.294837 -0.266726  0.543963
 0.295166 -0.266264  0.543471
0.295496  -0.2658  0.54298
 0.295828 -0.265336  0.542498
  0.29616 -0.264873  0.542017
 0.296494 -0.264411  0.541544
 0.296837 -0.263927  0.541018
 0.297172 -0.263469  0.540566
 0.297509 -0.263013  0.540126
 0.297844 -0.262561   0.53969
 0.298179 -0.262111  0.539265
 0.298514 -0.261665  0.538849
 0.298849 -0.261222  0.538442
 0.299183 -0.260783  0.538045
 0.299516 -0.260347  0.537654
 0.299849 -0.259915  0.537276
  0.30018 -0.259485  0.536898
 0.300511 -0.259059  0.536529
 0.300838 -0.258596  0.536131
 0.301194 -0.258188  0.535833
 0.301523 -0.257767  0.535485
  0.30185 -0.257347  0.535139
 0.302152 -0.256949  0.534785
 0.302477 -0.256529  0.534452
   0.3028 -0.256072  0.534082
 0.303149 -0.255664  0.533808
 0.303471 -0.255241  0.533482
 0.303794 -0.254816  0.533163
0.304115 -0.25439 0.532839
 0.304444 -0.253937  0.532478
 0.304764 -0.253506  0.532164
 0.305082 -0.253073  0.531851
 0.305399 -0.252638  0.531542
 0.305715 -0.252201  0.531231
 0.306029 -0.251762  0.530925
 0.306342 -0.251322   0.53062
 0.306654 -0.250854  0.530281
 0.306963 -0.250439   0.53002
0.307272 -0.24997 0.529685
 0.307578 -0.249528  0.529395
  0.30788 -0.249088  0.529102
  0.30818 -0.248648  0.528815
0.308478 -0.24821 0.528532
 0.308773 -0.247775  0.528252
 0.309066 -0.247342  0.527977
 0.309355 -0.246913  0.527702
  0.30966 -0.246497  0.527477
 0.309941 -0.246076  0.527209
  0.31022 -0.245658  0.526946
 0.310496 -0.245246  0.526692
 0.310768 -0.244838  0.526438
 0.311037 -0.244436  0.526193
 0.311309 -0.244018   0.52592
  0.31157 -0.243627  0.525679
 0.311828 -0.243242  0.525443
 0.312081 -0.242862   0.52521
 0.312331 -0.242487  0.524982
 0.312578 -0.242118  0.524755
 0.312822 -0.241754  0.524537
 0.313064 -0.241365  0.524285
 0.313301 -0.241011  0.524069
 0.313535 -0.240662  0.523858
 0.313766 -0.240317  0.523648
 0.313996 -0.239975  0.523443
 0.314222 -0.239639  0.523237
  0.31446 -0.239314  0.523066
 0.314681 -0.238984  0.522869
 0.314902 -0.238657  0.522674
  0.31512 -0.238333  0.522484
 0.315335 -0.238011  0.522293
 0.315555 -0.237676  0.522092
 0.315767 -0.237358  0.521903
 0.315978 -0.237043  0.521721
0.316187 -0.23673 0.521541
 0.316393 -0.236418  0.521362
 0.316599 -0.236107  0.521187
 0.316802 -0.235799   0.52101
 0.317003 -0.235492  0.520837
 0.317203 -0.235188  0.520666
   0.3174 -0.234885  0.520496
 0.317596 -0.234585   0.52033
 0.317788 -0.234288  0.520163
 0.317983 -0.233972  0.519976
 0.318171 -0.233681  0.519811
 0.318357 -0.233394   0.51965
 0.318541 -0.233111  0.519494
 0.318721 -0.232832  0.519338
 0.318899 -0.232557  0.519186
 0.319074 -0.232287  0.519034
 0.319245 -0.232023  0.518886
 0.319425 -0.231772  0.518761
 0.319594 -0.231508  0.518606
 0.319756 -0.231262  0.518466
 0.319915 -0.231021  0.518327
 0.320072 -0.230787  0.518194
 0.320224 -0.230559  0.518059
 0.320373 -0.230338  0.517928
  0.32052 -0.230124    0.5178
 0.320663 -0.229916  0.517674
 0.320803 -0.229716  0.517553
  0.32094 -0.229521   0.51743
 0.321075 -0.229332  0.517317
0.321206 -0.22915 0.517197
 0.321335 -0.228973  0.517083
 0.321461 -0.228801  0.516973
 0.321585 -0.228635  0.516863
 0.321708 -0.228473   0.51676
 0.321827 -0.228316  0.516651
 0.321945 -0.228163  0.516549
 0.322062 -0.228014  0.516449
0.322176 -0.22787  0.51635
  0.32229 -0.227728  0.516259
 0.322402 -0.227591   0.51616
 0.322512 -0.227456  0.516067
 0.322622 -0.227324  0.515979
  0.32273 -0.227195   0.51589
 0.322838 -0.227069  0.515808
 0.322943 -0.226947   0.51572
 0.323047 -0.226828  0.515638
 0.323151 -0.226711  0.515559
 0.323252 -0.226598   0.51548
 0.323353 -0.226488  0.515409
0.323454 -0.22636 0.515312
 0.323552 -0.226256  0.515239
  0.32364 -0.226156  0.515133
 0.323733 -0.226062  0.515066
 0.323836 -0.225968   0.51504
 0.323916 -0.225884  0.514939
 0.324016 -0.225796   0.51491
 0.324093 -0.225723  0.514821
  0.32419 -0.225638  0.514792
 0.324262 -0.225579  0.514714
 0.324344 -0.225513  0.514656
0.324424 -0.22545 0.514606
 0.324501 -0.225393  0.514556
 0.324595 -0.225316  0.514529
 0.324663 -0.225291  0.514483
 0.324728 -0.225236  0.514418
  0.3248 -0.22519 0.514374
 0.324872 -0.225146  0.514334
 0.324949 -0.225113  0.514306
 0.325019 -0.225073  0.514269
 0.325087 -0.225034  0.514227
 0.325154 -0.224998  0.514187
 0.325221 -0.224961  0.514149
 0.325309 -0.224887  0.514123
0.325352 -0.22489 0.514077
 0.325417 -0.224855  0.514036
  0.32548 -0.224821  0.513999
 0.325544 -0.224787  0.513964
 0.325607 -0.224752  0.513926
  0.32567 -0.224718  0.513894
 0.325754 -0.224643  0.513863
 0.325793 -0.224649  0.513819
 0.325854 -0.224616  0.513786
 0.325914 -0.224582  0.513751
 0.325975 -0.224549  0.513721
 0.326034 -0.224517  0.513684
 0.326115 -0.224446  0.513656
 0.326152 -0.224455  0.513622
 0.326209 -0.224426  0.513591
 0.326266 -0.224398  0.513565
0.326322 -0.22437 0.513533
 0.326377 -0.224345  0.513505
 0.326432 -0.224321  0.513479
 0.326486 -0.224298  0.513452
  0.32654 -0.224277  0.513431
 0.326592 -0.224259  0.513404
 0.326644 -0.224241   0.51338
0.326718 -0.22418 0.513353
 0.326744 -0.224213  0.513337
 0.326794 -0.224201   0.51332
 0.326842 -0.224192  0.513297
 0.326914 -0.224133  0.513268
 0.326962 -0.224125   0.51325
 0.327008 -0.224119  0.513231
0.327028 -0.22417 0.513229
 0.327073 -0.224168  0.513209
 0.327116 -0.224168  0.513193
  0.32716 -0.224169  0.513179
 0.327203 -0.224169  0.513163
 0.327246 -0.224171  0.513152
 0.327314 -0.224116   0.51312
 0.327329 -0.224176  0.513121
 0.327371 -0.224179  0.513109
 0.327414 -0.224171   0.51308
 0.327456 -0.224173  0.513071
 0.327524 -0.224116  0.513036
0.327536 -0.22418 0.513042
 0.327604 -0.224123  0.513012
0.327619 -0.22418 0.513018
 0.327661 -0.224179  0.513009
 0.327702 -0.224177  0.512993
 0.327744 -0.224173  0.512981
0.327786 -0.22417 0.512969
 0.327827 -0.224166  0.512957
 0.327869 -0.224163  0.512948
  0.32791 -0.224157  0.512933
 0.327951 -0.224152  0.512922
 0.327992 -0.224147  0.512912
 0.328033 -0.224141  0.512899
 0.328074 -0.224136  0.512891
0.328113 -0.22413 0.512877
 0.328158 -0.224131  0.512874
 0.328197 -0.224126  0.512863
 0.328236 -0.224121  0.512851
 0.328299 -0.224065  0.512819
 0.328337 -0.224061  0.512805
 0.328374 -0.224057  0.512794
 0.328387 -0.224109  0.512808
0.328422 -0.22411 0.512797
 0.328457 -0.224111  0.512789
 0.328492 -0.224113  0.512776
 0.328525 -0.224117  0.512766
  0.32856 -0.224108  0.512746
 0.328592 -0.224114  0.512736
 0.328622 -0.224127  0.512731
 0.328653 -0.224136   0.51272
 0.328683 -0.224145  0.512712
 0.328714 -0.224154  0.512703
 0.328745 -0.224164  0.512694
 0.328775 -0.224175   0.51269
 0.328805 -0.224185  0.512678
 0.328835 -0.224194  0.512671
 0.328866 -0.224204  0.512664
 0.328901 -0.224219  0.512663
 0.328932 -0.224228  0.512658
 0.328962 -0.224236   0.51265
 0.328994 -0.224243  0.512642
0.329026 -0.22425 0.512636
 0.329081 -0.224201  0.512597
 0.329089 -0.224262  0.512625
 0.329123 -0.224258  0.512604
 0.329155 -0.224263  0.512597
 0.329185 -0.224272  0.512594
 0.329217 -0.224276  0.512587
 0.329249 -0.224281  0.512591
 0.329281 -0.224284  0.512583
 0.329313 -0.224285  0.512575
 0.329345 -0.224287  0.512569
 0.329376 -0.224289  0.512562
0.329409 -0.22429 0.512557
  0.32944 -0.224292  0.512548
 0.329471 -0.224294  0.512541
 0.329502 -0.224296  0.512534
 0.329532 -0.224298  0.512526
 0.329563 -0.224301  0.512522
 0.329595 -0.224296    0.5125
 0.329622 -0.224306  0.512504
0.329651 -0.22431 0.512498
 0.329682 -0.224306  0.512478
 0.329711 -0.224311  0.512473
 0.329739 -0.224316  0.512463
 0.329765 -0.224327  0.512459
 0.329792 -0.224334  0.512453
 0.329819 -0.224341  0.512445
 0.329846 -0.224349  0.512441
 0.329872 -0.224358  0.512432
 0.329899 -0.224367  0.512425
 0.329925 -0.224376   0.51242
  0.32995 -0.224386  0.512413
 0.329977 -0.224395  0.512409
 0.330002 -0.224405  0.512401
 0.330027 -0.224415  0.512396
 0.330054 -0.224424   0.51239
 0.330079 -0.224434  0.512384
 0.330105 -0.224443  0.512381
 0.330131 -0.224452  0.512373
0.330157 -0.22446 0.512368
 0.330183 -0.224468  0.512364
  0.33023 -0.224424  0.512317
 0.330236 -0.224483  0.512354
 0.330262 -0.224489  0.512347
 0.330288 -0.224496  0.512342
 0.330336 -0.224451  0.512295
 0.330344 -0.224512  0.512335
 0.330399 -0.224463  0.512274
 0.33042 -0.22446 0.512275
 0.330446 -0.224465  0.512269
0.330473 -0.22447 0.512264
 0.330498 -0.224475  0.512259
 0.330504 -0.224533  0.512298
  0.33055 -0.224488  0.512249
 0.330552 -0.224551  0.512292
 0.330577 -0.224559  0.512289
 0.330602 -0.224566  0.512284
 0.330627 -0.224574  0.512282
 0.330651 -0.224583  0.512276
0.330676 -0.22459 0.512272
   0.3307 -0.224598  0.512268
 0.330725 -0.224606  0.512263
  0.33075 -0.224612   0.51226
 0.330774 -0.224619  0.512253
 0.330798 -0.224625  0.512248
 0.330824 -0.224629  0.512241
 0.330849 -0.224633  0.512235
 0.330874 -0.224636   0.51223
   0.3309 -0.224638   0.51222
0.330925 -0.22464 0.512213
 0.330951 -0.224641  0.512207
 0.330976 -0.224642  0.512199
 0.331002 -0.224643  0.512192
 0.331027 -0.224643  0.512183
 0.331069 -0.224601  0.512133
 0.331094 -0.224601  0.512125
 0.331119 -0.224602  0.512118
 0.331127 -0.224648  0.512156
 0.331153 -0.224644  0.512138
 0.331194 -0.224601  0.512087
 0.331201 -0.224661  0.512134
 0.331224 -0.224666  0.512128
 0.331247 -0.224672  0.512124
  0.33127 -0.224678  0.512117
 0.331293 -0.224686  0.512117
 0.331314 -0.224693  0.512109
 0.331337 -0.224702  0.512104
 0.331359 -0.224711  0.512101
  0.33138 -0.224719  0.512096
 0.331403 -0.224728  0.512096
 0.331424 -0.224737  0.512088
 0.331446 -0.224745  0.512083
 0.331468 -0.224753  0.512079
 0.33149 -0.22476 0.512072
 0.331515 -0.224755  0.512064
 0.331537 -0.224761  0.512055
 0.331578 -0.224821  0.512087
0.331599 -0.22482 0.512076
 0.331622 -0.224834  0.512081
 0.331644 -0.224838  0.512071
0.331668 -0.22484 0.512063
 0.331691 -0.224842  0.512057
 0.331714 -0.224843  0.512049
 0.331738 -0.224843  0.512044
 0.331761 -0.224843  0.512032
 0.331784 -0.224842  0.512024
0.331807 -0.22484 0.512016
 0.331831 -0.224837  0.512005
 0.331854 -0.224835     0.512
 0.331877 -0.224832  0.511988
  0.3319 -0.22483 0.511978
 0.331923 -0.224827   0.51197
 0.331949 -0.224819   0.51195
 0.331971 -0.224818  0.511945
 0.331993 -0.224816  0.511933
 0.332016 -0.224816  0.511924
 0.332038 -0.224817  0.511917
  0.33206 -0.224818  0.511909
 0.332082 -0.224821  0.511905
 0.332103 -0.224824  0.511896
0.332123 -0.22483  0.51189
 0.332144 -0.224835  0.511884
 0.332165 -0.224842  0.511878
 0.332185 -0.224849  0.511877
 0.332206 -0.224857  0.511869
 0.332225 -0.224866  0.511865
0.332247 -0.22488 0.511865
0.332267 -0.22489 0.511859
0.332287  -0.2249 0.511859
 0.332305 -0.224906  0.511851
0.332326 -0.22492  0.51185
0.332347 -0.22493 0.511847
 0.332364 -0.224939  0.511846
 0.332385 -0.224953  0.511848
 0.332406 -0.224961  0.511842
0.332426 -0.22497 0.511838
 0.332447 -0.224977  0.511836
 0.332468 -0.224983  0.511831
  0.33249 -0.224989   0.51183
 0.332511 -0.224993  0.511823
 0.332533 -0.224996  0.511818
 0.332555 -0.224999  0.511814
 0.332577 -0.225001  0.511809
   0.3326 -0.225002  0.511806
 0.332621 -0.225002  0.511798
 0.332644 -0.225002  0.511793
 0.332666 -0.225001  0.511788
0.332689   -0.225  0.51178
 0.332711 -0.224999  0.511778
 0.332733 -0.224997  0.511769
 0.332759 -0.224989  0.511758
 0.332781 -0.224987  0.511752
 0.332802 -0.224989   0.51175
 0.332824 -0.224989  0.511746
 0.332845 -0.224988  0.511737
 0.332866 -0.224988  0.511731
 0.332887 -0.224989  0.511725
