 0.269491 -0.328216  0.603632
 0.269035 -0.326537  0.606623
 0.269038 -0.326535   0.60662
 0.269044 -0.326528  0.606613
 0.269055 -0.326517    0.6066
  0.26907 -0.326501  0.606582
0.269089 -0.32648  0.60656
 0.269113 -0.326455  0.606532
 0.269141 -0.326425  0.606499
 0.269173 -0.326391  0.606461
  0.26921 -0.326352  0.606418
 0.269251 -0.326308   0.60637
0.269296 -0.32626 0.606317
 0.269346 -0.326208  0.606259
   0.2694 -0.326151  0.606196
 0.269458 -0.326089  0.606127
 0.269521 -0.326022  0.606054
 0.269588 -0.325951  0.605976
 0.269659 -0.325876  0.605892
 0.269734 -0.325796  0.605804
 0.269814 -0.325711   0.60571
 0.269898 -0.325622  0.605612
 0.269987 -0.325528  0.605508
0.270079 -0.32543 0.605399
 0.270176 -0.325327  0.605285
 0.270278 -0.325219  0.605167
 0.270383 -0.325107  0.605043
0.270493 -0.32499 0.604914
 0.270608 -0.324869   0.60478
 0.270726 -0.324743  0.604641
 0.270849 -0.324612  0.604497
 0.270976 -0.324477  0.604348
 0.271108 -0.324338  0.604193
 0.271244 -0.324194  0.604034
 0.271384 -0.324045   0.60387
 0.271529 -0.323892    0.6037
 0.271677 -0.323734  0.603526
  0.27183 -0.323571  0.603347
 0.271988 -0.323404  0.603163
 0.272149 -0.323233  0.602973
 0.272315 -0.323057  0.602778
 0.272486 -0.322876  0.602579
 0.27266 -0.32269 0.602374
 0.272839 -0.322501  0.602164
 0.273023 -0.322306  0.601949
  0.27321 -0.322107  0.601729
 0.273402 -0.321903  0.601504
 0.273598 -0.321695  0.601274
 0.273799 -0.321482  0.601039
 0.274004 -0.321265  0.600799
 0.274213 -0.321043  0.600554
 0.274426 -0.320816  0.600304
 0.274644 -0.320585  0.600049
 0.274866 -0.320349  0.599788
 0.275093 -0.320109  0.599523
 0.275323 -0.319864  0.599252
 0.275558 -0.319615  0.598977
 0.275798 -0.319361  0.598696
 0.276041 -0.319102  0.598411
 0.276289 -0.318839   0.59812
 0.276542 -0.318571  0.597824
 0.276798 -0.318299  0.597524
 0.277059 -0.318022  0.597218
0.277325 -0.31774 0.596907
 0.277594 -0.317454  0.596591
 0.277868 -0.317164   0.59627
 0.278146 -0.316869  0.595944
 0.278429 -0.316569  0.595613
 0.278715 -0.316264  0.595277
 0.279006 -0.315955  0.594935
 0.279302 -0.315642  0.594589
 0.279602 -0.315324  0.594238
 0.279906 -0.315001  0.593881
 0.280214 -0.314674   0.59352
 0.280527 -0.314342  0.593153
 0.280844 -0.314006  0.592782
 0.281164 -0.313666  0.592406
 0.28149 -0.31332 0.592024
 0.281819 -0.312971  0.591639
 0.282153 -0.312616  0.591247
 0.282492 -0.312257   0.59085
 0.282834 -0.311893  0.590448
 0.283182 -0.311525  0.590042
 0.283533 -0.311152   0.58963
 0.283889 -0.310774  0.589213
 0.284249 -0.310392  0.588791
0.284618    -0.31 0.588358
 0.284987 -0.309609  0.587926
  0.28536 -0.309213  0.587489
 0.285737 -0.308813  0.587046
 0.286119 -0.308407  0.586598
 0.286505 -0.307997  0.586146
 0.286896 -0.307583  0.585688
  0.28729 -0.307164  0.585226
 0.287689 -0.306741  0.584758
 0.288093 -0.306313  0.584285
  0.2885 -0.30588 0.583807
 0.288912 -0.305443  0.583325
 0.289328 -0.305001  0.582837
 0.289749 -0.304555  0.582344
 0.290174 -0.304104  0.581846
0.290602 -0.30365 0.581344
 0.291031 -0.303194  0.580841
  0.29146 -0.302739  0.580338
 0.291889 -0.302284  0.579835
 0.292318 -0.301829  0.579333
 0.292747 -0.301373   0.57883
 0.293176 -0.300918  0.578327
 0.293604 -0.300463  0.577825
 0.294033 -0.300008  0.577322
 0.294463 -0.299552  0.576818
 0.294892 -0.299097  0.576316
 0.295321 -0.298642  0.575813
  0.29575 -0.298186   0.57531
 0.296179 -0.297731  0.574807
 0.296608 -0.297276  0.574304
 0.297037 -0.296821  0.573802
 0.297466 -0.296366  0.573299
0.297894 -0.29591 0.572796
 0.298323 -0.295455  0.572293
0.298752   -0.295 0.571791
 0.299181 -0.294545  0.571288
  0.29961 -0.294089  0.570785
 0.300039 -0.293634  0.570282
 0.300468 -0.293179  0.569779
 0.300897 -0.292724  0.569277
 0.301326 -0.292269  0.568774
 0.301755 -0.291813  0.568271
 0.302184 -0.291358  0.567768
 0.302613 -0.290903  0.567265
 0.303042 -0.290448  0.566763
 0.303471 -0.289992   0.56626
   0.3039 -0.289537  0.565757
 0.304758 -0.288627  0.564752
 0.305187 -0.288171  0.564249
 0.305631 -0.287699  0.563727
 0.306061 -0.287244  0.563224
  0.30649 -0.286788  0.562721
 0.306919 -0.286333  0.562218
 0.307348 -0.285878  0.561715
 0.307777 -0.285422  0.561212
 0.308206 -0.284967   0.56071
 0.308635 -0.284512  0.560207
 0.309064 -0.284057  0.559704
 0.309493 -0.283601  0.559201
 0.309922 -0.283146  0.558698
 0.310351 -0.282691  0.558195
  0.31078 -0.282236  0.557693
0.311209 -0.28178  0.55719
 0.311638 -0.281325  0.556687
0.312067 -0.28087 0.556184
 0.312496 -0.280415  0.555682
 0.312925 -0.279959  0.555179
 0.313353 -0.279504  0.554676
 0.313782 -0.279049  0.554173
 0.314211 -0.278594  0.553671
  0.31464 -0.278139  0.553168
 0.315069 -0.277684  0.552665
 0.315498 -0.277229  0.552163
 0.315927 -0.276773   0.55166
 0.316356 -0.276318  0.551157
 0.316784 -0.275863  0.550654
 0.317213 -0.275408  0.550152
 0.317642 -0.274953  0.549649
 0.318071 -0.274498  0.549146
   0.3185 -0.274042  0.548644
 0.318929 -0.273587  0.548141
 0.319358 -0.273132  0.547638
 0.319787 -0.272677  0.547135
 0.320216 -0.272222  0.546633
 0.320644 -0.271767   0.54613
 0.321073 -0.271311  0.545627
 0.321502 -0.270856  0.545125
 0.321931 -0.270401  0.544622
  0.32236 -0.269946  0.544119
 0.322789 -0.269491  0.543616
 0.323219 -0.269035  0.543113
0.323647 -0.26858  0.54261
 0.324076 -0.268124  0.542107
 0.324505 -0.267669  0.541605
 0.324934 -0.267214  0.541102
 0.325363 -0.266759  0.540599
 0.325794 -0.266302  0.540094
 0.326223 -0.265846  0.539591
 0.326651 -0.265392  0.539089
  0.32708 -0.264937  0.538587
 0.327509 -0.264482  0.538084
 0.327938 -0.264026  0.537581
 0.328367 -0.263571  0.537078
 0.328796 -0.263116  0.536576
 0.329225 -0.262661  0.536073
 0.329654 -0.262206   0.53557
0.330082 -0.26175 0.535067
  0.33051 -0.261296  0.534566
 0.330939 -0.260841  0.534063
 0.331368 -0.260386   0.53356
0.331798 -0.25993 0.533057
 0.332227 -0.259475  0.532554
 0.332654 -0.259022  0.532054
 0.333083 -0.258566  0.531551
 0.333512 -0.258111  0.531048
  0.33394 -0.257656  0.530545
 0.33437  -0.2572 0.530041
 0.334799 -0.256745  0.529539
 0.335228 -0.256289  0.529036
 0.335657 -0.255834  0.528533
0.336085 -0.25538 0.528031
 0.336514 -0.254925  0.527529
 0.336943 -0.254469  0.527026
 0.337372 -0.254014  0.526523
 0.337801 -0.253559   0.52602
  0.33823 -0.253104  0.525517
 0.338659 -0.252648  0.525014
 0.339086 -0.252195  0.524514
 0.339509 -0.251746  0.524018
 0.339927 -0.251303  0.523528
 0.340341 -0.250863  0.523043
 0.340751 -0.250429  0.522563
 0.341156 -0.249998  0.522088
 0.341557 -0.249572  0.521617
 0.341954 -0.249151  0.521152
 0.342346 -0.248735  0.520692
 0.342735 -0.248323  0.520237
 0.343118 -0.247916  0.519788
   0.3435 -0.247511   0.51934
 0.343877 -0.247111  0.518898
 0.344248 -0.246717  0.518464
 0.344615 -0.246328  0.518034
 0.344977 -0.245944  0.517609
 0.345335 -0.245564   0.51719
 0.345688 -0.245189  0.516776
 0.346037 -0.244818  0.516366
 0.346382 -0.244452  0.515962
 0.346723 -0.244091  0.515563
 0.347059 -0.243734  0.515169
 0.347391 -0.243381  0.514779
 0.347719 -0.243034  0.514395
 0.348042 -0.242691  0.514016
 0.348361 -0.242352  0.513643
 0.348676 -0.242018  0.513274
 0.348986 -0.241689   0.51291
 0.349292 -0.241364  0.512551
 0.349594 -0.241044  0.512198
 0.349891 -0.240728  0.511849
 0.350184 -0.240417  0.511505
0.350473 -0.24011 0.511167
 0.350758 -0.239808  0.510833
 0.351038 -0.239511  0.510505
 0.351314 -0.239218  0.510181
0.351585 -0.23893 0.509863
 0.351853 -0.238646   0.50955
 0.352116 -0.238367  0.509242
 0.352374 -0.238093  0.508938
 0.352629 -0.237823   0.50864
 0.352879 -0.237558  0.508347
 0.353125 -0.237297  0.508059
0.353366 -0.23704 0.507776
 0.353603 -0.236789  0.507498
 0.353836 -0.236542  0.507226
0.354064  -0.2363 0.506958
 0.354288 -0.236062  0.506695
 0.354508 -0.235829  0.506437
0.354723  -0.2356 0.506185
 0.354935 -0.235376  0.505937
 0.355142 -0.235156  0.505695
 0.355344 -0.234941  0.505457
 0.355542 -0.234731  0.505225
 0.355736 -0.234525  0.504998
 0.355926 -0.234323  0.504775
 0.356112 -0.234127  0.504558
 0.356293 -0.233935  0.504346
 0.356469 -0.233747  0.504139
 0.356642 -0.233564  0.503936
  0.35681 -0.233386   0.50374
 0.356973 -0.233212  0.503548
 0.357132 -0.233043  0.503361
 0.357289 -0.232877  0.503178
  0.35744 -0.232717  0.503001
 0.357586 -0.232562  0.502829
 0.357728 -0.232411  0.502663
 0.357866 -0.232265  0.502501
    0.358 -0.232123  0.502345
 0.358129 -0.231986  0.502193
 0.358254 -0.231853  0.502047
 0.358374 -0.231725  0.501905
 0.358491 -0.231602  0.501769
 0.358603 -0.231483  0.501638
  0.35871 -0.231369  0.501512
 0.358814 -0.231259  0.501391
 0.358913 -0.231154  0.501274
 0.359007 -0.231053  0.501163
 0.359098 -0.230958  0.501058
 0.359184 -0.230866  0.500957
 0.359266 -0.230779  0.500861
 0.359343 -0.230697   0.50077
0.359416 -0.23062 0.500684
 0.359485 -0.230547  0.500604
 0.359549 -0.230478  0.500528
  0.35961 -0.230414  0.500458
 0.359666 -0.230355  0.500392
0.359717  -0.2303 0.500332
0.359764 -0.23025 0.500276
 0.359807 -0.230204  0.500226
 0.359846 -0.230164  0.500181
  0.35988 -0.230127   0.50014
  0.35991 -0.230095  0.500105
 0.359936 -0.230068  0.500075
 0.359957 -0.230045   0.50005
 0.359974 -0.230027   0.50003
 0.359987 -0.230014  0.500015
 0.359995 -0.230005  0.500005
    0.36    -0.23 0.500001
 0.36 -0.23   0.5
 0.36 -0.23   0.5
 0.36 -0.23   0.5
 0.36 -0.23   0.5
 0.36 -0.23   0.5
 0.36 -0.23   0.5
 0.36 -0.23   0.5
 0.36 -0.23   0.5
 0.36 -0.23   0.5
 0.36 -0.23   0.5
 0.36 -0.23   0.5
 0.36 -0.23   0.5
 0.36 -0.23   0.5
 0.36 -0.23   0.5
 0.36 -0.23   0.5
 0.36 -0.23   0.5
 0.36 -0.23   0.5
 0.36 -0.23   0.5
 0.36 -0.23   0.5
 0.36 -0.23   0.5
 0.36 -0.23   0.5
 0.36 -0.23   0.5
 0.36 -0.23   0.5
 0.36 -0.23   0.5
 0.36 -0.23   0.5
 0.36 -0.23   0.5
 0.36 -0.23   0.5
 0.36 -0.23   0.5
 0.36 -0.23   0.5
 0.36 -0.23   0.5
 0.36 -0.23   0.5
 0.36 -0.23   0.5
 0.36 -0.23   0.5
 0.36 -0.23   0.5
 0.36 -0.23   0.5
 0.36 -0.23   0.5
 0.36 -0.23   0.5
 0.36 -0.23   0.5
 0.36 -0.23   0.5
 0.36 -0.23   0.5
 0.36 -0.23   0.5
 0.36 -0.23   0.5
 0.36 -0.23   0.5
 0.36 -0.23   0.5
 0.36 -0.23   0.5
 0.36 -0.23   0.5
 0.36 -0.23   0.5
 0.36 -0.23   0.5
 0.36 -0.23   0.5
 0.36 -0.23   0.5
 0.36 -0.23   0.5
 0.36 -0.23   0.5
 0.36 -0.23   0.5
 0.36 -0.23   0.5
 0.36 -0.23   0.5
 0.36 -0.23   0.5
 0.36 -0.23   0.5
 0.36 -0.23   0.5
 0.36 -0.23   0.5
 0.36 -0.23   0.5
 0.36 -0.23   0.5
 0.36 -0.23   0.5
 0.36 -0.23   0.5
 0.36 -0.23   0.5
 0.36 -0.23   0.5
 0.36 -0.23   0.5
 0.36 -0.23   0.5
 0.36 -0.23   0.5
 0.36 -0.23   0.5
 0.36 -0.23   0.5
 0.36 -0.23   0.5
 0.36 -0.23   0.5
 0.36 -0.23   0.5
 0.36 -0.23   0.5
 0.36 -0.23   0.5
 0.36 -0.23   0.5
 0.36 -0.23   0.5
 0.36 -0.23   0.5
 0.36 -0.23   0.5
 0.36 -0.23   0.5
 0.36 -0.23   0.5
 0.36 -0.23   0.5
 0.36 -0.23   0.5
 0.36 -0.23   0.5
 0.36 -0.23   0.5
 0.36 -0.23   0.5
 0.36 -0.23   0.5
 0.36 -0.23   0.5
 0.36 -0.23   0.5
 0.36 -0.23   0.5
 0.36 -0.23   0.5
 0.36 -0.23   0.5
 0.36 -0.23   0.5
 0.36 -0.23   0.5
 0.36 -0.23   0.5
 0.36 -0.23   0.5
 0.36 -0.23   0.5
 0.36 -0.23   0.5
 0.36 -0.23   0.5
 0.36 -0.23   0.5
 0.36 -0.23   0.5
 0.36 -0.23   0.5
 0.36 -0.23   0.5
 0.36 -0.23   0.5
 0.36 -0.23   0.5
 0.36 -0.23   0.5
 0.36 -0.23   0.5
 0.36 -0.23   0.5
 0.36 -0.23   0.5
 0.36 -0.23   0.5
 0.36 -0.23   0.5
 0.36 -0.23   0.5
 0.36 -0.23   0.5
 0.36 -0.23   0.5
 0.36 -0.23   0.5
 0.36 -0.23   0.5
 0.36 -0.23   0.5
 0.36 -0.23   0.5
 0.36 -0.23   0.5
 0.36 -0.23   0.5
 0.36 -0.23   0.5
 0.36 -0.23   0.5
 0.36 -0.23   0.5
 0.36 -0.23   0.5
 0.36 -0.23   0.5
 0.36 -0.23   0.5
 0.36 -0.23   0.5
 0.36 -0.23   0.5
 0.36 -0.23   0.5
 0.36 -0.23   0.5
 0.36 -0.23   0.5
 0.36 -0.23   0.5
 0.36 -0.23   0.5
 0.36 -0.23   0.5
 0.36 -0.23   0.5
 0.36 -0.23   0.5
 0.36 -0.23   0.5
 0.36 -0.23   0.5
 0.36 -0.23   0.5
 0.36 -0.23   0.5
 0.36 -0.23   0.5
 0.36 -0.23   0.5
 0.36 -0.23   0.5
 0.36 -0.23   0.5
 0.36 -0.23   0.5
 0.36 -0.23   0.5
 0.36 -0.23   0.5
 0.36 -0.23   0.5
 0.36 -0.23   0.5
 0.36 -0.23   0.5
 0.36 -0.23   0.5
 0.36 -0.23   0.5
 0.36 -0.23   0.5
 0.36 -0.23   0.5
 0.36 -0.23   0.5
 0.36 -0.23   0.5
 0.36 -0.23   0.5
 0.36 -0.23   0.5
 0.36 -0.23   0.5
 0.36 -0.23   0.5
 0.36 -0.23   0.5
 0.36 -0.23   0.5
 0.36 -0.23   0.5
 0.36 -0.23   0.5
 0.36 -0.23   0.5
 0.36 -0.23   0.5
 0.36 -0.23   0.5
 0.36 -0.23   0.5
 0.36 -0.23   0.5
 0.36 -0.23   0.5
 0.36 -0.23   0.5
 0.36 -0.23   0.5
 0.36 -0.23   0.5
 0.36 -0.23   0.5
 0.36 -0.23   0.5
 0.36 -0.23   0.5
 0.36 -0.23   0.5
 0.36 -0.23   0.5
 0.36 -0.23   0.5
 0.36 -0.23   0.5
 0.36 -0.23   0.5
 0.36 -0.23   0.5
 0.36 -0.23   0.5
 0.36 -0.23   0.5
 0.36 -0.23   0.5
 0.36 -0.23   0.5
 0.36 -0.23   0.5
 0.36 -0.23   0.5
 0.36 -0.23   0.5
 0.36 -0.23   0.5
 0.36 -0.23   0.5
 0.36 -0.23   0.5
 0.36 -0.23   0.5
 0.36 -0.23   0.5
 0.36 -0.23   0.5
 0.36 -0.23   0.5
 0.36 -0.23   0.5
 0.36 -0.23   0.5
 0.36 -0.23   0.5
 0.36 -0.23   0.5
 0.36 -0.23   0.5
 0.36 -0.23   0.5
 0.36 -0.23   0.5
 0.36 -0.23   0.5
 0.36 -0.23   0.5
 0.36 -0.23   0.5
 0.36 -0.23   0.5
 0.36 -0.23   0.5
 0.36 -0.23   0.5
 0.36 -0.23   0.5
 0.36 -0.23   0.5
 0.36 -0.23   0.5
 0.36 -0.23   0.5
 0.36 -0.23   0.5
 0.36 -0.23   0.5
 0.36 -0.23   0.5
 0.36 -0.23   0.5
 0.36 -0.23   0.5
 0.36 -0.23   0.5
 0.36 -0.23   0.5
 0.36 -0.23   0.5
 0.36 -0.23   0.5
 0.36 -0.23   0.5
 0.36 -0.23   0.5
 0.36 -0.23   0.5
 0.36 -0.23   0.5
 0.36 -0.23   0.5
 0.36 -0.23   0.5
 0.36 -0.23   0.5
 0.36 -0.23   0.5
 0.36 -0.23   0.5
 0.36 -0.23   0.5
 0.36 -0.23   0.5
 0.36 -0.23   0.5
 0.36 -0.23   0.5
 0.36 -0.23   0.5
 0.36 -0.23   0.5
 0.36 -0.23   0.5
 0.36 -0.23   0.5
 0.36 -0.23   0.5
 0.36 -0.23   0.5
 0.36 -0.23   0.5
 0.36 -0.23   0.5
 0.36 -0.23   0.5
 0.36 -0.23   0.5
 0.36 -0.23   0.5
 0.36 -0.23   0.5
 0.36 -0.23   0.5
 0.36 -0.23   0.5
 0.36 -0.23   0.5
 0.36 -0.23   0.5
 0.36 -0.23   0.5
 0.36 -0.23   0.5
 0.36 -0.23   0.5
 0.36 -0.23   0.5
 0.36 -0.23   0.5
 0.36 -0.23   0.5
 0.36 -0.23   0.5
 0.36 -0.23   0.5
 0.36 -0.23   0.5
 0.36 -0.23   0.5
 0.36 -0.23   0.5
 0.36 -0.23   0.5
 0.36 -0.23   0.5
 0.36 -0.23   0.5
 0.36 -0.23   0.5
 0.36 -0.23   0.5
 0.36 -0.23   0.5
 0.36 -0.23   0.5
 0.36 -0.23   0.5
 0.36 -0.23   0.5
 0.36 -0.23   0.5
 0.36 -0.23   0.5
