5.96046e-06
0.00953102
0.019588
0.02966
0.039717
0.0497739
0.059833
0.0698991
0.079957
0.0900121
0.100067
0.110124
0.120184
0.13024
0.140296
0.150363
0.160419
0.170475
0.180532
0.190589
0.200646
0.210702
0.220759
0.230903
0.240957
0.251014
0.26107
0.271124
0.28118
0.29125
0.301304
0.311359
0.321415
0.33147
0.341525
0.351581
0.361636
0.371702
0.381757
0.391812
0.401867
0.411922
0.421977
0.432042
0.442099
0.452153
0.462209
0.472262
0.482317
0.492373
0.50244
0.512512
0.522569
0.532626
0.542683
0.552738
0.562793
0.572851
0.582907
0.592962
0.603018
0.61309
0.623162
0.633219
0.643275
0.653332
0.663389
0.673444
0.6835
0.69357
0.703625
0.713681
0.723738
0.733835
0.743891
0.753946
0.76404
0.774095
0.784151
0.794207
0.804261
0.814316
0.824375
0.83443
0.844489
0.854544
0.864632
0.874675
0.884731
0.894788
0.904848
0.914907
0.924964
0.935018
0.945075
0.955135
0.965204
0.975258
0.985313
0.99538
1.00543
1.01549
1.02555
1.0356
1.04565
1.05572
1.06577
1.07583
1.08589
1.09594
1.106
1.11606
1.12612
1.13618
1.14625
1.15631
1.16636
1.17642
1.18651
1.19657
1.20662
1.21668
1.22672
1.23679
1.24685
1.25691
1.26696
1.27701
1.28707
1.29713
1.3072
1.31725
1.32731
1.338
1.34807
1.35812
1.36819
1.37826
1.38831
1.39837
1.40842
1.41849
1.42855
1.4386
1.44866
1.45872
1.46878
1.47883
1.48889
1.49894
1.509
1.51906
1.52913
1.53919
1.54926
1.55932
1.56938
1.57943
1.58948
1.59955
1.60962
1.61969
1.62976
1.63981
1.64989
1.65994
1.67
1.68005
1.69012
1.70018
1.71025
1.7203
1.73036
1.74041
1.75047
1.76054
1.77059
1.78065
1.79073
1.80079
1.81084
1.8209
1.83096
1.84101
1.85107
1.86113
1.87118
1.88124
1.89131
1.90136
1.91143
1.92148
1.93154
1.94159
1.95165
1.9617
1.97176
1.98181
1.99187
2.00192
2.01198
2.02203
2.03209
2.04214
2.0522
2.06225
2.07232
2.08237
2.09243
2.10248
2.11254
2.12259
2.13265
2.1427
2.15276
2.16283
2.1729
2.18296
2.19303
2.20308
2.21315
2.22317
2.23322
2.24328
2.25335
2.26339
2.27345
2.2835
2.29357
2.30362
2.31368
2.32373
2.33379
2.34385
2.35391
2.36397
2.37402
2.38407
2.39413
2.40418
2.41424
2.42429
2.43435
2.4444
2.45446
2.46451
2.47457
2.48462
2.49468
2.50473
2.51479
2.52485
2.5349
2.54496
2.55501
2.56507
2.57512
2.58517
2.59523
2.60528
2.61534
2.62539
2.63545
2.6455
2.65556
2.66561
2.67567
2.68572
2.69578
2.70583
2.71589
2.72594
2.736
2.74605
2.75611
2.76616
2.77622
2.78627
2.79633
2.80638
2.81644
2.82649
2.83655
2.8466
2.85666
2.86673
2.87678
2.88684
2.89686
2.90691
2.91696
2.92702
2.93707
2.94713
2.95718
2.96724
2.97729
2.98734
2.9974
3.00745
3.01751
3.02756
3.03762
3.04767
3.05773
3.06779
3.07784
3.0879
3.09795
3.10801
3.11806
3.12811
3.13817
3.14823
3.15828
3.16834
3.17839
3.18845
3.1985
3.20856
3.21861
3.22867
3.23873
3.24879
3.25884
3.2689
3.27895
3.28903
3.29908
3.30914
3.31919
3.32925
3.3393
3.34936
3.35942
3.36947
3.37953
3.38959
3.39964
3.4097
3.41975
3.42981
3.43987
3.44992
3.45998
3.47004
3.48009
3.49015
3.50021
3.51026
3.52032
3.53038
3.54045
3.5505
3.56056
3.57061
3.58067
3.59072
3.60078
3.61083
3.62089
3.63094
3.641
3.65106
3.66111
3.67117
3.68122
3.69128
3.70134
3.71139
3.72146
3.73152
3.74158
3.75169
3.76179
3.77184
3.7819
3.79196
3.80202
3.81207
3.82212
3.83218
3.84224
3.85229
3.86242
3.87247
3.88251
3.89265
3.90271
3.91276
3.92282
3.93288
3.94294
3.95299
3.96305
3.97311
3.98316
3.99322
4.00327
4.01333
4.02338
4.03344
4.0435
4.05356
4.06365
4.07371
4.08377
4.09382
4.10389
4.11395
4.12402
4.13408
4.14415
4.15421
4.16426
4.17432
4.18438
4.19444
4.20449
4.21456
4.22462
4.23467
4.24473
4.25478
4.26484
4.27489
4.28497
4.29503
4.30508
4.31514
4.32518
4.33521
4.34528
4.35537
4.3654
4.37546
4.38551
4.39557
4.40562
4.41568
4.42572
4.43578
4.44584
4.45589
4.46601
4.47607
4.48612
4.49618
4.50624
4.51629
4.52637
4.53643
4.54648
4.55654
4.56659
4.57665
4.5867
4.59678
4.60683
4.6169
4.62701
4.63706
4.64712
4.65718
4.66723
4.67729
4.68735
4.69741
4.70749
4.71755
4.7276
4.73766
4.74771
4.75786
4.76792
4.77797
4.78803
4.79808
4.80814
4.8182
4.82825
4.83831
4.84837
4.85847
4.86854
4.8786
4.88865
4.89872
4.90877
4.91883
4.92888
4.93894
4.94899
4.95902
4.96908
4.97913
4.98919
4.99925
5.00931
5.01935
5.0294
5.03946
5.04952
5.05958
5.06963
5.07969
5.08975
5.09988
5.10996
5.12003
5.13008
5.14014
5.15021
5.16027
5.17038
5.18044
5.19049
5.20055
5.21059
5.22065
5.2307
5.24077
5.25082
5.26116
5.27121
5.28127
5.29132
5.30137
5.31143
5.32148
5.33154
5.34159
5.35165
5.36171
5.37176
5.38182
5.39187
5.40193
5.41199
5.42204
5.4321
5.44215
5.45221
5.46226
5.47232
5.48237
5.49243
5.50248
5.51254
5.52259
5.53265
5.54271
5.55276
5.56282
5.57287
5.58293
5.59298
5.60304
5.61309
5.62315
5.6332
5.64325
5.65331
5.66336
5.67342
5.68347
5.69353
5.70358
5.71364
5.72369
5.73375
5.7438
5.75381
5.76387
5.77392
5.78398
5.79404
5.8041
5.81415
5.8242
5.83426
5.84432
5.85437
5.86443
5.87449
