 0.269525 -0.328346  0.604948
 0.268991 -0.326678   0.60796
 0.268993 -0.326675  0.607958
    0.269 -0.326669   0.60795
  0.26901 -0.326657  0.607938
 0.269025 -0.326641   0.60792
 0.269044 -0.326621  0.607897
 0.269068 -0.326596  0.607869
 0.269096 -0.326567  0.607837
 0.269128 -0.326533  0.607799
 0.269164 -0.326494  0.607756
 0.269204 -0.326451  0.607708
 0.269249 -0.326404  0.607655
 0.269298 -0.326352  0.607596
 0.269351 -0.326295  0.607533
 0.269409 -0.326234  0.607465
  0.26947 -0.326168  0.607392
 0.269537 -0.326098  0.607313
 0.269607 -0.326024   0.60723
 0.269681 -0.325944  0.607142
  0.26976 -0.325861  0.607048
 0.269843 -0.325772   0.60695
0.269931 -0.32568 0.606846
 0.270022 -0.325582  0.606737
 0.270118 -0.325481  0.606624
 0.270218 -0.325374  0.606505
 0.270322 -0.325263  0.606381
 0.270431 -0.325148  0.606252
 0.270544 -0.325028  0.606118
 0.270661 -0.324903  0.605979
 0.270783 -0.324774  0.605835
 0.270908 -0.324641  0.605686
 0.271038 -0.324503  0.605532
0.271173 -0.32436 0.605372
 0.271311 -0.324213  0.605208
 0.271454 -0.324061  0.605039
 0.271601 -0.323905  0.604864
 0.271752 -0.323744  0.604685
 0.271908 -0.323579    0.6045
 0.272068 -0.323409  0.604311
 0.272232 -0.323235  0.604116
   0.2724 -0.323056  0.603917
 0.272573 -0.322873  0.603712
  0.27275 -0.322685  0.603502
 0.272931 -0.322493  0.603287
 0.273116 -0.322296  0.603067
 0.273306 -0.322094  0.602842
   0.2735 -0.321888  0.602612
 0.273698 -0.321677  0.602377
 0.273901 -0.321462  0.602136
 0.274107 -0.321243  0.601891
 0.274318 -0.321019  0.601641
0.274534 -0.32079 0.601386
 0.274753 -0.320557  0.601125
 0.274977 -0.320319   0.60086
 0.275205 -0.320077  0.600589
0.275437 -0.31983 0.600314
 0.275674 -0.319579  0.600033
 0.275915 -0.319323  0.599747
  0.27616 -0.319062  0.599457
 0.276409 -0.318798  0.599161
 0.276663 -0.318528   0.59886
 0.276921 -0.318254  0.598554
 0.277183 -0.317976  0.598243
 0.277448 -0.317694  0.597928
 0.277719 -0.317406  0.597607
 0.277994 -0.317114  0.597281
 0.278273 -0.316817  0.596949
 0.278557 -0.316516  0.596613
0.278845 -0.31621 0.596272
0.279137  -0.3159 0.595925
 0.279433 -0.315585  0.595573
 0.279734 -0.315266  0.595217
 0.280038 -0.314942  0.594856
 0.280347 -0.314614  0.594489
 0.280661 -0.314281  0.594117
 0.280978 -0.313944   0.59374
   0.2813 -0.313602  0.593359
 0.281626 -0.313256  0.592972
 0.281957 -0.312905   0.59258
 0.282291 -0.312549  0.592183
  0.28263 -0.312189  0.591781
 0.282974 -0.311824  0.591373
 0.283321 -0.311455  0.590961
 0.283673 -0.311081  0.590544
 0.284029 -0.310703  0.590122
 0.284389 -0.310321  0.589694
 0.284754 -0.309933  0.589262
 0.285122 -0.309542  0.588825
 0.285495 -0.309146  0.588382
 0.285872 -0.308745  0.587935
0.286254 -0.30834 0.587483
0.286639 -0.30793 0.587025
 0.287029 -0.307516  0.586562
 0.287424 -0.307097  0.586095
 0.287822 -0.306674  0.585622
 0.288225 -0.306246  0.585144
 0.288632 -0.305813  0.584661
 0.289043 -0.305376  0.584173
 0.289459 -0.304935   0.58368
 0.289879 -0.304489  0.583182
 0.290302 -0.304039   0.58268
 0.290726 -0.303589  0.582177
  0.29115 -0.303139  0.581675
 0.291573 -0.302689  0.581172
 0.291997 -0.302238  0.580669
 0.292421 -0.301788  0.580166
0.292843 -0.30134 0.579666
 0.293267 -0.300889  0.579163
 0.293691 -0.300439   0.57866
 0.294115 -0.299989  0.578157
 0.294539 -0.299539  0.577654
 0.294963 -0.299088  0.577151
 0.295387 -0.298638  0.576648
  0.29581 -0.298188  0.576146
 0.296234 -0.297737  0.575643
 0.296658 -0.297287   0.57514
 0.297082 -0.296837  0.574637
 0.297506 -0.296387  0.574134
  0.29793 -0.295936  0.573632
 0.298354 -0.295486  0.573129
 0.298778 -0.295036  0.572626
 0.299202 -0.294585  0.572123
 0.299625 -0.294135   0.57162
 0.300048 -0.293686  0.571119
 0.300472 -0.293236  0.570616
 0.300896 -0.292786  0.570113
  0.30132 -0.292335   0.56961
 0.301744 -0.291885  0.569107
 0.302167 -0.291435  0.568605
 0.302591 -0.290985  0.568102
 0.303015 -0.290534  0.567599
 0.303439 -0.290084  0.567096
 0.303863 -0.289634  0.566593
 0.304287 -0.289183   0.56609
 0.304711 -0.288733  0.565587
 0.305136 -0.288282  0.565084
 0.305559 -0.287832  0.564581
 0.305983 -0.287381  0.564078
 0.306407 -0.286931  0.563575
 0.306831 -0.286481  0.563072
0.307255 -0.28603 0.562569
0.307679 -0.28558 0.562066
0.308103 -0.28513 0.561564
 0.308527 -0.284679  0.561061
 0.308949 -0.284231   0.56056
0.309373 -0.28378 0.560057
0.309797 -0.28333 0.559554
0.310221 -0.28288 0.559051
 0.310645 -0.282429  0.558548
 0.311069 -0.281979  0.558045
 0.311493 -0.281529  0.557542
 0.311917 -0.281078  0.557039
 0.312341 -0.280628  0.556536
 0.312765 -0.280178  0.556034
 0.313188 -0.279727  0.555531
 0.313612 -0.279277  0.555028
 0.314036 -0.278827  0.554525
  0.31446 -0.278377  0.554022
 0.314884 -0.277926  0.553519
 0.315308 -0.277476  0.553017
 0.315732 -0.277026  0.552514
 0.316156 -0.276575  0.552011
  0.31658 -0.276125  0.551508
 0.317004 -0.275675  0.551005
 0.317428 -0.275224  0.550502
 0.317851 -0.274774  0.549999
 0.318275 -0.274324  0.549496
 0.318699 -0.273873  0.548994
 0.319545 -0.272975  0.547991
 0.319545 -0.272975  0.547991
 0.320393 -0.272074  0.546984
 0.320393 -0.272074  0.546984
 0.320817 -0.271624  0.546481
 0.321241 -0.271173  0.545979
 0.321665 -0.270723  0.545476
 0.322512 -0.269823   0.54447
 0.322936 -0.269373  0.543968
 0.322936 -0.269373  0.543968
  0.32336 -0.268922  0.543465
 0.324208 -0.268022  0.542459
 0.324631 -0.267572  0.541957
 0.324631 -0.267572  0.541957
 0.325055 -0.267121  0.541454
 0.325479 -0.266671  0.540951
 0.325903 -0.266221  0.540448
0.326327 -0.26577 0.539945
0.326751 -0.26532 0.539442
 0.327599 -0.264419  0.538436
 0.328023 -0.263969  0.537934
 0.328023 -0.263969  0.537934
 0.328447 -0.263519  0.537431
 0.328871 -0.263068  0.536928
 0.329295 -0.262618  0.536424
 0.329719 -0.262167  0.535921
 0.330143 -0.261717  0.535418
 0.330991 -0.260816  0.534413
 0.331414 -0.260366   0.53391
 0.331838 -0.259916  0.533407
 0.332262 -0.259465  0.532904
 0.332686 -0.259015  0.532401
  0.33311 -0.258565  0.531899
 0.333535 -0.258114  0.531395
 0.333959 -0.257663  0.530892
 0.333959 -0.257663  0.530892
 0.334383 -0.257213  0.530389
 0.335231 -0.256312  0.529383
 0.335656 -0.255861  0.528879
 0.335656 -0.255861  0.528879
 0.33608 -0.25541 0.528376
0.336504 -0.25496 0.527873
0.336928 -0.25451  0.52737
 0.337775 -0.253609  0.526364
 0.338199 -0.253159  0.525862
 0.338199 -0.253159  0.525862
 0.338623 -0.252708  0.525359
 0.339468 -0.251811  0.524357
 0.339884 -0.251369  0.523863
 0.340296 -0.250932  0.523375
 0.340703 -0.250499  0.522891
0.341107 -0.25007 0.522412
 0.341506 -0.249646  0.521939
 0.341901 -0.249226   0.52147
 0.342292 -0.248811  0.521007
0.342679  -0.2484 0.520548
 0.343062 -0.247994  0.520094
 0.343439 -0.247592  0.519645
 0.343813 -0.247195  0.519202
 0.344182 -0.246803  0.518764
 0.344547 -0.246415  0.518331
 0.344908 -0.246032  0.517903
 0.345265 -0.245653   0.51748
 0.345617 -0.245279  0.517062
 0.345965 -0.244909  0.516649
 0.346309 -0.244543  0.516241
 0.346649 -0.244183  0.515838
 0.346983 -0.243828  0.515442
 0.347314 -0.243476  0.515049
 0.347641 -0.243129  0.514661
 0.347963 -0.242786  0.514279
 0.348283 -0.242447    0.5139
 0.348597 -0.242114  0.513527
 0.348906 -0.241785   0.51316
0.349212 -0.24146 0.512798
0.349513 -0.24114  0.51244
  0.34981 -0.240825  0.512088
 0.350102 -0.240514  0.511741
 0.350391 -0.240208  0.511399
 0.350675 -0.239905  0.511061
 0.350955 -0.239608  0.510729
 0.351231 -0.239315  0.510402
 0.351502 -0.239027   0.51008
 0.351769 -0.238743  0.509764
 0.352033 -0.238463  0.509451
 0.352292 -0.238188  0.509144
 0.352546 -0.237918  0.508842
 0.352796 -0.237653  0.508546
 0.353041 -0.237392  0.508255
 0.353284 -0.237134  0.507967
 0.353521 -0.236882  0.507685
 0.353755 -0.236634  0.507408
 0.353984 -0.236391  0.507137
 0.354208 -0.236153  0.506871
 0.354428 -0.235919   0.50661
0.354644 -0.23569 0.506354
 0.354856 -0.235465  0.506103
 0.355065 -0.235243  0.505855
 0.355268 -0.235027  0.505614
 0.355466 -0.234816  0.505378
 0.355661 -0.234609  0.505147
 0.355851 -0.234407  0.504922
0.356037 -0.23421 0.504701
 0.356219 -0.234016  0.504485
 0.356396 -0.233829  0.504275
 0.356569 -0.233644   0.50407
 0.356738 -0.233465  0.503869
0.356903 -0.23329 0.503674
0.357063 -0.23312 0.503484
 0.357219 -0.232954  0.503299
 0.357371 -0.232793  0.503119
 0.357519 -0.232636  0.502944
 0.357662 -0.232484  0.502774
 0.357801 -0.232336  0.502609
 0.357936 -0.232193  0.502449
 0.358066 -0.232054  0.502294
0.358193 -0.23192 0.502144
0.358315 -0.23179 0.501999
 0.358432 -0.231665   0.50186
 0.358546 -0.231545  0.501725
 0.358655 -0.231429  0.501595
  0.35876 -0.231317  0.501471
0.358861 -0.23121 0.501352
 0.358957 -0.231108  0.501237
0.359049 -0.23101 0.501128
 0.359137 -0.230917  0.501024
 0.359221 -0.230828  0.500924
   0.3593 -0.230743   0.50083
 0.359375 -0.230664  0.500741
 0.359446 -0.230589  0.500657
 0.359513 -0.230518  0.500578
 0.359575 -0.230452  0.500504
0.359633 -0.23039 0.500435
 0.359687 -0.230333  0.500372
0.359736 -0.23028 0.500313
 0.359782 -0.230232  0.500259
 0.359823 -0.230188   0.50021
  0.35986 -0.230149  0.500167
 0.359892 -0.230115  0.500128
  0.35992 -0.230085  0.500094
 0.359944 -0.230059  0.500066
 0.359964 -0.230038  0.500043
 0.359979 -0.230022  0.500024
 0.35999 -0.23001 0.500011
 0.359997 -0.230003  0.500003
 0.36 -0.23   0.5
 0.36 -0.23   0.5
 0.36 -0.23   0.5
 0.36 -0.23   0.5
 0.36 -0.23   0.5
 0.36 -0.23   0.5
 0.36 -0.23   0.5
 0.36 -0.23   0.5
 0.36 -0.23   0.5
 0.36 -0.23   0.5
 0.36 -0.23   0.5
 0.36 -0.23   0.5
 0.36 -0.23   0.5
 0.36 -0.23   0.5
 0.36 -0.23   0.5
 0.36 -0.23   0.5
 0.36 -0.23   0.5
 0.36 -0.23   0.5
 0.36 -0.23   0.5
 0.36 -0.23   0.5
 0.36 -0.23   0.5
 0.36 -0.23   0.5
 0.36 -0.23   0.5
 0.36 -0.23   0.5
 0.36 -0.23   0.5
 0.36 -0.23   0.5
 0.36 -0.23   0.5
 0.36 -0.23   0.5
 0.36 -0.23   0.5
 0.36 -0.23   0.5
 0.36 -0.23   0.5
 0.36 -0.23   0.5
 0.36 -0.23   0.5
 0.36 -0.23   0.5
 0.36 -0.23   0.5
 0.36 -0.23   0.5
 0.36 -0.23   0.5
 0.36 -0.23   0.5
 0.36 -0.23   0.5
 0.36 -0.23   0.5
 0.36 -0.23   0.5
 0.36 -0.23   0.5
 0.36 -0.23   0.5
 0.36 -0.23   0.5
 0.36 -0.23   0.5
 0.36 -0.23   0.5
 0.36 -0.23   0.5
 0.36 -0.23   0.5
 0.36 -0.23   0.5
 0.36 -0.23   0.5
 0.36 -0.23   0.5
 0.36 -0.23   0.5
 0.36 -0.23   0.5
 0.36 -0.23   0.5
 0.36 -0.23   0.5
 0.36 -0.23   0.5
 0.36 -0.23   0.5
 0.36 -0.23   0.5
 0.36 -0.23   0.5
 0.36 -0.23   0.5
 0.36 -0.23   0.5
 0.36 -0.23   0.5
 0.36 -0.23   0.5
 0.36 -0.23   0.5
 0.36 -0.23   0.5
 0.36 -0.23   0.5
 0.36 -0.23   0.5
 0.36 -0.23   0.5
 0.36 -0.23   0.5
 0.36 -0.23   0.5
 0.36 -0.23   0.5
 0.36 -0.23   0.5
 0.36 -0.23   0.5
 0.36 -0.23   0.5
 0.36 -0.23   0.5
 0.36 -0.23   0.5
 0.36 -0.23   0.5
 0.36 -0.23   0.5
 0.36 -0.23   0.5
 0.36 -0.23   0.5
 0.36 -0.23   0.5
 0.36 -0.23   0.5
 0.36 -0.23   0.5
 0.36 -0.23   0.5
 0.36 -0.23   0.5
 0.36 -0.23   0.5
 0.36 -0.23   0.5
 0.36 -0.23   0.5
 0.36 -0.23   0.5
 0.36 -0.23   0.5
 0.36 -0.23   0.5
 0.36 -0.23   0.5
 0.36 -0.23   0.5
 0.36 -0.23   0.5
 0.36 -0.23   0.5
 0.36 -0.23   0.5
 0.36 -0.23   0.5
 0.36 -0.23   0.5
 0.36 -0.23   0.5
 0.36 -0.23   0.5
 0.36 -0.23   0.5
 0.36 -0.23   0.5
 0.36 -0.23   0.5
 0.36 -0.23   0.5
 0.36 -0.23   0.5
 0.36 -0.23   0.5
 0.36 -0.23   0.5
 0.36 -0.23   0.5
 0.36 -0.23   0.5
 0.36 -0.23   0.5
 0.36 -0.23   0.5
 0.36 -0.23   0.5
 0.36 -0.23   0.5
 0.36 -0.23   0.5
 0.36 -0.23   0.5
 0.36 -0.23   0.5
 0.36 -0.23   0.5
 0.36 -0.23   0.5
 0.36 -0.23   0.5
 0.36 -0.23   0.5
 0.36 -0.23   0.5
 0.36 -0.23   0.5
 0.36 -0.23   0.5
 0.36 -0.23   0.5
 0.36 -0.23   0.5
 0.36 -0.23   0.5
 0.36 -0.23   0.5
 0.36 -0.23   0.5
 0.36 -0.23   0.5
 0.36 -0.23   0.5
 0.36 -0.23   0.5
 0.36 -0.23   0.5
 0.36 -0.23   0.5
 0.36 -0.23   0.5
 0.36 -0.23   0.5
 0.36 -0.23   0.5
 0.36 -0.23   0.5
 0.36 -0.23   0.5
 0.36 -0.23   0.5
 0.36 -0.23   0.5
 0.36 -0.23   0.5
 0.36 -0.23   0.5
 0.36 -0.23   0.5
 0.36 -0.23   0.5
 0.36 -0.23   0.5
 0.36 -0.23   0.5
 0.36 -0.23   0.5
 0.36 -0.23   0.5
 0.36 -0.23   0.5
 0.36 -0.23   0.5
 0.36 -0.23   0.5
 0.36 -0.23   0.5
 0.36 -0.23   0.5
 0.36 -0.23   0.5
 0.36 -0.23   0.5
 0.36 -0.23   0.5
 0.36 -0.23   0.5
 0.36 -0.23   0.5
 0.36 -0.23   0.5
 0.36 -0.23   0.5
 0.36 -0.23   0.5
 0.36 -0.23   0.5
 0.36 -0.23   0.5
 0.36 -0.23   0.5
 0.36 -0.23   0.5
 0.36 -0.23   0.5
 0.36 -0.23   0.5
 0.36 -0.23   0.5
 0.36 -0.23   0.5
 0.36 -0.23   0.5
 0.36 -0.23   0.5
 0.36 -0.23   0.5
 0.36 -0.23   0.5
 0.36 -0.23   0.5
 0.36 -0.23   0.5
 0.36 -0.23   0.5
 0.36 -0.23   0.5
 0.36 -0.23   0.5
 0.36 -0.23   0.5
 0.36 -0.23   0.5
 0.36 -0.23   0.5
 0.36 -0.23   0.5
 0.36 -0.23   0.5
 0.36 -0.23   0.5
 0.36 -0.23   0.5
 0.36 -0.23   0.5
 0.36 -0.23   0.5
 0.36 -0.23   0.5
 0.36 -0.23   0.5
 0.36 -0.23   0.5
 0.36 -0.23   0.5
 0.36 -0.23   0.5
 0.36 -0.23   0.5
 0.36 -0.23   0.5
 0.36 -0.23   0.5
 0.36 -0.23   0.5
 0.36 -0.23   0.5
 0.36 -0.23   0.5
 0.36 -0.23   0.5
 0.36 -0.23   0.5
 0.36 -0.23   0.5
 0.36 -0.23   0.5
 0.36 -0.23   0.5
 0.36 -0.23   0.5
 0.36 -0.23   0.5
 0.36 -0.23   0.5
 0.36 -0.23   0.5
 0.36 -0.23   0.5
 0.36 -0.23   0.5
 0.36 -0.23   0.5
 0.36 -0.23   0.5
 0.36 -0.23   0.5
 0.36 -0.23   0.5
 0.36 -0.23   0.5
 0.36 -0.23   0.5
 0.36 -0.23   0.5
 0.36 -0.23   0.5
 0.36 -0.23   0.5
 0.36 -0.23   0.5
 0.36 -0.23   0.5
 0.36 -0.23   0.5
 0.36 -0.23   0.5
 0.36 -0.23   0.5
 0.36 -0.23   0.5
 0.36 -0.23   0.5
 0.36 -0.23   0.5
 0.36 -0.23   0.5
 0.36 -0.23   0.5
 0.36 -0.23   0.5
 0.36 -0.23   0.5
 0.36 -0.23   0.5
 0.36 -0.23   0.5
 0.36 -0.23   0.5
 0.36 -0.23   0.5
 0.36 -0.23   0.5
 0.36 -0.23   0.5
 0.36 -0.23   0.5
 0.36 -0.23   0.5
 0.36 -0.23   0.5
 0.36 -0.23   0.5
 0.36 -0.23   0.5
 0.36 -0.23   0.5
 0.36 -0.23   0.5
 0.36 -0.23   0.5
 0.36 -0.23   0.5
 0.36 -0.23   0.5
 0.36 -0.23   0.5
 0.36 -0.23   0.5
 0.36 -0.23   0.5
 0.36 -0.23   0.5
 0.36 -0.23   0.5
 0.36 -0.23   0.5
 0.36 -0.23   0.5
 0.36 -0.23   0.5
 0.36 -0.23   0.5
 0.36 -0.23   0.5
 0.36 -0.23   0.5
 0.36 -0.23   0.5
 0.36 -0.23   0.5
 0.36 -0.23   0.5
 0.36 -0.23   0.5
 0.36 -0.23   0.5
 0.36 -0.23   0.5
 0.36 -0.23   0.5
 0.36 -0.23   0.5
 0.36 -0.23   0.5
 0.36 -0.23   0.5
 0.36 -0.23   0.5
 0.36 -0.23   0.5
 0.36 -0.23   0.5
 0.36 -0.23   0.5
 0.36 -0.23   0.5
 0.36 -0.23   0.5
 0.36 -0.23   0.5
 0.36 -0.23   0.5
 0.36 -0.23   0.5
 0.36 -0.23   0.5
 0.36 -0.23   0.5
 0.36 -0.23   0.5
 0.36 -0.23   0.5
 0.36 -0.23   0.5
 0.36 -0.23   0.5
 0.36 -0.23   0.5
 0.36 -0.23   0.5
 0.36 -0.23   0.5
 0.36 -0.23   0.5
 0.36 -0.23   0.5
 0.36 -0.23   0.5
 0.36 -0.23   0.5
 0.36 -0.23   0.5
 0.36 -0.23   0.5
 0.36 -0.23   0.5
 0.36 -0.23   0.5
 0.36 -0.23   0.5
 0.36 -0.23   0.5
 0.36 -0.23   0.5
 0.36 -0.23   0.5
 0.36 -0.23   0.5
 0.36 -0.23   0.5
 0.36 -0.23   0.5
 0.36 -0.23   0.5
 0.36 -0.23   0.5
 0.36 -0.23   0.5
 0.36 -0.23   0.5
 0.36 -0.23   0.5
 0.36 -0.23   0.5
 0.36 -0.23   0.5
 0.36 -0.23   0.5
 0.36 -0.23   0.5
 0.36 -0.23   0.5
 0.36 -0.23   0.5
 0.36 -0.23   0.5
 0.36 -0.23   0.5
 0.36 -0.23   0.5
 0.36 -0.23   0.5
 0.36 -0.23   0.5
 0.36 -0.23   0.5
 0.36 -0.23   0.5
 0.36 -0.23   0.5
 0.36 -0.23   0.5
 0.36 -0.23   0.5
 0.36 -0.23   0.5
 0.36 -0.23   0.5
 0.36 -0.23   0.5
 0.36 -0.23   0.5
 0.36 -0.23   0.5
 0.36 -0.23   0.5
 0.36 -0.23   0.5
 0.36 -0.23   0.5
 0.36 -0.23   0.5
 0.36 -0.23   0.5
 0.36 -0.23   0.5
 0.36 -0.23   0.5
 0.36 -0.23   0.5
 0.36 -0.23   0.5
 0.36 -0.23   0.5
 0.36 -0.23   0.5
 0.36 -0.23   0.5
 0.36 -0.23   0.5
 0.36 -0.23   0.5
 0.36 -0.23   0.5
 0.36 -0.23   0.5
 0.36 -0.23   0.5
 0.36 -0.23   0.5
 0.36 -0.23   0.5
 0.36 -0.23   0.5
 0.36 -0.23   0.5
 0.36 -0.23   0.5
 0.36 -0.23   0.5
 0.36 -0.23   0.5
 0.36 -0.23   0.5
 0.36 -0.23   0.5
 0.36 -0.23   0.5
 0.36 -0.23   0.5
 0.36 -0.23   0.5
 0.36 -0.23   0.5
 0.36 -0.23   0.5
 0.36 -0.23   0.5
 0.36 -0.23   0.5
 0.36 -0.23   0.5
