 0.268991 -0.326678   0.60796
 0.268988 -0.326677  0.607959
 0.268986 -0.326677  0.607956
 0.268981 -0.326678  0.607952
 0.268977 -0.326681  0.607953
 0.268973 -0.326682  0.607956
 0.268974 -0.326685  0.607965
 0.268975 -0.326685  0.607974
  0.26898 -0.326682  0.607989
0.268986 -0.32668 0.608006
 0.268996 -0.326674  0.608028
 0.269007 -0.326668  0.608052
 0.269021 -0.326659  0.608078
 0.269037 -0.326646  0.608109
 0.269055 -0.326635  0.608137
 0.269077 -0.326618  0.608173
 0.269098 -0.326602    0.6082
0.269123 -0.32658 0.608232
 0.269149 -0.326558  0.608264
 0.269176 -0.326531  0.608295
 0.269206 -0.326503  0.608326
0.269235 -0.32647 0.608354
 0.269266 -0.326435  0.608384
 0.269296 -0.326397  0.608405
 0.269329 -0.326356  0.608426
 0.26936 -0.32631 0.608446
 0.269391 -0.326261  0.608461
 0.269423 -0.326211  0.608473
 0.269455 -0.326159  0.608479
0.269486  -0.3261 0.608486
 0.269516 -0.326039  0.608483
 0.269548 -0.325976  0.608485
 0.269577 -0.325908  0.608473
 0.269606 -0.325839  0.608458
 0.269635 -0.325764  0.608441
 0.269663 -0.325688  0.608417
 0.269694 -0.325596  0.608392
 0.269722 -0.325509  0.608355
 0.26975 -0.32542 0.608322
 0.269779 -0.325329  0.608277
 0.269807 -0.325232  0.608232
 0.269836 -0.325134  0.608182
0.269865 -0.32503 0.608128
 0.269897 -0.324922   0.60807
0.269928 -0.32481 0.608008
 0.269961 -0.324694  0.607943
 0.269994 -0.324573  0.607871
 0.270028 -0.324448  0.607798
 0.270068 -0.324318  0.607724
 0.270105 -0.324183  0.607638
 0.270148 -0.324044  0.607557
 0.27019  -0.3239 0.607467
0.270236 -0.32375 0.607375
 0.270282 -0.323596  0.607277
 0.270333 -0.323435  0.607179
 0.270383 -0.323269  0.607071
 0.270437 -0.323098  0.606962
 0.270493 -0.322923  0.606848
 0.270552 -0.322729  0.606721
0.270613 -0.32254 0.606599
 0.270676 -0.322347  0.606458
 0.270741 -0.322147  0.606328
 0.270807 -0.321942  0.606189
 0.270875 -0.321734  0.606046
 0.270945 -0.321519    0.6059
 0.271016 -0.321301  0.605747
 0.271094 -0.321076  0.605601
 0.271168 -0.320845  0.605439
 0.271245 -0.320612  0.605274
 0.271322 -0.320373  0.605101
0.271401 -0.32013 0.604926
  0.27148 -0.319882  0.604741
  0.27156 -0.319628  0.604553
 0.271642 -0.319373  0.604359
0.271725 -0.31911 0.604159
 0.271809 -0.318846  0.603954
 0.271893 -0.318574  0.603743
 0.271979 -0.318299  0.603528
 0.272068 -0.317986  0.603267
 0.272155 -0.317702  0.603035
 0.272244 -0.317412  0.602798
 0.272333 -0.317117  0.602554
 0.272424 -0.316819  0.602304
 0.272515 -0.316515  0.602047
 0.272609 -0.316206  0.601788
 0.272703 -0.315893  0.601517
 0.272808 -0.315577  0.601265
 0.272906 -0.315254  0.600982
 0.273005 -0.314927  0.600694
 0.273107 -0.314593  0.600402
 0.273211 -0.314254  0.600103
 0.273317 -0.313912  0.599798
 0.273425 -0.313563  0.599485
 0.273535 -0.313207   0.59917
 0.273647 -0.312849  0.598841
 0.273761 -0.312482  0.598509
0.273878 -0.31211 0.598171
 0.273997 -0.311735  0.597824
0.274119 -0.31135 0.597472
 0.274242 -0.310961  0.597111
 0.274369 -0.310565  0.596745
 0.274498 -0.310165  0.596367
  0.27463 -0.309757  0.595988
 0.274763 -0.309303  0.595564
 0.274899 -0.308924  0.595194
 0.275037 -0.308501  0.594787
0.275177 -0.30807 0.594372
  0.27532 -0.307586  0.593871
 0.275464 -0.307143  0.593437
 0.275611 -0.306695     0.593
 0.275758 -0.306243  0.592548
 0.275907 -0.305785  0.592092
 0.276058 -0.305326  0.591628
  0.27621 -0.304861  0.591156
 0.276364 -0.304392  0.590679
 0.276485 -0.303895  0.590107
 0.276644 -0.303545  0.589862
 0.276799 -0.303067  0.589302
 0.276956 -0.302591  0.588798
 0.277115 -0.302111  0.588289
 0.277293 -0.301645  0.587819
 0.277455 -0.301162  0.587297
 0.277617 -0.300677  0.586765
0.277782 -0.30019 0.586231
 0.277945 -0.299702  0.585682
 0.278111 -0.299211  0.585128
 0.278277 -0.298718  0.584568
 0.278445 -0.298224     0.584
 0.278614 -0.297728  0.583426
 0.278782 -0.297158  0.582802
  0.27895 -0.296657  0.582141
 0.279121 -0.296158  0.581545
 0.279298 -0.295661  0.581025
 0.279468 -0.295161  0.580339
 0.279643 -0.294664   0.57973
  0.27982 -0.294168  0.579118
 0.279998 -0.293674  0.578503
 0.280203 -0.293207  0.577953
 0.280384 -0.292718  0.577333
 0.280568 -0.292231  0.576716
 0.280753 -0.291744  0.576094
 0.280941 -0.291261  0.575472
 0.281131 -0.290781  0.574848
 0.281323 -0.290302  0.574222
 0.281517 -0.289825  0.573597
0.281713 -0.28935  0.57297
 0.281913 -0.288876  0.572344
 0.282115 -0.288403  0.571712
  0.28232 -0.287929  0.571086
 0.282526 -0.287457   0.57045
 0.282737 -0.286986  0.569817
 0.282951 -0.286514  0.569182
 0.283167 -0.286043  0.568544
 0.283387 -0.285569   0.56791
 0.283609 -0.285097   0.56727
 0.283831 -0.284553  0.566584
 0.28406 -0.28408  0.56594
  0.28429 -0.283599  0.565204
 0.284525 -0.283125  0.564563
 0.284763 -0.282649  0.563923
 0.285007 -0.282183  0.563381
0.285251 -0.28171 0.562741
 0.285526 -0.281264  0.562096
 0.285775 -0.280793  0.561461
 0.286027 -0.280323   0.56083
 0.286282 -0.279853  0.560202
 0.286539 -0.279386  0.559576
 0.286799 -0.278921  0.558955
 0.287059 -0.278455  0.558333
 0.287322 -0.277994  0.557715
 0.287587 -0.277532  0.557101
 0.287776 -0.277123  0.556504
 0.288121 -0.276614   0.55588
  0.28839 -0.276159  0.555271
 0.288662 -0.275704  0.554671
 0.288933 -0.275248  0.554068
 0.289207 -0.274796   0.55347
 0.289483 -0.274343  0.552877
 0.289761 -0.273893  0.552287
  0.29004 -0.273442  0.551706
  0.29032 -0.272995  0.551123
 0.290603 -0.272547  0.550547
 0.290887 -0.272102  0.549976
 0.291173 -0.271656  0.549412
  0.29146 -0.271213  0.548851
 0.29175 -0.27077 0.548296
 0.292042 -0.270329   0.54775
 0.292334 -0.269887  0.547205
 0.292629 -0.269446  0.546667
 0.292926 -0.269007  0.546137
 0.293224 -0.268568  0.545611
0.293524 -0.26813 0.545096
 0.293826 -0.267692  0.544583
  0.29413 -0.267254  0.544078
 0.294436 -0.266818  0.543581
 0.294743 -0.266381  0.543091
 0.295053 -0.265945  0.542608
 0.295364 -0.265508  0.542131
 0.295677 -0.265072  0.541666
 0.295991 -0.264637    0.5412
0.296306  -0.2642 0.540747
 0.296623 -0.263764  0.540301
0.296942 -0.26333 0.539861
 0.297262 -0.262895  0.539431
 0.297582 -0.262459  0.539007
 0.297927 -0.262058  0.538662
 0.298253 -0.261564  0.538214
 0.298586 -0.261116  0.537812
 0.298907 -0.260679  0.537349
 0.299231 -0.260246  0.536962
 0.299556 -0.259815  0.536584
  0.29988 -0.259383  0.536211
 0.300205 -0.258952  0.535845
  0.30053 -0.258522  0.535488
 0.300855 -0.258093  0.535136
  0.30118 -0.257664  0.534794
 0.301504 -0.257236  0.534455
 0.301829 -0.256809   0.53413
 0.302152 -0.256381  0.533803
 0.302476 -0.255954  0.533485
 0.302801 -0.255527  0.533176
 0.303124 -0.255101   0.53287
 0.303448 -0.254674  0.532576
 0.303771 -0.254247  0.532281
  0.30411 -0.253842  0.532042
 0.304436 -0.253378  0.531733
 0.304757 -0.252951  0.531455
 0.305078 -0.252524  0.531183
  0.30541 -0.252073  0.530868
 0.305729 -0.251646  0.530608
 0.306047 -0.251218  0.530345
 0.306362 -0.250792  0.530089
 0.306677 -0.250366  0.529838
  0.30699 -0.249941  0.529588
 0.307301 -0.249516  0.529345
 0.307609 -0.249093  0.529101
 0.307916 -0.248672  0.528861
  0.30822 -0.248252  0.528626
 0.308521 -0.247834  0.528394
  0.30882 -0.247418  0.528165
 0.309116 -0.247005  0.527936
  0.30941 -0.246593  0.527715
   0.3097 -0.246184  0.527489
 0.309987 -0.245778  0.527269
 0.310272 -0.245375  0.527052
 0.310553 -0.244974  0.526837
 0.310831 -0.244576  0.526626
 0.311115 -0.244194  0.526443
 0.311388 -0.243802  0.526238
 0.311656 -0.243413  0.526025
 0.311929 -0.242993  0.525801
0.312191 -0.24261 0.525598
 0.31246 -0.24221  0.52537
 0.312716 -0.241833  0.525174
 0.312968 -0.241459  0.524974
 0.313218 -0.241089  0.524778
 0.313464 -0.240722  0.524586
0.313707 -0.24036 0.524393
0.313948    -0.24 0.524206
 0.314185 -0.239644  0.524018
  0.31442 -0.239292  0.523838
 0.314651 -0.238943  0.523651
  0.31488 -0.238598   0.52347
 0.315107 -0.238256  0.523293
  0.31533 -0.237918  0.523117
 0.315558 -0.237593  0.522963
 0.315777 -0.237261  0.522789
 0.315993 -0.236932  0.522618
 0.316207 -0.236606  0.522449
 0.316419 -0.236283  0.522282
 0.316629 -0.235963  0.522117
 0.316835 -0.235645  0.521952
 0.317049 -0.235313  0.521777
 0.317276 -0.234978  0.521574
0.317456 -0.23467 0.521437
 0.317654 -0.234364   0.52128
 0.317849 -0.234061  0.521123
 0.318042 -0.233761   0.52097
 0.318232 -0.233465  0.520815
 0.318419 -0.233172  0.520663
 0.318604 -0.232883  0.520513
 0.318786 -0.232597  0.520363
 0.318966 -0.232316  0.520217
0.319143 -0.23204  0.52007
 0.319317 -0.231767  0.519926
 0.319489 -0.231498  0.519784
 0.319657 -0.231235  0.519642
 0.319824 -0.230976  0.519504
0.319991 -0.23073 0.519376
 0.320152 -0.230481  0.519244
 0.320309 -0.230236  0.519105
 0.320464 -0.229996  0.518971
0.320616 -0.22976  0.51884
 0.320765 -0.229529  0.518708
 0.320921 -0.229281  0.518569
 0.321069 -0.229049  0.518428
  0.32121 -0.228833  0.518301
 0.321349 -0.228621  0.518177
 0.321485 -0.228414  0.518052
  0.32162 -0.228212  0.517935
  0.32175 -0.228014  0.517811
 0.321878 -0.227825  0.517691
 0.322006 -0.227635  0.517575
0.322129 -0.22745  0.51746
 0.322251 -0.227276  0.517349
 0.322371 -0.227099  0.517232
 0.322488 -0.226927  0.517123
 0.322604 -0.226767  0.517013
 0.322718 -0.226603  0.516905
 0.322829 -0.226445  0.516805
 0.322941 -0.226305  0.516704
  0.32305 -0.226155  0.516601
 0.323155 -0.226009  0.516503
 0.323258 -0.225874  0.516402
 0.323361 -0.225735  0.516308
  0.32346 -0.225601   0.51621
 0.323559 -0.225477  0.516114
0.323656 -0.22535 0.516022
  0.32375 -0.225228  0.515931
 0.323843 -0.225116  0.515844
 0.323939 -0.224984  0.515741
 0.324023 -0.224892  0.515667
  0.32411 -0.224791  0.515581
 0.324197 -0.224689  0.515498
 0.324279 -0.224592  0.515422
 0.324447 -0.224393  0.515244
  0.32452 -0.224295  0.515152
 0.324582 -0.224264  0.515121
  0.32465 -0.224194  0.515054
 0.324723 -0.224119  0.514984
 0.324795 -0.224052  0.514911
 0.324868 -0.223983  0.514844
 0.324937 -0.223917  0.514775
 0.325011 -0.223842  0.514692
 0.325078 -0.223782  0.514628
 0.325078 -0.223782  0.514628
0.325143 -0.22373 0.514562
  0.32521 -0.223674  0.514501
 0.325337 -0.223576  0.514375
 0.325401 -0.223526  0.514315
 0.325462 -0.223479  0.514256
 0.325523 -0.223438  0.514198
0.325574 -0.22329 0.514078
 0.325584 -0.223392  0.514139
0.325643 -0.22335 0.514083
 0.325702 -0.223313  0.514027
  0.32576 -0.223273  0.513973
 0.325816 -0.223234  0.513924
 0.325929 -0.223165  0.513818
 0.325929 -0.223165  0.513818
 0.326033 -0.223005  0.513661
 0.326094 -0.223078   0.51368
 0.326141 -0.222939  0.513568
 0.326193 -0.222913  0.513518
 0.326243 -0.222874  0.513467
 0.326248 -0.222982  0.513535
 0.326297 -0.222954  0.513492
 0.326399 -0.222915  0.513412
 0.326399 -0.222915  0.513412
 0.326495 -0.222872  0.513329
 0.326544 -0.222849  0.513288
 0.326544 -0.222849  0.513288
  0.32659 -0.222827  0.513251
 0.326636 -0.222812  0.513209
 0.326683 -0.222792  0.513171
 0.326727 -0.222774  0.513134
 0.326771 -0.222762  0.513096
 0.326861 -0.222723  0.513013
 0.326861 -0.222723  0.513013
0.326948 -0.22258 0.512874
 0.326948 -0.222693  0.512944
  0.32699 -0.222687  0.512908
  0.32707 -0.222668  0.512844
  0.32707 -0.222668  0.512844
 0.327155 -0.222536  0.512706
 0.327151 -0.222655  0.512779
 0.327189 -0.222648  0.512748
 0.327228 -0.222647  0.512718
 0.327268 -0.222641  0.512687
 0.327304 -0.222637  0.512659
 0.327342 -0.222637   0.51263
 0.327375 -0.222646  0.512609
 0.327407 -0.222646  0.512591
  0.32744 -0.222637  0.512563
 0.327469 -0.222628  0.512532
 0.327497 -0.222624  0.512512
 0.327522 -0.222624  0.512493
 0.327544 -0.222636  0.512478
 0.327569 -0.222633  0.512455
  0.32759 -0.222638   0.51244
0.327611 -0.22265 0.512422
  0.32763 -0.222664   0.51241
 0.327649 -0.222673  0.512399
0.327668 -0.22269 0.512381
 0.327689 -0.222696  0.512366
0.327706 -0.22271 0.512355
 0.327724 -0.222728   0.51234
 0.327742 -0.222743   0.51233
 0.327759 -0.222758  0.512318
0.327775 -0.22278 0.512311
0.327792  -0.2228 0.512298
  0.32781 -0.222814  0.512286
 0.327818 -0.222833  0.512277
0.327843 -0.22284 0.512257
 0.327859 -0.222852  0.512246
 0.327876 -0.222868  0.512232
 0.327894 -0.222877  0.512219
 0.327911 -0.222885  0.512209
 0.327928 -0.222897  0.512193
 0.327946 -0.222901   0.51218
 0.327963 -0.222905  0.512167
 0.327981 -0.222912  0.512152
 0.328001 -0.222912  0.512139
 0.328019 -0.222918  0.512128
 0.328038 -0.222922  0.512117
 0.328075 -0.222914  0.512086
 0.328075 -0.222914  0.512086
0.328077 -0.22292 0.512045
 0.328132 -0.222906  0.512049
 0.328132 -0.222906  0.512049
0.328169  -0.2229 0.512017
0.328169  -0.2229 0.512017
 0.328205 -0.222896  0.511992
 0.328205 -0.222896  0.511992
 0.328224 -0.222892  0.511986
 0.328258 -0.222892  0.511959
 0.328242 -0.222896  0.511932
0.328276 -0.22289  0.51195
0.328293 -0.22289 0.511941
0.328293  -0.2229 0.511892
  0.32831 -0.222903  0.511895
 0.328326 -0.222911  0.511885
 0.328371 -0.222915  0.511897
 0.328389 -0.222922  0.511898
 0.328403 -0.222934  0.511886
 0.328419 -0.222942   0.51188
 0.328434 -0.222951  0.511876
 0.328448 -0.222966  0.511868
 0.328464 -0.222976  0.511868
 0.328478 -0.222985  0.511855
 0.328494 -0.222994  0.511851
  0.32851 -0.223009  0.511851
 0.328523 -0.223019  0.511841
 0.328541 -0.223034  0.511844
 0.328556 -0.223042  0.511837
 0.328571 -0.223056   0.51183
 0.328588 -0.223063  0.511827
0.328603 -0.22307 0.511823
  0.32862 -0.223081   0.51182
 0.328638 -0.223085  0.511812
 0.328654 -0.223089  0.511808
 0.328672 -0.223097  0.511802
  0.32869 -0.223099  0.511796
 0.328707 -0.223101  0.511794
 0.328725 -0.223105  0.511784
 0.328744 -0.223104  0.511778
 0.328762 -0.223103  0.511774
  0.32878 -0.223107  0.511764
 0.328799 -0.223104  0.511761
 0.328816 -0.223102  0.511752
 0.328837 -0.223096   0.51174
 0.328854 -0.223094  0.511735
 0.328873 -0.223096  0.511725
 0.328891 -0.223094  0.511722
  0.32891 -0.223098  0.511713
0.328927  -0.2231 0.511704
 0.328945 -0.223099  0.511698
 0.328962 -0.223099   0.51169
 0.328979 -0.223105  0.511684
 0.328996 -0.223106  0.511673
 0.329012 -0.223108  0.511667
 0.329028 -0.223115  0.511658
 0.329045 -0.223118  0.511651
 0.329061 -0.223122  0.511647
 0.329076 -0.223132  0.511636
 0.329092 -0.223137  0.511628
 0.329107 -0.223143  0.511623
 0.329122 -0.223154  0.511613
 0.329138 -0.223161  0.511609
 0.329153 -0.223167    0.5116
 0.329168 -0.223178  0.511592
 0.329185 -0.223185  0.511586
 0.329199 -0.223192  0.511579
 0.329215 -0.223205  0.511573
 0.329231 -0.223211  0.511564
 0.329246 -0.223217  0.511558
 0.329263 -0.223227  0.511551
 0.329279 -0.223233  0.511544
 0.329296 -0.223238   0.51154
 0.329312 -0.223247  0.511529
  0.32933 -0.223251  0.511522
 0.329345 -0.223257  0.511512
0.329363 -0.22326 0.511505
 0.329383 -0.223263  0.511503
 0.329401 -0.223269  0.511492
 0.329419 -0.223269  0.511485
0.329437 -0.22327  0.51148
 0.329455 -0.223275   0.51147
 0.329474 -0.223275  0.511465
 0.329492 -0.223274  0.511456
  0.32951 -0.223278  0.511447
  0.32953 -0.223276  0.511441
 0.329547 -0.223275  0.511433
0.329566 -0.22328 0.511426
 0.329585 -0.223278  0.511416
 0.329602 -0.223278  0.511408
 0.329621 -0.223282    0.5114
 0.329639 -0.223281  0.511391
 0.329656 -0.223282  0.511386
 0.329674 -0.223287  0.511374
 0.329692 -0.223288  0.511365
 0.329709 -0.223289  0.511359
 0.329726 -0.223296  0.511348
 0.329744 -0.223299  0.511342
  0.32976 -0.223302  0.511333
0.329776 -0.22331 0.511322
 0.329793 -0.223313  0.511315
 0.329809 -0.223318  0.511307
 0.329826 -0.223328  0.511299
 0.329841 -0.223331  0.511286
  0.32986 -0.223341  0.511279
 0.329875 -0.223351   0.51127
 0.329892 -0.223352  0.511263
 0.329907 -0.223366  0.511254
 0.329925 -0.223366  0.511245
 0.329925 -0.223366  0.511245
 0.329956 -0.223377  0.511232
 0.329973 -0.223387  0.511221
  0.32999 -0.223391  0.511216
 0.330007 -0.223395  0.511207
 0.330024 -0.223402  0.511198
 0.330042 -0.223405  0.511191
 0.330059 -0.223408  0.511183
 0.330077 -0.223418  0.511174
 0.330097 -0.223415  0.511167
 0.330115 -0.223421  0.511157
0.330134 -0.22342 0.511151
 0.330152 -0.223421  0.511144
 0.330171 -0.223426  0.511136
  0.33019 -0.223425  0.511128
 0.330208 -0.223424  0.511122
 0.330226 -0.223429  0.511113
 0.330246 -0.223428  0.511105
 0.330264 -0.223428    0.5111
 0.330283 -0.223431   0.51109
 0.330302 -0.223431  0.511082
  0.33032 -0.223431  0.511075
 0.330338 -0.223436  0.511066
 0.330357 -0.223437   0.51106
 0.330374 -0.223437  0.511052
 0.330392 -0.223443  0.511042
  0.33041 -0.223445  0.511035
 0.330427 -0.223446  0.511028
 0.330445 -0.223454   0.51102
 0.330463 -0.223456  0.511011
 0.330479 -0.223459  0.511004
 0.330496 -0.223466  0.510995
 0.330514 -0.223469  0.510987
  0.33053 -0.223473  0.510982
 0.330547 -0.223481   0.51097
 0.330564 -0.223484  0.510963
  0.33058 -0.223488  0.510956
 0.330598 -0.223501  0.510947
 0.330614 -0.223503  0.510939
  0.33063 -0.223512  0.510928
  0.33065 -0.223511  0.510927
 0.330666 -0.223514  0.510916
 0.330683 -0.223522  0.510906
 0.330701 -0.223524    0.5109
 0.330718 -0.223527  0.510892
 0.330735 -0.223535  0.510887
 0.330753 -0.223536  0.510876
  0.33077 -0.223538  0.510869
 0.330787 -0.223544  0.510861
 0.330805 -0.223546  0.510853
 0.330823 -0.223548   0.51085
  0.33084 -0.223553  0.510837
 0.330859 -0.223554  0.510829
 0.330876 -0.223556  0.510824
 0.330893 -0.223561  0.510814
 0.330911 -0.223562  0.510812
 0.330928 -0.223563  0.510801
 0.330946 -0.223569  0.510791
 0.330964 -0.223569  0.510785
 0.330981 -0.223571  0.510777
 0.330999 -0.223578  0.510773
 0.331017 -0.223577  0.510762
 0.331034 -0.223584  0.510756
 0.331051 -0.223591  0.510748
 0.331069 -0.223592   0.51074
 0.331086 -0.223594  0.510738
 0.331103 -0.223601  0.510726
 0.331119 -0.223601  0.510716
 0.331137 -0.223608  0.510708
 0.331157 -0.223606  0.510702
 0.331173 -0.223608    0.5107
  0.33119 -0.223615  0.510688
 0.331208 -0.223617  0.510681
0.331224 -0.22362 0.510675
 0.331241 -0.223627  0.510666
 0.331259 -0.223629  0.510663
 0.331275 -0.223632  0.510653
 0.331292 -0.223638  0.510645
  0.33131 -0.223641  0.510639
 0.331326 -0.223644  0.510632
 0.331342 -0.223653  0.510627
  0.33136 -0.223654  0.510617
 0.331376 -0.223657  0.510611
 0.331392 -0.223665  0.510603
  0.33141 -0.223667  0.510596
 0.331426 -0.223675  0.510593
 0.331439 -0.223678  0.510582
 0.331458 -0.223681  0.510575
 0.331475 -0.223684  0.510569
 0.331491 -0.223685  0.510563
 0.331508 -0.223693  0.510559
0.331524  -0.2237 0.510549
  0.33154 -0.223701   0.51054
 0.331557 -0.223708  0.510533
 0.331577 -0.223705  0.510527
 0.331593 -0.223707  0.510526
  0.33161 -0.223713  0.510514
 0.331628 -0.223714  0.510507
 0.331645 -0.223716  0.510502
 0.331662 -0.223722  0.510493
 0.331679 -0.223724  0.510491
 0.331696 -0.223725  0.510481
 0.331712 -0.223731  0.510473
  0.33173 -0.223732  0.510468
 0.331746 -0.223734  0.510461
 0.331763 -0.223745  0.510457
 0.331781 -0.223746  0.510448
 0.331797 -0.223748  0.510441
 0.331813 -0.223756  0.510434
 0.331829 -0.223756  0.510425
 0.331846 -0.223762   0.51042
 0.331863 -0.223765  0.510411
 0.331879 -0.223767  0.510405
 0.331896 -0.223773  0.510398
 0.331913 -0.223775  0.510391
 0.331929 -0.223778   0.51039
 0.331946 -0.223784  0.510378
 0.331962 -0.223786  0.510372
 0.331981 -0.223784   0.51037
 0.331997 -0.223791  0.510361
 0.332014 -0.223793  0.510359
  0.33203 -0.223795  0.510351
 0.332047 -0.223803  0.510343
 0.332064 -0.223804  0.510339
 0.332079 -0.223806  0.510332
 0.332096 -0.223814  0.510328
 0.332113 -0.223815  0.510319
 0.332128 -0.223817  0.510314
 0.332144 -0.223825  0.510307
 0.332161 -0.223827    0.5103
0.332177 -0.22383 0.510299
 0.332193 -0.223837  0.510288
 0.332209 -0.223839  0.510282
 0.332225 -0.223846  0.510278
 0.332241 -0.223854  0.510269
 0.332258 -0.223855  0.510267
 0.332273 -0.223858  0.510258
  0.33229 -0.223865   0.51025
 0.332306 -0.223867  0.510245
 0.332322 -0.223869   0.51024
 0.332338 -0.223876  0.510235
 0.332355 -0.223877  0.510227
  0.33237 -0.223879  0.510221
 0.332387 -0.223886  0.510215
 0.332402 -0.223886  0.510206
  0.33242 -0.223889  0.510206
 0.332437 -0.223894  0.510193
 0.332453 -0.223895  0.510191
0.332468  -0.2239 0.510181
