0.0165429 -0.105377  0.508564
0.0165422 -0.105375  0.508564
0.0165423 -0.105375  0.508563
0.0165421 -0.105375  0.508562
0.0165416 -0.105376  0.508561
0.0165417 -0.105376  0.508561
0.0165398 -0.105376   0.50856
0.0165385 -0.105375   0.50856
0.0165368 -0.105374   0.50856
0.0165348 -0.105375   0.50856
 0.016533 -0.105374   0.50856
0.0165316 -0.105377  0.508559
0.0165284 -0.105374  0.508559
0.0165259 -0.105374  0.508559
0.0165233 -0.105372  0.508559
0.0165205 -0.105372  0.508558
0.0165186 -0.105371  0.508558
 0.016515 -0.105368  0.508557
 0.016512 -0.105364  0.508556
0.0165093 -0.105359  0.508556
0.0165065 -0.105354  0.508554
0.0165037 -0.105348  0.508553
0.0165008 -0.105342  0.508551
0.0164983 -0.105332   0.50855
0.0164955 -0.105323  0.508547
 0.016493 -0.105312  0.508545
0.0164904 -0.105301  0.508542
0.0164884 -0.105286  0.508539
0.0164862 -0.105271  0.508536
 0.016484 -0.105254  0.508533
0.0164823 -0.105234  0.508529
0.0164806 -0.105214  0.508524
 0.016479 -0.105184   0.50852
0.0164777 -0.105159  0.508516
0.0164765 -0.105134   0.50851
0.0164747 -0.105107  0.508504
0.0164754 -0.105077  0.508498
0.0164751 -0.105045  0.508492
0.0164749 -0.105012  0.508485
0.0164742 -0.104978  0.508477
0.0164757  -0.10494   0.50847
0.0164769 -0.104901  0.508462
0.0164772 -0.104861  0.508453
0.0164797 -0.104818  0.508444
0.0164807 -0.104773  0.508435
0.0164838 -0.104726  0.508425
0.0164866 -0.104677  0.508415
0.0164896 -0.104627  0.508404
0.0164921 -0.104575  0.508392
0.0164968 -0.104518   0.50838
 0.016501 -0.104462  0.508368
0.0165046 -0.104404  0.508354
0.0165105 -0.104343  0.508341
 0.016516 -0.104279  0.508327
0.0165217 -0.104215  0.508311
0.0165278 -0.104148  0.508296
0.0165322 -0.104072  0.508276
0.0165391 -0.104001  0.508259
0.0165463 -0.103926  0.508241
0.0165539 -0.103848  0.508223
0.0165619  -0.10377  0.508203
0.0165703 -0.103689  0.508183
 0.016579 -0.103606  0.508162
0.0165881 -0.103519   0.50814
0.0165976  -0.10343  0.508117
0.0166074  -0.10334  0.508093
0.0166175 -0.103246  0.508069
0.0166298 -0.103153  0.508042
0.0166406 -0.103054  0.508015
0.0166536 -0.102957  0.507988
0.0166653 -0.102853  0.507959
0.0166773 -0.102746   0.50793
0.0166896 -0.102638  0.507898
0.0167022 -0.102526  0.507866
0.0167154 -0.102413  0.507833
0.0167285 -0.102295  0.507798
0.0167421 -0.102175  0.507762
0.0167561 -0.102054  0.507725
0.0167704 -0.101928  0.507686
 0.016785 -0.101799  0.507647
0.0168003 -0.101669  0.507605
0.0168157 -0.101535  0.507563
0.0168314 -0.101399  0.507518
0.0168474 -0.101259  0.507473
0.0168638 -0.101116  0.507426
0.0168805 -0.100973  0.507377
0.0168975 -0.100824  0.507327
0.0169148 -0.100674  0.507275
0.0169323 -0.100523  0.507221
0.0169501 -0.100368  0.507166
0.0169682  -0.10021   0.50711
0.0169865 -0.100052  0.507051
 0.0169998 -0.0998614   0.506986
 0.0170183 -0.0996976   0.506925
  0.017037 -0.0995324   0.506862
 0.0170559 -0.0993675   0.506797
 0.0170748 -0.0991992   0.506731
  0.017094 -0.0990305   0.506663
 0.0171132 -0.0988606   0.506594
 0.0171375 -0.0986948    0.50652
 0.0171571 -0.0985237   0.506447
0.0171767 -0.098352  0.506373
 0.0172004 -0.0981878   0.506298
 0.0172202 -0.0980155   0.506221
 0.0172399 -0.0978431   0.506141
 0.0172601 -0.0976725    0.50606
 0.0172797 -0.0975004   0.505977
 0.0172895 -0.0973067   0.505884
 0.0173186 -0.0971558   0.505808
 0.0173378 -0.0969861    0.50572
 0.0173564 -0.0968146    0.50563
 0.0173758 -0.0966445    0.50554
 0.0173946 -0.0964742   0.505448
 0.0174132 -0.0963068   0.505354
 0.0174316 -0.0961381   0.505259
 0.0174497 -0.0959703   0.505163
 0.0174677 -0.0958035   0.505064
0.0174854 -0.095637  0.504965
  0.017503 -0.0954736   0.504863
 0.0175204 -0.0953093    0.50476
 0.0175251 -0.0951269   0.504645
 0.0175418 -0.0949644   0.504539
 0.0175583 -0.0948033   0.504431
0.0175746 -0.094644  0.504322
 0.0175908 -0.0944856   0.504212
 0.0176067 -0.0943305     0.5041
 0.0176226 -0.0941748   0.503988
 0.0176382 -0.0940206   0.503873
 0.0176538 -0.0938682   0.503757
0.0176693 -0.093717   0.50364
 0.0176845 -0.0935672   0.503523
 0.0176997 -0.0934214   0.503403
 0.0177232 -0.0932769   0.503279
 0.0177381 -0.0931325   0.503158
 0.0177528 -0.0929902   0.503035
 0.0177673 -0.0928499   0.502912
0.0177874 -0.092716  0.502789
 0.0178014 -0.0925793   0.502664
 0.0178151 -0.0924464   0.502537
 0.0178284 -0.0923131    0.50241
 0.0178414 -0.0921823   0.502281
 0.0178541 -0.0920536   0.502152
 0.0178665 -0.0919272   0.502022
 0.0178785 -0.0918033   0.501891
 0.0178901 -0.0916814    0.50176
 0.0179014 -0.0915619   0.501628
 0.0179123 -0.0914447   0.501496
  0.017924 -0.0913327   0.501363
 0.0179195 -0.0911985   0.501218
0.0179293 -0.091089  0.501083
 0.0179388 -0.0909822   0.500948
0.0179481 -0.090878  0.500813
 0.0179571 -0.0907765   0.500678
 0.0179658 -0.0906795   0.500542
 0.0179741 -0.0905832   0.500406
 0.0179822 -0.0904901    0.50027
 0.0179901 -0.0903999   0.500134
 0.0179978 -0.0903125   0.499998
0.0180052 -0.090228  0.499862
 0.0180123 -0.0901463   0.499725
 0.0180193 -0.0900675   0.499589
  0.018026 -0.0899912   0.499453
 0.0180325 -0.0899176   0.499316
 0.0180389 -0.0898466    0.49918
 0.0180544 -0.0897772   0.499039
 0.0180602 -0.0897114   0.498903
 0.0180658 -0.0896479   0.498767
 0.0180713 -0.0895869   0.498631
 0.0180764 -0.0895298   0.498495
 0.0180873 -0.0894755   0.498362
  0.018092 -0.0894206   0.498227
 0.0180964 -0.0893681   0.498092
 0.0181007 -0.0893177   0.497958
 0.0181054 -0.0892696   0.497823
0.0181092 -0.089223  0.497689
 0.0180963 -0.0891764   0.497542
 0.0181006 -0.0891337    0.49741
 0.018104 -0.089094  0.497276
 0.0181073 -0.0890539   0.497144
 0.0181107 -0.0890153   0.497011
  0.018114 -0.0889781   0.496879
 0.0181173 -0.0889423   0.496748
 0.0181207 -0.0889078   0.496616
 0.0181241 -0.0888745   0.496485
 0.0181276 -0.0888424   0.496355
 0.0181467 -0.0888096   0.496237
 0.0181346 -0.0887816   0.496094
 0.0181535 -0.0887506   0.495978
 0.0181569 -0.0887243   0.495849
 0.0181602 -0.0886972    0.49572
0.0181634 -0.088671  0.495591
 0.0181664 -0.0886459   0.495463
 0.0181686 -0.0886215   0.495335
 0.0181719 -0.0885985   0.495209
 0.0181593 -0.0885778   0.495069
 0.0181616 -0.0885565   0.494943
 0.0181637 -0.0885362   0.494817
 0.0181657 -0.0885168   0.494692
 0.0181675 -0.0884997   0.494568
 0.0181692 -0.0884818   0.494444
 0.0181709 -0.0884648   0.494321
 0.0181726 -0.0884487   0.494198
 0.0181742 -0.0884333   0.494076
 0.0181758 -0.0884188   0.493955
 0.0181843 -0.0884028    0.49383
 0.0181859 -0.0883899    0.49371
 0.0181876 -0.0883778    0.49359
0.0181942 -0.088368  0.493473
 0.0181957 -0.0883572   0.493355
 0.0181972 -0.0883471   0.493237
 0.0181987 -0.0883377    0.49312
0.0182001 -0.088329  0.493005
0.0182014 -0.088321   0.49289
 0.0182026 -0.0883137   0.492776
 0.0182038 -0.0883085   0.492662
 0.0182049 -0.0883023    0.49255
0.0182069 -0.088297  0.492439
  0.018208 -0.0882924   0.492327
  0.018209 -0.0882879   0.492217
0.0181994 -0.088279  0.492099
 0.0182004 -0.0882756    0.49199
 0.0182013 -0.0882743   0.491882
 0.0182023 -0.0882722   0.491775
 0.0182032 -0.0882701   0.491669
 0.0182042 -0.0882686   0.491563
 0.0182052 -0.0882674   0.491458
 0.0182061 -0.0882667   0.491354
 0.0182072 -0.0882665   0.491251
 0.0182082 -0.0882664   0.491148
 0.0182142 -0.0882645   0.491043
 0.0182154 -0.0882656   0.490942
 0.0182154 -0.0882675   0.490842
 0.0182175 -0.0882678   0.490742
 0.0182185 -0.0882708   0.490643
 0.0182238 -0.0882742   0.490547
 0.0182248 -0.0882762    0.49045
 0.0182258 -0.0882785   0.490354
 0.0182269 -0.0882814   0.490258
 0.0182287 -0.0882844   0.490164
 0.0182286 -0.0882882    0.49007
0.0182204 -0.088295  0.489966
 0.0182212 -0.0882987   0.489874
 0.0182228 -0.0883015   0.489784
 0.0182238 -0.0883052   0.489694
  0.018225 -0.0883085   0.489604
 0.0182262 -0.0883119   0.489516
 0.0182272 -0.0883157   0.489428
 0.0182286 -0.0883208   0.489341
 0.0182301 -0.0883243   0.489255
 0.0182316 -0.0883285    0.48917
 0.0182335 -0.0883317   0.489085
 0.0182358 -0.0883368   0.489002
 0.0182379 -0.0883405   0.488919
   0.01824 -0.0883444   0.488838
  0.018242 -0.0883485   0.488756
 0.0182442 -0.0883527   0.488676
 0.0182465 -0.0883589   0.488596
 0.0182484 -0.0883637   0.488517
 0.0182535 -0.0883666   0.488437
0.0182554 -0.088372   0.48836
 0.0182577 -0.0883767   0.488283
 0.0182596 -0.0883819   0.488208
0.0182614 -0.088387  0.488133
 0.0182631 -0.0883922   0.488058
 0.0182647 -0.0883991   0.487984
 0.0182696 -0.0884069   0.487913
 0.0182711 -0.0884119   0.487841
 0.0182722 -0.0884181    0.48777
 0.0182735 -0.0884234   0.487699
 0.0182747 -0.0884299   0.487629
 0.0182757 -0.0884357    0.48756
 0.0182766 -0.0884417   0.487492
 0.0182773 -0.0884496   0.487424
 0.0182792 -0.0884556   0.487357
 0.0182797 -0.0884621   0.487291
 0.0182806 -0.0884674   0.487226
 0.0182757 -0.0884694   0.487153
 0.0182764 -0.0884752   0.487089
 0.0182773 -0.0884815   0.487026
  0.018278 -0.0884876   0.486963
 0.0182778 -0.0884942   0.486901
 0.0182796 -0.0884988    0.48684
 0.0182801 -0.0885062   0.486779
  0.018282 -0.0885124   0.486719
  0.018283 -0.0885179    0.48666
 0.0182839 -0.0885237   0.486601
 0.0182855 -0.0885298   0.486543
 0.0182867 -0.0885351   0.486486
  0.018287 -0.0885415    0.48643
 0.0182891 -0.0885459   0.486373
 0.0182903 -0.0885528   0.486318
 0.0182921 -0.0885585   0.486264
 0.0182935 -0.0885641    0.48621
 0.0182948 -0.0885695   0.486156
 0.0182962 -0.0885758   0.486103
 0.0182983 -0.0885799   0.486051
 0.0182986 -0.0885864   0.485999
 0.0183006 -0.0885921   0.485948
 0.0183016 -0.0885971   0.485898
 0.0183027 -0.0886024   0.485848
 0.0183036 -0.0886074   0.485799
0.0183072 -0.088614  0.485752
 0.0183081 -0.0886191   0.485704
 0.0183086 -0.0886255   0.485656
0.0183092  -0.08863   0.48561
 0.0183096 -0.0886347   0.485564
 0.0183102 -0.0886397   0.485518
 0.0183105 -0.0886443   0.485473
 0.0183107 -0.0886486   0.485428
 0.0183111 -0.0886534   0.485384
 0.0183112 -0.0886594   0.485341
 0.0183121 -0.0886638   0.485298
 0.0183123 -0.0886684   0.485256
 0.0183126 -0.0886731   0.485214
0.0183076 -0.088679  0.485166
 0.0183076 -0.0886831   0.485126
 0.0183075 -0.0886874   0.485085
 0.0183076 -0.0886915   0.485045
 0.0183075 -0.0886952   0.485006
 0.0183073 -0.0887004   0.484967
 0.0183074 -0.0887043   0.484929
0.0183075 -0.088709  0.484891
 0.0183071 -0.0887112   0.484854
 0.0183071 -0.0887151   0.484817
 0.0183069 -0.0887182    0.48478
 0.0183067 -0.0887215   0.484745
 0.0183066 -0.0887264   0.484708
 0.0183063 -0.0887294   0.484673
  0.018306 -0.0887324   0.484639
 0.0183057 -0.0887359   0.484604
0.0183052 -0.088739  0.484571
 0.0183047 -0.0887419   0.484538
 0.0183042 -0.0887467   0.484504
0.0183034 -0.088751  0.484472
0.0183025 -0.088754   0.48444
 0.0183016 -0.0887575   0.484408
 0.0183005 -0.0887607   0.484376
 0.0182992 -0.0887637   0.484345
 0.0182979 -0.0887686   0.484314
 0.0182964 -0.0887715   0.484284
 0.0182947 -0.0887746   0.484254
 0.018293 -0.088778  0.484224
 0.0182933 -0.0887829   0.484196
 0.0182912 -0.0887858   0.484167
 0.0182891 -0.0887891   0.484138
 0.0182866 -0.0887936   0.484109
 0.0182841 -0.0887964   0.484081
 0.0182816 -0.0887998   0.484053
 0.0182788 -0.0888027   0.484026
  0.018276 -0.0888056   0.483999
 0.0182732 -0.0888087   0.483971
 0.0182701 -0.0888129   0.483945
  0.018267 -0.0888155   0.483918
 0.0182645 -0.0888186   0.483892
 0.0182613 -0.0888211   0.483867
0.0182582 -0.088824  0.483842
 0.0182547 -0.0888262   0.483816
 0.0182495 -0.0888221   0.483787
  0.018246 -0.0888243   0.483763
 0.0182447 -0.0888347   0.483742
 0.0182408 -0.0888364   0.483718
 0.0182372 -0.0888384   0.483694
 0.0182335 -0.0888408    0.48367
 0.0182295 -0.0888422   0.483646
 0.0182264 -0.0888441   0.483623
 0.0182228 -0.0888475     0.4836
 0.0182194 -0.0888494   0.483578
 0.0182138 -0.0888427   0.483552
 0.0182101 -0.0888456   0.483529
 0.0182065 -0.0888473   0.483507
 0.0182027 -0.0888486   0.483485
 0.0181989 -0.0888502   0.483464
 0.0181952 -0.0888518   0.483442
 0.0181914 -0.0888531   0.483422
 0.0181875 -0.0888545   0.483401
 0.0181838 -0.0888578    0.48338
 0.0181799 -0.0888591    0.48336
 0.0181753 -0.0888623    0.48334
 0.0181715 -0.0888643    0.48332
 0.0181675 -0.0888656     0.4833
 0.0181653 -0.0888688   0.483282
 0.0181614 -0.0888707   0.483262
 0.0181574 -0.0888738   0.483243
 0.0181534 -0.0888753   0.483224
 0.0181495 -0.0888771   0.483206
 0.0181454 -0.0888788   0.483187
 0.0181418 -0.0888805   0.483169
 0.0181378 -0.0888825   0.483151
 0.0181337 -0.0888839   0.483133
 0.0181297 -0.0888872   0.483115
 0.0181226 -0.0888878   0.483094
0.0181189  -0.08889  0.483077
 0.0181147 -0.0888928   0.483059
0.0181104 -0.088894  0.483042
 0.0181055 -0.0888973   0.483026
 0.0181013 -0.0888985   0.483009
  0.018097 -0.0888998   0.482993
 0.0180945 -0.0889025   0.482977
 0.0180902 -0.0889034   0.482961
 0.0180861 -0.0889059   0.482944
 0.0180818 -0.0889065   0.482929
0.0180775 -0.088907  0.482913
 0.0180734 -0.0889079   0.482897
 0.0180692 -0.0889084   0.482881
  0.018065 -0.0889086   0.482866
  0.018061 -0.0889091   0.482851
 0.0180568 -0.0889106   0.482835
 0.0180526 -0.0889107   0.482821
 0.0180486 -0.0889109   0.482806
 0.0180444 -0.0889109   0.482791
 0.0180402 -0.0889109   0.482776
 0.0180367 -0.0889115   0.482762
 0.0180325 -0.0889113   0.482748
 0.0180283 -0.0889126   0.482734
 0.0180243 -0.0889127   0.482719
 0.0180202 -0.0889125   0.482706
  0.018016 -0.0889126   0.482692
0.0180121 -0.088913  0.482678
 0.0180079 -0.0889129   0.482664
 0.0180039 -0.0889131   0.482651
 0.0179998 -0.0889147   0.482637
 0.0179952 -0.0889067   0.482622
  0.017991 -0.0889066   0.482609
 0.0179869 -0.0889068   0.482596
 0.0179829 -0.0889088   0.482582
0.0179787 -0.088909   0.48257
 0.0179745 -0.0889093   0.482557
 0.0179706 -0.0889099   0.482544
 0.0179664 -0.0889103   0.482532
 0.0179625 -0.0889112   0.482519
 0.0179583 -0.0889116   0.482507
 0.0179542 -0.0889121   0.482495
 0.0179503 -0.0889145   0.482482
0.0179462 -0.088915  0.482471
 0.0179421 -0.0889157   0.482459
 0.0179382 -0.0889168   0.482447
 0.0179332 -0.0889188   0.482436
 0.0179301 -0.0889177   0.482424
 0.0179244 -0.0889213   0.482413
 0.0179213 -0.0889208   0.482401
 0.0179185 -0.0889242   0.482391
 0.0179147 -0.0889249   0.482379
 0.0179108 -0.0889252   0.482368
 0.0179071 -0.0889259   0.482357
 0.0179023 -0.0889271   0.482346
 0.0178994 -0.0889262   0.482335
 0.0178948 -0.0889277   0.482324
  0.017892 -0.0889267   0.482314
 0.0178883 -0.0889282   0.482303
 0.0178848 -0.0889285   0.482292
 0.0178811 -0.0889283   0.482282
 0.0178778 -0.0889286   0.482272
 0.0178734 -0.0889297   0.482261
 0.0178707 -0.0889283   0.482251
 0.0178664 -0.0889295   0.482241
 0.0178638 -0.0889282   0.482231
 0.0178588 -0.0889296   0.482218
 0.0178543 -0.0889307   0.482209
 0.0178508 -0.0889304   0.482199
 0.0178475 -0.0889319   0.482189
  0.017844 -0.0889312   0.482179
 0.0178405 -0.0889315   0.482169
 0.0178372 -0.0889304    0.48216
 0.0178336 -0.0889306   0.482151
0.0178306  -0.08893  0.482141
 0.0178283 -0.0889307   0.482132
0.0178249  -0.08893  0.482123
 0.0178218 -0.0889296   0.482114
 0.0178184 -0.0889303   0.482104
0.0178149  -0.08893  0.482095
  0.017812 -0.0889292   0.482086
0.0178085 -0.088929  0.482077
 0.0178056 -0.0889281   0.482068
 0.0178024 -0.0889277   0.482059
 0.0177991 -0.0889268   0.482051
 0.0177961 -0.0889266   0.482042
 0.0177928 -0.0889275   0.482033
 0.0177896 -0.0889265   0.482025
 0.0177864 -0.0889268   0.482016
 0.0177833 -0.0889256   0.482008
 0.0177803 -0.0889259   0.481999
 0.0177775 -0.0889252   0.481991
0.0177745 -0.088925  0.481983
 0.0177715 -0.0889181   0.481973
 0.0177674 -0.0889191   0.481966
 0.0177635 -0.0889202   0.481957
 0.0177614 -0.0889184    0.48195
 0.0177575 -0.0889194   0.481941
 0.0177554 -0.0889179   0.481934
 0.0177522 -0.0889199   0.481927
 0.0177503 -0.0889205   0.481918
 0.0177473 -0.0889202   0.481911
 0.0177444 -0.0889198   0.481903
 0.0177415 -0.0889199   0.481895
 0.0177386 -0.0889198   0.481888
 0.0177346 -0.0889206    0.48188
 0.0177328 -0.0889197   0.481873
 0.0177289 -0.0889205   0.481865
 0.0177271 -0.0889197   0.481858
 0.0177233 -0.0889206    0.48185
 0.0177214 -0.0889209   0.481843
 0.0177187 -0.0889211   0.481836
 0.0177161 -0.0889211   0.481829
 0.0177133 -0.0889211   0.481822
 0.0177087 -0.0889236   0.481815
0.0177056 -0.088924  0.481805
 0.0177031 -0.0889232   0.481801
 0.0176999 -0.0889232   0.481792
 0.0176972 -0.0889237   0.481784
 0.0176959 -0.0889229    0.48178
 0.017694 -0.088921  0.481773
 0.0176904 -0.0889217   0.481767
 0.0176889 -0.0889202   0.481759
 0.0176848 -0.0889202   0.481752
 0.0176831 -0.0889184   0.481746
 0.0176797 -0.0889191   0.481739
  0.017678 -0.0889173   0.481732
 0.0176746 -0.0889179   0.481725
  0.017673 -0.0889162   0.481719
0.0176704 -0.088917  0.481712
  0.017668 -0.0889166   0.481706
 0.0176655 -0.0889158     0.4817
  0.017663 -0.0889151   0.481693
 0.0176607 -0.0889149   0.481687
 0.0176572 -0.0889151   0.481681
 0.0176557 -0.0889135   0.481675
 0.0176524 -0.0889142   0.481669
  0.017651 -0.0889126   0.481663
 0.0176478 -0.0889134   0.481657
 0.0176464 -0.0889133   0.481651
  0.017644 -0.0889127   0.481645
 0.0176419 -0.0889125   0.481639
0.0176395 -0.088912  0.481633
 0.0176374 -0.0889118   0.481628
 0.0176333 -0.0889137   0.481622
  0.017632 -0.0889122   0.481617
  0.017629 -0.0889133   0.481611
 0.0176276 -0.0889116   0.481606
 0.0176244 -0.0889124     0.4816
 0.0176233 -0.0889127   0.481594
0.0176201 -0.088913  0.481586
 0.0176179 -0.0889125   0.481581
0.0176163 -0.088913  0.481576
  0.017614 -0.0889148    0.48157
 0.0176119 -0.0889136   0.481564
 0.0176095 -0.0889135   0.481559
 0.0176076 -0.0889126   0.481554
 0.0176053 -0.0889126   0.481548
 0.0176034 -0.0889116   0.481543
  0.017601 -0.0889118   0.481537
  0.017599 -0.0889103   0.481532
  0.017597 -0.0889098   0.481527
0.0175948 -0.088909  0.481522
 0.0175926 -0.0889097   0.481517
 0.0175904 -0.0889095   0.481511
 0.0175885 -0.0889078   0.481507
 0.0175861 -0.0889075   0.481502
 0.0175844 -0.0889064   0.481497
 0.0175821 -0.0889061   0.481492
0.0175803 -0.088905  0.481487
 0.0175783 -0.0889043   0.481482
 0.0175762 -0.0889033   0.481478
 0.0175744 -0.0889027   0.481473
 0.0175724 -0.0889018   0.481468
 0.0175702 -0.0889029   0.481463
 0.0175685 -0.0889017   0.481458
 0.0175663 -0.0889012   0.481454
 0.0175647 -0.0889003   0.481449
0.0175626   -0.0889  0.481445
  0.017561 -0.0888989    0.48144
0.0175582   -0.0889  0.481436
0.0175565 -0.088899  0.481432
 0.0175559 -0.0888937   0.481427
  0.017554 -0.0888928   0.481423
 0.0175523 -0.0888925   0.481418
0.0175504 -0.088892  0.481414
 0.0175474 -0.0888923   0.481409
 0.0175467 -0.0888909   0.481405
 0.0175438 -0.0888914   0.481401
  0.017543 -0.0888903   0.481396
0.0175401 -0.088891  0.481392
 0.0175392 -0.0888896   0.481388
 0.0175374 -0.0888911   0.481384
 0.0175355 -0.0888907   0.481379
 0.0175336 -0.0888905   0.481375
 0.0175318 -0.0888905   0.481371
 0.0175299 -0.0888902   0.481367
 0.0175271 -0.0888915   0.481363
 0.0175261 -0.0888901   0.481359
0.0175233 -0.088891  0.481355
 0.0175225 -0.0888901   0.481351
 0.0175187 -0.0888916   0.481348
  0.017518 -0.0888906   0.481344
 0.0175153 -0.0888919    0.48134
0.0175152 -0.088891  0.481335
 0.0175135 -0.0888907   0.481331
 0.0175117 -0.0888903   0.481328
 0.0175099 -0.0888897   0.481324
0.0175066 -0.088892   0.48132
 0.0175058 -0.0888902   0.481317
 0.0175031 -0.0888907   0.481313
 0.0175021 -0.0888924   0.481308
 0.0175004 -0.0888927   0.481304
 0.0174989 -0.0888914     0.4813
 0.0174972 -0.0888916   0.481296
 0.0174957 -0.0888903   0.481293
 0.0174941 -0.0888896   0.481289
 0.0174927 -0.0888891   0.481285
 0.0174911 -0.0888881   0.481282
0.0174895 -0.088887  0.481279
 0.0174881 -0.0888879   0.481275
 0.0174865 -0.0888867   0.481271
 0.0174841 -0.0888873   0.481268
0.0174829 -0.088886  0.481265
 0.0174812 -0.0888855   0.481262
 0.0174801 -0.0888842   0.481258
 0.0174784 -0.0888838   0.481255
  0.017477 -0.0888823   0.481252
 0.0174757 -0.0888818   0.481249
 0.0174743 -0.0888806   0.481245
 0.0174729 -0.0888799   0.481242
 0.0174715 -0.0888789   0.481239
   0.01747 -0.0888779   0.481236
 0.0174688 -0.0888738   0.481232
0.0174685 -0.088872  0.481229
  0.017466 -0.0888723   0.481226
 0.0174655 -0.0888704   0.481223
0.0174632 -0.088871  0.481219
 0.0174626 -0.0888692   0.481216
0.0174603  -0.08887  0.481213
 0.0174598 -0.0888686    0.48121
 0.0174582 -0.0888696   0.481207
 0.0174569 -0.0888694   0.481204
0.0174553 -0.088869  0.481201
 0.0174538 -0.0888686   0.481198
 0.0174515 -0.0888697   0.481196
  0.017449 -0.0888704   0.481193
 0.0174486 -0.0888693    0.48119
  0.017446 -0.0888702   0.481187
 0.0174464 -0.0888682   0.481184
  0.017444 -0.0888696   0.481181
 0.0174435 -0.0888683   0.481178
 0.0174402 -0.0888698   0.481176
 0.0174398 -0.0888689   0.481173
 0.0174384 -0.0888703   0.481171
 0.0174371 -0.0888702   0.481168
0.0174357  -0.08887  0.481165
 0.0174343 -0.0888696   0.481162
 0.0174332 -0.0888697   0.481159
 0.0174311 -0.0888713   0.481157
 0.0174307 -0.0888697   0.481154
 0.0174285 -0.0888705   0.481151
 0.0174281 -0.0888689   0.481149
 0.0174259 -0.0888698   0.481146
 0.0174255 -0.0888682   0.481144
 0.0174233 -0.0888712   0.481139
 0.0174221 -0.0888699   0.481136
 0.0174209 -0.0888699   0.481133
 0.0174196 -0.0888691   0.481131
 0.0174182 -0.0888683   0.481129
  0.017417 -0.0888678   0.481126
 0.0174157 -0.0888669   0.481123
 0.0174143 -0.0888684    0.48112
0.0174132 -0.088867  0.481118
 0.0174117 -0.0888665   0.481116
 0.0174108 -0.0888653   0.481113
 0.0174093 -0.0888649   0.481111
 0.0174083 -0.0888634   0.481109
  0.017407 -0.0888635   0.481106
  0.017406 -0.0888619   0.481104
 0.0174048 -0.0888619   0.481102
 0.0174038 -0.0888606   0.481099
 0.0174027 -0.0888595   0.481097
 0.0174017 -0.0888588   0.481095
 0.0174006 -0.0888578   0.481093
 0.0173996 -0.0888572    0.48109
 0.0173982 -0.0888584   0.481088
 0.0173972 -0.0888568   0.481086
 0.0173961 -0.0888568   0.481084
 0.0173951 -0.0888554   0.481082
 0.0173938 -0.0888552    0.48108
  0.017393 -0.0888542   0.481077
 0.0173916 -0.0888541   0.481075
 0.0173908 -0.0888531   0.481073
 0.0173886 -0.0888539   0.481072
0.0173876 -0.088853   0.48107
 0.0173866 -0.0888526   0.481067
 0.0173855 -0.0888521   0.481065
 0.0173844 -0.0888515   0.481063
 0.0173835 -0.0888517   0.481062
0.0173819 -0.088852  0.481059
 0.0173812 -0.0888524   0.481057
 0.0173798 -0.0888525   0.481055
 0.0173788 -0.0888513   0.481053
 0.0173786 -0.0888446   0.481051
 0.0173766 -0.0888454   0.481049
 0.0173763 -0.0888438   0.481047
 0.0173743 -0.0888447   0.481044
  0.017374 -0.0888432   0.481043
 0.0173718 -0.0888438   0.481041
 0.0173717 -0.0888442   0.481038
 0.0173705 -0.0888436   0.481037
 0.0173693 -0.0888432   0.481035
 0.0173683 -0.0888431   0.481033
 0.0173671 -0.0888427   0.481031
 0.0173651 -0.0888439   0.481029
 0.0173648 -0.0888424   0.481027
 0.0173627 -0.0888433   0.481026
 0.0173619 -0.0888426   0.481024
 0.0173605 -0.0888429   0.481022
 0.0173598 -0.0888423   0.481021
 0.0173577 -0.0888431   0.481019
 0.0173576 -0.0888416   0.481017
 0.0173557 -0.0888429   0.481015
 0.0173556 -0.0888414   0.481014
0.0173547 -0.088843  0.481012
 0.0173538 -0.0888425    0.48101
0.0173527 -0.088842  0.481008
 0.0173519 -0.0888419   0.481007
  0.017351 -0.0888416   0.481005
   0.01735 -0.0888411   0.481003
 0.0173488 -0.0888447      0.481
0.0173478 -0.088845  0.480998
  0.017347 -0.0888438   0.480997
  0.017346 -0.0888441   0.480995
 0.0173451 -0.0888429   0.480993
  0.017344 -0.0888429   0.480991
0.0173433 -0.088842   0.48099
 0.0173421 -0.0888418   0.480988
 0.0173414 -0.0888409   0.480986
 0.0173402 -0.0888409   0.480985
 0.0173386 -0.0888401   0.480984
 0.0173378 -0.0888397   0.480982
 0.0173369 -0.0888387   0.480981
  0.017336 -0.0888381   0.480979
  0.017335 -0.0888372   0.480978
 0.0173341 -0.0888381   0.480976
 0.0173331 -0.0888377   0.480974
 0.0173323 -0.0888363   0.480973
 0.0173314 -0.0888366   0.480972
 0.0173308 -0.0888356    0.48097
 0.0173311 -0.0888286   0.480969
 0.0173292 -0.0888288   0.480967
 0.0173294 -0.0888272   0.480966
 0.0173275 -0.0888275   0.480964
 0.0173275 -0.0888258   0.480963
 0.0173258 -0.0888265   0.480961
 0.0173258 -0.0888265    0.48096
0.0173251 -0.088826  0.480958
 0.0173242 -0.0888254   0.480957
 0.0173232 -0.0888249   0.480956
 0.0173225 -0.0888249   0.480954
 0.0173215 -0.0888245   0.480953
0.0173199 -0.088825  0.480952
 0.0173179 -0.0888257   0.480951
 0.0173187 -0.0888238   0.480949
 0.0173162 -0.0888255   0.480948
0.0173162 -0.088824  0.480947
 0.0173144 -0.0888252   0.480946
 0.0173144 -0.0888239   0.480945
 0.0173124 -0.0888248   0.480943
0.0173126 -0.088824  0.480942
 0.0173107 -0.0888249   0.480941
 0.0173109 -0.0888239   0.480939
 0.0173089 -0.0888248   0.480938
 0.017309 -0.088825  0.480937
 0.0173083 -0.0888251   0.480935
 0.0173076 -0.0888253   0.480934
0.0173067 -0.088825  0.480933
 0.0173054 -0.0888268    0.48093
 0.0173047 -0.0888284   0.480928
 0.0173036 -0.0888282   0.480927
 0.0173029 -0.0888274   0.480926
 0.0173018 -0.0888275   0.480925
 0.0173011 -0.0888262   0.480924
 0.0173002 -0.0888266   0.480922
 0.0172995 -0.0888253   0.480921
 0.0172986 -0.0888255    0.48092
 0.0172979 -0.0888242   0.480919
0.0172969 -0.088824  0.480917
0.0172964 -0.088823  0.480916
 0.0172954 -0.0888228   0.480915
  0.017295 -0.0888218   0.480914
