 0.016542 -0.105375  0.508565
 0.016542 -0.105374  0.508563
0.0165421 -0.105369  0.508555
0.0165422 -0.105362  0.508543
0.0165423 -0.105351  0.508525
0.0165426 -0.105338  0.508502
0.0165428 -0.105321  0.508474
0.0165431 -0.105301  0.508441
0.0165435 -0.105279  0.508403
0.0165439 -0.105253   0.50836
0.0165443 -0.105225  0.508312
0.0165448 -0.105193  0.508259
0.0165453 -0.105158  0.508201
0.0165459 -0.105121  0.508138
0.0165465  -0.10508  0.508069
0.0165472 -0.105036  0.507996
0.0165479  -0.10499  0.507918
0.0165487  -0.10494  0.507834
0.0165495 -0.104887  0.507746
0.0165504 -0.104832  0.507652
0.0165513 -0.104773  0.507554
0.0165522 -0.104711   0.50745
0.0165532 -0.104646  0.507341
0.0165543 -0.104579  0.507227
0.0165554 -0.104508  0.507108
0.0165565 -0.104434  0.506985
0.0165577 -0.104357  0.506856
0.0165589 -0.104278  0.506722
0.0165602 -0.104195  0.506583
0.0165615 -0.104109  0.506439
0.0165629  -0.10402  0.506289
0.0165643 -0.103928  0.506135
0.0165658 -0.103833  0.505976
0.0165673 -0.103736  0.505811
0.0165688 -0.103635  0.505642
0.0165704 -0.103531  0.505467
0.0165721 -0.103424  0.505288
0.0165738 -0.103314  0.505103
0.0165755 -0.103201  0.504913
0.0165773 -0.103085  0.504718
0.0165792 -0.102966  0.504518
 0.016581 -0.102844  0.504313
 0.016583 -0.102719  0.504103
0.0165849 -0.102591  0.503888
0.016587 -0.10246 0.503668
 0.016589 -0.102326  0.503443
0.0165912 -0.102189  0.503213
0.0165933 -0.102049  0.502978
0.0165955 -0.101906  0.502737
0.0165978  -0.10176  0.502492
0.0166001  -0.10161  0.502242
0.0166024 -0.101458  0.501986
0.0166048 -0.101303  0.501726
0.0166073 -0.101145   0.50146
0.0166097 -0.100984  0.501189
0.0166123  -0.10082  0.500914
0.0166149 -0.100653  0.500633
0.0166175 -0.100483  0.500347
0.0166201 -0.100309  0.500056
0.0166229 -0.100133   0.49976
0.0166256 -0.099954  0.499459
 0.0166284 -0.0997718   0.499153
 0.0166313 -0.0995862   0.498842
0.0166342 -0.099398  0.498525
 0.0166372 -0.0992068   0.498204
 0.0166402 -0.0990124   0.497878
 0.0166432 -0.0988152   0.497546
 0.0166463 -0.0986149    0.49721
 0.0166494 -0.0984117   0.496869
 0.0166526 -0.0982054   0.496522
 0.0166559 -0.0979962   0.496171
 0.0166591 -0.0977839   0.495814
 0.0166624 -0.0975686   0.495453
 0.0166658 -0.0973501   0.495086
 0.0166692 -0.0971288   0.494714
 0.0166727 -0.0969041   0.494336
 0.0166762 -0.0966791   0.493959
 0.0166796 -0.0964571   0.493586
  0.016683 -0.0962381   0.493218
0.0166863 -0.096022  0.492855
 0.0166896 -0.0958088   0.492497
 0.0166928 -0.0955988   0.492144
  0.016696 -0.0953915   0.491796
 0.0166992 -0.0951876   0.491453
 0.0167023 -0.0949866   0.491116
 0.0167054 -0.0947887   0.490783
 0.0167084 -0.0945935   0.490455
 0.0167113 -0.0944016   0.490133
 0.0167142 -0.0942127   0.489816
 0.0167171 -0.0940268   0.489503
 0.0167199 -0.0938439   0.489196
0.0167227 -0.093664  0.488894
 0.0167254 -0.0934871   0.488597
 0.0167281 -0.0933132   0.488305
 0.0167308 -0.0931424   0.488018
 0.0167333 -0.0929748   0.487736
 0.0167359 -0.0928097   0.487459
 0.0167384 -0.0926479   0.487187
 0.0167408 -0.0924891    0.48692
 0.0167432 -0.0923332   0.486659
 0.0167456 -0.0921803   0.486402
 0.0167479 -0.0920304    0.48615
 0.0167502 -0.0918836   0.485903
 0.0167524 -0.0917399   0.485662
 0.0167546 -0.0915992   0.485426
 0.0167567 -0.0914613   0.485194
 0.0167588 -0.0913266   0.484968
 0.0167608 -0.0911949   0.484747
 0.0167628 -0.0910662    0.48453
 0.0167647 -0.0909405   0.484319
 0.0167666 -0.0908178   0.484113
 0.0167685 -0.0906982   0.483912
 0.0167703 -0.0905815   0.483716
  0.016772 -0.0904679   0.483525
 0.0167737 -0.0903571   0.483339
 0.0167754 -0.0902495   0.483159
  0.016777 -0.0901449   0.482983
 0.0167786 -0.0900433   0.482812
 0.0167801 -0.0899447   0.482647
 0.0167816 -0.0898492   0.482486
  0.016783 -0.0897565   0.482331
0.0167844 -0.089667   0.48218
 0.0167857 -0.0895804   0.482035
  0.016787 -0.0894969   0.481894
 0.0167883 -0.0894163   0.481759
 0.0167895 -0.0893387   0.481629
 0.0167906 -0.0892641   0.481503
 0.0167917 -0.0891926   0.481383
 0.0167928 -0.0891241   0.481268
 0.0167938 -0.0890585   0.481158
 0.0167947 -0.0889961   0.481053
 0.0167957 -0.0889367   0.480953
 0.0167965 -0.0888803   0.480859
 0.0167974 -0.0888269   0.480769
 0.0167981 -0.0887765   0.480684
 0.0167989 -0.0887291   0.480605
 0.0167996 -0.0886848    0.48053
 0.0168002 -0.0886434   0.480461
0.0168008 -0.088605  0.480396
 0.0168013 -0.0885697   0.480337
 0.0168018 -0.0885373   0.480283
0.0168023 -0.088508  0.480233
 0.0168027 -0.0884817   0.480189
  0.016803 -0.0884584    0.48015
 0.0168034 -0.0884381   0.480116
 0.0168036 -0.0884209   0.480087
 0.0168038 -0.0884066   0.480063
  0.016804 -0.0883954   0.480044
 0.0168041 -0.0883871    0.48003
 0.0168042 -0.0883819   0.480022
 0.0168043 -0.0883797   0.480018
 0.0168043 -0.0883796   0.480018
 0.0168043 -0.0883796   0.480018
 0.0168043 -0.0883796   0.480018
 0.0168043 -0.0883796   0.480018
 0.0168043 -0.0883796   0.480018
 0.0168043 -0.0883796   0.480018
 0.0168043 -0.0883796   0.480018
 0.0168043 -0.0883796   0.480018
 0.0168043 -0.0883796   0.480018
 0.0168043 -0.0883796   0.480018
 0.0168043 -0.0883796   0.480018
 0.0168043 -0.0883796   0.480018
 0.0168043 -0.0883796   0.480018
 0.0168043 -0.0883796   0.480018
 0.0168043 -0.0883796   0.480018
 0.0168043 -0.0883796   0.480018
 0.0168043 -0.0883796   0.480018
 0.0168043 -0.0883796   0.480018
 0.0168043 -0.0883796   0.480018
 0.0168043 -0.0883796   0.480018
 0.0168043 -0.0883796   0.480018
 0.0168043 -0.0883796   0.480018
 0.0168043 -0.0883796   0.480018
 0.0168043 -0.0883796   0.480018
 0.0168043 -0.0883796   0.480018
 0.0168043 -0.0883796   0.480018
 0.0168043 -0.0883796   0.480018
 0.0168043 -0.0883796   0.480018
 0.0168043 -0.0883796   0.480018
 0.0168043 -0.0883796   0.480018
 0.0168043 -0.0883796   0.480018
 0.0168043 -0.0883796   0.480018
 0.0168043 -0.0883796   0.480018
 0.0168043 -0.0883796   0.480018
 0.0168043 -0.0883796   0.480018
 0.0168043 -0.0883796   0.480018
 0.0168043 -0.0883796   0.480018
 0.0168043 -0.0883796   0.480018
 0.0168043 -0.0883796   0.480018
 0.0168043 -0.0883796   0.480018
 0.0168043 -0.0883796   0.480018
 0.0168043 -0.0883796   0.480018
 0.0168043 -0.0883796   0.480018
 0.0168043 -0.0883796   0.480018
 0.0168043 -0.0883796   0.480018
 0.0168043 -0.0883796   0.480018
 0.0168043 -0.0883796   0.480018
 0.0168043 -0.0883796   0.480018
 0.0168043 -0.0883796   0.480018
 0.0168043 -0.0883796   0.480018
 0.0168043 -0.0883796   0.480018
 0.0168043 -0.0883796   0.480018
 0.0168043 -0.0883796   0.480018
 0.0168043 -0.0883796   0.480018
 0.0168043 -0.0883796   0.480018
 0.0168043 -0.0883796   0.480018
 0.0168043 -0.0883796   0.480018
 0.0168043 -0.0883796   0.480018
 0.0168043 -0.0883796   0.480018
 0.0168043 -0.0883796   0.480018
 0.0168043 -0.0883796   0.480018
 0.0168043 -0.0883796   0.480018
 0.0168043 -0.0883796   0.480018
 0.0168043 -0.0883796   0.480018
 0.0168043 -0.0883796   0.480018
 0.0168043 -0.0883796   0.480018
 0.0168043 -0.0883796   0.480018
 0.0168043 -0.0883796   0.480018
 0.0168043 -0.0883796   0.480018
 0.0168043 -0.0883796   0.480018
 0.0168043 -0.0883796   0.480018
 0.0168043 -0.0883796   0.480018
 0.0168043 -0.0883796   0.480018
 0.0168043 -0.0883796   0.480018
 0.0168043 -0.0883796   0.480018
 0.0168043 -0.0883796   0.480018
 0.0168043 -0.0883796   0.480018
 0.0168043 -0.0883796   0.480018
 0.0168043 -0.0883796   0.480018
 0.0168043 -0.0883796   0.480018
 0.0168043 -0.0883796   0.480018
 0.0168043 -0.0883796   0.480018
 0.0168043 -0.0883796   0.480018
 0.0168043 -0.0883796   0.480018
 0.0168043 -0.0883796   0.480018
 0.0168043 -0.0883796   0.480018
 0.0168043 -0.0883796   0.480018
 0.0168043 -0.0883796   0.480018
 0.0168043 -0.0883796   0.480018
 0.0168043 -0.0883796   0.480018
 0.0168043 -0.0883796   0.480018
 0.0168043 -0.0883796   0.480018
 0.0168043 -0.0883796   0.480018
 0.0168043 -0.0883796   0.480018
 0.0168043 -0.0883796   0.480018
 0.0168043 -0.0883796   0.480018
 0.0168043 -0.0883796   0.480018
 0.0168043 -0.0883796   0.480018
 0.0168043 -0.0883796   0.480018
 0.0168043 -0.0883796   0.480018
 0.0168043 -0.0883796   0.480018
 0.0168043 -0.0883796   0.480018
 0.0168043 -0.0883796   0.480018
 0.0168043 -0.0883796   0.480018
 0.0168043 -0.0883796   0.480018
 0.0168043 -0.0883796   0.480018
 0.0168043 -0.0883796   0.480018
 0.0168043 -0.0883796   0.480018
 0.0168043 -0.0883796   0.480018
 0.0168043 -0.0883796   0.480018
 0.0168043 -0.0883796   0.480018
 0.0168043 -0.0883796   0.480018
 0.0168043 -0.0883796   0.480018
 0.0168043 -0.0883796   0.480018
 0.0168043 -0.0883796   0.480018
 0.0168043 -0.0883796   0.480018
 0.0168043 -0.0883796   0.480018
 0.0168043 -0.0883796   0.480018
 0.0168043 -0.0883796   0.480018
 0.0168043 -0.0883796   0.480018
 0.0168043 -0.0883796   0.480018
 0.0168043 -0.0883796   0.480018
 0.0168043 -0.0883796   0.480018
 0.0168043 -0.0883796   0.480018
 0.0168043 -0.0883796   0.480018
 0.0168043 -0.0883796   0.480018
 0.0168043 -0.0883796   0.480018
 0.0168043 -0.0883796   0.480018
 0.0168043 -0.0883796   0.480018
 0.0168043 -0.0883796   0.480018
 0.0168043 -0.0883796   0.480018
 0.0168043 -0.0883796   0.480018
 0.0168043 -0.0883796   0.480018
 0.0168043 -0.0883796   0.480018
 0.0168043 -0.0883796   0.480018
 0.0168043 -0.0883796   0.480018
 0.0168043 -0.0883796   0.480018
 0.0168043 -0.0883796   0.480018
 0.0168043 -0.0883796   0.480018
 0.0168043 -0.0883796   0.480018
 0.0168043 -0.0883796   0.480018
 0.0168043 -0.0883796   0.480018
 0.0168043 -0.0883796   0.480018
 0.0168043 -0.0883796   0.480018
 0.0168043 -0.0883796   0.480018
 0.0168043 -0.0883796   0.480018
 0.0168043 -0.0883796   0.480018
 0.0168043 -0.0883796   0.480018
 0.0168043 -0.0883796   0.480018
 0.0168043 -0.0883796   0.480018
 0.0168043 -0.0883796   0.480018
 0.0168043 -0.0883796   0.480018
 0.0168043 -0.0883796   0.480018
 0.0168043 -0.0883796   0.480018
 0.0168043 -0.0883796   0.480018
 0.0168043 -0.0883796   0.480018
 0.0168043 -0.0883796   0.480018
 0.0168043 -0.0883796   0.480018
 0.0168043 -0.0883796   0.480018
 0.0168043 -0.0883796   0.480018
 0.0168043 -0.0883796   0.480018
 0.0168043 -0.0883796   0.480018
 0.0168043 -0.0883796   0.480018
 0.0168043 -0.0883796   0.480018
 0.0168043 -0.0883796   0.480018
 0.0168043 -0.0883796   0.480018
 0.0168043 -0.0883796   0.480018
 0.0168043 -0.0883796   0.480018
 0.0168043 -0.0883796   0.480018
 0.0168043 -0.0883796   0.480018
 0.0168043 -0.0883796   0.480018
 0.0168043 -0.0883796   0.480018
 0.0168043 -0.0883796   0.480018
 0.0168043 -0.0883796   0.480018
 0.0168043 -0.0883796   0.480018
 0.0168043 -0.0883796   0.480018
 0.0168043 -0.0883796   0.480018
 0.0168043 -0.0883796   0.480018
 0.0168043 -0.0883796   0.480018
 0.0168043 -0.0883796   0.480018
 0.0168043 -0.0883796   0.480018
 0.0168043 -0.0883796   0.480018
 0.0168043 -0.0883796   0.480018
 0.0168043 -0.0883796   0.480018
 0.0168043 -0.0883796   0.480018
 0.0168043 -0.0883796   0.480018
 0.0168043 -0.0883796   0.480018
 0.0168043 -0.0883796   0.480018
 0.0168043 -0.0883796   0.480018
 0.0168043 -0.0883796   0.480018
 0.0168043 -0.0883796   0.480018
 0.0168043 -0.0883796   0.480018
 0.0168043 -0.0883796   0.480018
 0.0168043 -0.0883796   0.480018
 0.0168043 -0.0883796   0.480018
 0.0168043 -0.0883796   0.480018
 0.0168043 -0.0883796   0.480018
 0.0168043 -0.0883796   0.480018
 0.0168043 -0.0883796   0.480018
 0.0168043 -0.0883796   0.480018
 0.0168043 -0.0883796   0.480018
 0.0168043 -0.0883796   0.480018
 0.0168043 -0.0883796   0.480018
 0.0168043 -0.0883796   0.480018
 0.0168043 -0.0883796   0.480018
 0.0168043 -0.0883796   0.480018
 0.0168043 -0.0883796   0.480018
 0.0168043 -0.0883796   0.480018
 0.0168043 -0.0883796   0.480018
 0.0168043 -0.0883796   0.480018
 0.0168043 -0.0883796   0.480018
 0.0168043 -0.0883796   0.480018
 0.0168043 -0.0883796   0.480018
 0.0168043 -0.0883796   0.480018
 0.0168043 -0.0883796   0.480018
 0.0168043 -0.0883796   0.480018
 0.0168043 -0.0883796   0.480018
 0.0168043 -0.0883796   0.480018
 0.0168043 -0.0883796   0.480018
 0.0168043 -0.0883796   0.480018
 0.0168043 -0.0883796   0.480018
 0.0168043 -0.0883796   0.480018
 0.0168043 -0.0883796   0.480018
 0.0168043 -0.0883796   0.480018
 0.0168043 -0.0883796   0.480018
 0.0168043 -0.0883796   0.480018
 0.0168043 -0.0883796   0.480018
 0.0168043 -0.0883796   0.480018
 0.0168043 -0.0883796   0.480018
 0.0168043 -0.0883796   0.480018
 0.0168043 -0.0883796   0.480018
 0.0168043 -0.0883796   0.480018
 0.0168043 -0.0883796   0.480018
 0.0168043 -0.0883796   0.480018
 0.0168043 -0.0883796   0.480018
 0.0168043 -0.0883796   0.480018
 0.0168043 -0.0883796   0.480018
 0.0168043 -0.0883796   0.480018
 0.0168043 -0.0883796   0.480018
 0.0168043 -0.0883796   0.480018
 0.0168043 -0.0883796   0.480018
 0.0168043 -0.0883796   0.480018
 0.0168043 -0.0883796   0.480018
 0.0168043 -0.0883796   0.480018
 0.0168043 -0.0883796   0.480018
 0.0168043 -0.0883796   0.480018
 0.0168043 -0.0883796   0.480018
 0.0168043 -0.0883796   0.480018
 0.0168043 -0.0883796   0.480018
 0.0168043 -0.0883796   0.480018
 0.0168043 -0.0883796   0.480018
 0.0168043 -0.0883796   0.480018
 0.0168043 -0.0883796   0.480018
 0.0168043 -0.0883796   0.480018
 0.0168043 -0.0883796   0.480018
 0.0168043 -0.0883796   0.480018
 0.0168043 -0.0883796   0.480018
 0.0168043 -0.0883796   0.480018
 0.0168043 -0.0883796   0.480018
 0.0168043 -0.0883796   0.480018
 0.0168043 -0.0883796   0.480018
 0.0168043 -0.0883796   0.480018
 0.0168043 -0.0883796   0.480018
 0.0168043 -0.0883796   0.480018
 0.0168043 -0.0883796   0.480018
 0.0168043 -0.0883796   0.480018
 0.0168043 -0.0883796   0.480018
 0.0168043 -0.0883796   0.480018
 0.0168043 -0.0883796   0.480018
 0.0168043 -0.0883796   0.480018
 0.0168043 -0.0883796   0.480018
 0.0168043 -0.0883796   0.480018
 0.0168043 -0.0883796   0.480018
 0.0168043 -0.0883796   0.480018
 0.0168043 -0.0883796   0.480018
 0.0168043 -0.0883796   0.480018
 0.0168043 -0.0883796   0.480018
 0.0168043 -0.0883796   0.480018
 0.0168043 -0.0883796   0.480018
 0.0168043 -0.0883796   0.480018
 0.0168043 -0.0883796   0.480018
 0.0168043 -0.0883796   0.480018
 0.0168043 -0.0883796   0.480018
 0.0168043 -0.0883796   0.480018
 0.0168043 -0.0883796   0.480018
 0.0168043 -0.0883796   0.480018
 0.0168043 -0.0883796   0.480018
 0.0168043 -0.0883796   0.480018
 0.0168043 -0.0883796   0.480018
 0.0168043 -0.0883796   0.480018
 0.0168043 -0.0883796   0.480018
 0.0168043 -0.0883796   0.480018
 0.0168043 -0.0883796   0.480018
 0.0168043 -0.0883796   0.480018
 0.0168043 -0.0883796   0.480018
 0.0168043 -0.0883796   0.480018
 0.0168043 -0.0883796   0.480018
 0.0168043 -0.0883796   0.480018
 0.0168043 -0.0883796   0.480018
 0.0168043 -0.0883796   0.480018
 0.0168043 -0.0883796   0.480018
 0.0168043 -0.0883796   0.480018
 0.0168043 -0.0883796   0.480018
 0.0168043 -0.0883796   0.480018
 0.0168043 -0.0883796   0.480018
 0.0168043 -0.0883796   0.480018
 0.0168043 -0.0883796   0.480018
 0.0168043 -0.0883796   0.480018
 0.0168043 -0.0883796   0.480018
 0.0168043 -0.0883796   0.480018
 0.0168043 -0.0883796   0.480018
 0.0168043 -0.0883796   0.480018
 0.0168043 -0.0883796   0.480018
 0.0168043 -0.0883796   0.480018
 0.0168043 -0.0883796   0.480018
 0.0168043 -0.0883796   0.480018
 0.0168043 -0.0883796   0.480018
 0.0168043 -0.0883796   0.480018
 0.0168043 -0.0883796   0.480018
 0.0168043 -0.0883796   0.480018
 0.0168043 -0.0883796   0.480018
 0.0168043 -0.0883796   0.480018
 0.0168043 -0.0883796   0.480018
 0.0168043 -0.0883796   0.480018
 0.0168043 -0.0883796   0.480018
 0.0168043 -0.0883796   0.480018
 0.0168043 -0.0883796   0.480018
 0.0168043 -0.0883796   0.480018
 0.0168043 -0.0883796   0.480018
 0.0168043 -0.0883796   0.480018
 0.0168043 -0.0883796   0.480018
 0.0168043 -0.0883796   0.480018
 0.0168043 -0.0883796   0.480018
 0.0168043 -0.0883796   0.480018
 0.0168043 -0.0883796   0.480018
 0.0168043 -0.0883796   0.480018
 0.0168043 -0.0883796   0.480018
 0.0168043 -0.0883796   0.480018
 0.0168043 -0.0883796   0.480018
 0.0168043 -0.0883796   0.480018
 0.0168043 -0.0883796   0.480018
 0.0168043 -0.0883796   0.480018
 0.0168043 -0.0883796   0.480018
 0.0168043 -0.0883796   0.480018
 0.0168043 -0.0883796   0.480018
 0.0168043 -0.0883796   0.480018
 0.0168043 -0.0883796   0.480018
 0.0168043 -0.0883796   0.480018
 0.0168043 -0.0883796   0.480018
 0.0168043 -0.0883796   0.480018
 0.0168043 -0.0883796   0.480018
 0.0168043 -0.0883796   0.480018
 0.0168043 -0.0883796   0.480018
 0.0168043 -0.0883796   0.480018
 0.0168043 -0.0883796   0.480018
 0.0168043 -0.0883796   0.480018
 0.0168043 -0.0883796   0.480018
 0.0168043 -0.0883796   0.480018
 0.0168043 -0.0883796   0.480018
 0.0168043 -0.0883796   0.480018
 0.0168043 -0.0883796   0.480018
 0.0168043 -0.0883796   0.480018
 0.0168043 -0.0883796   0.480018
 0.0168043 -0.0883796   0.480018
 0.0168043 -0.0883796   0.480018
 0.0168043 -0.0883796   0.480018
 0.0168043 -0.0883796   0.480018
 0.0168043 -0.0883796   0.480018
 0.0168043 -0.0883796   0.480018
 0.0168043 -0.0883796   0.480018
 0.0168043 -0.0883796   0.480018
 0.0168043 -0.0883796   0.480018
 0.0168043 -0.0883796   0.480018
 0.0168043 -0.0883796   0.480018
 0.0168043 -0.0883796   0.480018
 0.0168043 -0.0883796   0.480018
 0.0168043 -0.0883796   0.480018
 0.0168043 -0.0883796   0.480018
 0.0168043 -0.0883796   0.480018
 0.0168043 -0.0883796   0.480018
 0.0168043 -0.0883796   0.480018
 0.0168043 -0.0883796   0.480018
 0.0168043 -0.0883796   0.480018
 0.0168043 -0.0883796   0.480018
 0.0168043 -0.0883796   0.480018
 0.0168043 -0.0883796   0.480018
 0.0168043 -0.0883796   0.480018
 0.0168043 -0.0883796   0.480018
 0.0168043 -0.0883796   0.480018
 0.0168043 -0.0883796   0.480018
 0.0168043 -0.0883796   0.480018
 0.0168043 -0.0883796   0.480018
 0.0168043 -0.0883796   0.480018
 0.0168043 -0.0883796   0.480018
 0.0168043 -0.0883796   0.480018
 0.0168043 -0.0883796   0.480018
 0.0168043 -0.0883796   0.480018
 0.0168043 -0.0883796   0.480018
 0.0168043 -0.0883796   0.480018
 0.0168043 -0.0883796   0.480018
 0.0168043 -0.0883796   0.480018
 0.0168043 -0.0883796   0.480018
 0.0168043 -0.0883796   0.480018
 0.0168043 -0.0883796   0.480018
 0.0168043 -0.0883796   0.480018
 0.0168043 -0.0883796   0.480018
 0.0168043 -0.0883796   0.480018
 0.0168043 -0.0883796   0.480018
 0.0168043 -0.0883796   0.480018
 0.0168043 -0.0883796   0.480018
 0.0168043 -0.0883796   0.480018
 0.0168043 -0.0883796   0.480018
 0.0168043 -0.0883796   0.480018
 0.0168043 -0.0883796   0.480018
 0.0168043 -0.0883796   0.480018
 0.0168043 -0.0883796   0.480018
 0.0168043 -0.0883796   0.480018
 0.0168043 -0.0883796   0.480018
 0.0168043 -0.0883796   0.480018
 0.0168043 -0.0883796   0.480018
 0.0168043 -0.0883796   0.480018
 0.0168043 -0.0883796   0.480018
 0.0168043 -0.0883796   0.480018
 0.0168043 -0.0883796   0.480018
 0.0168043 -0.0883796   0.480018
 0.0168043 -0.0883796   0.480018
 0.0168043 -0.0883796   0.480018
 0.0168043 -0.0883796   0.480018
 0.0168043 -0.0883796   0.480018
 0.0168043 -0.0883796   0.480018
 0.0168043 -0.0883796   0.480018
 0.0168043 -0.0883796   0.480018
 0.0168043 -0.0883796   0.480018
 0.0168043 -0.0883796   0.480018
 0.0168043 -0.0883796   0.480018
 0.0168043 -0.0883796   0.480018
 0.0168043 -0.0883796   0.480018
 0.0168043 -0.0883796   0.480018
 0.0168043 -0.0883796   0.480018
 0.0168043 -0.0883796   0.480018
 0.0168043 -0.0883796   0.480018
 0.0168043 -0.0883796   0.480018
 0.0168043 -0.0883796   0.480018
 0.0168043 -0.0883796   0.480018
 0.0168043 -0.0883796   0.480018
 0.0168043 -0.0883796   0.480018
 0.0168043 -0.0883796   0.480018
 0.0168043 -0.0883796   0.480018
 0.0168043 -0.0883796   0.480018
 0.0168043 -0.0883796   0.480018
 0.0168043 -0.0883796   0.480018
 0.0168043 -0.0883796   0.480018
 0.0168043 -0.0883796   0.480018
 0.0168043 -0.0883796   0.480018
 0.0168043 -0.0883796   0.480018
 0.0168043 -0.0883796   0.480018
 0.0168043 -0.0883796   0.480018
 0.0168043 -0.0883796   0.480018
 0.0168043 -0.0883796   0.480018
 0.0168043 -0.0883796   0.480018
 0.0168043 -0.0883796   0.480018
 0.0168043 -0.0883796   0.480018
 0.0168043 -0.0883796   0.480018
 0.0168043 -0.0883796   0.480018
 0.0168043 -0.0883796   0.480018
 0.0168043 -0.0883796   0.480018
 0.0168043 -0.0883796   0.480018
 0.0168043 -0.0883796   0.480018
 0.0168043 -0.0883796   0.480018
 0.0168043 -0.0883796   0.480018
 0.0168043 -0.0883796   0.480018
 0.0168043 -0.0883796   0.480018
 0.0168043 -0.0883796   0.480018
 0.0168043 -0.0883796   0.480018
 0.0168043 -0.0883796   0.480018
 0.0168043 -0.0883796   0.480018
 0.0168043 -0.0883796   0.480018
 0.0168043 -0.0883796   0.480018
 0.0168043 -0.0883796   0.480018
 0.0168043 -0.0883796   0.480018
 0.0168043 -0.0883796   0.480018
 0.0168043 -0.0883796   0.480018
 0.0168043 -0.0883796   0.480018
 0.0168043 -0.0883796   0.480018
 0.0168043 -0.0883796   0.480018
 0.0168043 -0.0883796   0.480018
 0.0168043 -0.0883796   0.480018
 0.0168043 -0.0883796   0.480018
 0.0168043 -0.0883796   0.480018
 0.0168043 -0.0883796   0.480018
 0.0168043 -0.0883796   0.480018
 0.0168043 -0.0883796   0.480018
 0.0168043 -0.0883796   0.480018
 0.0168043 -0.0883796   0.480018
 0.0168043 -0.0883796   0.480018
 0.0168043 -0.0883796   0.480018
 0.0168043 -0.0883796   0.480018
 0.0168043 -0.0883796   0.480018
 0.0168043 -0.0883796   0.480018
 0.0168043 -0.0883796   0.480018
 0.0168043 -0.0883796   0.480018
 0.0168043 -0.0883796   0.480018
 0.0168043 -0.0883796   0.480018
 0.0168043 -0.0883796   0.480018
 0.0168043 -0.0883796   0.480018
 0.0168043 -0.0883796   0.480018
 0.0168043 -0.0883796   0.480018
 0.0168043 -0.0883796   0.480018
 0.0168043 -0.0883796   0.480018
 0.0168043 -0.0883796   0.480018
 0.0168043 -0.0883796   0.480018
 0.0168043 -0.0883796   0.480018
 0.0168043 -0.0883796   0.480018
 0.0168043 -0.0883796   0.480018
 0.0168043 -0.0883796   0.480018
 0.0168043 -0.0883796   0.480018
 0.0168043 -0.0883796   0.480018
 0.0168043 -0.0883796   0.480018
 0.0168043 -0.0883796   0.480018
 0.0168043 -0.0883796   0.480018
 0.0168043 -0.0883796   0.480018
 0.0168043 -0.0883796   0.480018
 0.0168043 -0.0883796   0.480018
 0.0168043 -0.0883796   0.480018
 0.0168043 -0.0883796   0.480018
 0.0168043 -0.0883796   0.480018
 0.0168043 -0.0883796   0.480018
 0.0168043 -0.0883796   0.480018
 0.0168043 -0.0883796   0.480018
 0.0168043 -0.0883796   0.480018
 0.0168043 -0.0883796   0.480018
 0.0168043 -0.0883796   0.480018
 0.0168043 -0.0883796   0.480018
 0.0168043 -0.0883796   0.480018
 0.0168043 -0.0883796   0.480018
 0.0168043 -0.0883796   0.480018
 0.0168043 -0.0883796   0.480018
 0.0168043 -0.0883796   0.480018
 0.0168043 -0.0883796   0.480018
 0.0168043 -0.0883796   0.480018
 0.0168043 -0.0883796   0.480018
 0.0168043 -0.0883796   0.480018
 0.0168043 -0.0883796   0.480018
 0.0168043 -0.0883796   0.480018
 0.0168043 -0.0883796   0.480018
 0.0168043 -0.0883796   0.480018
 0.0168043 -0.0883796   0.480018
 0.0168043 -0.0883796   0.480018
 0.0168043 -0.0883796   0.480018
 0.0168043 -0.0883796   0.480018
 0.0168043 -0.0883796   0.480018
 0.0168043 -0.0883796   0.480018
 0.0168043 -0.0883796   0.480018
 0.0168043 -0.0883796   0.480018
 0.0168043 -0.0883796   0.480018
 0.0168043 -0.0883796   0.480018
 0.0168043 -0.0883796   0.480018
 0.0168043 -0.0883796   0.480018
 0.0168043 -0.0883796   0.480018
 0.0168043 -0.0883796   0.480018
 0.0168043 -0.0883796   0.480018
 0.0168043 -0.0883796   0.480018
 0.0168043 -0.0883796   0.480018
 0.0168043 -0.0883796   0.480018
 0.0168043 -0.0883796   0.480018
 0.0168043 -0.0883796   0.480018
 0.0168043 -0.0883796   0.480018
 0.0168043 -0.0883796   0.480018
 0.0168043 -0.0883796   0.480018
 0.0168043 -0.0883796   0.480018
 0.0168043 -0.0883796   0.480018
 0.0168043 -0.0883796   0.480018
 0.0168043 -0.0883796   0.480018
 0.0168043 -0.0883796   0.480018
 0.0168043 -0.0883796   0.480018
 0.0168043 -0.0883796   0.480018
 0.0168043 -0.0883796   0.480018
 0.0168043 -0.0883796   0.480018
 0.0168043 -0.0883796   0.480018
 0.0168043 -0.0883796   0.480018
 0.0168043 -0.0883796   0.480018
 0.0168043 -0.0883796   0.480018
 0.0168043 -0.0883796   0.480018
 0.0168043 -0.0883796   0.480018
 0.0168043 -0.0883796   0.480018
 0.0168043 -0.0883796   0.480018
 0.0168043 -0.0883796   0.480018
 0.0168043 -0.0883796   0.480018
 0.0168043 -0.0883796   0.480018
 0.0168043 -0.0883796   0.480018
 0.0168043 -0.0883796   0.480018
 0.0168043 -0.0883796   0.480018
 0.0168043 -0.0883796   0.480018
 0.0168043 -0.0883796   0.480018
 0.0168043 -0.0883796   0.480018
 0.0168043 -0.0883796   0.480018
 0.0168043 -0.0883796   0.480018
 0.0168043 -0.0883796   0.480018
 0.0168043 -0.0883796   0.480018
 0.0168043 -0.0883796   0.480018
 0.0168043 -0.0883796   0.480018
 0.0168043 -0.0883796   0.480018
 0.0168043 -0.0883796   0.480018
 0.0168043 -0.0883796   0.480018
 0.0168043 -0.0883796   0.480018
 0.0168043 -0.0883796   0.480018
 0.0168043 -0.0883796   0.480018
 0.0168043 -0.0883796   0.480018
 0.0168043 -0.0883796   0.480018
 0.0168043 -0.0883796   0.480018
 0.0168043 -0.0883796   0.480018
 0.0168043 -0.0883796   0.480018
 0.0168043 -0.0883796   0.480018
 0.0168043 -0.0883796   0.480018
 0.0168043 -0.0883796   0.480018
 0.0168043 -0.0883796   0.480018
 0.0168043 -0.0883796   0.480018
 0.0168043 -0.0883796   0.480018
 0.0168043 -0.0883796   0.480018
 0.0168043 -0.0883796   0.480018
 0.0168043 -0.0883796   0.480018
 0.0168043 -0.0883796   0.480018
 0.0168043 -0.0883796   0.480018
 0.0168043 -0.0883796   0.480018
 0.0168043 -0.0883796   0.480018
 0.0168043 -0.0883796   0.480018
 0.0168043 -0.0883796   0.480018
 0.0168043 -0.0883796   0.480018
 0.0168043 -0.0883796   0.480018
 0.0168043 -0.0883796   0.480018
 0.0168043 -0.0883796   0.480018
 0.0168043 -0.0883796   0.480018
