 0.269504 -0.328273   0.60416
 0.268864 -0.326667  0.607183
 0.268866 -0.326665  0.607181
 0.268872 -0.326658  0.607173
 0.268883 -0.326647   0.60716
 0.268898 -0.326631  0.607143
0.268917 -0.32661  0.60712
 0.268941 -0.326585  0.607092
 0.268969 -0.326555  0.607059
 0.269001 -0.326521  0.607021
 0.269038 -0.326482  0.606978
 0.269079 -0.326439   0.60693
 0.269124 -0.326391  0.606877
 0.269173 -0.326339  0.606819
 0.269227 -0.326282  0.606756
0.269285 -0.32622 0.606687
 0.269347 -0.326154  0.606614
 0.269414 -0.326083  0.606536
 0.269485 -0.326008  0.606452
  0.26956 -0.325928  0.606364
  0.26964 -0.325844   0.60627
 0.269724 -0.325755  0.606172
 0.269812 -0.325661  0.606068
 0.269904 -0.325563  0.605959
 0.270001 -0.325461  0.605845
 0.270102 -0.325353  0.605727
 0.270208 -0.325242  0.605603
 0.270317 -0.325125  0.605474
 0.270431 -0.325004   0.60534
 0.270549 -0.324879    0.6052
 0.270672 -0.324749  0.605056
 0.270799 -0.324614  0.604907
  0.27093 -0.324475  0.604753
 0.271066 -0.324332  0.604593
 0.271205 -0.324183  0.604429
 0.27135 -0.32403  0.60426
 0.271498 -0.323873  0.604085
 0.271651 -0.323711  0.603905
 0.271808 -0.323544  0.603721
 0.271969 -0.323373  0.603531
 0.272135 -0.323197  0.603336
 0.272305 -0.323017  0.603136
 0.272479 -0.322833  0.602931
 0.272657 -0.322643  0.602722
  0.27284 -0.322449  0.602507
 0.273027 -0.322251  0.602287
 0.273218 -0.322048  0.602062
 0.273414 -0.321841  0.601831
 0.273614 -0.321628  0.601596
 0.273819 -0.321411  0.601356
0.274027 -0.32119  0.60111
  0.27424 -0.320965   0.60086
 0.274457 -0.320734  0.600605
 0.274679 -0.320499  0.600344
 0.274905 -0.320259  0.600078
 0.275135 -0.320015  0.599808
 0.275369 -0.319767  0.599532
 0.275608 -0.319514  0.599252
 0.275851 -0.319256  0.598966
 0.276098 -0.318994  0.598675
  0.27635 -0.318727  0.598379
 0.276605 -0.318456  0.598078
0.276866 -0.31818 0.597772
  0.27713 -0.317899  0.597461
 0.277399 -0.317614  0.597145
 0.277672 -0.317324  0.596824
0.277949 -0.31703 0.596498
 0.278231 -0.316732  0.596167
 0.278517 -0.316428   0.59583
0.278807 -0.31612 0.595489
 0.279102 -0.315808  0.595143
   0.2794 -0.315491  0.594791
 0.279704 -0.315169  0.594435
 0.280011 -0.314843  0.594073
 0.280323 -0.314512  0.593706
 0.280639 -0.314177  0.593334
 0.280959 -0.313837  0.592958
 0.281284 -0.313493  0.592576
 0.281613 -0.313144  0.592189
 0.281946 -0.312791  0.591797
 0.282284 -0.312433    0.5914
0.282626 -0.31207 0.590998
 0.282972 -0.311703  0.590591
 0.283323 -0.311331  0.590178
 0.283677 -0.310954  0.589761
 0.284037 -0.310573  0.589339
   0.2844 -0.310188  0.588911
 0.284768 -0.309798  0.588478
  0.28514 -0.309403  0.588041
 0.285516 -0.309004  0.587598
0.285897  -0.3086 0.587151
 0.286282 -0.308192  0.586698
 0.286671 -0.307779   0.58624
 0.287065 -0.307361  0.585777
 0.287463 -0.306939  0.585309
 0.287865 -0.306512  0.584836
 0.288272 -0.306081  0.584357
 0.288683 -0.305645  0.583874
 0.289098 -0.305205  0.583386
0.289517 -0.30476 0.582893
 0.289941 -0.304311  0.582395
 0.290368 -0.303858  0.581893
 0.290795 -0.303404   0.58139
 0.291223 -0.302951  0.580887
  0.29165 -0.302497  0.580384
 0.292078 -0.302044  0.579881
0.292506 -0.30159 0.579378
 0.292933 -0.301137  0.578876
 0.293361 -0.300683  0.578373
0.293788 -0.30023  0.57787
 0.294216 -0.299777  0.577367
 0.294643 -0.299323  0.576864
0.295071 -0.29887 0.576362
 0.295498 -0.298416  0.575859
 0.295926 -0.297963  0.575356
 0.296353 -0.297509  0.574853
 0.296781 -0.297056   0.57435
 0.297209 -0.296602  0.573847
 0.297636 -0.296149  0.573345
 0.298064 -0.295695  0.572842
 0.298491 -0.295242  0.572339
 0.298919 -0.294788  0.571836
 0.299347 -0.294334  0.571333
0.299775 -0.29388 0.570829
 0.300203 -0.293426  0.570326
 0.300629 -0.292974  0.569824
0.301057 -0.29252 0.569321
 0.301484 -0.292067  0.568819
 0.301913 -0.291612  0.568315
  0.30234 -0.291159  0.567812
 0.302767 -0.290707  0.567311
 0.303194 -0.290253  0.566808
0.303622  -0.2898 0.566305
 0.304049 -0.289346  0.565802
 0.304477 -0.288893  0.565299
 0.304904 -0.288439  0.564797
 0.305332 -0.287986  0.564294
 0.306185 -0.287081   0.56329
 0.306611 -0.286629  0.562789
 0.307039 -0.286175  0.562286
 0.307467 -0.285721  0.561783
 0.307894 -0.285268   0.56128
 0.308322 -0.284815  0.560778
  0.30875 -0.284361  0.560274
 0.309177 -0.283907  0.559772
 0.309605 -0.283454  0.559269
0.310032   -0.283 0.558766
  0.31046 -0.282547  0.558263
 0.310887 -0.282093   0.55776
0.311315 -0.28164 0.557258
 0.311743 -0.281186  0.556754
  0.31217 -0.280732  0.556251
 0.312598 -0.280279  0.555748
 0.313026 -0.279825  0.555245
 0.313453 -0.279372  0.554743
 0.313881 -0.278918   0.55424
 0.314309 -0.278464  0.553736
 0.314736 -0.278011  0.553234
 0.315164 -0.277557   0.55273
 0.315592 -0.277103  0.552227
  0.31602 -0.276649  0.551724
 0.316448 -0.276196  0.551221
 0.316876 -0.275741  0.550717
 0.316876 -0.275741  0.550717
 0.317303 -0.275288  0.550215
 0.317731 -0.274834  0.549712
 0.318158 -0.274381  0.549209
 0.318586 -0.273927  0.548706
 0.319013 -0.273474  0.548203
 0.319868 -0.272567  0.547198
 0.320296 -0.272114  0.546695
 0.320296 -0.272114  0.546695
0.320724 -0.27166 0.546192
 0.321151 -0.271206  0.545689
 0.321579 -0.270753  0.545186
 0.322006 -0.270299  0.544683
 0.322434 -0.269845   0.54418
 0.322863 -0.269391  0.543676
 0.323716 -0.268486  0.542673
 0.323716 -0.268486  0.542673
 0.324144 -0.268032  0.542169
 0.324999 -0.267125  0.541163
 0.324999 -0.267125  0.541163
 0.325427 -0.266671   0.54066
 0.325855 -0.266217  0.540157
 0.326282 -0.265764  0.539654
 0.32671 -0.26531 0.539151
 0.327138 -0.264857  0.538648
 0.327565 -0.264403  0.538146
0.327993 -0.26395 0.537643
  0.32842 -0.263496   0.53714
 0.328848 -0.263043  0.536637
 0.329276 -0.262589  0.536134
 0.329703 -0.262135  0.535631
 0.330131 -0.261682  0.535128
 0.330558 -0.261228  0.534626
 0.331414 -0.260321  0.533619
 0.331841 -0.259867  0.533117
 0.332269 -0.259413  0.532613
0.332697 -0.25896  0.53211
 0.333126 -0.258505  0.531605
 0.333126 -0.258505  0.531605
 0.333554 -0.258051  0.531102
 0.333982 -0.257597    0.5306
0.334837 -0.25669 0.529594
0.334837 -0.25669 0.529594
 0.335692 -0.255783  0.528587
 0.335692 -0.255783  0.528587
 0.336121 -0.255329  0.528084
 0.336548 -0.254875  0.527581
 0.336976 -0.254422  0.527078
 0.337404 -0.253968  0.526575
 0.337831 -0.253514  0.526072
0.338259 -0.25306 0.525569
 0.338687 -0.252607  0.525066
 0.339113 -0.252155  0.524565
 0.339534 -0.251708  0.524069
 0.339952 -0.251265  0.523578
 0.340365 -0.250827  0.523092
 0.340774 -0.250393  0.522611
 0.341179 -0.249964  0.522135
 0.341579 -0.249539  0.521664
 0.341975 -0.249119  0.521199
 0.342367 -0.248703  0.520738
 0.342754 -0.248293  0.520283
 0.343137 -0.247886  0.519832
 0.343517 -0.247483  0.519385
  0.34389 -0.247087  0.518946
  0.34426 -0.246695  0.518511
 0.344626 -0.246307  0.518081
 0.344987 -0.245924  0.517656
 0.345345 -0.245545  0.517236
0.345698 -0.24517  0.51682
0.346046  -0.2448 0.516411
 0.346391 -0.244435  0.516006
 0.346731 -0.244074  0.515605
 0.347067 -0.243718   0.51521
 0.347398 -0.243367  0.514821
0.347725 -0.24302 0.514436
 0.348048 -0.242677  0.514057
0.348366 -0.24234 0.513682
  0.34868 -0.242006  0.513313
  0.34899 -0.241678  0.512948
 0.349296 -0.241354  0.512589
 0.349597 -0.241034  0.512235
 0.349895 -0.240719  0.511885
 0.350187 -0.240408  0.511541
 0.350476 -0.240103  0.511202
  0.35076 -0.239801  0.510867
 0.351038 -0.239506   0.51054
 0.351585 -0.238926  0.509897
 0.351852 -0.238643  0.509583
 0.352114 -0.238364  0.509274
 0.352114 -0.238364  0.509274
 0.352374 -0.238089  0.508969
 0.352628 -0.237819   0.50867
 0.352878 -0.237555  0.508376
 0.353123 -0.237294  0.508088
 0.353601 -0.236788  0.507526
 0.353601 -0.236788  0.507526
 0.353833 -0.236541  0.507253
 0.354062 -0.236299  0.506984
 0.354505 -0.235828  0.506462
 0.354505 -0.235828  0.506462
 0.35472  -0.2356 0.506209
 0.354931 -0.235376  0.505961
 0.355138 -0.235157  0.505718
 0.355341 -0.234942  0.505479
 0.355539 -0.234732  0.505246
 0.355733 -0.234526  0.505019
 0.356107 -0.234129  0.504578
 0.356288 -0.233937  0.504366
0.356464 -0.23375 0.504158
0.356464 -0.23375 0.504158
 0.356637 -0.233567  0.503955
 0.356805 -0.233389  0.503758
 0.356968 -0.233216  0.503565
 0.357128 -0.233047  0.503378
 0.357283 -0.232882  0.503196
 0.357433 -0.232722  0.503018
  0.35758 -0.232567  0.502846
 0.357722 -0.232416  0.502679
 0.35786 -0.23227 0.502517
 0.357993 -0.232128   0.50236
 0.358123 -0.231991  0.502208
 0.358248 -0.231859  0.502061
0.358369 -0.23173 0.501919
 0.358485 -0.231607  0.501782
 0.358597 -0.231488   0.50165
 0.358705 -0.231374  0.501523
 0.358808 -0.231264  0.501402
 0.358907 -0.231159  0.501285
 0.359093 -0.230962  0.501067
0.359179 -0.23087 0.500965
 0.359261 -0.230784  0.500869
 0.359339 -0.230701  0.500777
 0.359412 -0.230623  0.500691
 0.359412 -0.230623  0.500691
 0.359546 -0.230482  0.500534
 0.359606 -0.230418  0.500463
 0.359606 -0.230418  0.500463
 0.359714 -0.230303  0.500336
 0.359761 -0.230253  0.500281
 0.359805 -0.230207   0.50023
 0.359843 -0.230166  0.500184
 0.359878 -0.230129  0.500144
 0.359908 -0.230097  0.500108
0.359934 -0.23007 0.500077
 0.359956 -0.230047  0.500052
 0.359956 -0.230047  0.500052
 0.359986 -0.230015  0.500016
 0.359995 -0.230005  0.500006
 0.359999 -0.230001  0.500001
 0.36 -0.23   0.5
 0.36 -0.23   0.5
 0.36 -0.23   0.5
 0.36 -0.23   0.5
 0.36 -0.23   0.5
 0.36 -0.23   0.5
 0.36 -0.23   0.5
 0.36 -0.23   0.5
 0.36 -0.23   0.5
 0.36 -0.23   0.5
 0.36 -0.23   0.5
 0.36 -0.23   0.5
 0.36 -0.23   0.5
 0.36 -0.23   0.5
 0.36 -0.23   0.5
 0.36 -0.23   0.5
 0.36 -0.23   0.5
 0.36 -0.23   0.5
 0.36 -0.23   0.5
 0.36 -0.23   0.5
 0.36 -0.23   0.5
 0.36 -0.23   0.5
 0.36 -0.23   0.5
 0.36 -0.23   0.5
 0.36 -0.23   0.5
 0.36 -0.23   0.5
 0.36 -0.23   0.5
 0.36 -0.23   0.5
 0.36 -0.23   0.5
 0.36 -0.23   0.5
 0.36 -0.23   0.5
 0.36 -0.23   0.5
 0.36 -0.23   0.5
 0.36 -0.23   0.5
 0.36 -0.23   0.5
 0.36 -0.23   0.5
 0.36 -0.23   0.5
 0.36 -0.23   0.5
 0.36 -0.23   0.5
 0.36 -0.23   0.5
 0.36 -0.23   0.5
 0.36 -0.23   0.5
 0.36 -0.23   0.5
 0.36 -0.23   0.5
 0.36 -0.23   0.5
 0.36 -0.23   0.5
 0.36 -0.23   0.5
 0.36 -0.23   0.5
 0.36 -0.23   0.5
 0.36 -0.23   0.5
 0.36 -0.23   0.5
 0.36 -0.23   0.5
 0.36 -0.23   0.5
 0.36 -0.23   0.5
 0.36 -0.23   0.5
 0.36 -0.23   0.5
 0.36 -0.23   0.5
 0.36 -0.23   0.5
 0.36 -0.23   0.5
 0.36 -0.23   0.5
 0.36 -0.23   0.5
 0.36 -0.23   0.5
 0.36 -0.23   0.5
 0.36 -0.23   0.5
 0.36 -0.23   0.5
 0.36 -0.23   0.5
 0.36 -0.23   0.5
 0.36 -0.23   0.5
 0.36 -0.23   0.5
 0.36 -0.23   0.5
 0.36 -0.23   0.5
 0.36 -0.23   0.5
 0.36 -0.23   0.5
 0.36 -0.23   0.5
 0.36 -0.23   0.5
 0.36 -0.23   0.5
 0.36 -0.23   0.5
 0.36 -0.23   0.5
 0.36 -0.23   0.5
 0.36 -0.23   0.5
 0.36 -0.23   0.5
 0.36 -0.23   0.5
 0.36 -0.23   0.5
 0.36 -0.23   0.5
 0.36 -0.23   0.5
 0.36 -0.23   0.5
 0.36 -0.23   0.5
 0.36 -0.23   0.5
 0.36 -0.23   0.5
 0.36 -0.23   0.5
 0.36 -0.23   0.5
 0.36 -0.23   0.5
 0.36 -0.23   0.5
 0.36 -0.23   0.5
 0.36 -0.23   0.5
 0.36 -0.23   0.5
 0.36 -0.23   0.5
 0.36 -0.23   0.5
 0.36 -0.23   0.5
 0.36 -0.23   0.5
 0.36 -0.23   0.5
 0.36 -0.23   0.5
 0.36 -0.23   0.5
 0.36 -0.23   0.5
 0.36 -0.23   0.5
 0.36 -0.23   0.5
 0.36 -0.23   0.5
 0.36 -0.23   0.5
 0.36 -0.23   0.5
 0.36 -0.23   0.5
 0.36 -0.23   0.5
 0.36 -0.23   0.5
 0.36 -0.23   0.5
 0.36 -0.23   0.5
 0.36 -0.23   0.5
 0.36 -0.23   0.5
 0.36 -0.23   0.5
 0.36 -0.23   0.5
 0.36 -0.23   0.5
 0.36 -0.23   0.5
 0.36 -0.23   0.5
 0.36 -0.23   0.5
 0.36 -0.23   0.5
 0.36 -0.23   0.5
 0.36 -0.23   0.5
 0.36 -0.23   0.5
 0.36 -0.23   0.5
 0.36 -0.23   0.5
 0.36 -0.23   0.5
 0.36 -0.23   0.5
 0.36 -0.23   0.5
 0.36 -0.23   0.5
 0.36 -0.23   0.5
 0.36 -0.23   0.5
 0.36 -0.23   0.5
 0.36 -0.23   0.5
 0.36 -0.23   0.5
 0.36 -0.23   0.5
 0.36 -0.23   0.5
 0.36 -0.23   0.5
 0.36 -0.23   0.5
 0.36 -0.23   0.5
 0.36 -0.23   0.5
 0.36 -0.23   0.5
 0.36 -0.23   0.5
 0.36 -0.23   0.5
 0.36 -0.23   0.5
 0.36 -0.23   0.5
 0.36 -0.23   0.5
 0.36 -0.23   0.5
 0.36 -0.23   0.5
 0.36 -0.23   0.5
 0.36 -0.23   0.5
 0.36 -0.23   0.5
 0.36 -0.23   0.5
 0.36 -0.23   0.5
 0.36 -0.23   0.5
 0.36 -0.23   0.5
 0.36 -0.23   0.5
 0.36 -0.23   0.5
 0.36 -0.23   0.5
 0.36 -0.23   0.5
 0.36 -0.23   0.5
 0.36 -0.23   0.5
 0.36 -0.23   0.5
 0.36 -0.23   0.5
 0.36 -0.23   0.5
 0.36 -0.23   0.5
 0.36 -0.23   0.5
 0.36 -0.23   0.5
 0.36 -0.23   0.5
 0.36 -0.23   0.5
 0.36 -0.23   0.5
 0.36 -0.23   0.5
 0.36 -0.23   0.5
 0.36 -0.23   0.5
 0.36 -0.23   0.5
 0.36 -0.23   0.5
 0.36 -0.23   0.5
 0.36 -0.23   0.5
 0.36 -0.23   0.5
 0.36 -0.23   0.5
 0.36 -0.23   0.5
 0.36 -0.23   0.5
 0.36 -0.23   0.5
 0.36 -0.23   0.5
 0.36 -0.23   0.5
 0.36 -0.23   0.5
 0.36 -0.23   0.5
 0.36 -0.23   0.5
 0.36 -0.23   0.5
 0.36 -0.23   0.5
 0.36 -0.23   0.5
 0.36 -0.23   0.5
 0.36 -0.23   0.5
 0.36 -0.23   0.5
 0.36 -0.23   0.5
 0.36 -0.23   0.5
 0.36 -0.23   0.5
 0.36 -0.23   0.5
 0.36 -0.23   0.5
 0.36 -0.23   0.5
 0.36 -0.23   0.5
 0.36 -0.23   0.5
 0.36 -0.23   0.5
 0.36 -0.23   0.5
 0.36 -0.23   0.5
 0.36 -0.23   0.5
 0.36 -0.23   0.5
 0.36 -0.23   0.5
 0.36 -0.23   0.5
 0.36 -0.23   0.5
 0.36 -0.23   0.5
 0.36 -0.23   0.5
 0.36 -0.23   0.5
 0.36 -0.23   0.5
 0.36 -0.23   0.5
 0.36 -0.23   0.5
 0.36 -0.23   0.5
 0.36 -0.23   0.5
 0.36 -0.23   0.5
 0.36 -0.23   0.5
 0.36 -0.23   0.5
 0.36 -0.23   0.5
 0.36 -0.23   0.5
 0.36 -0.23   0.5
 0.36 -0.23   0.5
 0.36 -0.23   0.5
 0.36 -0.23   0.5
 0.36 -0.23   0.5
 0.36 -0.23   0.5
 0.36 -0.23   0.5
 0.36 -0.23   0.5
 0.36 -0.23   0.5
 0.36 -0.23   0.5
 0.36 -0.23   0.5
 0.36 -0.23   0.5
 0.36 -0.23   0.5
 0.36 -0.23   0.5
 0.36 -0.23   0.5
 0.36 -0.23   0.5
 0.36 -0.23   0.5
 0.36 -0.23   0.5
 0.36 -0.23   0.5
 0.36 -0.23   0.5
 0.36 -0.23   0.5
 0.36 -0.23   0.5
 0.36 -0.23   0.5
 0.36 -0.23   0.5
 0.36 -0.23   0.5
 0.36 -0.23   0.5
 0.36 -0.23   0.5
 0.36 -0.23   0.5
 0.36 -0.23   0.5
 0.36 -0.23   0.5
 0.36 -0.23   0.5
 0.36 -0.23   0.5
 0.36 -0.23   0.5
 0.36 -0.23   0.5
 0.36 -0.23   0.5
 0.36 -0.23   0.5
 0.36 -0.23   0.5
 0.36 -0.23   0.5
 0.36 -0.23   0.5
 0.36 -0.23   0.5
 0.36 -0.23   0.5
 0.36 -0.23   0.5
 0.36 -0.23   0.5
 0.36 -0.23   0.5
 0.36 -0.23   0.5
 0.36 -0.23   0.5
 0.36 -0.23   0.5
 0.36 -0.23   0.5
 0.36 -0.23   0.5
 0.36 -0.23   0.5
 0.36 -0.23   0.5
 0.36 -0.23   0.5
 0.36 -0.23   0.5
 0.36 -0.23   0.5
 0.36 -0.23   0.5
 0.36 -0.23   0.5
 0.36 -0.23   0.5
 0.36 -0.23   0.5
 0.36 -0.23   0.5
 0.36 -0.23   0.5
 0.36 -0.23   0.5
 0.36 -0.23   0.5
 0.36 -0.23   0.5
 0.36 -0.23   0.5
 0.36 -0.23   0.5
 0.36 -0.23   0.5
 0.36 -0.23   0.5
 0.36 -0.23   0.5
 0.36 -0.23   0.5
 0.36 -0.23   0.5
 0.36 -0.23   0.5
 0.36 -0.23   0.5
 0.36 -0.23   0.5
 0.36 -0.23   0.5
 0.36 -0.23   0.5
 0.36 -0.23   0.5
 0.36 -0.23   0.5
 0.36 -0.23   0.5
 0.36 -0.23   0.5
 0.36 -0.23   0.5
 0.36 -0.23   0.5
 0.36 -0.23   0.5
 0.36 -0.23   0.5
 0.36 -0.23   0.5
 0.36 -0.23   0.5
 0.36 -0.23   0.5
 0.36 -0.23   0.5
 0.36 -0.23   0.5
 0.36 -0.23   0.5
 0.36 -0.23   0.5
 0.36 -0.23   0.5
 0.36 -0.23   0.5
 0.36 -0.23   0.5
 0.36 -0.23   0.5
 0.36 -0.23   0.5
 0.36 -0.23   0.5
 0.36 -0.23   0.5
 0.36 -0.23   0.5
 0.36 -0.23   0.5
 0.36 -0.23   0.5
 0.36 -0.23   0.5
 0.36 -0.23   0.5
 0.36 -0.23   0.5
 0.36 -0.23   0.5
 0.36 -0.23   0.5
 0.36 -0.23   0.5
 0.36 -0.23   0.5
 0.36 -0.23   0.5
 0.36 -0.23   0.5
 0.36 -0.23   0.5
 0.36 -0.23   0.5
 0.36 -0.23   0.5
 0.36 -0.23   0.5
 0.36 -0.23   0.5
 0.36 -0.23   0.5
 0.36 -0.23   0.5
 0.36 -0.23   0.5
 0.36 -0.23   0.5
 0.36 -0.23   0.5
 0.36 -0.23   0.5
 0.36 -0.23   0.5
 0.36 -0.23   0.5
 0.36 -0.23   0.5
 0.36 -0.23   0.5
 0.36 -0.23   0.5
 0.36 -0.23   0.5
 0.36 -0.23   0.5
 0.36 -0.23   0.5
 0.36 -0.23   0.5
 0.36 -0.23   0.5
 0.36 -0.23   0.5
 0.36 -0.23   0.5
 0.36 -0.23   0.5
 0.36 -0.23   0.5
 0.36 -0.23   0.5
 0.36 -0.23   0.5
 0.36 -0.23   0.5
 0.36 -0.23   0.5
 0.36 -0.23   0.5
 0.36 -0.23   0.5
 0.36 -0.23   0.5
 0.36 -0.23   0.5
 0.36 -0.23   0.5
 0.36 -0.23   0.5
 0.36 -0.23   0.5
 0.36 -0.23   0.5
 0.36 -0.23   0.5
 0.36 -0.23   0.5
 0.36 -0.23   0.5
 0.36 -0.23   0.5
 0.36 -0.23   0.5
 0.36 -0.23   0.5
 0.36 -0.23   0.5
 0.36 -0.23   0.5
 0.36 -0.23   0.5
 0.36 -0.23   0.5
 0.36 -0.23   0.5
 0.36 -0.23   0.5
 0.36 -0.23   0.5
 0.36 -0.23   0.5
 0.36 -0.23   0.5
 0.36 -0.23   0.5
 0.36 -0.23   0.5
 0.36 -0.23   0.5
 0.36 -0.23   0.5
 0.36 -0.23   0.5
 0.36 -0.23   0.5
 0.36 -0.23   0.5
 0.36 -0.23   0.5
 0.36 -0.23   0.5
 0.36 -0.23   0.5
 0.36 -0.23   0.5
 0.36 -0.23   0.5
 0.36 -0.23   0.5
 0.36 -0.23   0.5
 0.36 -0.23   0.5
 0.36 -0.23   0.5
 0.36 -0.23   0.5
 0.36 -0.23   0.5
 0.36 -0.23   0.5
 0.36 -0.23   0.5
 0.36 -0.23   0.5
 0.36 -0.23   0.5
 0.36 -0.23   0.5
 0.36 -0.23   0.5
 0.36 -0.23   0.5
 0.36 -0.23   0.5
 0.36 -0.23   0.5
 0.36 -0.23   0.5
 0.36 -0.23   0.5
 0.36 -0.23   0.5
 0.36 -0.23   0.5
 0.36 -0.23   0.5
 0.36 -0.23   0.5
 0.36 -0.23   0.5
 0.36 -0.23   0.5
 0.36 -0.23   0.5
 0.36 -0.23   0.5
 0.36 -0.23   0.5
 0.36 -0.23   0.5
 0.36 -0.23   0.5
 0.36 -0.23   0.5
 0.36 -0.23   0.5
 0.36 -0.23   0.5
 0.36 -0.23   0.5
 0.36 -0.23   0.5
 0.36 -0.23   0.5
 0.36 -0.23   0.5
 0.36 -0.23   0.5
 0.36 -0.23   0.5
 0.36 -0.23   0.5
 0.36 -0.23   0.5
 0.36 -0.23   0.5
 0.36 -0.23   0.5
 0.36 -0.23   0.5
 0.36 -0.23   0.5
 0.36 -0.23   0.5
 0.36 -0.23   0.5
 0.36 -0.23   0.5
 0.36 -0.23   0.5
 0.36 -0.23   0.5
 0.36 -0.23   0.5
 0.36 -0.23   0.5
 0.36 -0.23   0.5
 0.36 -0.23   0.5
 0.36 -0.23   0.5
 0.36 -0.23   0.5
 0.36 -0.23   0.5
 0.36 -0.23   0.5
 0.36 -0.23   0.5
 0.36 -0.23   0.5
 0.36 -0.23   0.5
 0.36 -0.23   0.5
 0.36 -0.23   0.5
 0.36 -0.23   0.5
 0.36 -0.23   0.5
 0.36 -0.23   0.5
 0.36 -0.23   0.5
 0.36 -0.23   0.5
 0.36 -0.23   0.5
 0.36 -0.23   0.5
 0.36 -0.23   0.5
 0.36 -0.23   0.5
 0.36 -0.23   0.5
 0.36 -0.23   0.5
