5.96046e-06
0.00963187
0.0196879
0.0297458
0.0398018
0.0498688
0.0599289
0.0699849
0.0800579
0.0901129
0.100184
0.110256
0.120312
0.130368
0.140434
0.150502
0.160575
0.170632
0.180697
0.190752
0.200807
0.210862
0.220933
0.230989
0.241044
0.2511
0.261168
0.271235
0.281291
0.291362
0.301434
0.311488
0.321555
0.331622
0.341678
0.351732
0.361788
0.371844
0.381902
0.391957
0.402028
0.412086
0.422159
0.432231
0.442286
0.452343
0.462398
0.472458
0.482513
0.49257
0.502626
0.512693
0.522747
0.532803
0.542859
0.552929
0.562988
0.573044
0.583101
0.593168
0.603236
0.613308
0.623393
0.633448
0.643503
0.653572
0.663627
0.673683
0.68375
0.693804
0.70386
0.713918
0.723975
0.734031
0.744086
0.75414
0.764205
0.774276
0.78433
0.794395
0.804465
0.814519
0.824589
0.834645
0.844712
0.854766
0.864824
0.874891
0.884955
0.895013
0.90507
0.915128
0.925196
0.935266
0.945322
0.955379
0.965445
0.975502
0.985559
0.995615
1.00567
1.01573
1.0258
1.03587
1.04593
1.05599
1.06604
1.07611
1.08616
1.09623
1.10628
1.11634
1.12641
1.13646
1.14652
1.15657
1.16663
1.17669
1.18675
1.19681
1.20687
1.21693
1.22698
1.23704
1.2471
1.25717
1.26723
1.27729
1.28735
1.29741
1.30747
1.31752
1.32758
1.33764
1.3477
1.35776
1.36781
1.37787
1.38793
1.39799
1.40804
1.4181
1.42816
1.43822
1.44827
1.45833
1.46838
1.47846
1.48852
1.49857
1.50863
1.51869
1.52874
1.5388
1.54886
1.55892
1.56899
1.57905
1.5891
1.59919
1.60924
1.6193
1.62936
1.63937
1.64943
1.65948
1.66954
1.67959
1.68965
1.69971
1.70977
1.71983
1.72989
1.73994
1.75
1.76006
1.77012
1.78017
1.79023
1.8003
1.81036
1.82042
1.83047
1.84053
1.85059
1.86064
1.8707
1.88076
1.89082
1.90088
1.91093
1.92099
1.93105
1.9411
1.95116
1.96123
1.97128
1.98136
1.99141
2.00147
2.01155
2.02163
2.03168
2.04174
2.0518
2.06185
2.07191
2.08196
2.09203
2.1021
2.11216
2.12222
2.13228
2.14234
2.15239
2.16245
2.17251
2.18257
2.19262
2.20268
2.21275
2.22281
2.23287
2.24292
2.25298
2.26304
2.27309
2.28315
2.29322
2.30328
2.31334
2.32336
2.33343
2.34349
2.35354
2.3636
2.37366
2.38371
2.39377
2.40383
2.41388
2.42395
2.43401
2.44406
2.45412
2.46418
2.47424
2.48429
2.49436
2.50441
2.51449
2.52454
2.5346
2.54469
2.55475
2.5648
2.57487
2.58494
2.595
2.60505
2.61511
2.62517
2.63524
2.6453
2.65538
2.66544
2.6755
2.68556
2.69562
2.70567
2.71574
2.72581
2.73587
2.74592
2.75599
2.766
2.77606
2.78612
2.79618
2.80624
2.81631
2.82636
2.83643
2.84648
2.85654
2.86662
2.87669
2.88675
2.89682
2.90688
2.91695
2.92703
2.93712
2.9472
2.95726
2.96733
2.97739
2.98744
2.99751
3.00757
3.01762
3.02774
3.03779
3.04785
3.05791
3.06796
3.07804
3.08809
3.09815
3.10817
3.11823
3.12833
3.13839
3.14844
3.15851
3.16859
3.17864
3.1887
3.19871
3.20877
3.21883
3.22888
3.23894
3.249
3.25904
3.26909
3.27915
3.2892
3.29929
3.30934
3.3194
3.32946
3.33952
3.34958
3.35963
3.36969
3.37976
3.38981
3.39989
3.40994
3.42
3.43006
3.44012
3.45018
3.46023
3.47029
3.48035
3.4904
3.50046
3.51053
3.5206
3.53065
3.54071
3.55076
3.56084
3.57091
3.58096
3.59102
3.60108
3.61113
3.62119
3.63125
3.64132
3.65137
3.66143
3.67149
3.68154
3.69161
3.70167
3.71172
3.72177
3.73182
3.74188
3.75194
3.762
3.77207
3.78213
3.79218
3.80224
3.8123
3.82235
3.83241
3.84247
3.85252
3.86258
3.87272
3.88278
3.89284
3.9029
3.91296
3.92302
3.93307
3.94313
3.95315
3.96318
3.97324
3.9833
3.99335
4.00341
4.01346
4.02352
4.03358
4.04363
4.05369
4.06375
4.07382
4.08389
4.09396
4.10402
4.11409
4.12416
4.13421
4.14427
4.15433
4.16439
4.17445
4.1845
4.19456
4.20461
4.21467
4.22473
4.23478
4.24484
4.2549
4.26495
4.27501
4.28507
4.29513
4.30519
4.31525
4.32531
4.33536
4.34549
4.35555
4.3656
4.37566
4.38572
4.39578
4.40583
4.41589
4.42596
4.43602
4.44607
4.45613
4.46619
4.47625
4.48632
4.49637
4.50643
4.51649
4.52654
4.53661
4.54667
4.55677
4.56683
4.57688
4.587
4.59706
4.60711
4.61717
4.62724
4.63732
4.64737
4.65743
4.66749
4.67754
4.6876
4.69766
4.70772
4.71778
4.72784
4.7379
4.74796
4.75802
4.76808
4.77814
4.78819
4.79825
4.80831
4.81837
4.82843
4.83849
4.84854
4.8586
4.86867
4.87873
4.88878
4.89884
4.9089
4.91895
4.92901
4.93907
4.94912
4.95918
4.96923
4.97929
4.98935
4.9994
5.00946
5.01951
5.02958
5.03964
5.04969
5.05975
5.0698
5.07986
5.08991
5.09997
5.11004
5.12009
5.13015
5.14021
5.15027
5.16033
5.17039
5.18044
5.19051
5.20056
5.21062
5.22068
5.23074
5.2408
5.25086
5.26091
5.27097
5.28103
5.29109
5.30114
5.3112
5.32126
5.33132
5.34138
5.35144
5.3615
5.37155
5.38161
5.39167
5.40174
5.4118
5.42186
5.43192
5.44198
5.45203
5.46209
5.47215
5.48221
5.49226
5.50232
5.51238
5.52244
5.53249
5.54255
5.55257
5.56262
5.57268
5.58274
5.5928
5.60285
5.61291
5.62296
5.63302
5.64309
5.65316
5.66323
5.67329
5.68335
5.69341
5.70346
5.71352
5.72355
5.7336
5.74366
5.75372
5.76378
5.77385
5.7839
5.79398
5.80403
5.81409
5.82415
5.83421
5.84426
5.85432
5.86438
5.87444
5.8845
5.89456
5.90459
5.91464
5.9247
5.93475
5.94481
5.95487
5.96492
5.97498
5.98504
5.99509
6.00515
6.01521
6.02525
6.0353
6.04537
6.05543
6.06549
6.07555
6.08562
6.09569
6.10576
6.11582
6.12588
6.13595
6.14601
6.15604
6.1661
6.17615
6.18621
6.19626
6.20632
6.21639
6.22645
6.2365
6.24656
6.25662
6.26667
6.27673
6.28678
6.29681
6.30688
6.31694
6.327
6.33705
6.34711
6.35716
6.36723
6.37729
6.38735
6.3974
6.40749
6.41754
6.4276
6.43769
6.44775
6.4578
6.46786
6.47792
6.48797
6.49804
6.5081
6.51815
6.52821
6.53827
6.54833
6.55838
6.56844
6.5785
6.58856
6.59862
6.60867
6.61875
6.62881
6.63887
6.64889
6.65895
6.66902
6.67905
6.68911
6.69917
6.70923
6.71928
6.72934
6.7394
6.74946
6.75951
6.76957
6.77963
6.78969
6.79976
6.80981
6.81987
6.82994
6.83999
6.85005
6.86011
6.87016
6.88024
6.8903
6.90036
6.91041
6.92047
6.93053
6.94058
6.95065
6.96072
6.97079
6.98085
6.9909
7.00097
7.01103
7.02108
7.03114
7.0412
7.05125
7.06134
7.07141
7.08148
7.09153
7.10159
7.11166
7.12173
7.13178
7.14184
7.1519
7.16196
7.17201
7.18209
7.19214
7.2022
7.21225
7.22231
7.23236
7.24242
7.25248
7.26254
7.27259
7.28265
7.29271
7.30278
7.31284
7.32289
7.33295
7.34301
7.35308
7.36313
7.3732
7.38327
7.39333
7.40338
7.41343
7.42349
7.43355
7.4436
7.45366
7.46371
7.47381
7.48384
7.49391
7.50396
7.51402
7.52409
7.53416
7.54423
7.5543
7.56435
7.57441
7.58447
7.59453
7.60459
7.61467
7.62474
7.63477
7.64483
7.65488
7.66494
7.675
7.68506
7.69511
7.70517
7.71523
7.72528
7.73535
7.74541
7.75547
7.76553
7.77558
7.78564
7.7957
7.80576
7.81582
7.82588
7.83594
7.846
7.85606
7.86612
