0.0164651 -0.105381  0.508635
0.0164599 -0.105382  0.508635
0.0164547 -0.105383  0.508634
 0.016447 -0.105381  0.508634
0.0164395 -0.105379  0.508634
0.0164317 -0.105378  0.508633
0.0164241 -0.105378  0.508633
0.0164163 -0.105377  0.508632
0.0164085 -0.105378  0.508631
0.0164012 -0.105376  0.508631
0.0163943 -0.105376   0.50863
0.0163876 -0.105374   0.50863
0.0163814 -0.105374  0.508629
 0.016376 -0.105371  0.508628
0.0163709  -0.10537  0.508627
0.0163668 -0.105365  0.508627
0.0163632  -0.10536  0.508626
0.0163603 -0.105356  0.508626
 0.016358 -0.105349  0.508625
0.0163564 -0.105343  0.508625
0.0163563 -0.105335  0.508624
 0.016355 -0.105325  0.508624
0.0163552 -0.105312  0.508623
0.0163561 -0.105299  0.508623
0.0163575 -0.105282  0.508623
0.0163604 -0.105256  0.508623
0.0163627 -0.105236  0.508622
0.0163645 -0.105214  0.508621
0.0163684 -0.105187  0.508621
0.0163717 -0.105158   0.50862
0.0163744 -0.105127   0.50862
0.0163792 -0.105092  0.508619
0.0163833 -0.105054  0.508618
0.0163876 -0.105015  0.508617
0.0163911 -0.104971  0.508616
0.0163967 -0.104925  0.508615
0.0164016 -0.104874  0.508614
0.0164066 -0.104822  0.508612
0.0164109 -0.104765  0.508611
0.0164173 -0.104705  0.508609
0.0164229 -0.104641  0.508607
0.0164278 -0.104576  0.508605
0.0164347 -0.104508  0.508603
0.0164402 -0.104434    0.5086
0.0164478 -0.104357  0.508598
0.0164549 -0.104275  0.508595
0.0164622 -0.104192  0.508592
  0.01647 -0.104103  0.508589
0.0164781 -0.104011  0.508586
0.0164867 -0.103917  0.508582
0.0164957 -0.103818  0.508578
0.0165052 -0.103717  0.508574
0.0165151 -0.103611  0.508569
0.0165256 -0.103502  0.508564
0.0165367 -0.103389   0.50856
0.0165482 -0.103272  0.508554
0.0165604 -0.103152  0.508549
0.0165731 -0.103028  0.508543
0.0165873 -0.102884  0.508535
0.0166013 -0.102753  0.508528
0.0166158 -0.102616  0.508521
0.0166311 -0.102476  0.508514
0.0166469 -0.102333  0.508506
0.0166633 -0.102186  0.508498
0.0166803 -0.102034  0.508489
 0.016698 -0.101879   0.50848
0.0167162  -0.10172  0.508471
 0.016735 -0.101558   0.50846
0.0167545  -0.10139   0.50845
0.0167744 -0.101218  0.508439
0.0167947 -0.101054  0.508427
0.0168158 -0.100875  0.508415
0.0168374  -0.10069  0.508402
0.0168596 -0.100504  0.508388
0.0168823 -0.100311  0.508374
0.0169055 -0.100114  0.508359
 0.0169292 -0.0999149   0.508343
 0.0169532 -0.0997098   0.508326
 0.0169779 -0.0995002   0.508309
 0.0170029 -0.0992887    0.50829
 0.0170284 -0.0990716   0.508271
 0.0170542 -0.0988511   0.508252
 0.0170804 -0.0986288   0.508231
 0.0171104 -0.0983589   0.508207
 0.0171373 -0.0981298   0.508185
 0.0171643 -0.0978962   0.508161
 0.0171918 -0.0976608   0.508138
 0.0172193 -0.0974247   0.508113
0.0172468 -0.097199  0.508088
 0.0172745 -0.0969581   0.508061
 0.0173023 -0.0967151   0.508034
 0.0173302 -0.0964734   0.508005
 0.0173581 -0.0962289   0.507976
 0.0173859 -0.0959842   0.507947
 0.0174137 -0.0957395   0.507916
 0.0174414 -0.0954942   0.507885
  0.017469 -0.0952516   0.507853
 0.0174965 -0.0950075    0.50782
 0.0175237 -0.0947641   0.507787
 0.0175506 -0.0945221   0.507752
 0.0175774 -0.0942803   0.507718
  0.017604 -0.0940399   0.507683
 0.0176303 -0.0938027   0.507647
0.0176563 -0.093565  0.507611
  0.017682 -0.0933288   0.507574
 0.0177073 -0.0930941   0.507537
 0.0177323 -0.0928611   0.507499
0.017757 -0.09263 0.507461
 0.0177822 -0.0923698   0.507417
0.0178061 -0.092143  0.507378
 0.0178295 -0.0919178   0.507338
 0.0178525 -0.0916944   0.507298
 0.0178752 -0.0914735   0.507258
 0.0178975 -0.0912548   0.507218
 0.0179193 -0.0910383   0.507177
 0.0179408 -0.0908265   0.507136
  0.017962 -0.0906153   0.507095
 0.0179827 -0.0904066   0.507053
 0.0180029 -0.0902001   0.507012
 0.0180228 -0.0899967    0.50697
 0.0180422 -0.0897961   0.506928
0.0180626 -0.089609  0.506886
 0.0180813 -0.0894131   0.506844
 0.0180997 -0.0892204   0.506802
 0.0181176 -0.0890302   0.506759
 0.0181352 -0.0888425   0.506717
 0.0181523 -0.0886582   0.506674
 0.0181692 -0.0884765   0.506632
 0.0181856 -0.0882974    0.50659
 0.0182017 -0.0881214   0.506547
 0.0182174 -0.0879486   0.506505
 0.0182327 -0.0877787   0.506463
 0.0182477 -0.0876117   0.506421
 0.0182623 -0.0874481    0.50638
 0.0182765 -0.0872879   0.506338
 0.0182904 -0.0871306   0.506297
  0.018304 -0.0869472   0.506253
  0.018317 -0.0867971   0.506212
0.0183297 -0.086651  0.506172
 0.0183434 -0.0865109   0.506131
 0.0183553 -0.0863715   0.506092
 0.0183675 -0.0862406   0.506054
 0.0183785 -0.0861087   0.506015
 0.0183892 -0.0859803   0.505977
0.0183994 -0.085856  0.505939
 0.0184093 -0.0857356   0.505902
 0.0184186 -0.0856191   0.505865
 0.0184276 -0.0855063   0.505828
 0.0184361 -0.0853973   0.505792
 0.0184442 -0.0852914   0.505757
  0.018452 -0.0851899   0.505722
0.0184593 -0.085092  0.505688
 0.0184663 -0.0849974   0.505654
 0.0184728 -0.0849058   0.505621
 0.0184791 -0.0848176   0.505588
  0.018485 -0.0847324   0.505555
 0.0184906 -0.0846497   0.505523
  0.018496 -0.0845683   0.505492
 0.0185011 -0.0844914    0.50546
 0.0185059 -0.0844168   0.505429
 0.0185106 -0.0843447   0.505398
 0.0185152 -0.0842748   0.505368
0.0185195 -0.084207  0.505337
 0.0185237 -0.0841404   0.505307
 0.0185281 -0.0840772   0.505277
 0.0185339 -0.0840151   0.505247
 0.0185344 -0.0839497   0.505215
 0.0185416 -0.0838953   0.505188
 0.0185437 -0.0838378    0.50516
 0.0185474 -0.0837811   0.505131
 0.0185514 -0.0837266   0.505103
 0.0185551 -0.0836708   0.505075
  0.018559 -0.0836188   0.505046
0.0185629 -0.083568  0.505018
 0.0185669 -0.0835179    0.50499
 0.0185708 -0.0834694   0.504962
 0.0185752 -0.0834223   0.504935
0.0185792 -0.083375  0.504907
 0.0185809 -0.0833291   0.504878
 0.0185885 -0.0832865    0.50485
 0.0185917 -0.0832421   0.504823
 0.0185974 -0.0832015   0.504796
 0.0186007 -0.0831588    0.50477
 0.0186087 -0.0831193   0.504746
 0.0186105 -0.0830787    0.50472
 0.0186152 -0.0830407   0.504694
 0.0186208 -0.0830144   0.504675
 0.0186241 -0.0829755   0.504648
 0.0186293 -0.0829411   0.504623
 0.0186341 -0.0829069   0.504598
 0.0186392 -0.0828746   0.504573
  0.018644 -0.0828423   0.504548
 0.0186491 -0.0828122   0.504524
 0.0186538 -0.0827795   0.504499
 0.0186585 -0.0827506   0.504475
 0.0186632 -0.0827228   0.504451
 0.0186677 -0.0826958   0.504427
 0.0186724 -0.0826694   0.504403
0.0186746 -0.082645  0.504377
 0.0186778 -0.0826192   0.504353
0.0186862 -0.082598  0.504329
 0.0186892 -0.0825734   0.504306
 0.0186947 -0.0825525   0.504283
 0.0186978 -0.0825296    0.50426
 0.0187022 -0.0825087   0.504237
 0.0187065 -0.0824888   0.504215
 0.0187109 -0.0824693   0.504192
 0.0187155 -0.0824507    0.50417
 0.0187202 -0.0824328   0.504148
 0.0187263 -0.0824152   0.504126
   0.01873 -0.0823972   0.504104
 0.0187361 -0.0823822   0.504083
   0.01874 -0.0823654   0.504062
 0.0187465 -0.0823518    0.50404
 0.0187506 -0.0823362   0.504019
 0.0187573 -0.0823235   0.503998
0.0187616 -0.082309  0.503977
 0.0187684 -0.0822973   0.503956
 0.0187729 -0.0822836   0.503935
0.0187799 -0.082273  0.503914
 0.0187845 -0.0822603   0.503894
 0.0187915 -0.0822484   0.503874
 0.0187961 -0.0822366   0.503853
  0.018803 -0.0822273   0.503833
 0.0188076 -0.0822161   0.503813
 0.0188145 -0.0822079   0.503792
 0.0188187 -0.0821974   0.503772
 0.0188254 -0.0821897   0.503752
   0.01883 -0.0821713   0.503731
 0.0188356 -0.0821637   0.503711
0.0188417 -0.082156  0.503692
0.0188473 -0.082149  0.503672
 0.0188524 -0.0821409   0.503652
 0.0188579 -0.0821341   0.503633
  0.018863 -0.0821269   0.503614
 0.0188685 -0.0821209   0.503594
 0.0188738 -0.0821144   0.503575
 0.0188795 -0.0821092   0.503556
 0.0188849 -0.0821029   0.503538
 0.0188908 -0.0820983   0.503519
 0.0188964 -0.0820906   0.503501
 0.0189025 -0.0820865   0.503482
 0.0189084 -0.0820814   0.503464
 0.0189148 -0.0820778   0.503446
0.0189211 -0.082073  0.503428
 0.0189278 -0.0820695    0.50341
 0.0189344 -0.0820651   0.503392
 0.0189416 -0.0820621   0.503374
 0.0189484 -0.0820584   0.503357
 0.018956 -0.082056  0.503339
 0.0189633 -0.0820525   0.503322
 0.0189736 -0.0820514   0.503304
 0.0189797 -0.0820521   0.503285
 0.0189864 -0.0820482   0.503268
 0.0189958 -0.0820471   0.503251
 0.0190027 -0.0820437   0.503234
 0.0190123 -0.0820432   0.503217
 0.0190195 -0.0820399   0.503201
 0.0190294 -0.0820399   0.503184
 0.0190367 -0.0820368   0.503167
 0.0190465 -0.0820365   0.503151
 0.0190539 -0.0820336   0.503135
 0.0190637 -0.0820313   0.503119
  0.019071 -0.0820288   0.503103
0.0190807 -0.082029  0.503086
 0.0190879 -0.0820266   0.503071
 0.0190976 -0.0820269   0.503055
 0.0191047 -0.0820247   0.503039
 0.0191142 -0.0820252   0.503023
 0.0191211 -0.0820232   0.503008
 0.0191304 -0.0820237   0.502992
0.0191371 -0.082022  0.502977
 0.0191461 -0.0820231   0.502961
 0.0191525 -0.0820215   0.502946
 0.0191594 -0.0820135   0.502931
 0.0191673 -0.0820136   0.502915
 0.0191747 -0.0820145     0.5029
 0.0191817 -0.0820139   0.502885
  0.019189 -0.0820149   0.502871
  0.019196 -0.0820144   0.502856
 0.0192034 -0.0820158   0.502841
 0.0192103 -0.0820159   0.502827
 0.0192177 -0.0820173   0.502813
 0.0192247 -0.0820175   0.502799
 0.0192321 -0.0820192   0.502784
 0.0192393 -0.0820196   0.502771
 0.0192468 -0.0820214   0.502757
 0.0192544 -0.0820223   0.502743
 0.0192636 -0.0820225    0.50273
 0.0192709 -0.0820233   0.502717
 0.0192788 -0.0820255   0.502703
 0.0192862 -0.0820263    0.50269
 0.0192941 -0.0820285   0.502676
 0.0193016 -0.0820294   0.502663
 0.0193095 -0.0820317    0.50265
 0.0193169 -0.0820327   0.502638
 0.0193247 -0.0820351   0.502625
 0.0193321 -0.0820361   0.502612
 0.0193398 -0.0820385   0.502599
 0.0193471 -0.0820394   0.502587
 0.0193547 -0.0820421   0.502574
 0.0193618 -0.0820434   0.502562
 0.0193669 -0.0820493   0.502547
 0.0193752 -0.0820527   0.502535
  0.019381 -0.0820533   0.502523
 0.0193891 -0.0820566   0.502511
 0.0193947 -0.0820571   0.502499
 0.0194026 -0.0820603   0.502487
  0.019408 -0.0820612   0.502475
 0.0194158 -0.0820639   0.502463
 0.0194209 -0.0820647   0.502452
 0.0194285 -0.0820679    0.50244
 0.0194338 -0.0820688   0.502429
0.0194427 -0.082072  0.502417
 0.0194475 -0.0820723   0.502406
 0.0194546 -0.0820753   0.502395
 0.0194592 -0.0820754   0.502384
 0.0194662 -0.0820782   0.502373
 0.0194706 -0.0820782   0.502362
 0.0194774 -0.0820809   0.502351
 0.0194817 -0.0820809   0.502341
 0.0194883 -0.0820837    0.50233
 0.0194924 -0.0820836    0.50232
0.0194989 -0.082084  0.502309
 0.0195041 -0.0820856   0.502299
 0.0195092 -0.0820871   0.502289
 0.0195143 -0.0820886   0.502279
 0.0195176 -0.0820838   0.502268
 0.0195225 -0.0820853   0.502258
 0.0195272 -0.0820869   0.502249
 0.019532 -0.082089  0.502239
  0.019537 -0.0820912   0.502229
0.0195415 -0.082093   0.50222
 0.0195475 -0.0820953   0.502211
 0.0195518 -0.0820974   0.502201
  0.019556 -0.0820994   0.502192
 0.0195601 -0.0821016   0.502183
  0.019564 -0.0821039   0.502174
 0.0195677 -0.0821063   0.502165
 0.0195713 -0.0821088   0.502156
 0.0195747 -0.0821113   0.502147
 0.0195779 -0.0821139   0.502139
 0.0195809 -0.0821166    0.50213
 0.0195836 -0.0821193   0.502121
0.0195861 -0.082122  0.502113
 0.0195867 -0.0821294   0.502102
 0.0195887 -0.0821321   0.502094
 0.0195905 -0.0821347   0.502085
  0.019592 -0.0821373   0.502077
 0.0195936 -0.0821403   0.502069
 0.0195946 -0.0821423    0.50206
 0.0195956 -0.0821447   0.502052
 0.0195965 -0.0821469   0.502044
0.0195972 -0.082149  0.502036
0.0195977 -0.082151  0.502028
 0.0195981 -0.0821528    0.50202
 0.0195988 -0.0821553   0.502012
0.0196004 -0.082157  0.502004
 0.0196005 -0.0821584   0.501996
 0.0196005 -0.0821596   0.501988
 0.0196005 -0.0821608   0.501981
 0.0196004 -0.0821618   0.501973
 0.0196003 -0.0821628   0.501965
    0.0196 -0.0821636   0.501958
 0.0195998 -0.0821644    0.50195
 0.0195995 -0.0821651   0.501943
 0.0195993 -0.0821658   0.501936
 0.0195989 -0.0821664   0.501928
 0.0195986 -0.0821669   0.501921
 0.0195982 -0.0821674   0.501914
0.0195979 -0.082168  0.501907
 0.0195981 -0.0821684     0.5019
0.0195971 -0.082169  0.501893
  0.019595 -0.0821635   0.501886
 0.0195945 -0.0821642    0.50188
 0.0195939 -0.0821645   0.501873
 0.0195934 -0.0821652   0.501866
  0.019593 -0.0821664    0.50186
 0.0195924 -0.0821674   0.501853
 0.0195918 -0.0821684   0.501847
 0.0195914 -0.0821699   0.501841
 0.0195907 -0.0821712   0.501834
 0.0195911 -0.0821727   0.501828
 0.0195902 -0.0821741   0.501822
 0.0195892 -0.0821755   0.501816
 0.0195882 -0.0821771    0.50181
 0.0195869 -0.0821787   0.501804
 0.0195856 -0.0821804   0.501798
 0.0195843 -0.0821821   0.501792
 0.0195827 -0.0821838   0.501786
 0.0195811 -0.0821856    0.50178
 0.0195794 -0.0821874   0.501774
 0.0195775 -0.0821892   0.501769
 0.0195755 -0.0821911   0.501763
 0.0195735 -0.0821929   0.501757
 0.0195713 -0.0821946   0.501751
  0.019569 -0.0821963   0.501746
0.0195667 -0.082198   0.50174
 0.0195642 -0.0821996   0.501735
 0.0195617 -0.0822011   0.501729
 0.0195584 -0.0822056   0.501722
 0.0195566 -0.0822038   0.501718
 0.0195527 -0.0822101   0.501711
 0.0195502 -0.0822115   0.501706
 0.0195476 -0.0822125     0.5017
 0.0195461 -0.0822135   0.501695
 0.0195435 -0.0822142   0.501689
  0.019541 -0.0822148   0.501684
 0.0195386 -0.0822153   0.501679
 0.0195362 -0.0822156   0.501673
 0.0195338 -0.0822159   0.501668
0.0195315 -0.082216  0.501663
 0.0195293 -0.0822161   0.501658
 0.0195271 -0.0822161   0.501652
0.0195249 -0.082216  0.501647
 0.0195228 -0.0822159   0.501642
 0.0195207 -0.0822157   0.501637
 0.0195186 -0.0822156   0.501632
 0.0195165 -0.0822154   0.501627
 0.0195137 -0.0822072   0.501622
0.0195122 -0.082215  0.501617
 0.0195102 -0.0822149   0.501612
 0.0195065 -0.0822084   0.501607
 0.0195047 -0.0822089   0.501602
 0.0195027 -0.0822093   0.501598
 0.0195006 -0.0822096   0.501593
 0.0194984 -0.0822099   0.501588
  0.019497 -0.0822106   0.501584
 0.0194948 -0.0822112   0.501579
 0.0194925 -0.0822118   0.501574
 0.0194902 -0.0822126    0.50157
 0.0194878 -0.0822134   0.501565
 0.0194853 -0.0822143   0.501561
 0.0194828 -0.0822153   0.501556
 0.0194802 -0.0822164   0.501552
 0.0194775 -0.0822175   0.501547
 0.0194747 -0.0822187   0.501543
 0.0194719 -0.0822199   0.501539
 0.0194691 -0.0822212   0.501534
 0.0194663 -0.0822224    0.50153
 0.0194634 -0.0822237   0.501526
0.0194605 -0.082225  0.501521
 0.0194576 -0.0822262   0.501517
 0.0194547 -0.0822274   0.501513
 0.0194518 -0.0822286   0.501509
 0.0194489 -0.0822296   0.501504
 0.0194461 -0.0822307     0.5015
 0.0194432 -0.0822316   0.501496
 0.0194404 -0.0822325   0.501492
 0.0194377 -0.0822333   0.501487
 0.019435 -0.082234  0.501483
 0.0194323 -0.0822347   0.501479
 0.0194293 -0.0822385   0.501473
 0.0194258 -0.0822405   0.501469
 0.0194232 -0.0822408   0.501465
  0.019421 -0.0822416   0.501461
 0.0194186 -0.0822422   0.501457
 0.0194161 -0.0822421   0.501453
 0.0194137 -0.0822422   0.501449
 0.0194102 -0.0822406   0.501445
 0.0194091 -0.0822425   0.501441
  0.019406 -0.0822412   0.501437
 0.0194034 -0.0822412   0.501433
 0.0194026 -0.0822431   0.501428
 0.0194002 -0.0822417   0.501425
 0.0193977 -0.0822415   0.501421
 0.0193968 -0.0822429   0.501416
 0.0193938 -0.0822414   0.501413
 0.0193912 -0.0822409   0.501409
 0.0193903 -0.0822423   0.501405
  0.019388 -0.0822395   0.501401
 0.0193858 -0.0822396   0.501397
 0.0193836 -0.0822397   0.501393
 0.0193813 -0.0822398   0.501389
  0.019379 -0.0822398   0.501385
 0.0193766 -0.0822399   0.501382
  0.019373 -0.0822339   0.501378
 0.0193715 -0.0822327   0.501374
 0.0193681 -0.0822342    0.50137
 0.0193656 -0.0822345   0.501367
 0.0193633 -0.0822352   0.501363
 0.0193609 -0.0822359   0.501359
 0.0193584 -0.0822364   0.501356
 0.0193558 -0.0822367   0.501352
 0.0193538 -0.0822375   0.501349
 0.0193512 -0.0822382   0.501345
 0.0193487 -0.0822389   0.501342
 0.0193462 -0.0822396   0.501338
0.0193437 -0.082238  0.501335
  0.019341 -0.0822387   0.501332
 0.0193407 -0.0822398   0.501328
 0.0193364 -0.0822414   0.501325
 0.0193337 -0.0822419   0.501321
 0.0193334 -0.0822428   0.501318
  0.019329 -0.0822444   0.501315
 0.0193263 -0.0822449   0.501311
  0.019326 -0.0822459   0.501308
 0.0193217 -0.0822474   0.501304
 0.0193193 -0.0822479   0.501301
 0.0193169 -0.0822491   0.501298
 0.0193146 -0.0822501   0.501294
0.0193123 -0.082251  0.501291
   0.01931 -0.0822519   0.501288
 0.0193077 -0.0822525   0.501284
 0.0193055 -0.0822533   0.501281
0.0193033 -0.082254  0.501278
 0.0193012 -0.0822546   0.501274
 0.0192991 -0.0822551   0.501271
 0.0192969 -0.0822556   0.501268
 0.0192948 -0.0822561   0.501264
 0.0192928 -0.0822564   0.501261
 0.0192896 -0.0822581   0.501258
 0.0192859 -0.0822581   0.501254
 0.0192838 -0.0822579   0.501251
 0.0192824 -0.0822606   0.501247
 0.0192818 -0.0822627   0.501244
  0.019279 -0.0822619   0.501241
  0.019277 -0.0822618   0.501237
 0.0192763 -0.0822634   0.501234
0.0192735 -0.082262  0.501231
 0.0192711 -0.0822618   0.501228
 0.0192705 -0.0822633   0.501224
 0.0192677 -0.0822617   0.501221
 0.0192648 -0.0822568   0.501219
 0.0192649 -0.0822601   0.501215
  0.019263 -0.0822599   0.501212
 0.0192611 -0.0822598   0.501208
 0.0192592 -0.0822596   0.501205
 0.0192556 -0.0822561   0.501203
 0.0192555 -0.0822592   0.501199
0.0192535 -0.082259  0.501196
 0.0192516 -0.0822586   0.501193
 0.0192497 -0.0822584    0.50119
 0.0192478 -0.0822583   0.501187
 0.0192459 -0.0822582   0.501184
 0.0192431 -0.0822521   0.501181
 0.0192411 -0.0822519   0.501178
 0.0192392 -0.0822496   0.501176
 0.0192374 -0.0822505   0.501173
 0.0192355 -0.0822509    0.50117
 0.0192333 -0.0822509   0.501167
 0.0192336 -0.0822514   0.501164
 0.0192297 -0.0822523   0.501161
 0.0192278 -0.0822525   0.501158
 0.0192281 -0.0822531   0.501155
 0.0192242 -0.0822544   0.501153
 0.0192204 -0.0822508   0.501151
 0.0192187 -0.0822522   0.501148
 0.0192184 -0.0822564   0.501144
 0.0192165 -0.0822574   0.501142
 0.0192146 -0.0822585   0.501139
 0.0192127 -0.0822596   0.501136
 0.0192108 -0.0822606   0.501133
 0.0192089 -0.0822617   0.501131
 0.0192072 -0.0822663   0.501127
 0.0192053 -0.0822673   0.501124
 0.0192034 -0.0822682   0.501122
 0.0192006 -0.0822702   0.501119
0.0191987 -0.082271  0.501117
  0.019196 -0.0822704   0.501115
 0.0191937 -0.0822711   0.501112
 0.0191931 -0.0822734   0.501109
 0.0191904 -0.0822724   0.501107
 0.0191882 -0.0822728   0.501104
 0.0191878 -0.0822749   0.501101
 0.0191851 -0.0822737   0.501099
  0.019183 -0.0822737   0.501096
 0.019174 -0.082282  0.501084
 0.0192392 -0.0822759   0.501006
 0.0193145 -0.0823135   0.500967
 0.0193739 -0.0823415   0.500946
 0.0194203 -0.0823661    0.50093
 0.0194607 -0.0823896   0.500919
 0.0194967 -0.0824121   0.500911
 0.0195291 -0.0824334   0.500904
 0.0195583 -0.0824535   0.500899
 0.0195833 -0.0824671   0.500898
 0.0196071 -0.0824893   0.500891
0.0196255   -0.0825  0.500891
 0.0196427 -0.0825175   0.500884
 0.0196543 -0.0825245   0.500882
 0.0196645 -0.0825371   0.500875
 0.0196702 -0.0825408   0.500871
 0.0196715 -0.0825413   0.500866
 0.0196709 -0.0825428   0.500858
 0.0196673 -0.0825421    0.50085
0.0196614 -0.082539   0.50084
0.0196548 -0.082537  0.500829
0.0196434 -0.082527  0.500819
 0.0196337 -0.0825212   0.500806
 0.0196183 -0.0825151   0.500791
 0.0196045 -0.0825056   0.500778
 0.0195898 -0.0824932   0.500765
 0.0195746 -0.0824803   0.500751
 0.0195587 -0.0824671   0.500737
 0.0195429 -0.0824535   0.500724
 0.0195269 -0.0824402   0.500711
 0.0195864 -0.0824008   0.500748
 0.0195239 -0.0823774   0.500909
 0.0194024 -0.0823181   0.500995
 0.0193144 -0.0822727   0.501051
0.0192482 -0.082233  0.501092
 0.0191923 -0.0821955   0.501125
 0.0191434 -0.0821613   0.501154
 0.0190975 -0.0821307   0.501179
 0.0190558 -0.0821026   0.501203
 0.0190167 -0.0820772   0.501225
 0.0189807 -0.0820565   0.501245
  0.018947 -0.0820377   0.501266
 0.0189166 -0.0820233   0.501285
 0.0188874 -0.0820117   0.501302
  0.018863 -0.0820043   0.501321
 0.0188412 -0.0819986    0.50134
 0.0188241 -0.0819992   0.501359
 0.0188081 -0.0820003   0.501377
 0.0187953 -0.0820053   0.501395
 0.0187836 -0.0820147   0.501415
 0.0187748 -0.0820252   0.501433
 0.0187691 -0.0820378    0.50145
 0.0187622 -0.0820489   0.501468
 0.0187591 -0.0820637   0.501484
 0.0187537 -0.0820733   0.501502
 0.0187538 -0.0820928   0.501516
 0.0187511 -0.0821059    0.50153
 0.0187516 -0.0821217   0.501543
   0.01875 -0.0821318   0.501556
 0.0187515 -0.0821469   0.501566
0.0187507 -0.082158  0.501576
 0.0187518 -0.0821711   0.501584
 0.0187514 -0.0821802   0.501591
 0.0187535 -0.0821907   0.501596
  0.018753 -0.0821972     0.5016
  0.018755 -0.0822052   0.501603
 0.0187544 -0.0822087   0.501604
 0.0187561 -0.0822143   0.501604
 0.0187552 -0.0822158   0.501603
 0.0187568 -0.0822104   0.501601
 0.0187565 -0.0822102   0.501598
 0.0187566 -0.0822105   0.501593
 0.0187561 -0.0822083   0.501588
  0.018756 -0.0822071   0.501581
 0.0187553 -0.0822038   0.501575
  0.018755 -0.0822011   0.501567
 0.0187545 -0.0821981    0.50156
 0.0187541 -0.0821949   0.501552
 0.0187537 -0.0821915   0.501543
 0.0187533 -0.0821881   0.501535
 0.0187531 -0.0821849   0.501527
 0.0187532 -0.0821823   0.501519
 0.0187553 -0.0821768   0.501511
 0.0187537 -0.0821751   0.501504
0.0187541 -0.082173  0.501496
 0.0187572 -0.0821716   0.501489
 0.0187585 -0.0821711   0.501482
 0.0187601 -0.0821705   0.501475
 0.01876 -0.08217 0.501469
 0.0187627 -0.0821706   0.501463
 0.0187657 -0.0821715   0.501457
  0.018769 -0.0821725   0.501452
0.0187728 -0.082174  0.501447
 0.0187771 -0.0821757   0.501442
 0.0187818 -0.0821776   0.501437
  0.018787 -0.0821798   0.501433
 0.0187927 -0.0821821   0.501429
 0.0187985 -0.0821815   0.501425
 0.0188052 -0.0821849   0.501421
0.0188118 -0.082187  0.501417
 0.0188192 -0.0821951   0.501412
 0.0188266 -0.0821922   0.501409
 0.0188349 -0.0822003   0.501404
 0.0188425 -0.0822025     0.5014
 0.0188518 -0.0822034   0.501395
 0.0188601 -0.0822057   0.501391
 0.0188677 -0.0822088   0.501386
 0.0188758 -0.0822104   0.501381
0.0188839 -0.082212  0.501376
 0.0188917 -0.0822133   0.501371
 0.0188994 -0.0822143   0.501365
 0.0189067 -0.0822152   0.501359
 0.0189136 -0.0822158   0.501353
 0.0189202 -0.0822168   0.501347
 0.0189264 -0.0822176   0.501341
  0.018932 -0.0822179   0.501334
 0.018937 -0.082218  0.501327
 0.0189419 -0.0822181    0.50132
 0.0189459 -0.0822181   0.501313
 0.0189493 -0.0822178   0.501306
 0.0189522 -0.0822176   0.501299
 0.0189546 -0.0822147   0.501292
 0.0189564 -0.0822146   0.501285
 0.0189578 -0.0822145   0.501278
 0.0189587 -0.0822144   0.501271
 0.0189593 -0.0822141   0.501264
0.0189592 -0.082214  0.501257
 0.0189591 -0.0822138    0.50125
  0.018959 -0.0822134   0.501243
0.0189585 -0.082213  0.501236
0.0189579 -0.082213   0.50123
 0.0189572 -0.0822128   0.501224
 0.0189566 -0.0822128   0.501218
 0.0189561 -0.0822126   0.501212
 0.0189557 -0.0822128   0.501206
 0.0189547 -0.0822113   0.501201
 0.0189574 -0.0822033   0.501196
 0.0189557 -0.0822033   0.501191
 0.0189564 -0.0822101   0.501186
 0.0189571 -0.0822044   0.501181
 0.0189584 -0.0822046   0.501177
 0.0189601 -0.0822049   0.501172
 0.018962 -0.082205  0.501168
 0.0189643 -0.0822054   0.501164
 0.0189689 -0.0822029    0.50116
 0.0189691 -0.0822014   0.501158
 0.0189727 -0.0822045   0.501152
 0.0189783 -0.0822055   0.501149
 0.0189799 -0.0822069   0.501145
 0.0189832 -0.0822071   0.501141
 0.0189891 -0.0822082   0.501137
 0.0189911 -0.0822094   0.501134
 0.0189945 -0.0822107    0.50113
 0.0189982 -0.0822121   0.501126
 0.0190008 -0.0822108   0.501124
 0.0190039 -0.0822121    0.50112
 0.0190067 -0.0822134   0.501116
 0.0190101 -0.0822175   0.501111
 0.0190123 -0.0822163   0.501108
 0.0190142 -0.0822179   0.501104
  0.019016 -0.0822259   0.501099
 0.0190168 -0.0822208   0.501096
 0.0190175 -0.0822223   0.501092
 0.0190178 -0.0822235   0.501088
 0.0190178 -0.0822247   0.501084
 0.0190174 -0.0822257    0.50108
 0.0190158 -0.0822241   0.501078
0.0190147 -0.082225  0.501074
0.0190138 -0.082228  0.501069
 0.0190117 -0.0822309   0.501065
 0.0190106 -0.0822299   0.501061
 0.0190086 -0.0822305   0.501057
 0.0190066 -0.0822309   0.501053
 0.0190045 -0.0822312   0.501049
 0.0190022 -0.0822356   0.501044
 0.0189995 -0.0822263   0.501043
 0.0189975 -0.0822264    0.50104
 0.0189963 -0.0822289   0.501035
 0.0189945 -0.0822288   0.501031
  0.018993 -0.0822285   0.501028
 0.0189914 -0.0822279   0.501025
 0.0189925 -0.0822275   0.501021
 0.0189897 -0.0822276   0.501018
 0.0189891 -0.0822268   0.501015
 0.0189888 -0.0822267   0.501012
 0.0189887 -0.0822265   0.501009
 0.0189888 -0.0822264   0.501006
 0.0189892 -0.0822261   0.501004
 0.0189897 -0.0822309      0.501
 0.0189904 -0.0822307   0.500997
 0.0189913 -0.0822305   0.500995
 0.0189923 -0.0822308   0.500992
 0.0189933 -0.0822309    0.50099
 0.0189945 -0.0822312   0.500987
 0.0189956 -0.0822315   0.500985
 0.0189967 -0.0822318   0.500982
 0.0189977 -0.0822321    0.50098
 0.0189986 -0.0822325   0.500977
 0.0189994 -0.0822328   0.500975
 0.0190001 -0.0822332   0.500973
 0.0190005 -0.0822309   0.500971
 0.0190009 -0.0822321   0.500968
 0.0190008 -0.0822324   0.500966
 0.0190007 -0.0822333   0.500963
 0.0190003 -0.0822338   0.500961
 0.0189997 -0.0822344   0.500958
 0.0189988 -0.0822349   0.500956
 0.0189977 -0.0822353   0.500954
 0.0189964 -0.0822355   0.500951
 0.0189949 -0.0822361   0.500949
 0.0189932 -0.0822366   0.500946
 0.0189914 -0.0822371   0.500944
 0.0189895 -0.0822288   0.500943
 0.0189871 -0.0822298    0.50094
  0.018985 -0.0822299   0.500938
 0.0189829 -0.0822301   0.500936
 0.0189808 -0.0822301   0.500933
 0.018978 -0.082228  0.500932
 0.0189767 -0.0822301   0.500929
 0.0189747 -0.0822305   0.500927
 0.0189729 -0.0822307   0.500925
