0.0164651 -0.105381  0.508635
0.0164653 -0.105379  0.508635
0.0164653 -0.105379  0.508635
0.0164659 -0.105371  0.508632
0.0164669 -0.105358  0.508629
0.0164683 -0.105341  0.508624
  0.01647 -0.105318  0.508617
0.0164722  -0.10529  0.508609
0.0164778 -0.105219  0.508588
0.0164778 -0.105219  0.508588
0.0164811 -0.105176  0.508576
0.0164849 -0.105128  0.508562
 0.016489 -0.105075  0.508546
0.0164936 -0.105017  0.508529
0.0164985 -0.104954  0.508511
0.0165038 -0.104886  0.508491
0.0165096 -0.104812  0.508469
0.0165157 -0.104734  0.508446
0.0165222  -0.10465  0.508422
0.0165291 -0.104562  0.508396
0.0165365 -0.104468  0.508369
0.0165442  -0.10437   0.50834
0.0165523 -0.104266   0.50831
0.0165608 -0.104157  0.508278
0.0165697 -0.104044  0.508245
 0.016579 -0.103925   0.50821
0.0165887 -0.103801  0.508174
0.0165987 -0.103672  0.508136
0.0166092 -0.103538  0.508097
  0.01662 -0.103399  0.508056
 0.016643 -0.103106  0.507971
 0.016643 -0.103106  0.507971
 0.016655 -0.102952  0.507926
0.0166675 -0.102793  0.507879
0.0166936 -0.102459  0.507782
0.0167072 -0.102285  0.507731
0.0167072 -0.102285  0.507731
0.0167357 -0.101921  0.507624
0.0167505 -0.101731  0.507569
0.0167657 -0.101536  0.507512
0.0167813 -0.101337  0.507454
0.0167974 -0.101132  0.507394
0.0168138 -0.100922  0.507333
0.0168306 -0.100707   0.50727
0.0168478 -0.100487  0.507206
0.0168653 -0.100262   0.50714
0.0168833 -0.100032  0.507073
 0.0169017 -0.0997972   0.507004
0.0169205 -0.099557  0.506934
 0.0169397 -0.0993118   0.506862
 0.0169593 -0.0990614   0.506789
 0.0169792 -0.0988061   0.506714
 0.0169996 -0.0985456   0.506638
 0.0170203 -0.0982801   0.506561
 0.0170415 -0.0980097   0.506482
  0.017063 -0.0977341   0.506401
  0.017085 -0.0974535   0.506319
 0.0171073 -0.0971678   0.506236
0.0171301 -0.096877  0.506151
 0.0171532 -0.0965812   0.506064
 0.0171767 -0.0962803   0.505976
 0.0172006 -0.0959743   0.505887
  0.017225 -0.0956634   0.505796
 0.0172497 -0.0953473   0.505704
 0.0172748 -0.0950263    0.50561
 0.0173003 -0.0947001   0.505515
 0.0173262 -0.0943689   0.505418
 0.0173262 -0.0943689   0.505418
 0.0173791 -0.0936915    0.50522
 0.0174061 -0.0933464   0.505119
 0.0174328 -0.0930051   0.505019
 0.0174591 -0.0926688   0.504921
  0.017485 -0.0923376   0.504824
 0.0175105 -0.0920114   0.504729
 0.0175356 -0.0916903   0.504635
 0.0175603 -0.0913743   0.504543
 0.0175846 -0.0910634   0.504452
 0.0176086 -0.0907573   0.504363
 0.0176321 -0.0904564   0.504275
 0.0176552 -0.0901605   0.504188
  0.017678 -0.0898694   0.504103
 0.0177004 -0.0895837    0.50402
0.0177223 -0.089303  0.503938
 0.0177438 -0.0890275   0.503857
  0.017765 -0.0887569   0.503778
 0.0177858 -0.0884914   0.503701
 0.0178061 -0.0882313   0.503625
 0.0178261 -0.0879759    0.50355
 0.0178456 -0.0877256   0.503477
 0.0178648 -0.0874803   0.503405
0.0178836  -0.08724  0.503335
  0.017902 -0.0870048   0.503266
   0.01792 -0.0867747   0.503199
 0.0179376 -0.0865496   0.503133
 0.0179548 -0.0863296   0.503069
 0.0179716 -0.0861147   0.503006
  0.017988 -0.0859048   0.502945
  0.018004 -0.0857001   0.502885
 0.0180196 -0.0855005   0.502827
 0.0180349 -0.0853056    0.50277
 0.0180497 -0.0851157   0.502714
0.0180642 -0.084931   0.50266
 0.0180782 -0.0847513   0.502608
 0.0180918 -0.0845769   0.502557
 0.0181051 -0.0844075   0.502507
 0.0181179 -0.0842431   0.502459
 0.0181304 -0.0840838   0.502413
 0.0181425 -0.0839296   0.502368
 0.0181541 -0.0837804   0.502324
 0.0181654 -0.0836363   0.502282
 0.0181763 -0.0834971   0.502241
 0.0181867 -0.0833635   0.502202
 0.0181968 -0.0832346   0.502165
 0.0182065 -0.0831106   0.502128
 0.0182158 -0.0829918   0.502094
0.0182247 -0.082878   0.50206
 0.0182332 -0.0827692   0.502029
 0.0182413 -0.0826655   0.501998
  0.018249 -0.0825668    0.50197
 0.0182563 -0.0824733   0.501942
 0.0182633 -0.0823847   0.501916
 0.0182698 -0.0823013   0.501892
 0.0182759 -0.0822229   0.501869
 0.0182817 -0.0821495   0.501848
  0.018287 -0.0820812   0.501828
 0.0182919 -0.0820179   0.501809
 0.0182965 -0.0819597   0.501792
 0.0183007 -0.0819065   0.501777
 0.0183044 -0.0818585   0.501763
 0.0183078 -0.0818155    0.50175
 0.0183107 -0.0817775   0.501739
 0.0183133 -0.0817446   0.501729
 0.0183155 -0.0817167   0.501721
 0.0183173 -0.0816939   0.501715
 0.0183187 -0.0816762   0.501709
 0.0183197 -0.0816635   0.501706
 0.0183203 -0.0816559   0.501703
 0.0183205 -0.0816533   0.501703
 0.0183205 -0.0816533   0.501703
 0.0183205 -0.0816533   0.501703
 0.0183205 -0.0816533   0.501703
 0.0183205 -0.0816533   0.501703
 0.0183205 -0.0816533   0.501703
 0.0183205 -0.0816533   0.501703
 0.0183205 -0.0816533   0.501703
 0.0183205 -0.0816533   0.501703
 0.0183205 -0.0816533   0.501703
 0.0183205 -0.0816533   0.501703
 0.0183205 -0.0816533   0.501703
 0.0183205 -0.0816533   0.501703
 0.0183205 -0.0816533   0.501703
 0.0183205 -0.0816533   0.501703
 0.0183205 -0.0816533   0.501703
 0.0183205 -0.0816533   0.501703
 0.0183205 -0.0816533   0.501703
 0.0183205 -0.0816533   0.501703
 0.0183205 -0.0816533   0.501703
 0.0183205 -0.0816533   0.501703
 0.0183205 -0.0816533   0.501703
 0.0183205 -0.0816533   0.501703
 0.0183205 -0.0816533   0.501703
 0.0183205 -0.0816533   0.501703
 0.0183205 -0.0816533   0.501703
 0.0183205 -0.0816533   0.501703
 0.0183205 -0.0816533   0.501703
 0.0183205 -0.0816533   0.501703
 0.0183205 -0.0816533   0.501703
 0.0183205 -0.0816533   0.501703
 0.0183205 -0.0816533   0.501703
 0.0183205 -0.0816533   0.501703
 0.0183205 -0.0816533   0.501703
 0.0183205 -0.0816533   0.501703
 0.0183205 -0.0816533   0.501703
 0.0183205 -0.0816533   0.501703
 0.0183205 -0.0816533   0.501703
 0.0183205 -0.0816533   0.501703
 0.0183205 -0.0816533   0.501703
 0.0183205 -0.0816533   0.501703
 0.0183205 -0.0816533   0.501703
 0.0183205 -0.0816533   0.501703
 0.0183205 -0.0816533   0.501703
 0.0183205 -0.0816533   0.501703
 0.0183205 -0.0816533   0.501703
 0.0183205 -0.0816533   0.501703
 0.0183205 -0.0816533   0.501703
 0.0183205 -0.0816533   0.501703
 0.0183205 -0.0816533   0.501703
 0.0183205 -0.0816533   0.501703
 0.0183205 -0.0816533   0.501703
 0.0183205 -0.0816533   0.501703
 0.0183205 -0.0816533   0.501703
 0.0183205 -0.0816533   0.501703
 0.0183205 -0.0816533   0.501703
 0.0183205 -0.0816533   0.501703
 0.0183205 -0.0816533   0.501703
 0.0183205 -0.0816533   0.501703
 0.0183205 -0.0816533   0.501703
 0.0183205 -0.0816533   0.501703
 0.0183205 -0.0816533   0.501703
 0.0183205 -0.0816533   0.501703
 0.0183205 -0.0816533   0.501703
 0.0183205 -0.0816533   0.501703
 0.0183205 -0.0816533   0.501703
 0.0183205 -0.0816533   0.501703
 0.0183205 -0.0816533   0.501703
 0.0183205 -0.0816533   0.501703
 0.0183205 -0.0816533   0.501703
 0.0183205 -0.0816533   0.501703
 0.0183205 -0.0816533   0.501703
 0.0183205 -0.0816533   0.501703
 0.0183205 -0.0816533   0.501703
 0.0183205 -0.0816533   0.501703
 0.0183205 -0.0816533   0.501703
 0.0183205 -0.0816533   0.501703
 0.0183205 -0.0816533   0.501703
 0.0183205 -0.0816533   0.501703
 0.0183205 -0.0816533   0.501703
 0.0183205 -0.0816533   0.501703
 0.0183205 -0.0816533   0.501703
 0.0183205 -0.0816533   0.501703
 0.0183205 -0.0816533   0.501703
 0.0183205 -0.0816533   0.501703
 0.0183205 -0.0816533   0.501703
 0.0183205 -0.0816533   0.501703
 0.0183205 -0.0816533   0.501703
 0.0183205 -0.0816533   0.501703
 0.0183205 -0.0816533   0.501703
 0.0183205 -0.0816533   0.501703
 0.0183205 -0.0816533   0.501703
 0.0183205 -0.0816533   0.501703
 0.0183205 -0.0816533   0.501703
 0.0183205 -0.0816533   0.501703
 0.0183205 -0.0816533   0.501703
 0.0183205 -0.0816533   0.501703
 0.0183205 -0.0816533   0.501703
 0.0183205 -0.0816533   0.501703
 0.0183205 -0.0816533   0.501703
 0.0183205 -0.0816533   0.501703
 0.0183205 -0.0816533   0.501703
 0.0183205 -0.0816533   0.501703
 0.0183205 -0.0816533   0.501703
 0.0183205 -0.0816533   0.501703
 0.0183205 -0.0816533   0.501703
 0.0183205 -0.0816533   0.501703
 0.0183205 -0.0816533   0.501703
 0.0183205 -0.0816533   0.501703
 0.0183205 -0.0816533   0.501703
 0.0183205 -0.0816533   0.501703
 0.0183205 -0.0816533   0.501703
 0.0183205 -0.0816533   0.501703
 0.0183205 -0.0816533   0.501703
 0.0183205 -0.0816533   0.501703
 0.0183205 -0.0816533   0.501703
 0.0183205 -0.0816533   0.501703
 0.0183205 -0.0816533   0.501703
 0.0183205 -0.0816533   0.501703
 0.0183205 -0.0816533   0.501703
 0.0183205 -0.0816533   0.501703
 0.0183205 -0.0816533   0.501703
 0.0183205 -0.0816533   0.501703
 0.0183205 -0.0816533   0.501703
 0.0183205 -0.0816533   0.501703
 0.0183205 -0.0816533   0.501703
 0.0183205 -0.0816533   0.501703
 0.0183205 -0.0816533   0.501703
 0.0183205 -0.0816533   0.501703
 0.0183205 -0.0816533   0.501703
 0.0183205 -0.0816533   0.501703
 0.0183205 -0.0816533   0.501703
 0.0183205 -0.0816533   0.501703
 0.0183205 -0.0816533   0.501703
 0.0183205 -0.0816533   0.501703
 0.0183205 -0.0816533   0.501703
 0.0183205 -0.0816533   0.501703
 0.0183205 -0.0816533   0.501703
 0.0183205 -0.0816533   0.501703
 0.0183205 -0.0816533   0.501703
 0.0183205 -0.0816533   0.501703
 0.0183205 -0.0816533   0.501703
 0.0183205 -0.0816533   0.501703
 0.0183205 -0.0816533   0.501703
 0.0183205 -0.0816533   0.501703
 0.0183205 -0.0816533   0.501703
 0.0183205 -0.0816533   0.501703
 0.0183205 -0.0816533   0.501703
 0.0183205 -0.0816533   0.501703
 0.0183205 -0.0816533   0.501703
 0.0183205 -0.0816533   0.501703
 0.0183205 -0.0816533   0.501703
 0.0183205 -0.0816533   0.501703
 0.0183205 -0.0816533   0.501703
 0.0183205 -0.0816533   0.501703
 0.0183205 -0.0816533   0.501703
 0.0183205 -0.0816533   0.501703
 0.0183205 -0.0816533   0.501703
 0.0183205 -0.0816533   0.501703
 0.0183205 -0.0816533   0.501703
 0.0183205 -0.0816533   0.501703
 0.0183205 -0.0816533   0.501703
 0.0183205 -0.0816533   0.501703
 0.0183205 -0.0816533   0.501703
 0.0183205 -0.0816533   0.501703
 0.0183205 -0.0816533   0.501703
 0.0183205 -0.0816533   0.501703
 0.0183205 -0.0816533   0.501703
 0.0183205 -0.0816533   0.501703
 0.0183205 -0.0816533   0.501703
 0.0183205 -0.0816533   0.501703
 0.0183205 -0.0816533   0.501703
 0.0183205 -0.0816533   0.501703
 0.0183205 -0.0816533   0.501703
 0.0183205 -0.0816533   0.501703
 0.0183205 -0.0816533   0.501703
 0.0183205 -0.0816533   0.501703
 0.0183205 -0.0816533   0.501703
 0.0183205 -0.0816533   0.501703
 0.0183205 -0.0816533   0.501703
 0.0183205 -0.0816533   0.501703
 0.0183205 -0.0816533   0.501703
 0.0183205 -0.0816533   0.501703
 0.0183205 -0.0816533   0.501703
 0.0183205 -0.0816533   0.501703
 0.0183205 -0.0816533   0.501703
 0.0183205 -0.0816533   0.501703
 0.0183205 -0.0816533   0.501703
 0.0183205 -0.0816533   0.501703
 0.0183205 -0.0816533   0.501703
 0.0183205 -0.0816533   0.501703
 0.0183205 -0.0816533   0.501703
 0.0183205 -0.0816533   0.501703
 0.0183205 -0.0816533   0.501703
 0.0183205 -0.0816533   0.501703
 0.0183205 -0.0816533   0.501703
 0.0183205 -0.0816533   0.501703
 0.0183205 -0.0816533   0.501703
 0.0183205 -0.0816533   0.501703
 0.0183205 -0.0816533   0.501703
 0.0183205 -0.0816533   0.501703
 0.0183205 -0.0816533   0.501703
 0.0183205 -0.0816533   0.501703
 0.0183205 -0.0816533   0.501703
 0.0183205 -0.0816533   0.501703
 0.0183205 -0.0816533   0.501703
 0.0183205 -0.0816533   0.501703
 0.0183205 -0.0816533   0.501703
 0.0183205 -0.0816533   0.501703
 0.0183205 -0.0816533   0.501703
 0.0183205 -0.0816533   0.501703
 0.0183205 -0.0816533   0.501703
 0.0183205 -0.0816533   0.501703
 0.0183205 -0.0816533   0.501703
 0.0183205 -0.0816533   0.501703
 0.0183205 -0.0816533   0.501703
 0.0183205 -0.0816533   0.501703
 0.0183205 -0.0816533   0.501703
 0.0183205 -0.0816533   0.501703
 0.0183205 -0.0816533   0.501703
 0.0183205 -0.0816533   0.501703
 0.0183205 -0.0816533   0.501703
 0.0183205 -0.0816533   0.501703
 0.0183205 -0.0816533   0.501703
 0.0183205 -0.0816533   0.501703
 0.0183205 -0.0816533   0.501703
 0.0183205 -0.0816533   0.501703
 0.0183205 -0.0816533   0.501703
 0.0183205 -0.0816533   0.501703
 0.0183205 -0.0816533   0.501703
 0.0183205 -0.0816533   0.501703
 0.0183205 -0.0816533   0.501703
 0.0183205 -0.0816533   0.501703
 0.0183205 -0.0816533   0.501703
 0.0183205 -0.0816533   0.501703
 0.0183205 -0.0816533   0.501703
 0.0183205 -0.0816533   0.501703
 0.0183205 -0.0816533   0.501703
 0.0183205 -0.0816533   0.501703
 0.0183205 -0.0816533   0.501703
 0.0183205 -0.0816533   0.501703
 0.0183205 -0.0816533   0.501703
 0.0183205 -0.0816533   0.501703
 0.0183205 -0.0816533   0.501703
 0.0183205 -0.0816533   0.501703
 0.0183205 -0.0816533   0.501703
 0.0183205 -0.0816533   0.501703
 0.0183205 -0.0816533   0.501703
 0.0183205 -0.0816533   0.501703
 0.0183205 -0.0816533   0.501703
 0.0183205 -0.0816533   0.501703
 0.0183205 -0.0816533   0.501703
 0.0183205 -0.0816533   0.501703
 0.0183205 -0.0816533   0.501703
 0.0183205 -0.0816533   0.501703
 0.0183205 -0.0816533   0.501703
 0.0183205 -0.0816533   0.501703
 0.0183205 -0.0816533   0.501703
 0.0183205 -0.0816533   0.501703
 0.0183205 -0.0816533   0.501703
 0.0183205 -0.0816533   0.501703
 0.0183205 -0.0816533   0.501703
 0.0183205 -0.0816533   0.501703
 0.0183205 -0.0816533   0.501703
 0.0183205 -0.0816533   0.501703
 0.0183205 -0.0816533   0.501703
 0.0183205 -0.0816533   0.501703
 0.0183205 -0.0816533   0.501703
 0.0183205 -0.0816533   0.501703
 0.0183205 -0.0816533   0.501703
 0.0183205 -0.0816533   0.501703
 0.0183205 -0.0816533   0.501703
 0.0183205 -0.0816533   0.501703
 0.0183205 -0.0816533   0.501703
 0.0183205 -0.0816533   0.501703
 0.0183205 -0.0816533   0.501703
 0.0183205 -0.0816533   0.501703
 0.0183205 -0.0816533   0.501703
 0.0183205 -0.0816533   0.501703
 0.0183205 -0.0816533   0.501703
 0.0183205 -0.0816533   0.501703
 0.0183205 -0.0816533   0.501703
 0.0183205 -0.0816533   0.501703
 0.0183205 -0.0816533   0.501703
 0.0183205 -0.0816533   0.501703
 0.0183205 -0.0816533   0.501703
 0.0183205 -0.0816533   0.501703
 0.0183205 -0.0816533   0.501703
 0.0183205 -0.0816533   0.501703
 0.0183205 -0.0816533   0.501703
 0.0183205 -0.0816533   0.501703
 0.0183205 -0.0816533   0.501703
 0.0183205 -0.0816533   0.501703
 0.0183205 -0.0816533   0.501703
 0.0183205 -0.0816533   0.501703
 0.0183205 -0.0816533   0.501703
 0.0183205 -0.0816533   0.501703
 0.0183205 -0.0816533   0.501703
 0.0183205 -0.0816533   0.501703
 0.0183205 -0.0816533   0.501703
 0.0183205 -0.0816533   0.501703
 0.0183205 -0.0816533   0.501703
 0.0183205 -0.0816533   0.501703
 0.0183205 -0.0816533   0.501703
 0.0183205 -0.0816533   0.501703
 0.0183205 -0.0816533   0.501703
 0.0183205 -0.0816533   0.501703
 0.0183205 -0.0816533   0.501703
 0.0183205 -0.0816533   0.501703
 0.0183205 -0.0816533   0.501703
 0.0183205 -0.0816533   0.501703
 0.0183205 -0.0816533   0.501703
 0.0183205 -0.0816533   0.501703
 0.0183205 -0.0816533   0.501703
 0.0183205 -0.0816533   0.501703
 0.0183205 -0.0816533   0.501703
 0.0183205 -0.0816533   0.501703
 0.0183205 -0.0816533   0.501703
 0.0183205 -0.0816533   0.501703
 0.0183205 -0.0816533   0.501703
 0.0183205 -0.0816533   0.501703
 0.0183205 -0.0816533   0.501703
 0.0183205 -0.0816533   0.501703
 0.0183205 -0.0816533   0.501703
 0.0183205 -0.0816533   0.501703
 0.0183205 -0.0816533   0.501703
 0.0183205 -0.0816533   0.501703
 0.0183205 -0.0816533   0.501703
 0.0183205 -0.0816533   0.501703
 0.0183205 -0.0816533   0.501703
 0.0183205 -0.0816533   0.501703
 0.0183205 -0.0816533   0.501703
 0.0183205 -0.0816533   0.501703
 0.0183205 -0.0816533   0.501703
 0.0183205 -0.0816533   0.501703
 0.0183205 -0.0816533   0.501703
 0.0183205 -0.0816533   0.501703
 0.0183205 -0.0816533   0.501703
 0.0183205 -0.0816533   0.501703
 0.0183205 -0.0816533   0.501703
 0.0183205 -0.0816533   0.501703
 0.0183205 -0.0816533   0.501703
 0.0183205 -0.0816533   0.501703
 0.0183205 -0.0816533   0.501703
 0.0183205 -0.0816533   0.501703
 0.0183205 -0.0816533   0.501703
 0.0183205 -0.0816533   0.501703
 0.0183205 -0.0816533   0.501703
 0.0183205 -0.0816533   0.501703
 0.0183205 -0.0816533   0.501703
 0.0183205 -0.0816533   0.501703
 0.0183205 -0.0816533   0.501703
 0.0183205 -0.0816533   0.501703
 0.0183205 -0.0816533   0.501703
 0.0183205 -0.0816533   0.501703
 0.0183205 -0.0816533   0.501703
 0.0183205 -0.0816533   0.501703
 0.0183205 -0.0816533   0.501703
 0.0183205 -0.0816533   0.501703
 0.0183205 -0.0816533   0.501703
 0.0183205 -0.0816533   0.501703
 0.0183205 -0.0816533   0.501703
 0.0183205 -0.0816533   0.501703
 0.0183205 -0.0816533   0.501703
 0.0183205 -0.0816533   0.501703
 0.0183205 -0.0816533   0.501703
 0.0183205 -0.0816533   0.501703
 0.0183205 -0.0816533   0.501703
 0.0183205 -0.0816533   0.501703
 0.0183205 -0.0816533   0.501703
 0.0183205 -0.0816533   0.501703
 0.0183205 -0.0816533   0.501703
 0.0183205 -0.0816533   0.501703
 0.0183205 -0.0816533   0.501703
 0.0183205 -0.0816533   0.501703
 0.0183205 -0.0816533   0.501703
 0.0183205 -0.0816533   0.501703
 0.0183205 -0.0816533   0.501703
 0.0183205 -0.0816533   0.501703
 0.0183205 -0.0816533   0.501703
 0.0183205 -0.0816533   0.501703
 0.0183205 -0.0816533   0.501703
 0.0183205 -0.0816533   0.501703
 0.0183205 -0.0816533   0.501703
 0.0183205 -0.0816533   0.501703
 0.0183205 -0.0816533   0.501703
 0.0183205 -0.0816533   0.501703
 0.0183205 -0.0816533   0.501703
 0.0183205 -0.0816533   0.501703
 0.0183205 -0.0816533   0.501703
 0.0183205 -0.0816533   0.501703
 0.0183205 -0.0816533   0.501703
 0.0183205 -0.0816533   0.501703
 0.0183205 -0.0816533   0.501703
 0.0183205 -0.0816533   0.501703
 0.0183205 -0.0816533   0.501703
 0.0183205 -0.0816533   0.501703
 0.0183205 -0.0816533   0.501703
 0.0183205 -0.0816533   0.501703
 0.0183205 -0.0816533   0.501703
 0.0183205 -0.0816533   0.501703
 0.0183205 -0.0816533   0.501703
 0.0183205 -0.0816533   0.501703
 0.0183205 -0.0816533   0.501703
 0.0183205 -0.0816533   0.501703
 0.0183205 -0.0816533   0.501703
 0.0183205 -0.0816533   0.501703
 0.0183205 -0.0816533   0.501703
 0.0183205 -0.0816533   0.501703
 0.0183205 -0.0816533   0.501703
 0.0183205 -0.0816533   0.501703
 0.0183205 -0.0816533   0.501703
 0.0183205 -0.0816533   0.501703
 0.0183205 -0.0816533   0.501703
 0.0183205 -0.0816533   0.501703
 0.0183205 -0.0816533   0.501703
 0.0183205 -0.0816533   0.501703
 0.0183205 -0.0816533   0.501703
 0.0183205 -0.0816533   0.501703
 0.0183205 -0.0816533   0.501703
 0.0183205 -0.0816533   0.501703
 0.0183205 -0.0816533   0.501703
 0.0183205 -0.0816533   0.501703
 0.0183205 -0.0816533   0.501703
 0.0183205 -0.0816533   0.501703
 0.0183205 -0.0816533   0.501703
 0.0183205 -0.0816533   0.501703
 0.0183205 -0.0816533   0.501703
 0.0183205 -0.0816533   0.501703
 0.0183205 -0.0816533   0.501703
 0.0183205 -0.0816533   0.501703
 0.0183205 -0.0816533   0.501703
 0.0183205 -0.0816533   0.501703
 0.0183205 -0.0816533   0.501703
 0.0183205 -0.0816533   0.501703
 0.0183205 -0.0816533   0.501703
 0.0183205 -0.0816533   0.501703
 0.0183205 -0.0816533   0.501703
 0.0183205 -0.0816533   0.501703
 0.0183205 -0.0816533   0.501703
 0.0183205 -0.0816533   0.501703
 0.0183205 -0.0816533   0.501703
 0.0183205 -0.0816533   0.501703
 0.0183205 -0.0816533   0.501703
 0.0183205 -0.0816533   0.501703
 0.0183205 -0.0816533   0.501703
 0.0183205 -0.0816533   0.501703
 0.0183205 -0.0816533   0.501703
 0.0183205 -0.0816533   0.501703
 0.0183205 -0.0816533   0.501703
 0.0183205 -0.0816533   0.501703
 0.0183205 -0.0816533   0.501703
 0.0183205 -0.0816533   0.501703
 0.0183205 -0.0816533   0.501703
 0.0183205 -0.0816533   0.501703
 0.0183205 -0.0816533   0.501703
 0.0183205 -0.0816533   0.501703
 0.0183205 -0.0816533   0.501703
 0.0183205 -0.0816533   0.501703
 0.0183205 -0.0816533   0.501703
 0.0183205 -0.0816533   0.501703
 0.0183205 -0.0816533   0.501703
 0.0183205 -0.0816533   0.501703
 0.0183205 -0.0816533   0.501703
 0.0183205 -0.0816533   0.501703
 0.0183205 -0.0816533   0.501703
 0.0183205 -0.0816533   0.501703
 0.0183205 -0.0816533   0.501703
 0.0183205 -0.0816533   0.501703
 0.0183205 -0.0816533   0.501703
 0.0183205 -0.0816533   0.501703
 0.0183205 -0.0816533   0.501703
 0.0183205 -0.0816533   0.501703
 0.0183205 -0.0816533   0.501703
 0.0183205 -0.0816533   0.501703
 0.0183205 -0.0816533   0.501703
 0.0183205 -0.0816533   0.501703
 0.0183205 -0.0816533   0.501703
 0.0183205 -0.0816533   0.501703
 0.0183205 -0.0816533   0.501703
 0.0183205 -0.0816533   0.501703
 0.0183205 -0.0816533   0.501703
 0.0183205 -0.0816533   0.501703
 0.0183205 -0.0816533   0.501703
 0.0183205 -0.0816533   0.501703
 0.0183205 -0.0816533   0.501703
 0.0183205 -0.0816533   0.501703
 0.0183205 -0.0816533   0.501703
 0.0183205 -0.0816533   0.501703
 0.0183205 -0.0816533   0.501703
 0.0183205 -0.0816533   0.501703
 0.0183205 -0.0816533   0.501703
 0.0183205 -0.0816533   0.501703
 0.0183205 -0.0816533   0.501703
 0.0183205 -0.0816533   0.501703
 0.0183205 -0.0816533   0.501703
 0.0183205 -0.0816533   0.501703
 0.0183205 -0.0816533   0.501703
 0.0183205 -0.0816533   0.501703
 0.0183205 -0.0816533   0.501703
 0.0183205 -0.0816533   0.501703
 0.0183205 -0.0816533   0.501703
 0.0183205 -0.0816533   0.501703
 0.0183205 -0.0816533   0.501703
 0.0183205 -0.0816533   0.501703
 0.0183205 -0.0816533   0.501703
 0.0183205 -0.0816533   0.501703
 0.0183205 -0.0816533   0.501703
 0.0183205 -0.0816533   0.501703
 0.0183205 -0.0816533   0.501703
 0.0183205 -0.0816533   0.501703
 0.0183205 -0.0816533   0.501703
 0.0183205 -0.0816533   0.501703
 0.0183205 -0.0816533   0.501703
 0.0183205 -0.0816533   0.501703
 0.0183205 -0.0816533   0.501703
 0.0183205 -0.0816533   0.501703
 0.0183205 -0.0816533   0.501703
 0.0183205 -0.0816533   0.501703
 0.0183205 -0.0816533   0.501703
 0.0183205 -0.0816533   0.501703
 0.0183205 -0.0816533   0.501703
 0.0183205 -0.0816533   0.501703
 0.0183205 -0.0816533   0.501703
 0.0183205 -0.0816533   0.501703
 0.0183205 -0.0816533   0.501703
 0.0183205 -0.0816533   0.501703
 0.0183205 -0.0816533   0.501703
 0.0183205 -0.0816533   0.501703
 0.0183205 -0.0816533   0.501703
 0.0183205 -0.0816533   0.501703
 0.0183205 -0.0816533   0.501703
 0.0183205 -0.0816533   0.501703
 0.0183205 -0.0816533   0.501703
 0.0183205 -0.0816533   0.501703
 0.0183205 -0.0816533   0.501703
 0.0183205 -0.0816533   0.501703
 0.0183205 -0.0816533   0.501703
 0.0183205 -0.0816533   0.501703
 0.0183205 -0.0816533   0.501703
 0.0183205 -0.0816533   0.501703
 0.0183205 -0.0816533   0.501703
 0.0183205 -0.0816533   0.501703
 0.0183205 -0.0816533   0.501703
 0.0183205 -0.0816533   0.501703
 0.0183205 -0.0816533   0.501703
 0.0183205 -0.0816533   0.501703
 0.0183205 -0.0816533   0.501703
 0.0183205 -0.0816533   0.501703
 0.0183205 -0.0816533   0.501703
 0.0183205 -0.0816533   0.501703
 0.0183205 -0.0816533   0.501703
 0.0183205 -0.0816533   0.501703
 0.0183205 -0.0816533   0.501703
 0.0183205 -0.0816533   0.501703
 0.0183205 -0.0816533   0.501703
 0.0183205 -0.0816533   0.501703
 0.0183205 -0.0816533   0.501703
 0.0183205 -0.0816533   0.501703
 0.0183205 -0.0816533   0.501703
 0.0183205 -0.0816533   0.501703
 0.0183205 -0.0816533   0.501703
 0.0183205 -0.0816533   0.501703
 0.0183205 -0.0816533   0.501703
 0.0183205 -0.0816533   0.501703
 0.0183205 -0.0816533   0.501703
 0.0183205 -0.0816533   0.501703
 0.0183205 -0.0816533   0.501703
 0.0183205 -0.0816533   0.501703
 0.0183205 -0.0816533   0.501703
 0.0183205 -0.0816533   0.501703
 0.0183205 -0.0816533   0.501703
 0.0183205 -0.0816533   0.501703
 0.0183205 -0.0816533   0.501703
 0.0183205 -0.0816533   0.501703
 0.0183205 -0.0816533   0.501703
 0.0183205 -0.0816533   0.501703
 0.0183205 -0.0816533   0.501703
 0.0183205 -0.0816533   0.501703
 0.0183205 -0.0816533   0.501703
 0.0183205 -0.0816533   0.501703
 0.0183205 -0.0816533   0.501703
 0.0183205 -0.0816533   0.501703
 0.0183205 -0.0816533   0.501703
 0.0183205 -0.0816533   0.501703
 0.0183205 -0.0816533   0.501703
 0.0183205 -0.0816533   0.501703
 0.0183205 -0.0816533   0.501703
 0.0183205 -0.0816533   0.501703
 0.0183205 -0.0816533   0.501703
 0.0183205 -0.0816533   0.501703
 0.0183205 -0.0816533   0.501703
 0.0183205 -0.0816533   0.501703
 0.0183205 -0.0816533   0.501703
 0.0183205 -0.0816533   0.501703
 0.0183205 -0.0816533   0.501703
 0.0183205 -0.0816533   0.501703
 0.0183205 -0.0816533   0.501703
 0.0183205 -0.0816533   0.501703
 0.0183205 -0.0816533   0.501703
 0.0183205 -0.0816533   0.501703
 0.0183205 -0.0816533   0.501703
 0.0183205 -0.0816533   0.501703
 0.0183205 -0.0816533   0.501703
 0.0183205 -0.0816533   0.501703
 0.0183205 -0.0816533   0.501703
 0.0183205 -0.0816533   0.501703
 0.0183205 -0.0816533   0.501703
 0.0183205 -0.0816533   0.501703
 0.0183205 -0.0816533   0.501703
 0.0183205 -0.0816533   0.501703
 0.0183205 -0.0816533   0.501703
 0.0183205 -0.0816533   0.501703
 0.0183205 -0.0816533   0.501703
 0.0183205 -0.0816533   0.501703
 0.0183205 -0.0816533   0.501703
 0.0183205 -0.0816533   0.501703
 0.0183205 -0.0816533   0.501703
 0.0183205 -0.0816533   0.501703
 0.0183205 -0.0816533   0.501703
 0.0183205 -0.0816533   0.501703
 0.0183205 -0.0816533   0.501703
 0.0183205 -0.0816533   0.501703
 0.0183205 -0.0816533   0.501703
 0.0183205 -0.0816533   0.501703
 0.0183205 -0.0816533   0.501703
 0.0183205 -0.0816533   0.501703
 0.0183205 -0.0816533   0.501703
 0.0183205 -0.0816533   0.501703
 0.0183205 -0.0816533   0.501703
 0.0183205 -0.0816533   0.501703
 0.0183205 -0.0816533   0.501703
 0.0183205 -0.0816533   0.501703
 0.0183205 -0.0816533   0.501703
 0.0183205 -0.0816533   0.501703
 0.0183205 -0.0816533   0.501703
 0.0183205 -0.0816533   0.501703
 0.0183205 -0.0816533   0.501703
 0.0183205 -0.0816533   0.501703
 0.0183205 -0.0816533   0.501703
 0.0183205 -0.0816533   0.501703
 0.0183205 -0.0816533   0.501703
 0.0183205 -0.0816533   0.501703
 0.0183205 -0.0816533   0.501703
 0.0183205 -0.0816533   0.501703
 0.0183205 -0.0816533   0.501703
 0.0183205 -0.0816533   0.501703
 0.0183205 -0.0816533   0.501703
 0.0183205 -0.0816533   0.501703
 0.0183205 -0.0816533   0.501703
 0.0183205 -0.0816533   0.501703
