 0.269533 -0.328384  0.605356
 0.26903 -0.32671 0.608286
 0.269032 -0.326708  0.608283
 0.269039 -0.326701  0.608276
0.269049 -0.32669 0.608263
 0.269064 -0.326674  0.608245
 0.269083 -0.326654  0.608223
 0.269107 -0.326629  0.608195
0.269134  -0.3266 0.608162
 0.269166 -0.326566  0.608124
 0.269202 -0.326527  0.608081
 0.269243 -0.326484  0.608033
 0.269287 -0.326437   0.60798
 0.269336 -0.326385  0.607921
 0.269389 -0.326328  0.607858
 0.269447 -0.326267   0.60779
 0.269508 -0.326202  0.607717
 0.269574 -0.326132  0.607638
 0.269644 -0.326057  0.607555
 0.269719 -0.325978  0.607466
 0.269797 -0.325895  0.607372
  0.26988 -0.325806  0.607274
 0.269967 -0.325714   0.60717
 0.270059 -0.325617  0.607061
 0.270154 -0.325515  0.606947
 0.270254 -0.325409  0.606829
 0.270358 -0.325298  0.606705
 0.270467 -0.325183  0.606576
 0.270579 -0.325063  0.606442
 0.270696 -0.324939  0.606303
0.270817 -0.32481 0.606159
 0.270943 -0.324677  0.606009
0.271072 -0.32454 0.605855
 0.271206 -0.324397  0.605696
0.271344 -0.32425 0.605531
 0.271486 -0.324099  0.605362
 0.271633 -0.323943  0.605187
 0.271784 -0.323783  0.605008
 0.271939 -0.323618  0.604823
 0.272098 -0.323449  0.604634
 0.272262 -0.323275  0.604439
  0.27243 -0.323096  0.604239
 0.272602 -0.322914  0.604035
 0.272778 -0.322726  0.603825
 0.272958 -0.322534   0.60361
 0.273143 -0.322338   0.60339
 0.273332 -0.322137  0.603165
 0.273526 -0.321931  0.602934
 0.273723 -0.321721  0.602699
 0.273925 -0.321506  0.602459
 0.274131 -0.321287  0.602214
 0.274342 -0.321064  0.601963
 0.274556 -0.320836  0.601708
 0.274775 -0.320603  0.601447
 0.274998 -0.320366  0.601182
 0.275225 -0.320124  0.600911
 0.275457 -0.319878  0.600636
 0.275693 -0.319627  0.600355
 0.275933 -0.319372  0.600069
 0.276177 -0.319112  0.599778
 0.276426 -0.318848  0.599482
 0.276679 -0.318579  0.599181
 0.276936 -0.318306  0.598875
 0.277197 -0.318028  0.598564
 0.277463 -0.317746  0.598248
 0.277732 -0.317459  0.597927
 0.278006 -0.317168  0.597601
 0.278285 -0.316872   0.59727
 0.278567 -0.316571  0.596933
 0.278854 -0.316266  0.596592
 0.279145 -0.315957  0.596245
 0.279441 -0.315643  0.595894
  0.27974 -0.315325  0.595537
 0.280044 -0.315002  0.595176
 0.280352 -0.314674  0.594809
 0.280664 -0.314342  0.594437
 0.280981 -0.314006  0.594061
 0.281301 -0.313665  0.593679
 0.281626 -0.313319  0.593292
 0.281956 -0.312969    0.5929
 0.282289 -0.312615  0.592503
 0.282627 -0.312256  0.592101
 0.282968 -0.311893  0.591695
 0.283314 -0.311525  0.591283
 0.283665 -0.311152  0.590865
  0.28402 -0.310775  0.590443
 0.284379 -0.310393  0.590016
 0.284742 -0.310007  0.589583
 0.285109 -0.309617  0.589146
 0.285481 -0.309221  0.588704
 0.285857 -0.308822  0.588256
 0.286237 -0.308417  0.587803
 0.286622 -0.308008  0.587345
 0.287011 -0.307595  0.586883
 0.287404 -0.307177  0.586415
 0.287801 -0.306755  0.585942
 0.288202 -0.306328  0.585464
 0.288608 -0.305897  0.584981
 0.289018 -0.305461  0.584494
 0.289432 -0.305021  0.584001
  0.28985 -0.304576  0.583502
 0.290272 -0.304128     0.583
 0.290695 -0.303679  0.582497
 0.291117 -0.303229  0.581994
 0.29154 -0.30278 0.581492
 0.291962 -0.302331  0.580989
 0.292385 -0.301882  0.580486
 0.292807 -0.301433  0.579983
 0.293229 -0.300984   0.57948
 0.293652 -0.300535  0.578978
 0.294074 -0.300086  0.578475
 0.294496 -0.299637  0.577972
 0.294919 -0.299188  0.577469
 0.295342 -0.298739  0.576966
 0.295764 -0.298289  0.576463
0.296187 -0.29784  0.57596
 0.296609 -0.297391  0.575457
 0.297032 -0.296942  0.574954
 0.297454 -0.296493  0.574451
 0.297877 -0.296044  0.573948
 0.298299 -0.295594  0.573445
 0.298721 -0.295146  0.572944
 0.299143 -0.294697  0.572441
 0.299565 -0.294248  0.571938
 0.299988 -0.293799  0.571435
 0.30041 -0.29335 0.570933
 0.300835 -0.292899  0.570427
0.301257 -0.29245 0.569925
 0.301679 -0.292001  0.569422
 0.302102 -0.291552  0.568919
 0.302524 -0.291103  0.568416
 0.302946 -0.290654  0.567914
 0.303369 -0.290205  0.567411
 0.303791 -0.289756  0.566908
 0.304214 -0.289307  0.566405
 0.304636 -0.288858  0.565902
 0.305059 -0.288408    0.5654
 0.305481 -0.287959  0.564897
 0.305903 -0.287511  0.564394
 0.306326 -0.287061  0.563891
 0.306748 -0.286612  0.563388
  0.30717 -0.286163  0.562886
 0.307593 -0.285714  0.562383
 0.308015 -0.285265   0.56188
 0.308437 -0.284816  0.561377
  0.30886 -0.284367  0.560875
 0.309282 -0.283918  0.560372
 0.309705 -0.283469  0.559869
0.310127 -0.28302 0.559366
 0.310549 -0.282571  0.558863
 0.310972 -0.282122  0.558361
 0.311394 -0.281673  0.557858
 0.311816 -0.281224  0.557355
 0.312239 -0.280775  0.556852
 0.312659 -0.280328  0.556352
 0.313082 -0.279879  0.555849
0.313504 -0.27943 0.555346
 0.313926 -0.278981  0.554844
 0.314349 -0.278532  0.554341
 0.314771 -0.278083  0.553838
 0.315194 -0.277634  0.553335
 0.315616 -0.277185  0.552832
 0.316038 -0.276736   0.55233
 0.316461 -0.276287  0.551827
 0.316883 -0.275838  0.551324
 0.317305 -0.275389  0.550822
0.317728 -0.27494 0.550319
  0.31815 -0.274491  0.549816
 0.318572 -0.274042  0.549313
 0.318995 -0.273593  0.548811
 0.319417 -0.273144  0.548308
 0.319839 -0.272695  0.547805
 0.320262 -0.272246  0.547302
 0.320684 -0.271797    0.5468
 0.321107 -0.271348  0.546297
 0.321529 -0.270899  0.545794
0.321951 -0.27045 0.545291
 0.322374 -0.270001  0.544788
 0.322796 -0.269552  0.544286
 0.323218 -0.269103  0.543783
 0.323641 -0.268653   0.54328
 0.324064 -0.268204  0.542777
 0.324486 -0.267755  0.542274
 0.324908 -0.267306  0.541771
 0.325331 -0.266857  0.541269
 0.325753 -0.266408  0.540766
 0.326176 -0.265959  0.540263
0.326598 -0.26551  0.53976
 0.327021 -0.265061  0.539257
 0.327443 -0.264611  0.538754
 0.327866 -0.264162  0.538251
 0.328288 -0.263713  0.537748
 0.328711 -0.263264  0.537245
 0.329133 -0.262815  0.536742
 0.329556 -0.262366  0.536239
 0.329978 -0.261916  0.535736
 0.330401 -0.261467  0.535234
 0.330823 -0.261018  0.534731
 0.331246 -0.260569  0.534228
0.331668 -0.26012 0.533725
  0.33209 -0.259671  0.533222
 0.332513 -0.259222   0.53272
 0.332935 -0.258773  0.532217
 0.333357 -0.258324  0.531714
  0.33378 -0.257875  0.531211
 0.334202 -0.257426  0.530708
 0.334625 -0.256976  0.530205
 0.335047 -0.256527  0.529703
  0.33547 -0.256078    0.5292
 0.335892 -0.255629  0.528697
0.336314 -0.25518 0.528194
 0.336737 -0.254731  0.527692
 0.337159 -0.254283  0.527189
 0.337581 -0.253833  0.526686
 0.338004 -0.253384  0.526183
 0.338426 -0.252935  0.525681
 0.338848 -0.252486  0.525178
  0.33927 -0.252038  0.524676
 0.339687 -0.251595  0.524179
   0.3401 -0.251155  0.523687
0.340509 -0.25072 0.523201
0.340914 -0.25029 0.522719
 0.341315 -0.249864  0.522242
 0.341711 -0.249443   0.52177
 0.342103 -0.249026  0.521304
 0.342491 -0.248614  0.520842
 0.342874 -0.248206  0.520386
 0.343254 -0.247803  0.519934
 0.343629 -0.247405  0.519488
0.343999 -0.24701 0.519046
 0.344366 -0.246621   0.51861
 0.344728 -0.246235  0.518178
 0.345087 -0.245855  0.517752
  0.34544 -0.245478  0.517331
  0.34579 -0.245107  0.516915
0.346135 -0.24474 0.516504
 0.346476 -0.244377  0.516098
 0.346813 -0.244019  0.515697
 0.347146 -0.243665  0.515301
 0.347474 -0.243316   0.51491
 0.347798 -0.242972  0.514525
 0.348118 -0.242632  0.514144
 0.348434 -0.242296  0.513768
 0.348745 -0.241965  0.513398
 0.349052 -0.241639  0.513032
 0.349355 -0.241317  0.512672
 0.349654 -0.240999  0.512316
 0.349948 -0.240686  0.511966
 0.350238 -0.240378   0.51162
 0.350524 -0.240074   0.51128
 0.350806 -0.239774  0.510944
0.351083 -0.23948 0.510614
 0.351356 -0.239189  0.510289
 0.351625 -0.238903  0.509969
  0.35189 -0.238622  0.509654
  0.35215 -0.238345  0.509344
 0.352406 -0.238073  0.509039
 0.352658 -0.237805  0.508739
 0.352906 -0.237542  0.508445
 0.353149 -0.237283  0.508155
 0.353388 -0.237029   0.50787
 0.353623 -0.236779   0.50759
 0.353854 -0.236534  0.507316
 0.354081 -0.236293  0.507046
 0.354303 -0.236057  0.506782
 0.354521 -0.235825  0.506522
 0.354734 -0.235598  0.506268
 0.354944 -0.235376  0.506019
 0.355149 -0.235157  0.505775
  0.35535 -0.234944  0.505536
 0.355546 -0.234735  0.505302
0.355739 -0.23453 0.505073
0.355927 -0.23433 0.504849
 0.356111 -0.234135   0.50463
  0.35629 -0.233944  0.504416
 0.356466 -0.233757  0.504207
 0.356637 -0.233576  0.504004
 0.356804 -0.233398  0.503805
 0.356966 -0.233225  0.503611
 0.357125 -0.233057  0.503423
 0.357279 -0.232893  0.503239
 0.357429 -0.232734  0.503061
 0.357574 -0.232579  0.502887
 0.357716 -0.232428  0.502719
 0.357853 -0.232283  0.502556
 0.357986 -0.232141  0.502398
 0.358115 -0.232004  0.502244
 0.358239 -0.231872  0.502096
 0.358359 -0.231744  0.501953
 0.358475 -0.231621  0.501815
 0.358587 -0.231502  0.501682
 0.358694 -0.231388  0.501554
 0.358797 -0.231279  0.501432
 0.358896 -0.231173  0.501314
 0.358991 -0.231073  0.501201
 0.359082 -0.230976  0.501093
 0.359168 -0.230885  0.500991
  0.35925 -0.230798  0.500893
 0.359327 -0.230715  0.500801
 0.359401 -0.230637  0.500713
  0.35947 -0.230563  0.500631
 0.359535 -0.230494  0.500554
0.359596 -0.23043 0.500481
0.359652 -0.23037 0.500414
 0.359704 -0.230314  0.500352
 0.359752 -0.230263  0.500295
 0.359796 -0.230217  0.500243
 0.359836 -0.230175  0.500196
 0.359871 -0.230137  0.500154
 0.359902 -0.230104  0.500117
 0.359929 -0.230076  0.500085
 0.359951 -0.230052  0.500058
 0.359969 -0.230033  0.500036
 0.359983 -0.230018   0.50002
 0.359993 -0.230007  0.500008
 0.359999 -0.230001  0.500002
 0.36 -0.23   0.5
 0.36 -0.23   0.5
 0.36 -0.23   0.5
 0.36 -0.23   0.5
 0.36 -0.23   0.5
 0.36 -0.23   0.5
 0.36 -0.23   0.5
 0.36 -0.23   0.5
 0.36 -0.23   0.5
 0.36 -0.23   0.5
 0.36 -0.23   0.5
 0.36 -0.23   0.5
 0.36 -0.23   0.5
 0.36 -0.23   0.5
 0.36 -0.23   0.5
 0.36 -0.23   0.5
 0.36 -0.23   0.5
 0.36 -0.23   0.5
 0.36 -0.23   0.5
 0.36 -0.23   0.5
 0.36 -0.23   0.5
 0.36 -0.23   0.5
 0.36 -0.23   0.5
 0.36 -0.23   0.5
 0.36 -0.23   0.5
 0.36 -0.23   0.5
 0.36 -0.23   0.5
 0.36 -0.23   0.5
 0.36 -0.23   0.5
 0.36 -0.23   0.5
 0.36 -0.23   0.5
 0.36 -0.23   0.5
 0.36 -0.23   0.5
 0.36 -0.23   0.5
 0.36 -0.23   0.5
 0.36 -0.23   0.5
 0.36 -0.23   0.5
 0.36 -0.23   0.5
 0.36 -0.23   0.5
 0.36 -0.23   0.5
 0.36 -0.23   0.5
 0.36 -0.23   0.5
 0.36 -0.23   0.5
 0.36 -0.23   0.5
 0.36 -0.23   0.5
 0.36 -0.23   0.5
 0.36 -0.23   0.5
 0.36 -0.23   0.5
 0.36 -0.23   0.5
 0.36 -0.23   0.5
 0.36 -0.23   0.5
 0.36 -0.23   0.5
 0.36 -0.23   0.5
 0.36 -0.23   0.5
 0.36 -0.23   0.5
 0.36 -0.23   0.5
 0.36 -0.23   0.5
 0.36 -0.23   0.5
 0.36 -0.23   0.5
 0.36 -0.23   0.5
 0.36 -0.23   0.5
 0.36 -0.23   0.5
 0.36 -0.23   0.5
 0.36 -0.23   0.5
 0.36 -0.23   0.5
 0.36 -0.23   0.5
 0.36 -0.23   0.5
 0.36 -0.23   0.5
 0.36 -0.23   0.5
 0.36 -0.23   0.5
 0.36 -0.23   0.5
 0.36 -0.23   0.5
 0.36 -0.23   0.5
 0.36 -0.23   0.5
 0.36 -0.23   0.5
 0.36 -0.23   0.5
 0.36 -0.23   0.5
 0.36 -0.23   0.5
 0.36 -0.23   0.5
 0.36 -0.23   0.5
 0.36 -0.23   0.5
 0.36 -0.23   0.5
 0.36 -0.23   0.5
 0.36 -0.23   0.5
 0.36 -0.23   0.5
 0.36 -0.23   0.5
 0.36 -0.23   0.5
 0.36 -0.23   0.5
 0.36 -0.23   0.5
 0.36 -0.23   0.5
 0.36 -0.23   0.5
 0.36 -0.23   0.5
 0.36 -0.23   0.5
 0.36 -0.23   0.5
 0.36 -0.23   0.5
 0.36 -0.23   0.5
 0.36 -0.23   0.5
 0.36 -0.23   0.5
 0.36 -0.23   0.5
 0.36 -0.23   0.5
 0.36 -0.23   0.5
 0.36 -0.23   0.5
 0.36 -0.23   0.5
 0.36 -0.23   0.5
 0.36 -0.23   0.5
 0.36 -0.23   0.5
 0.36 -0.23   0.5
 0.36 -0.23   0.5
 0.36 -0.23   0.5
 0.36 -0.23   0.5
 0.36 -0.23   0.5
 0.36 -0.23   0.5
 0.36 -0.23   0.5
 0.36 -0.23   0.5
 0.36 -0.23   0.5
 0.36 -0.23   0.5
 0.36 -0.23   0.5
 0.36 -0.23   0.5
 0.36 -0.23   0.5
 0.36 -0.23   0.5
 0.36 -0.23   0.5
 0.36 -0.23   0.5
 0.36 -0.23   0.5
 0.36 -0.23   0.5
 0.36 -0.23   0.5
 0.36 -0.23   0.5
 0.36 -0.23   0.5
 0.36 -0.23   0.5
 0.36 -0.23   0.5
 0.36 -0.23   0.5
 0.36 -0.23   0.5
 0.36 -0.23   0.5
 0.36 -0.23   0.5
 0.36 -0.23   0.5
 0.36 -0.23   0.5
 0.36 -0.23   0.5
 0.36 -0.23   0.5
 0.36 -0.23   0.5
 0.36 -0.23   0.5
 0.36 -0.23   0.5
 0.36 -0.23   0.5
 0.36 -0.23   0.5
 0.36 -0.23   0.5
 0.36 -0.23   0.5
 0.36 -0.23   0.5
 0.36 -0.23   0.5
 0.36 -0.23   0.5
 0.36 -0.23   0.5
 0.36 -0.23   0.5
 0.36 -0.23   0.5
 0.36 -0.23   0.5
 0.36 -0.23   0.5
 0.36 -0.23   0.5
 0.36 -0.23   0.5
 0.36 -0.23   0.5
 0.36 -0.23   0.5
 0.36 -0.23   0.5
 0.36 -0.23   0.5
 0.36 -0.23   0.5
 0.36 -0.23   0.5
 0.36 -0.23   0.5
 0.36 -0.23   0.5
 0.36 -0.23   0.5
 0.36 -0.23   0.5
 0.36 -0.23   0.5
 0.36 -0.23   0.5
 0.36 -0.23   0.5
 0.36 -0.23   0.5
 0.36 -0.23   0.5
 0.36 -0.23   0.5
 0.36 -0.23   0.5
 0.36 -0.23   0.5
 0.36 -0.23   0.5
 0.36 -0.23   0.5
 0.36 -0.23   0.5
 0.36 -0.23   0.5
 0.36 -0.23   0.5
 0.36 -0.23   0.5
 0.36 -0.23   0.5
 0.36 -0.23   0.5
 0.36 -0.23   0.5
 0.36 -0.23   0.5
 0.36 -0.23   0.5
 0.36 -0.23   0.5
 0.36 -0.23   0.5
 0.36 -0.23   0.5
 0.36 -0.23   0.5
 0.36 -0.23   0.5
 0.36 -0.23   0.5
 0.36 -0.23   0.5
 0.36 -0.23   0.5
 0.36 -0.23   0.5
 0.36 -0.23   0.5
 0.36 -0.23   0.5
 0.36 -0.23   0.5
 0.36 -0.23   0.5
 0.36 -0.23   0.5
 0.36 -0.23   0.5
 0.36 -0.23   0.5
 0.36 -0.23   0.5
 0.36 -0.23   0.5
 0.36 -0.23   0.5
 0.36 -0.23   0.5
 0.36 -0.23   0.5
 0.36 -0.23   0.5
 0.36 -0.23   0.5
 0.36 -0.23   0.5
 0.36 -0.23   0.5
 0.36 -0.23   0.5
 0.36 -0.23   0.5
 0.36 -0.23   0.5
 0.36 -0.23   0.5
 0.36 -0.23   0.5
 0.36 -0.23   0.5
 0.36 -0.23   0.5
 0.36 -0.23   0.5
 0.36 -0.23   0.5
 0.36 -0.23   0.5
 0.36 -0.23   0.5
 0.36 -0.23   0.5
 0.36 -0.23   0.5
 0.36 -0.23   0.5
 0.36 -0.23   0.5
 0.36 -0.23   0.5
 0.36 -0.23   0.5
 0.36 -0.23   0.5
 0.36 -0.23   0.5
 0.36 -0.23   0.5
 0.36 -0.23   0.5
 0.36 -0.23   0.5
 0.36 -0.23   0.5
 0.36 -0.23   0.5
 0.36 -0.23   0.5
 0.36 -0.23   0.5
 0.36 -0.23   0.5
 0.36 -0.23   0.5
 0.36 -0.23   0.5
 0.36 -0.23   0.5
 0.36 -0.23   0.5
 0.36 -0.23   0.5
 0.36 -0.23   0.5
 0.36 -0.23   0.5
 0.36 -0.23   0.5
 0.36 -0.23   0.5
 0.36 -0.23   0.5
 0.36 -0.23   0.5
 0.36 -0.23   0.5
 0.36 -0.23   0.5
 0.36 -0.23   0.5
 0.36 -0.23   0.5
 0.36 -0.23   0.5
 0.36 -0.23   0.5
 0.36 -0.23   0.5
 0.36 -0.23   0.5
 0.36 -0.23   0.5
 0.36 -0.23   0.5
 0.36 -0.23   0.5
 0.36 -0.23   0.5
 0.36 -0.23   0.5
 0.36 -0.23   0.5
 0.36 -0.23   0.5
 0.36 -0.23   0.5
 0.36 -0.23   0.5
 0.36 -0.23   0.5
 0.36 -0.23   0.5
 0.36 -0.23   0.5
 0.36 -0.23   0.5
 0.36 -0.23   0.5
 0.36 -0.23   0.5
 0.36 -0.23   0.5
 0.36 -0.23   0.5
 0.36 -0.23   0.5
 0.36 -0.23   0.5
 0.36 -0.23   0.5
 0.36 -0.23   0.5
 0.36 -0.23   0.5
 0.36 -0.23   0.5
 0.36 -0.23   0.5
 0.36 -0.23   0.5
 0.36 -0.23   0.5
 0.36 -0.23   0.5
 0.36 -0.23   0.5
 0.36 -0.23   0.5
 0.36 -0.23   0.5
 0.36 -0.23   0.5
 0.36 -0.23   0.5
 0.36 -0.23   0.5
 0.36 -0.23   0.5
 0.36 -0.23   0.5
 0.36 -0.23   0.5
 0.36 -0.23   0.5
 0.36 -0.23   0.5
 0.36 -0.23   0.5
 0.36 -0.23   0.5
 0.36 -0.23   0.5
 0.36 -0.23   0.5
 0.36 -0.23   0.5
 0.36 -0.23   0.5
 0.36 -0.23   0.5
 0.36 -0.23   0.5
 0.36 -0.23   0.5
 0.36 -0.23   0.5
 0.36 -0.23   0.5
 0.36 -0.23   0.5
 0.36 -0.23   0.5
 0.36 -0.23   0.5
 0.36 -0.23   0.5
 0.36 -0.23   0.5
 0.36 -0.23   0.5
 0.36 -0.23   0.5
 0.36 -0.23   0.5
 0.36 -0.23   0.5
 0.36 -0.23   0.5
 0.36 -0.23   0.5
 0.36 -0.23   0.5
 0.36 -0.23   0.5
 0.36 -0.23   0.5
 0.36 -0.23   0.5
 0.36 -0.23   0.5
 0.36 -0.23   0.5
 0.36 -0.23   0.5
 0.36 -0.23   0.5
 0.36 -0.23   0.5
 0.36 -0.23   0.5
 0.36 -0.23   0.5
 0.36 -0.23   0.5
 0.36 -0.23   0.5
 0.36 -0.23   0.5
 0.36 -0.23   0.5
 0.36 -0.23   0.5
 0.36 -0.23   0.5
 0.36 -0.23   0.5
 0.36 -0.23   0.5
 0.36 -0.23   0.5
 0.36 -0.23   0.5
 0.36 -0.23   0.5
 0.36 -0.23   0.5
 0.36 -0.23   0.5
 0.36 -0.23   0.5
 0.36 -0.23   0.5
 0.36 -0.23   0.5
 0.36 -0.23   0.5
 0.36 -0.23   0.5
 0.36 -0.23   0.5
 0.36 -0.23   0.5
 0.36 -0.23   0.5
 0.36 -0.23   0.5
 0.36 -0.23   0.5
 0.36 -0.23   0.5
 0.36 -0.23   0.5
 0.36 -0.23   0.5
 0.36 -0.23   0.5
 0.36 -0.23   0.5
 0.36 -0.23   0.5
 0.36 -0.23   0.5
 0.36 -0.23   0.5
 0.36 -0.23   0.5
 0.36 -0.23   0.5
 0.36 -0.23   0.5
 0.36 -0.23   0.5
 0.36 -0.23   0.5
 0.36 -0.23   0.5
 0.36 -0.23   0.5
 0.36 -0.23   0.5
 0.36 -0.23   0.5
 0.36 -0.23   0.5
 0.36 -0.23   0.5
 0.36 -0.23   0.5
 0.36 -0.23   0.5
 0.36 -0.23   0.5
 0.36 -0.23   0.5
 0.36 -0.23   0.5
 0.36 -0.23   0.5
 0.36 -0.23   0.5
 0.36 -0.23   0.5
 0.36 -0.23   0.5
 0.36 -0.23   0.5
 0.36 -0.23   0.5
 0.36 -0.23   0.5
 0.36 -0.23   0.5
 0.36 -0.23   0.5
 0.36 -0.23   0.5
 0.36 -0.23   0.5
 0.36 -0.23   0.5
 0.36 -0.23   0.5
 0.36 -0.23   0.5
 0.36 -0.23   0.5
 0.36 -0.23   0.5
 0.36 -0.23   0.5
 0.36 -0.23   0.5
 0.36 -0.23   0.5
 0.36 -0.23   0.5
 0.36 -0.23   0.5
 0.36 -0.23   0.5
 0.36 -0.23   0.5
 0.36 -0.23   0.5
 0.36 -0.23   0.5
 0.36 -0.23   0.5
 0.36 -0.23   0.5
 0.36 -0.23   0.5
 0.36 -0.23   0.5
 0.36 -0.23   0.5
 0.36 -0.23   0.5
 0.36 -0.23   0.5
 0.36 -0.23   0.5
 0.36 -0.23   0.5
 0.36 -0.23   0.5
 0.36 -0.23   0.5
 0.36 -0.23   0.5
 0.36 -0.23   0.5
 0.36 -0.23   0.5
 0.36 -0.23   0.5
 0.36 -0.23   0.5
 0.36 -0.23   0.5
 0.36 -0.23   0.5
 0.36 -0.23   0.5
 0.36 -0.23   0.5
 0.36 -0.23   0.5
 0.36 -0.23   0.5
 0.36 -0.23   0.5
 0.36 -0.23   0.5
 0.36 -0.23   0.5
 0.36 -0.23   0.5
 0.36 -0.23   0.5
 0.36 -0.23   0.5
 0.36 -0.23   0.5
 0.36 -0.23   0.5
 0.36 -0.23   0.5
 0.36 -0.23   0.5
 0.36 -0.23   0.5
 0.36 -0.23   0.5
 0.36 -0.23   0.5
 0.36 -0.23   0.5
 0.36 -0.23   0.5
 0.36 -0.23   0.5
 0.36 -0.23   0.5
 0.36 -0.23   0.5
 0.36 -0.23   0.5
 0.36 -0.23   0.5
 0.36 -0.23   0.5
 0.36 -0.23   0.5
 0.36 -0.23   0.5
 0.36 -0.23   0.5
 0.36 -0.23   0.5
 0.36 -0.23   0.5
 0.36 -0.23   0.5
 0.36 -0.23   0.5
 0.36 -0.23   0.5
 0.36 -0.23   0.5
 0.36 -0.23   0.5
 0.36 -0.23   0.5
 0.36 -0.23   0.5
 0.36 -0.23   0.5
 0.36 -0.23   0.5
 0.36 -0.23   0.5
 0.36 -0.23   0.5
 0.36 -0.23   0.5
 0.36 -0.23   0.5
 0.36 -0.23   0.5
 0.36 -0.23   0.5
 0.36 -0.23   0.5
 0.36 -0.23   0.5
 0.36 -0.23   0.5
 0.36 -0.23   0.5
 0.36 -0.23   0.5
 0.36 -0.23   0.5
 0.36 -0.23   0.5
 0.36 -0.23   0.5
 0.36 -0.23   0.5
 0.36 -0.23   0.5
 0.36 -0.23   0.5
 0.36 -0.23   0.5
