 0.26903 -0.32671 0.608286
 0.269032 -0.326703  0.608278
 0.269029 -0.326699  0.608267
 0.269024 -0.326694  0.608262
 0.269018 -0.326689  0.608254
 0.269013 -0.326685  0.608252
 0.269011 -0.326682  0.608254
 0.269009 -0.326677   0.60826
 0.269009 -0.326675  0.608271
 0.269011 -0.326669  0.608284
 0.269015 -0.326665  0.608304
  0.26902 -0.326659  0.608322
 0.269027 -0.326654  0.608345
 0.269037 -0.326644  0.608372
 0.269049 -0.326636  0.608399
 0.269063 -0.326622   0.60843
  0.26908 -0.326607  0.608461
 0.269099 -0.326592  0.608495
 0.269119 -0.326572  0.608525
0.269142 -0.32655 0.608561
 0.269166 -0.326526  0.608587
 0.269191 -0.326497  0.608617
 0.269218 -0.326463  0.608647
 0.269246 -0.326428  0.608671
 0.269275 -0.326385  0.608696
 0.269306 -0.326331  0.608716
 0.269337 -0.326283  0.608734
0.269366 -0.32623 0.608743
 0.269398 -0.326171  0.608749
 0.269428 -0.326107  0.608753
 0.269457 -0.326039   0.60875
 0.269488 -0.325967  0.608743
 0.269517 -0.325889   0.60873
 0.269547 -0.325809  0.608713
 0.269573 -0.325724  0.608687
 0.269601 -0.325633  0.608658
 0.269628 -0.325537  0.608624
 0.269653 -0.325439  0.608582
 0.269678 -0.325336   0.60854
 0.269703 -0.325227  0.608488
 0.269727 -0.325113  0.608434
 0.269749 -0.324995  0.608364
 0.269774 -0.324872    0.6083
 0.269794 -0.324746  0.608225
 0.269817 -0.324615  0.608147
  0.26984 -0.324477  0.608066
 0.269862 -0.324338  0.607978
0.269885 -0.32419 0.607889
 0.269908 -0.324039  0.607794
 0.269933 -0.323884  0.607696
 0.269957 -0.323722  0.607591
 0.269982 -0.323557  0.607483
 0.270009 -0.323386  0.607373
0.270036 -0.32321 0.607257
 0.270066 -0.323028   0.60714
0.270096 -0.32284 0.607018
 0.270128 -0.322648  0.606893
 0.270161 -0.322449  0.606762
 0.270199 -0.322226  0.606624
 0.270235 -0.322018  0.606482
 0.270273 -0.321801  0.606341
 0.270314 -0.321578  0.606197
 0.270355 -0.321352  0.606047
 0.270399 -0.321118  0.605896
 0.270443 -0.320878  0.605739
  0.27049 -0.320634  0.605581
 0.270537 -0.320383  0.605413
 0.270586 -0.320128  0.605243
0.270639 -0.31987 0.605079
 0.270691 -0.319602  0.604902
0.270742 -0.31933 0.604702
 0.270796 -0.319051  0.604514
 0.270851 -0.318765  0.604324
 0.270906 -0.318477  0.604124
0.270963 -0.31818 0.603927
 0.271019 -0.317879  0.603716
 0.271077 -0.317574  0.603503
 0.271136 -0.317261  0.603288
 0.271195 -0.316943  0.603065
 0.271256 -0.316622   0.60284
 0.271316 -0.316294  0.602607
0.271379 -0.31596 0.602375
 0.271441 -0.315624  0.602131
 0.271511 -0.315232  0.601873
 0.271577 -0.314885  0.601624
 0.271644 -0.314532  0.601371
 0.271717 -0.314182   0.60113
 0.271787 -0.313822  0.600869
 0.271857 -0.313456  0.600586
 0.271931 -0.313086  0.600319
0.272008 -0.31271 0.600056
 0.272085 -0.312335  0.599781
 0.272166 -0.311953  0.599509
  0.27225 -0.311568  0.599236
 0.272335 -0.311179  0.598961
 0.272425 -0.310787  0.598687
 0.272517 -0.310394  0.598408
 0.272613 -0.309996  0.598134
  0.27271 -0.309595  0.597853
 0.272812 -0.309191  0.597574
 0.272918 -0.308783  0.597296
 0.273027 -0.308372  0.597017
 0.27314 -0.30796 0.596738
 0.273256 -0.307543  0.596457
 0.273377 -0.307123   0.59618
 0.273501 -0.306699  0.595899
 0.273628 -0.306272  0.595618
  0.27376 -0.305842  0.595338
 0.273903 -0.305367  0.595036
 0.274042 -0.304931  0.594756
 0.274184 -0.304491  0.594473
  0.27433 -0.304048  0.594194
 0.274478 -0.303604   0.59391
 0.274631 -0.303157  0.593632
 0.274784 -0.302709  0.593346
 0.274941 -0.302261  0.593061
 0.275104 -0.301816  0.592792
 0.275265 -0.301363  0.592508
 0.275429 -0.300908  0.592226
0.275593 -0.30045 0.591937
 0.275761 -0.299995  0.591659
0.275934 -0.29953 0.591349
 0.276103 -0.299072  0.591065
 0.276275 -0.298613   0.59078
 0.276448 -0.298155  0.590494
 0.276622 -0.297697  0.590211
 0.276796 -0.297239  0.589924
 0.276972 -0.296781  0.589641
 0.277149 -0.296323  0.589355
 0.277327 -0.295866  0.589074
0.277505 -0.29541 0.588785
 0.277685 -0.294954  0.588501
 0.277865 -0.294498  0.588219
 0.278047 -0.294044  0.587935
  0.27823 -0.293589  0.587654
 0.278414 -0.293135  0.587371
 0.278611 -0.292635   0.58708
 0.278797 -0.292182  0.586797
 0.278987 -0.291735  0.586524
 0.279185 -0.291269  0.586226
 0.279377 -0.290816  0.585948
 0.279571 -0.290363  0.585673
 0.279766 -0.289909  0.585396
 0.279964 -0.289456  0.585124
 0.280162 -0.289003  0.584848
 0.280363 -0.288549   0.58458
 0.280564 -0.288096  0.584306
 0.280768 -0.287643  0.584036
 0.280974 -0.287189  0.583768
 0.281181 -0.286735    0.5835
 0.281389 -0.286282  0.583235
 0.281599 -0.285829  0.582968
 0.281811 -0.285375  0.582706
0.282023 -0.28492 0.582438
 0.282236 -0.284466  0.582174
0.282452 -0.28401  0.58191
 0.282667 -0.283554  0.581646
 0.282885 -0.283095  0.581384
 0.283102 -0.282637  0.581118
 0.283321 -0.282178  0.580855
  0.28354 -0.281719  0.580587
 0.283759 -0.281259  0.580319
 0.283979 -0.280797  0.580052
 0.284199 -0.280334  0.579783
  0.28442 -0.279872  0.579514
 0.284653 -0.279388  0.579227
 0.284882 -0.278902  0.578942
 0.285092 -0.278459  0.578679
 0.285301 -0.278012  0.578424
 0.285519 -0.277545  0.578144
 0.285738 -0.277079  0.577865
 0.285956 -0.276609  0.577588
 0.286174 -0.276142  0.577307
 0.286391 -0.275674  0.577026
 0.286607 -0.275206  0.576742
 0.286822 -0.274739  0.576456
 0.287037 -0.274271  0.576167
 0.287251 -0.273801  0.575881
0.287475 -0.27331 0.575581
0.287704 -0.27282 0.575277
 0.287917 -0.272348   0.57499
0.288131 -0.27188 0.574697
 0.288344 -0.271408   0.57441
 0.288546 -0.270957  0.574129
 0.288745 -0.270509  0.573854
 0.288956 -0.270039  0.573559
 0.289121 -0.269664  0.573318
 0.289339 -0.269192  0.573039
  0.28955 -0.268723  0.572744
 0.289761 -0.268251  0.572455
0.289972 -0.26778 0.572158
 0.290183 -0.267306  0.571863
 0.290396 -0.266831  0.571568
 0.290608 -0.266351  0.571273
 0.290821 -0.265871  0.570977
0.291035 -0.26539 0.570678
 0.291246 -0.264907  0.570374
 0.291465 -0.264419  0.570079
 0.291688 -0.263912  0.569763
0.291902 -0.26342 0.569459
 0.292134 -0.262906  0.569143
 0.292348 -0.262411  0.568843
0.292565 -0.26192 0.568539
 0.292778 -0.261425  0.568239
 0.292991 -0.260934  0.567936
 0.293204 -0.260443  0.567637
 0.293414 -0.259955  0.567332
 0.293623 -0.259468   0.56703
 0.293831 -0.258984  0.566729
 0.294038 -0.258501  0.566427
0.294241 -0.25802 0.566129
 0.294444 -0.257545  0.565826
 0.294644 -0.257069  0.565529
 0.294843 -0.256599  0.565225
 0.295039 -0.256128  0.564925
 0.295236 -0.255661  0.564624
 0.295428 -0.255194  0.564324
 0.295622 -0.254731  0.564023
 0.295812 -0.254266  0.563722
 0.296005 -0.253804  0.563421
0.296193 -0.25334 0.563118
 0.296385 -0.252876   0.56282
 0.296572 -0.252411  0.562514
 0.296762 -0.251948   0.56221
  0.29695 -0.251482  0.561909
  0.29714 -0.251017  0.561603
 0.297323 -0.250551  0.561293
 0.297512 -0.250083  0.560987
 0.297726 -0.249555  0.560668
 0.297915 -0.249084  0.560361
 0.298103 -0.248611  0.560057
 0.298293 -0.248139  0.559754
 0.298481 -0.247665   0.55945
  0.29867 -0.247192  0.559149
 0.298858 -0.246719  0.558846
 0.299045 -0.246248  0.558547
  0.29923 -0.245778  0.558245
 0.299417 -0.245311   0.55795
 0.299599 -0.244845  0.557648
 0.299781 -0.244383   0.55735
 0.299961 -0.243921  0.557056
  0.30014 -0.243467   0.55676
 0.300316 -0.243015  0.556469
 0.300491 -0.242569  0.556174
 0.300664 -0.242126  0.555887
 0.300833 -0.241689  0.555594
 0.301001 -0.241255  0.555305
 0.301168 -0.240827  0.555018
 0.301327 -0.240407  0.554723
 0.301489 -0.239989  0.554439
 0.301648 -0.239575  0.554155
  0.30182 -0.239142  0.553866
 0.301983 -0.238722  0.553569
 0.302135 -0.238321   0.55329
 0.302289 -0.237928  0.553012
 0.302438 -0.237536  0.552736
 0.302589 -0.237152  0.552461
 0.302735 -0.236769  0.552187
 0.302882 -0.236393  0.551914
 0.303025 -0.236018  0.551645
 0.30317 -0.23565 0.551375
 0.303311 -0.235283  0.551111
0.303453 -0.23492 0.550844
0.303593 -0.23456 0.550585
 0.303732 -0.234206  0.550318
 0.303869 -0.233852  0.550059
 0.304008 -0.233504  0.549799
 0.304143 -0.233156  0.549543
 0.304282 -0.232813  0.549288
 0.304415 -0.232469  0.549034
 0.304551 -0.232131   0.54878
 0.304684 -0.231793  0.548532
 0.304819 -0.231461  0.548281
 0.304951 -0.231128  0.548036
 0.305091 -0.230773   0.54778
 0.305232 -0.230426  0.547533
 0.305359 -0.230112  0.547283
 0.305488 -0.229793  0.547043
 0.305617 -0.229479  0.546806
 0.305743 -0.229168  0.546571
  0.30587 -0.228863  0.546338
 0.305993 -0.228562  0.546106
 0.306117 -0.228267  0.545881
 0.306237 -0.227976   0.54565
 0.306357 -0.227692  0.545425
 0.306474 -0.227412  0.545204
  0.30659 -0.227139  0.544983
 0.306706 -0.226871  0.544768
 0.306818 -0.226608  0.544551
 0.306928 -0.226352  0.544338
 0.307038 -0.226103  0.544127
 0.307145 -0.225859  0.543918
 0.307252 -0.225621  0.543713
 0.307356 -0.225388  0.543507
 0.307461 -0.225162  0.543309
 0.307561 -0.224939  0.543106
 0.307662 -0.224724  0.542907
 0.307761 -0.224511  0.542713
 0.307859 -0.224305  0.542518
 0.307957 -0.224102  0.542329
 0.308052 -0.223906  0.542137
 0.308147 -0.223712   0.54195
  0.30825 -0.223498  0.541747
 0.308344 -0.223315  0.541562
 0.308436 -0.223132  0.541384
 0.308528 -0.222956  0.541203
 0.308619 -0.222781  0.541032
  0.30871 -0.222612  0.540853
 0.308798 -0.222456  0.540682
 0.308888 -0.222294  0.540512
 0.308975 -0.222134  0.540346
 0.309065 -0.221981  0.540182
  0.30915 -0.221828  0.540019
 0.309237 -0.221683  0.539858
 0.309321 -0.221538  0.539702
0.309407  -0.2214 0.539545
  0.30949 -0.221263  0.539395
 0.309574 -0.221134  0.539242
 0.309656 -0.221006  0.539099
 0.309737 -0.220885  0.538949
 0.309815 -0.220766  0.538807
 0.309896 -0.220654  0.538665
 0.309972 -0.220545  0.538528
0.310051 -0.22044 0.538393
 0.310126 -0.220342  0.538257
   0.3102 -0.220248  0.538126
 0.310273 -0.220159  0.537997
  0.31035 -0.220049  0.537857
0.310422 -0.21997 0.537733
 0.310491 -0.219896   0.53761
 0.310562 -0.219838  0.537495
 0.310629 -0.219773  0.537374
 0.310696 -0.219712  0.537258
 0.310762 -0.219654  0.537145
0.310827  -0.2196 0.537033
0.310892 -0.21955 0.536925
 0.310955 -0.219502  0.536815
 0.311019 -0.219457  0.536713
 0.311081 -0.219415  0.536605
 0.311143 -0.219375  0.536502
 0.311205 -0.219337  0.536402
0.311267  -0.2193 0.536302
 0.311329 -0.219265  0.536207
 0.31139 -0.21923 0.536109
 0.311452 -0.219197  0.536014
 0.311517 -0.219153  0.535906
0.311579 -0.21912 0.535814
 0.311642 -0.219088  0.535725
 0.311703 -0.219056  0.535635
 0.311769 -0.219036  0.535555
 0.311827 -0.218992  0.535462
0.311889 -0.21896 0.535377
 0.311952 -0.218929  0.535294
 0.312014 -0.218898  0.535211
 0.312077 -0.218868  0.535133
 0.312138 -0.218838  0.535051
 0.312202 -0.218822  0.534977
 0.312264 -0.218793  0.534901
 0.312325 -0.218766  0.534825
0.312386 -0.21874 0.534752
 0.312446 -0.218715  0.534677
 0.312508 -0.218691  0.534608
 0.312566 -0.218669  0.534534
 0.312625 -0.218649  0.534464
0.312683 -0.21863 0.534396
 0.312741 -0.218612  0.534328
 0.312799 -0.218597  0.534264
 0.312854 -0.218583  0.534196
  0.31291 -0.218571  0.534132
 0.312965 -0.218561  0.534069
  0.31302 -0.218553  0.534006
 0.313075 -0.218546  0.533944
 0.313127 -0.218542  0.533885
 0.313186 -0.218533  0.533825
 0.313238 -0.218532  0.533765
 0.313288 -0.218519  0.533705
 0.313339 -0.218521  0.533648
 0.313392 -0.218536  0.533597
 0.313444 -0.218539  0.533544
 0.313494 -0.218544   0.53349
 0.313546 -0.218549  0.533442
 0.313595 -0.218555  0.533386
 0.313645 -0.218562  0.533335
 0.313695 -0.218569  0.533287
 0.313745 -0.218575  0.533237
 0.313796 -0.218582  0.533191
 0.313845 -0.218589  0.533142
 0.313895 -0.218596  0.533095
 0.313946 -0.218602  0.533049
 0.313996 -0.218608  0.533003
 0.314047 -0.218613   0.53296
 0.314097 -0.218618  0.532914
  0.31415 -0.218623  0.532875
 0.314199 -0.218627  0.532828
 0.314249 -0.218631  0.532785
 0.314301 -0.218634  0.532744
 0.314351 -0.218637  0.532701
0.314402 -0.21864 0.532663
 0.314452 -0.218643   0.53262
 0.314502 -0.218645   0.53258
 0.314554 -0.218646   0.53253
 0.314602 -0.218651  0.532501
 0.314655 -0.218648  0.532453
 0.314706 -0.218663  0.532417
 0.314756 -0.218667  0.532382
 0.314804 -0.218671  0.532342
 0.314852 -0.218676  0.532305
   0.3149 -0.218682  0.532269
 0.314947 -0.218688  0.532232
 0.314995 -0.218695  0.532198
 0.315041 -0.218703  0.532161
 0.315087 -0.218711  0.532125
0.315133 -0.21872 0.532091
0.315178 -0.21873 0.532057
 0.315223 -0.218741  0.532024
 0.315267 -0.218752   0.53199
 0.315312 -0.218764   0.53196
 0.315355 -0.218777  0.531924
0.315399 -0.21879 0.531892
 0.315443 -0.218791  0.531856
 0.315485 -0.218817  0.531829
 0.315529 -0.218831    0.5318
0.315573 -0.21883 0.531763
 0.315616 -0.218845  0.531732
0.315661 -0.21887 0.531707
 0.315704 -0.218885  0.531677
0.315747  -0.2189 0.531649
 0.315789 -0.218914  0.531619
 0.315832 -0.218929  0.531594
 0.315874 -0.218943  0.531563
 0.315916 -0.218957  0.531535
0.315959 -0.21897 0.531509
 0.316002 -0.218983  0.531481
 0.316045 -0.218996  0.531456
 0.316087 -0.219009  0.531428
 0.316131 -0.219021  0.531406
 0.316172 -0.219033  0.531376
 0.316214 -0.219044  0.531349
 0.316257 -0.219055  0.531325
 0.316299 -0.219066  0.531298
 0.316342 -0.219076  0.531275
 0.316384 -0.219087  0.531248
 0.316425 -0.219097  0.531222
 0.316467 -0.219108  0.531198
 0.316509 -0.219118  0.531173
 0.316551 -0.219128   0.53115
 0.316591 -0.219138  0.531124
 0.316634 -0.219149  0.531104
0.316673 -0.21916 0.531076
 0.316713 -0.219171  0.531051
 0.316753 -0.219182  0.531028
 0.316793 -0.219193  0.531004
 0.316834 -0.219205  0.530974
 0.316874 -0.219214  0.530949
 0.316912 -0.219226  0.530926
 0.316951 -0.219239  0.530903
 0.316991 -0.219262  0.530882
 0.317028 -0.219265  0.530858
 0.317065 -0.219279  0.530834
0.317103 -0.21929 0.530817
 0.317141 -0.219307  0.530789
 0.317177 -0.219319  0.530768
 0.317214 -0.219334  0.530747
0.317254 -0.21936 0.530725
 0.317291 -0.219372  0.530707
 0.317326 -0.219387  0.530683
 0.317364 -0.219402  0.530661
   0.3174 -0.219415  0.530641
 0.317436 -0.219429   0.53062
 0.317475 -0.219444  0.530599
 0.317511 -0.219454  0.530578
 0.317549 -0.219467   0.53056
0.317584 -0.21948 0.530536
  0.31762 -0.219492  0.530515
 0.317657 -0.219504  0.530496
 0.317694 -0.219516  0.530475
 0.317733 -0.219513  0.530454
 0.317768 -0.219526  0.530432
 0.317805 -0.219534  0.530412
 0.317841 -0.219545  0.530393
 0.317877 -0.219555  0.530373
 0.317915 -0.219575  0.530357
 0.317951 -0.219586  0.530337
 0.317987 -0.219596  0.530321
 0.318022 -0.219607  0.530299
 0.318057 -0.219618   0.53028
 0.318093 -0.219629  0.530262
0.318127 -0.21964 0.530243
 0.318163 -0.219649  0.530227
0.318196 -0.21966 0.530208
 0.318235 -0.219672  0.530192
 0.318265 -0.219686  0.530171
 0.318299 -0.219697  0.530153
0.318335 -0.21971 0.530135
 0.318366 -0.219723  0.530117
   0.3184 -0.219736  0.530102
 0.318434 -0.219749   0.53008
 0.318465 -0.219763  0.530063
 0.318498 -0.219776  0.530046
 0.318531 -0.219789  0.530027
 0.318564 -0.219802  0.530011
 0.318595 -0.219816  0.529992
 0.318629 -0.219829  0.529978
  0.31866 -0.219842  0.529957
 0.318692 -0.219855  0.529939
 0.318724 -0.219867  0.529923
0.318756 -0.21988 0.529904
 0.318789 -0.219892  0.529889
  0.31882 -0.219904   0.52987
 0.318852 -0.219915  0.529852
 0.318884 -0.219926  0.529835
 0.318916 -0.219935  0.529819
  0.31895 -0.219946  0.529796
 0.318981 -0.219956  0.529778
 0.319013 -0.219964  0.529766
 0.319045 -0.219977  0.529744
 0.319076 -0.219994   0.52973
 0.319108 -0.220003  0.529714
  0.31914 -0.220014  0.529695
 0.319172 -0.220022  0.529681
 0.319202 -0.220032  0.529663
 0.319234 -0.220042  0.529645
0.319265 -0.22005  0.52963
 0.319297 -0.220058  0.529613
 0.319328 -0.220067  0.529598
 0.319358 -0.220076   0.52958
  0.31939 -0.220085  0.529567
  0.31942 -0.220095  0.529548
  0.31945 -0.220104  0.529531
 0.319481 -0.220113  0.529516
  0.31951 -0.220122  0.529499
 0.319541 -0.220131  0.529485
  0.31957 -0.220141  0.529467
   0.3196 -0.220151  0.529451
0.319629 -0.22016 0.529436
  0.31966 -0.220158  0.529419
  0.31969 -0.220168  0.529405
 0.319719 -0.220175  0.529389
 0.319749 -0.220194  0.529378
 0.319777 -0.220205   0.52936
 0.319805 -0.220215  0.529345
 0.319836 -0.220227  0.529329
 0.319862 -0.220238  0.529314
 0.319891 -0.220249  0.529301
 0.31992 -0.22026 0.529284
 0.319948 -0.220272  0.529274
 0.319974 -0.220282  0.529256
 0.320002 -0.220294  0.529241
  0.32003 -0.220305  0.529227
 0.320057 -0.220317  0.529211
 0.320086 -0.220328    0.5292
 0.320112 -0.220339  0.529183
0.320139 -0.22035 0.529168
 0.320167 -0.220361  0.529155
 0.320195 -0.220373  0.529135
 0.320223 -0.220383  0.529122
  0.32025 -0.220393  0.529107
 0.32028  -0.2204 0.529097
0.320305 -0.22041 0.529079
 0.320332 -0.220417  0.529066
 0.320359 -0.220427  0.529053
 0.320387 -0.220437  0.529037
 0.320414 -0.220444  0.529027
  0.32044 -0.220452  0.529011
 0.320468 -0.220462  0.528995
 0.320494 -0.220468  0.528982
 0.320522 -0.220483  0.528971
 0.320584 -0.220457   0.52894
 0.320731 -0.220468  0.528906
 0.320882 -0.220443  0.528901
 0.321025 -0.220432  0.528903
 0.321163 -0.220416   0.52891
 0.321296 -0.220396  0.528916
 0.321423 -0.220373  0.528918
 0.321544 -0.220347   0.52892
0.321657 -0.22032 0.528912
 0.321762 -0.220292  0.528901
 0.321858 -0.220266  0.528885
 0.321944 -0.220243  0.528862
 0.322019 -0.220223  0.528833
 0.322081 -0.220209  0.528794
0.322134  -0.2202 0.528752
 0.322171 -0.220195  0.528698
 0.322197 -0.220201  0.528637
 0.322211 -0.220215  0.528569
 0.322212 -0.220236  0.528492
 0.322204 -0.220265  0.528412
 0.322185 -0.220301  0.528321
 0.322158 -0.220344  0.528228
 0.322124 -0.220392  0.528132
 0.322079 -0.220452  0.528022
0.322033 -0.22051 0.527916
0.321985 -0.22057 0.527814
 0.321936 -0.220631  0.527716
 0.321886 -0.220693  0.527615
 0.321837 -0.220754  0.527519
 0.321792 -0.220812  0.527429
 0.321711 -0.220908  0.527449
 0.321483 -0.220904  0.527556
 0.321254 -0.220938  0.527572
  0.32106 -0.220935  0.527573
 0.320894 -0.220936  0.527582
 0.320742 -0.220929  0.527584
 0.320627 -0.220932  0.527628
 0.320535 -0.220936  0.527688
 0.320466 -0.220938   0.52777
 0.320417 -0.220937  0.527863
  0.32039 -0.220935  0.527974
 0.320383 -0.220929  0.528101
 0.320394 -0.220921  0.528239
 0.320422 -0.220908  0.528391
 0.320465 -0.220893  0.528548
 0.320524 -0.220873   0.52872
 0.320592 -0.220852  0.528888
 0.320671 -0.220828  0.529064
 0.320758 -0.220802  0.529243
 0.320862 -0.220771  0.529439
 0.320957 -0.220741  0.529618
 0.321054 -0.220715  0.529786
 0.321149 -0.220687  0.529952
 0.321243 -0.220664  0.530109
 0.32133 -0.22064 0.530258
 0.321415 -0.220623  0.530395
 0.321489 -0.220607  0.530521
  0.32156 -0.220598  0.530636
 0.321613 -0.220595  0.530728
 0.321664 -0.220598   0.53081
 0.321703 -0.220603  0.530882
 0.321734 -0.220617  0.530934
 0.321755 -0.220634  0.530978
0.321767 -0.22066 0.531001
 0.321768 -0.220687  0.531015
 0.321764 -0.220723  0.531014
  0.32175 -0.220758  0.531003
 0.321732 -0.220801  0.530979
 0.321706 -0.220842  0.530945
 0.32168 -0.22088 0.530908
 0.321645 -0.220924  0.530853
  0.32161 -0.220969  0.530794
 0.321574 -0.221011   0.53073
 0.321537 -0.221052   0.53066
 0.321503 -0.221087  0.530589
0.321469 -0.22112 0.530512
 0.321438 -0.221148  0.530435
0.321411 -0.22117 0.530359
 0.321388 -0.221187  0.530282
 0.321371 -0.221197  0.530208
 0.321358 -0.221201  0.530134
 0.321352 -0.221198  0.530067
  0.32135 -0.221192  0.529994
 0.321354 -0.221172  0.529934
  0.32135 -0.221094  0.529848
 0.321381 -0.221132  0.529815
 0.321403 -0.221102  0.529765
 0.321428 -0.221069  0.529716
 0.321458 -0.221032  0.529678
 0.321491 -0.220995  0.529634
 0.321528 -0.220956  0.529597
 0.321569 -0.220916  0.529565
 0.321611 -0.220878  0.529534
 0.321655 -0.220841  0.529509
 0.321698 -0.220807  0.529481
 0.321742 -0.220777  0.529457
 0.321786 -0.220751  0.529435
 0.321828 -0.220726  0.529414
  0.32187 -0.220711  0.529394
0.321908  -0.2207 0.529371
0.321947  -0.2207 0.529349
 0.321979 -0.220698  0.529328
  0.32201 -0.220711  0.529299
 0.322038 -0.220726  0.529275
 0.322064 -0.220745  0.529248
0.322086 -0.22077 0.529222
 0.322105 -0.220799   0.52919
  0.32212 -0.220833  0.529158
 0.322134 -0.220871  0.529124
 0.322145 -0.220911  0.529088
 0.322154 -0.220953  0.529052
 0.322161 -0.220995  0.529011
 0.322169 -0.221038  0.528973
0.322174 -0.22108 0.528926
 0.322179 -0.221127  0.528882
 0.322184 -0.221165  0.528837
 0.32219  -0.2212 0.528789
 0.322197 -0.221231  0.528743
 0.322203 -0.221259  0.528693
 0.322212 -0.221281  0.528645
 0.322222 -0.221298  0.528596
 0.322234 -0.221307  0.528548
 0.322249 -0.221314  0.528501
 0.322264 -0.221316  0.528452
 0.322284 -0.221313  0.528408
 0.322303 -0.221305  0.528359
 0.322325 -0.221292  0.528314
 0.322349 -0.221276  0.528271
 0.322375 -0.221257  0.528229
 0.322403 -0.221234   0.52819
 0.322431 -0.221211  0.528149
  0.32246 -0.221186  0.528112
0.322491 -0.22116 0.528076
 0.322522 -0.221135  0.528042
 0.322553 -0.221111  0.528011
 0.322583 -0.221087   0.52798
  0.32262 -0.221055  0.527953
 0.322647 -0.221039  0.527923
 0.322676 -0.221035  0.527897
 0.322708 -0.221012  0.527871
 0.322735 -0.221007  0.527847
 0.322763 -0.221006  0.527826
 0.322788 -0.221009  0.527803
 0.322812 -0.221017  0.527782
 0.322837 -0.221027  0.527762
 0.322856 -0.221044  0.527744
 0.322877 -0.221064  0.527726
 0.322898 -0.221095  0.527706
 0.322915 -0.221123  0.527692
 0.322931 -0.221152  0.527672
 0.322949 -0.221185  0.527652
 0.322963 -0.221218  0.527636
 0.322978 -0.221253  0.527617
 0.322993 -0.221287    0.5276
 0.323007 -0.221321   0.52758
 0.323023 -0.221354  0.527565
 0.323037 -0.221385  0.527542
 0.323053 -0.221413  0.527522
 0.323069 -0.221437  0.527505
0.323086 -0.22146 0.527484
 0.323105 -0.221485  0.527461
 0.323122 -0.221497  0.527443
 0.323141 -0.221509  0.527422
 0.323162 -0.221518  0.527401
 0.323183 -0.221523   0.52738
 0.323207 -0.221524   0.52736
 0.323229 -0.221522  0.527337
 0.323255 -0.221517  0.527321
 0.323278 -0.221509  0.527298
0.323306  -0.2215  0.52727
 0.323331 -0.221486  0.527255
 0.323357 -0.221473  0.527233
 0.323384 -0.221458  0.527216
  0.32341 -0.221443  0.527194
 0.323438 -0.221429  0.527171
0.323464 -0.22141 0.527158
 0.323489 -0.221396  0.527139
 0.323516 -0.221384  0.527123
  0.32354 -0.221374  0.527104
 0.323566 -0.221366  0.527092
0.323587 -0.22136 0.527072
 0.323612 -0.221357  0.527055
 0.323632 -0.221357  0.527043
0.323653 -0.22136 0.527028
 0.323674 -0.221366  0.527017
 0.323692 -0.221375  0.527001
  0.32371 -0.221386  0.526988
0.323728  -0.2214 0.526976
 0.323746 -0.221418   0.52696
 0.323763 -0.221437  0.526951
 0.323778 -0.221457  0.526938
 0.323796 -0.221479  0.526931
 0.323809 -0.221502  0.526917
 0.323824 -0.221525  0.526906
  0.32384 -0.221548  0.526897
 0.323855 -0.221571  0.526886
 0.323872 -0.221593  0.526879
 0.323887 -0.221615  0.526867
 0.323903 -0.221634  0.526857
  0.32392 -0.221653  0.526847
 0.323937 -0.221666  0.526838
 0.323956 -0.221686  0.526829
 0.323974 -0.221699  0.526818
 0.323995 -0.221708  0.526811
 0.324014 -0.221715  0.526798
0.324034 -0.22172 0.526787
 0.324056 -0.221723  0.526777
 0.324077 -0.221723  0.526766
   0.3241 -0.221721  0.526757
 0.324122 -0.221717  0.526744
 0.324144 -0.221712  0.526733
 0.324168 -0.221706  0.526723
 0.324192 -0.221686  0.526714
 0.324217 -0.221675  0.526704
  0.32424 -0.221666  0.526692
 0.324264 -0.221657  0.526684
 0.324285 -0.221649   0.52667
 0.324307 -0.221642  0.526659
 0.324329 -0.221635   0.52665
 0.32435 -0.22163 0.526639
 0.324371 -0.221626   0.52663
