0.0166177 -0.105374  0.508524
0.0166166 -0.105375  0.508524
 0.016616 -0.105377  0.508523
0.0166158 -0.105375  0.508523
 0.016613 -0.105376  0.508523
0.0166115 -0.105377  0.508523
0.0166088 -0.105376  0.508523
0.0166055 -0.105378  0.508522
0.0166011 -0.105379  0.508522
0.0165982 -0.105379  0.508522
0.0165943  -0.10538  0.508522
0.0165906 -0.105382  0.508521
0.0165844 -0.105387  0.508519
 0.016581 -0.105383   0.50852
0.0165778 -0.105382   0.50852
0.0165738 -0.105381  0.508519
0.0165699 -0.105382  0.508518
0.0165663 -0.105382  0.508517
0.0165628 -0.105382  0.508516
0.0165582 -0.105387  0.508513
0.0165555 -0.105385  0.508512
 0.016553 -0.105385   0.50851
0.0165508 -0.105384  0.508509
0.0165489 -0.105384  0.508506
0.0165476 -0.105381  0.508504
0.0165469  -0.10538  0.508501
0.0165461 -0.105377  0.508498
 0.016546 -0.105374  0.508495
0.0165461 -0.105371  0.508492
0.0165467 -0.105368  0.508488
0.0165475 -0.105365  0.508484
0.016549 -0.10536  0.50848
0.0165507 -0.105357  0.508475
0.0165528 -0.105352   0.50847
0.0165552 -0.105348  0.508464
0.0165582 -0.105342  0.508458
0.0165616 -0.105337  0.508452
0.0165651 -0.105331  0.508445
0.0165701 -0.105325  0.508438
0.0165734 -0.105314  0.508431
0.0165783 -0.105308  0.508422
0.0165845 -0.105299  0.508414
0.0165902 -0.105293  0.508405
0.0165953 -0.105286  0.508395
0.0166023  -0.10528  0.508385
0.0166101  -0.10527  0.508374
0.0166175 -0.105264  0.508362
0.0166264 -0.105255  0.508351
0.0166339 -0.105248  0.508338
0.0166428 -0.105239  0.508325
0.0166521  -0.10523  0.508311
 0.016662 -0.105222  0.508297
0.0166723 -0.105212  0.508282
0.0166834 -0.105205  0.508266
0.0166955 -0.105193   0.50825
0.0167065 -0.105186  0.508233
0.0167199 -0.105174  0.508215
0.0167319 -0.105167  0.508196
0.0167464 -0.105155  0.508177
0.0167596 -0.105147  0.508157
0.0167752 -0.105134  0.508136
0.0167896 -0.105123  0.508114
0.0168064 -0.105112  0.508091
0.0168219 -0.105101  0.508068
 0.016838 -0.105092   0.50804
0.0168556 -0.105081  0.508014
 0.016874 -0.105068  0.507988
0.0168928 -0.105057   0.50796
0.0169124 -0.105043  0.507931
0.0169324 -0.105031  0.507902
0.0169533 -0.105017  0.507871
0.0169747 -0.105004  0.507839
0.0169966 -0.104989  0.507806
0.0170195 -0.104974  0.507773
0.0170428  -0.10496  0.507737
0.0170669 -0.104944  0.507701
0.0170915  -0.10493  0.507663
 0.017117 -0.104913  0.507624
0.0171464 -0.104897  0.507583
0.0171751 -0.104881  0.507542
0.0172027 -0.104865  0.507499
0.0172311 -0.104847  0.507455
0.0172601 -0.104831  0.507409
0.0172896 -0.104813  0.507362
  0.01732 -0.104793  0.507313
 0.017351 -0.104776  0.507263
0.0173825 -0.104757  0.507211
0.0174147 -0.104739  0.507158
0.0174478 -0.104719  0.507103
0.0174814   -0.1047  0.507046
0.0175155  -0.10468  0.506987
0.0175504 -0.104661  0.506927
0.0175858  -0.10464  0.506864
0.0176223 -0.104619    0.5068
0.0176593 -0.104599  0.506734
0.0176972 -0.104577  0.506666
0.0177314 -0.104549   0.50659
0.0177704 -0.104528  0.506517
0.0178102 -0.104505  0.506442
0.0178508 -0.104484  0.506364
0.017892 -0.10446 0.506285
 0.017934 -0.104438  0.506203
0.0179767 -0.104414  0.506118
0.0180203 -0.104392  0.506031
0.0180649 -0.104366  0.505941
  0.01811 -0.104341  0.505849
0.0181558 -0.104318  0.505753
0.0182023 -0.104292  0.505656
0.0182575 -0.104266  0.505551
0.0183058  -0.10424  0.505447
0.0183547 -0.104216   0.50534
0.0184042 -0.104189   0.50523
0.0184588 -0.104165  0.505118
0.0185096 -0.104137  0.505002
0.018561 -0.10411 0.504883
0.0186129 -0.104084  0.504759
0.0186651 -0.104056  0.504633
0.018718 -0.10403 0.504503
0.0187716 -0.104001  0.504369
0.0188255 -0.103974  0.504231
0.0188798 -0.103945  0.504091
0.0189344 -0.103916  0.503946
0.0189772 -0.103889  0.503783
0.0190323 -0.103861   0.50363
0.0190877 -0.103831  0.503473
0.0191438 -0.103803  0.503312
0.0192005 -0.103773  0.503147
0.0192574 -0.103744  0.502977
0.0193148 -0.103714  0.502802
0.0193727 -0.103684  0.502623
 0.019431 -0.103653   0.50244
0.0194896 -0.103622  0.502252
0.0195495 -0.103592  0.502059
0.0196228 -0.103558  0.501855
0.0196831 -0.103528  0.501652
0.0197436 -0.103497  0.501443
0.0198045 -0.103467  0.501229
 0.019872 -0.103437  0.501013
0.0199332 -0.103405  0.500788
0.0199946 -0.103375  0.500558
0.0200559 -0.103343  0.500323
0.0201173 -0.103313  0.500082
0.0201785 -0.103281  0.499835
0.0202397  -0.10325  0.499583
 0.020301 -0.103218  0.499324
 0.020362 -0.103186   0.49906
0.0204231 -0.103156   0.49879
 0.020484 -0.103123  0.498514
0.0205449 -0.103092  0.498231
0.0206057  -0.10306  0.497943
0.0206665 -0.103027  0.497648
0.0207272 -0.102997  0.497346
0.0207879 -0.102964  0.497038
0.0208485 -0.102932  0.496724
0.0209091 -0.102899  0.496402
0.0209697 -0.102867  0.496074
0.0210302 -0.102834  0.495739
0.0210908   -0.1028  0.495398
0.0211513 -0.102768  0.495049
0.0212116 -0.102735  0.494693
0.0212718 -0.102702  0.494331
0.0213085 -0.102662  0.493928
0.0213682 -0.102629  0.493551
0.0214275 -0.102595  0.493167
0.0214873 -0.102562  0.492776
0.0215468 -0.102527  0.492379
 0.021606 -0.102492  0.491975
0.0216668 -0.102459  0.491563
0.0217264 -0.102424  0.491145
0.0217849  -0.10239  0.490718
0.0218445 -0.102354  0.490285
 0.021904 -0.102319  0.489845
0.0219634 -0.102285  0.489398
0.0220238  -0.10225  0.488946
0.0220828 -0.102215  0.488485
0.0221997 -0.102144  0.487545
0.0221997 -0.102144  0.487545
0.0223167 -0.102073  0.486579
0.0223763 -0.102037  0.486089
0.0223763 -0.102037  0.486089
0.0224337 -0.102001  0.485591
0.0229129 -0.101973  0.485101
0.0226259 -0.101887  0.484046
0.0226812 -0.101849  0.483525
0.0227116 -0.101817   0.48301
0.0227676  -0.10178   0.48248
0.0228216 -0.101743  0.481943
0.0228748 -0.101704    0.4814
0.0229275 -0.101667  0.480852
0.0229796 -0.101628    0.4803
0.0230516 -0.101585  0.479726
0.0231049 -0.101546  0.479166
0.0231557 -0.101508  0.478598
0.0232053 -0.101468  0.478027
0.0232558 -0.101429   0.47745
0.0233059  -0.10139  0.476869
0.0233553  -0.10135  0.476285
 0.023409 -0.101312  0.475705
0.0234575 -0.101271  0.475113
 0.023506 -0.101232  0.474518
0.0235541 -0.101191  0.473919
0.0236016  -0.10115  0.473317
0.0236489 -0.101108  0.472712
 0.023696 -0.101068  0.472104
0.0237427 -0.101026  0.471493
0.0237887 -0.100984  0.470879
 0.023835 -0.100942  0.470263
0.0238807   -0.1009  0.469645
0.0239268 -0.100858  0.469025
0.0239724 -0.100815  0.468403
0.0240178 -0.100771  0.467779
0.0240417 -0.100728  0.467093
0.0240872 -0.100684  0.466464
0.024133 -0.10064 0.465834
0.0241785 -0.100596  0.465202
0.0242238 -0.100552  0.464569
0.0242692 -0.100507  0.463934
0.0243145 -0.100463  0.463298
0.0243599 -0.100419  0.462661
0.0244069 -0.100374  0.462023
0.0244542 -0.100329  0.461386
0.0245171  -0.10028  0.460731
0.0245621 -0.100235   0.46009
0.0246071 -0.100191  0.459448
0.0246516 -0.100146  0.458806
0.0246774 -0.100105  0.458175
0.0247361 -0.100059  0.457584
0.0247795 -0.100014  0.456941
0.0248234 -0.099972  0.456307
0.0248659 -0.099927  0.455664
 0.0249082 -0.0998818    0.45502
 0.0249346 -0.0998345   0.454313
 0.0249799 -0.0997893   0.453673
 0.0250367 -0.0997404   0.453016
0.0250772 -0.099695  0.452373
 0.0251168 -0.0996498   0.451731
 0.0251563 -0.0996047    0.45109
 0.0251946 -0.0995621   0.450459
 0.0252325 -0.0995168   0.449822
 0.0252698 -0.0994719   0.449186
0.0252941 -0.099422  0.448491
  0.025343 -0.0993816   0.447922
0.0253665 -0.099332  0.447233
 0.0254132 -0.0992917   0.446671
 0.0254354 -0.0992423   0.445989
 0.0254713 -0.0991974   0.445374
 0.0255039 -0.0991529   0.444761
 0.0255368 -0.0991083   0.444152
 0.0255818 -0.0990611   0.443539
 0.0256137 -0.0990172   0.442938
 0.0256322 -0.0989759   0.442352
 0.0256634 -0.0989323    0.44176
  0.025692 -0.0988889    0.44117
 0.0257221 -0.0988454   0.440585
 0.0257626 -0.0987998   0.439995
0.0257933 -0.098757   0.43942
 0.0258223 -0.0987151   0.438847
 0.0258501 -0.0986731   0.438276
   0.02588 -0.0986313   0.437712
 0.0258975 -0.0985919   0.437158
 0.0259261 -0.0985507   0.436599
 0.0259556 -0.0985098   0.436046
 0.0259931 -0.0984683   0.435486
  0.026021 -0.0984283   0.434939
 0.0260487 -0.0983886   0.434394
 0.0260763 -0.0983495   0.433854
 0.0261036 -0.0983115   0.433317
0.0261305 -0.098273  0.432784
 0.0261571 -0.0982348   0.432255
 0.0261833 -0.0981959    0.43173
 0.0262091 -0.0981591    0.43121
0.0262344 -0.098122  0.430694
 0.0262591 -0.0980851   0.430183
 0.0262835 -0.0980489   0.429677
 0.0263072 -0.0980135   0.429176
 0.0263304 -0.0979778   0.428679
 0.0263441 -0.0979421   0.428176
 0.0263749 -0.0979078   0.427703
0.0263877 -0.097872  0.427211
 0.0264087 -0.0978368   0.426737
 0.0264376 -0.0978041    0.42628
 0.0264575 -0.0977698   0.425817
 0.0264739 -0.0977384   0.425365
 0.0264853 -0.0977065   0.424902
  0.026512 -0.0976736   0.424467
 0.0265228 -0.0976411   0.424016
 0.0265483 -0.0976106   0.423593
 0.0265588 -0.0975785   0.423154
 0.0265763 -0.0975468   0.422732
 0.0266003 -0.0975124   0.422281
 0.0266176 -0.0974817   0.421872
 0.0266343 -0.0974537   0.421467
 0.0266503 -0.0974236   0.421068
 0.0266697 -0.0973943   0.420672
0.0266849 -0.097367  0.420284
 0.0266994 -0.0973384   0.419903
 0.0267136 -0.0973107   0.419526
 0.0267276 -0.0972847   0.419155
 0.0267408 -0.0972573    0.41879
 0.0267536 -0.0972304    0.41843
 0.0267663 -0.0972063   0.418074
 0.0267782 -0.0971802   0.417724
 0.0267837 -0.0971529   0.417382
 0.0267988 -0.0971356   0.417107
 0.0268095 -0.0971108   0.416772
