 -0.0084843 -0.00310204  0.00151189   -0.521393    0.489414  -0.0323297     0.81068  -0.0546567   -0.507747     0.49393  -0.0312869    0.800792  -0.0534604    0.207918    0.084831 -0.00279113   -0.210927  -0.0673369  -0.0849042    0.216755   0.0828211  0.00190228   -0.212853  -0.0600447  -0.0811077
-0.00846117 -0.00310687  0.00150891   -0.521383    0.489385  -0.0323711    0.810721  -0.0547402   -0.507721    0.493926  -0.0313309    0.800806  -0.0535404    0.207904   0.0848308 -0.00279681   -0.210946  -0.0673483  -0.0849069    0.216743   0.0828219  0.00190684   -0.212885  -0.0600653  -0.0811061
-0.00843853 -0.00311201   0.0015063   -0.521374    0.489358  -0.0324122    0.810762  -0.0548235   -0.507696    0.493922  -0.0313756    0.800838  -0.0536203    0.207894   0.0848291 -0.00279879   -0.210963  -0.0673581  -0.0849028    0.216734   0.0828239  0.00190764   -0.212907   -0.060075  -0.0811111
-0.00842035 -0.00311419  0.00150415   -0.521365     0.48933   -0.032454    0.810804  -0.0549062   -0.507684    0.493917  -0.0314186    0.800882  -0.0537006    0.207891   0.0848302 -0.00280204    -0.21097   -0.067355  -0.0849046     0.21673   0.0828229  0.00190841    -0.21292  -0.0600782  -0.0811077
-0.00840371 -0.00311385  0.00150181   -0.521358    0.489301  -0.0324955    0.810847  -0.0549887   -0.507681    0.493911  -0.0314616    0.800934  -0.0537809    0.207896   0.0848299 -0.00280672   -0.210971  -0.0673486  -0.0849058    0.216735   0.0828224  0.00191123   -0.212928  -0.0600749  -0.0811033
-0.00838706 -0.00311152  0.00149871   -0.521351    0.489272  -0.0325371    0.810891  -0.0550711    -0.50769    0.493906  -0.0315037    0.800999  -0.0538618    0.207906   0.0848313 -0.00281451   -0.210966  -0.0673334  -0.0849062    0.216746   0.0828211  0.00191642   -0.212933  -0.0600678  -0.0811026
-0.00837024 -0.00310606  0.00149442   -0.521346    0.489243  -0.0325779    0.810935  -0.0551535   -0.507709    0.493902  -0.0315461    0.801062   -0.053943    0.207922   0.0848321 -0.00282536   -0.210958  -0.0673136  -0.0849116    0.216762   0.0828199   0.0019246   -0.212938  -0.0600599  -0.0810953
-0.00835237 -0.00309897  0.00148813   -0.521341    0.489212  -0.0326186    0.810979  -0.0552358   -0.507737    0.493898  -0.0315891    0.801148  -0.0540246    0.207941   0.0848337  -0.0028405   -0.210948  -0.0672882  -0.0849161    0.216782   0.0828187  0.00193592   -0.212944   -0.060049  -0.0810935
-0.00833324 -0.00308836  0.00147954   -0.521337     0.48918  -0.0326588    0.811025  -0.0553183   -0.507775    0.493895  -0.0316318    0.801217  -0.0541067    0.207964   0.0848346 -0.00285891    -0.21094  -0.0672655  -0.0849197    0.216805   0.0828176   0.0019505   -0.212954  -0.0600373  -0.0810912
-0.00831234  -0.0030768  0.00146789   -0.521334    0.489147  -0.0326989     0.81107  -0.0554007   -0.507818    0.493892  -0.0316769    0.801328   -0.054189    0.207989   0.0848357 -0.00288165   -0.210933  -0.0672398  -0.0849234    0.216832   0.0828168  0.00196887   -0.212968  -0.0600292  -0.0810881
-0.00829042 -0.00306148  0.00145314    -0.52133    0.489113  -0.0327388    0.811117  -0.0554832   -0.507872     0.49389  -0.0317202    0.801393  -0.0542721     0.20802   0.0848369 -0.00290823    -0.21093  -0.0672144   -0.084932    0.216861   0.0828149   0.0019906   -0.212989  -0.0600233  -0.0810794
-0.00826669 -0.00304543   0.0014346   -0.521327    0.489078  -0.0327787    0.811163  -0.0555657   -0.507929    0.493887  -0.0317659    0.801485  -0.0543554    0.208052   0.0848385 -0.00294242    -0.21093  -0.0671847  -0.0849484    0.216892    0.082814   0.0020159   -0.213017  -0.0600235  -0.0810723
-0.00824171 -0.00302656  0.00141256   -0.521323    0.489042  -0.0328187     0.81121  -0.0556484   -0.507993    0.493885  -0.0318118    0.801585   -0.054439    0.208081   0.0848401 -0.00297324   -0.210934  -0.0671641   -0.084947    0.216925   0.0828127  0.00204384   -0.213051  -0.0600235  -0.0810678
 -0.0082151 -0.00300653  0.00138637   -0.521319    0.489004  -0.0328588    0.811257  -0.0557309    -0.50806    0.493881  -0.0318589    0.801681   -0.054523    0.208117   0.0848403 -0.00301046   -0.210947  -0.0671462  -0.0849494     0.21696   0.0828121  0.00207511   -0.213094  -0.0600298  -0.0810615
-0.00818737 -0.00298523  0.00135617   -0.521314    0.488965  -0.0328993    0.811305  -0.0558136   -0.508131    0.493877  -0.0319065    0.801791  -0.0546073    0.208154   0.0848414 -0.00305186   -0.210964   -0.067129  -0.0849549    0.216996   0.0828106   0.0021097   -0.213146  -0.0600438  -0.0810493
-0.00815818 -0.00296249  0.00132176   -0.521308    0.488924  -0.0329402    0.811352  -0.0558963   -0.508204    0.493871  -0.0319543    0.801885  -0.0546918    0.208194   0.0848422 -0.00309617   -0.210991  -0.0671163   -0.084965    0.217034   0.0828112  0.00214607   -0.213207  -0.0600596  -0.0810478
-0.00812778 -0.00293927  0.00128323   -0.521301    0.488882  -0.0329816    0.811399  -0.0559791   -0.508277    0.493864  -0.0320039    0.802009  -0.0547764    0.208236   0.0848426 -0.00314364   -0.211026  -0.0671081  -0.0849713    0.217073   0.0828105  0.00218521   -0.213278  -0.0600829  -0.0810373
-0.00809617 -0.00291449  0.00124069   -0.521292    0.488838  -0.0330235    0.811447  -0.0560618   -0.508353    0.493854  -0.0320516    0.802094  -0.0548616    0.208281   0.0848427 -0.00319357   -0.211071  -0.0671054  -0.0849813    0.217115   0.0828111  0.00222657    -0.21336  -0.0601153  -0.0810289
-0.00806298 -0.00288988  0.00119404   -0.521282    0.488788  -0.0330703    0.811499  -0.0561529   -0.508428    0.493842   -0.032101    0.802199  -0.0549466    0.208332   0.0848428 -0.00325183   -0.211131  -0.0671066  -0.0850004    0.217158   0.0828124  0.00226898   -0.213452  -0.0601501  -0.0810236
-0.00802873 -0.00286452  0.00114381    -0.52127    0.488741  -0.0331137    0.811546  -0.0562357   -0.508503    0.493828  -0.0321498    0.802306  -0.0550319    0.208382   0.0848414 -0.00330599   -0.211198   -0.067117  -0.0850054    0.217203   0.0828138  0.00231292   -0.213555  -0.0601932  -0.0810173
-0.00799258 -0.00283968  0.00108981   -0.521258    0.488692  -0.0331576    0.811593  -0.0563185   -0.508575     0.49381  -0.0321992    0.802408  -0.0551172    0.208434   0.0848398 -0.00336202   -0.211275  -0.0671331  -0.0850143     0.21725    0.082816  0.00235816   -0.213669  -0.0602458  -0.0810062
-0.00795541 -0.00281464  0.00103265   -0.521244    0.488641  -0.0332024     0.81164  -0.0564014   -0.508647    0.493788  -0.0322483    0.802518  -0.0552027    0.208489   0.0848372 -0.00341941   -0.211365  -0.0671561  -0.0850197    0.217298   0.0828199  0.00240337   -0.213793  -0.0603007   -0.081006
-0.00791637 -0.00279036 0.000972182   -0.521228    0.488589  -0.0332476    0.811687  -0.0564842   -0.508716    0.493763  -0.0322972    0.802614  -0.0552882    0.208548   0.0848334   -0.003478   -0.211465  -0.0671856  -0.0850287     0.21735   0.0828246  0.00244929    -0.21393  -0.0603643   -0.080998
  -0.007876 -0.00276672 0.000909013   -0.521212    0.488534  -0.0332938    0.811733  -0.0565669   -0.508782    0.493734  -0.0323467    0.802731  -0.0553736    0.208609   0.0848282 -0.00353727   -0.211578  -0.0672228  -0.0850311     0.21741   0.0828327  0.00249991   -0.214093  -0.0604433  -0.0809997
-0.00782931 -0.00274127 0.000836511   -0.521193    0.488478  -0.0333407     0.81178  -0.0566497   -0.508853    0.493698  -0.0323993    0.802826  -0.0554679    0.208675   0.0848214 -0.00359747   -0.211704  -0.0672669  -0.0850373    0.217468   0.0828414  0.00254578   -0.214254  -0.0605217  -0.0809996
-0.00778461 -0.00271967 0.000768255   -0.521173    0.488419  -0.0333884    0.811826  -0.0567325   -0.508911     0.49366  -0.0324489    0.802952  -0.0555533    0.208744   0.0848132 -0.00365887   -0.211841  -0.0673174  -0.0850391    0.217529   0.0828509  0.00259208   -0.214427  -0.0606099   -0.080998
-0.00773821 -0.00269824 0.000697958   -0.521152    0.488357  -0.0334368    0.811873  -0.0568153   -0.508971    0.493618  -0.0324956    0.803024  -0.0556392    0.208819   0.0848025 -0.00372071   -0.211992  -0.0673762  -0.0850384    0.217594   0.0828622  0.00263813   -0.214612  -0.0607006   -0.080996
-0.00768983   -0.002679 0.000625562    -0.52113    0.488293  -0.0334859    0.811919  -0.0568981   -0.509024    0.493572  -0.0325437     0.80312  -0.0557248    0.208897   0.0847914 -0.00378377   -0.212154  -0.0674411  -0.0850409    0.217662   0.0828751  0.00268403   -0.214807  -0.0607994  -0.0809951
-0.00763931 -0.00266009 0.000551674   -0.521105    0.488226   -0.033536    0.811966  -0.0569809   -0.509075    0.493521   -0.032591    0.803218  -0.0558104    0.208982   0.0847775 -0.00384761   -0.212331  -0.0675132  -0.0850392    0.217736   0.0828904  0.00273025   -0.215016  -0.0609077  -0.0809981
-0.00758645 -0.00264327 0.000475781    -0.52108    0.488156  -0.0335865    0.812012  -0.0570638   -0.509123    0.493465  -0.0326386    0.803309  -0.0558959    0.209071   0.0847625 -0.00391288   -0.212518  -0.0675913  -0.0850406    0.217815   0.0829072  0.00277629   -0.215236  -0.0610182  -0.0809991
-0.00753114 -0.00262676 0.000398718   -0.521053    0.488084  -0.0336379    0.812059  -0.0571467   -0.509167    0.493405  -0.0326861    0.803411  -0.0559814    0.209168   0.0847449 -0.00397909    -0.21272  -0.0676769  -0.0850352    0.217899   0.0829263  0.00282245   -0.215469  -0.0611372   -0.081003
-0.00747274 -0.00261238 0.000319642   -0.521025    0.488008    -0.03369    0.812106  -0.0572298   -0.509209     0.49334   -0.032733    0.803494   -0.056067    0.209271   0.0847255 -0.00404722   -0.212934  -0.0677684   -0.085033    0.217989   0.0829483   0.0028696   -0.215714  -0.0612654  -0.0810135
-0.00741138 -0.00259865 0.000239292   -0.520996    0.487929  -0.0337429    0.812152  -0.0573129   -0.509247     0.49327  -0.0327815    0.803605  -0.0561524    0.209381   0.0847042 -0.00411721    -0.21316  -0.0678661  -0.0850266    0.218086   0.0829706   0.0029172   -0.215972  -0.0613963  -0.0810147
-0.00734643 -0.00258603 0.000157023   -0.520965    0.487846  -0.0337964    0.812199  -0.0573962   -0.509285    0.493196  -0.0328275    0.803676  -0.0562382    0.209498   0.0846808 -0.00418974     -0.2134  -0.0679699  -0.0850235    0.218189   0.0829972  0.00296579   -0.216244  -0.0615355   -0.081026
-0.00727793 -0.00257408 7.30746e-05   -0.520933     0.48776  -0.0338508    0.812247  -0.0574797   -0.509319    0.493118  -0.0328753    0.803765  -0.0563237    0.209623   0.0846553 -0.00426452   -0.213653  -0.0680799  -0.0850136    0.218299   0.0830246  0.00301605    -0.21653   -0.061685  -0.0810366
  -0.0072054  -0.00256345 -1.30596e-05      -0.5209      0.48767    -0.033906     0.812294   -0.0575634    -0.509352     0.493035   -0.0329226     0.803857   -0.0564095     0.209757    0.0846271  -0.00434246     -0.21392    -0.068196   -0.0850075     0.218417    0.0830549   0.00306782     -0.21683   -0.0618373    -0.081045
  -0.0071288  -0.00255364 -0.000101312    -0.520866     0.487577    -0.033962     0.812342   -0.0576472    -0.509383     0.492947   -0.0329707     0.803944   -0.0564951     0.209898    0.0845981  -0.00442413    -0.214198   -0.0683168   -0.0849973     0.218542    0.0830867    0.0031215    -0.217146   -0.0619987   -0.0810558
 -0.00704785  -0.00254373 -0.000191958    -0.520831     0.487479   -0.0340192      0.81239   -0.0577313    -0.509412     0.492856    -0.033019     0.804039   -0.0565807      0.21005    0.0845662  -0.00450926    -0.214492   -0.0684462   -0.0849883     0.218677    0.0831219   0.00317799    -0.217477   -0.0621704   -0.0810731
 -0.00696198  -0.00253507 -0.000286104    -0.520794     0.487378    -0.034077     0.812438   -0.0578156     -0.50944      0.49276   -0.0330677     0.804123   -0.0566664     0.210227    0.0845288  -0.00460777    -0.214829     -0.06859    -0.084966      0.21882    0.0831576   0.00323702    -0.217823   -0.0623458   -0.0810807
 -0.00687133  -0.00252626 -0.000383179    -0.520756     0.487272   -0.0341361     0.812487   -0.0579003    -0.509467     0.492659   -0.0331177     0.804228    -0.056752     0.210398    0.0844928  -0.00470218    -0.215151   -0.0687286   -0.0849568     0.218972    0.0831969   0.00329867    -0.218185   -0.0625305   -0.0810977
 -0.00677543   -0.0025181 -0.000484032    -0.520713     0.487151   -0.0342024     0.812541   -0.0579938    -0.509495     0.492555   -0.0331665     0.804303    -0.056838      0.21058    0.0844547  -0.00480127    -0.215487   -0.0688747    -0.084941     0.219134     0.083238   0.00336426    -0.218566   -0.0627264   -0.0811136
 -0.00667415  -0.00250928 -0.000588587    -0.520672     0.487035   -0.0342639     0.812591   -0.0580792    -0.509521     0.492445   -0.0332173     0.804395   -0.0569238     0.210773    0.0844148  -0.00490615    -0.215836   -0.0690237   -0.0849305     0.219306    0.0832803   0.00343344    -0.218962   -0.0629263   -0.0811268
 -0.00656723   -0.0025011 -0.000697589    -0.520629     0.486916   -0.0343268     0.812641   -0.0581649    -0.509548     0.492332   -0.0332678     0.804488     -0.05701     0.210976    0.0843733  -0.00501691    -0.216199   -0.0691755   -0.0849193     0.219488    0.0833256   0.00350646    -0.219377   -0.0631364   -0.0811422
 -0.00645433   -0.0024919 -0.000811095    -0.520586     0.486792   -0.0343908     0.812691    -0.058251    -0.509576     0.492202   -0.0333251      0.80459   -0.0571046     0.211191    0.0843304   -0.0051334    -0.216577   -0.0693351   -0.0849099     0.219701    0.0833748   0.00359241    -0.219855   -0.0633807   -0.0811493
-0.00633535 -0.00248275 -0.00092977    -0.52054    0.486663  -0.0344565    0.812741  -0.0583375   -0.509604     0.49208  -0.0333772    0.804688   -0.057191    0.211418   0.0842848 -0.00525566    -0.21697  -0.0695017  -0.0848922    0.219906   0.0834245  0.00367448   -0.220309  -0.0636081  -0.0811712
-0.00619644 -0.00247156 -0.00106645   -0.520494    0.486529  -0.0345234    0.812792  -0.0584244   -0.509631    0.491953  -0.0334306    0.804781  -0.0572775    0.211656   0.0842388 -0.00538494   -0.217378  -0.0696694  -0.0848842    0.220123   0.0834746  0.00376138   -0.220782  -0.0638464   -0.081185
-0.00606302 -0.00246199 -0.00119687   -0.520445     0.48639  -0.0345919    0.812843  -0.0585118    -0.50966    0.491823  -0.0334846    0.804888  -0.0573642    0.211908   0.0841885 -0.00551994   -0.217802  -0.0698476  -0.0848677    0.220351   0.0835273  0.00385297   -0.221275  -0.0640945  -0.0812035
-0.00592231 -0.00245113 -0.00133329   -0.520396    0.486246  -0.0346621    0.812895  -0.0585996    -0.50969    0.491688   -0.033539    0.804979   -0.057451    0.212172   0.0841401 -0.00566209   -0.218243  -0.0700272    -0.08486    0.220592   0.0835803  0.00394946   -0.221789  -0.0643546  -0.0812155
-0.00577444 -0.00244055  -0.0014762   -0.520344    0.486097  -0.0347338    0.812946  -0.0586879    -0.50972    0.491549  -0.0335957    0.805101  -0.0575379     0.21245   0.0840893 -0.00581034   -0.218701  -0.0702151  -0.0848456    0.220844   0.0836364  0.00404996   -0.222322  -0.0646197  -0.0812379
 -0.0056194 -0.00242822 -0.00162558   -0.520291    0.485943  -0.0348076    0.812998  -0.0587766   -0.509754    0.491405  -0.0336511    0.805185  -0.0576254    0.212741   0.0840376 -0.00596483   -0.219175  -0.0704088  -0.0848319     0.22111   0.0836923  0.00415521   -0.222877  -0.0648964   -0.081251
-0.00545688 -0.00241604 -0.00178193   -0.520236    0.485783  -0.0348831    0.813051  -0.0588659   -0.509788    0.491256  -0.0337089    0.805291  -0.0577128    0.213046   0.0839844  -0.0061257   -0.219667  -0.0706087   -0.084822    0.221388   0.0837503  0.00426523   -0.223451  -0.0651848   -0.081263
-0.00528646 -0.00240288 -0.00194503   -0.520178    0.485618  -0.0349608    0.813104  -0.0589555   -0.509825    0.491104  -0.0337671    0.805402  -0.0578005    0.213366   0.0839303 -0.00629265   -0.220177  -0.0708147  -0.0848087     0.22168   0.0838102  0.00437868   -0.224047  -0.0654789  -0.0812856
 -0.0051081 -0.00238912  -0.0021153   -0.520119    0.485446  -0.0350401    0.813157  -0.0590457   -0.509862    0.490947   -0.033827    0.805511  -0.0578884      0.2137   0.0838746 -0.00646566   -0.220705  -0.0710275  -0.0848002    0.221985    0.083871  0.00449668   -0.224664  -0.0657838  -0.0812993
-0.00492134  -0.0023746 -0.00229255   -0.520059    0.485269  -0.0351219    0.813211  -0.0591365   -0.509903    0.490786  -0.0338876    0.805631  -0.0579768     0.21405   0.0838173 -0.00664421   -0.221251  -0.0712485  -0.0847836    0.222305   0.0839334  0.00461871   -0.225304  -0.0661018  -0.0813151
-0.00472577 -0.00235891 -0.00247694   -0.519996    0.485087  -0.0352051    0.813264  -0.0592277   -0.509946    0.490619  -0.0339493    0.805742  -0.0580654    0.214415   0.0837587 -0.00682921   -0.221817  -0.0714724  -0.0847766     0.22264   0.0839983  0.00474377   -0.225966  -0.0664256  -0.0813343
-0.00452121 -0.00234292 -0.00266837   -0.519931    0.484898  -0.0352907    0.813319  -0.0593195   -0.509991    0.490449   -0.034013    0.805877  -0.0581543    0.214796   0.0836982 -0.00701901   -0.222403  -0.0717079  -0.0847612     0.22299   0.0840642  0.00487252   -0.226651  -0.0667615  -0.0813522
-0.00430733 -0.00232558 -0.00286681   -0.519865    0.484703  -0.0353783    0.813373  -0.0594119    -0.51004    0.490273  -0.0340764    0.805984  -0.0582438    0.215193   0.0836366   -0.007215   -0.223009  -0.0719462  -0.0847542    0.223355   0.0841319  0.00500482   -0.227361  -0.0671105  -0.0813649
 -0.0040836 -0.00230804  -0.0030721   -0.519796    0.484502   -0.035468    0.813428  -0.0595048    -0.51009    0.490094  -0.0341422     0.80611  -0.0583337    0.215606   0.0835727 -0.00741558   -0.223637  -0.0721969  -0.0847388    0.223737   0.0842024  0.00513941   -0.228094  -0.0674659  -0.0813885
-0.00385011 -0.00228978 -0.00328399   -0.519727    0.484294  -0.0355598    0.813484  -0.0595982   -0.510145     0.48991  -0.0342086     0.80624   -0.058424    0.216037   0.0835079 -0.00762211   -0.224286  -0.0724513  -0.0847314    0.224134   0.0842735   0.0052773   -0.228852  -0.0678335  -0.0814037
-0.00360585 -0.00227092  -0.0035027   -0.519655     0.48408  -0.0356537    0.813539  -0.0596923   -0.510202    0.489721  -0.0342772    0.806371  -0.0585147    0.216485   0.0834408 -0.00783292   -0.224959  -0.0727185  -0.0847149    0.224548   0.0843466  0.00541814   -0.229634   -0.068214   -0.081421
-0.00335071  -0.0022507 -0.00372772   -0.519582     0.48386  -0.0357496    0.813596   -0.059787   -0.510264    0.489527  -0.0343468    0.806511   -0.058606     0.21695   0.0833721  -0.0080492   -0.225655  -0.0729897  -0.0847035    0.224979   0.0844225  0.00556055   -0.230443  -0.0686022  -0.0814421
-0.00308412 -0.00222978 -0.00395915   -0.519508    0.483633  -0.0358474    0.813652  -0.0598823   -0.510328    0.489329  -0.0344181    0.806645  -0.0586978    0.217434   0.0833009 -0.00826953   -0.226375  -0.0732744  -0.0846907    0.225428   0.0845006  0.00570536    -0.23128  -0.0690041  -0.0814634
-0.00280681 -0.00220809 -0.00419652   -0.519432      0.4834  -0.0359476     0.81371  -0.0599782   -0.510396    0.489126  -0.0344915    0.806799  -0.0587901    0.217935   0.0832282 -0.00849509   -0.227118  -0.0735631  -0.0846787    0.225895   0.0845802  0.00585227   -0.232142  -0.0694166  -0.0814807
-0.00251701 -0.00218512 -0.00443991   -0.519346    0.483135  -0.0360601    0.813774  -0.0600844   -0.510468    0.488918  -0.0345656    0.806934  -0.0588831    0.218509   0.0831465 -0.00874819   -0.227965  -0.0738947  -0.0846706    0.226381   0.0846629  0.00600098   -0.233033  -0.0698415  -0.0815031
-0.00221442 -0.00216172 -0.00468898   -0.519268    0.482888  -0.0361643    0.813833  -0.0601816   -0.510543    0.488706  -0.0346434     0.80711  -0.0589765     0.21905   0.0830688 -0.00898313   -0.228762  -0.0742055  -0.0846601    0.226885   0.0847478  0.00615168   -0.233954  -0.0702813  -0.0815199
-0.00189905 -0.00213643 -0.00494355   -0.519189    0.482633  -0.0362707    0.813892  -0.0602794   -0.510626     0.48849  -0.0347203    0.807239  -0.0590709    0.219611   0.0829879 -0.00922214   -0.229586  -0.0745271   -0.084643     0.22741   0.0848357  0.00630355   -0.234904  -0.0707316   -0.081544
-0.00157081 -0.00211067  -0.0052037   -0.519108    0.482372  -0.0363791    0.813953  -0.0603777    -0.51071    0.488268  -0.0348011    0.807396  -0.0591655    0.220191   0.0829053 -0.00946561   -0.230434  -0.0748568  -0.0846315    0.227953   0.0849267  0.00645654   -0.235882  -0.0711918  -0.0815694
-0.00123021 -0.00208367 -0.00546907   -0.519026    0.482103  -0.0364899    0.814014  -0.0604767   -0.510799    0.488042  -0.0348835    0.807561  -0.0592609     0.22079   0.0828193  -0.0097127   -0.231308  -0.0751962  -0.0846133    0.228515     0.08502  0.00661111   -0.236888  -0.0716651  -0.0815948
-0.00087672 -0.00205553 -0.00573967   -0.518942    0.481828  -0.0366026    0.814077  -0.0605762   -0.510892    0.487811  -0.0349686    0.807725  -0.0593568    0.221408   0.0827309 -0.00996414   -0.232206  -0.0755437  -0.0846005    0.229097   0.0851164  0.00676683   -0.237923  -0.0721497   -0.081617
-0.00051043 -0.00202601 -0.00601495   -0.518858    0.481544  -0.0367179    0.814141  -0.0606765    -0.51099    0.487575  -0.0350558    0.807904  -0.0594534    0.222047   0.0826386  -0.0102193    -0.23313  -0.0759014  -0.0845809      0.2297   0.0852164  0.00692365   -0.238988  -0.0726472  -0.0816445
-0.000130158  -0.00199555  -0.00629518    -0.518773     0.481254   -0.0368348     0.814205   -0.0607773    -0.511093     0.487335   -0.0351449     0.808071   -0.0595507     0.222708    0.0825433   -0.0104789    -0.234083   -0.0762687   -0.0845654     0.230325    0.0853196   0.00708195    -0.240084   -0.0731599    -0.081667
0.000263618 -0.00196434 -0.00658016   -0.518687    0.480956   -0.036954    0.814271  -0.0608789     -0.5112     0.48709  -0.0352378    0.808271  -0.0596485    0.223389   0.0824455  -0.0107434   -0.235061  -0.0766451  -0.0845458    0.230971   0.0854261  0.00724099    -0.24121    -0.07368  -0.0816994
0.000671756 -0.00193086 -0.00686957     -0.5186     0.48065  -0.0370754    0.814338  -0.0609812   -0.511315    0.486841  -0.0353308    0.808436  -0.0597474    0.224094   0.0823433  -0.0110118    -0.23607  -0.0770329  -0.0845241     0.23164   0.0855359    0.007402   -0.242369  -0.0742183  -0.0817232
 0.00109449 -0.00189678 -0.00716371   -0.518513    0.480337  -0.0371989    0.814406  -0.0610842   -0.511434    0.486587  -0.0354278    0.808626  -0.0598468    0.224821   0.0822389  -0.0112855   -0.237106    -0.07743  -0.0845059    0.232331   0.0856494  0.00756381    -0.24356  -0.0747653  -0.0817544
  0.0015322 -0.00186058 -0.00746211   -0.518425    0.480016  -0.0373246    0.814476   -0.061188    -0.51156    0.486329  -0.0355267    0.808822   -0.059947    0.225572   0.0821298  -0.0115639   -0.238174  -0.0778382  -0.0844839    0.233046    0.085767  0.00772739   -0.244786  -0.0753285  -0.0817875
 0.00198548 -0.00182386 -0.00776545   -0.518337    0.479687  -0.0374524    0.814547  -0.0612926   -0.511691    0.486067  -0.0356288     0.80902  -0.0600478    0.226345   0.0820186  -0.0118479    -0.23927  -0.0782561  -0.0844656    0.233784    0.085888  0.00789278   -0.246045  -0.0759054   -0.081818
 0.00245435 -0.00178462 -0.00807299    -0.51825     0.47935  -0.0375826     0.81462   -0.061398    -0.51183    0.485801  -0.0357335    0.809231  -0.0601493    0.227143   0.0819026  -0.0121368   -0.240398   -0.078686  -0.0844409    0.234546   0.0860128  0.00805992    -0.24734  -0.0764967  -0.0818531
 0.00298908 -0.00174057 -0.00841712   -0.518162    0.479006  -0.0377148    0.814694  -0.0615042    -0.51199    0.485503  -0.0358516    0.809457  -0.0602619    0.227964   0.0817837  -0.0124317   -0.241557  -0.0791261    -0.08442    0.235333   0.0861416  0.00822923   -0.248669  -0.0771022  -0.0818858
 0.00349146  -0.0016979 -0.00873474   -0.518075    0.478654  -0.0378494     0.81477  -0.0616112   -0.512142    0.485228  -0.0359624    0.809686   -0.060365    0.228813   0.0816607  -0.0127324   -0.242749  -0.0795777  -0.0843954    0.236227   0.0862895   0.0084178   -0.250175  -0.0777881  -0.0819348
 0.00401237 -0.00165413 -0.00905753   -0.517988    0.478294  -0.0379862    0.814848  -0.0617191   -0.512303    0.484949  -0.0360749    0.809897  -0.0604692    0.229687   0.0815342  -0.0130395   -0.243975  -0.0800411  -0.0843745    0.237069   0.0864268  0.00859137   -0.251584  -0.0784239  -0.0819706
 0.00455036 -0.00160872 -0.00938501   -0.517902    0.477926  -0.0381254    0.814927  -0.0618279   -0.512469    0.484666  -0.0361924    0.810152  -0.0605736    0.230587   0.0814042  -0.0133526   -0.245234  -0.0805165  -0.0843475    0.237936   0.0865673  0.00876781   -0.253032  -0.0790797  -0.0820087
 0.00510592 -0.00156131 -0.00971762   -0.517816    0.477549  -0.0382673    0.815009  -0.0619376   -0.512646     0.48438    -0.03631    0.810361  -0.0606792    0.231513   0.0812707  -0.0136721   -0.246527   -0.081003  -0.0843249    0.238828    0.086712  0.00894646   -0.254514  -0.0797448  -0.0820463
 0.00567966 -0.00151243  -0.0100554   -0.517731    0.477165  -0.0384117    0.815093  -0.0620483   -0.512829    0.484089  -0.0364323    0.810602  -0.0607854    0.232466   0.0811345  -0.0139984   -0.247853  -0.0815002  -0.0842987    0.239744   0.0868594  0.00912818   -0.256032  -0.0804286   -0.082086
 0.00627236 -0.00146112  -0.0103982   -0.517648    0.476773  -0.0385584    0.815178  -0.0621601   -0.513023    0.483796  -0.0365569    0.810853  -0.0608925    0.233447   0.0809937  -0.0143309   -0.249216  -0.0820111  -0.0842708    0.240688   0.0870113  0.00931224   -0.257591  -0.0811262  -0.0821274
 0.00688431 -0.00140801  -0.0107466   -0.517566    0.476372  -0.0387075    0.815266  -0.0622728   -0.513224    0.483499   -0.036685    0.811104  -0.0610003    0.234456   0.0808507  -0.0146706   -0.250615  -0.0825335  -0.0842469    0.241661   0.0871655  0.00949879    -0.25919  -0.0818383  -0.0821622
 0.00751464 -0.00135221  -0.0111003   -0.517485    0.475964  -0.0388591    0.815356  -0.0623866   -0.513436    0.483199  -0.0368163    0.811374   -0.061109    0.235496   0.0807027   -0.015017   -0.252053  -0.0830693  -0.0842199    0.242661   0.0873253  0.00968794   -0.260831  -0.0825688  -0.0822051
0.00816542 -0.0012944 -0.0114599  -0.517407   0.475548 -0.0390136   0.815449 -0.0625012  -0.513656   0.482895 -0.0369502   0.811634 -0.0612184   0.236564  0.0805528 -0.0153708  -0.253527 -0.0836171  -0.084197   0.243693  0.0874881 0.00987947  -0.262516  -0.083316 -0.0822461
 0.00883636 -0.00123314   -0.011825   -0.517329    0.475124  -0.0391709    0.815544  -0.0626169   -0.513885    0.482587  -0.0370891     0.81193  -0.0613282    0.237661   0.0803975  -0.0157311   -0.255038  -0.0841776  -0.0841684    0.244752   0.0876553    0.010074    -0.26424  -0.0840793  -0.0822905
 0.00952792 -0.00116926  -0.0121962   -0.517254    0.474692   -0.039331    0.815642  -0.0627335   -0.514127    0.482276  -0.0372287    0.812194  -0.0614395    0.238787    0.080239  -0.0160988   -0.256586  -0.0847497   -0.084144    0.245839   0.0878268   0.0102715   -0.266006  -0.0848614  -0.0823343
  0.0102402 -0.00110174  -0.0125732    -0.51718    0.474252  -0.0394939    0.815742  -0.0628513   -0.514377    0.481962  -0.0373733    0.812485  -0.0615512    0.239942    0.080076  -0.0164737   -0.258172  -0.0853344  -0.0841165    0.246956   0.0880019   0.0104715   -0.267815  -0.0856566  -0.0823757
 0.0109735 -0.0010324 -0.0129563  -0.517109   0.473803 -0.0396597   0.815846 -0.0629701  -0.514639   0.481645 -0.0375203   0.812786  -0.061664    0.24113  0.0799093 -0.0168563  -0.259799  -0.085933 -0.0840925   0.248104  0.0881823  0.0106743   -0.26967  -0.086471 -0.0824194
   0.0117274 -0.000959365   -0.0133456     -0.51704     0.473347   -0.0398283     0.815952     -0.06309    -0.514911     0.481325   -0.0376711      0.81309   -0.0617775     0.242351    0.0797369   -0.0172469    -0.261468   -0.0865453   -0.0840656     0.249284    0.0883661      0.01088    -0.271572   -0.0873045    -0.082466
   0.0125062 -0.000882766   -0.0137411    -0.516975     0.472883   -0.0399998     0.816061   -0.0632112    -0.515197     0.481003   -0.0378249     0.813411    -0.061892     0.243605    0.0795614   -0.0176448    -0.263181   -0.0871735    -0.084037     0.250498    0.0885553    0.0110887    -0.273522   -0.0881593   -0.0825122
   0.0133099 -0.000802051   -0.0141428    -0.516914     0.472411   -0.0401736     0.816173   -0.0633335    -0.515494     0.480678   -0.0379819     0.813728   -0.0620075      0.24489    0.0793815   -0.0180511    -0.264938   -0.0878157   -0.0840136     0.251744    0.0887488    0.0112999    -0.275524   -0.0890312   -0.0825563
   0.0141384 -0.000717996   -0.0145508    -0.516858     0.471932   -0.0403504     0.816288   -0.0634569    -0.515804     0.480351   -0.0381432     0.814075   -0.0621237     0.246209    0.0791958   -0.0184651    -0.266741   -0.0884746    -0.083985     0.253024    0.0889487    0.0115136    -0.277578   -0.0899259   -0.0826024
  0.0149933 -0.00062964  -0.0149651   -0.516801    0.471396  -0.0405484    0.816418   -0.063594    -0.51613    0.480021  -0.0383059      0.8144  -0.0622414    0.247699   0.0789865  -0.0189299   -0.268778  -0.0892194  -0.0839468    0.254336   0.0891533   0.0117305   -0.279684  -0.0908416  -0.0826521
   0.0158741 -0.000536652   -0.0153858    -0.516754     0.470901   -0.0407313     0.816541   -0.0637201    -0.516466     0.479689   -0.0384736      0.81475   -0.0623596      0.24909    0.0787898   -0.0193615    -0.270682   -0.0899128   -0.0839224     0.255685    0.0893644    0.0119502    -0.281849   -0.0917835   -0.0827013
   0.0167817 -0.000439618    -0.015813    -0.516712     0.470399   -0.0409175     0.816667   -0.0638472    -0.516818     0.479355   -0.0386441      0.81511   -0.0624788     0.250514    0.0785872   -0.0198011    -0.272632   -0.0906224   -0.0838944     0.257068    0.0895808    0.0121721    -0.284068   -0.0927435   -0.0827485
   0.0177162 -0.000337034   -0.0162467    -0.516674     0.469889   -0.0411067     0.816797   -0.0639755    -0.517182     0.479018   -0.0388191     0.815477   -0.0625988     0.251971    0.0783789   -0.0202483    -0.274628   -0.0913473   -0.0838699     0.258486    0.0898036    0.0123962    -0.286342   -0.0937276   -0.0827971
   0.0186786 -0.000229269   -0.0166867    -0.516642     0.469372   -0.0412991     0.816931    -0.064105    -0.517562     0.478679   -0.0389971     0.815859   -0.0627201     0.253463    0.0781638   -0.0207032    -0.276673    -0.092089   -0.0838418     0.259938    0.0900338     0.012622    -0.288672   -0.0947338   -0.0828506
   0.0196687 -0.000116266    -0.017133    -0.516616     0.468847   -0.0414943      0.81707   -0.0642357    -0.517956     0.478339    -0.039179     0.816242   -0.0628423     0.254989    0.0779428   -0.0211657    -0.278767    -0.092848   -0.0838172     0.261429    0.0902705    0.0128498    -0.291063   -0.0957677   -0.0829036
  0.0206843 1.61082e-06  -0.0175853   -0.516595    0.468316   -0.041693    0.817212  -0.0643675   -0.518365    0.477997  -0.0393649     0.81665  -0.0629656    0.256554   0.0777128   -0.021636   -0.280914  -0.0936248  -0.0837896    0.262956   0.0905133   0.0130791   -0.293511  -0.0968202  -0.0829542
 0.0217298 0.00012444 -0.0180436  -0.516581   0.467777 -0.0418948   0.817359 -0.0645005   -0.51879   0.477653 -0.0395536   0.817046   -0.06309   0.258156  0.0774795 -0.0221139  -0.283112 -0.0944199 -0.0837649   0.264525  0.0907629  0.0133097  -0.296021 -0.0978991 -0.0830072
  0.0228054 0.000252124  -0.0185077   -0.516573    0.467231  -0.0420998    0.817511  -0.0646347   -0.519274    0.477274  -0.0397675    0.817527  -0.0632277    0.259793    0.077239  -0.0225994   -0.285363  -0.0952333  -0.0837363    0.266129   0.0910194    0.013542    -0.29859   -0.099002  -0.0830636
  0.0239117 0.000384938  -0.0189777   -0.516573    0.466677   -0.042308    0.817667  -0.0647703   -0.519735    0.476929  -0.0399633    0.817936  -0.0633546    0.261468   0.0769927  -0.0230923   -0.287669  -0.0960658  -0.0837085     0.26777   0.0912827   0.0137757   -0.301219   -0.100131  -0.0831197
  0.0250487 0.000522874  -0.0194531    -0.51658    0.466117  -0.0425192    0.817828  -0.0649071   -0.520211    0.476582  -0.0401647    0.818376  -0.0634822    0.263181   0.0767402  -0.0235927    -0.29003  -0.0969182  -0.0836842     0.26945   0.0915515   0.0140101    -0.30391   -0.101281  -0.0831737
  0.0262176 0.000665801  -0.0199337   -0.516596    0.465551  -0.0427337    0.817994  -0.0650454   -0.520706    0.476236   -0.040369    0.818829   -0.063611    0.264933   0.0764808     -0.0241   -0.292449  -0.0977906  -0.0836565    0.271168   0.0918279   0.0142449   -0.306663   -0.102457  -0.0832304
  0.0275416 0.000830363  -0.0204677    -0.51662    0.464978  -0.0429509    0.818165   -0.065185   -0.521219    0.475889  -0.0405777    0.819288  -0.0637409    0.266725   0.0762143  -0.0246142   -0.294927  -0.0986843  -0.0836322    0.272928   0.0921121   0.0144799   -0.309484   -0.103662   -0.083293
  0.0287795 0.000984968  -0.0209581   -0.516654    0.464398  -0.0431716    0.818341   -0.065326    -0.52175    0.475542  -0.0407902    0.819768  -0.0638718    0.268555   0.0759403  -0.0251348   -0.297463  -0.0995986  -0.0836045    0.274729   0.0924031   0.0147146   -0.312371    -0.10489  -0.0833472
 0.0300496 0.00114552 -0.0214527  -0.516696   0.463812 -0.0433953   0.818523 -0.0654682  -0.522299   0.475195 -0.0410068   0.820247 -0.0640038   0.270423  0.0756598 -0.0256616  -0.300056  -0.100533 -0.0835803   0.276569  0.0927018  0.0149484  -0.315321  -0.106144 -0.0834104
 0.0313518 0.00131007 -0.0219512  -0.516747    0.46322 -0.0436226    0.81871 -0.0656117  -0.522865   0.474849 -0.0412284   0.820759  -0.064137   0.272331  0.0753722  -0.026194  -0.302705  -0.101487 -0.0835529   0.278448   0.093008  0.0151818  -0.318333  -0.107424  -0.083473
 0.0326867 0.00148101 -0.0224531  -0.516806   0.462621 -0.0438531   0.818903 -0.0657566  -0.523453   0.474504 -0.0414525   0.821253 -0.0642717   0.274278   0.075079 -0.0267318  -0.305413   -0.10246 -0.0835285    0.28056  0.0933491   0.015437  -0.321716  -0.108854 -0.0835322
 0.0340551 0.00165618 -0.0229582  -0.516876   0.462016 -0.0440865   0.819102  -0.065903  -0.524058    0.47416 -0.0416819   0.821774 -0.0644074   0.276265  0.0747776 -0.0272745  -0.308179  -0.103454 -0.0835003   0.282523  0.0936698  0.0156669  -0.324857   -0.11018 -0.0835977
 0.0354589 0.00183733 -0.0234655  -0.516957   0.461405 -0.0443228   0.819307 -0.0660509  -0.524687   0.473819 -0.0419145   0.822308 -0.0645447   0.278293  0.0744703 -0.0278223  -0.311006   -0.10447 -0.0834729   0.284526   0.093996  0.0158951  -0.328062  -0.111533 -0.0836587
 0.0368978 0.00202308 -0.0239748   -0.51705   0.460789 -0.0445614   0.819517 -0.0662004  -0.525335   0.473479 -0.0421522   0.822852  -0.064683   0.280362  0.0741558 -0.0283752  -0.313895  -0.105506 -0.0834489   0.286572  0.0943312  0.0161203  -0.331334  -0.112907 -0.0837301
 0.0383676 0.00221362 -0.0244855  -0.517153   0.460167 -0.0448035   0.819734 -0.0663511  -0.526006   0.473143 -0.0423937   0.823415 -0.0648228   0.282475  0.0738348 -0.0289328  -0.316845  -0.106564 -0.0834217   0.288658  0.0946738  0.0163437  -0.334666  -0.114304 -0.0837946
 0.0398731 0.00240818 -0.0249974  -0.517269   0.459541 -0.0450479   0.819957 -0.0665032  -0.526698    0.47281 -0.0426396   0.823981 -0.0649638   0.284632  0.0735075 -0.0294955   -0.31986  -0.107644 -0.0833981   0.290791  0.0950213  0.0165647  -0.338066  -0.115728 -0.0838622
 0.0414188 0.00260899 -0.0255101  -0.517399   0.458909 -0.0452949   0.820187 -0.0666567  -0.527415    0.47248 -0.0428904   0.824577  -0.065106    0.28683  0.0731715 -0.0300625  -0.322938  -0.108746 -0.0833719   0.292963  0.0953745  0.0167826  -0.341528  -0.117171 -0.0839329
 0.0430025 0.00281598 -0.0260235  -0.517543   0.458274 -0.0455441   0.820424 -0.0668118  -0.528155   0.472154 -0.0431449   0.825164 -0.0652494   0.289066  0.0728303 -0.0306336  -0.326078   -0.10987 -0.0833486   0.295175  0.0957363  0.0169972  -0.345059  -0.118643 -0.0840029
 0.0446243 0.00302906 -0.0265369    -0.5177   0.457635 -0.0457961   0.820668 -0.0669682  -0.528917   0.471831 -0.0434063   0.825802 -0.0653938   0.291342  0.0724808 -0.0312082  -0.329279  -0.111014 -0.0833217   0.297428  0.0961054  0.0172083  -0.348654  -0.120137 -0.0840735
 0.0462834 0.00324926 -0.0270501  -0.517872   0.456991 -0.0460505   0.820919 -0.0671261  -0.529706   0.471513 -0.0436693   0.826403 -0.0655399   0.293657  0.0721234 -0.0317868  -0.332541  -0.112179 -0.0832951   0.299719  0.0964838  0.0174151  -0.352313  -0.121653 -0.0841525
 0.0479809 0.00347557 -0.0275628  -0.518059   0.456345 -0.0463074   0.821178 -0.0672853  -0.530518     0.4712 -0.0439389   0.827042  -0.065687   0.296251  0.0717231 -0.0324284  -0.336201  -0.113483 -0.0832765   0.302053   0.096869  0.0176189  -0.356039  -0.123194 -0.0842244
  0.049717  0.0037067  -0.028075   -0.51826   0.455694 -0.0465667   0.821444  -0.067446  -0.531356   0.470892 -0.0442125   0.827699 -0.0658355   0.298652  0.0713496 -0.0330159  -0.339597  -0.114694 -0.0832537   0.304429  0.0972629  0.0178196  -0.359832  -0.124763 -0.0843004
   0.05149 0.00394821  -0.028586  -0.518478   0.455041 -0.0468282   0.821718 -0.0676081  -0.532218   0.470588 -0.0444914   0.828364 -0.0659851   0.301096   0.070967 -0.0336073  -0.343057  -0.115926 -0.0832282   0.306846  0.0976634  0.0180168  -0.363693  -0.126353 -0.0843761
 0.0533043 0.00419768 -0.0290958  -0.518712   0.454387 -0.0470917      0.822  -0.067772  -0.533107    0.47029 -0.0447752   0.829056 -0.0661359   0.303578  0.0705705 -0.0342022  -0.346578  -0.117179 -0.0832058   0.309309  0.0980772  0.0182084  -0.367627  -0.127971  -0.084457
 0.0551592 0.00445579  -0.029604  -0.518989   0.453664 -0.0473842    0.82232 -0.0679537  -0.534022   0.469997 -0.0450631   0.829744 -0.0662881   0.306099  0.0701666 -0.0348012  -0.350162  -0.118454 -0.0831802   0.311813  0.0984998  0.0183973  -0.371633  -0.129618 -0.0845367
 0.0570556  0.0047209 -0.0301107   -0.51926   0.453006 -0.0476523    0.82262 -0.0681204  -0.534963   0.469711 -0.0453568   0.830475 -0.0664414    0.30866  0.0697532 -0.0354049  -0.353813  -0.119752 -0.0831582   0.314356  0.0989335  0.0185817  -0.375707  -0.131289 -0.0846205
 0.0589942 0.00499536  -0.030615   -0.51955   0.452346 -0.0479222   0.822928 -0.0682886  -0.535935   0.469433 -0.0456525   0.831182 -0.0665965   0.311264  0.0693295 -0.0360137  -0.357536  -0.121076 -0.0831336   0.316945  0.0993762  0.0187634  -0.379863  -0.132994 -0.0847032
 0.0609754 0.00527714 -0.0311175  -0.519861   0.451687 -0.0481939   0.823245 -0.0684582  -0.536933   0.469161 -0.0459546   0.831922 -0.0667525    0.31391  0.0688952 -0.0366278   -0.36133  -0.122425 -0.0831124   0.319576  0.0998303  0.0189408  -0.384093  -0.134724 -0.0847892
 0.0629979 0.00556531 -0.0316184   -0.52019   0.451025 -0.0484682   0.823571 -0.0686288  -0.537959   0.468897 -0.0462608    0.83268 -0.0669095   0.316596  0.0684518 -0.0372472  -0.365193  -0.123797 -0.0830881   0.322251   0.100294  0.0191156  -0.388402  -0.136489 -0.0848752
 0.0650627 0.00586135 -0.0321174  -0.520538   0.450363 -0.0487446   0.823907 -0.0688009  -0.539013   0.468641 -0.0465721   0.833449 -0.0670677   0.319324  0.0679995 -0.0378721  -0.369124  -0.125194 -0.0830656   0.324963   0.100766  0.0192874  -0.392776  -0.138275 -0.0849646
 0.0671709 0.00616595 -0.0326141  -0.520908   0.449701  -0.049023   0.824252 -0.0689746  -0.540207   0.468369 -0.0469194    0.83432  -0.067243   0.322093  0.0675369 -0.0385027  -0.373128  -0.126617 -0.0830469   0.327719   0.101249  0.0194567  -0.397231  -0.140095 -0.0850525
 0.0695399 0.00651072  -0.033158  -0.521299    0.44904 -0.0493031   0.824607 -0.0691497  -0.541322   0.468131 -0.0472399   0.835119 -0.0674035   0.324905  0.0670626 -0.0391391  -0.377205  -0.128065  -0.083026   0.330518   0.101745  0.0196221  -0.401763  -0.141942 -0.0851431
 0.0717397 0.00683218 -0.0336502  -0.521712    0.44838 -0.0495855   0.824973 -0.0693263  -0.542467   0.467901 -0.0475652    0.83595 -0.0675649   0.327758  0.0665785 -0.0397814  -0.381355   -0.12954 -0.0830091   0.333359   0.102249   0.019785  -0.406375  -0.143823  -0.085234
 0.0739823 0.00716145 -0.0341402  -0.522147    0.44772 -0.0498701   0.825348 -0.0695042  -0.543642   0.467681 -0.0478937   0.836773 -0.0677275   0.330653  0.0660812 -0.0404295  -0.385578   -0.13104 -0.0829909   0.336241   0.102764  0.0199444  -0.411063  -0.145731 -0.0853286
 0.0762673 0.00749697  -0.034628  -0.522602   0.447062 -0.0501572   0.825734 -0.0696835  -0.544843   0.467469 -0.0482285    0.83765 -0.0678907   0.333589  0.0655772 -0.0410833  -0.389872  -0.132565 -0.0829768   0.339166   0.103288  0.0201012  -0.415828  -0.147672 -0.0854214
 0.0785943   0.007841 -0.0351133  -0.523079   0.446404 -0.0504468    0.82613 -0.0698643  -0.546078   0.467267 -0.0485646   0.838492 -0.0680554   0.336566   0.065063 -0.0417424  -0.394238  -0.134115 -0.0829601   0.342427   0.103875  0.0202692  -0.421152  -0.149836 -0.0855366
 0.0809647 0.00819296 -0.0355961  -0.523579   0.445749 -0.0507385   0.826536 -0.0700467   -0.54734   0.467075 -0.0489066   0.839374 -0.0682208   0.339585  0.0645386 -0.0424067  -0.398675   -0.13569 -0.0829456   0.345435    0.10442  0.0204188  -0.426072  -0.151832 -0.0856286
 0.0833785 0.00855145 -0.0360765  -0.524102   0.445095 -0.0510324   0.826954 -0.0702305  -0.548634   0.466893 -0.0492521   0.840276 -0.0683872   0.342643  0.0640034 -0.0430762  -0.403183  -0.137289 -0.0829351   0.348483   0.104978  0.0205644  -0.431065  -0.153858 -0.0857264
 0.0858358 0.00891551 -0.0365549  -0.524648   0.444444 -0.0513285   0.827382 -0.0704157  -0.549956   0.466721  -0.049602   0.841188 -0.0685545    0.34574  0.0634606  -0.043751  -0.407761  -0.138912  -0.082924   0.351569   0.105542  0.0207068   -0.43613   -0.15591 -0.0858233
 0.0883361 0.00928361 -0.0370313  -0.525218   0.443795 -0.0516269   0.827821 -0.0706022  -0.551311   0.466561 -0.0499558   0.842129 -0.0687227   0.348877  0.0629099 -0.0444312  -0.412409  -0.140559 -0.0829176   0.354689   0.106113  0.0208459   -0.44126  -0.157985 -0.0859228
 0.0908788 0.00965876 -0.0375053  -0.525812   0.443149 -0.0519275   0.828271 -0.0707902  -0.552696   0.466412  -0.050313   0.843068 -0.0688919   0.352052   0.062352 -0.0451162  -0.417126   -0.14223 -0.0829108   0.357845    0.10669  0.0209819  -0.446456  -0.160084 -0.0860205
 0.0934641  0.0100402 -0.0379766  -0.526431   0.442506 -0.0522299   0.828732   -0.07098  -0.554111   0.466273 -0.0506756   0.844052 -0.0690616   0.355267  0.0617838 -0.0458058  -0.421912  -0.143924 -0.0829084   0.361039   0.107278  0.0211136  -0.451722  -0.162209 -0.0861211
 0.0960922  0.0104296 -0.0384448  -0.527075   0.441867 -0.0525342   0.829205 -0.0711711  -0.555561   0.466146 -0.0510393   0.845013 -0.0692327   0.358519  0.0612037 -0.0464999  -0.426767  -0.145641 -0.0829048   0.364269   0.107874   0.021241  -0.457059   -0.16436 -0.0862206
 0.0987629  0.0108257   -0.03891  -0.527744   0.441232 -0.0528402   0.829689 -0.0713638   -0.55704    0.46603 -0.0514084    0.84601 -0.0694043   0.361809  0.0606159 -0.0471983  -0.431693  -0.147383 -0.0829034   0.367535   0.108481   0.021364  -0.462465  -0.166536  -0.086323
  0.101477  0.0112286  -0.039372  -0.528439   0.440602 -0.0531482   0.830184 -0.0715578  -0.558552   0.465926 -0.0517804   0.847025  -0.069577   0.365136  0.0600187 -0.0479011  -0.436688  -0.149149 -0.0829066   0.370838   0.109096  0.0214827  -0.467943   -0.16874 -0.0864244
  0.104233  0.0116372 -0.0398311   -0.52916   0.439976 -0.0534578   0.830691 -0.0717531  -0.560096   0.465834 -0.0521565   0.848052 -0.0697503   0.368499  0.0594111 -0.0486082  -0.441752  -0.150939  -0.082909   0.374175   0.109722  0.0215966  -0.473489  -0.170969 -0.0865295
  0.107031  0.0120507 -0.0402873  -0.529908   0.439355 -0.0537697   0.831211 -0.0719498  -0.561672   0.465755  -0.052536   0.849105 -0.0699246   0.371898  0.0587958 -0.0493199  -0.446887  -0.152753 -0.0829166   0.377544   0.110354  0.0217068  -0.479104  -0.173223 -0.0866317
  0.109872  0.0124718 -0.0407397  -0.530682   0.438739  -0.054083   0.831741 -0.0721477  -0.563279   0.465688 -0.0529187   0.850161 -0.0700995   0.375333  0.0581698 -0.0500357   -0.45209  -0.154591 -0.0829234   0.380947   0.110997  0.0218125  -0.484785  -0.175503 -0.0867375
  0.112754  0.0128985 -0.0411889  -0.531483   0.438129 -0.0543979   0.832284 -0.0723472  -0.564919   0.465633 -0.0533058   0.851256 -0.0702751   0.378802  0.0575328  -0.050756  -0.457365  -0.156455 -0.0829316   0.384383    0.11165  0.0219137   -0.49054   -0.17781 -0.0868429
  0.115678  0.0133304 -0.0416349   -0.53231   0.437524 -0.0547147   0.832839  -0.072548  -0.566592   0.465591 -0.0536943   0.852336 -0.0704518   0.382305  0.0568833 -0.0514806  -0.462708  -0.158343 -0.0829454    0.38785   0.112315  0.0220104  -0.496361  -0.180144 -0.0869507
  0.118643  0.0137682 -0.0420772  -0.533165   0.436925  -0.055033   0.833407   -0.07275  -0.568294   0.465561 -0.0540874   0.853448 -0.0706289   0.385842  0.0562272 -0.0522096  -0.468122  -0.160257 -0.0829586   0.391348   0.112986  0.0221029  -0.502251  -0.182504 -0.0870581
  0.121649  0.0142132 -0.0425152  -0.534047   0.436332  -0.055353   0.833986 -0.0729534  -0.570031   0.465544 -0.0544831   0.854577 -0.0708068   0.389412  0.0555597 -0.0529426  -0.473606  -0.162196 -0.0829763   0.394876   0.113668  0.0221905   -0.50821  -0.184892 -0.0871713
  0.124696  0.0146657 -0.0429487  -0.534956   0.435747 -0.0556741   0.834578 -0.0731581  -0.571798    0.46554 -0.0548824   0.855719 -0.0709853   0.393014  0.0548795 -0.0536793   -0.47916  -0.164161 -0.0829934   0.398436   0.114361  0.0222731  -0.514242  -0.187307 -0.0872791
  0.127784  0.0151241 -0.0433778  -0.535894   0.435168 -0.0559967   0.835182 -0.0733641  -0.573597   0.465548 -0.0552844   0.856883 -0.0711646   0.396647  0.0541873 -0.0544199  -0.484784  -0.166151 -0.0830148   0.402026   0.115068  0.0223502  -0.520346  -0.189754 -0.0873956
  0.130911  0.0155888 -0.0438024  -0.536858   0.434597 -0.0563206   0.835799 -0.0735712  -0.575427    0.46557 -0.0556895   0.858054 -0.0713445    0.40031  0.0534833 -0.0551638  -0.490477  -0.168167  -0.083035   0.405644   0.115783  0.0224223  -0.526519  -0.192226 -0.0875067
  0.134077  0.0160586 -0.0442227  -0.537851   0.434033 -0.0566459   0.836428 -0.0737795  -0.577289   0.465605 -0.0560981   0.859257  -0.071525   0.404003  0.0527676 -0.0559113  -0.496239  -0.170209 -0.0830581   0.409289   0.116511  0.0224889  -0.532761  -0.194729 -0.0876263
  0.137283  0.0165316 -0.0446394  -0.538872   0.433476 -0.0569728    0.83707 -0.0739888  -0.579182   0.465653 -0.0565081   0.860453 -0.0717065   0.407723  0.0520394 -0.0566623  -0.502068  -0.172277 -0.0830865    0.41296   0.117249  0.0225505  -0.539069  -0.197255 -0.0877407
  0.140525  0.0170093 -0.0450514   -0.53992   0.432926  -0.057301   0.837724 -0.0741991  -0.581103   0.465714  -0.056923   0.861702 -0.0718882    0.41147  0.0513041 -0.0574162  -0.507964  -0.174369 -0.0831142   0.416653   0.117994  0.0226069  -0.545437  -0.199807 -0.0878605
  0.143804  0.0174904 -0.0454595  -0.540996   0.432384 -0.0576304   0.838391 -0.0744107  -0.583059   0.465789 -0.0573375   0.862915  -0.072071   0.415244  0.0505584 -0.0581732  -0.513925  -0.176485 -0.0831469    0.42037   0.118751   0.022658   -0.55187  -0.202387 -0.0879819
  0.147119  0.0179757 -0.0458628    -0.5421    0.43185 -0.0579611   0.839071 -0.0746233  -0.585041   0.465877 -0.0577564   0.864167  -0.072254   0.419423   0.049725 -0.0590083  -0.520555  -0.178843 -0.0831738   0.424107   0.119514  0.0227036  -0.558361  -0.204987 -0.0881029
  0.150468  0.0184658 -0.0462607  -0.543231   0.431324 -0.0582929   0.839763 -0.0748373  -0.587056   0.465979 -0.0581772   0.865438 -0.0724377   0.423249  0.0489579 -0.0597706   -0.52665  -0.181011 -0.0832115   0.427867   0.120291  0.0227439  -0.564916  -0.207616 -0.0882244
  0.153842  0.0189585 -0.0466539  -0.544389   0.430807 -0.0586257   0.840467 -0.0750522  -0.589097   0.466094 -0.0586005   0.866717  -0.072622   0.427104  0.0481803 -0.0605353  -0.532809  -0.183203 -0.0832489   0.431649   0.121076  0.0227778   -0.57153  -0.210271 -0.0883526
  0.157255  0.0194557 -0.0470423  -0.545575   0.430299 -0.0589593   0.841184 -0.0752682  -0.591169   0.466222 -0.0590267   0.868023 -0.0728065   0.430979  0.0473934 -0.0613017  -0.539026  -0.185417 -0.0832914   0.435457   0.121869  0.0228058  -0.578203  -0.212947 -0.0884806
  0.160701  0.0199571 -0.0474259  -0.546789     0.4298  -0.059294   0.841914  -0.075485  -0.593269   0.466363 -0.0594546   0.869326 -0.0729916   0.434865   0.046596 -0.0620684  -0.545293  -0.187651 -0.0833333   0.439271    0.12267  0.0228278  -0.584925  -0.215643 -0.0886046
  0.164175  0.0204607 -0.0478036   -0.54803    0.42931 -0.0596294   0.842656 -0.0757029  -0.595396   0.466518 -0.0598858    0.87067 -0.0731774   0.438772  0.0457893 -0.0628367  -0.551618  -0.189908 -0.0833779   0.443097   0.123481  0.0228434  -0.591696  -0.218363 -0.0887379
  0.167682  0.0209696  -0.048175  -0.549428   0.428782 -0.0599986   0.843487  -0.075944  -0.597557   0.466687 -0.0603163   0.871989 -0.0733642     0.4427  0.0449698 -0.0636069  -0.558006   -0.19219 -0.0834285   0.446947   0.124299  0.0228535  -0.598528  -0.221107 -0.0888655
  0.171221  0.0214827 -0.0485402   -0.55073   0.428314 -0.0603345   0.844255  -0.076164  -0.599743   0.466869 -0.0607507   0.873342  -0.073551   0.446641  0.0441413 -0.0643776   -0.56445  -0.194495 -0.0834783   0.450807   0.125129  0.0228562  -0.605417  -0.223877     -0.089
  0.174792  0.0219993  -0.048899  -0.551927   0.427901 -0.0606372   0.844957 -0.0763627   -0.60196   0.467066 -0.0611861    0.87471 -0.0737386   0.450598  0.0433025 -0.0651494  -0.570953  -0.196825 -0.0835331   0.454679   0.125969  0.0228526   -0.61236  -0.226673 -0.0891353
  0.178393  0.0225186 -0.0492515  -0.553284   0.427453 -0.0609734   0.845749 -0.0765842  -0.604205   0.467277 -0.0616238   0.876087 -0.0739266    0.45457  0.0424533 -0.0659225  -0.577517   -0.19918  -0.083588   0.458563   0.126818   0.022842  -0.619362  -0.229493 -0.0892713
   0.18202  0.0230401 -0.0495979  -0.554669   0.427015 -0.0613102   0.846553 -0.0768063  -0.606476   0.467501 -0.0620635   0.877487 -0.0741148   0.458556  0.0415944 -0.0666967  -0.584137  -0.201559 -0.0836459    0.46246   0.127675  0.0228254   -0.62642   -0.23234 -0.0894081
  0.185672  0.0235638 -0.0499383  -0.556079   0.426587 -0.0616478   0.847371 -0.0770287  -0.608771   0.467738  -0.062505   0.878887 -0.0743032   0.462552  0.0407234 -0.0674717  -0.590804  -0.203957 -0.0837095   0.466363   0.128542  0.0228027  -0.633522  -0.235209 -0.0895511
  0.189348  0.0240857 -0.0502739  -0.557661   0.426127 -0.0620203   0.848285 -0.0772743  -0.611091   0.467989 -0.0629487   0.880321  -0.074492    0.46656  0.0398483 -0.0682475  -0.597521  -0.206376 -0.0837736   0.470272   0.129417  0.0227744  -0.640666  -0.238093 -0.0896888
  0.193046  0.0246084 -0.0506038  -0.559126   0.425719 -0.0623596   0.849128 -0.0774984  -0.613437   0.468253 -0.0633921   0.881737 -0.0746812   0.470578  0.0389667 -0.0690246  -0.604286  -0.208816 -0.0838401   0.474186   0.130295  0.0227409  -0.647852  -0.240999 -0.0898324
  0.196763  0.0251319 -0.0509279  -0.560616   0.425321 -0.0626996   0.849984 -0.0777232  -0.615803    0.46853 -0.0638384   0.883181 -0.0748701   0.474604  0.0380766 -0.0698024  -0.611094  -0.211273 -0.0839125   0.478105    0.13118  0.0227021  -0.655078  -0.243924 -0.0899765
  0.200488  0.0256532 -0.0512471  -0.562129   0.424932 -0.0630402   0.850852 -0.0779486  -0.618192   0.468819 -0.0642852   0.884636 -0.0750595   0.478644  0.0371794 -0.0705814  -0.617947  -0.213748 -0.0839858   0.482026   0.132071  0.0226578  -0.662339  -0.246863 -0.0901213
  0.204235  0.0261747  -0.051561  -0.563667   0.424553  -0.063381   0.851731 -0.0781747  -0.620603   0.469121 -0.0647336     0.8861 -0.0752488   0.482694  0.0362759 -0.0713617  -0.624841  -0.216241 -0.0840646   0.485962   0.132967  0.0226094  -0.669639  -0.249822 -0.0902675
     0.208  0.0266957 -0.0518695  -0.565229   0.424184 -0.0637219   0.852621 -0.0784014  -0.623036   0.469435 -0.0651827    0.88758  -0.075438   0.486744  0.0353609 -0.0721426  -0.631773   -0.21875 -0.0841442   0.489892    0.13387   0.022556   -0.67697  -0.252795 -0.0904158
  0.211781  0.0272162 -0.0521732  -0.566815   0.423825 -0.0640628   0.853523 -0.0786285  -0.625735   0.469794 -0.0656776    0.88921 -0.0756461   0.490796   0.034441 -0.0729241  -0.638739  -0.221272 -0.0842265   0.493819   0.134779  0.0224981  -0.684332  -0.255783 -0.0905636
  0.215576  0.0277332 -0.0524731  -0.568424   0.423475 -0.0644041   0.854435 -0.0788562   -0.62821   0.470134 -0.0661282   0.890716 -0.0758352    0.49485  0.0335152 -0.0737068  -0.645738   -0.22381 -0.0843142   0.497742   0.135695  0.0224357  -0.691722  -0.258786 -0.0907151
  0.219764  0.0283004 -0.0527979  -0.570055   0.423135 -0.0647457   0.855359 -0.0790843  -0.630704   0.470484 -0.0665784   0.892213 -0.0760243   0.498905  0.0325838 -0.0744904  -0.652768   -0.22636 -0.0844028    0.50166   0.136613  0.0223701  -0.699134  -0.261799 -0.0908653
  0.223582  0.0288136 -0.0530884  -0.571708   0.422805 -0.0650873   0.856292 -0.0793133  -0.633213   0.470845   -0.06703   0.893747 -0.0762128    0.50296  0.0316418 -0.0752745  -0.659829  -0.228923 -0.0844949   0.505574   0.137538     0.0223  -0.706572  -0.264826 -0.0910189
  0.227408  0.0293231 -0.0533753  -0.573382   0.422485 -0.0654293   0.857237 -0.0795426  -0.635741   0.471216 -0.0674787   0.895249 -0.0764018   0.507014  0.0306973 -0.0760593  -0.666918  -0.231499 -0.0845919   0.509482   0.138468  0.0222256  -0.714034  -0.267865 -0.0911747
  0.231237  0.0298296 -0.0536578  -0.575074   0.422174 -0.0657719   0.858191 -0.0797723  -0.638281   0.471597 -0.0679292   0.896779 -0.0765901   0.511067  0.0297477 -0.0768449  -0.674032  -0.234085 -0.0846898   0.513383   0.139401  0.0221484  -0.721512  -0.270913 -0.0913288
  0.234686   0.030283 -0.0539084  -0.576785   0.421873 -0.0661147   0.859156 -0.0800027   -0.64058   0.471949 -0.0683338   0.898165 -0.0767596   0.515119  0.0287915 -0.0776307   -0.68117  -0.236682 -0.0847906   0.517277   0.140339  0.0220672   -0.72901  -0.273971 -0.0914865
  0.238521  0.0307836 -0.0541831  -0.578515   0.421581 -0.0664575   0.860129 -0.0802336  -0.643404   0.472389 -0.0687833   0.899705 -0.0769475   0.519166  0.0278296 -0.0784168  -0.688329  -0.239288 -0.0848967   0.521163   0.141285  0.0219824  -0.736523  -0.277039  -0.091643
   0.24236  0.0312809 -0.0544542  -0.580265   0.421299 -0.0668003   0.861113 -0.0804648  -0.645986     0.4728 -0.0692769   0.901416 -0.0771541   0.523208  0.0268588 -0.0792032  -0.695509  -0.241904  -0.085004   0.525038   0.142232  0.0218938  -0.744052  -0.280116 -0.0918034
  0.246203  0.0317748 -0.0547224  -0.582034   0.421028 -0.0671421   0.862105 -0.0806962  -0.648583    0.47322 -0.0697243   0.902966 -0.0773415   0.527241  0.0258857 -0.0799896  -0.702709  -0.244529 -0.0851141   0.528901   0.143183  0.0218019  -0.751594  -0.283202 -0.0919632
  0.250049  0.0322625 -0.0549888  -0.583824   0.420766 -0.0674836   0.863106 -0.0809278  -0.651192    0.47365 -0.0701716   0.904543 -0.0775282   0.531267  0.0249082 -0.0807766  -0.709928  -0.247164 -0.0852294   0.532751   0.144138  0.0217066  -0.759149  -0.286297 -0.0921263
  0.253894  0.0327465 -0.0552525  -0.585632   0.420513 -0.0678252   0.864117 -0.0811595  -0.653814   0.474089 -0.0706157   0.906094 -0.0777148   0.535283  0.0239274 -0.0815641  -0.717165  -0.249808 -0.0853457   0.536584   0.145094   0.021609  -0.766713  -0.289398 -0.0922885
  0.258122  0.0332739 -0.0555395  -0.587458    0.42027 -0.0681662   0.865136 -0.0813917  -0.656181    0.47449 -0.0710155   0.907508  -0.077882    0.53929  0.0229407 -0.0823516   -0.72442  -0.252462 -0.0854653   0.540402   0.146054  0.0215082  -0.774289  -0.292509 -0.0924538
  0.261962  0.0337488  -0.055798  -0.589302   0.420037  -0.068507   0.866164  -0.081624  -0.659086    0.47499 -0.0715021   0.909241  -0.078086   0.543287  0.0219456 -0.0831394  -0.731692  -0.255125 -0.0855877   0.544206   0.147018  0.0214043  -0.781876   -0.29563 -0.0926215
    0.2658  0.0342183 -0.0560542  -0.591163   0.419814 -0.0688475   0.867201 -0.0818565  -0.661736   0.475453 -0.0719434   0.910818  -0.078271   0.547273  0.0209491 -0.0839279  -0.738982  -0.257799 -0.0857155   0.547992   0.147986  0.0212976  -0.789474  -0.298759 -0.0927881
  0.269612  0.0346768 -0.0563098  -0.593038   0.419598 -0.0691882   0.868246 -0.0820892  -0.664391   0.475925 -0.0723833   0.912405  -0.078456   0.551258  0.0199487 -0.0847187  -0.746297  -0.260486 -0.0858445   0.551763   0.148957  0.0211886  -0.797087  -0.301902 -0.0929583
  0.273423  0.0351312 -0.0565632  -0.594925   0.419391 -0.0695293   0.869299  -0.082322  -0.667053   0.476404 -0.0728221   0.913987   -0.07864   0.555239   0.018948 -0.0855122  -0.753631  -0.263185 -0.0859776   0.555534   0.149926  0.0210807   -0.80471  -0.305052 -0.0931267
  0.277227   0.035582 -0.0568144  -0.596828   0.419194 -0.0698699    0.87036 -0.0825549  -0.669722    0.47689 -0.0732603   0.915589  -0.078823   0.559198  0.0179378 -0.0863053  -0.760971   -0.26589 -0.0861158   0.559275   0.150899  0.0209699  -0.812338  -0.308212 -0.0932988
  0.281022  0.0360292 -0.0570639  -0.598744   0.419005 -0.0702103   0.871428 -0.0827879  -0.672398   0.477382 -0.0736956   0.917169 -0.0790056   0.563136  0.0169251 -0.0870977  -0.768319  -0.268603 -0.0862542   0.562991   0.151877  0.0208567  -0.819968  -0.311379 -0.0934708
  0.284806  0.0364712 -0.0573125  -0.600674   0.418825 -0.0705504   0.872504  -0.083021  -0.675076   0.477881 -0.0741316    0.91879 -0.0791872   0.567055  0.0159079 -0.0878898  -0.775673  -0.271323 -0.0863958    0.56705   0.152958  0.0207296  -0.828363  -0.314871 -0.0936581
  0.288576  0.0369069 -0.0575613  -0.602616   0.418654 -0.0708903   0.873586  -0.083254  -0.677763   0.478386 -0.0745624   0.920361 -0.0793689   0.570954  0.0148875 -0.0886819  -0.783033   -0.27405 -0.0865396   0.570713   0.153943   0.020612  -0.835994  -0.318053 -0.0938353
  0.292334  0.0373357 -0.0578098   -0.60457    0.41849   -0.07123   0.874676 -0.0834869  -0.680451   0.478898 -0.0749928   0.921957 -0.0795497   0.574834  0.0138625 -0.0894746  -0.790398  -0.276784 -0.0866898   0.574351   0.154927  0.0204935  -0.843621   -0.32124 -0.0940114
  0.296078  0.0377571 -0.0580588  -0.606538   0.418336  -0.071569   0.875771 -0.0837199  -0.683145   0.479416 -0.0754203   0.923559 -0.0797301   0.578695  0.0128384 -0.0902676  -0.797773  -0.279527 -0.0868408   0.577963   0.155912  0.0203735   -0.85125  -0.324435 -0.0941909
  0.299803  0.0381722 -0.0583087  -0.608517   0.418189 -0.0719076   0.876873 -0.0839529  -0.685839   0.479939 -0.0758464   0.925154 -0.0799093   0.582536  0.0118131 -0.0910603   -0.80515  -0.282277  -0.086995   0.581548   0.156898   0.020252  -0.858876  -0.327636 -0.0943713
  0.303511  0.0385799 -0.0585592  -0.610507    0.41805 -0.0722461   0.877982 -0.0841856  -0.688536   0.480468 -0.0762702   0.926762  -0.080088   0.586355  0.0107871 -0.0918522  -0.812527  -0.285031  -0.087152   0.585106   0.157885  0.0201293  -0.866491  -0.330839 -0.0945502
  0.307201  0.0389809 -0.0588101  -0.612508    0.41792  -0.072584   0.879096 -0.0844184  -0.691234   0.481002 -0.0766908   0.928352 -0.0802661   0.590152  0.0097572 -0.0926441  -0.819905  -0.287792 -0.0873148   0.588635    0.15887  0.0200049    -0.8741  -0.334048  -0.094733
  0.310871   0.039375 -0.0590613   -0.61452   0.417798 -0.0729213   0.880216 -0.0846512  -0.693932   0.481541 -0.0771109   0.929971  -0.080443   0.593926 0.00872856 -0.0934354  -0.827285  -0.290559  -0.087478   0.592136   0.159854  0.0198793  -0.881703  -0.337261 -0.0949152
  0.314509  0.0397627 -0.0593129  -0.616539   0.417684 -0.0732584   0.881341 -0.0848837  -0.696627   0.482082  -0.077526   0.931547 -0.0806197   0.597681  0.0076983 -0.0942262  -0.834664  -0.293332 -0.0876442    0.59561   0.160839  0.0197522    -0.8893  -0.340479 -0.0951002
  0.318129  0.0401427 -0.0595663  -0.618566   0.417577  -0.073595   0.882472  -0.085116   -0.69932   0.482627 -0.0779402   0.933141 -0.0807949   0.601415 0.00666715 -0.0950161   -0.84204  -0.296109 -0.0878131   0.599061   0.161825  0.0196238  -0.896887  -0.343701 -0.0952852
  0.321718  0.0405153 -0.0598206    -0.6206   0.417476 -0.0739315   0.883608 -0.0853478  -0.702008   0.483175 -0.0783511   0.934735 -0.0809695   0.605123  0.0056331 -0.0958051  -0.849409  -0.298889 -0.0879848   0.602476   0.162808  0.0194945  -0.904457  -0.346923  -0.095473
  0.325288  0.0408812 -0.0600762  -0.622642   0.417383 -0.0742671   0.884748 -0.0855796  -0.704692   0.483725 -0.0787595    0.93632 -0.0811428   0.608807 0.00460019 -0.0965932  -0.856773  -0.301674 -0.0881609   0.605866   0.163792  0.0193638  -0.912018   -0.35015  -0.095661
  0.328834  0.0412412 -0.0603324  -0.624692   0.417297 -0.0746023   0.885893  -0.085811  -0.707371   0.484277  -0.079165   0.937911 -0.0813152    0.61246 0.00356605 -0.0973799  -0.864127  -0.304461 -0.0883372   0.609218   0.164776  0.0192322  -0.919562  -0.353378 -0.0958518
  0.332356  0.0415959 -0.0605892  -0.626747   0.417218 -0.0749365   0.887041 -0.0860421  -0.710045    0.48483 -0.0795672   0.939484 -0.0814866   0.616084 0.00252893 -0.0981645  -0.871471  -0.307251 -0.0885155   0.612537   0.165762   0.019099  -0.927092   -0.35661 -0.0960433
  0.335854  0.0419431 -0.0608469   -0.62881   0.417146 -0.0752698   0.888194 -0.0862731  -0.712712   0.485385  -0.079967   0.941075 -0.0816571   0.620038 0.00138478 -0.0990267  -0.879541  -0.310324 -0.0887198   0.615822   0.166752  0.0189641  -0.934607  -0.359844 -0.0962376
   0.339326   0.0422842   -0.061105   -0.630879    0.417081   -0.075602    0.889351  -0.0865038   -0.715375    0.485942  -0.0803613     0.94263  -0.0818272    0.623605 0.000343032  -0.0998094   -0.886876   -0.313126  -0.0889025    0.619075     0.16774   0.0188285   -0.942114   -0.363085   -0.096433
    0.342775    0.0426174    -0.061365    -0.632954     0.417022   -0.0759333     0.890511   -0.0867342    -0.718029       0.4865   -0.0807536     0.944195    -0.081996     0.627145 -0.000703081    -0.100591    -0.894205    -0.315933   -0.0890888     0.622297      0.16873    0.0186911    -0.949613    -0.366332   -0.0966317
   0.346198   0.0429446  -0.0616256   -0.635035     0.41697  -0.0762637    0.891675   -0.086964   -0.720677    0.487059  -0.0811421    0.945756  -0.0821637    0.630655 -0.00174804   -0.101372   -0.901525   -0.318742  -0.0892764    0.625483    0.169719   0.0185536   -0.957095   -0.369582  -0.0968308
   0.349594   0.0432667  -0.0618863   -0.637122    0.416924  -0.0765931    0.892842  -0.0871936   -0.723315    0.487618  -0.0815281    0.947308  -0.0823301    0.634134 -0.00279589   -0.102151   -0.908832   -0.321554  -0.0894662    0.628634     0.17071   0.0184149   -0.964561   -0.372834  -0.0970332
   0.352962   0.0435839  -0.0621471   -0.639213    0.416884  -0.0769214    0.894013  -0.0874229   -0.725943    0.488176  -0.0819107    0.948861  -0.0824955    0.637584 -0.00385063   -0.102929   -0.916128   -0.324369  -0.0896583    0.631752    0.171705   0.0182746   -0.972014   -0.376091  -0.0972363
   0.356301   0.0438954  -0.0624087   -0.641307    0.416851  -0.0772486    0.895187  -0.0876517   -0.728561    0.488734  -0.0822894    0.950395    -0.08266    0.641005 -0.00490551   -0.103704   -0.923413   -0.327187  -0.0898519    0.634836    0.172702   0.0181326   -0.979451   -0.379352  -0.0974434
   0.359611   0.0442004  -0.0626717   -0.643405    0.416824  -0.0775747    0.896363  -0.0878802   -0.731167    0.489291  -0.0826664    0.951948  -0.0828231    0.644396 -0.00596278   -0.104478   -0.930685   -0.330007  -0.0900488    0.637886    0.173701   0.0179894   -0.986874   -0.382616  -0.0976508
   0.362891   0.0444998  -0.0629358   -0.645716      0.4168  -0.0779323    0.897661  -0.0881309   -0.733764    0.489848  -0.0830366    0.953454  -0.0829858    0.647757 -0.00702203    -0.10525   -0.937946   -0.332831  -0.0902459    0.640901    0.174703   0.0178452   -0.994279   -0.385883  -0.0978597
   0.366142   0.0447922  -0.0632017    -0.64782    0.416783  -0.0782563    0.898843  -0.0883583   -0.736605     0.49046  -0.0834417    0.955123  -0.0831631    0.651088 -0.00808559   -0.106021   -0.945193   -0.335656  -0.0904462    0.643883    0.175704   0.0176996    -1.00167   -0.389154  -0.0980728
   0.369682    0.045106  -0.0634964   -0.649926    0.416771  -0.0785793    0.900027  -0.0885852   -0.739176    0.491016  -0.0838054    0.956634  -0.0833232     0.65439 -0.00914767   -0.106789   -0.952428   -0.338484  -0.0906477     0.64683    0.176706   0.0175529    -1.00904   -0.392426  -0.0982861
  0.372869   0.045384 -0.0637665  -0.652034   0.416765 -0.0789008   0.901213 -0.0888114  -0.741732    0.49157 -0.0841657   0.958132  -0.083482   0.657662 -0.0102107  -0.107555  -0.959648  -0.341313 -0.0908512   0.649743   0.177708  0.0174046   -1.01639  -0.395701 -0.0985032
  0.376024  0.0456546 -0.0640383  -0.654144   0.416762 -0.0792211   0.902401 -0.0890372  -0.744276   0.492122 -0.0845222   0.959633 -0.0836395   0.660904 -0.0112769  -0.108319  -0.966853  -0.344144 -0.0910571   0.652621   0.178709  0.0172549   -1.02372  -0.398977 -0.0987206
  0.379145  0.0459182 -0.0643116  -0.656253   0.416764 -0.0795406    0.90359 -0.0892623  -0.746803   0.492672  -0.084874   0.961107  -0.083796   0.664117 -0.0123404   -0.10908  -0.974043  -0.346976 -0.0912642   0.655467    0.17971  0.0171034   -1.03103  -0.402253 -0.0989415
  0.381929  0.0461478  -0.064559  -0.658361    0.41677  -0.079859   0.904781 -0.0894869  -0.749066   0.493166 -0.0851878   0.962435 -0.0839359   0.667301 -0.0134034  -0.109839  -0.981217  -0.349809 -0.0914731   0.658278    0.18071    0.01695   -1.03832  -0.405529 -0.0991628
  0.384988  0.0463972 -0.0648351  -0.660258   0.416778 -0.0801444   0.905853 -0.0896887  -0.751565   0.493712 -0.0855324   0.963902   -0.08409   0.670141 -0.0143618  -0.110519   -0.98766  -0.352359 -0.0916598   0.660778   0.181611  0.0168109   -1.04487  -0.408479 -0.0993671
   0.38801  0.0466374 -0.0651146  -0.662364   0.416791 -0.0804605   0.907045 -0.0899122  -0.754047   0.494255 -0.0858737   0.965357 -0.0842429    0.67327  -0.015423   -0.11127  -0.994795  -0.355188 -0.0918716   0.663526   0.182608   0.016653   -1.05211  -0.411751 -0.0995925
  0.391002  0.0468705 -0.0653955   -0.66447   0.416808 -0.0807749   0.908237 -0.0901349  -0.756516   0.494797 -0.0862106    0.96681 -0.0843945   0.676368 -0.0164843  -0.112019   -1.00191  -0.358013 -0.0920854   0.666512   0.183701  0.0164779   -1.06004  -0.415343 -0.0998396
   0.39396  0.0470933 -0.0656784  -0.666574   0.416828 -0.0810879    0.90943 -0.0903569  -0.758968   0.495337 -0.0865427    0.96824 -0.0845452   0.679439 -0.0175419  -0.112764     -1.009  -0.360837 -0.0923002   0.669189   0.184693  0.0163162   -1.06723  -0.418606   -0.10007
  0.396885  0.0473067 -0.0659627  -0.668676   0.416851 -0.0813996   0.910622 -0.0905786  -0.761403   0.495874 -0.0868724   0.969687 -0.0846943   0.682483 -0.0185976  -0.113508   -1.01608  -0.363662 -0.0925167   0.671836   0.185681  0.0161539   -1.07439  -0.421867  -0.100302
  0.399777  0.0475117 -0.0662491  -0.670776   0.416878 -0.0817096   0.911815 -0.0907998  -0.763825    0.49641 -0.0871948   0.971084 -0.0848428     0.6858 -0.0197584  -0.114322   -1.02385  -0.366768 -0.0927591   0.674451   0.186669  0.0159886   -1.08154  -0.425128  -0.100541
  0.402646  0.0477079 -0.0665375  -0.673086   0.416911 -0.0820485   0.913127 -0.0910425  -0.766471   0.496997 -0.0875466   0.972631 -0.0850042   0.688781 -0.0208097  -0.115058   -1.03089  -0.369593 -0.0929783   0.677032   0.187654  0.0158217   -1.08865  -0.428387  -0.100773
  0.405771  0.0479152 -0.0668559  -0.675185   0.416945 -0.0823548    0.91432 -0.0912625  -0.768863   0.497528 -0.0878619   0.974029 -0.0851496   0.691725 -0.0218622   -0.11579   -1.03792  -0.372415 -0.0931985   0.679572   0.188634  0.0156513   -1.09575  -0.431641  -0.101014
   0.40858  0.0480972 -0.0671452  -0.677283   0.416983 -0.0826592   0.915513 -0.0914818  -0.771236   0.498055 -0.0881741   0.975412 -0.0852935   0.694633 -0.0229118  -0.116516   -1.04491  -0.375233 -0.0934182   0.682074   0.189614  0.0154776   -1.10281  -0.434891  -0.101257
  0.411351  0.0482704 -0.0674345  -0.679377   0.417024 -0.0829619   0.916705 -0.0917006   -0.77359   0.498579 -0.0884831   0.976795 -0.0854363   0.697508 -0.0239595  -0.117237   -1.05188  -0.378045 -0.0936385   0.684537    0.19059  0.0153011   -1.10984  -0.438136  -0.101496
   0.41409  0.0484366 -0.0677238  -0.681466   0.417067 -0.0832628   0.917897 -0.0919186  -0.775926     0.4991  -0.088788    0.97815  -0.085578   0.700351 -0.0250087  -0.117953   -1.05882  -0.380852 -0.0938593   0.686968   0.191566  0.0151213   -1.11683  -0.441372  -0.101745
  0.416798  0.0485943 -0.0680134  -0.683551   0.417114  -0.083562   0.919088 -0.0921358  -0.778242   0.499617 -0.0890913   0.979528 -0.0857184   0.703154 -0.0260524  -0.118662   -1.06572  -0.383651 -0.0940794   0.689595   0.192637  0.0149205   -1.12448  -0.444924  -0.102018
  0.419469  0.0487454 -0.0683028  -0.685631   0.417164 -0.0838591   0.920278 -0.0923524  -0.780542   0.500131  -0.089388   0.980843 -0.0858582   0.705921 -0.0270928  -0.119367   -1.07259  -0.386444 -0.0942995    0.69194   0.193605  0.0147344    -1.1314  -0.448142  -0.102273
  0.422098  0.0488866 -0.0685933  -0.687705   0.417215 -0.0841546   0.921467  -0.092568  -0.782817   0.500641 -0.0896832    0.98217 -0.0859965   0.708652 -0.0281322  -0.120064   -1.07943  -0.389226 -0.0945195   0.694247   0.194571  0.0145453   -1.13828  -0.451348   -0.10253
  0.424695  0.0490188 -0.0688853  -0.689773    0.41727  -0.084448   0.922654 -0.0927828  -0.785075   0.501148 -0.0899741   0.983489 -0.0861339   0.711615  -0.029265  -0.120825    -1.0869  -0.392276 -0.0947583   0.696519   0.195531   0.014355   -1.14511  -0.454544  -0.102782
  0.427255  0.0491423 -0.0691787  -0.691836   0.417327 -0.0847392   0.923839 -0.0929967  -0.787311   0.501651 -0.0902613   0.984787   -0.08627   0.714004 -0.0301869  -0.121441   -1.09298  -0.394762 -0.0949579   0.698748   0.196483  0.0141613   -1.15189  -0.457724  -0.103042
  0.429778  0.0492561 -0.0694737  -0.693893   0.417386 -0.0850283   0.925023 -0.0932096  -0.789527   0.502151  -0.090546   0.986092 -0.0864045   0.716879 -0.0313072  -0.122186   -1.10035  -0.397787 -0.0951959   0.700935   0.197428  0.0139651   -1.15862  -0.460889  -0.103305
  0.432259  0.0493632 -0.0697673  -0.695943   0.417448 -0.0853152   0.926204 -0.0934216  -0.791723   0.502647 -0.0908251   0.987354 -0.0865382   0.719195 -0.0322164   -0.12279   -1.10634  -0.400248  -0.095394   0.703079   0.198363   0.013768    -1.1653  -0.464035  -0.103564
  0.434693  0.0494625 -0.0700605  -0.697985   0.417513 -0.0855997   0.927383 -0.0936326  -0.793893   0.503137 -0.0911025   0.988617 -0.0866702   0.721985 -0.0333223  -0.123519   -1.11361  -0.403239 -0.0956299   0.705184   0.199294  0.0135675   -1.17192  -0.467162  -0.103831
  0.437091  0.0495526 -0.0703531  -0.700223   0.417587 -0.0859098   0.928676 -0.0938637  -0.796044   0.503625 -0.0913753   0.989868 -0.0868014   0.724481 -0.0343203  -0.124174   -1.12016  -0.405942 -0.0958445   0.707253   0.200222  0.0133646   -1.17848   -0.47027  -0.104098
  0.439447  0.0496354 -0.0706444   -0.70225   0.417657 -0.0861893    0.92985 -0.0940726  -0.798172   0.504108 -0.0916449   0.991101 -0.0869309   0.726935 -0.0353134  -0.124824   -1.12666   -0.40863 -0.0960592   0.709276   0.201139  0.0131623   -1.18499  -0.473361  -0.104363
   0.44176  0.0497123 -0.0709333   -0.70427   0.417729  -0.086466    0.93102 -0.0942807  -0.800279   0.504587 -0.0919115   0.992332 -0.0870588   0.729352 -0.0363009  -0.125466   -1.13311  -0.411304 -0.0962713   0.711261   0.202053  0.0129571   -1.19145  -0.476436  -0.104635
  0.444254  0.0497898  -0.071249  -0.706282   0.417804 -0.0867395   0.932188 -0.0944876   -0.80257   0.505108 -0.0922001   0.993651 -0.0871979    0.73173 -0.0372846    -0.1261   -1.13951  -0.413958 -0.0964821   0.713207   0.202963    0.01275   -1.19784  -0.479491  -0.104909
  0.446477  0.0498525 -0.0715356  -0.708286   0.417881 -0.0870103   0.933353 -0.0946932  -0.804628   0.505578 -0.0924605   0.994864 -0.0873225    0.73407  -0.038266  -0.126728   -1.14585  -0.416599 -0.0966919   0.715115   0.203869  0.0125416   -1.20419  -0.482529  -0.105182
   0.44844  0.0499031 -0.0717929  -0.710283   0.417959 -0.0872785   0.934515 -0.0948976  -0.806666   0.506044 -0.0927141   0.996023 -0.0874461   0.736373 -0.0392401   -0.12735   -1.15214  -0.419222 -0.0969001   0.716984    0.20477   0.012333   -1.21048   -0.48555   -0.10546
  0.450581   0.049951 -0.0720786   -0.71227   0.418038 -0.0875444   0.935673 -0.0951011  -0.808678   0.506506 -0.0929656   0.997186 -0.0875558   0.738639 -0.0402085  -0.127966   -1.15838  -0.421833 -0.0971069   0.718816   0.205669  0.0121241   -1.21671  -0.488551  -0.105739
  0.452679  0.0499919 -0.0723638  -0.714249   0.418118 -0.0878078   0.936829 -0.0953036   -0.81047   0.506918 -0.0931883   0.998225  -0.087676   0.740868 -0.0411742  -0.128578   -1.16457  -0.424428 -0.0973134   0.720607   0.206559  0.0119164   -1.22289  -0.491539  -0.106015
  0.454737  0.0500264 -0.0726489  -0.716219     0.4182 -0.0880683   0.937981 -0.0955051  -0.812439   0.507371 -0.0934316   0.999355 -0.0877943   0.743061 -0.0421335  -0.129184   -1.17072  -0.427009 -0.0975177   0.722363   0.207446  0.0117079   -1.22901  -0.494512  -0.106298
  0.456951  0.0500579 -0.0729618  -0.718181   0.418284  -0.088326   0.939129 -0.0957056  -0.814384   0.507819 -0.0936723    1.00049 -0.0879105   0.745221  -0.043089  -0.129783   -1.17681  -0.429576 -0.0977209   0.724082   0.208329   0.011499   -1.23509  -0.497467  -0.106582
  0.458921  0.0500819 -0.0732454  -0.720136   0.418369 -0.0885806   0.940274 -0.0959052  -0.816497   0.508306 -0.0939301    1.00169 -0.0880369   0.747346 -0.0440444  -0.130377   -1.18286  -0.432131  -0.097923   0.725768   0.209209  0.0112891   -1.24112  -0.500409  -0.106863
   0.46085  0.0500999  -0.073529  -0.722081   0.418454 -0.0888323   0.941415 -0.0961038  -0.818391   0.508743 -0.0941618    1.00278 -0.0881496   0.749438 -0.0449955  -0.130964   -1.18886  -0.434673  -0.098125    0.72742   0.210089  0.0110773    -1.2471   -0.50334  -0.107154
  0.462739  0.0501114 -0.0738136  -0.724018   0.418541 -0.0890816   0.942552 -0.0963012  -0.820077   0.509133 -0.0943663    1.00375 -0.0882498   0.751497 -0.0459454  -0.131547   -1.19482  -0.437203 -0.0983251   0.729038   0.210969  0.0108657   -1.25304  -0.506257  -0.107443
  0.464587  0.0501173 -0.0740984  -0.725945   0.418628 -0.0893286   0.943686 -0.0964977   -0.82211   0.509604  -0.094612    1.00491   -0.08837   0.753524 -0.0468886  -0.132125   -1.20073  -0.439721 -0.0985242   0.730622    0.21184  0.0106549   -1.25893  -0.509161   -0.10773
  0.466218   0.050118 -0.0743552  -0.727863   0.418715 -0.0895731   0.944816 -0.0966934  -0.823753   0.509984 -0.0948095    1.00586 -0.0884668   0.755519 -0.0478295  -0.132697    -1.2066  -0.442227 -0.0987221   0.732173   0.212711  0.0104429   -1.26477  -0.512054  -0.108023
  0.467993  0.0501137 -0.0746416  -0.729773   0.418804 -0.0898148   0.945943  -0.096888  -0.825555   0.510402  -0.095024    1.00689 -0.0885727   0.757481 -0.0487693  -0.133264   -1.21243  -0.444721 -0.0989188   0.733691   0.213579  0.0102304   -1.27057  -0.514933  -0.108318
  0.469732  0.0501036 -0.0749289  -0.731673   0.418893  -0.090054   0.947065 -0.0970818  -0.827511   0.510856 -0.0952571    1.00802 -0.0886868    0.75941 -0.0497031  -0.133826   -1.21821  -0.447204 -0.0991144   0.735177   0.214444  0.0100172   -1.27632    -0.5178  -0.108609
  0.471607  0.0500846  -0.075247  -0.733567   0.418982 -0.0902906   0.948183 -0.0972745  -0.829267   0.511264 -0.0954608      1.009 -0.0887897   0.761306 -0.0506354  -0.134383   -1.22395  -0.449676 -0.0993109    0.73663   0.215308 0.00980315   -1.28203  -0.520657  -0.108907
  0.473277  0.0500604 -0.0755375  -0.735453   0.419072 -0.0905247   0.949298 -0.0974663  -0.830999   0.511666 -0.0956623    1.00999 -0.0888903   0.763168 -0.0515605  -0.134935   -1.22966  -0.452139 -0.0995047   0.738045   0.216166 0.00959012    -1.2877    -0.5235  -0.109208
  0.474912   0.050029 -0.0758299   -0.73733   0.419161 -0.0907564   0.950409 -0.0976574  -0.832708   0.512064 -0.0958589    1.01096 -0.0889893   0.764998 -0.0524818  -0.135483   -1.23532  -0.454593 -0.0996976   0.739427   0.217019 0.00937689   -1.29332  -0.526334  -0.109504
  0.476512  0.0499904 -0.0761244  -0.739197   0.419251  -0.090986   0.951516 -0.0978474  -0.834392   0.512456 -0.0960516    1.01191 -0.0890864   0.766796 -0.0534001  -0.136025   -1.24094  -0.457036 -0.0998895   0.740777   0.217869 0.00916331   -1.29891  -0.529158  -0.109806
  0.478078  0.0499452 -0.0764204  -0.741054   0.419341 -0.0912135   0.952619 -0.0980366  -0.836052   0.512843  -0.096241    1.01287 -0.0891817   0.768563 -0.0543103  -0.136562   -1.24652  -0.459468  -0.100082   0.742094   0.218715 0.00894915   -1.30444  -0.531966   -0.11011
  0.479609  0.0498936 -0.0767176  -0.742902    0.41943 -0.0914386   0.953718  -0.098225  -0.837689   0.513223 -0.0964247    1.01378 -0.0892756   0.770299 -0.0552149  -0.137093   -1.25206  -0.461888  -0.100271    0.74338   0.219556 0.00873479   -1.30993  -0.534762  -0.110411
  0.481102  0.0498375 -0.0770155   -0.74474    0.41952 -0.0916612   0.954813 -0.0984125    -0.8393   0.513597 -0.0966059    1.01469 -0.0893675   0.772005 -0.0561171  -0.137617   -1.25755  -0.464294  -0.100458   0.744635   0.220391  0.0085186   -1.31538  -0.537544  -0.110718
  0.482563  0.0497764 -0.0773131  -0.746569   0.419611 -0.0918808   0.955903  -0.098599   -0.84089   0.513965 -0.0967824    1.01559 -0.0894578   0.773681 -0.0570138  -0.138132   -1.26299  -0.466685  -0.100639   0.745864   0.221223 0.00829834   -1.32077  -0.540306  -0.111027
  0.483988   0.049709  -0.077612  -0.748388   0.419701 -0.0920977   0.956988 -0.0987843  -0.842454   0.514326 -0.0969554    1.01647 -0.0895466   0.775326 -0.0579054  -0.138638   -1.26838  -0.469059  -0.100823   0.747061    0.22205 0.00807586   -1.32612  -0.543052  -0.111337
  0.485381  0.0496337 -0.0779114  -0.750198   0.419791 -0.0923122   0.958069 -0.0989684  -0.843995   0.514682 -0.0971242    1.01734 -0.0896341   0.776941 -0.0587877  -0.139138   -1.27373  -0.471418  -0.101002   0.748231    0.22287 0.00785133   -1.33141  -0.545778  -0.111646
  0.486738  0.0495531 -0.0782101  -0.751997   0.419882 -0.0925238   0.959145 -0.0991515  -0.845511   0.515031 -0.0972891    1.01818   -0.08972   0.778525 -0.0596639  -0.139629   -1.27902   -0.47376  -0.101178    0.74937   0.223685  0.0076251   -1.33665  -0.548484  -0.111961
   0.48806  0.0494654 -0.0785089  -0.753786   0.419972 -0.0927324   0.960216 -0.0993335  -0.847002   0.515374 -0.0974519    1.01904 -0.0898041    0.78008 -0.0605354  -0.140111   -1.28426  -0.476084  -0.101353   0.750483   0.224496 0.00739584   -1.34184  -0.551172  -0.112273
  0.489348  0.0493721 -0.0788061  -0.755566   0.420062  -0.092938   0.961283 -0.0995144  -0.848473   0.515711 -0.0976078    1.01984 -0.0898875   0.781606 -0.0613977  -0.140585   -1.28944  -0.478389  -0.101525   0.751568   0.225299 0.00716352   -1.34696  -0.553835  -0.112591
  0.490601  0.0492722  -0.079102  -0.757335   0.420152 -0.0931406   0.962344  -0.099694  -0.849917   0.516041 -0.0977621    1.02064 -0.0899689   0.783103 -0.0622559  -0.141048   -1.29458  -0.480675  -0.101692   0.752626   0.226095 0.00692859   -1.35204  -0.556478  -0.112907
  0.491821   0.049165 -0.0793967  -0.759094   0.420241 -0.0933399     0.9634 -0.0998724  -0.849917   0.516041 -0.0977621    1.02064 -0.0899689    0.78457 -0.0631046  -0.141503   -1.29965   -0.48294  -0.101854   0.753658   0.226886 0.00669001   -1.35706  -0.559096  -0.113229
  0.493007    0.04905 -0.0796901  -0.760843    0.42033 -0.0935361   0.964451   -0.10005   -0.85274   0.516687  -0.098059    1.02221  -0.090128   0.786007 -0.0639443  -0.141948   -1.30467  -0.485185  -0.102015   0.754662   0.227669 0.00644976   -1.36201   -0.56169  -0.113548
  0.494158  0.0489286 -0.0799811  -0.762581   0.420419 -0.0937291   0.965498  -0.100225   -0.85274   0.516687  -0.098059    1.02221  -0.090128   0.787415 -0.0647797  -0.142384   -1.30963  -0.487409  -0.102169   0.755639   0.228446   0.006207   -1.36691  -0.564258  -0.113873
  0.495274   0.048802 -0.0802687  -0.764309   0.420507 -0.0939181   0.966538    -0.1004  -0.854117   0.517003 -0.0982045    1.02298 -0.0902055   0.788795 -0.0656061   -0.14281   -1.31453  -0.489612  -0.102318    0.75659   0.229215 0.00596156   -1.37175  -0.566803  -0.114195
   0.49636   0.048668 -0.0805528  -0.766026   0.420594 -0.0941039   0.967574  -0.100574  -0.856807   0.517622  -0.098486    1.02446 -0.0903575   0.790143 -0.0664247  -0.143227   -1.31938  -0.491796  -0.102469   0.757515    0.22998 0.00571328   -1.37652  -0.569322  -0.114524
  0.497409  0.0485287 -0.0808338  -0.767732    0.42068  -0.094286   0.968604  -0.100746  -0.858122   0.517928 -0.0986243    1.02519 -0.0904319    0.79146 -0.0672397  -0.143635   -1.32417   -0.49396   -0.10261   0.758407   0.230738 0.00546401   -1.38125  -0.571822   -0.11485
  0.498422   0.048384 -0.0811109  -0.769427   0.420766 -0.0944645   0.969629  -0.100917  -0.859417   0.518231 -0.0987607     1.0259 -0.0905047    0.79275 -0.0680466  -0.144033    -1.3289  -0.496103  -0.102749   0.759363   0.231566 0.00518637   -1.38637  -0.574542  -0.115212
  0.499401  0.0482315 -0.0813856  -0.771111   0.420851 -0.0946398   0.970648  -0.101087  -0.859417   0.518231 -0.0987607     1.0259 -0.0905047   0.794013 -0.0688438  -0.144423   -1.33357  -0.498225  -0.102887   0.760205   0.232313 0.00493208   -1.39097   -0.57699  -0.115546
  0.500345  0.0480724 -0.0816573  -0.772784   0.420935  -0.094812   0.971661  -0.101255  -0.861953   0.518826 -0.0990218    1.02729 -0.0906446   0.795248 -0.0696363  -0.144804   -1.33818  -0.500325  -0.103016   0.761023   0.233051 0.00467712    -1.3955  -0.579412  -0.115876
  0.501255  0.0479066 -0.0819273  -0.774447   0.421019 -0.0949807   0.972669  -0.101422  -0.861953   0.518826 -0.0990218    1.02729 -0.0906446   0.796458 -0.0704176  -0.145175   -1.34274  -0.502404  -0.103143   0.761818   0.233785 0.00442005   -1.39998  -0.581808  -0.116211
  0.502132  0.0477345 -0.0821943  -0.776098   0.421101 -0.0951457   0.973671  -0.101588  -0.864408   0.519406  -0.099273    1.02862 -0.0907786    0.79764 -0.0711891  -0.145538   -1.34724  -0.504462  -0.103269   0.762589   0.234507 0.00416176   -1.40439  -0.584178  -0.116542
  0.502979  0.0475539 -0.0824592  -0.777738   0.421182 -0.0953074   0.974668  -0.101753  -0.864408   0.519406  -0.099273    1.02862 -0.0907786   0.798793 -0.0719548  -0.145892   -1.35168  -0.506501  -0.103386   0.763334   0.235223 0.00390146   -1.40875  -0.586525   -0.11688
  0.503793  0.0473667 -0.0827207  -0.779368   0.421262 -0.0954658   0.975659  -0.101917  -0.865604   0.519691 -0.0993948    1.02927 -0.0908434   0.799919 -0.0727102  -0.146239   -1.35606  -0.508519    -0.1035   0.764053    0.23593 0.00364247   -1.41305  -0.588847  -0.117213
  0.504576  0.0471718 -0.0829793  -0.781147    0.42135 -0.0956361   0.976743  -0.102096  -0.867936   0.520249 -0.0996302    1.03053 -0.0909686   0.801127 -0.0735318  -0.146611   -1.36082  -0.510716  -0.103624   0.764749   0.236632 0.00338167   -1.41729  -0.591145  -0.117553
  0.505325  0.0469713 -0.0832349  -0.782753   0.421428 -0.0957871   0.977722  -0.102257  -0.869182    0.52055 -0.0997569    1.03121 -0.0910347   0.802199 -0.0742706   -0.14694   -1.36509  -0.512691  -0.103728   0.765421   0.237327 0.00312116   -1.42147  -0.593418  -0.117887
  0.506044  0.0467644 -0.0834867  -0.784349   0.421505 -0.0959343   0.978695  -0.102417  -0.870294   0.520818 -0.0998678    1.03179 -0.0910933   0.803247 -0.0750027  -0.147263    -1.3693  -0.514645  -0.103835   0.766074   0.238015 0.00285893   -1.42559  -0.595666  -0.118228
  0.506735  0.0465504 -0.0837344  -0.785934   0.421581 -0.0960781   0.979663  -0.102576  -0.871382   0.521081 -0.0999769     1.0324 -0.0911493   0.804268 -0.0757274  -0.147576   -1.37345  -0.516576  -0.103931   0.766702   0.238696 0.00259739   -1.42965  -0.597889  -0.118565
  0.507461  0.0463068 -0.0840021  -0.787509   0.421656 -0.0962184   0.980624  -0.102733   -0.87245   0.521336  -0.100078    1.03293  -0.091204   0.805266 -0.0764453  -0.147881   -1.37754  -0.518486  -0.104024   0.767309   0.239373 0.00233495   -1.43366  -0.600087  -0.118907
  0.508093  0.0460778 -0.0842421  -0.789073   0.421731 -0.0963549    0.98158   -0.10289  -0.873492   0.521584  -0.100178    1.03348 -0.0912564   0.806239 -0.0771575  -0.148179   -1.38158  -0.520373  -0.104117   0.767897   0.240043 0.00207232   -1.43761  -0.602259  -0.119245
  0.508698  0.0458419 -0.0844785  -0.790627   0.421804 -0.0964879    0.98253  -0.103045  -0.874509   0.521826  -0.100274    1.03401 -0.0913071    0.80719 -0.0778617  -0.148469   -1.38556  -0.522238    -0.1042   0.768463   0.240711 0.00180909    -1.4415  -0.604406  -0.119588
  0.509276  0.0455986 -0.0847125   -0.79217   0.421877 -0.0966171   0.983474  -0.103199    -0.8755   0.522059  -0.100365    1.03452 -0.0913561   0.808119 -0.0785595  -0.148751   -1.38949   -0.52408  -0.104281   0.769011    0.24137 0.00154512   -1.44533  -0.606528  -0.119927
  0.509831  0.0453473 -0.0849435  -0.793702   0.421948  -0.096743   0.984412  -0.103352  -0.876467   0.522287  -0.100455    1.03503 -0.0914034   0.809026  -0.079251  -0.149026   -1.39336  -0.525902  -0.104362   0.769541   0.242024 0.00128088   -1.44911  -0.608624  -0.120272
  0.510359  0.0450894 -0.0851717  -0.795223   0.422017 -0.0968654   0.985344  -0.103503  -0.877412   0.522508  -0.100537     1.0355 -0.0914496   0.809909  -0.079935  -0.149294   -1.39717  -0.527703  -0.104434   0.770048   0.242671 0.00101768   -1.45284  -0.610697  -0.120612
   0.510863    0.044825  -0.0853974   -0.796734    0.422085  -0.0969841    0.986271   -0.103654   -0.878333    0.522722   -0.100618     1.03596  -0.0914937    0.810773  -0.0806126   -0.149554    -1.40094   -0.529483   -0.104502    0.770539    0.243314 0.000753228    -1.45651   -0.612745   -0.120957
   0.511347    0.044553  -0.0856207   -0.798234    0.422152  -0.0970991    0.987191   -0.103803   -0.879231    0.522931   -0.100694     1.03641  -0.0915362    0.811616  -0.0812842   -0.149809    -1.40465   -0.531241   -0.104572    0.771014    0.243954 0.000489284    -1.46013   -0.614768   -0.121301
   0.511806    0.044275  -0.0858412   -0.799725    0.422217  -0.0972104    0.988106   -0.103951   -0.880105    0.523132   -0.100767     1.03685   -0.091577    0.812438   -0.081949   -0.150054    -1.40831   -0.532979   -0.104632    0.771468    0.244585 0.000225252     -1.4637   -0.616768   -0.121643
   0.512157   0.0440476  -0.0860152   -0.801204    0.422281  -0.0973183    0.989015   -0.104098   -0.880788    0.523289   -0.100824      1.0372  -0.0916083    0.813242  -0.0826086   -0.150293    -1.41192   -0.534696   -0.104689    0.771909    0.245212 -4.0387e-05    -1.46721   -0.618745   -0.121987
    0.512573    0.0437599   -0.0862311    -0.802381     0.422332   -0.0974018     0.989737    -0.104215    -0.881625      0.52348    -0.100889       1.0376   -0.0916465     0.813872   -0.0831333    -0.150479     -1.41477    -0.536054    -0.104734      0.77225     0.245711 -0.000252685     -1.46999     -0.62031    -0.122262
    0.512963    0.0434681   -0.0864447    -0.803845     0.422393   -0.0975024     0.990635    -0.104359    -0.882443     0.523666    -0.100952        1.038   -0.0916826     0.814648   -0.0837818    -0.150703     -1.41829    -0.537729    -0.104784     0.772668     0.246329 -0.000520057     -1.47341    -0.622241    -0.122607
