 0.268944 -0.326645  0.607172
 0.268942 -0.326647  0.607174
 0.268937 -0.326651  0.607169
 0.268933 -0.326652  0.607169
 0.268929 -0.326655  0.607172
 0.268929 -0.326656  0.607177
  0.26893 -0.326655  0.607188
 0.268933 -0.326655  0.607198
 0.268938 -0.326652  0.607216
 0.268947 -0.326648  0.607232
0.268958 -0.32664 0.607257
  0.26897 -0.326634  0.607275
 0.268984 -0.326629  0.607298
 0.269002 -0.326613  0.607329
 0.269022 -0.326596  0.607358
 0.269044 -0.326578  0.607391
 0.269068 -0.326561  0.607419
 0.269094 -0.326538  0.607454
 0.269121 -0.326516  0.607482
 0.269149 -0.326495   0.60751
 0.269179 -0.326465  0.607542
  0.26921 -0.326436  0.607571
 0.269242 -0.326403  0.607601
0.269275 -0.32637 0.607625
 0.269309 -0.326331  0.607653
0.269345 -0.32629 0.607675
 0.269381 -0.326247    0.6077
 0.269414 -0.326203  0.607714
 0.269449 -0.326158  0.607729
 0.269484 -0.326109  0.607742
0.269519 -0.32606 0.607751
 0.269555 -0.326006  0.607759
  0.26959 -0.325952  0.607761
 0.269627 -0.325893  0.607765
 0.269663 -0.325836  0.607758
   0.2697 -0.325772  0.607753
 0.269738 -0.325708  0.607743
 0.269776 -0.325639  0.607731
 0.269817 -0.325568  0.607716
 0.269857 -0.325486    0.6077
   0.2699 -0.325409   0.60768
 0.269944 -0.325326  0.607653
  0.26999 -0.325242  0.607624
 0.270036 -0.325155  0.607593
 0.270087 -0.325061  0.607558
 0.270139 -0.324962  0.607522
 0.270195 -0.324861  0.607477
 0.270253 -0.324754  0.607434
 0.270311 -0.324647  0.607384
 0.270373 -0.324532  0.607338
 0.270436 -0.324414  0.607282
 0.270503 -0.324292  0.607224
 0.270573 -0.324164  0.607165
 0.270645 -0.324034    0.6071
 0.270721 -0.323895  0.607035
 0.270797 -0.323757  0.606962
0.270879 -0.32361 0.606892
  0.27096 -0.323463  0.606811
 0.271046 -0.323307   0.60673
 0.271132 -0.323151  0.606644
 0.271223 -0.322986  0.606555
0.271314 -0.32282 0.606464
 0.271409 -0.322649  0.606365
 0.271505 -0.322474  0.606267
 0.271605 -0.322292  0.606154
0.271706 -0.32211 0.606047
 0.271807 -0.321922   0.60593
 0.271911 -0.321733   0.60581
 0.272017 -0.321536  0.605688
 0.272123 -0.321339  0.605559
 0.272233 -0.321135   0.60543
 0.272343 -0.320931   0.60529
 0.272456 -0.320719  0.605153
  0.27257 -0.320504  0.605004
 0.272686 -0.320288  0.604852
 0.272803 -0.320065  0.604697
 0.272922 -0.319841  0.604535
0.273044 -0.31961 0.604371
 0.273178 -0.319362  0.604188
 0.273304 -0.319124  0.604014
  0.27343 -0.318883  0.603829
 0.273561 -0.318635  0.603647
 0.273691 -0.318386  0.603451
 0.273825 -0.318131  0.603254
 0.273961 -0.317871  0.603053
 0.274099 -0.317608  0.602845
0.274239 -0.31734 0.602634
 0.274381 -0.317069  0.602413
 0.274527 -0.316791  0.602193
 0.274673 -0.316511  0.601961
 0.274822 -0.316225  0.601726
 0.274974 -0.315936  0.601486
0.275128 -0.31564  0.60124
 0.275286 -0.315339   0.60099
 0.275445 -0.315036  0.600731
 0.275608 -0.314725   0.60047
 0.275773 -0.314395  0.600189
  0.27594 -0.314077  0.599912
 0.276111 -0.313751  0.599631
 0.276283 -0.313423  0.599342
 0.276458 -0.313089  0.599049
 0.276635 -0.312752  0.598747
 0.276816 -0.312408  0.598442
 0.276998 -0.312062  0.598126
 0.277193 -0.311699  0.597823
 0.277379 -0.311342  0.597494
 0.277569 -0.310982  0.597161
 0.277761 -0.310617  0.596823
 0.277966 -0.310235  0.596442
 0.278162 -0.309862   0.59609
  0.27836 -0.309487  0.595728
 0.278559 -0.309107  0.595363
 0.278759 -0.308726  0.594986
0.278961 -0.30834 0.594605
 0.279164 -0.307952  0.594218
 0.279367 -0.307564  0.593822
 0.279572 -0.307172  0.593423
0.279777 -0.30678 0.593013
 0.279984 -0.306384    0.5926
 0.280191 -0.305989  0.592175
0.280399 -0.30559 0.591752
 0.280606 -0.305191  0.591314
 0.280808 -0.304781  0.590847
 0.281017 -0.304382  0.590398
0.281226 -0.30398 0.589943
 0.281437 -0.303578  0.589482
 0.281648 -0.303175  0.589012
 0.281861 -0.302772   0.58854
 0.282072 -0.302368  0.588056
 0.282286 -0.301964  0.587566
 0.282501 -0.301557  0.587072
 0.282717 -0.301151   0.58657
 0.282956 -0.300736  0.586097
 0.283185 -0.300313  0.585522
 0.283406 -0.299906  0.585001
 0.283627 -0.299498  0.584469
 0.28385 -0.29909 0.583936
 0.284073 -0.298681   0.58339
 0.284297 -0.298271   0.58284
 0.284523 -0.297862  0.582284
  0.28475 -0.297452   0.58172
 0.284978 -0.297043  0.581151
 0.285207 -0.296633  0.580573
 0.285438 -0.296224  0.579993
 0.285669 -0.295814  0.579401
 0.285901 -0.295404  0.578805
 0.286135 -0.294996  0.578203
  0.28637 -0.294587  0.577595
 0.286607 -0.294179  0.576981
 0.286844 -0.293769   0.57636
0.287084 -0.29336 0.575735
 0.287325 -0.292952  0.575098
 0.287567 -0.292544  0.574459
 0.287812 -0.292136  0.573814
 0.288058 -0.291728  0.573162
0.288305 -0.29132 0.572505
 0.288554 -0.290912  0.571841
 0.288806 -0.290504  0.571174
 0.289059 -0.290098  0.570496
0.289314 -0.28969 0.569819
  0.28957 -0.289285  0.569129
 0.289808 -0.288853  0.568397
 0.290068 -0.288448  0.567701
 0.290329 -0.288043  0.566999
 0.290593 -0.287639  0.566294
 0.290858 -0.287235  0.565583
 0.291127 -0.286832  0.564872
 0.291396 -0.286432   0.56415
 0.291667 -0.286031  0.563428
 0.291941 -0.285633  0.562702
 0.292217 -0.285234  0.561972
 0.292495 -0.284837  0.561241
 0.292775 -0.284442  0.560503
 0.293058 -0.284047  0.559767
 0.293342 -0.283653  0.559024
 0.293628 -0.283261  0.558281
 0.293916 -0.282869  0.557537
 0.294206 -0.282479  0.556789
 0.294272 -0.281847  0.555561
 0.294842 -0.281698  0.555374
 0.29514 -0.28131 0.554624
 0.295442 -0.280907  0.553757
 0.295744 -0.280517  0.553006
0.296046 -0.28013 0.552249
  0.29635 -0.279742  0.551494
 0.296603 -0.279367  0.550767
 0.296953 -0.278979  0.550072
 0.297271 -0.278593  0.549348
 0.297359 -0.277946  0.548101
 0.297897 -0.277817  0.547844
 0.298212 -0.277429  0.547091
  0.29848 -0.277024  0.546132
 0.298851 -0.276636  0.545475
 0.299172 -0.276247  0.544727
 0.299496 -0.275857  0.543985
 0.299821 -0.275466  0.543241
  0.30015 -0.275075  0.542503
 0.300479 -0.274683  0.541767
 0.301146 -0.273896  0.540309
 0.301483 -0.273503  0.539585
 0.301822 -0.273107  0.538867
 0.302162 -0.272711  0.538154
 0.302505 -0.272314  0.537448
  0.30285 -0.271918  0.536743
0.303197 -0.27152  0.53605
 0.303544 -0.271122  0.535358
 0.303893 -0.270722  0.534672
 0.304245 -0.270321  0.533994
 0.304597 -0.269921  0.533319
 0.304951 -0.269518  0.532653
 0.305306 -0.269115  0.531991
 0.305647 -0.268682   0.53129
 0.305647 -0.268682   0.53129
 0.306363 -0.267869  0.529993
 0.306363 -0.267869  0.529993
 0.306914 -0.267391  0.528418
 0.307446 -0.266641  0.528098
 0.307446 -0.266641  0.528098
 0.308172 -0.265817  0.526866
 0.308671 -0.265713  0.526699
 0.308946 -0.264992  0.525744
 0.309313 -0.264561  0.525043
 0.309677 -0.264144  0.524453
 0.310042 -0.263726  0.523872
 0.310405 -0.263308  0.523293
 0.310405 -0.263308  0.523293
  0.31072 -0.262899  0.522736
 0.311456 -0.262091  0.521656
 0.311816 -0.261671  0.521104
 0.312174 -0.261252  0.520556
 0.312532 -0.260832  0.520019
 0.312876 -0.260383   0.51944
 0.312876 -0.260383   0.51944
 0.313628 -0.259535  0.518376
 0.313628 -0.259535  0.518376
0.314325  -0.2587 0.517355
  0.31467 -0.258285  0.516852
0.315013 -0.25787 0.516362
 0.315353 -0.257458  0.515873
  0.31569 -0.257047  0.515396
 0.316016 -0.256606  0.514892
 0.316356 -0.256231  0.514466
 0.316677 -0.255795  0.513983
  0.31701 -0.255425  0.513574
 0.317324 -0.254995   0.51311
0.317644  -0.2546 0.512689
 0.317959 -0.254207  0.512278
 0.318273 -0.253817  0.511879
  0.31862 -0.253422  0.511481
 0.318928 -0.253037  0.511104
 0.319228 -0.252669   0.51081
  0.31953 -0.252289  0.510447
 0.319797 -0.251906  0.510026
 0.320094 -0.251531  0.509683
 0.320393 -0.251144   0.50928
 0.320715 -0.250777  0.509022
 0.321004 -0.250408  0.508705
 0.321262 -0.250034  0.508331
 0.321575 -0.249671  0.508097
 0.321824 -0.249313  0.507807
 0.322104 -0.248948   0.50752
 0.322408 -0.248589  0.507308
 0.322687 -0.248216  0.506968
 0.322958 -0.247855  0.506703
 0.323227 -0.247496  0.506445
 0.323493 -0.247138  0.506191
 0.323756 -0.246783  0.505947
0.324015 -0.24643 0.505705
 0.324272 -0.246077  0.505472
 0.324524 -0.245726  0.505245
 0.324774 -0.245379  0.505022
 0.325019 -0.245035  0.504807
  0.32526 -0.244693  0.504596
 0.325497 -0.244354  0.504395
 0.32573 -0.24402 0.504194
 0.325959 -0.243688  0.504001
 0.325985 -0.243319  0.503307
 0.326404 -0.243037  0.503636
  0.32643 -0.242676  0.502971
 0.326646 -0.242361  0.502817
 0.327041 -0.242094  0.503142
 0.327246 -0.241788  0.502995
 0.327448 -0.241488  0.502855
 0.327474 -0.241153  0.502265
 0.327841 -0.240902  0.502598
 0.327868 -0.240576  0.502038
  0.32822 -0.240337  0.502371
0.328246 -0.24002 0.501839
 0.328429 -0.239748   0.50175
0.328759  -0.2395 0.502064
 0.328947 -0.239242  0.502024
 0.329116 -0.238987  0.501943
 0.329281 -0.238733  0.501874
 0.329444 -0.238477  0.501769
   0.3296 -0.238234    0.5017
 0.329752 -0.237991  0.501636
 0.329899 -0.237753  0.501571
0.330043 -0.23752 0.501511
 0.330182 -0.237289  0.501449
0.330317 -0.23706 0.501391
 0.330449 -0.236838  0.501333
 0.330575 -0.236616  0.501277
 0.330675 -0.236399  0.501211
 0.330795 -0.236225   0.50118
 0.330913 -0.236012   0.50113
