5.00679e-06
0.00949502
0.0195601
0.029614
0.039681
0.049736
0.059793
0.069849
0.0799072
0.089962
0.100018
0.110075
0.120143
0.130197
0.140252
0.150308
0.160362
0.170418
0.180503
0.190558
0.200648
0.210719
0.220789
0.230855
0.240928
0.250996
0.261052
0.271107
0.281162
0.291229
0.301295
0.311351
0.321417
0.331488
0.341544
0.351617
0.361673
0.371758
0.381831
0.391885
0.40194
0.411996
0.422051
0.432107
0.442163
0.452218
0.462273
0.472328
0.482389
0.492443
0.502503
0.512562
0.522621
0.532676
0.542734
0.552788
0.562844
0.572899
0.582954
0.593009
0.603068
0.613134
0.623201
0.633272
0.643329
0.653383
0.663442
0.673499
0.683557
0.693614
0.703672
0.71373
0.723787
0.733844
0.743901
0.753958
0.764015
0.774072
0.784127
0.794183
0.804238
0.814306
0.824374
0.83443
0.844485
0.85454
0.864594
0.874649
0.884706
0.894761
0.904817
0.914883
0.924938
0.934994
0.945084
0.955139
0.965197
0.975264
0.985331
0.995387
1.00544
1.01551
1.02557
1.03562
1.04568
1.05575
1.0658
1.07586
1.08592
1.09597
1.10603
1.11609
1.12615
1.13621
1.14627
1.15633
1.1664
1.17646
1.18651
1.19657
1.20662
1.21668
1.22675
1.2368
1.24687
1.25693
1.267
1.27701
1.28707
1.29712
1.30719
1.31725
1.32731
1.33736
1.34742
1.35748
1.36754
1.3776
1.38766
1.39771
1.40777
1.41784
1.4279
1.43795
1.44801
1.45808
1.46813
1.47819
1.48825
1.4983
1.50835
1.51841
1.52847
1.53853
1.54858
1.55864
1.5687
1.57876
1.58882
1.59889
1.60895
1.61901
1.62907
1.63912
1.6492
1.65928
1.66936
1.67941
1.6895
1.69958
1.70966
1.71972
1.72979
1.73986
1.74993
1.76
1.77006
1.78012
1.79018
1.80024
1.81029
1.82035
1.83042
1.84049
1.85055
1.86061
1.87066
1.88072
1.89079
1.90085
1.91091
1.92097
1.93103
1.94108
1.95115
1.96121
1.97128
1.98134
1.99141
2.00147
2.01154
2.02159
2.03166
2.04173
2.0518
2.06186
2.07193
2.08198
2.09204
2.1021
2.11216
2.12222
2.13225
2.14232
2.15238
2.16244
2.1725
2.18256
2.19261
2.20268
2.21275
2.22282
2.23288
2.24294
2.253
2.26304
2.27309
2.28317
2.29323
2.30329
2.31333
2.32339
2.33345
2.34351
2.35357
2.36364
2.3737
2.38376
2.39382
2.40387
2.4141
2.42416
2.43422
2.44431
2.45436
2.46442
2.47448
2.48453
2.49459
2.50465
2.51471
2.52476
2.53482
2.54488
2.55493
2.56499
2.57504
2.5851
2.59515
2.60521
2.61526
2.62532
2.63537
2.64544
2.6555
2.66556
2.67561
2.68567
2.69572
2.70578
2.71584
2.72589
2.73595
2.746
2.75606
2.76612
2.77618
2.78623
2.79629
2.80635
2.81641
2.82648
2.83654
2.84659
2.85669
2.86674
2.8768
2.88686
2.89691
2.90698
2.91704
2.9271
2.93713
2.94719
2.95724
2.9673
2.97736
2.98742
2.99747
3.00753
3.01759
3.02765
3.0377
3.04776
3.05781
