   -6.01476   0.0807309 -0.00411907    -1.78152     1.37339   -0.215256    0.832193 -0.00549386    -1.74805     1.37844   -0.218682    0.821569 -0.00496075    -3.60015    -0.48965   0.0290478   -0.309897     2.05648    0.326999    -3.74593    -0.37677   0.0569661   -0.334689     2.07418    0.368246
   -6.01322   0.0808634 -0.00276822    -1.78139     1.37313   -0.214971    0.832147 -0.00545036    -1.74759     1.37852   -0.218799    0.821348 -0.00496209    -3.60039   -0.489622   0.0296566   -0.310277     2.05842    0.326941    -3.74313   -0.377027   0.0561532    -0.33093     2.07607    0.368371
   -6.01368   0.0828058 -0.00429377    -1.78106     1.37287   -0.215087     0.83195 -0.00551461    -1.74917     1.37872   -0.218738    0.822415 -0.00502656    -3.59857    -0.48923   0.0289554    -0.30984     2.06101    0.326914    -3.74439   -0.377466   0.0564381   -0.329941     2.07907    0.368453
   -6.01593   0.0862504 -0.00837056    -1.78058     1.37266   -0.215562    0.831635 -0.00567198    -1.75248       1.379   -0.218513    0.824574 -0.00514391    -3.59492   -0.488534   0.0271101   -0.308649     2.06405    0.326913    -3.74901   -0.378057   0.0577065   -0.331381     2.08289    0.368494
   -6.01811   0.0891374  -0.0122134    -1.78021     1.37258   -0.216034    0.831395 -0.00581133    -1.75536      1.3792   -0.218285    0.826445  -0.0052462    -3.59154    -0.48802    0.025428   -0.307406     2.06632      0.3269    -3.75317   -0.378517   0.0589502   -0.332817     2.08589    0.368526
   -6.02035   0.0915474  -0.0160684    -1.77996     1.37264   -0.216536    0.831222 -0.00594004    -1.75794     1.37929   -0.218032      0.8281 -0.00533639    -3.58821   -0.487651   0.0238133   -0.306006      2.0678    0.326879    -3.75744    -0.37878   0.0602643   -0.334382     2.08806     0.36854
   -6.02275   0.0935289  -0.0201396     -1.7798     1.37285   -0.217098    0.831111 -0.00606258     -1.7603     1.37927   -0.217735    0.829596 -0.00541845    -3.58477   -0.487453   0.0221892   -0.304392     2.06848    0.326845    -3.76204   -0.378808   0.0617201    -0.33619     2.08945    0.368533
   -6.02508   0.0951258  -0.0241427    -1.77971     1.37314   -0.217666    0.831043 -0.00617533    -1.76239     1.37914    -0.21742    0.830908 -0.00549153     -3.5814    -0.48737   0.0206525   -0.302657     2.06845    0.326804    -3.76659   -0.378681   0.0632037   -0.337981     2.09009    0.368508
   -6.02711   0.0963643  -0.0277663    -1.77966     1.37342   -0.218181       0.831 -0.00627257    -1.76415     1.37895   -0.217117    0.832006 -0.00555582    -3.57828   -0.487406   0.0193171   -0.300894     2.06774    0.326753    -3.77065   -0.378427   0.0645887   -0.339451     2.09002    0.368472
   -6.02888   0.0972669  -0.0310717    -1.77963     1.37371   -0.218651    0.830979 -0.00635587    -1.76562     1.37869    -0.21682    0.832912  -0.0056134    -3.57537   -0.487563   0.0181584   -0.299097     2.06641    0.326692    -3.77429   -0.378041   0.0658913   -0.340624      2.0893    0.368426
   -6.03041   0.0978625  -0.0340695    -1.77962     1.37398   -0.219076    0.830977 -0.00642719    -1.76681     1.37836   -0.216528    0.833644 -0.00566453    -3.57266   -0.487791   0.0171638   -0.297287     2.06456    0.326625    -3.77751   -0.377573   0.0671092   -0.341521     2.08801    0.368367
   -6.03168   0.0981641  -0.0367486    -1.77963     1.37423   -0.219454     0.83099 -0.00648643    -1.76775     1.37795   -0.216244     0.83421 -0.00571061    -3.57016   -0.488088   0.0163316   -0.295507     2.06229    0.326549     -3.7803   -0.377027   0.0682279   -0.342142     2.08625    0.368299
   -6.03271   0.0981776  -0.0391074    -1.77964     1.37445   -0.219781    0.831018 -0.00653273    -1.76844     1.37748    -0.21597    0.834623 -0.00575442    -3.56788   -0.488497   0.0156642    -0.29378     2.05964    0.326458    -3.78266    -0.37636   0.0692367   -0.342469      2.0841    0.368226
    -6.0335   0.0979054  -0.0411569    -1.77967     1.37466   -0.220056    0.831062 -0.00656452    -1.76891     1.37693   -0.215711    0.834898 -0.00579997    -3.56579   -0.489108   0.0151668   -0.292098     2.05658    0.326344     -3.7846   -0.375483   0.0701335    -0.34245     2.08157    0.368161
   -6.03404   0.0973655  -0.0428534    -1.77971     1.37483   -0.220273    0.831119 -0.00658359    -1.76917     1.37632    -0.21547    0.835039 -0.00584574    -3.56391   -0.489825   0.0148443    -0.29047     2.05319    0.326212    -3.78606   -0.374494    0.070904    -0.34208     2.07869    0.368094
   -6.03431   0.0965946  -0.0441524    -1.77975     1.37493   -0.220427    0.831181   -0.006593    -1.76922     1.37566    -0.21525    0.835048 -0.00588862    -3.56231   -0.490511   0.0146915    -0.28895     2.04966    0.326073    -3.78697   -0.373531    0.071529    -0.34141     2.07558    0.368011
   -6.03432   0.0956044  -0.0450481    -1.77978     1.37496   -0.220515     0.83125 -0.00659197    -1.76905     1.37497   -0.215055    0.834937 -0.00593048    -3.56099   -0.491204   0.0147109   -0.287557     2.04604    0.325924    -3.78735   -0.372558    0.071999   -0.340423     2.07231    0.367917
   -6.03407   0.0944066  -0.0455585    -1.77981     1.37493   -0.220539    0.831325 -0.00657986    -1.76871     1.37425   -0.214889    0.834717  -0.0059735    -3.55993   -0.491958    0.014898   -0.286287     2.04232     0.32576    -3.78721   -0.371523   0.0723153   -0.339109      2.0689    0.367822
   -6.03357   0.0930226  -0.0457005    -1.77983     1.37483     -0.2205    0.831402 -0.00655735     -1.7682     1.37348    -0.21475    0.834399  -0.0060182     -3.5591    -0.49277   0.0152428   -0.285135     2.03854     0.32558    -3.78657   -0.370427   0.0724813   -0.337477     2.06541    0.367729
   -6.03285   0.0914818  -0.0455135    -1.77983     1.37467   -0.220404    0.831478 -0.00652573    -1.76755     1.37269   -0.214638    0.834001 -0.00606487    -3.55848   -0.493637    0.015725   -0.284087     2.03476    0.325384    -3.78547   -0.369271   0.0725098   -0.335559      2.0619    0.367637
   -6.03192    0.089811  -0.0450723    -1.77981     1.37446   -0.220261    0.831553 -0.00648497     -1.7668     1.37187   -0.214552    0.833545 -0.00611592    -3.55798   -0.494632    0.016322   -0.283095     2.03093    0.325166    -3.78401   -0.367982   0.0724258   -0.333361     2.05837    0.367559
   -6.03081    0.088049  -0.0444193    -1.77978      1.3742   -0.220078    0.831622 -0.00643808    -1.76598     1.37104   -0.214486    0.833046  -0.0061694    -3.55758   -0.495685   0.0170093   -0.282122      2.0271    0.324932    -3.78223   -0.366628   0.0722502   -0.330924     2.05484    0.367486
   -6.02953   0.0862379  -0.0436085    -1.77971     1.37388   -0.219866    0.831678 -0.00638847     -1.7651     1.37019   -0.214435    0.832517 -0.00622284    -3.55722   -0.496716   0.0177517   -0.281154     2.02335    0.324688    -3.78019   -0.365285   0.0720049   -0.328325     2.05137    0.367408
   -6.02808   0.0844065  -0.0426986     -1.7796     1.37351   -0.219634    0.831719 -0.00633791    -1.76418     1.36934   -0.214394    0.831972  -0.0062757    -3.55686   -0.497713   0.0185232   -0.280162     2.01972    0.324435    -3.77772   -0.363843   0.0717121   -0.325606     2.04799    0.367326
   -6.02651   0.0825829  -0.0417525    -1.77945     1.37309   -0.219392     0.83174 -0.00628803    -1.76325     1.36848   -0.214358    0.831424  -0.0063276    -3.55644    -0.49867   0.0192971   -0.279109     2.01621    0.324175    -3.77517   -0.362447   0.0713962   -0.322803     2.04472    0.367241
   -6.02481   0.0807925  -0.0408194    -1.77926     1.37263   -0.219148     0.83174 -0.00624051    -1.76232     1.36762   -0.214323    0.830883 -0.00637769    -3.55593   -0.499566   0.0200518   -0.277972     2.01285     0.32391    -3.77259   -0.361167   0.0710523   -0.319939     2.04158    0.367153
   -6.02303   0.0790563  -0.0399163    -1.77901     1.37213   -0.218907    0.831717 -0.00619731    -1.76139     1.36676   -0.214285    0.830355 -0.00642451    -3.55532   -0.500357   0.0207746   -0.276743     2.00968    0.323645       -3.77   -0.359981   0.0707163   -0.317045     2.03859    0.367058
   -6.02116   0.0773946  -0.0390835    -1.77872     1.37158   -0.218676     0.83167 -0.00615965    -1.76049     1.36591   -0.214242    0.829847 -0.00646734    -3.55457    -0.50103   0.0214478   -0.275394     2.00668    0.323381    -3.76749   -0.358951   0.0704285    -0.31416     2.03574    0.366952
   -6.01922   0.0758407  -0.0383872    -1.77838     1.37101   -0.218466    0.831595 -0.00612982    -1.75963     1.36506   -0.214185    0.829369 -0.00650492    -3.55364   -0.501548   0.0220429    -0.27388     2.00387    0.323123    -3.76496   -0.357987   0.0702138   -0.311326     2.03303    0.366826
   -6.01725   0.0744068  -0.0378975    -1.77799     1.37041   -0.218288    0.831493 -0.00610794    -1.75883     1.36421   -0.214111    0.828935 -0.00653863    -3.55246   -0.501962   0.0225382   -0.272169      2.0012    0.322863    -3.76268   -0.357113   0.0701047   -0.308385     2.03031    0.366669
   -6.01525   0.0730972   -0.037648    -1.77754     1.36981   -0.218145    0.831363 -0.00609427     -1.7581     1.36335   -0.214015    0.828548 -0.00656853      -3.551   -0.502281   0.0229225   -0.270241     1.99867    0.322602    -3.76066   -0.356343   0.0701012   -0.305395     2.02776    0.366506
   -6.01325   0.0719247  -0.0376668    -1.77704      1.3692   -0.218045    0.831204 -0.00608988    -1.75744     1.36249   -0.213893    0.828211 -0.00659395    -3.54924   -0.502487    0.023184   -0.268078     1.99626    0.322342    -3.75896   -0.355673   0.0701494   -0.302749      2.0255    0.366353
   -6.01125   0.0708947  -0.0379726    -1.77649     1.36859   -0.217989    0.831017 -0.00609537    -1.75686     1.36162   -0.213744    0.827925 -0.00661449    -3.54718   -0.502568   0.0233148   -0.265671     1.99399    0.322084    -3.75752   -0.355129     0.07025    -0.30041     2.02336    0.366184
   -6.00927   0.0700144  -0.0385775    -1.77588     1.36797   -0.217982    0.830801 -0.00611145    -1.75635     1.36074   -0.213564    0.827693 -0.00662968    -3.54482   -0.502507   0.0233093   -0.263013     1.99186     0.32183    -3.75634   -0.354693   0.0704692   -0.298189     2.02135    0.366001
   -6.00731   0.0692796  -0.0394883    -1.77522     1.36736   -0.218023    0.830557 -0.00613787    -1.75592     1.35984   -0.213354    0.827512 -0.00663991    -3.54215   -0.502314   0.0231679     -0.2601     1.98985    0.321579    -3.75542   -0.354353    0.070809   -0.296083     2.01943    0.365803
    -6.0054   0.0686837  -0.0407129    -1.77451     1.36675   -0.218114    0.830288 -0.00617405    -1.75557     1.35893   -0.213113    0.827384 -0.00664615    -3.53917   -0.502017   0.0228918   -0.256929     1.98793    0.321328    -3.75479   -0.354084   0.0712706   -0.294087     2.01762    0.365593
   -6.00354   0.0682255  -0.0422503    -1.77375     1.36615   -0.218255    0.829995 -0.00621981     -1.7553       1.358   -0.212842    0.827311 -0.00664893    -3.53589   -0.501619   0.0224833   -0.253501     1.98608    0.321075    -3.75444   -0.353883    0.071853   -0.292198     2.01589    0.365374
   -6.00176   0.0678921  -0.0440809    -1.77295     1.36555   -0.218443    0.829681 -0.00627423    -1.75511     1.35706   -0.212544    0.827289 -0.00664892    -3.53234   -0.501131   0.0219536   -0.249823      1.9843    0.320819    -3.75438    -0.35374   0.0725482   -0.290395     2.01423    0.365146
   -6.00005   0.0676703  -0.0461891    -1.77212     1.36497   -0.218675    0.829348 -0.00633628    -1.75498     1.35609   -0.212219    0.827315 -0.00664729    -3.52854    -0.50058   0.0213135   -0.245906     1.98255    0.320556    -3.75458    -0.35363   0.0733483   -0.288657     2.01263     0.36491
   -5.99842     0.06755  -0.0485396    -1.77124     1.36439   -0.218946    0.828997 -0.00640551    -1.75493     1.35509   -0.211873    0.827385 -0.00664403    -3.52452   -0.499955   0.0205742   -0.241781     1.98088    0.320287    -3.75489   -0.353553   0.0741254   -0.287095     2.01118     0.36469
   -5.99686   0.0675343  -0.0510681    -1.77034      1.3638   -0.219249    0.828633 -0.00648332    -1.75492      1.3541    -0.21151    0.827491 -0.00663779    -3.52036   -0.499173   0.0197602   -0.237413     1.97923    0.320019    -3.75528   -0.353504   0.0748806   -0.285687     2.00991    0.364488
   -5.99539   0.0676059  -0.0537347    -1.76942      1.3632   -0.219578     0.82826 -0.00656859    -1.75496     1.35309   -0.211137     0.82763 -0.00662969    -3.51611   -0.498256    0.018893   -0.232815     1.97759     0.31975    -3.75597   -0.353602   0.0758454   -0.284084     2.00847    0.364234
   -5.99402    0.067745   -0.056503    -1.76847     1.36259   -0.219924    0.827879 -0.00665874    -1.75503     1.35208   -0.210758    0.827795 -0.00662138     -3.5118   -0.497257   0.0179841   -0.228095     1.97601    0.319475    -3.75699   -0.353906   0.0770683   -0.282278     2.00688    0.363928
   -5.99275   0.0679377  -0.0593241    -1.76751     1.36195   -0.220282    0.827494 -0.00675269    -1.75512     1.35106   -0.210379    0.827981 -0.00661351    -3.50749   -0.496185   0.0170532   -0.223285      1.9745    0.319195    -3.75815   -0.354282   0.0783685   -0.280433     2.00537    0.363619
   -5.99159   0.0681566    -0.06217    -1.76654      1.3613   -0.220645    0.827109 -0.00684865    -1.75524     1.35003   -0.210006    0.828186 -0.00660825     -3.5032   -0.495095   0.0161222   -0.218383     1.97298    0.318904     -3.7592    -0.35462   0.0795364   -0.278489     2.00387    0.363312
   -5.99054   0.0683808  -0.0649894    -1.76556     1.36064   -0.221006    0.826727  -0.0069448    -1.75538     1.34899   -0.209646    0.828405 -0.00660713    -3.49899   -0.494024   0.0152159   -0.213435     1.97148    0.318595    -3.76014   -0.354893    0.080573   -0.276366     2.00242    0.363011
    -5.9896   0.0686046  -0.0677194    -1.76458     1.35995   -0.221356    0.826349 -0.00704108    -1.75552     1.34795   -0.209305    0.828631 -0.00660936    -3.49493   -0.492934   0.0143507   -0.208492     1.97005    0.318272    -3.76104   -0.355176    0.081562   -0.274066     2.00106    0.362716
   -5.98881    0.068813  -0.0703069     -1.7636     1.35922   -0.221687    0.825979  -0.0071368    -1.75565     1.34692   -0.208992    0.828863 -0.00661638    -3.49108   -0.491839   0.0135473   -0.203584     1.96869    0.317932    -3.76185   -0.355456   0.0824844   -0.271601     1.99976    0.362427
   -5.98818   0.0689943   -0.072715    -1.76262     1.35845   -0.221993    0.825621 -0.00723078    -1.75578      1.3459   -0.208713    0.829096  -0.0066295    -3.48749   -0.490763   0.0128221   -0.198739     1.96739    0.317574    -3.76255    -0.35568   0.0833515   -0.268939     1.99853    0.362148
   -5.98767   0.0691433  -0.0749443    -1.76165     1.35765   -0.222273    0.825273 -0.00732267     -1.7559     1.34488   -0.208468    0.829329 -0.00664898    -3.48415   -0.489713   0.0121773   -0.193942     1.96614    0.317196    -3.76306   -0.355893     0.08413   -0.266063     1.99737    0.361877
   -5.98729   0.0692416  -0.0769777    -1.76068     1.35681   -0.222525    0.824939 -0.00741166      -1.756     1.34387   -0.208256    0.829556 -0.00667553    -3.48107   -0.488706   0.0116237   -0.189192     1.96491    0.316798    -3.76339   -0.356094   0.0847914   -0.262543     1.99616    0.361594
   -5.98704   0.0692899  -0.0787902    -1.75972     1.35592   -0.222745    0.824618 -0.00749859    -1.75607     1.34286   -0.208082    0.829776 -0.00670811    -3.47828   -0.487699   0.0111662   -0.184498     1.96373    0.316382    -3.76355   -0.356244   0.0853487   -0.258851       1.995    0.361321
   -5.98694    0.069282  -0.0803874    -1.75877     1.35498   -0.222933     0.82431 -0.00758256    -1.75613     1.34185   -0.207944    0.829992 -0.00674804    -3.47579   -0.486733   0.0108052    -0.17987     1.96259    0.315944    -3.76353   -0.356342   0.0857859    -0.25537     1.99399    0.361078
   -5.98698   0.0692098  -0.0817586    -1.75782     1.35401   -0.223087    0.824015 -0.00766322    -1.75617     1.34086   -0.207845      0.8302 -0.00679534     -3.4736   -0.485808   0.0105449   -0.175314     1.96152    0.315486    -3.76335    -0.35638   0.0861068   -0.251617     1.99304    0.360844
   -5.98717   0.0690682   -0.082908    -1.75689     1.35299   -0.223208    0.823735 -0.00774041    -1.75618     1.33986   -0.207783      0.8304 -0.00685021    -3.47171   -0.484937   0.0103847   -0.170827     1.96049    0.315007    -3.76301   -0.356388   0.0863112   -0.247591     1.99215    0.360622
   -5.98751   0.0688601  -0.0838307    -1.75595     1.35192   -0.223295    0.823466 -0.00781468    -1.75617     1.33887   -0.207758     0.83059 -0.00691155    -3.47014   -0.484086   0.0103205    -0.16642     1.95956    0.314508    -3.76251   -0.356379   0.0864075   -0.243316     1.99135    0.360405
     -5.988   0.0685871  -0.0845324    -1.75502     1.35081    -0.22335     0.82321 -0.00788662    -1.75612     1.33788   -0.207768    0.830771 -0.00697899    -3.46889   -0.483247   0.0103521   -0.162068      1.9587    0.313994    -3.76199   -0.356333   0.0864515   -0.238781      1.9906    0.360191
   -5.98866   0.0682506  -0.0850212    -1.75409     1.34965   -0.223375    0.822967 -0.00795664    -1.75605      1.3369   -0.207812    0.830941 -0.00705203    -3.46794    -0.48241    0.010477   -0.157754      1.9579    0.313465    -3.76134   -0.356287   0.0863948   -0.233434     1.98988    0.359981
   -5.98948   0.0678541  -0.0853184    -1.75316     1.34844   -0.223371    0.822734 -0.00802495    -1.75595     1.33592   -0.207887    0.831104 -0.00713019    -3.46728    -0.48157   0.0106846    -0.15347     1.95716    0.312923    -3.76056   -0.356239   0.0862547    -0.22794     1.98922    0.359771
   -5.99048   0.0674063  -0.0854551    -1.75224     1.34719   -0.223345     0.82251 -0.00809209    -1.75583     1.33495   -0.207988    0.831262 -0.00721291    -3.46688   -0.480721   0.0109616   -0.149198     1.95651    0.312369     -3.7598   -0.356232   0.0860871   -0.222857     1.98863    0.359562
   -5.99167   0.0669083  -0.0854564     -1.7513     1.34591   -0.223301    0.822295 -0.00815842     -1.7557     1.33397   -0.208112    0.831417 -0.00729978    -3.46673   -0.479862   0.0112994   -0.144912     1.95592    0.311804    -3.75897   -0.356223   0.0858509   -0.217531     1.98808    0.359354
   -5.99305    0.066361   -0.085345    -1.75037      1.3446    -0.22324    0.822087 -0.00822377    -1.75555     1.33299   -0.208256    0.831571 -0.00739064    -3.46681    -0.47901   0.0116898   -0.140605      1.9554    0.311224     -3.7581   -0.356194   0.0855539   -0.211979      1.9876    0.359147
   -5.99462   0.0657734  -0.0851303    -1.74942     1.34325   -0.223166    0.821885 -0.00828921    -1.75538       1.332   -0.208417    0.831724 -0.00748385    -3.46711   -0.478131   0.0121248   -0.136264     1.95498    0.310633    -3.75721   -0.356181   0.0852026   -0.206224      1.9872    0.358938
   -5.99641   0.0651504   -0.084836    -1.74847     1.34187   -0.223082    0.821689 -0.00835491     -1.7552     1.33101   -0.208594    0.831879 -0.00757962     -3.4676   -0.477237   0.0125959   -0.131877     1.95464    0.310032    -3.75633   -0.356171    0.084806   -0.200274     1.98687    0.358731
   -5.99842   0.0644968  -0.0844797     -1.7475     1.34047   -0.222991    0.821497 -0.00842123    -1.75501     1.33002   -0.208784    0.832038 -0.00767772    -3.46829    -0.47633   0.0130955   -0.127436     1.95441    0.309421    -3.75548   -0.356163   0.0843712   -0.194146     1.98663    0.358524
  -6.00069   0.063817 -0.0840745   -1.74653    1.33905  -0.222894   0.821315 -0.0084872   -1.75483    1.32902  -0.208988   0.832207 -0.0077796   -3.46919  -0.475452  0.0136288  -0.122855    1.95421   0.308796   -3.75469  -0.356115  0.0839053   -0.18781    1.98645    0.35832
   -6.00323   0.0631088  -0.0836519    -1.74556     1.33762   -0.222795    0.821141 -0.00855228    -1.75466     1.32801   -0.209202    0.832386 -0.00788539    -3.47026   -0.474624   0.0141838   -0.118139     1.95407    0.308153      -3.754   -0.356003   0.0834168   -0.181287     1.98637    0.358122
   -6.00603   0.0623831  -0.0832627    -1.74456     1.33618   -0.222704    0.820967 -0.00861924    -1.75449     1.32698   -0.209417    0.832576 -0.00799208    -3.47144   -0.473775    0.014729   -0.113318     1.95403    0.307502    -3.75347     -0.3559    0.082929    -0.17464     1.98639    0.357923
   -6.00909   0.0616529  -0.0829479    -1.74355     1.33473   -0.222628    0.820793 -0.00868907    -1.75434     1.32593   -0.209626    0.832785 -0.00809933    -3.47269   -0.472903   0.0152483   -0.108366     1.95409    0.306842    -3.75313   -0.355804   0.0824583   -0.167891     1.98651    0.357725
   -6.01241   0.0609216  -0.0827263    -1.74251     1.33328   -0.222569    0.820616 -0.00876234     -1.7542     1.32487   -0.209827    0.833012 -0.00820637      -3.474   -0.471997   0.0157334   -0.103267     1.95425    0.306174    -3.75302   -0.355728   0.0820131   -0.161056     1.98674    0.357528
   -6.01602   0.0601952  -0.0826233    -1.74145     1.33182    -0.22253    0.820435 -0.00883964    -1.75408     1.32378   -0.210015    0.833259 -0.00831273    -3.47534   -0.471053    0.016174  -0.0980063     1.95451    0.305501    -3.75315   -0.355675   0.0816043   -0.154152     1.98706    0.357326
    -6.0199   0.0594765  -0.0826577    -1.74036     1.33037   -0.222516    0.820248 -0.00892114    -1.75398     1.32267   -0.210188    0.833525  -0.0084182     -3.4767   -0.470072   0.0165623  -0.0925761     1.95487    0.304821    -3.75355   -0.355642   0.0812381   -0.147193     1.98749    0.357122
   -6.02406   0.0587735  -0.0828441    -1.73923     1.32891   -0.222527    0.820054 -0.00900742    -1.75389     1.32153   -0.210343    0.833813  -0.0085222    -3.47808   -0.469041   0.0168905  -0.0869691     1.95536    0.304137    -3.75425   -0.355644   0.0809204   -0.140193     1.98805    0.356913
   -6.02851   0.0580864  -0.0831922    -1.73807     1.32746   -0.222566    0.819854 -0.00909856    -1.75382     1.32036   -0.210479    0.834121 -0.00862462    -3.47947   -0.467965   0.0171565  -0.0811721     1.95596    0.303448    -3.75524   -0.355676   0.0806558   -0.133151     1.98872      0.3567
   -6.03326    0.057424  -0.0837059    -1.73688       1.326   -0.222633    0.819645 -0.00919559    -1.75378     1.31917   -0.210594    0.834449 -0.00872443    -3.48086   -0.466809   0.0173549  -0.0751762     1.95668    0.302756    -3.75655   -0.355772   0.0804487   -0.126082     1.98951    0.356478
   -6.03832   0.0567904  -0.0844043    -1.73565     1.32454   -0.222732    0.819427 -0.00929836    -1.75375     1.31795   -0.210687    0.834804 -0.00882226    -3.48226   -0.465597   0.0174803  -0.0689766     1.95753    0.302062     -3.7582   -0.355909   0.0803041   -0.118989     1.99042     0.35625
    -6.0437   0.0561838  -0.0852827    -1.73439     1.32309   -0.222861    0.819201 -0.00940681    -1.75376      1.3167   -0.210757    0.835183 -0.00891803    -3.48366   -0.464328   0.0175358  -0.0625662     1.95849    0.301364    -3.76018   -0.356089   0.0802211   -0.111861     1.99144    0.356019
   -6.04939   0.0556024  -0.0863453     -1.7331     1.32164    -0.22302    0.818968 -0.00952057    -1.75378     1.31542   -0.210805    0.835587 -0.00901216    -3.48506   -0.463016   0.0175214  -0.0559439     1.95955    0.300661     -3.7625   -0.356297   0.0801999   -0.104693     1.99259    0.355785
   -6.05541   0.0550483  -0.0875768    -1.73177     1.32019   -0.223209    0.818726 -0.00963995    -1.75383     1.31412   -0.210832    0.836012 -0.00910417    -3.48649   -0.461641   0.0174408  -0.0491142     1.96075    0.299956    -3.76515   -0.356555   0.0802361  -0.0974853     1.99386    0.355546
   -6.06186   0.0545113  -0.0888255    -1.73041     1.31871   -0.223407    0.818481 -0.00976451    -1.75388     1.31282   -0.210859    0.836459 -0.00919417    -3.48815   -0.460162   0.0173384  -0.0422246     1.96221    0.299252    -3.76843   -0.357017   0.0802658  -0.0902331     1.99535    0.355302
   -6.06874   0.0539928  -0.0900391    -1.72902      1.3172   -0.223607    0.818236 -0.00989356    -1.75394     1.31153   -0.210896    0.836926 -0.00928238     -3.4901   -0.458567   0.0172357  -0.0352943     1.96396    0.298549    -3.77224   -0.357638   0.0802761  -0.0827893     1.99709    0.355061
   -6.07596   0.0535059  -0.0913048    -1.72762     1.31567    -0.22382     0.81799   -0.010027    -1.75402     1.31024    -0.21093    0.837413 -0.00936925    -3.49218   -0.456885    0.017113  -0.0281978     1.96588    0.297846    -3.77581   -0.358212   0.0802979  -0.0751276     1.99897    0.354823
  -6.08354  0.0530393 -0.0926182    -1.7262    1.31413  -0.224045   0.817746 -0.0101639   -1.75412    1.30895  -0.210962   0.837918 -0.0094556   -3.49443  -0.455145  0.0169724  -0.020945    1.96792   0.297139   -3.77876  -0.358688  0.0803159 -0.0680813    2.00074   0.354605
   -6.09148   0.0525883   -0.093986    -1.72476     1.31258   -0.224282    0.817503  -0.0103042    -1.75422     1.30766    -0.21099    0.838442 -0.00954177    -3.49685   -0.453353   0.0168132  -0.0135281     1.97009    0.296426     -3.7816   -0.359168   0.0803358  -0.0615344     2.00244    0.354399
    -6.0998   0.0521528  -0.0954203     -1.7233     1.31102   -0.224533    0.817263  -0.0104479    -1.75435     1.30635   -0.211014    0.838989 -0.00962836    -3.49941   -0.451522   0.0166345 -0.00592815     1.97234    0.295708     -3.7848   -0.359715   0.0803705  -0.0546736      2.0043    0.354183
   -6.10849   0.0517289  -0.0969006    -1.72183     1.30945   -0.224794    0.817025  -0.0105956    -1.75449     1.30504   -0.211035    0.839554 -0.00971446    -3.50215   -0.449616   0.0164415  0.00185987      1.9747    0.294987    -3.78835    -0.36031   0.0804261  -0.0475249     2.00629    0.353959
   -6.11755   0.0513045  -0.0984317    -1.72034     1.30787   -0.225066    0.816788   -0.010746    -1.75464     1.30371   -0.211053    0.840136 -0.00980145    -3.50506   -0.447676   0.0162387   0.0098398     1.97712    0.294259    -3.79322    -0.36112   0.0805268  -0.0393234     2.00863      0.3537
     -6.127   0.0508672    -0.10001    -1.71883     1.30628   -0.225347    0.816556  -0.0108983    -1.75481     1.30237   -0.211068    0.840735 -0.00989029    -3.50813   -0.445731   0.0160327   0.0180187     1.97959    0.293521    -3.79927    -0.36206   0.0806514  -0.0301858     2.01125    0.353415
   -6.13684   0.0504098   -0.101624    -1.71731     1.30468   -0.225635    0.816328  -0.0110518    -1.75499     1.30101   -0.211083    0.841349 -0.00998179    -3.51139   -0.443797   0.0158314    0.026394     1.98209    0.292771    -3.80534   -0.362954   0.0807657  -0.0209763     2.01388    0.353137
  -6.14707  0.0499246   -0.10326   -1.71578    1.30307  -0.225928   0.816106 -0.0112064   -1.75517    1.29963    -0.2111   0.841976 -0.0100759   -3.51485   -0.44187  0.0156397  0.0349647    1.98462   0.292009   -3.81148  -0.363821  0.0808947 -0.0116626    2.01653   0.352866
   -6.15769   0.0494111   -0.104919    -1.71423     1.30145   -0.226225    0.815888  -0.0113623    -1.75536     1.29824   -0.211116    0.842615  -0.0101724     -3.5185   -0.439936   0.0154567   0.0437346     1.98719    0.291238    -3.81713   -0.364587    0.081025 -0.00223005     2.01919      0.3526
  -6.16873  0.0488661  -0.106607   -1.71267    1.29982  -0.226527   0.815677 -0.0115193   -1.75557    1.29683  -0.211133   0.843269 -0.0102719   -3.52235  -0.438019  0.0152838  0.0527089    1.98977   0.290454    -3.8224  -0.365279  0.0811454 0.00734774    2.02186   0.352339
  -6.18017  0.0482805  -0.108317    -1.7111    1.29819  -0.226834   0.815472 -0.0116769   -1.75578     1.2954  -0.211151   0.843937 -0.0103749    -3.5264  -0.436126  0.0151271  0.0618933    1.99235   0.289656   -3.82794  -0.365944  0.0812689  0.0171024    2.02454   0.352083
  -6.19203  0.0476514  -0.110048   -1.70952    1.29655  -0.227143   0.815274 -0.0118347     -1.756    1.29395   -0.21117   0.844617 -0.0104816   -3.53066   -0.43427  0.0149893  0.0712964    1.99491   0.288844   -3.83376  -0.366571  0.0813948  0.0270598    2.02721   0.351835
   -6.2043  0.0469801  -0.111782   -1.70793    1.29489  -0.227454   0.815083 -0.0119935   -1.75622    1.29248  -0.211192   0.845308 -0.0105912   -3.53514  -0.432413  0.0148735  0.0809213    1.99747   0.288022   -3.83983  -0.367196  0.0815197  0.0372298    2.02987    0.35159
  -6.21702  0.0462601  -0.113458   -1.70633    1.29322  -0.227757   0.814904 -0.0121521   -1.75645    1.29101  -0.211227    0.84601 -0.0107045   -3.53992  -0.430569  0.0148015  0.0907134    2.00009   0.287186    -3.8461  -0.367808  0.0816153  0.0476453    2.03258   0.351351
  -6.23022  0.0454941  -0.114994   -1.70474    1.29152  -0.228042   0.814739 -0.0123102   -1.75667    1.28956  -0.211288   0.846722 -0.0108216    -3.5451  -0.428716  0.0147984   0.100617    2.00281   0.286341    -3.8525  -0.368434  0.0816497  0.0583422    2.03539   0.351116
  -6.24397  0.0447262  -0.116287   -1.70317    1.28975  -0.228298   0.814601 -0.0124706    -1.7569    1.28816  -0.211388   0.847447 -0.0109397   -3.55089  -0.426701  0.0149005   0.110777    2.00564   0.285498   -3.85892  -0.369226  0.0816065   0.069382     2.0382   0.350862
  -6.25829  0.0439483  -0.117349   -1.70164    1.28794  -0.228527   0.814491 -0.0126323   -1.75714    1.28682  -0.211528   0.848189 -0.0110599   -3.55727  -0.424562   0.015108   0.121187    2.00856   0.284657   -3.86536  -0.370146  0.0814877  0.0807902    2.04103   0.350596
  -6.27311  0.0431206  -0.118256   -1.70012    1.28611  -0.228737   0.814398 -0.0127931   -1.75738    1.28551  -0.211696   0.848943 -0.0111836   -3.56405  -0.422403  0.0153895   0.131705    2.01159   0.283809   -3.87192  -0.371092  0.0813056  0.0925354    2.04394   0.350335
  -6.28844   0.042244  -0.119021    -1.6986    1.28424  -0.228929   0.814322 -0.0129531   -1.75763    1.28421   -0.21189    0.84971  -0.011311   -3.57123  -0.420232   0.015742   0.142339    2.01473   0.282953   -3.87861  -0.372055  0.0810632   0.104622    2.04694    0.35008
  -6.30428  0.0413195  -0.119642   -1.69709    1.28235  -0.229102   0.814262 -0.0131128   -1.75788    1.28294  -0.212111   0.850491 -0.0114416   -3.57881  -0.418038  0.0161639   0.153094    2.01798   0.282092   -3.88543  -0.373047  0.0807603    0.11705    2.05006   0.349831
  -6.32064   0.040348  -0.120127   -1.69558    1.28042  -0.229259   0.814216 -0.0132721   -1.75814    1.28169  -0.212356   0.851284 -0.0115753    -3.5868  -0.415823  0.0166523    0.16398    2.02137   0.281224   -3.89238  -0.374066  0.0803991   0.129822    2.05329   0.349591
  -6.33754  0.0393285  -0.120472   -1.69407    1.27847  -0.229396   0.814187 -0.0134307    -1.7584    1.28046  -0.212626    0.85209 -0.0117125   -3.59521  -0.413604  0.0172118   0.174996     2.0249   0.280348   -3.89948  -0.375098  0.0799751    0.14296    2.05666    0.34936
  -6.35499  0.0382631   -0.12065   -1.69258     1.2765  -0.229512   0.814176 -0.0135881   -1.75867    1.27926  -0.212926   0.852909 -0.0118531   -3.60407  -0.411375  0.0178516   0.186137    2.02859   0.279466   -3.90671   -0.37615  0.0794794   0.156484    2.06018   0.349139
    -6.373  0.0371276   -0.12056    -1.6911    1.27448  -0.229591   0.814187 -0.0137428   -1.75892     1.2781  -0.213262   0.853729  -0.011996   -3.61352  -0.409113  0.0186072   0.197348     2.0325   0.278581   -3.91397  -0.377254  0.0788731   0.170442    2.06388   0.348928
  -6.39158  0.0359306  -0.120163   -1.68965    1.27242  -0.229629    0.81422 -0.0138951   -1.75915    1.27699  -0.213638   0.854545 -0.0121393   -3.62361  -0.406775  0.0194858   0.208618    2.03667   0.277698   -3.92123  -0.378455  0.0781462   0.184836    2.06779   0.348724
  -6.41079  0.0346961  -0.119538   -1.68821    1.27034  -0.229636   0.814275 -0.0140459   -1.75938    1.27594  -0.214052   0.855372 -0.0122843   -3.63427  -0.404399  0.0204615   0.219997    2.04108   0.276816   -3.92859  -0.379716  0.0773265   0.199646    2.07192   0.348531
  -6.43062   0.033421  -0.118698   -1.68679    1.26822  -0.229616   0.814353 -0.0141949   -1.75961    1.27494  -0.214502   0.856213 -0.0124315   -3.64549  -0.401998  0.0215325   0.231499    2.04574   0.275934   -3.93608  -0.381026  0.0764175   0.214877    2.07626    0.34835
  -6.45136  0.0321002  -0.117514   -1.68539    1.26607  -0.229553   0.814459 -0.0143427   -1.75985    1.27404  -0.215015   0.857082 -0.0125818   -3.65756  -0.399524  0.0227163   0.242906    2.05094   0.275056   -3.94371  -0.382441  0.0753563    0.23042     2.0811   0.348188
  -6.47303  0.0307447  -0.115983   -1.68401    1.26386  -0.229448   0.814595 -0.0144899   -1.76012    1.27324  -0.215593   0.857984 -0.0127357    -3.6705  -0.396965  0.0240093   0.254211    2.05674   0.274186   -3.95229  -0.384133  0.0739978   0.246264    2.08647   0.348043
  -6.49538  0.0293709  -0.114261   -1.68267    1.26165   -0.22932   0.814757 -0.0146364   -1.76041    1.27251  -0.216206   0.858913 -0.0128923   -3.68401  -0.394364  0.0253804   0.265659    2.06285   0.273319   -3.96172  -0.386047  0.0724453   0.264116    2.09276   0.347908
  -6.51841  0.0279764    -0.1124   -1.68135    1.25942  -0.229175   0.814945 -0.0147826   -1.76074    1.27183  -0.216847    0.85987 -0.0130513   -3.69805  -0.391735  0.0268152   0.277295    2.06925   0.272456   -3.97035  -0.387811  0.0710211   0.282084    2.09922    0.34779
  -6.54215   0.026564  -0.110417   -1.68006     1.2572  -0.229016   0.815157  -0.014928   -1.76111     1.2712  -0.217513   0.860857 -0.0132121   -3.71256  -0.389057  0.0283173   0.289206    2.07589     0.2716   -3.97926  -0.389673  0.0697061   0.298885    2.10518   0.347696
  -6.56662  0.0251439  -0.108331    -1.6788    1.25498  -0.228848   0.815397 -0.0150733   -1.76153    1.27063  -0.218203   0.861882 -0.0133741   -3.72755  -0.386317  0.0298811    0.30144    2.08269   0.270753   -3.98841  -0.391617  0.0683516   0.316415    2.11132   0.347616
  -6.59184    0.02372  -0.106189   -1.67758    1.25277  -0.228678   0.815664 -0.0152202   -1.76199    1.27012  -0.218906   0.862943 -0.0135361   -3.74301  -0.383512  0.0314811   0.313999    2.08966   0.269918   -3.99793   -0.39361  0.0669802   0.334338    2.11762   0.347538
  -6.61781  0.0222872  -0.104057   -1.67639    1.25059  -0.228515   0.815956 -0.0153682   -1.76252    1.26963  -0.219614   0.864042 -0.0136983   -3.75888  -0.380682  0.0331003   0.326932    2.09673    0.26909   -4.00775  -0.395644  0.0656164   0.352646    2.12405   0.347469
  -6.64453   0.020847  -0.101987   -1.67523    1.24844  -0.228366   0.816269  -0.015518   -1.76309    1.26917  -0.220316   0.865176 -0.0138602   -3.77509   -0.37783  0.0347223   0.340294    2.10389   0.268272   -4.01805  -0.397717   0.064206   0.371325    2.13058   0.347408
 -6.67199 0.0194025 -0.100033  -1.67408   1.24633 -0.228239  0.816601  -0.01567  -1.76372   1.26872 -0.221005  0.866346 -0.014021  -3.79161 -0.374963 0.0363293  0.354128   2.11109  0.267464  -4.02994 -0.400019  0.062801  0.390351   2.13719  0.347352
  -6.70019  0.0179548 -0.0982416   -1.67294    1.24427  -0.228139   0.816949 -0.0158246   -1.76441    1.26827  -0.221671   0.867552 -0.0141804   -3.80837  -0.372099   0.037906   0.368473    2.11833   0.266663   -4.04222  -0.402294  0.0615736   0.409708    2.14386   0.347304
  -6.72915  0.0165027  -0.096661   -1.67182    1.24226  -0.228074    0.81731 -0.0159821   -1.76515    1.26781  -0.222307   0.868793 -0.0143381   -3.82533  -0.369249  0.0394377   0.383372    2.12558   0.265871   -4.05492  -0.404557  0.0604692   0.429384    2.15057   0.347265
  -6.75885  0.0150359 -0.0952949   -1.67069     1.2403  -0.228043   0.817683 -0.0161424   -1.76592    1.26734   -0.22291    0.87006 -0.0144925   -3.84247  -0.366404  0.0409238   0.398843    2.13282   0.265088   -4.06803  -0.406855  0.0594461   0.451268    2.15788   0.347227
  -6.78927  0.0135577 -0.0941387   -1.66957    1.23839  -0.228047   0.818066 -0.0163062   -1.76672    1.26686  -0.223473   0.871346 -0.0146413    -3.8598  -0.363521  0.0423608   0.414911    2.14005   0.264319   -4.08023  -0.408977  0.0585788   0.473142    2.16509   0.347191
  -6.82055  0.0120928 -0.0931677    -1.6685    1.23654  -0.228088   0.818481 -0.0164748   -1.76759    1.26637  -0.224009    0.87267 -0.0147874   -3.87745   -0.36063  0.0438007   0.431901    2.14701   0.263563   -4.09312  -0.411091  0.0578529   0.493351     2.1714   0.347152
   -6.8527  0.0106293  -0.092405   -1.66747    1.23477  -0.228167   0.818927 -0.0166472   -1.76852    1.26589  -0.224513   0.874031 -0.0149316   -3.89538  -0.357775  0.0452427     0.4498    2.15367   0.262816   -4.10807  -0.413427  0.0572438   0.514171     2.1775   0.347111
  -6.88562 0.00915134 -0.0918643   -1.66645    1.23306  -0.228283   0.819386 -0.0168233   -1.76949    1.26539  -0.224981    0.87542 -0.0150719   -3.91348  -0.354914   0.046629   0.468225    2.16034    0.26208   -4.12192  -0.415587  0.0567335   0.535369    2.18366   0.347077
  -6.91934 0.00766269 -0.0914962   -1.66545    1.23138  -0.228428    0.81986 -0.0170028   -1.77051    1.26489   -0.22542    0.87684 -0.0152092   -3.93182  -0.352034  0.0479686   0.487108    2.16714   0.261357   -4.13493  -0.417576  0.0563046    0.55691    2.18997   0.347051
  -6.95388 0.00617114 -0.0913294   -1.66445    1.22975  -0.228602   0.820349 -0.0171837   -1.77157    1.26438  -0.225828   0.878289 -0.0153435   -3.95039  -0.349149  0.0492527   0.506465    2.17407   0.260645   -4.14885  -0.419647  0.0559661   0.578779    2.19646   0.347037
  -6.98921 0.00466838 -0.0913629   -1.66345    1.22817  -0.228804   0.820849  -0.017365   -1.77265    1.26387  -0.226202   0.879762 -0.0154744   -3.96918  -0.346254  0.0504814   0.526309    2.18117   0.259945    -4.1653   -0.42203  0.0557359   0.603075    2.20381   0.347032
  -7.02535  0.0031434 -0.0915624   -1.66245    1.22664  -0.229033    0.82136 -0.0175474   -1.77377    1.26335  -0.226549   0.881259 -0.0156026   -3.98824  -0.343354  0.0516716   0.546639    2.18842   0.259257   -4.18223  -0.424448  0.0555784   0.627359    2.21123    0.34704
  -7.06234 0.00160305 -0.0919035   -1.66147    1.22515  -0.229287   0.821886  -0.017731   -1.77493    1.26284  -0.226871   0.882786 -0.0157288    -4.0076  -0.340453  0.0528356   0.567462    2.19584    0.25858   -4.19796   -0.42667  0.0554665    0.64962    2.21807   0.347061
   -7.10016 4.73479e-05  -0.0923605    -1.66048     1.22371    -0.22956    0.822426  -0.0179157    -1.77612     1.26233   -0.227172    0.884336  -0.0158529    -4.02728   -0.337541   0.0539821    0.588776     2.20346    0.257915    -4.21445   -0.428978   0.0554129    0.672395     2.22514    0.347095
   -7.13881 -0.00152004  -0.0929047    -1.65951      1.2223   -0.229849    0.822979   -0.018102    -1.77733     1.26183   -0.227455    0.885907  -0.0159744    -4.04733   -0.334593   0.0551172     0.61058     2.21128    0.257266    -4.23161   -0.431393   0.0554113    0.695662     2.23246     0.34714
   -7.17824 -0.00316433  -0.0934075    -1.65854     1.22091    -0.23013    0.823549   -0.018285    -1.77852     1.26133   -0.227723    0.887467  -0.0160936    -4.06785   -0.331637   0.0562968     0.63278     2.21937    0.256628    -4.24927   -0.433881   0.0554007    0.719483     2.24005    0.347201
   -7.21887 -0.00490591   -0.093668    -1.65757     1.21951   -0.230382     0.82414  -0.0184646    -1.77968     1.26088   -0.228017    0.889029  -0.0162115    -4.08931   -0.328616   0.0575452    0.655017     2.22823    0.256006    -4.26743   -0.436512   0.0552791    0.743648     2.24838    0.347286
   -7.26076 -0.00668453  -0.0937368    -1.65661     1.21811   -0.230614    0.824758  -0.0186442    -1.78084     1.26052   -0.228348    0.890623  -0.0163296    -4.11165   -0.325518   0.0588356    0.677322      2.2379    0.255403    -4.28803    -0.43958   0.0550686    0.768101     2.25749    0.347397
   -7.30349 -0.00847581  -0.0937513    -1.65569     1.21673    -0.23084    0.825402  -0.0188228    -1.78203      1.2602   -0.228684    0.892235  -0.0164483    -4.13451   -0.322409   0.0601685    0.700021     2.24793    0.254811    -4.31064   -0.442935   0.0548147    0.793077     2.26698    0.347529
  -7.34704 -0.0102859 -0.0937212   -1.65479    1.21536  -0.231059    0.82607 -0.0190001   -1.78323     1.2599  -0.229023   0.893862 -0.0165679   -4.15786  -0.319306  0.0615495   0.723149    2.25826    0.25423    -4.3332  -0.446325  0.0545394   0.818604    2.27679   0.347685
  -7.39141 -0.0121141 -0.0936333   -1.65392    1.21402  -0.231268    0.82676  -0.019176   -1.78445    1.25963  -0.229368   0.895504 -0.0166883   -4.18167  -0.316173  0.0629957   0.746813    2.26883   0.253662   -4.35573  -0.449786  0.0542819   0.845098    2.28685   0.347872
  -7.43666 -0.0139452 -0.0934598   -1.65309    1.21269  -0.231467    0.82748 -0.0193525   -1.78571    1.25942  -0.229724   0.897175 -0.0168093   -4.20598  -0.312982   0.064524   0.771087    2.27952   0.253112   -4.37826  -0.453232  0.0540384   0.875281    2.29701   0.348083
   -7.4828  -0.015787 -0.0932083   -1.65233    1.21139  -0.231657   0.828238 -0.0195298   -1.78702    1.25926  -0.230091   0.898874 -0.0169326   -4.23082  -0.309799  0.0661421   0.795953    2.29018   0.252574   -4.40086  -0.456653  0.0538172   0.905613    2.30716   0.348305
  -7.52984  -0.017643 -0.0929055   -1.65163    1.21011   -0.23184    0.82903 -0.0197074   -1.78838    1.25913  -0.230465   0.900601 -0.0170583   -4.25615  -0.306641  0.0678467   0.821439    2.30078   0.252045   -4.42357  -0.460036  0.0536294   0.933479    2.31726   0.348541
  -7.57773 -0.0195171 -0.0925759   -1.65098    1.20886   -0.23202   0.829853 -0.0198853   -1.78979    1.25903   -0.23084   0.902351 -0.0171865   -4.28192  -0.303526  0.0696356   0.847575    2.31126   0.251524   -4.44645  -0.463366  0.0534829   0.962134    2.32729   0.348791
  -7.62648 -0.0214152 -0.0922506   -1.65037    1.20765  -0.232198   0.830703 -0.0200622   -1.79123    1.25895  -0.231213   0.904123 -0.0173171    -4.3081   -0.30047  0.0715038   0.874392    2.32159   0.251009   -4.46956  -0.466632  0.0533847   0.991552    2.33721   0.349056
  -7.67605 -0.0233466 -0.0919567   -1.64979    1.20647  -0.232378   0.831578 -0.0202367   -1.79272    1.25888  -0.231579   0.905913 -0.0174501   -4.33464  -0.297489  0.0734476   0.901915    2.33174   0.250499   -4.49292  -0.469831  0.0533466    1.02172    2.34699   0.349336
  -7.72643 -0.0253083 -0.0917158   -1.64924    1.20534  -0.232563   0.832474 -0.0204092   -1.79423    1.25882  -0.231934   0.907721 -0.0175853    -4.3615  -0.294586   0.075463   0.930171    2.34167   0.249993   -4.51656  -0.472983  0.0533831    1.05566     2.3566   0.349631
  -7.77763 -0.0272921 -0.0915474   -1.64873    1.20425  -0.232755    0.83339 -0.0205806   -1.79579    1.25876  -0.232274    0.90955  -0.017722   -4.38867  -0.291744  0.0775416   0.959198    2.35136   0.249493   -4.54053  -0.476066  0.0534977    1.09292     2.3667   0.349971
  -7.82962 -0.0293072 -0.0914717   -1.64824    1.20321  -0.232956   0.834325 -0.0207506   -1.79739     1.2587  -0.232597   0.911395 -0.0178606   -4.41611  -0.288986  0.0796842   0.989011    2.36079   0.248997   -4.56481  -0.479089  0.0536984    1.12687    2.37647   0.350319
   -7.8824 -0.0313492 -0.0915022   -1.64777    1.20221  -0.233169   0.835275 -0.0209197   -1.79901    1.25863  -0.232899   0.913257 -0.0180005   -4.44379  -0.286306  0.0818871    1.01964    2.36993   0.248505   -4.58716  -0.481838  0.0539251    1.15498    2.38455   0.350607
  -7.93592 -0.0334389 -0.0916103   -1.64732    1.20125  -0.233388   0.836241 -0.0210861   -1.80064    1.25854  -0.233177   0.915114 -0.0181404   -4.47173  -0.283705  0.0841649    1.05106    2.37879   0.248019   -4.61013  -0.484594  0.0541857    1.18791    2.39334   0.350913
  -7.99022 -0.0355874  -0.091697    -1.6469    1.20032  -0.233599   0.837229  -0.021249   -1.80226    1.25846  -0.233448   0.916964 -0.0182804   -4.50009  -0.281156  0.0865365    1.08316    2.38756   0.247539   -4.63586  -0.487626  0.0545006    1.22813     2.4027   0.351272
  -8.04539 -0.0377794 -0.0916951   -1.64651    1.19942  -0.233797   0.838243 -0.0214096   -1.80388     1.2584  -0.233726    0.91882  -0.018421   -4.52898  -0.278601  0.0890017    1.11582    2.39644   0.247071   -4.66173  -0.490654  0.0547872    1.26472    2.41124   0.351643
  -8.10142 -0.0400111 -0.0916258   -1.64616    1.19853  -0.233984   0.839283 -0.0215672   -1.80551    1.25838  -0.234008   0.920681 -0.0185628   -4.55838  -0.276067  0.0915616    1.14907     2.4054   0.246613   -4.68775  -0.493674  0.0550829    1.29837    2.41991   0.352029
  -8.15829 -0.0422784 -0.0915017   -1.64585    1.19768  -0.234161   0.840346  -0.021722   -1.80714    1.25837  -0.234292   0.922549 -0.0187057   -4.58826  -0.273559  0.0942142    1.18292    2.41443   0.246163   -4.71391  -0.496723  0.0554126    1.33299    2.42869   0.352432
  -8.21603 -0.0445782 -0.0912889   -1.64557    1.19684  -0.234323   0.841435 -0.0218746   -1.80879     1.2584  -0.234582   0.924422 -0.0188486   -4.61866  -0.271047  0.0969685    1.21739    2.42354   0.245728   -4.74021  -0.499827  0.0557441    1.36855    2.43757    0.35285
  -8.27465 -0.0469011  -0.090965   -1.64534    1.19602  -0.234471   0.842555 -0.0220256   -1.81045    1.25847  -0.234883   0.926307 -0.0189913   -4.64962  -0.268506  0.0998323    1.25252    2.43271   0.245311   -4.76667  -0.502985  0.0560795    1.40506     2.4465   0.353281
  -8.33414 -0.0492457 -0.0905376   -1.64516    1.19522  -0.234603   0.843704 -0.0221748   -1.81213     1.2586  -0.235193   0.928201 -0.0191336   -4.68112  -0.265941   0.102805     1.2883    2.44194   0.244912   -4.79329  -0.506207  0.0564223    1.44616    2.45631   0.353768
  -8.39449 -0.0516067 -0.0900085   -1.64503    1.19445   -0.23472   0.844879 -0.0223223   -1.81382    1.25876   -0.23551   0.930103  -0.019275   -4.71316  -0.263343   0.105885    1.32477    2.45126    0.24453   -4.82005  -0.509514  0.0567777     1.4875    2.46606   0.354261
  -8.45568 -0.0539781 -0.0893754   -1.64493    1.19369  -0.234821   0.846078 -0.0224684   -1.81552    1.25897  -0.235834    0.93201 -0.0194148   -4.74573  -0.260692   0.109067    1.36193    2.46068   0.244168   -4.84698  -0.512873   0.057141     1.5293    2.47581   0.354716
  -8.51771  -0.056356 -0.0886508   -1.64487    1.19295  -0.234908   0.847301 -0.0226122   -1.81723    1.25922  -0.236163   0.933922 -0.0195537    -4.7788   -0.25802   0.112357    1.39977     2.4702   0.243823   -4.87407  -0.516281  0.0575147    1.57148    2.48555   0.355189
  -8.58054 -0.0587417 -0.0878421   -1.64485    1.19223   -0.23498   0.848546 -0.0227536   -1.81894     1.2595  -0.236497   0.935837 -0.0196914   -4.81236  -0.255333   0.115754    1.43831    2.47981   0.243495   -4.90133  -0.519745  0.0579053    1.61026    2.49446    0.35568
  -8.64416 -0.0611318  -0.086957   -1.64486    1.19154  -0.235039   0.849812 -0.0228929   -1.82066    1.25982  -0.236832   0.937753 -0.0198276   -4.84639  -0.252621   0.119253    1.47756    2.48952   0.243184   -4.92632   -0.52293  0.0582706    1.65018    2.50354   0.356188
  -8.70882 -0.0634596 -0.0858774     -1.645    1.19087  -0.235081   0.851136 -0.0230363   -1.82245    1.26024  -0.237191   0.939702 -0.0199609   -4.88119  -0.249735   0.122934    1.51827    2.49887   0.242906   -4.95174  -0.526342  0.0587225    1.69562    2.51302    0.35673
   -8.7745 -0.0657345 -0.0846054   -1.64526    1.19022  -0.235105   0.852519 -0.0231835   -1.82431    1.26077  -0.237573   0.941683 -0.0200914   -4.91671  -0.246683   0.126797    1.56037    2.50782   0.242663   -4.97994  -0.530308  0.0593124    1.74585    2.52199   0.357247
   -8.8409 -0.0680142  -0.083279   -1.64555     1.1896  -0.235118    0.85392 -0.0233289   -1.82617    1.26132  -0.237953   0.943665 -0.0202196   -4.95262  -0.243614    0.13075    1.60311    2.51686   0.242437   -5.00572  -0.533956  0.0598667    1.79159    2.53019   0.357725
    -8.908 -0.0702968 -0.0819173   -1.64587      1.189  -0.235123   0.855332 -0.0234724   -1.82803     1.2619  -0.238327   0.945643  -0.020345    -4.9889  -0.240527   0.134784    1.64651    2.52601   0.242229   -5.02953  -0.537323   0.060392    1.83367    2.53858   0.358227
  -8.97575  -0.072582 -0.0805451   -1.64619    1.18843  -0.235121   0.856753 -0.0236137   -1.82988     1.2625  -0.238689   0.947616 -0.0204675    -5.0255  -0.237435   0.138891    1.69057    2.53531   0.242037   -5.05419  -0.540818    0.06097    1.87695    2.54716   0.358748
  -9.04413 -0.0748677 -0.0791784   -1.64652    1.18787  -0.235115   0.858178 -0.0237532   -1.83171    1.26311  -0.239036   0.949576 -0.0205863    -5.0624  -0.234324    0.14306     1.7353    2.54475   0.241863   -5.07956  -0.544437  0.0616064    1.92129    2.55593   0.359287
  -9.11307 -0.0771296 -0.0778772   -1.64684    1.18733  -0.235101   0.859596 -0.0238875   -1.83352    1.26371   -0.23936   0.951523 -0.0207012   -5.09951   -0.23124   0.147276    1.78071    2.55439   0.241701    -5.1056  -0.548125  0.0623049    1.96658    2.56495    0.35985
  -9.18256 -0.0793627 -0.0766744   -1.64714    1.18681  -0.235083      0.861 -0.0240154   -1.83531     1.2643  -0.239656   0.953457 -0.0208123   -5.13677  -0.228202    0.15153    1.82681    2.56423   0.241549   -5.13226  -0.551854  0.0630709    2.01274    2.57423   0.360437
  -9.25256  -0.081619 -0.0755301    -1.6474    1.18633  -0.235076   0.862396 -0.0241408   -1.83708    1.26487  -0.239926   0.955374 -0.0209208   -5.17423   -0.22519   0.155844    1.87363    2.57425   0.241409   -5.15937  -0.555629  0.0638928    2.05976    2.58372   0.361045
  -9.32306 -0.0838987 -0.0744527   -1.64765     1.1859   -0.23508   0.863789 -0.0242656   -1.83881    1.26543   -0.24017   0.957271  -0.021027   -5.21187   -0.22221   0.160217    1.92117    2.58445   0.241281   -5.18689   -0.55944  0.0647704    2.10758    2.59341   0.361673
  -9.39403  -0.086175   -0.07348   -1.64788     1.1855  -0.235093   0.865177  -0.024389    -1.8405    1.26596   -0.24038   0.959145 -0.0211296   -5.24964  -0.219258   0.164629    1.96946    2.59488   0.241164   -5.21479  -0.563283  0.0657166    2.15611    2.60335    0.36232
  -9.46544 -0.0884455 -0.0726369   -1.64809    1.18513  -0.235115   0.866557 -0.0245099   -1.84216    1.26645  -0.240552   0.960993 -0.0212292   -5.28749  -0.216369   0.169081    2.01848    2.60555   0.241055   -5.24304  -0.567123  0.0667265    2.20534    2.61357   0.362991
  -9.53725 -0.0906841 -0.0719651   -1.64827    1.18478   -0.23514   0.867919 -0.0246255   -1.84376     1.2669  -0.240681   0.962812 -0.0213247   -5.32537  -0.213554   0.173558    2.06822    2.61648   0.240954   -5.27166  -0.570949  0.0678085    2.25516     2.6241   0.363688
  -9.60941 -0.0928864 -0.0714761   -1.64841    1.18446  -0.235171   0.869254 -0.0247347   -1.84532     1.2673  -0.240764     0.9646 -0.0214154   -5.36325    -0.2108   0.178049    2.11871     2.6277    0.24086   -5.30058  -0.574769  0.0689717    2.30554    2.63493   0.364406
  -9.68188 -0.0950773 -0.0711578    -1.6485    1.18418  -0.235215   0.870564 -0.0248388   -1.84683    1.26766  -0.240803   0.966357 -0.0215028   -5.40112  -0.208131   0.182576    2.16995    2.63914   0.240773   -5.32976  -0.578554  0.0702038    2.35648    2.64601   0.365149
  -9.75461 -0.0972595 -0.0710095   -1.64853    1.18395  -0.235271   0.871851 -0.0249381   -1.84829    1.26797  -0.240797    0.96808  -0.021587   -5.43896  -0.205551   0.187143    2.22192    2.65079    0.24069   -5.35915  -0.582293  0.0715002    2.40798    2.65734   0.365915
  -9.82766 -0.0994244 -0.0709842   -1.64855    1.18374  -0.235338   0.873128 -0.0250347   -1.84972    1.26824  -0.240755   0.969776 -0.0216681   -5.47684  -0.203024   0.191771    2.27468    2.66252   0.240617   -5.38868   -0.58601   0.072869    2.46008    2.66876   0.366698
  -9.90106  -0.101566 -0.0710305   -1.64858    1.18358  -0.235411   0.874406 -0.0251302   -1.85112     1.2685  -0.240687   0.971453 -0.0217462   -5.51481  -0.200522   0.196481     2.3283    2.67423   0.240556   -5.41831  -0.589721  0.0743127    2.51284    2.68017   0.367494
  -9.97463  -0.103806 -0.0710312   -1.64861    1.18343  -0.235462   0.875683 -0.0252174   -1.85241    1.26869  -0.240579   0.973038 -0.0218204   -5.55296  -0.198042   0.201324     2.3826      2.686   0.240506   -5.44778  -0.593415  0.0757637    2.56629    2.69163   0.368303
  -10.0483  -0.106173 -0.0709604   -1.64863     1.1833  -0.235488   0.876959 -0.0252951   -1.85353    1.26879  -0.240433   0.974509 -0.0218904   -5.59129   -0.19559   0.206318    2.43756    2.69783   0.240466   -5.47701  -0.597082  0.0772054    2.62045    2.70312   0.369125
  -10.1229  -0.108552 -0.0707159   -1.64864    1.18317  -0.235497   0.878245  -0.025374    -1.8546    1.26897  -0.240314   0.975984 -0.0219563   -5.63035  -0.193036   0.211385    2.49286    2.71038   0.240449   -5.50639  -0.600879  0.0786146     2.6748    2.71527   0.369967
  -10.1986  -0.110906 -0.0702735   -1.64867    1.18302  -0.235491   0.879551 -0.0254567   -1.85569    1.26926  -0.240234   0.977488 -0.0220196   -5.67017  -0.190341   0.216511    2.54846    2.72375   0.240458   -5.53591  -0.604839  0.0799911    2.72928    2.72812   0.370826
  -10.2744  -0.113207 -0.0698325   -1.64874    1.18289  -0.235482   0.880871  -0.025539   -1.85679    1.26955  -0.240146   0.978985 -0.0220814   -5.71007  -0.187622   0.221729    2.60477    2.73713   0.240481    -5.5653  -0.608822  0.0814187    2.78429    2.74097   0.371693
  -10.3503  -0.115445 -0.0694303   -1.64885    1.18279  -0.235472   0.882192 -0.0256198    -1.8579    1.26986  -0.240044   0.980477 -0.0221413   -5.74994  -0.184888   0.227034    2.66186     2.7504   0.240515   -5.59453   -0.61281  0.0829193    2.83984     2.7537   0.372563
  -10.4255  -0.117507  -0.069324   -1.64904    1.18273  -0.235496   0.883517 -0.0257064   -1.85909    1.27013  -0.239894   0.981974 -0.0221998   -5.78906  -0.182213   0.232427    2.72033    2.76256    0.24055   -5.62343  -0.616695  0.0846444    2.89632    2.76536   0.373416
  -10.4999  -0.119493 -0.0694511   -1.64929    1.18271  -0.235538   0.884844 -0.0257946   -1.86029    1.27031  -0.239682   0.983426  -0.022258   -5.82742  -0.179632   0.237967    2.78009    2.77348   0.240579   -5.65186  -0.620424  0.0865515    2.95383    2.77584   0.374252
  -10.5742  -0.121563 -0.0695646   -1.64955     1.1827  -0.235563   0.886161 -0.0258777   -1.86138     1.2704  -0.239429   0.984783 -0.0223138   -5.86569  -0.177087   0.243674     2.8406    2.78394   0.240611   -5.67987  -0.624069  0.0884962    3.01201    2.78586   0.375086
  -10.6483  -0.123635 -0.0697235   -1.64982    1.18269  -0.235587   0.887473 -0.0259612   -1.86238    1.27045  -0.239147   0.986081 -0.0223654   -5.90378  -0.174548   0.249507    2.90194    2.79393   0.240647   -5.70755  -0.627659  0.0905246    3.07078     2.7954   0.375914
  -10.7222  -0.125677 -0.0699339   -1.65009    1.18268  -0.235611   0.888775 -0.0260446   -1.86334    1.27048  -0.238842   0.987341  -0.022414   -5.94169  -0.172015   0.255459    2.96408    2.80347   0.240687   -5.73492  -0.631198  0.0926387     3.1301    2.80447   0.376737
   -10.796   -0.12767 -0.0701992   -1.65035    1.18268  -0.235634   0.890059 -0.0261266   -1.86428    1.27049  -0.238518   0.988573 -0.0224595    -5.9794  -0.169481    0.26152    3.02702    2.81259   0.240732   -5.76196  -0.634692  0.0948409    3.18992    2.81311   0.377555
  -10.8707  -0.129461 -0.0704067   -1.65061    1.18265  -0.235669    0.89134 -0.0262203   -1.86537    1.27068  -0.238249   0.989924 -0.0225021   -6.01752  -0.166784   0.267588    3.09047    2.82202   0.240799   -5.78913  -0.638333  0.0971282     3.2497    2.82197   0.378373
  -10.9462   -0.13113 -0.0704701   -1.65086    1.18259  -0.235697   0.892621 -0.0263203   -1.86657    1.27101  -0.238026   0.991358 -0.0225433   -6.05615  -0.163924    0.27369    3.15426    2.83198   0.240889    -5.8163  -0.642121  0.0994384    3.30943    2.83125   0.379197
  -11.0213  -0.132811 -0.0704757   -1.65114    1.18254  -0.235704   0.893899 -0.0264148   -1.86776    1.27131  -0.237785   0.992743 -0.0225838   -6.09469  -0.161038   0.279918     3.2186    2.84184   0.240986   -5.84296  -0.645888   0.101766     3.3696    2.84041   0.380022
  -11.0961  -0.134418 -0.0705069   -1.65145    1.18249  -0.235707   0.895173 -0.0265094   -1.86896     1.2716  -0.237533   0.994119 -0.0226228   -6.13303  -0.158123   0.286243    3.28367    2.85145    0.24109   -5.86919  -0.649638   0.104168     3.4302    2.84929   0.380843
  -11.1704  -0.136009 -0.0705358   -1.65177    1.18244  -0.235697   0.896435 -0.0266008   -1.87011    1.27187  -0.237262    0.99544 -0.0226577   -6.17114  -0.155178   0.292684    3.34946    2.86079   0.241202   -5.89677  -0.653634    0.10685    3.49129    2.85787    0.38166
  -11.2441  -0.137646 -0.0705409   -1.65209    1.18239  -0.235664   0.897679 -0.0266846   -1.87112    1.27208  -0.236963   0.996664 -0.0226878     -6.209  -0.152242   0.299268     3.4159    2.86987   0.241316   -5.92526  -0.657855   0.109731    3.55836    2.86697   0.382548
  -11.3174  -0.139307 -0.0704701   -1.65243    1.18234  -0.235606   0.898914  -0.026763   -1.87205    1.27225  -0.236654   0.997821 -0.0227142   -6.24674  -0.149271   0.305974    3.48287    2.87893   0.241437   -5.95071  -0.661691   0.112327    3.62488    2.87589   0.383427
  -11.3905  -0.141012 -0.0702111   -1.65281    1.18228   -0.23551   0.900158 -0.0268354   -1.87295    1.27245  -0.236367   0.998946 -0.0227398   -6.28464  -0.146218   0.312835    3.55022    2.88837    0.24157   -5.97352  -0.665257   0.114664    3.68608    2.88419   0.384251
  -11.4633  -0.142765 -0.0697536   -1.65324    1.18222  -0.235375   0.901414 -0.0269014   -1.87383    1.27268  -0.236102    1.00004 -0.0227649   -6.32268  -0.143092   0.319867    3.61798    2.89807   0.241714   -5.99757  -0.669247   0.117185    3.74848    2.89274   0.385104
  -11.5357  -0.144536   -0.06915   -1.65372    1.18216  -0.235208   0.902674 -0.0269631   -1.87467    1.27293  -0.235848    1.00109 -0.0227879   -6.36071  -0.139914   0.327027    3.68618    2.90782   0.241867    -6.0209  -0.673198   0.119669    3.81137    2.90133   0.385966
  -11.6077  -0.146295 -0.0685379   -1.65421    1.18209  -0.235027   0.903921 -0.0270213   -1.87549    1.27316  -0.235584    1.00211 -0.0228084   -6.39843  -0.136735   0.334301      3.755     2.9173   0.242023   -6.04184  -0.676742   0.121981    3.87477    2.90967   0.386829
  -11.6788  -0.148058 -0.0680037   -1.65468    1.18202  -0.234836   0.905134 -0.0270746   -1.87624    1.27333  -0.235285    1.00306 -0.0228252    -6.4356  -0.133585   0.341691    3.82458    2.92624   0.242177    -6.0623  -0.680206   0.124391    3.93871    2.91749   0.387686
  -11.7489  -0.149888  -0.067526   -1.65511    1.18195  -0.234628   0.906308 -0.0271192   -1.87683     1.2734  -0.234944    1.00389 -0.0228369    -6.4722  -0.130475   0.349211    3.89483    2.93469   0.242327   -6.08214  -0.683568   0.126865    4.00317    2.92484   0.388537
   -11.818  -0.151797 -0.0671337    -1.6555    1.18187  -0.234402   0.907439 -0.0271542   -1.87724    1.27336  -0.234552     1.0046 -0.0228433   -6.50816  -0.127433   0.356858     3.9657    2.94267   0.242469    -6.1026  -0.687004   0.129641     4.0739    2.93174   0.389385
  -11.8859  -0.153783 -0.0668482   -1.65584    1.18179  -0.234163   0.908523 -0.0271794   -1.87748    1.27318  -0.234106    1.00518 -0.0228445   -6.54343  -0.124463   0.364623    4.03717     2.9502   0.242604   -6.12215  -0.690262   0.132426    4.14404    2.93822   0.390229
  -11.9527  -0.155842 -0.0666906   -1.65613    1.18171  -0.233913   0.909556 -0.0271959   -1.87754    1.27288  -0.233603    1.00562   -0.02284   -6.57797   -0.12155   0.372488    4.10925    2.95728   0.242731   -6.14082  -0.693407   0.135262    4.21352    2.94426   0.391065
  -12.0186  -0.157881 -0.0666374   -1.65639    1.18161  -0.233662   0.910553 -0.0272099   -1.87756    1.27252  -0.233069    1.00602 -0.0228321   -6.61195  -0.118638   0.380398    4.18183    2.96419   0.242859   -6.15989  -0.696699   0.138391    4.28244    2.95011   0.391894
  -12.0837  -0.159878 -0.0666244   -1.65664    1.18151  -0.233407   0.911525 -0.0272234   -1.87757    1.27216  -0.232522    1.00639 -0.0228213   -6.64555  -0.115676   0.388327    4.25477    2.97123   0.242992   -6.17791  -0.699886   0.141231    4.34514    2.95606   0.392719
  -12.1479  -0.161891 -0.0666413   -1.65688    1.18138   -0.23314   0.912467 -0.0272327   -1.87751    1.27174  -0.231953     1.0067 -0.0228067   -6.67872   -0.11269   0.396293    4.32799     2.9784   0.243128   -6.19392  -0.702747   0.143834    4.40831     2.9621   0.393542
  -12.2113  -0.163916 -0.0667106   -1.65709    1.18125  -0.232864   0.913374 -0.0272383   -1.87736    1.27127  -0.231357    1.00695 -0.0227879   -6.71141  -0.109682   0.404287    4.40149    2.98567   0.243266   -6.20818  -0.705345   0.146503    4.47182    2.96821   0.394362
  -12.2736  -0.165944 -0.0668465   -1.65727    1.18109  -0.232582   0.914246 -0.0272409   -1.87714    1.27074  -0.230731    1.00714 -0.0227643   -6.74359  -0.106639   0.412292    4.47529    2.99303   0.243407   -6.22194  -0.707952   0.149247    4.53555    2.97436   0.395174
  -12.3353  -0.167973 -0.0669183   -1.65754    1.18095  -0.232284   0.915132 -0.0272432   -1.87691    1.27022  -0.230101    1.00728 -0.0227356   -6.77545  -0.103479   0.420443    4.55046    2.99985   0.243564   -6.23509  -0.710544   0.152114    4.60013    2.97994    0.39596
  -12.3963  -0.170001 -0.0669288    -1.6579    1.18082   -0.23197   0.916033  -0.027246   -1.87669    1.26972  -0.229467     1.0074 -0.0227021     -6.807    -0.1002   0.428729    4.62689    3.00616   0.243736    -6.2476  -0.713123   0.155101    4.66549    2.98497   0.396721
  -12.4564  -0.172031 -0.0669831   -1.65825    1.18068  -0.231649   0.916907 -0.0272461   -1.87643    1.26918  -0.228813    1.00747 -0.0226649   -6.83805 -0.0969034   0.437037    4.70342    3.01254    0.24391   -6.25955  -0.715696   0.158136    4.73097    2.99003   0.397486
  -12.5156  -0.174075 -0.0670441   -1.65861    1.18054  -0.231316   0.917763 -0.0272431   -1.87613    1.26862  -0.228148     1.0075 -0.0226249   -6.86867 -0.0935944   0.445393    4.78006    3.01897   0.244084   -6.27091  -0.718253   0.161197    4.79665    2.99513   0.398259
   -12.574  -0.176123 -0.0670961     -1.659    1.18038   -0.23097   0.918604 -0.0272388   -1.87581    1.26805  -0.227476    1.00749  -0.022582   -6.89883 -0.0902473   0.453796    4.85686    3.02533    0.24426   -6.28161    -0.7208   0.164299     4.8625    3.00011   0.399031
  -12.6315   -0.17819 -0.0670981   -1.65939     1.1802  -0.230602   0.919422 -0.0272299   -1.87546    1.26746  -0.226805    1.00745 -0.0225367   -6.92859  -0.086875   0.462254    4.93368    3.03182   0.244435   -6.29162  -0.723333   0.167396    4.92847     3.0052   0.399811
  -12.6881  -0.180291 -0.0670073   -1.65976       1.18  -0.230203   0.920214 -0.0272138   -1.87507    1.26687  -0.226143    1.00736 -0.0224896   -6.95799 -0.0834763   0.470768    5.01043    3.03863   0.244609   -6.30091   -0.72586   0.170454    4.99453    3.01058   0.400605
  -12.7437  -0.182423 -0.0668051   -1.66015    1.17978  -0.229772   0.920984 -0.0271923   -1.87466    1.26627  -0.225494    1.00724 -0.0224407   -6.98702 -0.0800343   0.479349    5.08713    3.04557   0.244783   -6.30942  -0.728379   0.173485    5.06069    3.01607   0.401406
  -12.7983  -0.184558 -0.0665065   -1.66054    1.17952  -0.229298   0.921723 -0.0271623   -1.87421    1.26568  -0.224855    1.00709  -0.022389   -7.01567 -0.0765503   0.487978    5.16377    3.05274   0.244955   -6.31717  -0.730896   0.176492    5.12687    3.02175   0.402215
  -12.8519  -0.186803 -0.0660744   -1.66089    1.17922  -0.228764   0.922415 -0.0271151   -1.87364    1.26502  -0.224206    1.00682 -0.0223334   -7.04396 -0.0730388   0.496684    5.24023    3.06025   0.245126   -6.32403  -0.733395   0.179424    5.19314    3.02775   0.403039
   -12.905  -0.189208 -0.0652913   -1.66118    1.17889  -0.228161   0.923074 -0.0270539   -1.87294    1.26437  -0.223597    1.00649 -0.0222732   -7.07257 -0.0693964   0.505461    5.31621    3.06871   0.245308   -6.33014  -0.735987   0.182204    5.25927    3.03461   0.403886
   -12.958  -0.191665 -0.0641622   -1.66145    1.17851  -0.227507   0.923721  -0.026987   -1.87224    1.26383  -0.223055    1.00617  -0.022209   -7.10151 -0.0655865   0.514271    5.39182     3.0781   0.245506   -6.33562  -0.738716   0.184879    5.32521     3.0423   0.404756
  -13.0101  -0.194158 -0.0628713   -1.66175    1.17812  -0.226813    0.92436 -0.0269136   -1.87152     1.2633  -0.222537    1.00583  -0.022143   -7.13019 -0.0617155   0.523142    5.46737    3.08782   0.245709   -6.34031  -0.741464   0.187506    5.39128    3.05029   0.405639
  -13.0612  -0.196682 -0.0614521   -1.66209    1.17772  -0.226087   0.924991 -0.0268345   -1.87081    1.26279  -0.222039    1.00546 -0.0220754   -7.15854 -0.0578007   0.532076    5.54289    3.09776   0.245916   -6.34422  -0.744212   0.190097    5.45749     3.0585   0.406534
  -13.1109  -0.199126 -0.0601505   -1.66252    1.17735  -0.225362   0.925615 -0.0267548   -1.87016    1.26228   -0.22153    1.00508  -0.022008   -7.18591  -0.053942   0.541067    5.61883    3.10717   0.246118   -6.34743   -0.74696   0.192971    5.52409    3.06622   0.407428
  -13.1586  -0.201436 -0.0592245   -1.66289    1.17698  -0.224684    0.92618 -0.0266781   -1.86951    1.26166  -0.220968    1.00469 -0.0219424   -7.21183 -0.0502789   0.549939     5.6942    3.11621   0.246293   -6.34992  -0.749657   0.195869    5.58977    3.07364   0.408312
  -13.2052  -0.203707 -0.0584916   -1.66318    1.17661  -0.224035   0.926697  -0.026604   -1.86883    1.26096  -0.220372    1.00426 -0.0218773   -7.23691 -0.0467141   0.558701    5.76879    3.12539   0.246451   -6.35185  -0.752071   0.198526    5.65439    3.08121   0.409193
  -13.2511  -0.206023 -0.0576785   -1.66359    1.17626  -0.223369   0.927242   -0.02653   -1.86821    1.26029  -0.219796    1.00384 -0.0218138    -7.2618 -0.0431117   0.567614    5.84371    3.13457   0.246616   -6.35314  -0.754312   0.201218    5.71998    3.08878   0.410101
  -13.2966  -0.208399 -0.0567479   -1.66413    1.17593  -0.222682   0.927825 -0.0264556   -1.86767    1.25967  -0.219248    1.00343 -0.0217518   -7.28657 -0.0394686   0.576697      5.919    3.14367    0.24679   -6.35369  -0.756591   0.203933    5.78658    3.09626   0.411039
  -13.3415  -0.210801 -0.0557334    -1.6648    1.17563   -0.22198   0.928442 -0.0263828    -1.8672     1.2591  -0.218717    1.00302 -0.0216886   -7.31108 -0.0357767   0.585891    5.99481    3.15242   0.246973   -6.35363  -0.758836   0.206695    5.85359    3.10338   0.411979
  -13.3863  -0.213255 -0.0544853    -1.6657    1.17538   -0.22125   0.929138 -0.0263142   -1.86686    1.25864  -0.218224    1.00264 -0.0216217   -7.33556 -0.0319119   0.595311    6.07232     3.1603   0.247183   -6.35287  -0.761056   0.209576    5.92174    3.10959   0.412902
  -13.4308  -0.215831 -0.0530114    -1.6668    1.17516  -0.220469   0.929894 -0.0262414   -1.86655    1.25823  -0.217744    1.00223  -0.021549   -7.36002 -0.0278864   0.604947    6.15129    3.16746    0.24742   -6.35133  -0.763251   0.212548    5.99096    3.11505   0.413812
  -13.4753  -0.218506 -0.0513144   -1.66796    1.17493  -0.219643   0.930661 -0.0261628   -1.86622    1.25787   -0.21729    1.00179 -0.0214704   -7.38479  -0.023725   0.614633    6.23017    3.17505   0.247677   -6.34931  -0.765535   0.215498    6.06021    3.12085   0.414739
    -13.52  -0.221189 -0.0493928    -1.6692    1.17471  -0.218796   0.931456 -0.0260872   -1.86597    1.25763  -0.216888    1.00139 -0.0213873   -7.40988  -0.019398   0.624338    6.30908      3.183   0.247958   -6.34688  -0.767935   0.218467    6.12947    3.12694   0.415682
  -13.5641  -0.223846 -0.0474563   -1.67052    1.17451  -0.217944   0.932264 -0.0260118   -1.86579    1.25743  -0.216489    1.00101  -0.021301   -7.43465 -0.0150083   0.634062    6.38828    3.19079   0.248254   -6.34331  -0.770538   0.221825    6.19894    3.13285   0.416626
  -13.6074  -0.226498 -0.0455573    -1.6719    1.17434  -0.217083   0.933068 -0.0259321   -1.86561    1.25722  -0.216075     1.0006 -0.0212102   -7.45898 -0.0105876   0.643805    6.46776     3.1984   0.248561   -6.33926  -0.773088   0.225215     6.2686    3.13855   0.417572
   -13.6501   -0.229216   -0.043584    -1.67335      1.1742   -0.216198    0.933884  -0.0258462    -1.86543     1.25702   -0.215663     1.00015  -0.0211159    -7.48324 -0.00609676    0.653613     6.54731     3.20625    0.248887    -6.33516   -0.775508    0.228298     6.33896     3.14448    0.418551
   -13.6925    -0.23198   -0.041476    -1.67491     1.17409   -0.215287    0.934729  -0.0257573    -1.86529     1.25687   -0.215273    0.999711  -0.0210185    -7.50758 -0.00149396    0.663466      6.6269     3.21448    0.249236    -6.33038   -0.778065    0.231437     6.40988     3.15072    0.419562
  -13.7344  -0.234731 -0.0393183   -1.67656      1.174  -0.214364   0.935591 -0.0256686   -1.86519    1.25676  -0.214883   0.999266  -0.020916   -7.53171 0.00320075   0.673293    6.70671    3.22272   0.249603   -6.32508  -0.780661   0.234664    6.48074    3.15693   0.420573
   -13.776  -0.237491 -0.0369987   -1.67838    1.17393  -0.213419   0.936502  -0.025583   -1.86516    1.25674  -0.214507   0.998828  -0.020805   -7.55573 0.00811159   0.683177    6.78793    3.23044   0.250005   -6.31913    -0.7833    0.23807    6.55217    3.16255   0.421558
  -13.8169  -0.240172 -0.0348204   -1.68025    1.17389   -0.21249   0.937407    -0.0255   -1.86518     1.2567  -0.214104   0.998388 -0.0206902   -7.57918  0.0130344   0.692994    6.86929     3.2379   0.250416   -6.31274  -0.785912   0.241617    6.62338    3.16789   0.422534
  -13.8566  -0.242691 -0.0330103   -1.68211    1.17387  -0.211612   0.938279 -0.0254233   -1.86522    1.25659  -0.213635   0.997937 -0.0205734   -7.60157  0.0178649   0.702679    6.95072    3.24496   0.250822   -6.30597  -0.788406    0.24534      6.694    3.17286   0.423495
  -13.8948  -0.245008 -0.0316912   -1.68394    1.17387  -0.210804   0.939105 -0.0253555   -1.86526    1.25634  -0.213078   0.997461  -0.020456   -7.62262   0.022544   0.712173    7.03197    3.25167   0.251214   -6.29885  -0.790738   0.249241    6.76367    3.17752   0.424431
  -13.9316  -0.247141 -0.0308486   -1.68576    1.17389  -0.210062    0.93989 -0.0252956   -1.86529    1.25597  -0.212434    0.99696 -0.0203387   -7.64235   0.027056   0.721498    7.11304    3.25799   0.251589    -6.2914  -0.792897   0.253302    6.83246    3.18185   0.425347
  -13.9672  -0.249115 -0.0303152   -1.68765    1.17393  -0.209354   0.940663 -0.0252424   -1.86536    1.25554  -0.211729   0.996444 -0.0202171   -7.66097  0.0315387   0.730753    7.19513    3.26349   0.251966   -6.28348  -0.794913   0.257603     6.9011    3.18536   0.426228
  -14.0014  -0.250876 -0.0302855   -1.68948    1.17397  -0.208703   0.941373 -0.0251921    -1.8654    1.25498  -0.210934   0.995895 -0.0200955   -7.67823  0.0358307   0.739822    7.27688    3.26865   0.252324   -6.27528  -0.796763    0.26206    6.96878     3.1886   0.427092
  -14.0341   -0.25246 -0.0307057   -1.69128    1.17404  -0.208112   0.942031 -0.0251467   -1.86544    1.25429  -0.210056   0.995314 -0.0199742   -7.69421  0.0399628   0.748729    7.35837    3.27335   0.252667   -6.26672  -0.798452   0.266673    7.03564    3.19142   0.427936
  -14.0657  -0.253993 -0.0313853   -1.69298     1.1741  -0.207548   0.942633 -0.0250995   -1.86535    1.25346  -0.209109    0.99465 -0.0198497   -7.70941  0.0440337   0.757483    7.43935    3.27805   0.253005   -6.25775  -0.800065   0.271369    7.10159    3.19424   0.428769
  -14.0961  -0.255507 -0.0322313   -1.69459    1.17415  -0.206994   0.943179 -0.0250471   -1.86511     1.2525  -0.208104   0.993888  -0.019721   -7.72399  0.0480718   0.766076    7.51962    3.28304   0.253339    -6.2483  -0.801642   0.276099    7.16657    3.19734   0.429595
  -14.1246  -0.256931 -0.0334327   -1.69619    1.17421  -0.206467    0.94368 -0.0249926   -1.86476    1.25138   -0.20701   0.993025 -0.0195913   -7.73721  0.0519759   0.774517    7.59954    3.28763   0.253662   -6.23823  -0.803079   0.280949    7.23085    3.20009   0.430397
   -14.151  -0.258263 -0.0350286   -1.69777    1.17428  -0.205973   0.944128 -0.0249357   -1.86429    1.25006  -0.205822   0.992057 -0.0194617   -7.74899  0.0557216    0.78281     7.6791    3.29173   0.253968   -6.22753  -0.804355   0.285922     7.2944     3.2024   0.431177
  -14.1761  -0.259419 -0.0368941   -1.69931    1.17434  -0.205513   0.944531 -0.0248825   -1.86381    1.24868  -0.204598   0.991078 -0.0193325   -7.75976  0.0593744   0.790936    7.75813    3.29567   0.254262   -6.21646  -0.805542   0.290991    7.35702    3.20459   0.431937
  -14.2001  -0.260409 -0.0389547   -1.70084    1.17439   -0.20508   0.944902 -0.0248334   -1.86336    1.24728  -0.203355   0.990115 -0.0192052   -7.76966  0.0629495   0.798928    7.83666    3.29945   0.254546   -6.20506  -0.806658   0.296137    7.41888    3.20666   0.432686
  -14.2235  -0.261329 -0.0409953   -1.70237    1.17443  -0.204646   0.945255 -0.0247851   -1.86294    1.24589  -0.202125    0.98917 -0.0190789   -7.77927  0.0665349   0.806812    7.91449    3.30356   0.254827   -6.19334  -0.807796   0.301273    7.48002    3.20904    0.43344
  -14.2462  -0.262266 -0.0429539   -1.70388    1.17445  -0.204191   0.945591 -0.0247332   -1.86248    1.24447  -0.200901   0.988194 -0.0189533   -7.78865   0.070138    0.81461    7.99147    3.30811   0.255106   -6.18118  -0.808957   0.306355     7.5405    3.21183     0.4342
  -14.2677  -0.263281 -0.0448532   -1.70543    1.17447  -0.203707   0.945922 -0.0246749   -1.86196    1.24298  -0.199665   0.987143 -0.0188284   -7.79757  0.0737335   0.822376    8.06785    3.31269   0.255383    -6.1684  -0.810093   0.311405     7.6007    3.21467   0.434962
  -14.2884  -0.264258  -0.046655   -1.70705    1.17447  -0.203205   0.946259 -0.0246176   -1.86148    1.24153  -0.198462   0.986113 -0.0187054   -7.80606  0.0773476   0.830102    8.14374    3.31722   0.255658   -6.15511  -0.811235   0.316456    7.66065    3.21747   0.435726
  -14.3081  -0.265262 -0.0483407   -1.70873    1.17446  -0.202674   0.946599 -0.0245576   -1.86101    1.24009  -0.197279   0.985065 -0.0185843   -7.81417  0.0809774   0.837805    8.21906    3.32175    0.25593   -6.14126  -0.812374   0.321479    7.72039    3.22028   0.436491
  -14.3264  -0.266324  -0.050013   -1.71047    1.17444  -0.202119   0.946937 -0.0244919    -1.8605    1.23859   -0.19609   0.983959 -0.0184661   -7.82154  0.0845531   0.845515    8.29398    3.32593   0.256192   -6.12674  -0.813439   0.326497    7.78011    3.22279   0.437253
  -14.3436  -0.267384  -0.051664    -1.7123    1.17442  -0.201545   0.947276 -0.0244239   -1.86002    1.23709  -0.194916   0.982843 -0.0183515   -7.82819  0.0880837   0.853229    8.36857    3.32969   0.256445   -6.11163  -0.814439   0.331527    7.83983    3.22494   0.438013
  -14.3598  -0.268574 -0.0531395   -1.71414    1.17439  -0.200922   0.947606 -0.0243456   -1.85947    1.23556  -0.193756    0.98166 -0.0182368    -7.8346  0.0916559   0.860966    8.44266    3.33342   0.256698   -6.09588  -0.815442   0.336508    7.89957    3.22705   0.438778
  -14.3757  -0.269896 -0.0543011   -1.71598    1.17433  -0.200233   0.947923 -0.0242553   -1.85888    1.23406  -0.192644   0.980441 -0.0181211   -7.84117  0.0953248   0.868725    8.51607    3.33749   0.256956   -6.07957  -0.816514   0.341388    7.95928    3.22949   0.439558
  -14.3913   -0.27129  -0.055092   -1.71785    1.17424   -0.19948   0.948243 -0.0241582   -1.85833    1.23266   -0.19161   0.979245 -0.0180045   -7.84797  0.0991198     0.8765    8.58883    3.34194   0.257223   -6.06279  -0.817689    0.34618    8.01898    3.23226   0.440356
  -14.4063  -0.272792 -0.0555356   -1.71979    1.17412   -0.19866   0.948574 -0.0240537   -1.85779    1.23132  -0.190638   0.978041 -0.0178867   -7.85483    0.10303    0.88429    8.66105    3.34663   0.257499   -6.04539  -0.818952   0.350902    8.07879    3.23525   0.441165
  -14.4209  -0.274425 -0.0555805    -1.7218    1.17397  -0.197763   0.948923 -0.0239416   -1.85725    1.23007  -0.189733   0.976826  -0.017767   -7.86188   0.107075   0.892099    8.73267    3.35169   0.257786   -6.02737  -0.820325   0.355532    8.13875    3.23859   0.441989
  -14.4349   -0.27619 -0.0553233   -1.72388     1.1738  -0.196802   0.949281 -0.0238206   -1.85669    1.22885  -0.188878   0.975581  -0.017646   -7.86893   0.111198   0.899941    8.80376    3.35695   0.258079   -6.00877  -0.821757   0.360082     8.1989    3.24211   0.442829
  -14.4482  -0.278078  -0.054857     -1.726    1.17363  -0.195788   0.949639 -0.0236902   -1.85607    1.22764  -0.188053    0.97429 -0.0175239   -7.87581   0.115359   0.907817    8.87442    3.36221   0.258374   -5.98958  -0.823209    0.36458    8.25923    3.24565   0.443679
  -14.4608   -0.28003 -0.0541996   -1.72818    1.17344  -0.194729       0.95  -0.023554   -1.85548    1.22646  -0.187265   0.972991 -0.0174016   -7.88251   0.119565   0.915703    8.94468    3.36745   0.258671    -5.9699   -0.82469   0.369051     8.3197    3.24917   0.444536
  -14.4729  -0.281985 -0.0533717   -1.73041    1.17323  -0.193637   0.950365 -0.0234156   -1.85495    1.22535  -0.186516   0.971716  -0.017279   -7.88904   0.123829   0.923568    9.01461    3.37264   0.258973    -5.9498  -0.826212   0.373531    8.38021    3.25263   0.445396
  -14.4846  -0.283916 -0.0523478   -1.73272    1.17301  -0.192512    0.95074 -0.0232776   -1.85453    1.22432  -0.185815   0.970489  -0.017156   -7.89548   0.128172   0.931389    9.08415    3.37787   0.259282   -5.92935  -0.827803   0.378026    8.44069    3.25613   0.446261
   -14.496  -0.285834 -0.0511204    -1.7351    1.17278  -0.191354    0.95113 -0.0231397    -1.8542    1.22338   -0.18516   0.969301 -0.0170324    -7.9019   0.132588   0.939164    9.15323    3.38324   0.259599   -5.90857  -0.829468   0.382517    8.50111    3.25976   0.447131
  -14.5069  -0.287751 -0.0497382   -1.73754    1.17254  -0.190168   0.951529 -0.0230014   -1.85391    1.22247  -0.184534   0.968126  -0.016907   -7.90822   0.137066   0.946877    9.22185    3.38873   0.259924   -5.88746  -0.831196   0.387021    8.56139    3.26349   0.448003
  -14.5174  -0.289603 -0.0482442   -1.74005    1.17229  -0.188966   0.951938 -0.0228655   -1.85371    1.22163  -0.183937   0.966991 -0.0167805   -7.91439   0.141597   0.954504    9.29006    3.39427   0.260255    -5.8661  -0.832984   0.391565    8.62147    3.26727   0.448875
  -14.5275  -0.291367  -0.046685   -1.74262    1.17204  -0.187754   0.952354 -0.0227328    -1.8536    1.22084  -0.183362     0.9659 -0.0166536   -7.92036   0.146156    0.96204    9.35784    3.39981   0.260591   -5.84454  -0.834817   0.396158    8.68131    3.27106   0.449746
  -14.5371  -0.293021 -0.0451674   -1.74523    1.17179  -0.186549   0.952766 -0.0226026   -1.85355    1.22006  -0.182785   0.964832 -0.0165263   -7.92592   0.150698   0.969473    9.42526     3.4052   0.260929   -5.82475  -0.836505   0.400375    8.73588    3.27452   0.450542
  -14.5471  -0.293969 -0.0436905   -1.74801    1.17152  -0.185423   0.953212 -0.0225108   -1.85415    1.21972  -0.182357   0.964211 -0.0164048   -7.93108   0.155299   0.976695    9.49281    3.40998   0.261272   -5.80516  -0.838309   0.404964    8.79076    3.27745   0.451323
  -14.5567   -0.29464 -0.0424155   -1.75081    1.17127  -0.184339   0.953647  -0.022428   -1.85497    1.21942  -0.181913   0.963686 -0.0162872   -7.93562   0.159838   0.983754     9.5601    3.41442   0.261613   -5.78346  -0.840262   0.410224    8.85075     3.2803   0.452166
  -14.5657  -0.295114 -0.0413098   -1.75365    1.17103  -0.183285   0.954069 -0.0223505   -1.85589     1.2191  -0.181439   0.963194 -0.0161708   -7.93963   0.164329   0.990647    9.62701    3.41866   0.261952   -5.76185  -0.842198   0.415585    8.90988    3.28297   0.452991
  -14.5752  -0.294882 -0.0402412   -1.75663    1.17077  -0.182311   0.954524 -0.0223117   -1.85743    1.21919  -0.181096   0.963126 -0.0160589   -7.94334   0.168904   0.997267     9.6939    3.42252   0.262301   -5.73859  -0.844315   0.421607    8.96798    3.28526    0.45378
  -14.5832   -0.29487 -0.0394849   -1.75951    1.17055  -0.181329   0.954927   -0.02225   -1.85862    1.21886  -0.180564   0.962741  -0.015945   -7.94636   0.173325    1.00375    9.75999    3.42653   0.262641   -5.71333  -0.846452   0.428037    9.02976    3.28771   0.454565
  -14.5892  -0.295253 -0.0390558   -1.76225    1.17038  -0.180317   0.955267 -0.0221558   -1.85915    1.21799  -0.179812    0.96189 -0.0158235    -7.9486   0.177569    1.01014    9.82517    3.43069    0.26297   -5.68818  -0.848553   0.434367    9.09007    3.29033   0.455346
  -14.5942  -0.295687 -0.0388197   -1.76498    1.17022  -0.179307   0.955586 -0.0220538   -1.85938    1.21693  -0.178984   0.960863 -0.0156961   -7.95038   0.181758    1.01639    9.88969      3.435     0.2633    -5.6637  -0.850713   0.440766    9.14481    3.29308    0.45613
  -14.5991  -0.295678  -0.038672   -1.76781    1.17007  -0.178352   0.955925 -0.0219741   -1.85987    1.21609  -0.178236   0.960059   -0.01557   -7.95188   0.185961    1.02246    9.95392    3.43916   0.263637   -5.64197  -0.852726   0.446713    9.19935    3.29572   0.456911
  -14.6032  -0.295529 -0.0387572   -1.77062    1.16994  -0.177424   0.956243 -0.0218937    -1.8603    1.21516  -0.177428   0.959203 -0.0154428   -7.95274   0.190068    1.02835    10.0177    3.44314    0.26397   -5.62167  -0.854459   0.452072    9.25331     3.2982   0.457675
  -14.6064  -0.295274 -0.0390758   -1.77341    1.16983  -0.176519   0.956532 -0.0218109    -1.8606     1.2141  -0.176551   0.958263 -0.0153135   -7.95297   0.194094    1.03404    10.0811    3.44697   0.264298   -5.60102  -0.856186   0.457613    9.30658    3.30055   0.458418
  -14.6087  -0.294917  -0.039656   -1.77617    1.16973  -0.175639    0.95679 -0.0217247   -1.86077    1.21289  -0.175602   0.957232 -0.0151827   -7.95251   0.198005    1.03954    10.1439    3.45066    0.26462   -5.58009  -0.857884   0.463306    9.35916    3.30279   0.459144
    -14.61  -0.294485 -0.0404981   -1.77887    1.16966   -0.17478   0.957015 -0.0216329   -1.86075    1.21151  -0.174574   0.956085 -0.0150505   -7.95136   0.201796    1.04486    10.2061    3.45424   0.264934   -5.55702   -0.85969   0.469716    9.41103    3.30496   0.459853
  -14.6112  -0.293551 -0.0414674   -1.78164    1.16957  -0.173984    0.95724 -0.0215639   -1.86102    1.21035  -0.173613   0.955168 -0.0149202   -7.94972   0.205584    1.04992     10.268    3.45751   0.265247   -5.53448  -0.861542    0.47628    9.46204    3.30684   0.460531
  -14.6106  -0.292894 -0.0427255    -1.7843    1.16952  -0.173153   0.957404 -0.0214652   -1.86077    1.20873  -0.172451   0.953855 -0.0147822   -7.94722   0.209251    1.05486      10.33    3.46068   0.265555   -5.51336  -0.863116   0.482242    9.51275    3.30861   0.461189
   -14.608  -0.292698 -0.0442716   -1.78681    1.16949  -0.172263   0.957491 -0.0213261   -1.85974    1.20654   -0.17106   0.952004 -0.0146316   -7.94387   0.212784    1.05971    10.3917    3.46383   0.265858    -5.4912  -0.864567   0.488246    9.56323    3.31034   0.461834
   -14.604  -0.292628 -0.0460583    -1.7892    1.16947  -0.171365   0.957522 -0.0211687   -1.85824    1.20406  -0.169565   0.949885 -0.0144749   -7.93986   0.216179    1.06442    10.4523    3.46702    0.26615   -5.46853   -0.86597   0.494279    9.61304    3.31215   0.462471
  -14.5993  -0.292337 -0.0480255   -1.79156    1.16947  -0.170497   0.957524 -0.0210128   -1.85674    1.20155  -0.168053   0.947781 -0.0143205   -7.93534   0.219485    1.06893    10.5122    3.47017   0.266433   -5.44584  -0.867387   0.500423    9.66203    3.31396   0.463097
  -14.5943  -0.291765 -0.0500806   -1.79389    1.16946  -0.169656   0.957505 -0.0208626   -1.85533    1.19907  -0.166549   0.945745 -0.0141682   -7.93055   0.222772    1.07323    10.5712    3.47342   0.266711    -5.4232  -0.868874    0.50667    9.71013    3.31589    0.46371
  -14.5891  -0.290891 -0.0521842   -1.79622    1.16945   -0.16884   0.957473 -0.0207194   -1.85405    1.19666  -0.165068   0.943808 -0.0140197   -7.92553   0.226032    1.07734    10.6293    3.47677   0.266982    -5.4007  -0.870426   0.512992    9.75741    3.31796   0.464314
  -14.5842  -0.289464 -0.0543172   -1.79862    1.16942  -0.168079   0.957448 -0.0205989   -1.85329    1.19449  -0.163667   0.942181 -0.0138818   -7.92027    0.22929    1.08121    10.6867    3.48002    0.26725   -5.37867  -0.872073   0.519477    9.80376    3.31999   0.464902
   -14.579  -0.287736 -0.0564781   -1.80104    1.16938  -0.167344   0.957417 -0.0204883   -1.85272    1.19241  -0.162294   0.940669 -0.0137477   -7.91475   0.232544    1.08489    10.7433    3.48323   0.267511   -5.35675  -0.873786   0.526058    9.84929    3.32201   0.465475
  -14.5731  -0.285942 -0.0586861   -1.80343    1.16934  -0.166607   0.957369 -0.0203744   -1.85201    1.19024  -0.160902   0.939089 -0.0136122   -7.90888   0.235745    1.08843    10.7989    3.48645   0.267763    -5.3347  -0.875506   0.532642    9.89421    3.32407   0.466039
  -14.5666   -0.28408  -0.060879   -1.80584    1.16929  -0.165862   0.957316  -0.020259   -1.85122    1.18804  -0.159507   0.937472 -0.0134756    -7.9028   0.238929    1.09186    10.8536    3.48966   0.268009   -5.31252  -0.877258    0.53923    9.93863    3.32615   0.466598
  -14.5603  -0.281915 -0.0629518   -1.80831    1.16923  -0.165132   0.957279 -0.0201566   -1.85074    1.18601  -0.158181   0.936033 -0.0133432   -7.89676   0.242182    1.09512    10.9078    3.49283   0.268256   -5.29051  -0.879121   0.545899    9.98254    3.32818   0.467148
  -14.5542  -0.279449 -0.0648963   -1.81086    1.16916  -0.164413   0.957263 -0.0200669   -1.85056    1.18416  -0.156931   0.934781 -0.0132162   -7.89078   0.245482    1.09827    10.9612    3.49594   0.268502   -5.26872  -0.881082   0.552623     10.026    3.33019   0.467695
  -14.5483   -0.27669 -0.0666915    -1.8135    1.16908  -0.163703   0.957269   -0.01999    -1.8507     1.1825  -0.155759   0.933718 -0.0130945   -7.88489   0.248839    1.10129     11.014      3.499   0.268749   -5.24716  -0.883142   0.559395    10.0691    3.33216   0.468238
  -14.5426  -0.273641 -0.0683443   -1.81624    1.16896  -0.163011   0.957301 -0.0199306   -1.85119    1.18106  -0.154672   0.932867 -0.0129773   -7.87899   0.252282    1.10416    11.0664     3.5018   0.268998   -5.22575  -0.885301   0.566284    10.1117    3.33388   0.468761
