-0.0982654  -0.102141   0.385373
-0.0982654  -0.102141   0.385373
-0.0982603   -0.10214   0.385372
-0.0982451  -0.102139    0.38537
-0.0982198  -0.102136   0.385366
-0.0981844  -0.102132   0.385361
-0.0981388  -0.102127   0.385353
-0.0980831   -0.10212   0.385345
-0.0980174  -0.102113   0.385335
-0.0979415  -0.102104   0.385323
-0.0978555  -0.102094    0.38531
-0.0977594  -0.102083   0.385295
-0.0976532  -0.102071   0.385279
-0.0975368  -0.102058   0.385261
-0.0974104  -0.102044   0.385241
-0.0972739  -0.102028    0.38522
-0.0971273  -0.102012   0.385197
-0.0969705  -0.101994   0.385173
-0.0968037  -0.101975   0.385147
-0.0966266  -0.101955    0.38512
-0.0964395  -0.101934   0.385091
-0.0962423  -0.101911   0.385061
-0.096035 -0.101888  0.385029
-0.0958176  -0.101863   0.384995
-0.0955901  -0.101838    0.38496
-0.0953525  -0.101811   0.384923
-0.0951048  -0.101782   0.384885
-0.0948469  -0.101753   0.384845
-0.0945789  -0.101723   0.384804
-0.0943008  -0.101691   0.384761
-0.0940127  -0.101659   0.384717
-0.0937144  -0.101625   0.384671
-0.093405  -0.10159  0.384623
-0.0930865  -0.101554   0.384574
-0.0927575  -0.101516   0.384523
-0.0924188  -0.101478   0.384471
-0.0920691  -0.101438   0.384417
-0.0917101  -0.101398   0.384361
-0.091341 -0.101356  0.384304
-0.0909613  -0.101313   0.384246
-0.0905719  -0.101269   0.384186
-0.0901721  -0.101223   0.384124
-0.0897621  -0.101177   0.384061
-0.0893423  -0.101129   0.383996
-0.0889126   -0.10108    0.38393
-0.088472  -0.10103  0.383862
-0.088022 -0.100979  0.383792
-0.0875612  -0.100927   0.383721
-0.087091 -0.100874  0.383648
-0.0866101  -0.100819   0.383574
-0.086119 -0.100764  0.383498
-0.0856179  -0.100707   0.383421
-0.0851065  -0.100649   0.383342
-0.0845851   -0.10059   0.383262
-0.0840541  -0.100529    0.38318
-0.0835129  -0.100468   0.383096
-0.082961 -0.100406  0.383011
-0.082399 -0.100342  0.382924
-0.0818274  -0.100277   0.382836
-0.0812454  -0.100211   0.382746
-0.0806537  -0.100144   0.382655
-0.0800511  -0.100076   0.382562
-0.079439 -0.100006  0.382468
-0.0788171 -0.0999356   0.382372
-0.0781848  -0.099864   0.382274
 -0.077542 -0.0997911   0.382175
-0.0768896 -0.0997171   0.382074
-0.0762259 -0.0996418   0.381972
-0.0755536 -0.0995656   0.381868
-0.0748709 -0.0994882   0.381763
-0.0741778 -0.0994096   0.381656
-0.0734748 -0.0993299   0.381547
-0.0727617  -0.099249   0.381437
-0.0720381  -0.099167   0.381325
-0.0713049 -0.0990838   0.381212
-0.0705615 -0.0989995   0.381097
 -0.069808 -0.0989141   0.380981
-0.0690442 -0.0988275   0.380863
-0.0682705 -0.0987398   0.380744
-0.0674869 -0.0986509   0.380623
-0.0666926 -0.0985609     0.3805
-0.0658886 -0.0984697   0.380376
-0.0650728 -0.0983772    0.38025
-0.0642476 -0.0982836   0.380123
-0.0634131  -0.098189   0.379994
-0.0625696 -0.0980934   0.379864
-0.0617315 -0.0979983   0.379735
-0.0609033 -0.0979044   0.379607
-0.0600851 -0.0978116   0.379481
-0.0592781 -0.0977201   0.379356
-0.0584813 -0.0976298   0.379233
-0.0576945 -0.0975406   0.379112
-0.0569179 -0.0974525   0.378992
-0.0561508 -0.0973655   0.378873
-0.0553938 -0.0972797   0.378757
-0.0546466  -0.097195   0.378641
-0.0539098 -0.0971114   0.378528
-0.0531829  -0.097029   0.378415
 -0.052467 -0.0969478   0.378305
-0.0517602 -0.0968677   0.378196
-0.0510639 -0.0967887   0.378088
-0.050378 -0.096711  0.377983
-0.0497024 -0.0966344   0.377878
-0.0490369 -0.0965589   0.377776
-0.0483817 -0.0964846   0.377674
-0.0477311 -0.0964111   0.377578
-0.0470798 -0.0963383   0.377492
-0.0464275  -0.096266   0.377416
-0.0457747 -0.0961943    0.37735
 -0.045121 -0.0961233   0.377294
-0.0444668 -0.0960529   0.377249
-0.0438112 -0.0959831   0.377213
-0.0431545 -0.0959138   0.377188
 -0.042498 -0.0958452   0.377172
-0.0418414 -0.0957774   0.377167
-0.0411856 -0.0957103   0.377172
-0.0405291 -0.0956438   0.377187
-0.0398735 -0.0955781   0.377212
-0.0392179 -0.0955131   0.377247
-0.0385629 -0.0954489   0.377293
-0.0379082 -0.0953854   0.377348
-0.0372528 -0.0953225   0.377414
-0.0365996 -0.0952605    0.37749
-0.0359475 -0.0951993   0.377576
-0.0352951 -0.0951388   0.377672
-0.0346452 -0.0950793   0.377778
-0.0339953 -0.0950204   0.377894
-0.0333474 -0.0949624   0.378021
-0.0327014 -0.0949053   0.378157
-0.0320562  -0.094849   0.378304
-0.0314125 -0.0947936   0.378461
-0.0307705  -0.094739   0.378628
-0.0301304 -0.0946853   0.378805
-0.0294928 -0.0946326   0.378992
-0.0288581 -0.0945808   0.379189
-0.0282255   -0.09453   0.379396
-0.0275946   -0.09448   0.379614
-0.0269665  -0.094431   0.379841
-0.0263415  -0.094383   0.380079
-0.0257184 -0.0943359   0.380327
-0.0250992 -0.0942899   0.380585
-0.0244831 -0.0942449   0.380853
-0.0238695 -0.0942008   0.381131
-0.0232591 -0.0941578    0.38142
-0.0226532 -0.0941159   0.381718
-0.0220499  -0.094075   0.382027
-0.0214511 -0.0940353   0.382345
-0.0208561 -0.0939966   0.382674
-0.0202645  -0.093959   0.383013
 -0.019677 -0.0939225   0.383362
-0.0190963 -0.0938872    0.38372
-0.0185175  -0.093853   0.384089
-0.0179434   -0.09382   0.384468
-0.0173745 -0.0937881   0.384857
-0.0168104 -0.0937574   0.385257
-0.0162513  -0.093728   0.385666
-0.0156972 -0.0936997   0.386086
-0.0151477 -0.0936727   0.386516
-0.0146037 -0.0936469   0.386956
-0.0140657 -0.0936224   0.387406
-0.0135332 -0.0935992   0.387867
-0.0130065 -0.0935772   0.388338
-0.0124861 -0.0935566   0.388818
-0.0119722 -0.0935374   0.389309
-0.0114646 -0.0935195    0.38981
-0.0109648  -0.093503   0.390319
-0.010475 -0.093488  0.390836
-0.00999527  -0.0934744    0.391358
-0.00952557  -0.0934623    0.391887
-0.00906604  -0.0934517    0.392422
-0.00861636  -0.0934424    0.392962
-0.00817752  -0.0934347    0.393508
-0.00774828  -0.0934283     0.39406
-0.00732919  -0.0934233    0.394617
-0.00692018  -0.0934198    0.395179
-0.00652128  -0.0934176    0.395746
-0.0061325 -0.0934168   0.396318
-0.00575376  -0.0934173    0.396895
-0.00538519  -0.0934193    0.397477
-0.00502674  -0.0934225    0.398063
-0.00467848  -0.0934271    0.398653
-0.00434034   -0.093433    0.399247
-0.00401229  -0.0934403    0.399845
-0.00369438  -0.0934488    0.400447
-0.00338658  -0.0934586    0.401053
-0.00308889  -0.0934698    0.401663
-0.00280161  -0.0934821    0.402275
-0.00252422  -0.0934958    0.402892
-0.00225676  -0.0935108    0.403512
-0.00199962  -0.0935269    0.404134
-0.00175255  -0.0935444     0.40476
-0.00151589   -0.093563    0.405388
-0.0012891 -0.0935829   0.406019
-0.00107246   -0.093604    0.406652
-0.000865904   -0.0936263     0.407288
-0.000669299   -0.0936498     0.407927
-0.000483182   -0.0936745     0.408567
-0.000307172   -0.0937004     0.409209
-0.000141128   -0.0937274     0.409854
1.47944e-05  -0.0937556      0.4105
0.000160451   -0.093785    0.411148
0.000296193  -0.0938155    0.411798
0.000421765  -0.0938472    0.412449
0.000537065    -0.09388    0.413101
0.000642278  -0.0939139    0.413754
0.000737373  -0.0939489    0.414408
0.000822359   -0.093985    0.415063
0.000897232  -0.0940222    0.415719
0.000962015  -0.0940605    0.416376
 0.0010167 -0.0940999   0.417034
0.00106125 -0.0941404   0.417692
 0.0010957 -0.0941819    0.41835
0.00112006 -0.0942246    0.41901
0.00113426 -0.0942682   0.419669
0.00113834 -0.0943129   0.420328
0.00113332 -0.0943586   0.420988
0.00112669  -0.094405   0.421656
0.00111995 -0.0944522   0.422335
0.00111312 -0.0945001   0.423024
0.00110619 -0.0945486   0.423723
0.00109916 -0.0945979   0.424431
0.00109203 -0.0946478    0.42515
 0.0010848 -0.0946985   0.425879
0.00107747 -0.0947498   0.426618
0.00107004 -0.0948019   0.427367
0.00106249 -0.0948547   0.428128
0.00105486 -0.0949082   0.428897
 0.0010471 -0.0949625   0.429679
0.00103927 -0.0950173   0.430468
0.00103134 -0.0950729   0.431268
 0.0010233 -0.0951292   0.432078
0.00101516 -0.0951862   0.432899
0.00100691  -0.095244    0.43373
0.000998568  -0.0953024    0.434571
0.000990122  -0.0953616    0.435423
0.000981576  -0.0954214    0.436284
0.000972929   -0.095482    0.437156
0.000964179  -0.0955433    0.438038
0.000955327  -0.0956053     0.43893
0.00094639 -0.0956679   0.439831
0.00093734 -0.0957313   0.440744
0.000928191  -0.0957954    0.441666
0.000918941  -0.0958601    0.442598
0.000909596  -0.0959256     0.44354
0.000900153  -0.0959917    0.444492
0.000890607  -0.0960586    0.445454
0.000880963  -0.0961261    0.446427
0.000871217  -0.0961944    0.447409
0.00086137 -0.0962634   0.448402
0.000851436   -0.096333    0.449403
0.000841457  -0.0964028    0.450409
0.000831479  -0.0964727    0.451415
0.000821502  -0.0965426    0.452421
0.000811518  -0.0966125    0.453427
0.000801539  -0.0966824    0.454433
0.00079156 -0.0967523   0.455439
0.000781581  -0.0968222    0.456445
0.000771602  -0.0968921    0.457451
0.000761624   -0.096962    0.458456
0.000751645  -0.0970319    0.459462
0.000741667  -0.0971018    0.460468
0.000731689  -0.0971717    0.461474
0.000721714  -0.0972415     0.46248
0.000711737  -0.0973114    0.463485
0.000701753  -0.0973813    0.464492
0.000691776  -0.0974512    0.465497
0.000681789  -0.0975212    0.466504
0.000671803  -0.0975911    0.467511
0.000661816  -0.0976611    0.468518
0.000651828   -0.097731    0.469524
0.000641839   -0.097801    0.470531
0.000631854  -0.0978709    0.471538
0.000621868  -0.0979409    0.472544
0.000611882  -0.0980108    0.473551
0.000601905  -0.0980807    0.474557
0.00059191 -0.0981507   0.475564
0.000581937  -0.0982205     0.47657
0.000571962  -0.0982904    0.477575
0.000561981  -0.0983603    0.478581
0.000552006  -0.0984302    0.479587
0.000542027  -0.0985001    0.480593
0.000532037    -0.09857      0.4816
0.000522041    -0.09864    0.482607
0.000512066  -0.0987099    0.483613
0.000502092  -0.0987798    0.484618
0.000492124  -0.0988496    0.485623
0.000482237  -0.0989188     0.48662
0.000472448  -0.0989874    0.487607
0.000462757  -0.0990553    0.488584
0.000453169  -0.0991224     0.48955
0.000443684  -0.0991889    0.490506
0.000434288  -0.0992547    0.491453
0.000425002  -0.0993197    0.492389
0.000415818   -0.099384    0.493315
0.000406729  -0.0994477    0.494231
0.000397737  -0.0995107    0.495138
0.000388855  -0.0995729    0.496033
0.000380057  -0.0996345     0.49692
0.000371375  -0.0996953    0.497795
0.000362768  -0.0997556    0.498663
0.00035429  -0.099815   0.499517
0.000345896  -0.0998738    0.500364
0.000337603  -0.0999319      0.5012
0.000329414  -0.0999892    0.502025
0.000321325   -0.100046    0.502841
0.000313347   -0.100102    0.503645
0.000305459   -0.100157     0.50444
0.000297673   -0.100212    0.505225
0.000289988   -0.100265    0.505999
0.000282398   -0.100319    0.506764
0.000274914   -0.100371    0.507519
0.000267537   -0.100423    0.508263
0.000260262   -0.100474    0.508996
0.000253086   -0.100524    0.509719
0.000246011   -0.100573    0.510432
0.000239028   -0.100622    0.511136
0.000232152    -0.10067     0.51183
0.00022537  -0.100718   0.512513
0.000218696   -0.100765    0.513186
0.00021212  -0.100811   0.513849
0.000205646   -0.100856    0.514501
0.000199274   -0.100901    0.515144
0.000193001   -0.100945    0.515776
0.000186829   -0.100988    0.516398
0.000180754    -0.10103    0.517011
0.000174779   -0.101072    0.517613
0.000168907   -0.101113    0.518205
0.000163135   -0.101154    0.518787
0.000157463   -0.101194    0.519358
0.000151893   -0.101233     0.51992
0.000146422   -0.101271    0.520471
0.000141045   -0.101309    0.521013
0.000135763   -0.101346    0.521546
0.000130578   -0.101382    0.522069
0.000125502   -0.101417     0.52258
0.000120522   -0.101452    0.523082
0.000115639   -0.101487    0.523574
0.00011086   -0.10152   0.524056
0.000106183   -0.101553    0.524528
0.000101556   -0.101585    0.524994
9.70863e-05   -0.101616    0.525445
9.27221e-05   -0.101647    0.525885
8.84587e-05   -0.101677    0.526314
8.4296e-05  -0.101706   0.526734
8.02262e-05   -0.101735    0.527144
7.62573e-05   -0.101762    0.527544
7.23911e-05   -0.101789    0.527934
6.86258e-05   -0.101816    0.528314
6.49553e-05   -0.101841    0.528684
6.13902e-05   -0.101866    0.529043
5.7922e-05  -0.101891   0.529393
5.45625e-05   -0.101914    0.529731
5.13047e-05   -0.101937     0.53006
4.81425e-05   -0.101959    0.530378
4.50812e-05   -0.101981    0.530687
4.21227e-05   -0.102001    0.530985
3.92658e-05   -0.102021    0.531273
3.65038e-05   -0.102041    0.531552
3.38472e-05   -0.102059    0.531819
3.12916e-05   -0.102077    0.532077
2.88314e-05   -0.102095    0.532325
2.6473e-05  -0.102111   0.532563
2.42186e-05   -0.102127     0.53279
2.20613e-05   -0.102142    0.533008
2.00056e-05   -0.102156    0.533215
1.80497e-05    -0.10217    0.533412
1.61943e-05   -0.102183    0.533599
1.44416e-05   -0.102195    0.533776
1.27806e-05   -0.102207    0.533943
1.12274e-05   -0.102218      0.5341
9.77629e-06   -0.102228    0.534246
8.4254e-06  -0.102237   0.534382
7.17182e-06   -0.102246    0.534508
6.02253e-06   -0.102254    0.534624
4.97327e-06   -0.102262     0.53473
4.02452e-06   -0.102268    0.534826
3.1753e-06  -0.102274   0.534911
2.42716e-06   -0.102279    0.534987
1.77902e-06   -0.102284    0.535052
1.231e-06 -0.102288  0.535107
7.83275e-07   -0.102291    0.535152
4.36716e-07   -0.102293    0.535187
1.90094e-07   -0.102295    0.535212
4.48651e-08   -0.102296    0.535227
1.26152e-19   -0.102296    0.535231
1.26152e-19   -0.102296    0.535231
1.26152e-19   -0.102296    0.535231
1.26152e-19   -0.102296    0.535231
1.26152e-19   -0.102296    0.535231
1.26152e-19   -0.102296    0.535231
1.26152e-19   -0.102296    0.535231
1.26152e-19   -0.102296    0.535231
1.26152e-19   -0.102296    0.535231
1.26152e-19   -0.102296    0.535231
1.26152e-19   -0.102296    0.535231
1.26152e-19   -0.102296    0.535231
1.26152e-19   -0.102296    0.535231
1.26152e-19   -0.102296    0.535231
1.26152e-19   -0.102296    0.535231
1.26152e-19   -0.102296    0.535231
1.26152e-19   -0.102296    0.535231
1.26152e-19   -0.102296    0.535231
1.26152e-19   -0.102296    0.535231
1.26152e-19   -0.102296    0.535231
1.26152e-19   -0.102296    0.535231
1.26152e-19   -0.102296    0.535231
1.26152e-19   -0.102296    0.535231
1.26152e-19   -0.102296    0.535231
1.26152e-19   -0.102296    0.535231
1.26152e-19   -0.102296    0.535231
1.26152e-19   -0.102296    0.535231
1.26152e-19   -0.102296    0.535231
1.26152e-19   -0.102296    0.535231
1.26152e-19   -0.102296    0.535231
1.26152e-19   -0.102296    0.535231
1.26152e-19   -0.102296    0.535231
1.26152e-19   -0.102296    0.535231
1.26152e-19   -0.102296    0.535231
1.26152e-19   -0.102296    0.535231
1.26152e-19   -0.102296    0.535231
1.26152e-19   -0.102296    0.535231
1.26152e-19   -0.102296    0.535231
1.26152e-19   -0.102296    0.535231
1.26152e-19   -0.102296    0.535231
1.26152e-19   -0.102296    0.535231
1.26152e-19   -0.102296    0.535231
1.26152e-19   -0.102296    0.535231
1.26152e-19   -0.102296    0.535231
1.26152e-19   -0.102296    0.535231
1.26152e-19   -0.102296    0.535231
1.26152e-19   -0.102296    0.535231
1.26152e-19   -0.102296    0.535231
1.26152e-19   -0.102296    0.535231
1.26152e-19   -0.102296    0.535231
1.26152e-19   -0.102296    0.535231
1.26152e-19   -0.102296    0.535231
1.26152e-19   -0.102296    0.535231
1.26152e-19   -0.102296    0.535231
1.26152e-19   -0.102296    0.535231
1.26152e-19   -0.102296    0.535231
1.26152e-19   -0.102296    0.535231
1.26152e-19   -0.102296    0.535231
1.26152e-19   -0.102296    0.535231
1.26152e-19   -0.102296    0.535231
1.26152e-19   -0.102296    0.535231
1.26152e-19   -0.102296    0.535231
1.26152e-19   -0.102296    0.535231
1.26152e-19   -0.102296    0.535231
1.26152e-19   -0.102296    0.535231
1.26152e-19   -0.102296    0.535231
1.26152e-19   -0.102296    0.535231
1.26152e-19   -0.102296    0.535231
1.26152e-19   -0.102296    0.535231
1.26152e-19   -0.102296    0.535231
1.26152e-19   -0.102296    0.535231
1.26152e-19   -0.102296    0.535231
1.26152e-19   -0.102296    0.535231
1.26152e-19   -0.102296    0.535231
1.26152e-19   -0.102296    0.535231
1.26152e-19   -0.102296    0.535231
1.26152e-19   -0.102296    0.535231
1.26152e-19   -0.102296    0.535231
1.26152e-19   -0.102296    0.535231
1.26152e-19   -0.102296    0.535231
1.26152e-19   -0.102296    0.535231
1.26152e-19   -0.102296    0.535231
1.26152e-19   -0.102296    0.535231
1.26152e-19   -0.102296    0.535231
1.26152e-19   -0.102296    0.535231
1.26152e-19   -0.102296    0.535231
1.26152e-19   -0.102296    0.535231
1.26152e-19   -0.102296    0.535231
1.26152e-19   -0.102296    0.535231
1.26152e-19   -0.102296    0.535231
1.26152e-19   -0.102296    0.535231
1.26152e-19   -0.102296    0.535231
1.26152e-19   -0.102296    0.535231
1.26152e-19   -0.102296    0.535231
1.26152e-19   -0.102296    0.535231
1.26152e-19   -0.102296    0.535231
1.26152e-19   -0.102296    0.535231
1.26152e-19   -0.102296    0.535231
1.26152e-19   -0.102296    0.535231
1.26152e-19   -0.102296    0.535231
1.26152e-19   -0.102296    0.535231
1.26152e-19   -0.102296    0.535231
1.26152e-19   -0.102296    0.535231
1.26152e-19   -0.102296    0.535231
1.26152e-19   -0.102296    0.535231
1.26152e-19   -0.102296    0.535231
1.26152e-19   -0.102296    0.535231
1.26152e-19   -0.102296    0.535231
1.26152e-19   -0.102296    0.535231
1.26152e-19   -0.102296    0.535231
1.26152e-19   -0.102296    0.535231
1.26152e-19   -0.102296    0.535231
1.26152e-19   -0.102296    0.535231
1.26152e-19   -0.102296    0.535231
1.26152e-19   -0.102296    0.535231
1.26152e-19   -0.102296    0.535231
1.26152e-19   -0.102296    0.535231
1.26152e-19   -0.102296    0.535231
1.26152e-19   -0.102296    0.535231
1.26152e-19   -0.102296    0.535231
1.26152e-19   -0.102296    0.535231
1.26152e-19   -0.102296    0.535231
1.26152e-19   -0.102296    0.535231
1.26152e-19   -0.102296    0.535231
1.26152e-19   -0.102296    0.535231
1.26152e-19   -0.102296    0.535231
1.26152e-19   -0.102296    0.535231
1.26152e-19   -0.102296    0.535231
1.26152e-19   -0.102296    0.535231
1.26152e-19   -0.102296    0.535231
1.26152e-19   -0.102296    0.535231
1.26152e-19   -0.102296    0.535231
1.26152e-19   -0.102296    0.535231
1.26152e-19   -0.102296    0.535231
1.26152e-19   -0.102296    0.535231
1.26152e-19   -0.102296    0.535231
1.26152e-19   -0.102296    0.535231
1.26152e-19   -0.102296    0.535231
1.26152e-19   -0.102296    0.535231
1.26152e-19   -0.102296    0.535231
1.26152e-19   -0.102296    0.535231
1.26152e-19   -0.102296    0.535231
1.26152e-19   -0.102296    0.535231
1.26152e-19   -0.102296    0.535231
1.26152e-19   -0.102296    0.535231
1.26152e-19   -0.102296    0.535231
1.26152e-19   -0.102296    0.535231
1.26152e-19   -0.102296    0.535231
1.26152e-19   -0.102296    0.535231
1.26152e-19   -0.102296    0.535231
1.26152e-19   -0.102296    0.535231
1.26152e-19   -0.102296    0.535231
1.26152e-19   -0.102296    0.535231
1.26152e-19   -0.102296    0.535231
1.26152e-19   -0.102296    0.535231
1.26152e-19   -0.102296    0.535231
1.26152e-19   -0.102296    0.535231
1.26152e-19   -0.102296    0.535231
1.26152e-19   -0.102296    0.535231
1.26152e-19   -0.102296    0.535231
1.26152e-19   -0.102296    0.535231
1.26152e-19   -0.102296    0.535231
1.26152e-19   -0.102296    0.535231
1.26152e-19   -0.102296    0.535231
1.26152e-19   -0.102296    0.535231
1.26152e-19   -0.102296    0.535231
1.26152e-19   -0.102296    0.535231
1.26152e-19   -0.102296    0.535231
1.26152e-19   -0.102296    0.535231
1.26152e-19   -0.102296    0.535231
1.26152e-19   -0.102296    0.535231
1.26152e-19   -0.102296    0.535231
1.26152e-19   -0.102296    0.535231
1.26152e-19   -0.102296    0.535231
1.26152e-19   -0.102296    0.535231
1.26152e-19   -0.102296    0.535231
1.26152e-19   -0.102296    0.535231
1.26152e-19   -0.102296    0.535231
1.26152e-19   -0.102296    0.535231
1.26152e-19   -0.102296    0.535231
1.26152e-19   -0.102296    0.535231
1.26152e-19   -0.102296    0.535231
1.26152e-19   -0.102296    0.535231
1.26152e-19   -0.102296    0.535231
1.26152e-19   -0.102296    0.535231
1.26152e-19   -0.102296    0.535231
1.26152e-19   -0.102296    0.535231
1.26152e-19   -0.102296    0.535231
1.26152e-19   -0.102296    0.535231
1.26152e-19   -0.102296    0.535231
1.26152e-19   -0.102296    0.535231
1.26152e-19   -0.102296    0.535231
1.26152e-19   -0.102296    0.535231
1.26152e-19   -0.102296    0.535231
1.26152e-19   -0.102296    0.535231
1.26152e-19   -0.102296    0.535231
1.26152e-19   -0.102296    0.535231
1.26152e-19   -0.102296    0.535231
1.26152e-19   -0.102296    0.535231
1.26152e-19   -0.102296    0.535231
1.26152e-19   -0.102296    0.535231
1.26152e-19   -0.102296    0.535231
1.26152e-19   -0.102296    0.535231
1.26152e-19   -0.102296    0.535231
1.26152e-19   -0.102296    0.535231
1.26152e-19   -0.102296    0.535231
1.26152e-19   -0.102296    0.535231
1.26152e-19   -0.102296    0.535231
1.26152e-19   -0.102296    0.535231
1.26152e-19   -0.102296    0.535231
1.26152e-19   -0.102296    0.535231
1.26152e-19   -0.102296    0.535231
1.26152e-19   -0.102296    0.535231
1.26152e-19   -0.102296    0.535231
1.26152e-19   -0.102296    0.535231
1.26152e-19   -0.102296    0.535231
1.26152e-19   -0.102296    0.535231
1.26152e-19   -0.102296    0.535231
1.26152e-19   -0.102296    0.535231
1.26152e-19   -0.102296    0.535231
1.26152e-19   -0.102296    0.535231
1.26152e-19   -0.102296    0.535231
1.26152e-19   -0.102296    0.535231
1.26152e-19   -0.102296    0.535231
1.26152e-19   -0.102296    0.535231
1.26152e-19   -0.102296    0.535231
1.26152e-19   -0.102296    0.535231
1.26152e-19   -0.102296    0.535231
1.26152e-19   -0.102296    0.535231
1.26152e-19   -0.102296    0.535231
1.26152e-19   -0.102296    0.535231
1.26152e-19   -0.102296    0.535231
1.26152e-19   -0.102296    0.535231
1.26152e-19   -0.102296    0.535231
1.26152e-19   -0.102296    0.535231
1.26152e-19   -0.102296    0.535231
1.26152e-19   -0.102296    0.535231
1.26152e-19   -0.102296    0.535231
1.26152e-19   -0.102296    0.535231
1.26152e-19   -0.102296    0.535231
1.26152e-19   -0.102296    0.535231
1.26152e-19   -0.102296    0.535231
1.26152e-19   -0.102296    0.535231
1.26152e-19   -0.102296    0.535231
1.26152e-19   -0.102296    0.535231
1.26152e-19   -0.102296    0.535231
1.26152e-19   -0.102296    0.535231
1.26152e-19   -0.102296    0.535231
1.26152e-19   -0.102296    0.535231
1.26152e-19   -0.102296    0.535231
1.26152e-19   -0.102296    0.535231
1.26152e-19   -0.102296    0.535231
1.26152e-19   -0.102296    0.535231
1.26152e-19   -0.102296    0.535231
1.26152e-19   -0.102296    0.535231
1.26152e-19   -0.102296    0.535231
1.26152e-19   -0.102296    0.535231
1.26152e-19   -0.102296    0.535231
1.26152e-19   -0.102296    0.535231
1.26152e-19   -0.102296    0.535231
1.26152e-19   -0.102296    0.535231
1.26152e-19   -0.102296    0.535231
1.26152e-19   -0.102296    0.535231
1.26152e-19   -0.102296    0.535231
1.26152e-19   -0.102296    0.535231
1.26152e-19   -0.102296    0.535231
1.26152e-19   -0.102296    0.535231
1.26152e-19   -0.102296    0.535231
1.26152e-19   -0.102296    0.535231
1.26152e-19   -0.102296    0.535231
1.26152e-19   -0.102296    0.535231
1.26152e-19   -0.102296    0.535231
1.26152e-19   -0.102296    0.535231
1.26152e-19   -0.102296    0.535231
1.26152e-19   -0.102296    0.535231
1.26152e-19   -0.102296    0.535231
1.26152e-19   -0.102296    0.535231
1.26152e-19   -0.102296    0.535231
1.26152e-19   -0.102296    0.535231
1.26152e-19   -0.102296    0.535231
1.26152e-19   -0.102296    0.535231
1.26152e-19   -0.102296    0.535231
1.26152e-19   -0.102296    0.535231
1.26152e-19   -0.102296    0.535231
1.26152e-19   -0.102296    0.535231
1.26152e-19   -0.102296    0.535231
1.26152e-19   -0.102296    0.535231
1.26152e-19   -0.102296    0.535231
1.26152e-19   -0.102296    0.535231
1.26152e-19   -0.102296    0.535231
1.26152e-19   -0.102296    0.535231
1.26152e-19   -0.102296    0.535231
1.26152e-19   -0.102296    0.535231
1.26152e-19   -0.102296    0.535231
1.26152e-19   -0.102296    0.535231
1.26152e-19   -0.102296    0.535231
1.26152e-19   -0.102296    0.535231
1.26152e-19   -0.102296    0.535231
1.26152e-19   -0.102296    0.535231
1.26152e-19   -0.102296    0.535231
1.26152e-19   -0.102296    0.535231
1.26152e-19   -0.102296    0.535231
1.26152e-19   -0.102296    0.535231
1.26152e-19   -0.102296    0.535231
1.26152e-19   -0.102296    0.535231
1.26152e-19   -0.102296    0.535231
1.26152e-19   -0.102296    0.535231
1.26152e-19   -0.102296    0.535231
1.26152e-19   -0.102296    0.535231
1.26152e-19   -0.102296    0.535231
1.26152e-19   -0.102296    0.535231
1.26152e-19   -0.102296    0.535231
1.26152e-19   -0.102296    0.535231
1.26152e-19   -0.102296    0.535231
1.26152e-19   -0.102296    0.535231
1.26152e-19   -0.102296    0.535231
1.26152e-19   -0.102296    0.535231
1.26152e-19   -0.102296    0.535231
1.26152e-19   -0.102296    0.535231
1.26152e-19   -0.102296    0.535231
1.26152e-19   -0.102296    0.535231
1.26152e-19   -0.102296    0.535231
1.26152e-19   -0.102296    0.535231
1.26152e-19   -0.102296    0.535231
1.26152e-19   -0.102296    0.535231
1.26152e-19   -0.102296    0.535231
1.26152e-19   -0.102296    0.535231
1.26152e-19   -0.102296    0.535231
1.26152e-19   -0.102296    0.535231
1.26152e-19   -0.102296    0.535231
1.26152e-19   -0.102296    0.535231
1.26152e-19   -0.102296    0.535231
1.26152e-19   -0.102296    0.535231
1.26152e-19   -0.102296    0.535231
1.26152e-19   -0.102296    0.535231
1.26152e-19   -0.102296    0.535231
1.26152e-19   -0.102296    0.535231
1.26152e-19   -0.102296    0.535231
1.26152e-19   -0.102296    0.535231
1.26152e-19   -0.102296    0.535231
1.26152e-19   -0.102296    0.535231
1.26152e-19   -0.102296    0.535231
1.26152e-19   -0.102296    0.535231
1.26152e-19   -0.102296    0.535231
1.26152e-19   -0.102296    0.535231
1.26152e-19   -0.102296    0.535231
1.26152e-19   -0.102296    0.535231
1.26152e-19   -0.102296    0.535231
1.26152e-19   -0.102296    0.535231
1.26152e-19   -0.102296    0.535231
1.26152e-19   -0.102296    0.535231
1.26152e-19   -0.102296    0.535231
1.26152e-19   -0.102296    0.535231
1.26152e-19   -0.102296    0.535231
1.26152e-19   -0.102296    0.535231
1.26152e-19   -0.102296    0.535231
1.26152e-19   -0.102296    0.535231
1.26152e-19   -0.102296    0.535231
1.26152e-19   -0.102296    0.535231
1.26152e-19   -0.102296    0.535231
1.26152e-19   -0.102296    0.535231
1.26152e-19   -0.102296    0.535231
1.26152e-19   -0.102296    0.535231
1.26152e-19   -0.102296    0.535231
1.26152e-19   -0.102296    0.535231
1.26152e-19   -0.102296    0.535231
1.26152e-19   -0.102296    0.535231
1.26152e-19   -0.102296    0.535231
1.26152e-19   -0.102296    0.535231
1.26152e-19   -0.102296    0.535231
1.26152e-19   -0.102296    0.535231
1.26152e-19   -0.102296    0.535231
1.26152e-19   -0.102296    0.535231
1.26152e-19   -0.102296    0.535231
1.26152e-19   -0.102296    0.535231
1.26152e-19   -0.102296    0.535231
1.26152e-19   -0.102296    0.535231
1.26152e-19   -0.102296    0.535231
1.26152e-19   -0.102296    0.535231
1.26152e-19   -0.102296    0.535231
1.26152e-19   -0.102296    0.535231
1.26152e-19   -0.102296    0.535231
1.26152e-19   -0.102296    0.535231
1.26152e-19   -0.102296    0.535231
1.26152e-19   -0.102296    0.535231
1.26152e-19   -0.102296    0.535231
1.26152e-19   -0.102296    0.535231
1.26152e-19   -0.102296    0.535231
1.26152e-19   -0.102296    0.535231
1.26152e-19   -0.102296    0.535231
1.26152e-19   -0.102296    0.535231
1.26152e-19   -0.102296    0.535231
1.26152e-19   -0.102296    0.535231
1.26152e-19   -0.102296    0.535231
1.26152e-19   -0.102296    0.535231
1.26152e-19   -0.102296    0.535231
1.26152e-19   -0.102296    0.535231
1.26152e-19   -0.102296    0.535231
1.26152e-19   -0.102296    0.535231
1.26152e-19   -0.102296    0.535231
1.26152e-19   -0.102296    0.535231
1.26152e-19   -0.102296    0.535231
1.26152e-19   -0.102296    0.535231
1.26152e-19   -0.102296    0.535231
1.26152e-19   -0.102296    0.535231
1.26152e-19   -0.102296    0.535231
1.26152e-19   -0.102296    0.535231
1.26152e-19   -0.102296    0.535231
1.26152e-19   -0.102296    0.535231
1.26152e-19   -0.102296    0.535231
1.26152e-19   -0.102296    0.535231
1.26152e-19   -0.102296    0.535231
1.26152e-19   -0.102296    0.535231
1.26152e-19   -0.102296    0.535231
1.26152e-19   -0.102296    0.535231
1.26152e-19   -0.102296    0.535231
1.26152e-19   -0.102296    0.535231
1.26152e-19   -0.102296    0.535231
1.26152e-19   -0.102296    0.535231
1.26152e-19   -0.102296    0.535231
1.26152e-19   -0.102296    0.535231
1.26152e-19   -0.102296    0.535231
1.26152e-19   -0.102296    0.535231
1.26152e-19   -0.102296    0.535231
1.26152e-19   -0.102296    0.535231
1.26152e-19   -0.102296    0.535231
1.26152e-19   -0.102296    0.535231
1.26152e-19   -0.102296    0.535231
1.26152e-19   -0.102296    0.535231
1.26152e-19   -0.102296    0.535231
1.26152e-19   -0.102296    0.535231
1.26152e-19   -0.102296    0.535231
1.26152e-19   -0.102296    0.535231
1.26152e-19   -0.102296    0.535231
1.26152e-19   -0.102296    0.535231
1.26152e-19   -0.102296    0.535231
1.26152e-19   -0.102296    0.535231
1.26152e-19   -0.102296    0.535231
1.26152e-19   -0.102296    0.535231
1.26152e-19   -0.102296    0.535231
1.26152e-19   -0.102296    0.535231
1.26152e-19   -0.102296    0.535231
1.26152e-19   -0.102296    0.535231
1.26152e-19   -0.102296    0.535231
1.26152e-19   -0.102296    0.535231
1.26152e-19   -0.102296    0.535231
1.26152e-19   -0.102296    0.535231
1.26152e-19   -0.102296    0.535231
1.26152e-19   -0.102296    0.535231
1.26152e-19   -0.102296    0.535231
1.26152e-19   -0.102296    0.535231
1.26152e-19   -0.102296    0.535231
1.26152e-19   -0.102296    0.535231
1.26152e-19   -0.102296    0.535231
1.26152e-19   -0.102296    0.535231
1.26152e-19   -0.102296    0.535231
1.26152e-19   -0.102296    0.535231
1.26152e-19   -0.102296    0.535231
1.26152e-19   -0.102296    0.535231
1.26152e-19   -0.102296    0.535231
1.26152e-19   -0.102296    0.535231
1.26152e-19   -0.102296    0.535231
1.26152e-19   -0.102296    0.535231
1.26152e-19   -0.102296    0.535231
1.26152e-19   -0.102296    0.535231
1.26152e-19   -0.102296    0.535231
1.26152e-19   -0.102296    0.535231
1.26152e-19   -0.102296    0.535231
1.26152e-19   -0.102296    0.535231
1.26152e-19   -0.102296    0.535231
1.26152e-19   -0.102296    0.535231
1.26152e-19   -0.102296    0.535231
1.26152e-19   -0.102296    0.535231
1.26152e-19   -0.102296    0.535231
1.26152e-19   -0.102296    0.535231
1.26152e-19   -0.102296    0.535231
1.26152e-19   -0.102296    0.535231
1.26152e-19   -0.102296    0.535231
1.26152e-19   -0.102296    0.535231
1.26152e-19   -0.102296    0.535231
1.26152e-19   -0.102296    0.535231
1.26152e-19   -0.102296    0.535231
1.26152e-19   -0.102296    0.535231
1.26152e-19   -0.102296    0.535231
1.26152e-19   -0.102296    0.535231
1.26152e-19   -0.102296    0.535231
1.26152e-19   -0.102296    0.535231
1.26152e-19   -0.102296    0.535231
1.26152e-19   -0.102296    0.535231
1.26152e-19   -0.102296    0.535231
1.26152e-19   -0.102296    0.535231
1.26152e-19   -0.102296    0.535231
1.26152e-19   -0.102296    0.535231
1.26152e-19   -0.102296    0.535231
1.26152e-19   -0.102296    0.535231
1.26152e-19   -0.102296    0.535231
1.26152e-19   -0.102296    0.535231
1.26152e-19   -0.102296    0.535231
1.26152e-19   -0.102296    0.535231
1.26152e-19   -0.102296    0.535231
1.26152e-19   -0.102296    0.535231
1.26152e-19   -0.102296    0.535231
1.26152e-19   -0.102296    0.535231
1.26152e-19   -0.102296    0.535231
1.26152e-19   -0.102296    0.535231
1.26152e-19   -0.102296    0.535231
1.26152e-19   -0.102296    0.535231
1.26152e-19   -0.102296    0.535231
1.26152e-19   -0.102296    0.535231
1.26152e-19   -0.102296    0.535231
1.26152e-19   -0.102296    0.535231
1.26152e-19   -0.102296    0.535231
1.26152e-19   -0.102296    0.535231
1.26152e-19   -0.102296    0.535231
1.26152e-19   -0.102296    0.535231
1.26152e-19   -0.102296    0.535231
1.26152e-19   -0.102296    0.535231
1.26152e-19   -0.102296    0.535231
1.26152e-19   -0.102296    0.535231
1.26152e-19   -0.102296    0.535231
1.26152e-19   -0.102296    0.535231
1.26152e-19   -0.102296    0.535231
1.26152e-19   -0.102296    0.535231
1.26152e-19   -0.102296    0.535231
1.26152e-19   -0.102296    0.535231
1.26152e-19   -0.102296    0.535231
1.26152e-19   -0.102296    0.535231
1.26152e-19   -0.102296    0.535231
1.26152e-19   -0.102296    0.535231
1.26152e-19   -0.102296    0.535231
1.26152e-19   -0.102296    0.535231
1.26152e-19   -0.102296    0.535231
1.26152e-19   -0.102296    0.535231
1.26152e-19   -0.102296    0.535231
1.26152e-19   -0.102296    0.535231
1.26152e-19   -0.102296    0.535231
1.26152e-19   -0.102296    0.535231
1.26152e-19   -0.102296    0.535231
1.26152e-19   -0.102296    0.535231
1.26152e-19   -0.102296    0.535231
1.26152e-19   -0.102296    0.535231
1.26152e-19   -0.102296    0.535231
1.26152e-19   -0.102296    0.535231
1.26152e-19   -0.102296    0.535231
1.26152e-19   -0.102296    0.535231
1.26152e-19   -0.102296    0.535231
1.26152e-19   -0.102296    0.535231
1.26152e-19   -0.102296    0.535231
1.26152e-19   -0.102296    0.535231
1.26152e-19   -0.102296    0.535231
1.26152e-19   -0.102296    0.535231
1.26152e-19   -0.102296    0.535231
1.26152e-19   -0.102296    0.535231
1.26152e-19   -0.102296    0.535231
1.26152e-19   -0.102296    0.535231
1.26152e-19   -0.102296    0.535231
1.26152e-19   -0.102296    0.535231
1.26152e-19   -0.102296    0.535231
1.26152e-19   -0.102296    0.535231
1.26152e-19   -0.102296    0.535231
1.26152e-19   -0.102296    0.535231
1.26152e-19   -0.102296    0.535231
1.26152e-19   -0.102296    0.535231
1.26152e-19   -0.102296    0.535231
1.26152e-19   -0.102296    0.535231
1.26152e-19   -0.102296    0.535231
1.26152e-19   -0.102296    0.535231
1.26152e-19   -0.102296    0.535231
1.26152e-19   -0.102296    0.535231
1.26152e-19   -0.102296    0.535231
1.26152e-19   -0.102296    0.535231
1.26152e-19   -0.102296    0.535231
1.26152e-19   -0.102296    0.535231
1.26152e-19   -0.102296    0.535231
