4.05312e-06
0.0100601
0.020118
0.0301831
0.040216
0.0502732
0.0603311
0.0703881
0.0804451
0.0905101
0.100581
0.11064
0.120705
0.13077
0.14084
0.150906
0.160971
0.171036
0.181092
0.191157
0.201228
0.211297
0.221352
0.231406
0.241461
0.251516
0.261574
0.271627
0.281682
0.291734
0.301787
0.311841
0.321896
0.331966
0.342031
0.352085
0.362139
0.372193
0.382247
0.392301
0.402368
0.412433
0.422506
0.43256
0.442616
0.45267
0.462725
0.472781
0.482836
0.492891
0.50296
0.513014
0.523079
0.533145
0.5432
0.553254
0.563309
0.573363
0.583417
0.593473
0.603527
0.613581
0.623635
0.63369
0.643745
0.6538
0.66387
0.673924
0.683978
0.694032
0.7041
0.714154
0.72421
0.734264
0.74432
0.754386
0.764441
0.77451
0.784574
0.794631
0.8047
0.814766
0.824832
0.834898
0.844954
0.855019
0.865084
0.875142
0.885208
0.895277
0.905334
0.915391
0.925455
0.935521
0.945578
0.955642
0.9657
0.97577
0.985826
0.995883
1.00596
1.01603
1.02609
1.03614
1.04621
1.05627
1.06633
1.07639
1.08645
1.09651
1.10656
1.11662
1.12668
1.13674
1.1468
1.15687
1.16694
1.177
1.18708
1.19713
1.2072
1.21727
1.22733
1.23739
1.24744
1.2575
1.26756
1.27762
1.28768
1.29774
1.30781
1.31786
1.32792
1.33797
1.34803
1.35808
1.36814
1.37819
1.38825
1.3983
1.40836
1.41841
1.42848
1.43853
1.4486
1.45866
1.46872
1.47878
1.48883
1.49889
1.50896
1.51903
1.52908
1.53915
1.54922
1.55928
1.56934
1.57941
1.58948
1.59955
1.60963
1.6197
1.62976
1.63985
1.64991
1.65998
1.67004
1.68011
1.69017
1.70022
1.71028
1.72033
1.73039
1.74044
1.75051
1.76058
1.77064
1.7807
1.79076
1.80083
1.81089
1.82095
1.83101
1.84108
1.85114
1.86121
1.87128
1.88135
1.89141
1.90148
1.91153
1.9216
1.93165
1.94172
1.95178
1.96185
1.97192
1.98198
1.99205
2.00212
2.01217
2.02224
2.03229
2.04235
2.05241
2.06246
2.07253
2.08259
2.09264
2.1027
2.11275
2.12281
2.13286
2.14292
2.15298
2.16304
2.1731
2.18316
2.19321
2.20327
2.21333
2.22339
2.23345
2.2435
2.25356
2.26363
2.27368
2.28374
2.29379
2.30385
2.31392
2.32397
2.33404
2.34411
2.35417
2.36424
2.37431
2.38437
2.39444
2.40451
2.41456
2.42462
2.43469
2.44474
2.4548
2.46486
2.47493
2.48499
2.49506
2.50513
2.51519
2.52525
2.53532
2.54539
2.55545
2.56552
2.57558
2.58564
2.59571
2.60578
2.61584
2.6259
2.63596
2.64602
2.65607
2.66613
2.67619
2.68625
2.69632
2.70637
2.71643
2.72649
2.73655
2.74662
2.75668
2.76675
2.77681
2.78688
2.79695
2.80701
2.81708
2.82714
2.83722
2.84729
2.85735
2.86742
2.87748
2.88755
2.89762
2.90768
2.91775
2.92782
2.93789
2.94795
2.95801
2.96807
2.97813
2.98819
2.99824
3.00831
3.01837
3.02842
3.03849
3.04855
3.05862
3.06868
3.07874
3.0888
3.09885
3.10891
3.11896
3.12902
3.13907
3.14913
3.15918
3.16924
3.1793
3.18935
3.19941
3.20946
3.21952
3.22957
3.23963
3.24968
3.25975
3.26982
3.27988
3.28995
3.30002
3.31011
3.3202
3.33028
3.34037
3.35045
3.36052
3.37061
3.38069
3.39076
3.40086
3.41095
3.42103
3.43112
3.4412
3.45127
3.46134
3.4714
3.48148
3.49157
3.50163
3.51173
3.5218
3.53185
3.54191
3.55197
3.56202
3.57208
3.58217
3.59224
3.6023
3.61236
3.62245
3.6325
3.64256
3.65262
3.66269
3.67276
3.68282
3.69288
3.70294
3.71301
3.72308
3.73315
3.74322
3.75328
3.76335
3.77342
3.78349
3.79356
3.80363
3.81371
3.82377
3.83385
3.84392
3.854
3.86405
3.87412
3.88418
3.89423
3.90442
3.91447
3.92452
3.93459
3.94464
3.9547
3.96476
3.97482
3.98488
3.99494
4.005
4.01506
4.02514
4.03519
4.04525
4.05531
4.06536
4.07542
4.08548
4.09554
4.10561
4.11567
4.12573
4.13578
4.14584
4.1559
4.16599
4.17605
4.18614
4.19623
4.20629
4.21636
4.22642
4.23649
4.24656
4.25661
4.26668
4.27674
4.28681
4.29688
4.30694
4.31702
4.32708
4.33715
4.34721
4.35726
4.36733
4.37738
4.38744
4.3975
4.40755
4.41762
4.42768
4.43775
4.4478
4.45788
4.46794
4.47799
4.48803
4.49809
4.50814
4.5182
4.52826
4.53832
4.54837
4.55843
4.56849
4.57856
4.58862
4.59867
4.60873
4.61879
4.62886
4.63893
4.64899
4.65906
4.66912
4.67917
4.68923
4.69929
4.70935
4.71941
4.72948
4.73954
4.7496
4.75965
4.76972
4.77978
4.78983
4.79989
4.80995
4.82002
4.83009
4.84015
4.85022
4.86028
4.87035
4.88042
4.8905
4.90056
4.91063
4.9207
4.93078
4.94085
4.95092
4.96101
4.97109
4.98117
4.99123
5.00131
5.01137
5.02147
5.03155
5.04163
5.05172
5.06181
5.0719
5.08198
5.09206
5.10213
5.11219
5.12224
5.1323
5.14237
5.15245
5.16255
5.17264
5.18273
5.19282
5.20289
5.21298
5.22307
5.23316
5.24325
5.25333
5.26341
5.27348
5.28357
5.29366
5.30374
5.31384
5.32393
5.33402
5.3441
5.35418
5.36427
5.37434
5.38439
5.39445
5.40455
5.41463
5.4247
5.43486
5.44492
5.45498
5.46503
5.47509
5.48516
5.49522
5.50527
5.51533
5.52539
5.53544
5.5455
5.55556
5.56563
5.57569
5.58574
5.59583
5.60591
5.61597
5.62603
5.63612
5.6462
5.65629
5.66639
5.67648
5.68656
5.69665
5.70671
5.7168
5.72686
5.73692
5.747
5.75709
5.76718
5.77728
5.78737
5.79747
5.80752
5.81761
5.82768
5.83776
5.84785
5.85792
5.86801
5.87808
5.88816
5.89826
5.90831
5.91842
5.92851
5.9386
5.94868
5.95874
5.96881
5.97888
5.98897
5.99904
6.00911
6.01919
6.02925
6.03932
6.04939
6.05945
6.06952
6.07959
6.08965
6.0997
6.10976
6.11982
6.12988
6.13994
6.15
6.16008
6.17015
6.18022
6.19028
6.20035
6.21041
6.22047
6.23051
6.24056
6.25062
6.26069
6.27075
6.28082
6.29089
6.30094
6.31101
6.32107
6.33112
6.34118
6.35123
6.36129
6.37136
6.38142
6.39148
6.40153
6.41159
6.42167
6.43172
6.4418
6.45186
6.46192
6.47197
6.48203
6.4921
6.50216
6.51222
6.52227
6.53233
6.54239
6.55244
6.5625
6.57256
6.58261
6.59267
6.60272
6.61278
6.62283
6.63289
6.64295
6.653
6.66306
6.67312
6.68318
6.69324
6.70329
6.71335
6.72341
6.73347
6.74354
6.7536
6.76367
6.77374
6.7838
6.79385
6.80392
6.81399
6.82406
6.83412
6.84418
6.85425
6.86431
6.87438
6.88445
6.89451
6.90456
6.91462
6.92469
6.93476
6.94485
6.95493
6.96498
6.97505
6.98514
6.9952
7.00527
7.01534
7.02541
7.03548
7.04556
7.05563
7.0657
7.07575
7.08579
7.09585
7.10594
7.11603
7.1261
7.13619
7.14628
7.15637
7.16646
7.17652
7.18661
7.1967
7.20679
7.21687
7.22696
7.23703
7.2471
7.25718
7.26727
7.27736
7.28743
7.2975
7.30759
7.31765
7.32772
7.33779
7.34788
7.35797
7.36806
7.37816
7.38825
7.39833
7.4084
7.41848
7.42856
7.43867
7.44872
7.45879
7.46885
7.47891
7.48899
7.49904
7.50914
7.51921
7.52931
7.5394
7.54946
7.55955
7.56964
7.57969
7.58975
7.59981
7.60987
7.61993
7.62999
7.64007
7.65013
7.6602
7.67026
7.68033
7.69039
7.70044
7.7105
7.72057
7.73065
7.74072
7.75077
7.76084
7.7709
7.78097
7.79104
7.8011
7.81116
7.82122
7.83127
7.84133
7.85138
7.86144
7.87151
7.88159
7.89166
7.90174
7.91179
7.92185
7.93192
7.94197
7.95206
7.96215
7.97224
7.98229
7.99236
8.00246
8.01255
8.02263
8.03272
8.04281
8.05291
8.06297
8.07306
8.08315
8.09322
8.1033
8.11339
8.12348
8.13355
8.14363
8.15371
8.16378
8.17386
8.18393
8.194
8.20407
8.21416
8.22423
8.23431
8.24438
8.25446
8.26454
8.27462
8.28468
8.29476
8.30484
8.31492
8.32499
8.33509
8.34517
8.35525
8.36532
8.3754
8.3855
8.39559
8.40568
8.41577
8.42586
8.43596
8.44605
8.4561
8.46617
8.47622
8.48627
8.49636
8.50645
8.51651
8.52657
8.53664
8.54671
8.55678
8.56685
8.57691
8.58705
8.59711
8.60713
8.6172
8.62726
8.63732
8.64741
8.65752
8.66757
8.67763
8.68769
8.69776
8.70785
8.71792
8.728
8.73806
8.74813
8.7582
8.76827
8.77834
8.78842
8.7985
8.80859
8.81865
8.82874
8.83881
8.84886
8.85895
8.869
8.87907
8.88914
8.89922
8.90929
8.91935
8.92942
8.93949
8.94955
8.9596
8.96966
8.97972
8.98977
8.99984
9.00991
9.01997
9.03004
9.04011
9.0502
9.06027
9.07035
9.08042
9.09049
9.10056
9.11064
9.12071
9.1308
9.14088
9.15094
9.16103
9.1711
9.18117
9.19124
9.20131
9.21136
9.22143
9.23152
9.24161
9.25167
9.26174
9.2718
9.28189
9.29198
9.30205
9.31213
9.32221
9.3323
9.34238
9.35248
9.36256
9.37264
9.38273
9.39281
9.4029
9.41299
9.42308
9.43317
9.44325
9.45332
9.46339
9.47345
9.48352
9.49359
9.50366
9.51373
9.52381
9.53388
9.54395
9.55402
9.56407
9.57413
9.58419
9.59421
9.60428
9.61434
9.62441
9.63446
