0.0169073 -0.105385  0.508342
 0.016908 -0.105385  0.508342
0.0169082 -0.105386  0.508342
0.0169074 -0.105386  0.508342
0.0169063 -0.105387  0.508341
0.0169045 -0.105387  0.508341
0.0169022 -0.105388  0.508341
0.0168992 -0.105387  0.508341
0.0168959 -0.105389  0.508341
0.0168921 -0.105388  0.508341
0.0168879 -0.105389   0.50834
0.0168835 -0.105388   0.50834
0.0168787 -0.105386   0.50834
0.0168739 -0.105386   0.50834
0.0168681 -0.105386  0.508339
0.0168631 -0.105383  0.508339
0.0168566 -0.105381  0.508338
0.0168518 -0.105377  0.508338
0.0168459 -0.105372  0.508337
0.0168399 -0.105367  0.508336
0.0168335 -0.105359  0.508336
0.0168261 -0.105353  0.508334
0.0168204  -0.10534  0.508334
0.0168125 -0.105329  0.508333
0.0168063 -0.105315  0.508331
0.0167988 -0.105298   0.50833
0.016791 -0.10528 0.508328
0.0167828 -0.105259  0.508326
0.0167743 -0.105237  0.508324
0.0167661 -0.105219  0.508322
0.0167557 -0.105182   0.50832
0.0167457  -0.10515  0.508317
0.0167351 -0.105116  0.508314
0.0167239 -0.105077  0.508311
0.0167121 -0.105035  0.508308
0.0166996 -0.104992  0.508305
0.0166864 -0.104943  0.508301
0.0166737 -0.104896  0.508297
0.0166592  -0.10484  0.508292
0.0166439 -0.104783  0.508288
0.0166278 -0.104721  0.508283
0.0166109 -0.104656  0.508277
0.0165932 -0.104587  0.508272
0.0165704 -0.104506  0.508264
0.0165509 -0.104428  0.508258
0.0165306 -0.104349  0.508251
0.0165095 -0.104264  0.508244
0.0164876 -0.104177  0.508236
0.0164648 -0.104085  0.508228
0.0164413  -0.10399  0.508219
0.0164169 -0.103891  0.508211
0.0163917 -0.103787  0.508201
0.0163657 -0.103682  0.508191
 0.016339 -0.103571  0.508181
0.0163114 -0.103459   0.50817
 0.016283 -0.103341  0.508159
0.0162551 -0.103224  0.508146
0.0162237 -0.103096  0.508134
 0.016196 -0.102974  0.508121
0.0161644 -0.102843  0.508107
0.0161319 -0.102707  0.508093
0.0160925 -0.102541  0.508077
0.0160581 -0.102396  0.508061
0.0160228 -0.102249  0.508045
0.0159866 -0.102097  0.508027
0.0159495 -0.101942  0.508009
0.0159116 -0.101782   0.50799
0.0158727 -0.101618  0.507971
0.0158329 -0.101452   0.50795
0.0157922  -0.10128  0.507929
0.0157505 -0.101104  0.507907
0.0157079 -0.100926  0.507883
0.0156642 -0.100742  0.507859
0.0156196 -0.100555  0.507833
0.0155741 -0.100362  0.507807
0.0155276 -0.100166   0.50778
 0.0154805 -0.0999677   0.507752
 0.0154322 -0.0997633   0.507723
 0.0153828 -0.0995553   0.507692
 0.0153328 -0.0993453    0.50766
 0.0152815 -0.0991296   0.507627
 0.0152298 -0.0989111   0.507593
 0.0151774 -0.0986893   0.507558
 0.0151243 -0.0984667   0.507521
0.0150711  -0.09824  0.507485
 0.0150169 -0.0980105   0.507447
  0.014965 -0.0977863   0.507406
   0.01491 -0.0975536   0.507365
 0.0148545 -0.0973193   0.507323
 0.0147988 -0.0970834    0.50728
 0.0147428 -0.0968485   0.507236
0.0146867 -0.096611  0.507192
 0.0146304 -0.0963735   0.507146
 0.0145741 -0.0961353     0.5071
 0.0145209 -0.0959075   0.507054
 0.0144515 -0.0956364      0.507
 0.0143953 -0.0954019   0.506951
 0.0143392 -0.0951662   0.506902
 0.0142834 -0.0949319   0.506852
 0.0142279 -0.0946995   0.506801
 0.0141727 -0.0944685    0.50675
  0.014118 -0.0942394   0.506698
 0.0140637 -0.0940146   0.506646
0.0140098 -0.093791  0.506593
 0.0139567 -0.0935684   0.506541
 0.0139041 -0.0933497   0.506487
 0.0138519 -0.0931329   0.506434
 0.0138004 -0.0929193    0.50638
 0.0137493 -0.0927107   0.506325
 0.0136991 -0.0925017   0.506271
0.0136491 -0.092297  0.506216
 0.0135877 -0.0920581   0.506156
 0.0135511 -0.0918943   0.506106
 0.0134911 -0.0916638   0.506046
 0.0134441 -0.0914676   0.505989
 0.0133958 -0.0912774   0.505933
 0.0133612 -0.0911229   0.505882
 0.0133152 -0.0909355   0.505826
   0.01327 -0.0907529    0.50577
 0.0132275 -0.0905506   0.505702
  0.013216 -0.0903873   0.505713
 0.0131206 -0.0903321   0.505726
0.0130724 -0.090244  0.505742
 0.0130336 -0.0901794   0.505738
  0.013004 -0.0901118   0.505727
 0.0129764 -0.0900481   0.505709
 0.0129536 -0.0899819   0.505688
 0.0129303 -0.0899179   0.505664
 0.0129104 -0.0898496   0.505638
0.0128899 -0.089782  0.505609
 0.0128716 -0.0897085   0.505578
 0.0128545 -0.0896365   0.505545
 0.0128366 -0.0895546    0.50551
 0.0128163 -0.0894697   0.505472
 0.0127962 -0.0893756   0.505433
 0.0127828 -0.0892983   0.505395
0.0127784 -0.089184  0.505335
 0.0127202 -0.0890786   0.505385
0.0126028 -0.089055  0.505452
 0.0125252 -0.0890205   0.505498
 0.0124637 -0.0889828   0.505516
 0.0124135 -0.0889365   0.505519
 0.0123663 -0.0888869   0.505511
 0.0123238 -0.0888302   0.505495
 0.0122838 -0.0887665   0.505474
  0.012246 -0.0886971   0.505447
 0.0122102 -0.0886216   0.505417
 0.0121764 -0.0885397   0.505382
 0.0121448 -0.0884518   0.505344
 0.0121153 -0.0883577   0.505303
 0.0120881 -0.0882576   0.505259
  0.012063 -0.0881512   0.505213
 0.0120399 -0.0880405   0.505165
 0.0120229 -0.0879235   0.505117
  0.012013 -0.0878139   0.505065
 0.0120025 -0.0876936   0.505014
 0.0119928 -0.0875694   0.504961
 0.0119839 -0.0874427   0.504909
 0.0119771 -0.0873126   0.504856
 0.0119684 -0.0871847   0.504802
 0.0119627 -0.0870537   0.504749
 0.0119552 -0.0869266   0.504695
 0.0119503 -0.0867978   0.504642
0.0119433 -0.086674  0.504588
 0.0119387 -0.0865497   0.504535
0.0119318 -0.086432  0.504482
 0.0119271 -0.0863153    0.50443
0.0119203 -0.086206  0.504378
 0.0119152 -0.0860982   0.504326
 0.0119078 -0.0859985   0.504275
 0.0119024 -0.0859012   0.504225
 0.0118968 -0.0858141   0.504173
 0.0118909 -0.0857279   0.504124
0.0118796 -0.085649  0.504076
 0.0118758 -0.0855754   0.504027
 0.0118667 -0.0855089   0.503979
 0.0118516 -0.0854405   0.503927
 0.0118433 -0.0853858    0.50388
  0.011835 -0.0853338   0.503835
 0.0118261 -0.0852881   0.503789
 0.0118181 -0.0852461   0.503744
 0.0118129 -0.0852106   0.503699
 0.0118049 -0.0851762   0.503655
 0.0117966 -0.0851469   0.503611
 0.0117889 -0.0851189   0.503567
 0.0117812 -0.0850954   0.503523
 0.0117742 -0.0850727    0.50348
 0.0117673 -0.0850537   0.503436
 0.0117612 -0.0850346   0.503393
 0.0117551 -0.0850184   0.503349
   0.01175 -0.0850016   0.503306
 0.011745 -0.084987  0.503262
 0.0117409 -0.0849707   0.503219
  0.011737 -0.0849565   0.503175
 0.0117341 -0.0849406   0.503132
 0.0117312 -0.0849258   0.503088
0.0117295 -0.084909  0.503044
 0.0117278 -0.0848931      0.503
0.0117272 -0.084875  0.502956
 0.0117266 -0.0848576   0.502911
 0.0117299 -0.0848373   0.502865
 0.0117308 -0.0848186   0.502821
  0.011725 -0.0847908   0.502772
 0.0117278 -0.0847674   0.502728
 0.0117322 -0.0847473   0.502683
 0.0117367 -0.0847225   0.502638
 0.0117377 -0.0847001   0.502593
 0.0117423 -0.0846744   0.502548
  0.011745 -0.0846512   0.502503
0.0117504 -0.084625  0.502459
 0.0117538 -0.0846013   0.502414
 0.0117599 -0.0845751    0.50237
  0.011764 -0.0845521   0.502325
 0.0117706 -0.0845265   0.502281
 0.0117754 -0.0845044   0.502237
0.0117828  -0.08448  0.502194
  0.011788 -0.0844592    0.50215
 0.0117958 -0.0844364   0.502107
 0.0118014 -0.0844173   0.502063
 0.0118094 -0.0843964   0.502021
 0.0118153 -0.0843795   0.501978
 0.0118235 -0.0843608   0.501936
 0.0118297 -0.0843463   0.501894
 0.0118382 -0.0843299   0.501852
 0.0118467 -0.0843175   0.501809
 0.0118549 -0.0843034   0.501768
 0.0118585 -0.0842934   0.501727
 0.0118751 -0.0842742   0.501644
 0.0118751 -0.0842742   0.501644
 0.0118891 -0.0842591   0.501563
 0.0118978 -0.0842518   0.501523
 0.0119037 -0.0842481   0.501482
 0.0119056 -0.0842457   0.501438
 0.0119128 -0.0842428   0.501399
 0.0119206 -0.0842388    0.50136
  0.011928 -0.0842369   0.501321
 0.0119359 -0.0842338   0.501283
  0.011947 -0.0842326   0.501245
 0.0119553 -0.0842302   0.501207
 0.0119634 -0.0842295   0.501169
  0.011972 -0.0842274   0.501131
 0.0119804 -0.0842271   0.501094
 0.0119891 -0.0842251   0.501057
 0.0119977 -0.0842248    0.50102
 0.0120068 -0.0842229   0.500984
 0.0120155 -0.0842225   0.500947
 0.0120247 -0.0842205   0.500911
0.0120335  -0.08422  0.500875
 0.0120428 -0.0842178    0.50084
 0.0120516 -0.0842172   0.500804
 0.0120608 -0.0842151   0.500769
 0.0120696 -0.0842144   0.500734
0.0120787 -0.084212  0.500699
 0.0120874 -0.0842111   0.500664
 0.0120964 -0.0842086   0.500629
0.0121064 -0.084208  0.500593
  0.012115 -0.0842055   0.500559
 0.0121232 -0.0842048   0.500525
 0.0121316 -0.0842025   0.500491
 0.0121396 -0.0842018   0.500457
 0.0121478 -0.0841997   0.500423
 0.0121478 -0.0841997   0.500423
 0.0121639 -0.0841999   0.500355
  0.012171 -0.0841996   0.500322
 0.0121784 -0.0841978   0.500289
 0.0120872 -0.0841834   0.500245
 0.0121821 -0.0841901   0.500253
0.0121878 -0.084191   0.50022
 0.0121954 -0.0841892   0.500188
 0.0122003 -0.0841907   0.500155
 0.0122072 -0.0841895   0.500122
 0.0122163 -0.0841973   0.500092
 0.0122181 -0.0841908   0.500057
 0.0122282 -0.0841932   0.499992
 0.0122316 -0.0841963    0.49996
 0.0122316 -0.0841963    0.49996
  0.012238 -0.0841968   0.499927
  0.012242 -0.0842002   0.499895
 0.0122483 -0.0842008   0.499864
 0.0122552 -0.0842044   0.499832
 0.0122614 -0.0842054   0.499801
  0.012271 -0.0842111   0.499739
 0.0122746 -0.0842156   0.499707
 0.0122807 -0.0842173   0.499676
 0.0122849 -0.0842242   0.499645
 0.0122849 -0.0842242   0.499645
 0.0122918 -0.0842257   0.499614
 0.0122965 -0.0842305   0.499584
 0.0123082 -0.0842369   0.499525
 0.0123152 -0.0842387   0.499496
 0.0123201 -0.0842434   0.499466
 0.0123276 -0.0842452   0.499437
 0.0123329 -0.0842501   0.499408
 0.0123409 -0.0842515    0.49938
 0.0123409 -0.0842515    0.49938
 0.0123436 -0.0842562   0.499352
 0.0123517 -0.0842576   0.499324
 0.0123573 -0.0842623   0.499297
  0.012365 -0.0842637    0.49927
 0.0123703 -0.0842681   0.499243
 0.0123811 -0.0842694   0.499216
  0.012383 -0.0842739   0.499189
 0.0123934 -0.0842752   0.499163
 0.0124051 -0.0842831   0.499109
 0.0124109 -0.0842856   0.499083
 0.0124167 -0.0842884   0.499056
 0.0124227 -0.0842911    0.49903
 0.0124227 -0.0842911    0.49903
 0.0124344 -0.0842962   0.498979
 0.0124387 -0.0843005   0.498954
 0.0124454 -0.0843014   0.498929
 0.0124498 -0.0843054   0.498904
 0.0124564 -0.0843064   0.498879
 0.0124606 -0.0843105   0.498854
 0.0124671 -0.0843119    0.49883
 0.0124671 -0.0843119    0.49883
 0.0124774 -0.0843175   0.498783
 0.0124774 -0.0843175   0.498783
 0.0124808 -0.0843219   0.498759
  0.012491 -0.0843288   0.498713
 0.0124949 -0.0843318   0.498691
 0.0124949 -0.0843318   0.498691
 0.0125025 -0.0843378   0.498645
 0.0125059 -0.0843413   0.498622
 0.0125078 -0.0843457     0.4986
 0.0125125 -0.0843476   0.498578
 0.0125144 -0.0843523   0.498556
 0.0125144 -0.0843523   0.498556
 0.0125183 -0.0843536   0.498534
 0.0125202 -0.0843588   0.498513
 0.0125237 -0.0843607   0.498492
 0.0125245 -0.0843658   0.498471
 0.0125273 -0.0843681    0.49845
0.0125287 -0.084374  0.498428
 0.0125292 -0.0843789   0.498408
 0.0125301 -0.0843859   0.498366
 0.0125302 -0.0843893   0.498345
 0.0125271 -0.0843984   0.498321
 0.0125301 -0.0843981   0.498304
 0.0125301 -0.0843981   0.498304
 0.0125316 -0.0843997   0.498284
 0.0125306 -0.0844044   0.498264
 0.0125271 -0.0844148   0.498221
 0.0125271 -0.0844148   0.498221
 0.0125267 -0.0844172   0.498202
 0.0125255 -0.0844238   0.498163
 0.0125255 -0.0844238   0.498163
 0.0125239 -0.0844291   0.498125
 0.0125229 -0.0844317   0.498107
 0.0125221 -0.0844342   0.498089
 0.0125216 -0.0844362   0.498074
  0.012521 -0.0844408   0.498056
0.0125205 -0.084443  0.498039
 0.0125199 -0.0844452   0.498021
 0.0125199 -0.0844452   0.498021
 0.0125188 -0.0844496   0.497988
 0.0125179 -0.0844523   0.497971
 0.0125172 -0.0844545   0.497955
 0.0125165 -0.0844569   0.497938
 0.0125157 -0.0844589   0.497923
 0.0125149 -0.0844609   0.497907
0.0125141 -0.084463  0.497891
 0.0125131 -0.0844653   0.497876
0.0125121  -0.08447   0.49786
 0.0124696 -0.0844527   0.497833
  0.012511 -0.0844719   0.497845
  0.012508 -0.0844765   0.497816
  0.012506 -0.0844789   0.497802
 0.0125042 -0.0844818   0.497787
 0.012502 -0.084484  0.497773
 0.0125021 -0.0844865   0.497759
 0.0124999 -0.0844892   0.497745
 0.0124975 -0.0844915   0.497731
 0.0124948 -0.0844935   0.497717
 0.0124948 -0.0844935   0.497717
 0.0124875 -0.0844985   0.497689
 0.0124844 -0.0845034   0.497676
 0.0124844 -0.0845034   0.497676
 0.0124813 -0.0845056   0.497662
 0.0124746 -0.0845103   0.497636
 0.0124708 -0.0845127   0.497623
 0.0124672 -0.0845149    0.49761
 0.0124672 -0.0845149    0.49761
 0.0124635 -0.0845171   0.497597
   0.01246 -0.0845198   0.497585
 0.0124538 -0.0845239    0.49756
0.0124495 -0.084526  0.497547
0.0124495 -0.084526  0.497547
 0.0124433 -0.0845277   0.497534
0.0124393 -0.084532  0.497521
  0.012435 -0.0845338   0.497509
 0.0124307 -0.0845356   0.497497
 0.0124262 -0.0845373   0.497485
 0.0124171 -0.0845406   0.497461
 0.0124171 -0.0845406   0.497461
 0.0124084 -0.0845439   0.497437
 0.0124041 -0.0845451   0.497426
 0.0124041 -0.0845451   0.497426
 0.0124002 -0.0845462   0.497414
 0.0123962 -0.0845473   0.497403
 0.0123922 -0.0845487   0.497392
 0.0123881 -0.0845527    0.49738
  0.012384 -0.0845537   0.497369
   0.01238 -0.0845548   0.497358
 0.0123762 -0.0845563   0.497348
  0.012372 -0.0845572   0.497337
 0.0123681 -0.0845583   0.497326
 0.0123603 -0.0845613   0.497305
 0.0123603 -0.0845613   0.497305
 0.0123567 -0.0845625   0.497295
 0.0123531 -0.0845634   0.497284
0.0123494 -0.084564  0.497274
 0.0123458 -0.0845653   0.497264
 0.0123424 -0.0845668   0.497254
 0.0123387 -0.0845703   0.497244
  0.012335 -0.0845714   0.497234
 0.0123313 -0.0845725   0.497224
 0.0123274 -0.0845735   0.497214
 0.0123236 -0.0845748   0.497204
 0.0123198 -0.0845759   0.497195
 0.0123161 -0.0845772   0.497185
 0.0123123 -0.0845785   0.497175
 0.0123086 -0.0845797   0.497166
 0.0123048 -0.0845807   0.497156
  0.012301 -0.0845818   0.497147
0.0122984 -0.084583   0.49714
 0.0122965 -0.0845821   0.497133
 0.0122909 -0.0845876   0.497121
 0.0122872 -0.0845886   0.497112
 0.0122841 -0.0845917   0.497103
 0.0122803 -0.0845928   0.497094
0.0122766 -0.084594  0.497085
 0.0122728 -0.0845951   0.497077
 0.0122691 -0.0845904   0.497067
 0.0122654 -0.0845913   0.497058
  0.012263 -0.0845921   0.497049
 0.0122597 -0.0845934   0.497041
 0.0122548 -0.0845961   0.497032
 0.0122512 -0.0845974   0.497024
 0.0122475 -0.0845981   0.497015
 0.0122382 -0.0846038   0.496996
0.0122348 -0.084605  0.496987
 0.0122315 -0.0846057   0.496979
 0.0122283 -0.0846065   0.496971
 0.0122253 -0.0846079   0.496963
 0.0122225 -0.0846086   0.496955
 0.0122196 -0.0846094   0.496947
 0.0122169 -0.0846103    0.49694
 0.0122142 -0.0846113   0.496932
 0.0122115 -0.0846125   0.496925
 0.0122089 -0.0846162   0.496918
 0.0122063 -0.0846172   0.496911
 0.0122037 -0.0846184   0.496904
 0.0122011 -0.0846196   0.496897
 0.0121985 -0.0846209   0.496891
 0.0121958 -0.0846224   0.496884
 0.0121958 -0.0846224   0.496884
 0.0121932 -0.0846238   0.496878
 0.0121875 -0.0846268   0.496865
 0.0121875 -0.0846268   0.496865
 0.0121845 -0.0846283   0.496859
  0.012183 -0.0846271   0.496854
 0.0121747 -0.0846347    0.49684
 0.0121729 -0.0846315   0.496836
 0.0121696 -0.0846326   0.496829
 0.0121663 -0.0846336   0.496823
  0.012163 -0.0846347   0.496817
 0.0121597 -0.0846358    0.49681
 0.0121564 -0.0846368   0.496804
0.0121532 -0.084638  0.496798
 0.0121482 -0.0846436   0.496789
  0.012145 -0.0846447   0.496783
 0.0121417 -0.0846457   0.496777
 0.0121384 -0.0846466   0.496771
 0.0121352 -0.0846477   0.496765
 0.0121319 -0.0846511   0.496759
 0.0121301 -0.0846472   0.496756
0.0121268 -0.084648   0.49675
 0.0121237 -0.0846492   0.496744
0.0121204  -0.08465  0.496739
 0.0121156 -0.0846552   0.496731
 0.0121124 -0.0846562   0.496726
0.0121091 -0.084657   0.49672
  0.012106 -0.0846581   0.496715
 0.0121028 -0.0846587   0.496709
 0.0120996 -0.0846592   0.496704
 0.0120965 -0.0846599   0.496699
 0.0120934 -0.0846607   0.496694
 0.0120902 -0.0846639   0.496688
 0.0120871 -0.0846644   0.496683
  0.012084 -0.0846649   0.496678
  0.012081 -0.0846655   0.496673
 0.0120779 -0.0846662   0.496668
 0.0120749 -0.0846669   0.496663
 0.0120719 -0.0846674   0.496659
0.0120689 -0.084668  0.496654
  0.012066 -0.0846688   0.496649
  0.012063 -0.0846692   0.496644
 0.0120601 -0.0846695    0.49664
 0.0120571 -0.0846699   0.496635
 0.0120542 -0.0846704    0.49663
 0.0120514 -0.0846735   0.496625
 0.0120485 -0.0846738   0.496621
 0.0120456 -0.0846741   0.496616
 0.0120427 -0.0846746   0.496612
0.0120399 -0.084675  0.496607
 0.0120381 -0.0846721   0.496602
  0.012035 -0.0846761   0.496599
 0.0120323 -0.0846766   0.496595
 0.0120292 -0.0846771    0.49659
 0.0120265 -0.0846774   0.496586
 0.0120237 -0.0846778   0.496582
  0.012021 -0.0846782   0.496577
0.0120194 -0.084676  0.496575
 0.0120167 -0.0846768   0.496571
 0.0120167 -0.0846768   0.496571
 0.0120111 -0.0846777   0.496562
 0.0120084 -0.0846781   0.496558
 0.0120056 -0.0846786   0.496554
 0.0120029 -0.0846791    0.49655
 0.0120002 -0.0846799   0.496546
 0.0119974 -0.0846803   0.496541
0.0119947 -0.084681  0.496537
  0.011992 -0.0846841   0.496533
0.0119894 -0.084685  0.496529
 0.0119868 -0.0846855   0.496525
 0.0119841 -0.0846861   0.496521
 0.0119803 -0.0846891   0.496515
 0.0119788 -0.0846874   0.496513
 0.0119761 -0.0846881   0.496509
 0.0119735 -0.0846887   0.496505
 0.0119709 -0.0846892   0.496501
0.0119685  -0.08469  0.496497
 0.0119659 -0.0846905   0.496494
 0.0119634 -0.0846912    0.49649
 0.0119608 -0.0846916   0.496486
 0.0119584 -0.0846925   0.496482
 0.0119559 -0.0846955   0.496478
 0.0119535 -0.0846959   0.496474
 0.0119511 -0.0846962   0.496471
 0.0119487 -0.0846965   0.496467
0.0119463 -0.084697  0.496463
 0.0119429 -0.0846997   0.496458
 0.0119406 -0.0847026   0.496454
 0.0119383 -0.0847028   0.496451
  0.011936 -0.0847031   0.496447
 0.0119338 -0.0847032   0.496444
 0.0119316 -0.0847035    0.49644
 0.0119294 -0.0847037   0.496437
 0.0119274 -0.0847042   0.496433
 0.0119257 -0.0847044    0.49643
 0.0119236 -0.0847046   0.496427
 0.0119215 -0.0847045   0.496423
 0.0119194 -0.0847043    0.49642
 0.0119174 -0.0847043   0.496417
 0.0119145 -0.0847055   0.496414
 0.0119124 -0.0847053   0.496411
 0.0119104 -0.0847077   0.496407
 0.0119085 -0.0847077   0.496404
 0.0119065 -0.0847075     0.4964
 0.0119045 -0.0847072   0.496397
 0.0119035 -0.0846988   0.496394
 0.0119015 -0.0846987   0.496391
 0.0118986 -0.0847069   0.496388
 0.0118966 -0.0847069   0.496385
 0.0118947 -0.0847068   0.496382
 0.0118927 -0.0847069   0.496378
 0.0118908 -0.0847069   0.496375
 0.0118888 -0.0847065   0.496372
 0.0118868 -0.0847063   0.496369
 0.0118849 -0.0847066   0.496366
 0.0118829 -0.0847064   0.496363
  0.011881 -0.0847092    0.49636
  0.011879 -0.0847091   0.496357
 0.0118771 -0.0847091   0.496354
 0.0118771 -0.0847091   0.496354
 0.0118732 -0.0847093   0.496348
 0.0118713 -0.0847093   0.496345
 0.0118693 -0.0847095   0.496342
 0.0118674 -0.0847097   0.496339
 0.0118655 -0.0847098   0.496336
 0.0118636 -0.0847103   0.496333
 0.0118618 -0.0847102    0.49633
 0.0118599 -0.0847102   0.496327
  0.011858 -0.0847102   0.496325
 0.0118561 -0.0847104   0.496322
 0.0118553 -0.0847045   0.496319
 0.0118534 -0.0847052   0.496316
0.0118516 -0.084705  0.496314
 0.0118497 -0.0847049   0.496311
 0.0118479 -0.0847051   0.496308
  0.011846 -0.0847053   0.496306
 0.0118443 -0.0847055   0.496303
 0.0118424 -0.0847057   0.496301
 0.0118407 -0.0847062   0.496298
 0.0118389 -0.0847066   0.496295
0.0118371 -0.084707  0.496293
 0.0118354 -0.0847099    0.49629
 0.0118337 -0.0847103   0.496287
 0.0118319 -0.0847107   0.496285
 0.0118319 -0.0847107   0.496285
 0.0118302 -0.0847112   0.496283
 0.0118285 -0.0847118    0.49628
 0.0118269 -0.0847126   0.496278
 0.0118243 -0.0847303   0.496279
 0.0118236 -0.0847141   0.496273
 0.0118219 -0.0847145   0.496271
 0.0118182 -0.0847154   0.496266
 0.0118167 -0.0847159   0.496264
 0.0118142 -0.0847175   0.496262
 0.0118125 -0.0847181    0.49626
 0.0118108 -0.0847184   0.496257
 0.0118091 -0.0847189   0.496255
 0.0118091 -0.0847189   0.496255
 0.0118075 -0.0847218   0.496252
 0.0118058 -0.0847219    0.49625
 0.0118042 -0.0847222   0.496248
 0.0118025 -0.0847223   0.496246
 0.0118009 -0.0847224   0.496243
 0.0117993 -0.0847226   0.496241
 0.0117976 -0.0847227   0.496239
0.0117945 -0.084723  0.496235
 0.0117921 -0.0847276   0.496231
 0.0117906 -0.0847275   0.496229
 0.0117891 -0.0847274   0.496227
 0.0117876 -0.0847272   0.496225
 0.0117876 -0.0847272   0.496225
 0.0117846 -0.0847269    0.49622
 0.0117831 -0.0847267   0.496218
 0.0117831 -0.0847267   0.496218
 0.0117802 -0.0847264   0.496214
 0.0117787 -0.0847258   0.496212
 0.0117787 -0.0847258   0.496212
 0.0117759 -0.0847248   0.496208
 0.0117745 -0.0847244   0.496206
 0.0117732 -0.0847238   0.496204
 0.0117732 -0.0847238   0.496204
 0.0117707 -0.0847256     0.4962
0.0117693 -0.084725  0.496198
 0.0117681 -0.0847248   0.496196
  0.011766 -0.0847254   0.496195
0.0117647 -0.084725  0.496193
 0.0117634 -0.0847248   0.496191
 0.0117621 -0.0847246   0.496189
 0.0117609 -0.0847244   0.496187
 0.0117595 -0.0847241   0.496185
 0.0117594 -0.0847159   0.496184
 0.0117581 -0.0847158   0.496182
0.0117568 -0.084718   0.49618
 0.0117555 -0.0847177   0.496178
 0.0117542 -0.0847173   0.496177
 0.0117528 -0.0847172   0.496175
 0.0117515 -0.0847172   0.496173
 0.0117501 -0.0847172   0.496171
 0.0117501 -0.0847172   0.496171
 0.0117488 -0.0847173    0.49617
 0.0117461 -0.0847178   0.496166
 0.0117434 -0.0847257   0.496164
 0.0117432 -0.0847181   0.496163
 0.0117418 -0.0847183   0.496162
 0.0117404 -0.0847188    0.49616
  0.011739 -0.0847191   0.496158
 0.0117376 -0.0847197   0.496157
0.0117362  -0.08472  0.496155
 0.0117348 -0.0847206   0.496154
 0.0117328 -0.0847222   0.496152
 0.0117314 -0.0847253    0.49615
   0.01173 -0.0847255   0.496149
 0.0117287 -0.0847258   0.496147
 0.0117273 -0.0847261   0.496146
 0.0117259 -0.0847264   0.496144
 0.0117245 -0.0847267   0.496143
 0.0117225 -0.0847297    0.49614
0.0117212  -0.08473  0.496139
 0.0117198 -0.0847324   0.496137
 0.0117183 -0.0847333   0.496135
 0.0117172 -0.0847326   0.496134
 0.0117158 -0.0847316   0.496133
 0.0117148 -0.0847319   0.496131
 0.0117134 -0.0847326    0.49613
 0.0117125 -0.0847316   0.496129
 0.0117111 -0.0847322   0.496127
 0.0117102 -0.0847311   0.496126
 0.0117089 -0.0847315   0.496124
  0.011708 -0.0847303   0.496123
 0.0117067 -0.0847311   0.496121
 0.0117059 -0.0847296    0.49612
 0.0117049 -0.0847289   0.496119
 0.0117038 -0.0847282   0.496118
 0.0117023 -0.0847288   0.496116
 0.0117018 -0.0847272   0.496115
 0.0117007 -0.0847264   0.496114
0.0116991 -0.084727  0.496112
 0.011698 -0.084729  0.496111
  0.011697 -0.0847285   0.496109
  0.011696 -0.0847279   0.496108
 0.0116949 -0.0847273   0.496107
 0.0116938 -0.0847266   0.496106
 0.0116928 -0.0847262   0.496104
 0.0116918 -0.0847259   0.496103
 0.0116907 -0.0847255   0.496102
 0.0116897 -0.0847251   0.496101
 0.0116886 -0.0847248   0.496099
 0.0116875 -0.0847244   0.496098
 0.0116865 -0.0847242   0.496097
 0.0116854 -0.0847239   0.496096
0.0116844 -0.084724  0.496094
 0.0116834 -0.0847235   0.496093
 0.0116823 -0.0847229   0.496092
 0.0116813 -0.0847226   0.496091
 0.0116802 -0.0847222    0.49609
 0.0116792 -0.0847222   0.496089
0.0116781 -0.084722  0.496088
 0.0116771 -0.0847219   0.496086
 0.0116761 -0.0847218   0.496085
0.0116749 -0.084724  0.496084
 0.0116737 -0.0847245   0.496083
 0.0116728 -0.0847236   0.496082
 0.0116716 -0.0847242   0.496081
 0.0116708 -0.0847232    0.49608
 0.0116703 -0.0847264   0.496077
 0.0116687 -0.0847231   0.496078
 0.0116675 -0.0847239   0.496076
 0.0116667 -0.0847231   0.496076
 0.0116654 -0.0847237   0.496074
 0.0116654 -0.0847253   0.496072
  0.011665 -0.0847153   0.496073
 0.0116628 -0.0847167   0.496072
 0.0116638 -0.0847202    0.49607
 0.0116628 -0.0847197   0.496069
 0.0116619 -0.0847194   0.496068
 0.0116601 -0.0847168   0.496068
 0.0116599 -0.0847191   0.496066
 0.0116588 -0.0847189   0.496065
 0.0116578 -0.0847188   0.496064
0.0116568 -0.084719  0.496064
0.0116557 -0.084719  0.496063
0.0116539 -0.084717  0.496063
 0.0116515 -0.0847184   0.496062
 0.0116516 -0.0847169   0.496061
 0.0116501 -0.0847207   0.496059
 0.0116494 -0.0847171    0.49606
 0.0116472 -0.0847186   0.496058
  0.011648 -0.0847195   0.496057
 0.0116458 -0.0847211   0.496056
 0.0116453 -0.0847175   0.496056
  0.011643 -0.0847192   0.496055
 0.0116432 -0.0847181   0.496055
 0.0116417 -0.0847221   0.496053
 0.0116419 -0.0847209   0.496052
 0.0116398 -0.0847226   0.496051
 0.0116401 -0.0847213   0.496051
 0.0116379 -0.0847232    0.49605
 0.0116383 -0.0847242   0.496049
 0.0116374 -0.0847242   0.496048
 0.0116364 -0.0847243   0.496047
 0.0116355 -0.0847242   0.496047
 0.0116346 -0.0847241   0.496046
0.0116336 -0.084724  0.496045
0.0116328 -0.084724  0.496045
 0.0116318 -0.0847238   0.496044
 0.0116309 -0.0847237   0.496043
   0.01163 -0.0847236   0.496042
 0.0116278 -0.0847247   0.496041
 0.0116281 -0.0847229   0.496041
0.0116259 -0.084724   0.49604
 0.0116262 -0.0847222    0.49604
  0.011624 -0.0847233   0.496039
 0.0116243 -0.0847216   0.496038
 0.0116222 -0.0847228   0.496037
0.0116224 -0.084721  0.496037
 0.0116204 -0.0847222   0.496036
 0.0116207 -0.0847206   0.496036
  0.011619 -0.0847261   0.496034
 0.0116179 -0.0847259   0.496033
