 0.269463 -0.328125  0.602651
 0.268996 -0.326536  0.605668
 0.268998 -0.326534  0.605665
 0.269004 -0.326527  0.605658
 0.269015 -0.326515  0.605645
 0.269031 -0.326499  0.605628
  0.26905 -0.326478  0.605605
 0.269074 -0.326453  0.605577
 0.269102 -0.326423  0.605544
 0.269135 -0.326388  0.605506
 0.269174 -0.326347  0.605461
 0.269215 -0.326303  0.605413
 0.269261 -0.326254   0.60536
 0.269312 -0.326201  0.605301
 0.269367 -0.326143  0.605237
0.269426 -0.32608 0.605169
 0.269489 -0.326013  0.605095
 0.269557 -0.325941  0.605017
 0.269629 -0.325865  0.604933
 0.269706 -0.325783  0.604844
 0.269786 -0.325697   0.60475
 0.269872 -0.325607  0.604651
 0.269961 -0.325512  0.604547
 0.270055 -0.325413  0.604438
 0.270153 -0.325308  0.604324
0.270256  -0.3252 0.604205
 0.270363 -0.325086  0.604081
 0.270474 -0.324968  0.603952
  0.27059 -0.324846  0.603817
  0.27071 -0.324718  0.603678
 0.270834 -0.324586  0.603534
0.270963 -0.32445 0.603384
 0.271096 -0.324309   0.60323
 0.271233 -0.324163   0.60307
 0.271375 -0.324013  0.602906
 0.271521 -0.323858  0.602736
 0.271671 -0.323698  0.602561
 0.271826 -0.323534  0.602382
 0.271985 -0.323365  0.602197
 0.272149 -0.323191  0.602007
 0.272317 -0.323013  0.601812
 0.27249 -0.32283 0.601611
 0.272667 -0.322642  0.601406
0.272848 -0.32245 0.601195
 0.273033 -0.322253   0.60098
 0.273223 -0.322052  0.600759
 0.273417 -0.321846  0.600534
 0.273616 -0.321636  0.600304
 0.273818 -0.321421  0.600068
 0.274025 -0.321201  0.599828
 0.274237 -0.320977  0.599582
 0.274453 -0.320747  0.599331
 0.274673 -0.320514  0.599076
 0.274898 -0.320275  0.598815
 0.275127 -0.320033  0.598549
  0.27536 -0.319785  0.598278
 0.275597 -0.319533  0.598003
 0.275839 -0.319277  0.597722
 0.276086 -0.319015  0.597436
 0.276336 -0.318749  0.597145
 0.276591 -0.318479  0.596848
 0.276851 -0.318204  0.596547
 0.277115 -0.317924  0.596241
 0.277383 -0.317639  0.595929
0.277655 -0.31735 0.595613
 0.277932 -0.317057  0.595292
 0.278213 -0.316758  0.594965
 0.278499 -0.316455  0.594634
 0.278789 -0.316148  0.594297
 0.279083 -0.315836  0.593956
 0.279381 -0.315519  0.593609
 0.279684 -0.315198  0.593257
 0.279992 -0.314872    0.5929
 0.280303 -0.314542  0.592539
 0.280619 -0.314206  0.592172
 0.280939 -0.313867    0.5918
 0.281264 -0.313522  0.591423
 0.281593 -0.313173  0.591041
0.281926 -0.31282 0.590654
 0.282264 -0.312461  0.590261
 0.282607 -0.312098  0.589864
0.282953 -0.31173 0.589462
 0.283304 -0.311358  0.589054
 0.283659 -0.310982  0.588642
0.284018  -0.3106 0.588225
 0.284382 -0.310214  0.587802
  0.28475 -0.309824  0.587375
 0.285123 -0.309428  0.586942
   0.2855 -0.309029  0.586504
 0.285881 -0.308624  0.586062
 0.286267 -0.308215  0.585614
 0.286657 -0.307802  0.585161
  0.28705 -0.307385  0.584705
 0.287449 -0.306962  0.584242
 0.287852 -0.306534  0.583774
 0.288262 -0.306099  0.583297
 0.288674 -0.305662  0.582819
 0.28909 -0.30522 0.582336
 0.289511 -0.304774  0.581848
 0.289935 -0.304324  0.581354
 0.290365 -0.303868  0.580856
 0.290813 -0.303392  0.580335
 0.291246 -0.302933  0.579832
 0.291679 -0.302474  0.579329
 0.292113 -0.302014  0.578826
 0.292546 -0.301555  0.578323
 0.292979 -0.301095  0.577821
 0.293412 -0.300636  0.577318
 0.293845 -0.300176  0.576815
 0.294278 -0.299717  0.576312
 0.294711 -0.299258  0.575809
 0.295144 -0.298798  0.575306
 0.295577 -0.298339  0.574803
 0.29601 -0.29788 0.574301
0.296443 -0.29742 0.573798
 0.296876 -0.296961  0.573295
 0.297309 -0.296501  0.572792
 0.297742 -0.296042  0.572289
 0.298175 -0.295583  0.571786
 0.298608 -0.295123  0.571284
 0.299041 -0.294664  0.570781
 0.299475 -0.294205  0.570278
 0.299908 -0.293745  0.569775
  0.30034 -0.293286  0.569273
 0.300773 -0.292827   0.56877
 0.301206 -0.292368  0.568267
 0.301639 -0.291908  0.567764
 0.302072 -0.291449  0.567262
0.302505 -0.29099 0.566759
0.302938 -0.29053 0.566256
 0.303371 -0.290071  0.565753
 0.303804 -0.289612  0.565251
 0.304237 -0.289152  0.564748
  0.30467 -0.288693  0.564245
 0.305104 -0.288233  0.563741
 0.305537 -0.287774  0.563239
  0.30597 -0.287314  0.562736
 0.306403 -0.286855  0.562233
 0.306836 -0.286396   0.56173
 0.307269 -0.285936  0.561228
 0.307702 -0.285477  0.560725
 0.308135 -0.285018  0.560222
 0.308568 -0.284558  0.559719
 0.309001 -0.284099  0.559216
0.309434 -0.28364 0.558714
0.309867 -0.28318 0.558211
   0.3103 -0.282721  0.557708
 0.310733 -0.282262  0.557205
 0.311166 -0.281802  0.556703
 0.311599 -0.281343    0.5562
 0.312032 -0.280884  0.555697
 0.312465 -0.280425  0.555194
 0.312898 -0.279965  0.554692
 0.313331 -0.279506  0.554189
 0.313764 -0.279047  0.553686
 0.314197 -0.278587  0.553183
  0.31463 -0.278128  0.552681
 0.315063 -0.277669  0.552178
 0.315496 -0.277209  0.551675
0.315929 -0.27675 0.551172
 0.316362 -0.276291  0.550669
 0.316796 -0.275831  0.550166
 0.317229 -0.275371  0.549663
 0.317662 -0.274912   0.54916
 0.318095 -0.274453  0.548658
 0.318528 -0.273993  0.548154
 0.318961 -0.273533  0.547651
 0.319394 -0.273074  0.547149
 0.319827 -0.272615  0.546646
  0.32026 -0.272156  0.546143
 0.320693 -0.271696   0.54564
 0.321126 -0.271237  0.545138
 0.321559 -0.270778  0.544635
 0.321992 -0.270318  0.544132
 0.322425 -0.269859  0.543629
 0.322858 -0.269399  0.543126
0.323291 -0.26894 0.542624
 0.323724 -0.268481  0.542121
 0.324157 -0.268021  0.541618
  0.32459 -0.267562  0.541115
 0.325023 -0.267103  0.540612
 0.325456 -0.266643   0.54011
 0.325889 -0.266184  0.539607
 0.326322 -0.265725  0.539105
 0.326756 -0.265265  0.538601
 0.327189 -0.264806  0.538098
 0.327622 -0.264346  0.537595
 0.328055 -0.263887  0.537092
 0.328488 -0.263427  0.536589
 0.328921 -0.262968  0.536086
 0.329354 -0.262509  0.535584
 0.329788 -0.262049   0.53508
 0.330221 -0.261589  0.534578
0.330654 -0.26113 0.534075
 0.331087 -0.260671  0.533572
  0.33152 -0.260211  0.533069
 0.331953 -0.259752  0.532566
 0.332386 -0.259293  0.532064
 0.332819 -0.258833  0.531561
 0.333252 -0.258374  0.531058
 0.333685 -0.257915  0.530555
 0.334118 -0.257455  0.530052
 0.334551 -0.256996   0.52955
 0.334984 -0.256537  0.529047
 0.335417 -0.256077  0.528544
  0.33585 -0.255618  0.528041
 0.336283 -0.255159  0.527538
 0.336716 -0.254699  0.527036
0.337149 -0.25424 0.526533
0.337582 -0.25378  0.52603
 0.338015 -0.253321  0.525527
 0.338448 -0.252862  0.525024
  0.33888 -0.252404  0.524523
 0.339307 -0.251951  0.524028
 0.339729 -0.251503  0.523537
0.340147 -0.25106 0.523052
  0.34056 -0.250621  0.522572
  0.34097 -0.250187  0.522096
 0.341375 -0.249757  0.521626
 0.341775 -0.249332  0.521161
 0.342172 -0.248912  0.520701
 0.342564 -0.248496  0.520246
 0.342951 -0.248085  0.519796
 0.343335 -0.247679  0.519351
 0.343713 -0.247277  0.518911
 0.344088 -0.246879  0.518476
 0.344458 -0.246487  0.518046
 0.344824 -0.246099  0.517622
 0.345185 -0.245716  0.517202
 0.345542 -0.245337  0.516788
 0.345895 -0.244963  0.516378
 0.346243 -0.244593  0.515974
 0.346587 -0.244228  0.515574
 0.346927 -0.243868   0.51518
 0.347592 -0.243162  0.514407
 0.347592 -0.243162  0.514407
 0.347919 -0.242816  0.514028
 0.348241 -0.242474  0.513654
 0.348872 -0.241804  0.512921
 0.349181 -0.241477  0.512562
 0.349181 -0.241477  0.512562
 0.349486 -0.241153  0.512208
 0.349786 -0.240835  0.511859
 0.350374 -0.240211  0.511177
 0.350661 -0.239906  0.510843
 0.350661 -0.239906  0.510843
0.351223 -0.23931 0.510191
 0.351497 -0.239019  0.509873
 0.351767 -0.238733  0.509559
 0.352033 -0.238451  0.509251
 0.352294 -0.238174  0.508947
 0.352551 -0.237902  0.508649
 0.352804 -0.237634  0.508356
 0.353052 -0.237371  0.508068
 0.353296 -0.237112  0.507785
 0.353535 -0.236858  0.507507
  0.35377 -0.236609  0.507234
 0.354001 -0.236364  0.506966
 0.354227 -0.236124  0.506703
 0.354449 -0.235888  0.506445
 0.354667 -0.235657  0.506192
  0.35488 -0.235431  0.505945
 0.355089 -0.235209  0.505702
 0.355294 -0.234992  0.505464
0.355494 -0.23478 0.505232
  0.35569 -0.234572  0.505004
 0.355882 -0.234369  0.504782
0.356069 -0.23417 0.504565
 0.356252 -0.233976  0.504352
  0.35643 -0.233787  0.504145
 0.356604 -0.233602  0.503943
 0.356774 -0.233422  0.503746
  0.35694 -0.233246  0.503554
 0.357101 -0.233076  0.503367
 0.357257 -0.232909  0.503185
 0.357409 -0.232749  0.503009
 0.357557 -0.232591  0.502837
 0.357701 -0.232439   0.50267
  0.35784 -0.232291  0.502508
 0.357975 -0.232148  0.502351
0.358105 -0.23201   0.5022
 0.358232 -0.231876  0.502053
 0.358354 -0.231746  0.501912
 0.358471 -0.231622  0.501775
 0.358585 -0.231502  0.501644
 0.358693 -0.231386  0.501517
 0.358798 -0.231275  0.501396
 0.358898 -0.231169   0.50128
 0.358994 -0.231067  0.501168
0.359085 -0.23097 0.501062
 0.359172 -0.230878  0.500961
0.359255 -0.23079 0.500865
 0.359333 -0.230707  0.500774
 0.359407 -0.230629  0.500688
 0.359477 -0.230555  0.500607
 0.359542 -0.230485  0.500531
 0.359603 -0.230421  0.500461
  0.35966 -0.230361  0.500395
 0.359712 -0.230305  0.500334
 0.359712 -0.230305  0.500334
 0.359804 -0.230208  0.500228
 0.359843 -0.230167  0.500183
0.359878 -0.23013 0.500142
0.359878 -0.23013 0.500142
 0.359908 -0.230097  0.500106
0.359934 -0.23007 0.500076
 0.359974 -0.230028  0.500031
 0.359974 -0.230028  0.500031
 0.359995 -0.230005  0.500006
 0.359995 -0.230005  0.500006
 0.359999 -0.230001  0.500001
 0.36 -0.23   0.5
 0.36 -0.23   0.5
 0.36 -0.23   0.5
 0.36 -0.23   0.5
 0.36 -0.23   0.5
 0.36 -0.23   0.5
 0.36 -0.23   0.5
 0.36 -0.23   0.5
 0.36 -0.23   0.5
 0.36 -0.23   0.5
 0.36 -0.23   0.5
 0.36 -0.23   0.5
 0.36 -0.23   0.5
 0.36 -0.23   0.5
 0.36 -0.23   0.5
 0.36 -0.23   0.5
 0.36 -0.23   0.5
 0.36 -0.23   0.5
 0.36 -0.23   0.5
 0.36 -0.23   0.5
 0.36 -0.23   0.5
 0.36 -0.23   0.5
 0.36 -0.23   0.5
 0.36 -0.23   0.5
 0.36 -0.23   0.5
 0.36 -0.23   0.5
 0.36 -0.23   0.5
 0.36 -0.23   0.5
 0.36 -0.23   0.5
 0.36 -0.23   0.5
 0.36 -0.23   0.5
 0.36 -0.23   0.5
 0.36 -0.23   0.5
 0.36 -0.23   0.5
 0.36 -0.23   0.5
 0.36 -0.23   0.5
 0.36 -0.23   0.5
 0.36 -0.23   0.5
 0.36 -0.23   0.5
 0.36 -0.23   0.5
 0.36 -0.23   0.5
 0.36 -0.23   0.5
 0.36 -0.23   0.5
 0.36 -0.23   0.5
 0.36 -0.23   0.5
 0.36 -0.23   0.5
 0.36 -0.23   0.5
 0.36 -0.23   0.5
 0.36 -0.23   0.5
 0.36 -0.23   0.5
 0.36 -0.23   0.5
 0.36 -0.23   0.5
 0.36 -0.23   0.5
 0.36 -0.23   0.5
 0.36 -0.23   0.5
 0.36 -0.23   0.5
 0.36 -0.23   0.5
 0.36 -0.23   0.5
 0.36 -0.23   0.5
 0.36 -0.23   0.5
 0.36 -0.23   0.5
 0.36 -0.23   0.5
 0.36 -0.23   0.5
 0.36 -0.23   0.5
 0.36 -0.23   0.5
 0.36 -0.23   0.5
 0.36 -0.23   0.5
 0.36 -0.23   0.5
 0.36 -0.23   0.5
 0.36 -0.23   0.5
 0.36 -0.23   0.5
 0.36 -0.23   0.5
 0.36 -0.23   0.5
 0.36 -0.23   0.5
 0.36 -0.23   0.5
 0.36 -0.23   0.5
 0.36 -0.23   0.5
 0.36 -0.23   0.5
 0.36 -0.23   0.5
 0.36 -0.23   0.5
 0.36 -0.23   0.5
 0.36 -0.23   0.5
 0.36 -0.23   0.5
 0.36 -0.23   0.5
 0.36 -0.23   0.5
 0.36 -0.23   0.5
 0.36 -0.23   0.5
 0.36 -0.23   0.5
 0.36 -0.23   0.5
 0.36 -0.23   0.5
 0.36 -0.23   0.5
 0.36 -0.23   0.5
 0.36 -0.23   0.5
 0.36 -0.23   0.5
 0.36 -0.23   0.5
 0.36 -0.23   0.5
 0.36 -0.23   0.5
 0.36 -0.23   0.5
 0.36 -0.23   0.5
 0.36 -0.23   0.5
 0.36 -0.23   0.5
 0.36 -0.23   0.5
 0.36 -0.23   0.5
 0.36 -0.23   0.5
 0.36 -0.23   0.5
 0.36 -0.23   0.5
 0.36 -0.23   0.5
 0.36 -0.23   0.5
 0.36 -0.23   0.5
 0.36 -0.23   0.5
 0.36 -0.23   0.5
 0.36 -0.23   0.5
 0.36 -0.23   0.5
 0.36 -0.23   0.5
 0.36 -0.23   0.5
 0.36 -0.23   0.5
 0.36 -0.23   0.5
 0.36 -0.23   0.5
 0.36 -0.23   0.5
 0.36 -0.23   0.5
 0.36 -0.23   0.5
 0.36 -0.23   0.5
 0.36 -0.23   0.5
 0.36 -0.23   0.5
 0.36 -0.23   0.5
 0.36 -0.23   0.5
 0.36 -0.23   0.5
 0.36 -0.23   0.5
 0.36 -0.23   0.5
 0.36 -0.23   0.5
 0.36 -0.23   0.5
 0.36 -0.23   0.5
 0.36 -0.23   0.5
 0.36 -0.23   0.5
 0.36 -0.23   0.5
 0.36 -0.23   0.5
 0.36 -0.23   0.5
 0.36 -0.23   0.5
 0.36 -0.23   0.5
 0.36 -0.23   0.5
 0.36 -0.23   0.5
 0.36 -0.23   0.5
 0.36 -0.23   0.5
 0.36 -0.23   0.5
 0.36 -0.23   0.5
 0.36 -0.23   0.5
 0.36 -0.23   0.5
 0.36 -0.23   0.5
 0.36 -0.23   0.5
 0.36 -0.23   0.5
 0.36 -0.23   0.5
 0.36 -0.23   0.5
 0.36 -0.23   0.5
 0.36 -0.23   0.5
 0.36 -0.23   0.5
 0.36 -0.23   0.5
 0.36 -0.23   0.5
 0.36 -0.23   0.5
 0.36 -0.23   0.5
 0.36 -0.23   0.5
 0.36 -0.23   0.5
 0.36 -0.23   0.5
 0.36 -0.23   0.5
 0.36 -0.23   0.5
 0.36 -0.23   0.5
 0.36 -0.23   0.5
 0.36 -0.23   0.5
 0.36 -0.23   0.5
 0.36 -0.23   0.5
 0.36 -0.23   0.5
 0.36 -0.23   0.5
 0.36 -0.23   0.5
 0.36 -0.23   0.5
 0.36 -0.23   0.5
 0.36 -0.23   0.5
 0.36 -0.23   0.5
 0.36 -0.23   0.5
 0.36 -0.23   0.5
 0.36 -0.23   0.5
 0.36 -0.23   0.5
 0.36 -0.23   0.5
 0.36 -0.23   0.5
 0.36 -0.23   0.5
 0.36 -0.23   0.5
 0.36 -0.23   0.5
 0.36 -0.23   0.5
 0.36 -0.23   0.5
 0.36 -0.23   0.5
 0.36 -0.23   0.5
 0.36 -0.23   0.5
 0.36 -0.23   0.5
 0.36 -0.23   0.5
 0.36 -0.23   0.5
 0.36 -0.23   0.5
 0.36 -0.23   0.5
 0.36 -0.23   0.5
 0.36 -0.23   0.5
 0.36 -0.23   0.5
 0.36 -0.23   0.5
 0.36 -0.23   0.5
 0.36 -0.23   0.5
 0.36 -0.23   0.5
 0.36 -0.23   0.5
 0.36 -0.23   0.5
 0.36 -0.23   0.5
 0.36 -0.23   0.5
 0.36 -0.23   0.5
 0.36 -0.23   0.5
 0.36 -0.23   0.5
 0.36 -0.23   0.5
 0.36 -0.23   0.5
 0.36 -0.23   0.5
 0.36 -0.23   0.5
 0.36 -0.23   0.5
 0.36 -0.23   0.5
 0.36 -0.23   0.5
 0.36 -0.23   0.5
 0.36 -0.23   0.5
 0.36 -0.23   0.5
 0.36 -0.23   0.5
 0.36 -0.23   0.5
 0.36 -0.23   0.5
 0.36 -0.23   0.5
 0.36 -0.23   0.5
 0.36 -0.23   0.5
 0.36 -0.23   0.5
 0.36 -0.23   0.5
 0.36 -0.23   0.5
 0.36 -0.23   0.5
 0.36 -0.23   0.5
 0.36 -0.23   0.5
 0.36 -0.23   0.5
 0.36 -0.23   0.5
 0.36 -0.23   0.5
 0.36 -0.23   0.5
 0.36 -0.23   0.5
 0.36 -0.23   0.5
 0.36 -0.23   0.5
 0.36 -0.23   0.5
 0.36 -0.23   0.5
 0.36 -0.23   0.5
 0.36 -0.23   0.5
 0.36 -0.23   0.5
 0.36 -0.23   0.5
 0.36 -0.23   0.5
 0.36 -0.23   0.5
 0.36 -0.23   0.5
 0.36 -0.23   0.5
 0.36 -0.23   0.5
 0.36 -0.23   0.5
 0.36 -0.23   0.5
 0.36 -0.23   0.5
 0.36 -0.23   0.5
 0.36 -0.23   0.5
 0.36 -0.23   0.5
 0.36 -0.23   0.5
 0.36 -0.23   0.5
 0.36 -0.23   0.5
 0.36 -0.23   0.5
 0.36 -0.23   0.5
 0.36 -0.23   0.5
 0.36 -0.23   0.5
 0.36 -0.23   0.5
 0.36 -0.23   0.5
 0.36 -0.23   0.5
 0.36 -0.23   0.5
 0.36 -0.23   0.5
 0.36 -0.23   0.5
 0.36 -0.23   0.5
 0.36 -0.23   0.5
 0.36 -0.23   0.5
 0.36 -0.23   0.5
 0.36 -0.23   0.5
 0.36 -0.23   0.5
 0.36 -0.23   0.5
 0.36 -0.23   0.5
 0.36 -0.23   0.5
 0.36 -0.23   0.5
 0.36 -0.23   0.5
 0.36 -0.23   0.5
 0.36 -0.23   0.5
 0.36 -0.23   0.5
 0.36 -0.23   0.5
 0.36 -0.23   0.5
 0.36 -0.23   0.5
 0.36 -0.23   0.5
 0.36 -0.23   0.5
 0.36 -0.23   0.5
 0.36 -0.23   0.5
 0.36 -0.23   0.5
 0.36 -0.23   0.5
 0.36 -0.23   0.5
 0.36 -0.23   0.5
 0.36 -0.23   0.5
 0.36 -0.23   0.5
 0.36 -0.23   0.5
 0.36 -0.23   0.5
 0.36 -0.23   0.5
 0.36 -0.23   0.5
 0.36 -0.23   0.5
 0.36 -0.23   0.5
 0.36 -0.23   0.5
 0.36 -0.23   0.5
 0.36 -0.23   0.5
 0.36 -0.23   0.5
 0.36 -0.23   0.5
 0.36 -0.23   0.5
 0.36 -0.23   0.5
 0.36 -0.23   0.5
 0.36 -0.23   0.5
 0.36 -0.23   0.5
 0.36 -0.23   0.5
 0.36 -0.23   0.5
 0.36 -0.23   0.5
 0.36 -0.23   0.5
 0.36 -0.23   0.5
 0.36 -0.23   0.5
 0.36 -0.23   0.5
 0.36 -0.23   0.5
 0.36 -0.23   0.5
 0.36 -0.23   0.5
 0.36 -0.23   0.5
 0.36 -0.23   0.5
 0.36 -0.23   0.5
 0.36 -0.23   0.5
 0.36 -0.23   0.5
 0.36 -0.23   0.5
 0.36 -0.23   0.5
 0.36 -0.23   0.5
 0.36 -0.23   0.5
 0.36 -0.23   0.5
 0.36 -0.23   0.5
 0.36 -0.23   0.5
 0.36 -0.23   0.5
 0.36 -0.23   0.5
 0.36 -0.23   0.5
 0.36 -0.23   0.5
 0.36 -0.23   0.5
 0.36 -0.23   0.5
 0.36 -0.23   0.5
 0.36 -0.23   0.5
 0.36 -0.23   0.5
 0.36 -0.23   0.5
 0.36 -0.23   0.5
 0.36 -0.23   0.5
 0.36 -0.23   0.5
 0.36 -0.23   0.5
 0.36 -0.23   0.5
 0.36 -0.23   0.5
 0.36 -0.23   0.5
 0.36 -0.23   0.5
 0.36 -0.23   0.5
 0.36 -0.23   0.5
 0.36 -0.23   0.5
 0.36 -0.23   0.5
 0.36 -0.23   0.5
 0.36 -0.23   0.5
 0.36 -0.23   0.5
 0.36 -0.23   0.5
 0.36 -0.23   0.5
 0.36 -0.23   0.5
 0.36 -0.23   0.5
 0.36 -0.23   0.5
 0.36 -0.23   0.5
 0.36 -0.23   0.5
 0.36 -0.23   0.5
 0.36 -0.23   0.5
 0.36 -0.23   0.5
 0.36 -0.23   0.5
 0.36 -0.23   0.5
 0.36 -0.23   0.5
 0.36 -0.23   0.5
 0.36 -0.23   0.5
 0.36 -0.23   0.5
 0.36 -0.23   0.5
 0.36 -0.23   0.5
 0.36 -0.23   0.5
 0.36 -0.23   0.5
 0.36 -0.23   0.5
 0.36 -0.23   0.5
 0.36 -0.23   0.5
 0.36 -0.23   0.5
 0.36 -0.23   0.5
 0.36 -0.23   0.5
 0.36 -0.23   0.5
 0.36 -0.23   0.5
 0.36 -0.23   0.5
 0.36 -0.23   0.5
 0.36 -0.23   0.5
 0.36 -0.23   0.5
 0.36 -0.23   0.5
 0.36 -0.23   0.5
 0.36 -0.23   0.5
 0.36 -0.23   0.5
 0.36 -0.23   0.5
 0.36 -0.23   0.5
 0.36 -0.23   0.5
 0.36 -0.23   0.5
 0.36 -0.23   0.5
 0.36 -0.23   0.5
 0.36 -0.23   0.5
 0.36 -0.23   0.5
 0.36 -0.23   0.5
 0.36 -0.23   0.5
 0.36 -0.23   0.5
 0.36 -0.23   0.5
 0.36 -0.23   0.5
 0.36 -0.23   0.5
 0.36 -0.23   0.5
 0.36 -0.23   0.5
 0.36 -0.23   0.5
 0.36 -0.23   0.5
 0.36 -0.23   0.5
 0.36 -0.23   0.5
 0.36 -0.23   0.5
 0.36 -0.23   0.5
 0.36 -0.23   0.5
 0.36 -0.23   0.5
 0.36 -0.23   0.5
 0.36 -0.23   0.5
 0.36 -0.23   0.5
 0.36 -0.23   0.5
 0.36 -0.23   0.5
 0.36 -0.23   0.5
 0.36 -0.23   0.5
 0.36 -0.23   0.5
 0.36 -0.23   0.5
 0.36 -0.23   0.5
 0.36 -0.23   0.5
 0.36 -0.23   0.5
 0.36 -0.23   0.5
 0.36 -0.23   0.5
 0.36 -0.23   0.5
 0.36 -0.23   0.5
 0.36 -0.23   0.5
 0.36 -0.23   0.5
 0.36 -0.23   0.5
 0.36 -0.23   0.5
 0.36 -0.23   0.5
 0.36 -0.23   0.5
 0.36 -0.23   0.5
 0.36 -0.23   0.5
 0.36 -0.23   0.5
 0.36 -0.23   0.5
 0.36 -0.23   0.5
 0.36 -0.23   0.5
 0.36 -0.23   0.5
 0.36 -0.23   0.5
 0.36 -0.23   0.5
 0.36 -0.23   0.5
 0.36 -0.23   0.5
 0.36 -0.23   0.5
 0.36 -0.23   0.5
 0.36 -0.23   0.5
 0.36 -0.23   0.5
 0.36 -0.23   0.5
 0.36 -0.23   0.5
 0.36 -0.23   0.5
 0.36 -0.23   0.5
 0.36 -0.23   0.5
 0.36 -0.23   0.5
 0.36 -0.23   0.5
 0.36 -0.23   0.5
 0.36 -0.23   0.5
