8.10623e-06
0.00954008
0.0196111
0.0296671
0.0397251
0.0497811
0.0599101
0.069972
0.0800681
0.0905402
0.100597
0.110654
0.120718
0.130775
0.140831
0.150888
0.160944
0.171002
0.18106
0.191126
0.201196
0.211253
0.221319
0.231377
0.241444
0.25151
0.261565
0.271622
0.281687
0.291751
0.301805
0.311863
0.321919
0.331975
0.342031
0.352096
0.362153
0.372217
0.382279
0.392336
0.402396
0.412452
0.422529
0.432594
0.44265
0.452716
0.462781
0.47285
0.482914
0.492971
0.503025
0.513083
0.523138
0.533194
0.543248
0.553303
0.563369
0.573427
0.583483
0.59355
0.603606
0.613674
0.623739
0.633793
0.643847
0.653905
0.663965
0.67402
0.684077
0.694132
0.704198
0.71427
0.724325
0.734381
0.744437
0.754507
0.764563
0.774629
0.784687
0.794744
0.8048
0.814855
0.82492
0.834974
0.845034
0.8551
0.865157
0.875215
0.885273
0.895331
0.905392
0.91545
0.925509
0.935567
0.945625
0.955642
0.965699
0.975754
0.985812
0.995877
1.006
1.01605
1.0261
1.03616
1.04622
1.05627
1.06634
1.0764
1.08645
1.09652
1.10658
1.11664
1.12669
1.13675
1.14681
1.15686
1.16692
1.17698
1.18704
1.1971
1.20716
1.21722
1.22728
1.23733
1.24739
1.25745
1.26751
1.27756
1.28762
1.29775
1.30784
1.31791
1.32797
1.33802
1.34808
1.35814
1.36819
1.37825
1.38831
1.39836
1.40842
1.41851
1.42856
1.43862
1.4487
1.45876
1.46881
1.47887
1.48893
1.49898
1.50904
1.5191
1.52918
1.53924
1.5493
1.55936
1.56941
1.57948
1.58954
1.59959
1.60966
1.61983
1.62989
1.63994
1.65
1.66006
1.67011
1.68017
1.69022
1.70028
1.71034
1.7204
1.73045
1.74051
1.75056
1.76062
1.77067
1.78073
1.79079
1.80084
1.81089
1.82095
1.83101
1.84107
1.85112
1.86118
1.87124
1.8813
1.89136
1.90141
1.91147
1.92153
1.93158
1.94164
1.95169
1.96175
1.97181
1.98187
1.99192
2.00198
2.01207
2.0221
2.03215
2.04223
2.05228
2.06233
2.07239
2.08245
2.0925
2.10257
2.11259
2.12265
2.13271
2.1428
2.15285
2.16291
2.17295
2.18303
2.19309
2.20316
2.21322
2.22327
2.23355
2.24361
2.25366
2.26372
2.27378
2.28384
2.29389
2.30395
2.314
2.32406
2.33411
2.34417
2.35423
2.36429
2.37434
2.3844
2.39446
2.40451
2.41457
2.42463
2.43468
2.44474
2.4548
2.46485
2.47491
2.48497
2.49502
2.50509
2.51515
2.5252
2.53526
2.54532
2.55539
2.56545
2.57551
2.58556
2.59562
2.60568
2.61574
2.62579
2.63585
2.64591
2.65596
2.66602
2.67608
2.68614
2.6962
2.70625
2.71631
2.72637
2.73642
2.74648
2.75654
2.76659
2.77665
2.7867
2.79676
2.80682
2.81683
2.82688
2.83694
2.84699
2.85706
2.86711
2.87718
2.88724
2.89729
2.90735
2.91741
2.92746
2.93752
2.94757
2.95763
2.96768
2.97773
2.98779
2.99785
3.0079
3.01796
3.02802
3.03807
3.04813
3.05819
3.06824
3.0783
3.08836
3.09842
3.10847
3.11853
3.12859
3.13865
3.1487
3.15876
3.16882
3.17887
3.18893
3.19898
3.20904
3.21909
3.22915
3.23921
3.24926
3.25932
3.26938
3.27943
3.28949
3.29955
3.30963
3.31965
3.3297
3.3399
3.34996
3.36001
3.37008
3.38013
3.3902
3.40026
3.41031
3.42037
3.43043
3.44048
3.45054
3.46059
3.47065
3.4807
3.49076
3.50082
3.51087
3.52093
3.53099
3.54104
3.5511
3.56115
3.57121
3.58126
3.59132
3.60138
3.61146
3.62149
3.63155
3.64161
3.65166
3.66172
3.67178
3.68183
3.69189
3.70194
3.712
3.72205
3.73211
3.74214
3.75221
3.76229
3.77236
3.78242
3.79247
3.80252
3.81258
3.82264
3.83269
3.84275
3.85282
3.86288
3.87294
3.88299
3.89305
3.90311
3.91317
3.92322
3.93328
3.94335
3.95337
3.96343
3.97346
3.98352
3.99359
4.00367
4.01374
4.02379
4.03385
4.0439
4.05399
4.06404
4.0741
4.08416
4.09421
4.10427
4.11433
4.12441
4.1345
4.14455
4.15461
4.16466
4.17472
4.18478
4.19483
4.20491
4.21497
4.22502
4.23508
4.24521
4.25527
4.26537
4.27542
4.28548
4.29557
4.30563
4.31569
4.32574
4.3358
4.34585
4.35591
4.36597
4.37603
4.38608
4.39614
4.4062
4.41625
4.42637
4.43642
4.44648
4.45656
4.46662
4.47668
4.48674
4.49679
4.50685
4.51696
4.52702
4.53707
4.54713
4.55719
4.56724
4.57727
4.58738
4.59743
4.60749
4.61755
4.6276
4.63766
4.64772
4.65777
4.66781
4.6779
4.68796
4.69801
4.70802
4.71811
4.72816
4.73821
4.74824
4.75829
4.76835
4.77841
4.78846
4.79852
4.80857
4.81863
4.82869
4.83875
4.8488
4.85886
4.86892
4.87897
4.88903
4.89909
4.90915
4.9192
4.92926
4.93932
4.94937
4.95943
4.96949
4.97954
4.9896
4.99966
5.00971
5.01979
5.02984
5.0399
5.04996
5.06001
5.07007
5.08013
5.09018
5.10024
5.1103
5.12035
5.13041
5.14047
5.15053
5.16059
5.17064
5.1807
5.19075
5.20081
5.21085
5.22091
5.23097
5.24103
5.25108
5.26114
5.27123
5.28131
5.29137
5.30142
5.31148
5.32154
5.3316
5.34166
5.35171
5.36177
5.37182
5.38188
5.392
5.40206
5.41212
5.42217
5.43223
5.44229
5.45234
5.46242
5.47248
5.48254
5.49259
5.50261
5.51267
5.52273
5.53277
5.54283
5.55289
5.56295
5.573
5.58306
5.59312
5.60317
5.61323
5.62329
5.63335
5.6434
5.65346
5.66352
5.67358
5.68364
5.6937
5.70376
5.71381
5.72387
5.73393
5.74398
5.75404
5.76409
5.77415
5.78419
5.79425
5.80431
5.81436
5.82442
5.8345
5.84456
5.85461
5.86469
5.87475
5.88481
5.89486
5.90492
5.91498
5.92504
5.93509
5.94515
5.9552
5.96525
5.9753
5.98536
5.99541
6.00547
6.01549
6.02554
6.0356
6.04566
6.05571
6.06577
6.07583
6.08588
6.09594
6.106
6.11605
6.12611
6.13616
6.14622
6.15628
6.16633
6.17639
6.18644
6.1965
6.20652
6.21658
6.22663
6.23669
6.24675
6.2568
6.26686
6.27692
6.28697
6.29703
6.3071
6.31715
6.32721
6.33726
6.34732
6.35737
6.36743
6.37749
6.38755
6.3976
6.40766
6.41771
6.42777
6.43782
6.44788
6.45794
6.46799
6.47805
6.4881
6.49816
6.50822
6.51827
6.52828
6.53834
6.54839
6.55845
6.5685
6.57852
6.58858
6.5991
6.60916
6.61921
6.62932
6.63937
6.64943
6.65953
6.66956
6.67965
6.68981
6.69986
6.70992
6.71998
6.73004
6.7401
6.75015
6.76021
6.77026
6.7803
6.79035
6.80041
6.81046
6.82052
6.83057
6.84064
6.85069
6.86075
6.87081
6.88086
6.89092
6.90098
6.91103
6.92109
6.93115
6.9412
6.95126
6.96131
6.97137
6.98143
6.99148
7.00154
7.0116
7.02166
7.03173
7.04178
7.05184
7.06189
7.07195
7.082
7.09206
7.10212
7.11217
7.12224
7.13229
7.14235
7.15243
7.16248
7.17254
7.1826
7.19266
7.20272
7.21277
7.22283
7.23289
7.24294
7.253
7.26306
7.27311
7.28318
7.29321
7.30327
7.31333
7.32338
7.33344
7.34349
7.35355
7.36361
7.37366
7.38372
7.39414
7.4047
7.41475
7.42481
7.43486
7.44492
7.45497
7.46503
7.47508
7.48514
7.4952
7.50525
7.51531
7.52536
7.53542
7.54547
7.55553
7.56558
7.57564
7.58569
7.59574
7.60582
7.61587
7.62593
7.63599
7.64605
7.65611
7.66616
7.67622
7.68627
7.69633
7.70638
7.71645
7.7265
7.73656
7.74662
7.75667
7.76673
7.77678
7.78685
