 0.016709 -0.105391  0.508479
0.0167083 -0.105389  0.508479
0.0167067 -0.105389  0.508478
0.0167043 -0.105386  0.508478
0.0167011 -0.105386  0.508477
0.0166973  -0.10539  0.508475
0.0166932 -0.105387  0.508475
0.0166886 -0.105386  0.508474
0.0166843 -0.105385  0.508473
0.0166797 -0.105384  0.508472
0.0166761 -0.105386  0.508471
 0.016671 -0.105383  0.508471
 0.016667 -0.105383  0.508469
0.0166634 -0.105382  0.508469
  0.01666 -0.105383  0.508467
0.0166576 -0.105377  0.508467
0.0166546 -0.105377  0.508466
0.0166541 -0.105375  0.508465
0.0166532 -0.105372  0.508463
0.0166525 -0.105375  0.508461
0.0166528 -0.105371   0.50846
0.0166536 -0.105369  0.508458
0.0166555 -0.105364  0.508456
0.0166578  -0.10536  0.508454
0.0166607 -0.105353  0.508452
0.0166655 -0.105341   0.50845
0.0166699 -0.105334  0.508447
0.0166698 -0.105331  0.508443
0.0166794  -0.10532  0.508441
0.0166872 -0.105303  0.508438
0.0166934  -0.10529  0.508434
0.0167021 -0.105276   0.50843
0.0167106 -0.105261  0.508426
0.0167183 -0.105251  0.508421
0.0167281 -0.105234  0.508416
0.0167387 -0.105215  0.508411
0.0167498 -0.105196  0.508405
0.0167638 -0.105167  0.508399
0.0167758 -0.105144  0.508393
0.0167905  -0.10512  0.508386
0.0168051 -0.105093  0.508379
0.0168196 -0.105066  0.508371
0.0168369 -0.105038  0.508363
 0.016852 -0.105018  0.508354
0.0168703 -0.104986  0.508345
0.0168894 -0.104955  0.508335
0.0169119 -0.104912  0.508325
0.0169333 -0.104876  0.508314
0.0169556 -0.104841  0.508303
0.0169782 -0.104804  0.508291
0.0170038 -0.104765  0.508279
0.0170295 -0.104723  0.508266
0.0170564 -0.104681  0.508253
0.0170844 -0.104639  0.508238
0.0171128 -0.104595  0.508224
0.0171442  -0.10455  0.508208
0.0171756 -0.104504  0.508192
0.0172095 -0.104455  0.508175
0.0172437 -0.104405  0.508157
0.0172783 -0.104354  0.508139
0.0173159 -0.104301   0.50812
0.0173539 -0.104246  0.508101
0.0173932 -0.104191   0.50808
0.0174338 -0.104132  0.508059
0.0174757 -0.104074  0.508036
0.0175188 -0.104013  0.508013
0.0175633  -0.10395  0.507989
0.0176093 -0.103886  0.507964
 0.017657 -0.103822  0.507939
0.0177079 -0.103748  0.507908
0.0177577  -0.10368   0.50788
0.0178089 -0.103608  0.507851
0.0178614 -0.103536   0.50782
0.0179153  -0.10346  0.507789
0.0179704 -0.103383  0.507757
0.0180268 -0.103305  0.507723
0.0180846 -0.103224  0.507688
0.0181457 -0.103145  0.507651
0.0182063  -0.10306  0.507614
0.0182683 -0.102974  0.507575
0.0183317 -0.102887  0.507535
0.0183966 -0.102797  0.507494
0.0184628 -0.102706   0.50745
0.0185306 -0.102612  0.507406
0.0185998 -0.102516   0.50736
0.0186705 -0.102419  0.507312
0.0187427 -0.102319  0.507263
0.0188164 -0.102218  0.507212
0.0188918 -0.102113   0.50716
0.0189685 -0.102007  0.507105
0.0190468   -0.1019  0.507049
0.0191268 -0.101789  0.506991
0.0192122 -0.101655  0.506926
0.0192953  -0.10154  0.506864
  0.01938 -0.101424  0.506799
0.0194662 -0.101305  0.506733
0.0195541 -0.101185  0.506664
0.0196453 -0.101065  0.506595
0.0197362  -0.10094  0.506523
0.0198287 -0.100814  0.506448
0.0199168 -0.100725  0.506386
0.0200034 -0.100582  0.506305
0.0201004  -0.10045  0.506223
0.0201995 -0.100314  0.506139
0.0202999 -0.100176  0.506052
0.0204021 -0.100038  0.505962
 0.0205059 -0.0998948   0.505869
 0.0206115 -0.0997496   0.505773
 0.0207207 -0.0995838   0.505663
 0.0208296 -0.0994331   0.505561
 0.0209401 -0.0992816   0.505456
 0.0210523 -0.0991264   0.505348
  0.021166 -0.0989685   0.505236
0.0212813  -0.09881  0.505121
 0.0213981 -0.0986476   0.505003
  0.021519 -0.0984886   0.504883
0.0216358 -0.098318  0.504756
 0.0217596 -0.0981552   0.504629
0.0218818 -0.097985  0.504497
 0.0220052 -0.0978137    0.50436
 0.0221298 -0.0976414    0.50422
 0.0222556 -0.0974658   0.504077
 0.0223823 -0.0972887   0.503929
 0.0225103 -0.0971099   0.503778
  0.022639 -0.0969311   0.503622
 0.0227689 -0.0967492   0.503463
0.0228997 -0.096566  0.503298
 0.0230408 -0.0963842   0.503126
 0.0231738 -0.0961996   0.502953
 0.0233076 -0.0960119   0.502775
 0.0234424 -0.0958227   0.502593
 0.0235674 -0.0956294    0.50241
 0.0237039 -0.0954386   0.502219
   0.02385 -0.0952486   0.502018
 0.0239873 -0.0950543   0.501817
 0.0241269 -0.0948599   0.501611
0.0242649 -0.094662    0.5014
 0.0244039 -0.0944294   0.501162
 0.0245421 -0.0942301   0.500939
 0.0246819 -0.0940308   0.500711
 0.0248238 -0.0938289   0.500478
 0.0249646 -0.0936265    0.50024
 0.0251075 -0.0934602   0.500018
 0.0252477 -0.0932187   0.499745
 0.0253898 -0.0930149   0.499489
 0.0255324 -0.0928089   0.499227
0.0256753 -0.092602   0.49896
 0.0258188 -0.0923944   0.498686
 0.0259662 -0.0921951    0.49841
 0.0261101 -0.0919869   0.498124
 0.0262547 -0.0917768   0.497831
 0.0263995 -0.0915659   0.497532
 0.0265442 -0.0913546   0.497227
 0.0266894 -0.0911423   0.496916
 0.0268505 -0.0909321    0.49659
 0.0269815 -0.0907161   0.496274
 0.0271263 -0.0905025   0.495941
 0.0272721 -0.0902871   0.495603
 0.0274184 -0.0900715   0.495257
 0.0275645 -0.0898553   0.494905
 0.0277107 -0.0896387   0.494547
 0.0278567 -0.0894216   0.494183
 0.0280026 -0.0892041   0.493812
 0.0281657 -0.0889888   0.493426
 0.0283125 -0.0887708   0.493044
 0.0284576 -0.0885526   0.492654
 0.0286023 -0.0883343   0.492258
0.0287363 -0.088085  0.491815
 0.0288793 -0.0878662   0.491407
 0.0290218 -0.0876483   0.490993
 0.0291634 -0.0874306   0.490573
 0.0293048 -0.0872148   0.490147
 0.0294476 -0.0870075   0.489723
0.0295865 -0.086792  0.489288
 0.0297246 -0.0865773   0.488847
 0.0298613 -0.0863629   0.488401
  0.029997 -0.0861502   0.487951
 0.0301312 -0.0859387   0.487495
 0.0302649 -0.0857283   0.487035
 0.0303973 -0.0855194   0.486571
 0.0305281 -0.0853119   0.486102
  0.030658 -0.0851055   0.485628
 0.0307865 -0.0849004   0.485151
 0.0309139 -0.0846971    0.48467
   0.03104 -0.0844953   0.484185
 0.0311648 -0.0842943   0.483696
 0.0312895 -0.0840966   0.483205
 0.0314115 -0.0838998   0.482709
 0.0315317 -0.0837039    0.48221
 0.0316506 -0.0835103   0.481708
 0.0317874 -0.0833197   0.481191
 0.0319035 -0.0831293   0.480682
 0.0320175 -0.0829398   0.480171
 0.0321302 -0.0827527   0.479657
 0.0322309 -0.0825351   0.479092
0.0323406 -0.082353  0.478575
 0.0324477 -0.0821719   0.478056
  0.032553 -0.0819927   0.477537
 0.0326562 -0.0818145   0.477017
 0.0327579 -0.0816395   0.476496
 0.0328579 -0.0814743   0.475983
 0.0329558 -0.0813036   0.475462
 0.0330525 -0.0811371   0.474942
 0.0331469 -0.0809711   0.474422
 0.0332396 -0.0808066   0.473902
 0.033332 -0.080646  0.473385
 0.0334212 -0.0804857   0.472868
0.0335089 -0.080329  0.472352
  0.033595 -0.0801737   0.471836
 0.0336795 -0.0800208   0.471322
 0.0337625 -0.0798674    0.47081
 0.0338432 -0.0797226   0.470298
  0.033923 -0.0795743   0.469789
 0.0340012 -0.0794294   0.469282
  0.034093 -0.0792903   0.468766
 0.0341681 -0.0791493   0.468262
0.0342406  -0.07901   0.46776
 0.0343126 -0.0788784   0.467259
 0.0343729 -0.0787217   0.466712
0.0344418 -0.078594  0.466217
 0.0345087 -0.0784646   0.465725
 0.0345735 -0.0783375   0.465236
 0.0346376 -0.0782166    0.46475
 0.0347148 -0.0780938   0.464259
0.0347749 -0.077973   0.46378
  0.034833 -0.0778649    0.46331
 0.0348902 -0.0777484   0.462838
 0.0349462 -0.0776351   0.462371
 0.0350012 -0.0775284   0.461909
 0.0350538 -0.0774195    0.46145
 0.0351049 -0.0773131   0.460996
 0.0351543 -0.0772123   0.460545
 0.0352023 -0.0771103     0.4601
 0.0352488 -0.0770107   0.459659
 0.0352935 -0.0769162   0.459222
 0.0353303 -0.0768053   0.458746
 0.0353722 -0.0767157   0.458319
 0.0354129 -0.0766252   0.457897
 0.0354523 -0.0765362   0.457479
 0.0354966 -0.0764638   0.457108
 0.0355273 -0.0763689   0.456658
  0.035563 -0.0762871   0.456255
0.0356079  -0.07621   0.45585
 0.0356411 -0.0761319   0.455456
 0.0356709 -0.0760607   0.455072
 0.0357016 -0.0759908   0.454687
 0.0357314 -0.0759193   0.454309
 0.0357602 -0.0758506   0.453937
 0.0357872 -0.0757869   0.453569
 0.0358125 -0.0757219   0.453207
  0.035837 -0.0756597    0.45285
 0.0358598 -0.0756021   0.452499
 0.0358747 -0.0755407   0.452152
 0.0358952 -0.0754848   0.451813
 0.0359146 -0.0754341   0.451478
 0.0359455 -0.0754072   0.451253
 0.0359459 -0.0753446   0.450891
 0.0359617 -0.0752966   0.450573
 0.0359811 -0.0752541    0.45026
 0.0359951 -0.0752139   0.449952
 0.0360073 -0.0751716   0.449648
 0.0360151 -0.0751275   0.449316
 0.0360254 -0.0750902   0.449021
 0.0360391 -0.0750564   0.448732
 0.0360477 -0.0750232   0.448447
 0.0360561 -0.0749931   0.448168
  0.036063 -0.0749647   0.447892
 0.0360684 -0.0749343   0.447623
 0.0360734 -0.0749093   0.447358
 0.0360747 -0.0748804   0.447071
  0.036078 -0.0748554   0.446818
 0.0360809 -0.0748358    0.44657
 0.0360829 -0.0748138   0.446327
 0.0360843 -0.0747962   0.446091
  0.036085 -0.0747772   0.445859
 0.0360844 -0.0747653   0.445636
 0.0360872 -0.0747481   0.445413
 0.0360866 -0.0747354   0.445196
 0.0360859 -0.0747213   0.444984
 0.0360848 -0.0747108   0.444776
 0.0360832 -0.0746981   0.444572
0.0360816  -0.07469  0.444371
 0.0360795 -0.0746787   0.444175
 0.0360764 -0.0746679    0.44396
 0.0360742 -0.0746588    0.44377
  0.036072 -0.0746532   0.443584
 0.0360699 -0.0746464   0.443401
 0.0360676 -0.0746409   0.443221
 0.0360652 -0.0746377   0.443044
0.0360629 -0.074632   0.44287
 0.0360603 -0.0746284   0.442699
 0.0360559 -0.0746282   0.442533
 0.0360541 -0.0746256   0.442368
 0.0360513 -0.0746237   0.442205
 0.0360491 -0.0746232   0.442044
 0.0360464 -0.0746225   0.441887
 0.0360431 -0.0746217   0.441733
 0.0360401 -0.0746231   0.441581
  0.036037 -0.0746225   0.441432
 0.036033 -0.074623  0.441285
 0.0360288 -0.0746241   0.441141
 0.0360253 -0.0746252      0.441
 0.0360215 -0.0746271   0.440861
 0.0360176 -0.0746257   0.440709
 0.0360133 -0.0746281   0.440576
 0.0360088 -0.0746298   0.440445
 0.0360043 -0.0746327   0.440317
 0.0359998 -0.0746358   0.440192
 0.0359953 -0.0746391   0.440069
