-0.00465708 -0.00298147   0.0014553   -0.521937    0.488614   -0.034164    0.812749  -0.0585937   -0.506824    0.493218  -0.0335897    0.802668  -0.0573967    0.206413   0.0853267 -0.00386358    -0.21405  -0.0692915  -0.0851829    0.214329   0.0823613  0.00283639   -0.215012  -0.0617889  -0.0808654
-0.00464818 -0.00300159  0.00142699   -0.521926    0.488586  -0.0342041    0.812787   -0.058673   -0.506775    0.493207  -0.0336256    0.802714  -0.0574774    0.206411   0.0853148 -0.00386045   -0.214036  -0.0692813  -0.0851735    0.214327   0.0823727  0.00283507      -0.215  -0.0617806  -0.0808746
-0.00463188 -0.00302345  0.00140269   -0.521918     0.48856  -0.0342435    0.812826  -0.0587519   -0.506737    0.493197  -0.0336557    0.802708  -0.0575515    0.206415   0.0853026 -0.00385178   -0.214021  -0.0692667   -0.085166    0.214331   0.0823846  0.00282727   -0.214981  -0.0617625   -0.080882
-0.00461154 -0.00304612  0.00138258    -0.52191    0.488535  -0.0342829    0.812866  -0.0588302     -0.5067    0.493186  -0.0336881     0.80273  -0.0576257    0.206429   0.0852899 -0.00384213   -0.214002   -0.069245  -0.0851548    0.214343    0.082397  0.00281684   -0.214953  -0.0617344  -0.0808944
-0.00459107 -0.00306545  0.00136678   -0.521902    0.488509  -0.0343223    0.812907  -0.0589079   -0.506676    0.493175    -0.03372    0.802769  -0.0577006    0.206452   0.0852779 -0.00383387   -0.213981  -0.0692172  -0.0851475    0.214364   0.0824088  0.00280727   -0.214926  -0.0617039  -0.0809047
-0.00456813  -0.0030827  0.00135459   -0.521896    0.488483  -0.0343611    0.812949  -0.0589854   -0.506664    0.493166  -0.0337494    0.802807  -0.0577684    0.206477   0.0852679 -0.00382893   -0.213963  -0.0691878    -0.08515    0.214391   0.0824201  0.00279908     -0.2149  -0.0616688  -0.0809147
-0.00454142 -0.00309625  0.00134549    -0.52189    0.488456  -0.0343991    0.812992  -0.0590628   -0.506664    0.493156  -0.0337831    0.802874  -0.0578444    0.206507   0.0852567 -0.00382528   -0.213944  -0.0691555  -0.0851396    0.214422     0.08243  0.00279258   -0.214879  -0.0616322  -0.0809163
-0.00451111 -0.00310673  0.00133808   -0.521885    0.488429  -0.0344362    0.813035    -0.05914   -0.506678    0.493148   -0.033817    0.802928  -0.0579215    0.206542    0.085246  -0.0038241    -0.21393  -0.0691233  -0.0851318    0.214454   0.0824383  0.00278899   -0.214866  -0.0616044  -0.0809117
-0.00447729 -0.00311369   0.0013322    -0.52188    0.488401  -0.0344726     0.81308  -0.0592172     -0.5067    0.493142  -0.0338546    0.803027   -0.057999    0.206577   0.0852367 -0.00382612    -0.21392  -0.0690917  -0.0851279    0.214493   0.0824493   0.0027858   -0.214856  -0.0615687  -0.0809282
-0.00444065 -0.00311759  0.00132669   -0.521876    0.488371   -0.034508    0.813125  -0.0592941   -0.506737    0.493137  -0.0338909    0.803081  -0.0580779    0.206614   0.0852276 -0.00383119   -0.213915  -0.0690622  -0.0851224    0.214532   0.0824581  0.00278623   -0.214856  -0.0615431  -0.0809349
-0.00440189 -0.00311799  0.00132143   -0.521871     0.48834  -0.0345428     0.81317   -0.059371    -0.50678    0.493134   -0.033931    0.803167  -0.0581571    0.206652   0.0852201 -0.00383964   -0.213916  -0.0690371  -0.0851245    0.214571   0.0824659  0.00278967   -0.214866  -0.0615249  -0.0809383
-0.00436245 -0.00311551  0.00131487   -0.521865    0.488306  -0.0345772    0.813215  -0.0594479   -0.506833    0.493133  -0.0339722    0.803261  -0.0582373    0.206691   0.0852122 -0.00385155   -0.213922  -0.0690117  -0.0851171    0.214612   0.0824723   0.0027957   -0.214884  -0.0615086  -0.0809346
-0.00432168 -0.00310932  0.00130748   -0.521858    0.488272   -0.034611    0.813261  -0.0595248   -0.506892    0.493132  -0.0340158    0.803354  -0.0583179     0.20673   0.0852049 -0.00386739   -0.213936  -0.0689925  -0.0851175    0.214652   0.0824802  0.00280493   -0.214913  -0.0615005  -0.0809391
-0.00428046  -0.0031019  0.00129794    -0.52185    0.488235  -0.0346449    0.813307  -0.0596017   -0.506959    0.493134  -0.0340611    0.803463   -0.058399    0.206768   0.0851979 -0.00388678   -0.213957  -0.0689778   -0.085115    0.214692   0.0824868  0.00281757   -0.214952  -0.0615005  -0.0809381
-0.00423952 -0.00309108  0.00128634    -0.52184    0.488196  -0.0346785    0.813352  -0.0596786   -0.507031    0.493136  -0.0341076    0.803558  -0.0584807    0.206808   0.0851899 -0.00391008   -0.213986  -0.0689687  -0.0851178    0.214732   0.0824956  0.00283359   -0.215003  -0.0615108  -0.0809436
-0.00419914  -0.0030794  0.00127175   -0.521829    0.488155  -0.0347123    0.813398  -0.0597557   -0.507114    0.493138  -0.0341615    0.803691  -0.0585707     0.20685   0.0851801 -0.00393889   -0.214028  -0.0689677  -0.0851066    0.214772   0.0825031  0.00285231   -0.215065  -0.0615256  -0.0809385
-0.00415958 -0.00306553  0.00125414   -0.521816    0.488112  -0.0347461    0.813443  -0.0598328   -0.507195    0.493141  -0.0342102    0.803785  -0.0586532    0.206889     0.08517  -0.0039694   -0.214075  -0.0689694  -0.0851069    0.214812   0.0825142  0.00287378   -0.215138  -0.0615502  -0.0809427
-0.00412089 -0.00305183  0.00123295   -0.521802    0.488066  -0.0347806    0.813487  -0.0599101   -0.507277    0.493143  -0.0342611    0.803895  -0.0587357    0.206928   0.0851587 -0.00400219   -0.214132  -0.0689823  -0.0851048    0.214852   0.0825256  0.00289805   -0.215224  -0.0615868  -0.0809456
 -0.0040838 -0.00303668  0.00120819   -0.521786    0.488019   -0.034815    0.813532  -0.0599875   -0.507362    0.493146  -0.0343121    0.804008  -0.0588184    0.206968   0.0851439 -0.00403759     -0.2142  -0.0690004  -0.0850999    0.214892     0.08254  0.00292415   -0.215321  -0.0616279  -0.0809466
-0.00404806 -0.00302233  0.00117963   -0.521768    0.487968  -0.0348502    0.813576  -0.0600651   -0.507446    0.493146  -0.0343644    0.804119   -0.058901    0.207005   0.0851304 -0.00407212   -0.214268   -0.069021  -0.0851061    0.214933   0.0825566  0.00295185   -0.215431  -0.0616799  -0.0809505
-0.00401386 -0.00300879  0.00114739   -0.521748    0.487916  -0.0348861     0.81362  -0.0601427   -0.507531    0.493145  -0.0344165    0.804236  -0.0589838    0.207046   0.0851101 -0.00411145   -0.214355  -0.0690536   -0.085099    0.214975   0.0825779  0.00298129   -0.215552  -0.0617435  -0.0809618
-0.00398089 -0.00299591  0.00111154   -0.521726     0.48786  -0.0349226    0.813663  -0.0602205   -0.507615    0.493141  -0.0344693    0.804344  -0.0590664    0.207089   0.0850873 -0.00415271   -0.214453  -0.0690935  -0.0850939    0.215017   0.0826013  0.00301151   -0.215685  -0.0618118   -0.080965
-0.00394938 -0.00298605  0.00107189   -0.521703    0.487802    -0.03496    0.813706  -0.0602984   -0.507697    0.493136  -0.0345223    0.804467  -0.0591489    0.207133   0.0850589 -0.00419469   -0.214563  -0.0691425  -0.0850804    0.215061   0.0826306  0.00304217   -0.215831  -0.0618903  -0.0809798
-0.00391891 -0.00297758  0.00102893   -0.521677    0.487742  -0.0349979    0.813749  -0.0603765   -0.507777    0.493127  -0.0345743    0.804567  -0.0592315    0.207179   0.0850262 -0.00423771   -0.214684  -0.0691992  -0.0850681    0.215106   0.0826647  0.00307351   -0.215989  -0.0619802  -0.0809961
-0.00388945 -0.00297347 0.000982347    -0.52165    0.487678  -0.0350369    0.813791  -0.0604547   -0.507847    0.493117  -0.0346217    0.804666  -0.0593056    0.207228   0.0849878 -0.00428128   -0.214817  -0.0692642  -0.0850492    0.215153   0.0827035  0.00310441   -0.216157  -0.0620742  -0.0810127
-0.00386077 -0.00297142 0.000932898   -0.521621    0.487611  -0.0350763    0.813833   -0.060533   -0.507931    0.493101  -0.0346786    0.804787   -0.059396    0.207285    0.084938 -0.00432905   -0.214978  -0.0693472  -0.0850155    0.215202   0.0827494   0.0031349   -0.216338  -0.0621776  -0.0810352
-0.00383257 -0.00297526 0.000880235   -0.521591    0.487542  -0.0351167    0.813874  -0.0606114   -0.508002    0.493082  -0.0347306    0.804894  -0.0594781     0.20734   0.0848869  -0.0043729   -0.215137  -0.0694295  -0.0849913    0.215254   0.0828014  0.00316498   -0.216531  -0.0622921   -0.081067
-0.00380502 -0.00298167 0.000825207   -0.521559    0.487469  -0.0351579    0.813916  -0.0606899   -0.508072     0.49306  -0.0347818    0.805003  -0.0595601    0.207399   0.0848289 -0.00441683   -0.215309  -0.0695089  -0.0849739    0.215308     0.08286  0.00319401   -0.216733  -0.0624093  -0.0810933
-0.00377756 -0.00299452 0.000767498   -0.521524    0.487392  -0.0351998    0.813957  -0.0607685   -0.508137    0.493033  -0.0348331    0.805105  -0.0596418    0.207455   0.0847716 -0.00445622   -0.215474  -0.0696064  -0.0849374    0.215366   0.0829255  0.00322174   -0.216947  -0.0625355   -0.081133
-0.00375021 -0.00301131 0.000708082   -0.521489    0.487313  -0.0352425    0.813998  -0.0608473   -0.508199    0.493002  -0.0348843    0.805217  -0.0597235    0.207529   0.0846902 -0.00450252   -0.215692  -0.0697263   -0.084882    0.215428   0.0830001  0.00324861   -0.217173   -0.062672  -0.0811756
 -0.0037222  -0.0030343 0.000646466   -0.521451     0.48723  -0.0352857    0.814039  -0.0609263   -0.508258    0.492967  -0.0349347    0.805311  -0.0598052    0.207601     0.08461 -0.00454526   -0.215903  -0.0698398  -0.0848364    0.215494   0.0830809  0.00327368   -0.217411  -0.0628124  -0.0812219
-0.00369357 -0.00306286 0.000583495   -0.521413    0.487143  -0.0353298    0.814079  -0.0610053   -0.508313    0.492928  -0.0349864    0.805433  -0.0598867     0.20768   0.0845206 -0.00458664    -0.21613  -0.0699667  -0.0847842    0.215564   0.0831713   0.0032973   -0.217662  -0.0629618  -0.0812738
-0.00366377 -0.00309712 0.000519069   -0.521372    0.487052  -0.0353743     0.81412  -0.0610844   -0.508368    0.492885  -0.0350358    0.805513  -0.0599685    0.207762   0.0844234 -0.00462794    -0.21637  -0.0700995   -0.084725     0.21564   0.0832693  0.00331972   -0.217927  -0.0631218   -0.081334
-0.00363271 -0.00313762 0.000453535    -0.52133    0.486958  -0.0354194     0.81416  -0.0611636   -0.508417    0.492837  -0.0350869    0.805613  -0.0600501    0.207843   0.0843288 -0.00466506   -0.216599  -0.0702249  -0.0846783     0.21572   0.0833764  0.00334031   -0.218203  -0.0632851  -0.0813969
-0.00360032 -0.00318339 0.000387122   -0.521286    0.486859  -0.0354651      0.8142   -0.061243   -0.508466    0.492785  -0.0351376    0.805713  -0.0601318    0.207937   0.0842156 -0.00470539   -0.216867  -0.0703742  -0.0846115    0.215806   0.0834921  0.00335925   -0.218492  -0.0634576  -0.0814672
  -0.003566 -0.00323622 0.000319745    -0.52124    0.486757  -0.0355114    0.814241  -0.0613224    -0.50851    0.492728  -0.0351893     0.80581  -0.0602136     0.20804   0.0840927 -0.00474539   -0.217151  -0.0705329  -0.0845357    0.215898   0.0836173  0.00337715   -0.218796  -0.0636408   -0.081549
-0.00352991  -0.0032948 0.000251858   -0.521193     0.48665  -0.0355584    0.814281  -0.0614019   -0.508554    0.492668  -0.0352414    0.805914  -0.0602955    0.208149   0.0839618 -0.00478531   -0.217451  -0.0707002  -0.0844582    0.215996   0.0837503  0.00339345   -0.219112  -0.0638278  -0.0816265
-0.00349144 -0.00336085 0.000182982   -0.521144    0.486538  -0.0356058    0.814321  -0.0614815   -0.508596    0.492604   -0.035294    0.806005  -0.0603776    0.208277   0.0838061 -0.00482839     -0.2178  -0.0708976  -0.0843518      0.2161   0.0838934  0.00340825   -0.219443  -0.0640246  -0.0817189
-0.00345087 -0.00343233 0.000113856   -0.521092    0.486422  -0.0356538    0.814361  -0.0615613   -0.508635    0.492537  -0.0353484    0.806119  -0.0604596    0.208403   0.0836555 -0.00486845   -0.218135  -0.0710826  -0.0842596    0.216212   0.0840462  0.00342232    -0.21979  -0.0642331   -0.081816
 -0.0034074  -0.0035111 4.37377e-05   -0.521039    0.486301  -0.0357023    0.814401  -0.0616412   -0.508676    0.492465  -0.0354022    0.806202  -0.0605422    0.208535   0.0834959  -0.0049083   -0.218485   -0.071281  -0.0841595     0.21633   0.0842069  0.00343511   -0.220151  -0.0644459  -0.0819158
 -0.00336161  -0.00359536 -2.67523e-05    -0.520984     0.486175   -0.0357515     0.814441   -0.0617213    -0.508713      0.49239   -0.0354584     0.806301   -0.0606247     0.208677    0.0833266  -0.00494868    -0.218853   -0.0714867   -0.0840519     0.216456    0.0843783   0.00344694    -0.220529   -0.0646694   -0.0820235
 -0.00331281  -0.00368598 -9.80085e-05    -0.520926     0.486044   -0.0358009     0.814481   -0.0618015    -0.508752     0.492311   -0.0355153     0.806402   -0.0607075     0.208825    0.0831488  -0.00499027    -0.219236    -0.071699   -0.0839413     0.216589    0.0845586   0.00345843    -0.220923   -0.0649047   -0.0821426
 -0.00326155  -0.00378222 -0.000170054    -0.520866     0.485907   -0.0358511     0.814521   -0.0618819     -0.50879     0.492229   -0.0355744     0.806502   -0.0607905     0.208984    0.0829613  -0.00503182    -0.219639   -0.0719258   -0.0838236      0.21673    0.0847477   0.00346917    -0.221332   -0.0651452   -0.0822574
-0.00320708 -0.00388486 -0.00024316   -0.520804    0.485766  -0.0359018    0.814561  -0.0619625   -0.508829    0.492143  -0.0356347    0.806608  -0.0608738    0.209134   0.0827865 -0.00507125   -0.220014  -0.0721335  -0.0837241    0.216879   0.0849462  0.00347937   -0.221758  -0.0653966  -0.0823867
 -0.00314972   -0.0039934 -0.000317387    -0.520739     0.485619   -0.0359532     0.814601   -0.0620432    -0.508867     0.492054    -0.035697     0.806707   -0.0609575      0.20931    0.0825817  -0.00511527    -0.220449   -0.0723768   -0.0835932     0.217037    0.0851544   0.00348991    -0.222202   -0.0656609   -0.0825203
 -0.00308914  -0.00410732 -0.000392484    -0.520671     0.485466   -0.0360053     0.814641   -0.0621242    -0.508906     0.491961   -0.0357615     0.806824   -0.0610414     0.209496    0.0823683  -0.00516105    -0.220904   -0.0726302   -0.0834606     0.217203    0.0853715   0.00350013    -0.222664   -0.0659317    -0.082657
 -0.00302432  -0.00422777 -0.000469543    -0.520601     0.485307    -0.036058      0.81468   -0.0622053    -0.508948     0.491866   -0.0358268     0.806919    -0.061126     0.209711    0.0821221   -0.0052126    -0.221427   -0.0729233   -0.0832967     0.217378    0.0855982   0.00351021    -0.223146   -0.0662151    -0.082801
 -0.00295615  -0.00435408 -0.000548047    -0.520528     0.485141   -0.0361118     0.814719   -0.0622868    -0.508988     0.491768   -0.0358961     0.807054   -0.0612105     0.209918    0.0818889  -0.00526183    -0.221923   -0.0731994   -0.0831483     0.217562     0.085835   0.00352091    -0.223647   -0.0665123   -0.0829568
 -0.00288361  -0.00448639 -0.000628771    -0.520452      0.48497   -0.0361659     0.814758   -0.0623684    -0.509035     0.491668   -0.0359647      0.80714    -0.061296     0.210135    0.0816471  -0.00531283    -0.222438   -0.0734856   -0.0829978     0.217755    0.0860795   0.00353161    -0.224167   -0.0668166   -0.0831082
 -0.00280748  -0.00462426 -0.000711297    -0.520373     0.484792    -0.036221     0.814797   -0.0624505     -0.50908     0.491564   -0.0360374     0.807253   -0.0613814     0.210362    0.0813955  -0.00536628    -0.222972   -0.0737806   -0.0828406     0.217958    0.0863355   0.00354261    -0.224707   -0.0671339   -0.0832741
 -0.00272745  -0.00476695 -0.000795779    -0.520291     0.484608   -0.0362769     0.814835   -0.0625329    -0.509129     0.491457   -0.0361117     0.807372   -0.0614673       0.2106    0.0811348  -0.00542123    -0.223527   -0.0740904   -0.0826758     0.218171       0.0866   0.00355458    -0.225269   -0.0674659   -0.0834442
 -0.00264326  -0.00491512 -0.000882796    -0.520206     0.484417   -0.0363337     0.814874   -0.0626156    -0.509179     0.491348   -0.0361888     0.807487   -0.0615537      0.21085     0.080864  -0.00547841    -0.224102   -0.0744092   -0.0825037     0.218395     0.086874    0.0035667     -0.22585   -0.0678054    -0.083617
 -0.00255525  -0.00506891 -0.000972189    -0.520118     0.484219   -0.0363915     0.814911   -0.0626987    -0.509232     0.491236   -0.0362685     0.807618   -0.0616404     0.211111     0.080585  -0.00553804    -0.224697   -0.0747382   -0.0823266     0.218629    0.0871575    0.0035793    -0.226452   -0.0681578   -0.0837974
-0.00246324 -0.00522857 -0.00106457   -0.520026    0.484014  -0.0364504    0.814949  -0.0627821   -0.509288    0.491121  -0.0363499    0.807733  -0.0617276    0.211385   0.0802959 -0.00559977   -0.225313  -0.0750789  -0.0821472    0.218874   0.0874514  0.00359275   -0.227077  -0.0685255  -0.0839892
 -0.0023664 -0.00539282 -0.00115922   -0.519931    0.483802  -0.0365103    0.814986   -0.062866   -0.509345    0.491003  -0.0364353    0.807881   -0.061815     0.21167   0.0799978  -0.0056642   -0.225951  -0.0754284  -0.0819607     0.21913   0.0877538  0.00360654   -0.227723  -0.0689014  -0.0841768
-0.00226489 -0.00556357  -0.0012574   -0.519832    0.483583  -0.0365713    0.815023  -0.0629502   -0.509408    0.490882  -0.0365206    0.807992  -0.0619034    0.211968   0.0796897 -0.00572995   -0.226611  -0.0757941   -0.081767    0.219399   0.0880668  0.00362038   -0.228391  -0.0692913  -0.0843791
-0.00214773 -0.00575617 -0.00136852    -0.51972    0.483333  -0.0366399    0.815063  -0.0630433   -0.509472    0.490759  -0.0366103    0.808127  -0.0619918    0.212279   0.0793716 -0.00579837   -0.227292  -0.0761669  -0.0815685    0.219679   0.0883904  0.00363491   -0.229083  -0.0696966  -0.0845853
-0.00203547 -0.00593801 -0.00147333   -0.519614    0.483098  -0.0367031    0.815099  -0.0631285   -0.509541    0.490633  -0.0367018    0.808266  -0.0620809    0.212603   0.0790439 -0.00586846   -0.227998  -0.0765564  -0.0813625    0.219972   0.0887227  0.00364923   -0.229798   -0.070111   -0.084796
-0.00191708 -0.00612483 -0.00158079   -0.519505    0.482854  -0.0367676    0.815134  -0.0632141   -0.509612    0.490504  -0.0367963    0.808405  -0.0621704    0.212941   0.0787052 -0.00594055   -0.228728  -0.0769564  -0.0811486    0.220278   0.0890669  0.00366357   -0.230539  -0.0705406  -0.0850134
-0.00179311 -0.00631825 -0.00169192   -0.519392    0.482603  -0.0368336    0.815169  -0.0633002   -0.509688    0.490373  -0.0368933    0.808556  -0.0622605    0.213292   0.0783577 -0.00601465   -0.229479  -0.0773655  -0.0809313    0.220596   0.0894209  0.00367785   -0.231302  -0.0709854  -0.0852442
-0.00166342 -0.00651674 -0.00180646   -0.519275    0.482344  -0.0369007    0.815203  -0.0633867   -0.509767    0.490239  -0.0369929    0.808699   -0.062351    0.213657   0.0779992 -0.00608943   -0.230256  -0.0777918  -0.0807063    0.220927   0.0897844   0.0036915   -0.232087   -0.071438  -0.0854697
-0.00152782 -0.00672145 -0.00192444   -0.519154    0.482076  -0.0369692    0.815238  -0.0634737   -0.509849    0.490103  -0.0370964    0.808867  -0.0624417    0.214037   0.0776306 -0.00616585   -0.231056   -0.078228  -0.0804736    0.221271   0.0901594  0.00370418   -0.232898  -0.0719053  -0.0857122
-0.00138528 -0.00693164 -0.00204568    -0.51903      0.4818  -0.0370388    0.815271  -0.0635613   -0.509936    0.489964  -0.0372008    0.809009  -0.0625334    0.214431   0.0772509  -0.0062438   -0.231882  -0.0786774  -0.0802376     0.22163   0.0905456  0.00371661   -0.233734   -0.072389  -0.0859584
-0.00123594 -0.00714809 -0.00216996   -0.518903    0.481515  -0.0371101    0.815305  -0.0636495   -0.510027    0.489822  -0.0373092     0.80917  -0.0626254    0.214841   0.0768603 -0.00632283   -0.232734  -0.0791399  -0.0799913    0.222004   0.0909423  0.00372768   -0.234596  -0.0728824  -0.0862102
-0.00107945 -0.00737029 -0.00229763   -0.518771    0.481221  -0.0371823    0.815337  -0.0637382   -0.510123    0.489678  -0.0374198    0.809336   -0.062718    0.215266   0.0764588 -0.00640289   -0.233612  -0.0796153  -0.0797414    0.222392   0.0913507  0.00373742   -0.235484  -0.0733908  -0.0864691
-0.000915604  -0.00759912  -0.00242834    -0.518636     0.480918   -0.0372561      0.81537   -0.0638274    -0.510223     0.489531    -0.037534     0.809504    -0.062811     0.215708    0.0760451  -0.00648396    -0.234517   -0.0801046   -0.0794809     0.222796    0.0917717   0.00374613    -0.236401   -0.0739162   -0.0867426
-0.00074337 -0.00783313 -0.00256174   -0.518498    0.480606  -0.0373312    0.815402  -0.0639173   -0.510328    0.489382  -0.0376506    0.809682  -0.0629048    0.216166   0.0756196 -0.00656617   -0.235451  -0.0806082   -0.079212    0.223216   0.0922034  0.00375336   -0.237344  -0.0744522  -0.0870118
-0.000562056   -0.0080744  -0.00269764    -0.518357     0.480285   -0.0374077     0.815433   -0.0640079    -0.510448     0.489216   -0.0377823     0.809874   -0.0630086     0.216641    0.0751827  -0.00664965    -0.236414   -0.0811265   -0.0789399     0.223653    0.0926485   0.00375895    -0.238319   -0.0750054   -0.0872992
-0.000371787  -0.00832222  -0.00283611    -0.518211     0.479954   -0.0374856     0.815464   -0.0640991    -0.510563     0.489063   -0.0379054     0.810066   -0.0631035     0.217132    0.0747335  -0.00673371    -0.237405   -0.0816587   -0.0786567      0.22415    0.0931511   0.00376378    -0.239423   -0.0756306   -0.0876131
-0.000172471  -0.00857708  -0.00297733    -0.518063     0.479612    -0.037565     0.815495    -0.064191    -0.510683     0.488908   -0.0380311     0.810246    -0.063199     0.217692    0.0742265  -0.00682751     -0.23853   -0.0822592   -0.0783476      0.22462    0.0936208   0.00376592    -0.240455   -0.0762132   -0.0879107
 3.6052e-05 -0.00883879  -0.0031209   -0.517911    0.479261   -0.037646    0.815526  -0.0642836   -0.510807    0.488751  -0.0381616    0.810459  -0.0632946     0.21822   0.0737534  -0.0069128   -0.239583  -0.0828217  -0.0780518    0.225105   0.0941026  0.00376642   -0.241515  -0.0768116   -0.088218
 0.00025417 -0.00910835 -0.00326738   -0.517755      0.4789  -0.0377283    0.815556  -0.0643769   -0.510938    0.488592  -0.0382928    0.810637  -0.0633913    0.218765   0.0732679 -0.00699824   -0.240664  -0.0833977  -0.0777449    0.225607   0.0945966  0.00376397     -0.2426   -0.077419  -0.0885366
0.000481775 -0.00938373 -0.00341586   -0.517596    0.478529  -0.0378121    0.815586  -0.0644711   -0.511073     0.48843  -0.0384291    0.810841   -0.063488    0.219329   0.0727699 -0.00708383   -0.241774  -0.0839877  -0.0774337    0.226126   0.0951034  0.00375939   -0.243714  -0.0780417  -0.0888619
0.000719132  -0.0096657 -0.00356678   -0.517433    0.478148  -0.0378974    0.815616  -0.0645661   -0.511214    0.488267   -0.038568    0.811051  -0.0635855    0.219911   0.0722595 -0.00716958   -0.242913  -0.0845916  -0.0771103    0.226664   0.0956221  0.00375264   -0.244859   -0.078682  -0.0891904
0.000966874 -0.00995378 -0.00371953   -0.517266    0.477757   -0.037984    0.815645  -0.0646619    -0.51136    0.488101  -0.0387109    0.811262  -0.0636835    0.220513   0.0717359   -0.007256   -0.244084  -0.0852106  -0.0767796    0.227221   0.0961554   0.0037428   -0.246033   -0.079333  -0.0895372
 0.00122551  -0.0102489 -0.00387428    -0.51708    0.477315  -0.0380811    0.815678  -0.0647681   -0.511513    0.487934  -0.0388569    0.811488   -0.063782    0.221134   0.0711999 -0.00734397   -0.245287  -0.0858441  -0.0764444    0.227797   0.0967009  0.00373187    -0.24724  -0.0800016  -0.0898851
  0.0014955  -0.0105505   -0.004031   -0.516907    0.476901  -0.0381709    0.815707  -0.0648656   -0.511671    0.487765  -0.0390061    0.811705  -0.0638811    0.221775   0.0706506 -0.00743355   -0.246522  -0.0864929  -0.0760977    0.228392   0.0972599   0.0037196   -0.248481  -0.0806863   -0.090245
 0.00180607  -0.0108904 -0.00420583   -0.516731    0.476476  -0.0382624    0.815736   -0.064964   -0.511835    0.487594  -0.0391598     0.81195  -0.0639804    0.222437   0.0700886 -0.00752465   -0.247789  -0.0871568  -0.0757465    0.229007   0.0978319  0.00370576   -0.249753  -0.0813865  -0.0906087
 0.00210126  -0.0112065 -0.00436738   -0.516552     0.47604  -0.0383552    0.815765  -0.0650633   -0.512006    0.487422  -0.0393153     0.81217  -0.0640807     0.22312   0.0695131 -0.00761709    -0.24909   -0.087836   -0.075383    0.229642   0.0984174  0.00369052   -0.251061  -0.0821062  -0.0909829
 0.00240854  -0.0115285 -0.00453094    -0.51637    0.475594  -0.0384498    0.815794  -0.0651636   -0.512182    0.487248  -0.0394756    0.812412  -0.0641812    0.223824   0.0689235 -0.00771079   -0.250426  -0.0885313  -0.0750119    0.230298   0.0990177  0.00367274   -0.252403  -0.0828381  -0.0913679
 0.00272873  -0.0118573 -0.00469714   -0.516185    0.475136  -0.0385458    0.815824  -0.0652648   -0.512366    0.487073   -0.039639     0.81266  -0.0642824     0.22455   0.0683206 -0.00780607   -0.251798  -0.0892436  -0.0746356    0.230975   0.0996319   0.0036533   -0.253782  -0.0835906  -0.0917633
 0.00306333  -0.0121935 -0.00486493   -0.515998    0.474666  -0.0386435    0.815852   -0.065367   -0.512557    0.486898  -0.0398061    0.812912  -0.0643843    0.225298   0.0677031  -0.0079029   -0.253208  -0.0899732  -0.0742475    0.231675     0.10026  0.00363192   -0.255203  -0.0843627  -0.0921639
 0.00341109  -0.0125347 -0.00503513   -0.515808    0.474185  -0.0387432    0.815882  -0.0654702   -0.512756    0.486722  -0.0399766    0.813176  -0.0644867    0.226068   0.0670714 -0.00800077   -0.254653  -0.0907194  -0.0738541    0.232397    0.100904  0.00360825   -0.256659  -0.0851525  -0.0925765
 0.00377256  -0.0128837 -0.00520805   -0.515615    0.473691  -0.0388446    0.815911  -0.0655745   -0.512961    0.486545  -0.0401511    0.813437  -0.0645895    0.226862   0.0664255 -0.00810017   -0.256139  -0.0914842  -0.0734487    0.233141    0.101562  0.00358255   -0.258157  -0.0859637  -0.0929959
 0.00414871  -0.0132397 -0.00538299    -0.51542    0.473186  -0.0389479    0.815941  -0.0656799   -0.513174    0.486369  -0.0403296    0.813722  -0.0646929    0.227677    0.065765 -0.00820084   -0.257663  -0.0922668  -0.0730337    0.233908    0.102235  0.00355406   -0.259693  -0.0867903  -0.0934275
 0.00453992  -0.0136027 -0.00556069   -0.515222    0.472668  -0.0390532     0.81597  -0.0657864   -0.513397    0.486192  -0.0405111    0.813991  -0.0647967    0.228517   0.0650899 -0.00830293   -0.259227  -0.0930677  -0.0726136    0.234697    0.102923  0.00352358    -0.26127  -0.0876381  -0.0938688
  0.0049461  -0.0139727 -0.00574042   -0.515022    0.472138  -0.0391606       0.816  -0.0658942   -0.513625    0.486016  -0.0406981    0.814304  -0.0649009     0.22938      0.0644 -0.00840639    -0.26083  -0.0938872  -0.0721815     0.23551    0.103625  0.00349096    -0.26289  -0.0885084  -0.0943122
 0.00536769  -0.0143495 -0.00592295   -0.514819    0.471595  -0.0392698    0.816031  -0.0660031   -0.513866     0.48584  -0.0408863    0.814574  -0.0650058    0.230266   0.0636953 -0.00851096   -0.262474  -0.0947252  -0.0717437    0.236345    0.104344   0.0034551   -0.264548  -0.0893941  -0.0947759
 0.00580457  -0.0147338 -0.00610801   -0.514614     0.47104  -0.0393811    0.816061  -0.0661134   -0.514138    0.485647  -0.0410999    0.814906  -0.0651213    0.231178   0.0629751 -0.00861678    -0.26416  -0.0955826  -0.0712927    0.237205    0.105076  0.00341674   -0.266251  -0.0903025  -0.0952421
  0.0062585  -0.0151245 -0.00629528   -0.514408    0.470472  -0.0394945    0.816092  -0.0662249   -0.514396    0.485473  -0.0412974    0.815218  -0.0652271    0.232113   0.0622394 -0.00872407   -0.265889  -0.0964598  -0.0708331    0.238088    0.105826  0.00337589   -0.267998  -0.0912326  -0.0957228
 0.00672955  -0.0155229 -0.00648479     -0.5142    0.469891    -0.03961    0.816123  -0.0663379   -0.514663    0.485299  -0.0414993    0.815535  -0.0653331    0.233074   0.0614888 -0.00883299   -0.267664   -0.097358  -0.0703675    0.238997    0.106592  0.00333233    -0.26979  -0.0921844  -0.0962097
 0.00721882  -0.0159289 -0.00667597    -0.51399    0.469296  -0.0397277    0.816154  -0.0664522   -0.514942    0.485128  -0.0417044    0.815868  -0.0654397    0.234061   0.0607214 -0.00894343   -0.269485  -0.0982778  -0.0698889     0.23993    0.107374  0.00328601    -0.27163  -0.0931596  -0.0967098
  0.0077267  -0.0163421 -0.00686892    -0.51378    0.468689  -0.0398475    0.816186   -0.066568    -0.51523    0.484959  -0.0419132    0.816196  -0.0655467    0.235177   0.0598588 -0.00906613   -0.271543  -0.0993164  -0.0693437    0.240889    0.108173  0.00323679   -0.273518  -0.0941576   -0.097221
 0.00825322  -0.0167637 -0.00706394   -0.513569    0.468067  -0.0399697    0.816218  -0.0666853   -0.515528    0.484792  -0.0421268    0.816555  -0.0656539    0.236219   0.0590579 -0.00917935   -0.273463   -0.100282  -0.0688442    0.241875    0.108988  0.00318436   -0.275455  -0.0951797  -0.0977385
 0.00879918   -0.017192 -0.00726104   -0.513357    0.467432  -0.0400938    0.816251  -0.0668043   -0.515838    0.484627  -0.0423426    0.816891  -0.0657616    0.237286   0.0582409 -0.00929352   -0.275428   -0.101267  -0.0683394    0.242886     0.10982  0.00312834   -0.277442  -0.0962253  -0.0982699
  0.0093644  -0.0176265 -0.00745985   -0.513144    0.466784  -0.0402205    0.816285  -0.0669249   -0.516158    0.484464   -0.042564    0.817252  -0.0658692    0.238379   0.0574071 -0.00940842   -0.277439   -0.102274  -0.0678218    0.243924    0.110669  0.00306872   -0.279477   -0.097294  -0.0988081
 0.00994908  -0.0180675 -0.00766067    -0.51293    0.466122  -0.0403492    0.816319  -0.0670469    -0.51649    0.484303  -0.0427887    0.817622  -0.0659773    0.239497   0.0565583  -0.0095239   -0.279494     -0.1033  -0.0672985    0.244988    0.111534  0.00300517   -0.281561   -0.098386  -0.0993598
  0.0105524   -0.018515 -0.00786369   -0.512714    0.465447  -0.0404805    0.816355  -0.0671705   -0.516831    0.484144  -0.0430185       0.818  -0.0660853    0.240643   0.0556934 -0.00963967   -0.281595   -0.104348  -0.0667619    0.246188    0.112506  0.00293058   -0.283905  -0.0996129  -0.0999859
  0.0111746  -0.0189701 -0.00806913   -0.512498    0.464757  -0.0406144    0.816391  -0.0672956   -0.517184    0.483988  -0.0432521    0.818392  -0.0661938    0.241816   0.0548134 -0.00975565   -0.283742   -0.105415  -0.0662168    0.247308    0.113404  0.00285836   -0.286086    -0.10075   -0.100559
  0.0118163  -0.0194322 -0.00827681   -0.512281    0.464054  -0.0407506    0.816428  -0.0674224   -0.517548    0.483833  -0.0434899    0.818785  -0.0663025    0.243018   0.0539192 -0.00987225   -0.285939   -0.106505  -0.0656663    0.248455    0.114318  0.00278214   -0.288314   -0.101909   -0.101138
   0.012478   -0.019902 -0.00848648   -0.512064    0.463337  -0.0408894    0.816467  -0.0675509   -0.517925    0.483682  -0.0437324    0.819203  -0.0664115       0.244   0.0531924 -0.00996583   -0.287732   -0.107393  -0.0652161    0.249629    0.115248  0.00270161   -0.290589    -0.10309    -0.10173
  0.0130909  -0.0203308 -0.00867715   -0.511868     0.46268  -0.0410164    0.816502  -0.0676679   -0.518236    0.483563  -0.0439282    0.819525  -0.0664992    0.245257     0.05227  -0.0100831    -0.29002   -0.108523  -0.0646456     0.25059    0.116003   0.0026339   -0.292447   -0.104051   -0.102213
  0.0137903  -0.0208142 -0.00889035   -0.511652    0.461935    -0.04116    0.816542  -0.0677997   -0.518635    0.483418  -0.0441778    0.819949   -0.066609    0.246549   0.0513313  -0.0102019   -0.292371   -0.109682  -0.0640686    0.251822    0.116962  0.00254514   -0.294822   -0.105279   -0.102821
  0.0145143  -0.0213071 -0.00910491   -0.511437    0.461176  -0.0413059    0.816584  -0.0679331   -0.519091    0.483266  -0.0444553    0.820428  -0.0667306    0.247871   0.0503745  -0.0103217   -0.294779   -0.110866  -0.0634775    0.253087     0.11794  0.00245189   -0.297263   -0.106536   -0.103444
  0.0152613  -0.0218062 -0.00932175   -0.511223    0.460402  -0.0414547    0.816627  -0.0680685   -0.519519    0.483132   -0.044713    0.820873  -0.0668407    0.249224   0.0493987  -0.0104423   -0.297244   -0.112076  -0.0628762    0.254382    0.118937  0.00235389   -0.299761   -0.107822   -0.104075
   0.016033   -0.022313 -0.00954027    -0.51101    0.459612  -0.0416064    0.816671  -0.0682059   -0.519963    0.483002  -0.0449745    0.821334  -0.0669509    0.250606   0.0484039  -0.0105642   -0.299765   -0.113312  -0.0622676    0.255707    0.119954  0.00225128   -0.302321   -0.109137   -0.104722
  0.0168299  -0.0228275 -0.00976061   -0.510798    0.458807  -0.0417607    0.816717  -0.0683453    -0.52042    0.482878    -0.04524    0.821798  -0.0670612     0.25202   0.0473885   -0.010687   -0.302346   -0.114574  -0.0616439    0.257064    0.120991  0.00214384   -0.304945   -0.110483   -0.105381
  0.0176518  -0.0233489 -0.00998257   -0.510589    0.457986  -0.0419177    0.816764  -0.0684869   -0.520892    0.482759    -0.04551    0.822288  -0.0671715    0.253465   0.0463529  -0.0108106   -0.304985   -0.115862  -0.0610094    0.258454     0.12205  0.00203121   -0.307633   -0.111859   -0.106049
 0.0185004 -0.0238785 -0.0102064  -0.510382    0.45715 -0.0420774   0.816813 -0.0686306  -0.521379   0.482646 -0.0457827   0.822767 -0.0672822   0.255089  0.0451909  -0.010948  -0.307957  -0.117309 -0.0603095   0.259875   0.123127 0.00191333  -0.310385  -0.113266  -0.106734
 0.0193756 -0.0244164  -0.010432  -0.510177   0.456299 -0.0422401   0.816863 -0.0687767   -0.52188   0.482538 -0.0460615   0.823294 -0.0673925   0.256598  0.0441128 -0.0110727  -0.310721  -0.118653 -0.0596507   0.261327   0.124228  0.0017901  -0.313202  -0.114704  -0.107431
 0.0202787 -0.0249611 -0.0106593  -0.509975   0.455432 -0.0424051   0.816915 -0.0689251    -0.5224   0.482438 -0.0463412   0.823782 -0.0675033   0.258134  0.0430149 -0.0111973  -0.313541  -0.120023 -0.0589843   0.262809   0.125349 0.00166098  -0.316079   -0.11617  -0.108136
 0.0212088 -0.0255134 -0.0108881  -0.509775   0.454551  -0.042573   0.816969 -0.0690758  -0.522933   0.482342 -0.0466267   0.824306 -0.0676138   0.259702  0.0418959 -0.0113215  -0.316419  -0.121417  -0.058304   0.264322   0.126492  0.0015253  -0.319018  -0.117665  -0.108859
 0.0221659 -0.0260716 -0.0111178  -0.509579   0.453656 -0.0427434   0.817025 -0.0692289  -0.523484   0.482254 -0.0469157   0.824845 -0.0677245   0.261299  0.0407587 -0.0114452  -0.319354  -0.122837 -0.0576122   0.265866   0.127654  0.0013837  -0.322018  -0.119189  -0.109593
 0.0231506 -0.0266378 -0.0113488  -0.509386   0.452745 -0.0429166   0.817083 -0.0693842   -0.52405   0.482172 -0.0472089    0.82539 -0.0678354   0.262932  0.0396022 -0.0115683  -0.322351  -0.124284 -0.0569135   0.267442   0.128836 0.00123522  -0.325077  -0.120739  -0.110336
 0.0241604 -0.0272107 -0.0115799  -0.509197    0.45182 -0.0430924   0.817142 -0.0695417  -0.524633   0.482099 -0.0475057   0.825959 -0.0679466   0.264599  0.0384253 -0.0116905   -0.32541  -0.125757 -0.0562003   0.269056   0.130039 0.00107907  -0.328206  -0.122321  -0.111095
  0.0251985  -0.0277896  -0.0118108   -0.509013    0.450881  -0.0432705    0.817204  -0.0697016   -0.525234    0.482033  -0.0478056    0.826522  -0.0680581    0.266295   0.0372335  -0.0118113   -0.328528   -0.127256  -0.0554775    0.270869     0.13138 0.000899079   -0.331722   -0.124094   -0.111933
  0.0262685   -0.028375  -0.0120416   -0.508835    0.449928  -0.0434513    0.817268  -0.0698638   -0.525853    0.481976  -0.0481111    0.827126  -0.0681692    0.268023   0.0360229  -0.0119308   -0.331708   -0.128782  -0.0547488    0.272377      0.1325 0.000744835   -0.334651   -0.125572   -0.112643
  0.0273702  -0.0289698  -0.0122723   -0.508662    0.448961  -0.0436345    0.817334  -0.0700282   -0.526492    0.481928  -0.0484174    0.827703  -0.0682812    0.269783   0.0347976  -0.0120483    -0.33495   -0.130334   -0.054007    0.274253    0.133877 0.000547789   -0.338294   -0.127401   -0.113509
  0.0285026  -0.0295716  -0.0125018   -0.508497     0.44798  -0.0438202    0.817403   -0.070195   -0.527149    0.481891  -0.0487291    0.828313  -0.0683929    0.271577   0.0335559  -0.0121637   -0.338256   -0.131913  -0.0532569    0.275994    0.135149 0.000360201   -0.341673   -0.129096   -0.114308
  0.0296666  -0.0301781  -0.0127294   -0.508322    0.446886  -0.0440273    0.817482  -0.0703813   -0.527827    0.481863  -0.0490439    0.828937  -0.0685048    0.273402   0.0323004  -0.0122762   -0.341619   -0.133517  -0.0524982    0.277765    0.136437 0.000162877   -0.345109   -0.130813   -0.115124
   0.0308607   -0.0307915   -0.0129561     -0.50817     0.445878   -0.0442183     0.817557   -0.0705531    -0.528523     0.481845   -0.0493634     0.829571   -0.0686163     0.275262    0.0310307   -0.0123859    -0.345044    -0.135145   -0.0517348     0.279568      0.13774 -4.27442e-05    -0.348601    -0.132557    -0.115946
    0.032082   -0.0314102   -0.0131808    -0.508025     0.444857   -0.0444119     0.817636   -0.0707272    -0.529238     0.481838   -0.0496868     0.830228   -0.0687279     0.277158    0.0297466   -0.0124925     -0.34853    -0.136798   -0.0509598     0.281408     0.139057 -0.000258692    -0.352155    -0.134324    -0.116777
   0.0333335    -0.032033   -0.0134029    -0.507887     0.443823   -0.0446075     0.817717   -0.0709037    -0.529974     0.481841   -0.0500139     0.830884   -0.0688395      0.27909    0.0284481   -0.0125968    -0.352083    -0.138479   -0.0501775     0.283282     0.140387 -0.000483423    -0.355774    -0.136121    -0.117619
   0.0346189   -0.0326622   -0.0136219     -0.50776     0.442776   -0.0448055     0.817802   -0.0710826    -0.530731     0.481857   -0.0503453     0.831576   -0.0689512     0.281057    0.0271359   -0.0126983      -0.3557    -0.140187   -0.0493871     0.285191     0.141734 -0.000718326    -0.359457    -0.137943    -0.118474
   0.0359363   -0.0332952   -0.0138383     -0.50764     0.441717   -0.0450056     0.817891   -0.0712637     -0.53151     0.481885   -0.0506788     0.832251    -0.069063     0.283053    0.0258095   -0.0127971    -0.359379     -0.14192   -0.0485924     0.287132     0.143095 -0.000961895    -0.363204    -0.139796     -0.11933
  0.0372922  -0.0339332  -0.0140509   -0.507532    0.440646  -0.0452083    0.817984  -0.0714474    -0.53231    0.481925  -0.0510173    0.832956  -0.0691744    0.285081   0.0244685  -0.0128937   -0.363122   -0.143679  -0.0477867    0.289103    0.144472 -0.00121544   -0.367014   -0.141672   -0.120204
   0.038684  -0.0345743  -0.0142594   -0.507434    0.439563  -0.0454129     0.81808  -0.0716335   -0.533134    0.481979  -0.0513587    0.833675  -0.0692855    0.287142   0.0231115  -0.0129883   -0.366932   -0.145465  -0.0469741    0.291107    0.145865 -0.00147743   -0.370893   -0.143581   -0.121083
  0.0402585  -0.0352844  -0.0144836   -0.507348    0.438468    -0.04562    0.818181  -0.0718224   -0.533979    0.482046  -0.0517038    0.834407  -0.0693964    0.289238    0.021739  -0.0130811   -0.370813    -0.14728  -0.0461534    0.293147    0.147275 -0.00174983   -0.374846    -0.14552   -0.121976
  0.0417297  -0.0359326  -0.0146823   -0.507274    0.437362  -0.0458294    0.818286  -0.0720139   -0.534849    0.482129  -0.0520517    0.835159   -0.069507    0.291365   0.0203518  -0.0131722   -0.374758   -0.149122  -0.0453292     0.29522    0.148699 -0.00203058   -0.378871   -0.147493   -0.122871
   0.043236  -0.0365824  -0.0148769   -0.507211    0.436245  -0.0460412    0.818396  -0.0722082   -0.535741    0.482224  -0.0524036    0.835917  -0.0696168    0.293525    0.018948   -0.013261   -0.378767   -0.150988  -0.0444937    0.297323    0.150142 -0.00232074   -0.382957   -0.149489   -0.123782
 0.0447768 -0.0372357 -0.0150679  -0.507158   0.435115 -0.0462562   0.818511 -0.0724048  -0.536653   0.482333 -0.0527599   0.836706 -0.0697259   0.295715  0.0175328 -0.0133473  -0.382835  -0.152878 -0.0436522   0.299463   0.151594 -0.0026208  -0.387112  -0.151516  -0.124701
   0.046194  -0.0378278  -0.0152375   -0.507116    0.433975  -0.0464738    0.818631  -0.0726042   -0.537589    0.482457  -0.0531182    0.837487  -0.0698348    0.297944    0.016102  -0.0134326   -0.386968   -0.154792   -0.042804    0.301634    0.153064 -0.00292887   -0.391332   -0.153572   -0.125626
 0.0477953 -0.0384871 -0.0154226  -0.507085   0.432823 -0.0466943   0.818756 -0.0728063  -0.538545   0.482595 -0.0534825   0.838321 -0.0699425   0.300201  0.0146564 -0.0135162  -0.391164  -0.156733  -0.041951   0.303842   0.154549 -0.0032467   -0.39562  -0.155654  -0.126561
  0.0496058  -0.0392129  -0.0156205   -0.507067    0.431662  -0.0469165    0.818885  -0.0730113   -0.539528    0.482747  -0.0538466    0.839118  -0.0700501    0.302489   0.0131977  -0.0135997   -0.395424   -0.158694  -0.0410899    0.306078     0.15605 -0.00357236   -0.399977   -0.157767   -0.127506
  0.0512924  -0.0398771  -0.0157969   -0.507065    0.430489  -0.0471415     0.81902  -0.0732189   -0.540534    0.482915  -0.0542149    0.839954  -0.0701569    0.304812   0.0117207  -0.0136835   -0.399754   -0.160685  -0.0402215    0.308345    0.157569 -0.00390463   -0.404404   -0.159912   -0.128457
  0.0530157    -0.04054  -0.0159686   -0.507076    0.429308  -0.0473687     0.81916  -0.0734299   -0.541669    0.483118  -0.0546228    0.840894  -0.0702735    0.307165   0.0102269   -0.013767   -0.404152   -0.162705  -0.0393491    0.310646    0.159106 -0.00424564   -0.408905   -0.162087   -0.129422
  0.0547796  -0.0412073  -0.0161376   -0.507102    0.428115  -0.0475986    0.819305  -0.0736436   -0.542726     0.48332  -0.0549965    0.841761  -0.0703787     0.30955  0.00871743  -0.0138505   -0.408618   -0.164748  -0.0384658     0.31298    0.160657 -0.00459491   -0.413485   -0.164299   -0.130395
  0.0565816  -0.0418751   -0.016303   -0.507142    0.426914  -0.0478311    0.819456  -0.0738603   -0.543807    0.483537  -0.0553725    0.842651   -0.070483    0.312209  0.00703761  -0.0139419   -0.413607    -0.16703  -0.0374827    0.315346    0.162222 -0.00495165   -0.418136   -0.166543   -0.131371
  0.0584217  -0.0425436   -0.016465   -0.507196    0.425703  -0.0480665    0.819613    -0.07408   -0.544912     0.48377  -0.0557506    0.843543  -0.0705863    0.314657  0.00549614  -0.0140265   -0.418208   -0.169123  -0.0365896    0.317738    0.163807 -0.00531555   -0.422854   -0.168815   -0.132361
  0.0603005  -0.0432137  -0.0166249   -0.507265    0.424483  -0.0483044    0.819776  -0.0743027    -0.54604    0.484019  -0.0561324    0.844473  -0.0706882    0.317131  0.00393932  -0.0141103   -0.422867    -0.17124  -0.0356929     0.32016    0.165408 -0.00568696   -0.427639   -0.171117   -0.133358
  0.0622171  -0.0438817  -0.0167819   -0.507349    0.423256  -0.0485447    0.819945  -0.0745285   -0.547193    0.484281  -0.0565145    0.845386  -0.0707895     0.31964  0.00236746  -0.0141938   -0.427595   -0.173386  -0.0347876    0.322611    0.167026 -0.00606627   -0.432494   -0.173449   -0.134365
  0.0641655  -0.0445475  -0.0169357   -0.507448     0.42202  -0.0487878    0.820119  -0.0747574   -0.548367     0.48456  -0.0568997    0.846329  -0.0708898    0.322172 0.000779324  -0.0142772   -0.432379   -0.175551  -0.0338782    0.325097    0.168661 -0.00645396   -0.437425   -0.175814   -0.135376
  0.0661565  -0.0452163  -0.0170888   -0.507564    0.420778  -0.0490331    0.820301  -0.0749889   -0.549568    0.484855  -0.0572856    0.847288  -0.0709894    0.324476 -0.00066358  -0.0143542   -0.436741   -0.177515  -0.0330664    0.327608    0.170306 -0.00684881   -0.442425   -0.178211   -0.136398
   0.068186  -0.0458819   -0.017238   -0.507697    0.419529  -0.0492812    0.820488  -0.0752235   -0.550791    0.485164  -0.0576742    0.848259  -0.0710876    0.327324 -0.00244469  -0.0144472   -0.442147   -0.179955  -0.0320449    0.330145    0.171973 -0.00725035   -0.447493   -0.180638   -0.137428
  0.0702539  -0.0465484  -0.0173848   -0.507846    0.418273   -0.049532    0.820682  -0.0754607    -0.55204     0.48549  -0.0580636     0.84925  -0.0711849    0.329945 -0.00407805  -0.0145334   -0.447133   -0.182197  -0.0311244    0.332711    0.173654 -0.00765902   -0.452633   -0.183097   -0.138465
  0.0723611  -0.0472154  -0.0175301   -0.508014     0.41701  -0.0497855    0.820883  -0.0757008   -0.553312    0.485832   -0.058454    0.850246  -0.0712813    0.332591 -0.00572744  -0.0146197   -0.452185   -0.184464  -0.0301961    0.335302    0.175351 -0.00807561   -0.457846   -0.185589    -0.13951
  0.0745072  -0.0478804  -0.0176732   -0.508199    0.415741  -0.0500415     0.82109  -0.0759439   -0.554608    0.486191  -0.0588465    0.851274  -0.0713764    0.335263 -0.00739174  -0.0147057   -0.457299   -0.186755  -0.0292635    0.337919    0.177065 -0.00850014   -0.463128   -0.188113   -0.140563
  0.0766914  -0.0485456   -0.017815   -0.508402    0.414467  -0.0503001    0.821305  -0.0761897   -0.555929    0.486565  -0.0592388    0.852292  -0.0714706    0.337968 -0.00907135  -0.0147911   -0.462482   -0.189073  -0.0283267    0.340565    0.178793 -0.00893299   -0.468481   -0.190668    -0.14162
  0.0789071  -0.0492087  -0.0179544   -0.508646    0.413059  -0.0505876    0.821549  -0.0764636   -0.557272    0.486956  -0.0596342    0.853363  -0.0715635    0.340697  -0.0107668  -0.0148759   -0.467731   -0.191416  -0.0273852    0.343509    0.180714 -0.00942066   -0.474458   -0.193519   -0.142805
  0.0811656  -0.0498705   -0.018092   -0.508888    0.411774  -0.0508516    0.821778  -0.0767153   -0.558645    0.487364  -0.0600273    0.854397  -0.0716559    0.343452   -0.012475    -0.01496   -0.473048   -0.193786   -0.026442    0.346209    0.182478 -0.00987236   -0.479965   -0.196145   -0.143882
  0.083465 -0.0505324 -0.0182274  -0.509152   0.410484  -0.051118   0.822015 -0.0769699   -0.56004   0.487789 -0.0604226    0.85547 -0.0717469   0.346235 -0.0142005 -0.0150425  -0.478434  -0.196183 -0.0254917   0.348936   0.184258 -0.0103339  -0.485547  -0.198804  -0.144967
 0.0857956 -0.0511944 -0.0183621  -0.509433    0.40919 -0.0513873   0.822259 -0.0772271  -0.561461   0.488232 -0.0608181   0.856561  -0.071837   0.349047 -0.0159384 -0.0151234  -0.483888  -0.198607 -0.0245379   0.351689   0.186048 -0.0108052  -0.491196  -0.201495  -0.146057
 0.0881615  -0.051858 -0.0184953  -0.509734   0.407891 -0.0516588   0.822511 -0.0774869  -0.562906   0.488692  -0.061215   0.857661 -0.0719259    0.35188 -0.0176899 -0.0152027  -0.489407  -0.201057 -0.0235805   0.354462   0.187855 -0.0112855  -0.496913  -0.204216  -0.147158
 0.0905713 -0.0525224 -0.0186264  -0.510058   0.406589 -0.0519328   0.822771 -0.0777495  -0.564378    0.48917 -0.0616122   0.858787 -0.0720137   0.354733 -0.0194554 -0.0152803  -0.494992  -0.203533 -0.0226186   0.357253   0.189676 -0.0117753  -0.502697  -0.206969  -0.148266
 0.0932692 -0.0532555 -0.0187679  -0.510403   0.405283 -0.0522094   0.823039 -0.0780148  -0.565876   0.489666 -0.0620091   0.859912 -0.0721004   0.357607 -0.0212325 -0.0153562  -0.500642  -0.206036 -0.0216532    0.36006   0.191511 -0.0122741  -0.508544  -0.209751  -0.149381
 0.0955099 -0.0538588 -0.0188821  -0.510768   0.403974 -0.0524887   0.823315 -0.0782828  -0.567552   0.490233 -0.0624476   0.861191  -0.072194   0.360505 -0.0230213 -0.0154299  -0.506362  -0.208566 -0.0206841   0.362884   0.193357 -0.0127824  -0.514455  -0.212562  -0.150503
 0.0980362 -0.0545303 -0.0190066  -0.511156   0.402663 -0.0527702   0.823599 -0.0785538  -0.568949   0.490714 -0.0628043   0.862224 -0.0722701   0.363426 -0.0248231 -0.0155008   -0.51215  -0.211125 -0.0197142    0.36573   0.195216  -0.013302  -0.520437  -0.215407  -0.151635
  0.100601 -0.0552013 -0.0191267  -0.511566    0.40135 -0.0530541   0.823891 -0.0788279  -0.570524   0.491264 -0.0632025   0.863402 -0.0723531   0.366367 -0.0266393 -0.0155686  -0.518008  -0.213713 -0.0187362   0.368587   0.197094 -0.0138298  -0.526479  -0.218282  -0.152775
  0.103203 -0.0558734 -0.0192434  -0.511999   0.400038 -0.0533399   0.824191 -0.0791045  -0.572127   0.491833 -0.0636001   0.864597  -0.072435   0.369333  -0.028469  -0.015633  -0.523931  -0.216325 -0.0177557   0.371469   0.198985 -0.0143708  -0.532593  -0.221188  -0.153921
  0.105832 -0.0565471 -0.0193575  -0.512452   0.398723 -0.0536283   0.824501 -0.0793834  -0.573752   0.492419 -0.0639989   0.865802 -0.0725156   0.372317 -0.0303111 -0.0156941   -0.52991   -0.21896  -0.016772   0.374371   0.200888 -0.0149232  -0.538771  -0.224125  -0.155075
    0.1085 -0.0572215 -0.0194679  -0.512926   0.397408 -0.0539188   0.824819 -0.0796647  -0.575403   0.493022 -0.0643983    0.86703 -0.0725948   0.375312 -0.0321648 -0.0157519  -0.535941  -0.221615 -0.0157856   0.377281   0.202801 -0.0154851  -0.545001  -0.227085  -0.156236
  0.111202 -0.0578967 -0.0195749  -0.513422   0.396092 -0.0542114   0.825146 -0.0799486  -0.577076   0.493641  -0.064798   0.868259 -0.0726727   0.378321 -0.0340305 -0.0158067  -0.542024  -0.224289 -0.0147959   0.380201   0.204729 -0.0160565  -0.551282  -0.230069  -0.157404
  0.113937 -0.0585727  -0.019678  -0.513939   0.394778  -0.054506   0.825482  -0.080235  -0.578773   0.494276 -0.0651992   0.869524 -0.0727493   0.381343 -0.0359071 -0.0158585  -0.548156  -0.226983  -0.013804    0.38313   0.206669 -0.0166371  -0.557612  -0.233077  -0.158578
   0.11698 -0.0593163  -0.019787  -0.514478   0.393464 -0.0548021   0.825827 -0.0805238  -0.580494   0.494926 -0.0655986   0.870772 -0.0728253   0.384379 -0.0377931 -0.0159075  -0.554338  -0.229695 -0.0128101   0.386068   0.208617 -0.0172267  -0.563989  -0.236106  -0.159759
  0.119778 -0.0599951 -0.0198831  -0.515037   0.392152 -0.0551003    0.82618 -0.0808149   -0.58241    0.49566 -0.0660407   0.872202 -0.0729071    0.38743 -0.0396866 -0.0159531  -0.560566  -0.232423 -0.0118138   0.389015   0.210578 -0.0178252  -0.570412  -0.239157  -0.160945
  0.122598 -0.0606701 -0.0199749  -0.515617   0.390842 -0.0553996   0.826542 -0.0811086  -0.584178   0.496342 -0.0664397   0.873466  -0.072981   0.390492 -0.0415951 -0.0159957  -0.566836  -0.235166 -0.0108163   0.391974   0.212552 -0.0184333   -0.57688  -0.242228  -0.162137
   0.125446  -0.0613461   -0.020063   -0.516217    0.389534  -0.0557007    0.826913  -0.0814044   -0.585965    0.497039  -0.0668406    0.874767  -0.0730535    0.393566  -0.0435115   -0.016036    -0.57315   -0.237925 -0.00981804    0.394938    0.214535  -0.0190492    -0.58339   -0.245319   -0.163335
   0.128319   -0.062021  -0.0201484   -0.516838     0.38823  -0.0560034    0.827292  -0.0817024   -0.587773     0.49775  -0.0672405    0.876083  -0.0731253    0.396958  -0.0456303  -0.0160777   -0.580138    -0.24097 -0.00872846    0.397907    0.216524  -0.0196734   -0.589937   -0.248427   -0.164537
   0.131215  -0.0626933  -0.0202302   -0.517479     0.38693  -0.0563072    0.827681  -0.0820025     -0.5896    0.498475  -0.0676404    0.877404  -0.0731959     0.40005  -0.0475603  -0.0161129   -0.586529   -0.243754 -0.00772902    0.400881    0.218526   -0.020305   -0.596521   -0.251552   -0.165745
   0.134135  -0.0633652  -0.0203086   -0.518141    0.385635  -0.0566123    0.828077  -0.0823044   -0.591448    0.499213  -0.0680398    0.878747  -0.0732656    0.403144   -0.049501  -0.0161461   -0.592947   -0.246545 -0.00673099    0.403852    0.220532  -0.0209405   -0.603132    -0.25469   -0.166948
   0.137078  -0.0640333  -0.0203847   -0.518824    0.384345  -0.0569182    0.828483  -0.0826083   -0.593315    0.499963  -0.0684384    0.880084  -0.0733343    0.406244  -0.0514461   -0.016178   -0.599397   -0.249346 -0.00573475    0.406825    0.222544  -0.0215839   -0.609773   -0.257841   -0.168163
   0.140043  -0.0646997  -0.0204569     -0.5196    0.382934  -0.0572558    0.828938  -0.0829447     -0.5952    0.500726  -0.0688373    0.881458  -0.0734019    0.409348  -0.0533952   -0.016209   -0.605876   -0.252155 -0.00474095    0.409796    0.224562  -0.0222324   -0.616443   -0.261006   -0.169376
   0.143027  -0.0653617  -0.0205272   -0.520328    0.381658  -0.0575636    0.829362  -0.0832521   -0.597105    0.501501  -0.0692329    0.882802  -0.0734692    0.412455  -0.0553482  -0.0162395   -0.612377    -0.25497 -0.00375022    0.413062    0.226786  -0.0229524   -0.623805   -0.264496   -0.170718
   0.146027  -0.0660209  -0.0205947   -0.521075    0.380389  -0.0578724    0.829795  -0.0835609   -0.599025    0.502287  -0.0696295    0.884175  -0.0735351    0.415564  -0.0573028  -0.0162707   -0.618899   -0.257788 -0.00276323    0.416026    0.228812  -0.0236089   -0.630519   -0.267681   -0.171935
   0.149044  -0.0666771  -0.0206604   -0.521843    0.379128  -0.0581816    0.830237  -0.0838707   -0.600963    0.503085  -0.0700244    0.885558  -0.0736003    0.418681   -0.059256  -0.0163022   -0.625445   -0.260611 -0.00178087     0.41899    0.230837  -0.0242678    -0.63725   -0.270872   -0.173149
    0.152066   -0.0673314   -0.0207258     -0.52263     0.377874   -0.0584914     0.830686   -0.0841819    -0.602913     0.503893   -0.0704188     0.886944   -0.0736648     0.421807   -0.0612039    -0.016334    -0.632015     -0.26344 -0.000802993     0.421954     0.232858     -0.02493    -0.643999    -0.274072    -0.174364
     0.1551  -0.0679833   -0.020791   -0.523438    0.376629  -0.0588018    0.831145   -0.084494    -0.60488    0.504714  -0.0708116    0.888346  -0.0737287    0.424935  -0.0631504  -0.0163675   -0.638606   -0.266273 0.000168397    0.424913    0.234878  -0.0255934   -0.650763   -0.277278   -0.175575
  0.158147 -0.0686369 -0.0208576  -0.524266   0.375391 -0.0591131   0.831612 -0.0848069  -0.606861   0.505545 -0.0712024   0.889741 -0.0737917   0.428059 -0.0650923 -0.0164031  -0.645216  -0.269111  0.0011334    0.42786   0.236892 -0.0262568  -0.657537  -0.280489  -0.176785
  0.161215 -0.0692865 -0.0209234  -0.525117   0.374163 -0.0594249   0.832088 -0.0851212  -0.608857   0.506388 -0.0715919   0.891165 -0.0738533   0.431183 -0.0670328 -0.0164398  -0.651843  -0.271952 0.00209225   0.430798   0.238903 -0.0269213  -0.664326  -0.283708  -0.177992
  0.164287 -0.0699291  -0.020989  -0.525986   0.372946 -0.0597372   0.832573 -0.0854367  -0.610867    0.50724 -0.0719782   0.892564  -0.073914   0.434306 -0.0689723 -0.0164777  -0.658484  -0.274795 0.00304455    0.43373   0.240915 -0.0275875  -0.671129  -0.286934  -0.179197
  0.167367 -0.0705648 -0.0210546  -0.526874   0.371739 -0.0600501   0.833067 -0.0857532  -0.612887     0.5081 -0.0723642   0.893984 -0.0739733   0.437421 -0.0709096 -0.0165178  -0.665138  -0.277639  0.0039901   0.436648   0.242928 -0.0282533  -0.677941  -0.290166  -0.180401
  0.170465 -0.0711964  -0.021121  -0.527783   0.370543 -0.0603637   0.833569 -0.0860704  -0.614922    0.50897 -0.0727468   0.895411 -0.0740318   0.440527  -0.072842 -0.0165598  -0.671803  -0.280486 0.00492819   0.439546   0.244931  -0.028917  -0.684758  -0.293401  -0.181593
  0.173574 -0.0718227 -0.0211901  -0.528712   0.369358 -0.0606785   0.834081 -0.0863883  -0.616967   0.509849 -0.0731271    0.89684 -0.0740889   0.443626 -0.0747662 -0.0166034  -0.678478  -0.283332 0.00585921   0.442434   0.246935 -0.0295833  -0.691587  -0.296643   -0.18279
  0.176692 -0.0724434 -0.0212616   -0.52966   0.368183 -0.0609944   0.834601  -0.086707  -0.619025   0.510737 -0.0735043   0.898279 -0.0741449   0.446716 -0.0766905 -0.0166496  -0.685159  -0.286178 0.00678195   0.445307   0.248932 -0.0302491  -0.698423  -0.299891  -0.183985
  0.179816   -0.07306  -0.021335  -0.530627   0.367019 -0.0613114    0.83513 -0.0870266  -0.621091   0.511632 -0.0738787   0.899713 -0.0741996   0.449798 -0.0786114 -0.0166993  -0.691846  -0.289021   0.007697   0.448163   0.250926  -0.030911  -0.705259  -0.303139  -0.185163
  0.182945 -0.0736696 -0.0214096  -0.531612   0.365867 -0.0616294   0.835668 -0.0873471  -0.623165   0.512534 -0.0742509   0.901168 -0.0742528   0.452872 -0.0805273 -0.0167525  -0.698537  -0.291862 0.00860576   0.451002   0.252918 -0.0315709  -0.712095  -0.306388  -0.186349
  0.186076 -0.0742731 -0.0214867  -0.532614   0.364726 -0.0619484   0.836214 -0.0876682  -0.625456   0.513534 -0.0746555   0.902746 -0.0743102   0.455937 -0.0824404 -0.0168092  -0.705228  -0.294699 0.00950387   0.453825   0.254905 -0.0322282  -0.718933  -0.309641  -0.187528
  0.189209  -0.074871 -0.0215668  -0.533634   0.363596 -0.0622684   0.836769 -0.0879901  -0.627543   0.514449 -0.0750222   0.904221 -0.0743605   0.458991 -0.0843497 -0.0168693  -0.711919  -0.297532  0.0103938   0.456634   0.256888 -0.0328828  -0.725771  -0.312895  -0.188694
  0.192342 -0.0754611 -0.0216496   -0.53467    0.36248  -0.062589   0.837331 -0.0883125   -0.62964   0.515369 -0.0753821   0.905645 -0.0744102   0.462035 -0.0862493  -0.016933  -0.718612  -0.300362  0.0112757   0.459423   0.258867 -0.0335358  -0.732608  -0.316151  -0.189866
  0.195479 -0.0760466 -0.0217366  -0.535725   0.361375 -0.0629106   0.837902 -0.0886357  -0.631739   0.516295 -0.0757395   0.907095 -0.0744583   0.465069  -0.088148 -0.0169999  -0.725309  -0.303191  0.0121483   0.462193   0.260842 -0.0341848  -0.739445  -0.319409  -0.191031
   0.19893 -0.0766854 -0.0218375  -0.536797   0.360282 -0.0632331   0.838481 -0.0889594  -0.633845   0.517227  -0.076092   0.908549 -0.0745053   0.468088 -0.0900415   -0.01707  -0.732002  -0.306014  0.0130122   0.464942   0.262811 -0.0348304  -0.746277  -0.322667  -0.192182
  0.202062 -0.0772591 -0.0219344  -0.537884   0.359202 -0.0635566   0.839068 -0.0892834   -0.63595    0.51816 -0.0764412   0.909994 -0.0745506   0.471101 -0.0919281 -0.0171429  -0.738687  -0.308829  0.0138671   0.467675   0.264774 -0.0354743  -0.753099   -0.32592  -0.193337
  0.205176 -0.0778272 -0.0220368  -0.538984   0.358135 -0.0638813   0.839663 -0.0896078  -0.638053   0.519096 -0.0767879   0.911458 -0.0745943   0.474101 -0.0938083 -0.0172185  -0.745364  -0.311636   0.014715   0.470393   0.266732 -0.0361146  -0.759911  -0.329171  -0.194486
  0.208291 -0.0783905 -0.0221449  -0.540098    0.35708 -0.0642069   0.840265 -0.0899325  -0.640158   0.520035 -0.0771278    0.91289 -0.0746373   0.477087 -0.0956816 -0.0172972   -0.75203  -0.314436  0.0155515   0.473087   0.268678 -0.0367506  -0.766709  -0.332417  -0.195621
  0.211389 -0.0789458 -0.0222577  -0.541225   0.356038 -0.0645333   0.840874 -0.0902575  -0.642259   0.520975 -0.0774656   0.914335 -0.0746787   0.480351 -0.0977337 -0.0173862  -0.759345  -0.317506  0.0164687   0.475761   0.270623 -0.0373846  -0.773492  -0.335657  -0.196758
  0.214485 -0.0794954 -0.0223762  -0.542482   0.354908 -0.0648931   0.841553 -0.0906153  -0.644361   0.521917 -0.0777979    0.91578  -0.074719   0.483294 -0.0995918 -0.0174709  -0.765977  -0.320284  0.0172854   0.478403   0.272558 -0.0380126  -0.780255  -0.338892  -0.197888
  0.217573 -0.0800383 -0.0225004  -0.543639   0.353895 -0.0652209   0.842177 -0.0909405   -0.64646    0.52286 -0.0781261   0.917217 -0.0747579   0.486214  -0.101442 -0.0175578  -0.772581  -0.323046  0.0180922   0.481017   0.274485 -0.0386359  -0.786993  -0.342115  -0.199003
  0.220649 -0.0805706 -0.0226302  -0.544808   0.352897 -0.0655489   0.842809 -0.0912656  -0.648557   0.523803 -0.0784505   0.918663 -0.0747954    0.48911  -0.103284 -0.0176462  -0.779156  -0.325792  0.0188892   0.483603   0.276404 -0.0392573  -0.793702  -0.345327  -0.200118
   0.22371 -0.0810944 -0.0227652  -0.545991   0.351913  -0.065877   0.843447 -0.0915904   -0.65065   0.524744 -0.0787701   0.920087 -0.0748318   0.491984  -0.105113 -0.0177373  -0.785701  -0.328521  0.0196777   0.486159   0.278317 -0.0398721  -0.800379  -0.348526  -0.201225
  0.226754 -0.0816111 -0.0229061  -0.547185   0.350944 -0.0662055   0.844091 -0.0919147  -0.652737   0.525685 -0.0790873   0.921542 -0.0748669   0.494834  -0.106934 -0.0178318  -0.792214  -0.331234  0.0204523   0.488687   0.280214 -0.0404805  -0.807022  -0.351711  -0.202317
  0.229779 -0.0821189 -0.0230522   -0.54839   0.349989  -0.066534   0.844742 -0.0922385  -0.654822   0.526625 -0.0793969    0.92294 -0.0749016    0.49766  -0.108744 -0.0179288  -0.798693  -0.333928   0.021216   0.491433   0.282292 -0.0411442  -0.814288  -0.355197  -0.203517
  0.232784 -0.0826202 -0.0232051  -0.549606    0.34905 -0.0668626     0.8454 -0.0925616  -0.656899   0.527563  -0.079704   0.924357 -0.0749349   0.500463  -0.110541 -0.0180284  -0.805138  -0.336606  0.0219684   0.493898   0.284166   -0.04174  -0.820856   -0.35835  -0.204589
  0.235767 -0.0831132 -0.0233636  -0.550833   0.348125 -0.0671911   0.846063 -0.0928841  -0.658971   0.528501 -0.0800063   0.925774 -0.0749673    0.50324  -0.112322 -0.0181321  -0.811545  -0.339265  0.0227038   0.496334   0.286025 -0.0423308  -0.827383  -0.361486  -0.205659
  0.238726 -0.0835995 -0.0235295   -0.55207   0.347215 -0.0675196   0.846732 -0.0932057  -0.661034   0.529435 -0.0803041   0.927175 -0.0749988   0.505993  -0.114088 -0.0182373  -0.817919  -0.341908  0.0234318   0.498738   0.287872 -0.0429141   -0.83387  -0.364606  -0.206717
  0.241664 -0.0840802 -0.0237024  -0.553318    0.34632 -0.0678479   0.847407 -0.0935267  -0.663091   0.530369 -0.0805978    0.92859 -0.0750291   0.508721  -0.115841 -0.0183441  -0.824258  -0.344534  0.0241498   0.501111     0.2897 -0.0434913  -0.840318   -0.36771  -0.207764
  0.244576 -0.0845521 -0.0238809  -0.554574    0.34544 -0.0681759   0.848088 -0.0938468  -0.665346   0.531392 -0.0809137   0.930106 -0.0750616   0.511423  -0.117579 -0.0184533  -0.830557  -0.347141  0.0248543   0.503453   0.291517 -0.0440622  -0.846723  -0.370796  -0.208801
  0.247461 -0.0850157  -0.024065   -0.55584   0.344575 -0.0685038   0.848775  -0.094166  -0.667384   0.532319 -0.0811977    0.93149 -0.0750896   0.514098  -0.119299 -0.0185646  -0.836815  -0.349729  0.0255492   0.505764   0.293317 -0.0446267  -0.853085  -0.373865  -0.209826
  0.250319 -0.0854711 -0.0242547  -0.557114   0.343726 -0.0688311   0.849467 -0.0944841  -0.669412   0.533241 -0.0814764   0.932867 -0.0751167   0.516745   -0.12101 -0.0186787  -0.843032  -0.352298  0.0262303   0.508042   0.295105 -0.0451841  -0.859404  -0.376916  -0.210843
  0.253149  -0.085919 -0.0244501  -0.558395   0.342892 -0.0691581   0.850164 -0.0948013  -0.671427   0.534158 -0.0817507   0.934231 -0.0751425   0.519364  -0.122707 -0.0187942  -0.849207   -0.35485  0.0269017   0.510287   0.296877 -0.0457342  -0.865677   -0.37995  -0.211849
   0.25595 -0.0863572 -0.0246517  -0.559685   0.342073 -0.0694845   0.850866 -0.0951175   -0.67343   0.535071 -0.0820199   0.935592 -0.0751672   0.521956   -0.12439 -0.0189116  -0.855341  -0.357382  0.0275615   0.512501   0.298638 -0.0462783  -0.871905  -0.382965  -0.212844
  0.258722 -0.0867896 -0.0248598  -0.560982   0.341268 -0.0698107   0.851574 -0.0954323  -0.675419   0.535977 -0.0822834    0.93693 -0.0751909   0.524521   -0.12606 -0.0190315  -0.861432  -0.359895  0.0282163   0.514683   0.300382 -0.0468153  -0.878091  -0.385963   -0.21383
  0.261464 -0.0872144 -0.0250725  -0.562286   0.340478 -0.0701364   0.852286 -0.0957461  -0.677393   0.536878 -0.0825434   0.938284  -0.075213    0.52706  -0.127716 -0.0191556  -0.867484  -0.362389   0.028845   0.516833   0.302117 -0.0473445  -0.884232  -0.388944  -0.214806
  0.264176 -0.0876325 -0.0252914  -0.563597   0.339701 -0.0704616   0.853003 -0.0960587  -0.679353   0.537772  -0.082795   0.939586 -0.0752345   0.529568   -0.12936 -0.0192816   -0.87349  -0.364865  0.0294761    0.51895   0.303835 -0.0478657  -0.890328  -0.391907  -0.215772
  0.266858 -0.0880447 -0.0255167  -0.564915   0.338939 -0.0707863   0.853725 -0.0963702  -0.681295    0.53866 -0.0830431   0.940896 -0.0752544   0.532049   -0.13099 -0.0194122  -0.879453  -0.367322  0.0300927   0.521035   0.305539 -0.0483784  -0.896378  -0.394852  -0.216727
  0.269772 -0.0884905 -0.0257718   -0.56624   0.338191 -0.0711104   0.854452 -0.0966807  -0.683223   0.539541 -0.0832849   0.942196 -0.0752731   0.534502  -0.132604 -0.0195463  -0.885373  -0.369758  0.0306896   0.523087   0.307233 -0.0488829  -0.902384   -0.39778  -0.217673
  0.272388 -0.0888883 -0.0260096  -0.567571   0.337456 -0.0714339   0.855183 -0.0969901  -0.685131   0.540415 -0.0835217   0.943478 -0.0752904    0.53693   -0.13421 -0.0196822  -0.891252  -0.372177  0.0312861   0.525109   0.308913 -0.0493797  -0.908346  -0.400691  -0.218609
  0.274964 -0.0892792 -0.0262545  -0.568905   0.336735 -0.0717567   0.855917 -0.0972987  -0.687021   0.541282 -0.0837536   0.944761 -0.0753063   0.539333  -0.135804 -0.0198221  -0.897091  -0.374578  0.0318729   0.527105   0.310583 -0.0498688  -0.914268  -0.403587  -0.219536
  0.277512 -0.0896639 -0.0265054  -0.570246   0.336028 -0.0720789   0.856656 -0.0976062  -0.688895   0.542141 -0.0839782   0.946008 -0.0753213   0.541707  -0.137384 -0.0199669  -0.902889  -0.376964  0.0324358   0.529065   0.312239 -0.0503492  -0.920148  -0.406468  -0.220453
  0.280027 -0.0900407 -0.0267617   -0.57159   0.335335 -0.0724008   0.857399 -0.0979125  -0.690749   0.542993 -0.0841987   0.947254 -0.0753345   0.544282  -0.139113 -0.0201283  -0.909209  -0.379561   0.033061   0.530992   0.313888  -0.050821  -0.925981   -0.40933  -0.221361
  0.282508 -0.0904093 -0.0270243  -0.572938   0.334655 -0.0727218   0.858145 -0.0982174  -0.692585   0.543837 -0.0844132   0.948488 -0.0753465   0.546592  -0.140672 -0.0202805  -0.914904  -0.381902  0.0336035   0.532887   0.315523 -0.0512837  -0.931766  -0.412174  -0.222259
  0.284954 -0.0907687 -0.0272925  -0.574291   0.333989 -0.0730421   0.858895 -0.0985211  -0.694401   0.544672 -0.0846231   0.949706  -0.075357   0.548869  -0.142222 -0.0204338  -0.920546  -0.384219  0.0341457   0.534746   0.317148 -0.0517377  -0.937499  -0.414996  -0.223148
  0.287368 -0.0911209 -0.0275679  -0.575647   0.333336 -0.0733614   0.859648 -0.0988235    -0.6962     0.5455 -0.0848273   0.950919 -0.0753663   0.551115  -0.143759 -0.0205908  -0.926136  -0.386512  0.0346771   0.536572   0.318763 -0.0521834  -0.943181  -0.417799  -0.224026
  0.289747 -0.0914656 -0.0278509  -0.577008   0.332696 -0.0736799   0.860404 -0.0991246   -0.69798    0.54632 -0.0850256   0.952104 -0.0753745    0.55333   -0.14528 -0.0207516  -0.931677  -0.388787  0.0351875   0.538363   0.320361   -0.05262  -0.948811  -0.420581  -0.224893
  0.292322 -0.0918364 -0.0281703  -0.578508   0.332008 -0.0740293    0.86124 -0.0994544   -0.69974   0.547132 -0.0852201   0.953303 -0.0753812   0.555512  -0.146785 -0.0209132  -0.937166   -0.39104  0.0356976   0.540121   0.321948 -0.0530484  -0.954388  -0.423342   -0.22575
  0.294627 -0.0921681 -0.0284702  -0.579875   0.331396  -0.074346   0.862002 -0.0997526  -0.701484   0.547937 -0.0854061   0.954447 -0.0753874   0.557665  -0.148277 -0.0210782  -0.942604  -0.393271   0.036197   0.541843   0.323515  -0.053468  -0.959912  -0.426082  -0.226596
  0.296892 -0.0924918 -0.0287759  -0.581244   0.330797 -0.0746619   0.862767  -0.100049  -0.703206   0.548733 -0.0855888   0.955597  -0.075392   0.559786  -0.149753 -0.0212458  -0.947985  -0.395481  0.0366738   0.543702   0.325223 -0.0539199  -0.965925  -0.429069  -0.227513
  0.299117 -0.0928068 -0.0290893  -0.582613   0.330211 -0.0749767   0.863534  -0.100345  -0.704907   0.549521 -0.0857663   0.956737 -0.0753954   0.561876  -0.151218 -0.0214122  -0.953309  -0.397665   0.037153   0.545358   0.326761 -0.0543237  -0.971332   -0.43176  -0.228336
  0.301302 -0.0931149 -0.0294088  -0.583982   0.329637 -0.0752905   0.864303  -0.100638  -0.706587     0.5503 -0.0859392   0.957855 -0.0753976   0.563934  -0.152666 -0.0215821  -0.958573  -0.399824  0.0376188   0.546983   0.328284 -0.0547185   -0.97668  -0.434426  -0.229147
  0.303447 -0.0934168 -0.0297348  -0.585353   0.329076 -0.0756032   0.865075   -0.10093  -0.708411   0.551147 -0.0861236   0.959081 -0.0753987   0.565962  -0.154092 -0.0217543   -0.96378  -0.401959  0.0380647   0.548575   0.329789 -0.0551054  -0.981966  -0.437065  -0.229948
  0.305553 -0.0937124 -0.0300669  -0.586724   0.328526 -0.0759144   0.865848   -0.10122  -0.710048   0.551907 -0.0862853   0.960163 -0.0753987   0.567958  -0.155507  -0.021926  -0.968927  -0.404069    0.03851   0.550134   0.331277 -0.0554843  -0.987191  -0.439677  -0.230736
  0.307619 -0.0940028 -0.0304055  -0.588096   0.327989 -0.0762246   0.866623  -0.101508  -0.711662   0.552659 -0.0864438   0.961265 -0.0753972   0.569922  -0.156905 -0.0220991  -0.974013  -0.406154  0.0389445   0.551661   0.332749 -0.0558548  -0.992353  -0.442262  -0.231513
  0.309646 -0.0942868 -0.0307493  -0.589468   0.327464 -0.0765331   0.867398  -0.101795  -0.713257   0.553402 -0.0865936   0.962298 -0.0753951   0.571855  -0.158284 -0.0222742  -0.979039  -0.408213  0.0393603   0.553155   0.334203 -0.0562181  -0.997453   -0.44482   -0.23228
  0.311634  -0.094566 -0.0310985  -0.590839   0.326951 -0.0768401   0.868176   -0.10208  -0.714827   0.554134 -0.0867404    0.96334 -0.0753914   0.573758  -0.159649 -0.0224479  -0.984007   -0.41025   0.039775   0.554618   0.335641 -0.0565743   -1.00249  -0.447352  -0.233034
   0.31358 -0.0948401 -0.0314529   -0.59221    0.32645 -0.0771453   0.868954  -0.102363  -0.716374   0.554857 -0.0868818   0.964371 -0.0753867   0.575631  -0.160996 -0.0226223  -0.988917  -0.412263  0.0401794   0.556053   0.337059 -0.0569237   -1.00747  -0.449858  -0.233779
  0.315489 -0.0951082 -0.0318108   -0.59358   0.325961 -0.0774486   0.869733  -0.102645  -0.717898    0.55557 -0.0870182   0.965376 -0.0753807   0.577472  -0.162323 -0.0227975  -0.993767  -0.414251   0.040567   0.557456   0.338465 -0.0572667   -1.01239  -0.452338  -0.234511
  0.317359 -0.0953701 -0.0321728   -0.59495   0.325484 -0.0777501   0.870513  -0.102924  -0.719399   0.556272 -0.0871506   0.966384 -0.0753733   0.579464  -0.163773  -0.022988  -0.999036  -0.416411  0.0409942   0.558831   0.339852 -0.0576043   -1.01725  -0.454791  -0.235235
  0.319188 -0.0956301 -0.0325397  -0.596318   0.325017 -0.0780499   0.871294  -0.103202  -0.720876   0.556964 -0.0872757   0.967345 -0.0753653   0.581246  -0.165064 -0.0231637   -1.00377   -0.41835  0.0413613   0.560178    0.34122 -0.0579339   -1.02206  -0.457218  -0.235947
   0.32098 -0.0958854 -0.0329092  -0.597686   0.324562 -0.0783475   0.872076  -0.103478  -0.722329   0.557647 -0.0873972   0.968304  -0.075356   0.582993  -0.166347 -0.0233378   -1.00844  -0.420267  0.0417283   0.561494   0.342575 -0.0582571    -1.0268   -0.45962  -0.236649
  0.322739 -0.0961352 -0.0332805  -0.599054   0.324119 -0.0786431   0.872858  -0.103752   -0.72376   0.558319 -0.0875129   0.969247 -0.0753455   0.584706  -0.167614 -0.0235123   -1.01305  -0.422158  0.0420874   0.562775   0.343913 -0.0585738   -1.03148  -0.461995   -0.23734
  0.324463 -0.0963805 -0.0336541  -0.600421   0.323686 -0.0789366   0.873642  -0.104024  -0.725166   0.558981 -0.0876244   0.970168 -0.0753336   0.586221  -0.168739 -0.0236696   -1.01715  -0.423841  0.0424003   0.564026   0.345237 -0.0588832    -1.0361  -0.464345  -0.238021
  0.326149 -0.0966216 -0.0340296  -0.601787   0.323264  -0.079228   0.874425  -0.104294  -0.726548   0.559633 -0.0877311   0.971083 -0.0753205   0.588039  -0.170101 -0.0238616    -1.0221  -0.425872  0.0427695   0.565248   0.346544 -0.0591867   -1.04067  -0.466669  -0.238692
  0.327798 -0.0968579 -0.0344077  -0.603151   0.322852 -0.0795173    0.87521  -0.104563  -0.727906   0.560274 -0.0878326   0.971963 -0.0753064    0.58966  -0.171322 -0.0240355   -1.02653  -0.427697   0.043101   0.566442   0.347835  -0.059485   -1.04517  -0.468969  -0.239354
  0.329571 -0.0971144 -0.0348264   -0.60465    0.32241 -0.0798332   0.876073  -0.104856  -0.729237   0.560905 -0.0879313   0.972861 -0.0752908   0.591255  -0.172522 -0.0242109   -1.03092  -0.429499  0.0434163   0.567608   0.349112 -0.0597758   -1.04962  -0.471244  -0.240003
  0.331142 -0.0973434 -0.0352089   -0.60601    0.32202  -0.080118   0.876858  -0.105121  -0.730548   0.561527 -0.0880219    0.97369 -0.0752747   0.592821  -0.173712 -0.0243847   -1.03525  -0.431281  0.0437322   0.568748   0.350371 -0.0600606   -1.05402  -0.473495  -0.240644
  0.332675  -0.097569 -0.0355931  -0.607368   0.321639 -0.0804005   0.877643  -0.105384  -0.731831   0.562138 -0.0881104   0.974526  -0.075257   0.594358  -0.174887  -0.024559   -1.03952  -0.433039  0.0440384   0.569972   0.351739 -0.0603663   -1.05879  -0.475943  -0.241336
   0.33417  -0.097787 -0.0359775  -0.608723   0.321268 -0.0806805   0.878428  -0.105645  -0.733091    0.56274 -0.0881946    0.97535 -0.0752381   0.595865  -0.176048 -0.0247346   -1.04373  -0.434772  0.0443277   0.571056   0.352971  -0.060638   -1.06306  -0.478141  -0.241956
  0.335629 -0.0980017 -0.0363629  -0.610075   0.320906 -0.0809581   0.879212  -0.105904  -0.734327   0.563332 -0.0882747   0.976149  -0.075218   0.597341  -0.177195 -0.0249092   -1.04787   -0.43648  0.0446184   0.572113   0.354184 -0.0609023   -1.06727  -0.480312  -0.242565
  0.337049 -0.0982119 -0.0367495  -0.611424   0.320552 -0.0812333   0.879996  -0.106161  -0.735659   0.563972 -0.0883587   0.977025 -0.0751944    0.59879  -0.178324  -0.025084   -1.05195  -0.438161     0.0449   0.573144   0.355382 -0.0611594   -1.07142  -0.482454  -0.243162
  0.338432 -0.0984163 -0.0371375   -0.61277   0.320208 -0.0815059   0.880779  -0.106416  -0.736847   0.564545 -0.0884295   0.977783 -0.0751719    0.60021   -0.17944 -0.0252604   -1.05597  -0.439817  0.0451652    0.57415   0.356567 -0.0614102   -1.07551  -0.484567  -0.243749
  0.339778  -0.098618 -0.0375272  -0.614112   0.319873 -0.0817762   0.881562  -0.106669   -0.73801   0.565108 -0.0884971   0.978535 -0.0751481   0.601603  -0.180542 -0.0254354   -1.05993  -0.441444  0.0454308   0.575129   0.357735 -0.0616533   -1.07953  -0.486651  -0.244325
  0.341087 -0.0988137 -0.0379181  -0.615451   0.319546 -0.0820437   0.882344   -0.10692  -0.739152   0.565663 -0.0885598   0.979271 -0.0751231   0.602966  -0.181629 -0.0256119   -1.06382  -0.443045  0.0456865   0.576084   0.358888  -0.061889   -1.08349  -0.488706   -0.24489
   0.34236 -0.0990056 -0.0383098  -0.616786   0.319228 -0.0823087   0.883124   -0.10717  -0.740269   0.566208  -0.088619   0.979988 -0.0750968   0.604301  -0.182696 -0.0257911   -1.06765   -0.44462  0.0459268   0.577014   0.360025 -0.0621167   -1.08739  -0.490731  -0.245444
  0.343476 -0.0991761 -0.0386639  -0.617985   0.318949 -0.0825451   0.883826  -0.107393  -0.741256   0.566692 -0.0886684    0.98063 -0.0750722   0.605609  -0.183753 -0.0259703   -1.07141  -0.446167  0.0461654   0.577829   0.361034 -0.0623142   -1.09085   -0.49253  -0.245933
  0.344682 -0.0993619 -0.0390585  -0.619313   0.318647 -0.0828053   0.884605  -0.107639   -0.74233    0.56722 -0.0887188   0.981308 -0.0750437   0.606891  -0.184794 -0.0261512   -1.07511  -0.447687  0.0463964   0.578712   0.362141 -0.0625261   -1.09463  -0.494499  -0.246466
  0.345853 -0.0995438  -0.039455  -0.620637   0.318352  -0.083063   0.885382  -0.107884   -0.74338   0.567739 -0.0887674   0.982005 -0.0750136   0.608144   -0.18582 -0.0263351   -1.07875  -0.449181  0.0466109   0.579571   0.363233 -0.0627296   -1.09835  -0.496441  -0.246987
  0.346991 -0.0997206 -0.0398519  -0.621958   0.318067 -0.0833178   0.886158  -0.108127   -0.74441   0.568249 -0.0888084   0.982633 -0.0749828   0.609005   -0.18653 -0.0264637   -1.08126   -0.45021  0.0467629   0.580405   0.364311 -0.0629245   -1.10201  -0.498354  -0.247497
  0.347877  -0.099859 -0.0401702  -0.623011   0.317844 -0.0835201   0.886779   -0.10832  -0.745216    0.56865   -0.08884   0.983143 -0.0749569   0.610333  -0.187632 -0.0266695   -1.08514  -0.451799  0.0469857   0.581056   0.365165 -0.0630741    -1.1049  -0.499863  -0.247897
  0.348951  -0.100028  -0.040569  -0.624324   0.317572 -0.0837708   0.887553  -0.108559  -0.746203   0.569144 -0.0888762   0.983776 -0.0749232   0.611516  -0.188623 -0.0268574   -1.08861  -0.453218  0.0471855   0.581852   0.366218 -0.0632536   -1.10845  -0.501725  -0.248389
  0.350097  -0.100211 -0.0410123  -0.625762   0.317281  -0.084044   0.888402  -0.108821  -0.747167   0.569629 -0.0889073   0.984374 -0.0748885   0.612675  -0.189602 -0.0270474   -1.09202  -0.454613   0.047376   0.582704   0.367362 -0.0634428    -1.1123  -0.503744  -0.248917
  0.351108  -0.100372  -0.041417  -0.627067   0.317024 -0.0842899   0.889173  -0.109058  -0.748201   0.570154 -0.0889384   0.985044 -0.0748484   0.613808  -0.190568 -0.0272409   -1.09537  -0.455987  0.0475522   0.583455   0.368392 -0.0636069   -1.11574  -0.505557  -0.249386
   0.35209   -0.10053  -0.041825  -0.628367   0.316775 -0.0845337   0.889942  -0.109293  -0.749121   0.570622 -0.0889595   0.985599 -0.0748111   0.614919   -0.19152 -0.0274348   -1.09868  -0.457341  0.0477296   0.584185   0.369408 -0.0637632   -1.11914  -0.507348  -0.249846
  0.353042  -0.100686 -0.0422361  -0.629663   0.316532 -0.0847756    0.89071  -0.109526  -0.750017   0.571082 -0.0889784   0.986157 -0.0747721   0.616115  -0.192559 -0.0276512   -1.10227  -0.458807   0.047909   0.584896   0.370411 -0.0639129   -1.12249  -0.509118  -0.250297
  0.353965  -0.100838 -0.0426495  -0.630954   0.316295 -0.0850155   0.891476  -0.109758  -0.750893   0.571536 -0.0889925   0.986703  -0.074732   0.617179  -0.193488 -0.0278488   -1.10547  -0.460119  0.0480693   0.585587   0.371406 -0.0640559    -1.1258  -0.510867  -0.250739
  0.354948  -0.101002 -0.0431072   -0.63237   0.316042 -0.0852773   0.892317  -0.110011  -0.751748    0.57198 -0.0890031   0.987229 -0.0746903   0.618218  -0.194412 -0.0280462   -1.10863  -0.461409  0.0482261   0.586324   0.372486  -0.064206   -1.12938  -0.512766  -0.251215
  0.355812  -0.101148  -0.043525  -0.633652   0.315819 -0.0855132    0.89308   -0.11024  -0.752582   0.572418 -0.0890105   0.987754 -0.0746473   0.619235  -0.195324 -0.0282442   -1.11173  -0.462678  0.0483729   0.586973   0.373458  -0.064337   -1.13258  -0.514467  -0.251639
  0.356647   -0.10129 -0.0439444  -0.634929   0.315601 -0.0857469   0.893841  -0.110466  -0.753476    0.57289 -0.0890132   0.988291 -0.0745987   0.620229  -0.196225 -0.0284413   -1.11477  -0.463923  0.0485116   0.587606    0.37442  -0.064464   -1.13573  -0.516145  -0.252054
  0.357449  -0.101428  -0.044365  -0.636201   0.315389 -0.0859782   0.894599  -0.110692  -0.754266    0.57331 -0.0890149   0.988802 -0.0745527   0.621201  -0.197115 -0.0286363   -1.11776  -0.465145  0.0486439   0.588223    0.37537  -0.064588   -1.13883  -0.517796  -0.252462
   0.35822  -0.101562  -0.044786  -0.637467   0.315184 -0.0862067   0.895354  -0.110915  -0.755038   0.573723 -0.0890099   0.989246 -0.0745064    0.62215  -0.197992 -0.0288265    -1.1207  -0.466343  0.0487802   0.588822   0.376307  -0.064709   -1.14187  -0.519422  -0.252861
  0.358964  -0.101696 -0.0452092  -0.638727   0.314983  -0.086433   0.896107  -0.111136  -0.755788   0.574128 -0.0890035     0.9897 -0.0744588   0.623075  -0.198857 -0.0290154   -1.12357   -0.46752  0.0489027   0.589403   0.377233 -0.0648276   -1.14486  -0.521021  -0.253252
  0.359679  -0.101828 -0.0456323  -0.639982   0.314789 -0.0866567   0.896857  -0.111356   -0.75652   0.574526 -0.0889934   0.990146 -0.0744105   0.624064  -0.199791 -0.0292193   -1.12667  -0.468789  0.0490328   0.589965   0.378142 -0.0649441    -1.1478  -0.522593  -0.253635
  0.360365   -0.10196 -0.0460557   -0.64123   0.314599 -0.0868777   0.897605  -0.111574  -0.757231   0.574916 -0.0889802   0.990568 -0.0743612   0.624938  -0.200629 -0.0293981   -1.12943  -0.469919  0.0491544    0.59051    0.37904 -0.0650593   -1.15067  -0.524139   -0.25401
  0.361022  -0.102091 -0.0464777  -0.642472   0.314415 -0.0870959    0.89835  -0.111789  -0.757922   0.575299 -0.0889651   0.990997  -0.074311   0.625787  -0.201452 -0.0295742   -1.13213  -0.471026  0.0492618   0.591037   0.379921 -0.0651733   -1.15349  -0.525655  -0.254378
  0.361648  -0.102221 -0.0468971  -0.643708   0.314237 -0.0873109   0.899091  -0.112003  -0.758596   0.575673 -0.0889452   0.991381 -0.0742603   0.626613  -0.202263 -0.0297422   -1.13477   -0.47211  0.0493763   0.591548   0.380791 -0.0652875   -1.15626  -0.527143  -0.254738
  0.362245  -0.102351 -0.0473136  -0.644937   0.314064 -0.0875228    0.89983  -0.112215  -0.759249    0.57604 -0.0889244   0.991767 -0.0742086   0.627414  -0.203056 -0.0299066   -1.13735  -0.473171  0.0494794   0.592042   0.381645 -0.0654014   -1.15896  -0.528603  -0.255092
  0.362812  -0.102481 -0.0477258   -0.64616   0.313896 -0.0877315   0.900565  -0.112425  -0.759885   0.576401 -0.0889003   0.992142 -0.0741563   0.628194  -0.203842 -0.0300627   -1.13988  -0.474211  0.0495875   0.592521   0.382488 -0.0655164   -1.16161  -0.530035  -0.255439
   0.36335  -0.102611 -0.0481338  -0.647498   0.313718 -0.0879572    0.90137  -0.112653  -0.760501   0.576754 -0.0888745   0.992499 -0.0741031   0.628951  -0.204614 -0.0302151   -1.14235  -0.475231  0.0496853    0.59303   0.383398 -0.0656433   -1.16447  -0.531581  -0.255815
  0.363909  -0.102757 -0.0485767  -0.648708    0.31356 -0.0881587   0.902099  -0.112859    -0.7611   0.577101 -0.0888465   0.992854 -0.0740493   0.629689  -0.205377 -0.0303592   -1.14478  -0.476233  0.0497895   0.593478   0.384216 -0.0657596   -1.16701   -0.53296   -0.25615
  0.364386  -0.102892 -0.0489752  -0.649912   0.313406 -0.0883568   0.902825  -0.113062  -0.761682   0.577441 -0.0888156   0.993179 -0.0739948   0.630406  -0.206122 -0.0304993   -1.14715  -0.477217  0.0498846   0.593913    0.38502 -0.0658774    -1.1695  -0.534316  -0.256482
  0.364836  -0.103029 -0.0493677  -0.651111   0.313257 -0.0885513   0.903547  -0.113264  -0.762302   0.577809 -0.0887814   0.993553 -0.0739337   0.631104  -0.206864 -0.0306306   -1.14948  -0.478183  0.0499863   0.594335   0.385815 -0.0659965   -1.17194  -0.535649  -0.256808
   0.36526  -0.103169 -0.0497547  -0.652304   0.313112 -0.0887422   0.904267  -0.113463  -0.762851   0.578138 -0.0887456   0.993842 -0.0738778   0.631782  -0.207593  -0.030758   -1.15176  -0.479134  0.0500792   0.594745     0.3866 -0.0661179   -1.17434   -0.53696  -0.257131
  0.365658  -0.103311 -0.0501353  -0.653491    0.31297 -0.0889296   0.904983  -0.113661  -0.763382   0.578462 -0.0887099   0.994139 -0.0738207   0.632443  -0.208317 -0.0308768     -1.154   -0.48007  0.0501805   0.595141   0.387377 -0.0662407   -1.17669  -0.538252   -0.25745
  0.366031  -0.103457 -0.0505098  -0.654673   0.312831 -0.0891135   0.905696  -0.113857    -0.7639   0.578781 -0.0886718   0.994429 -0.0737629   0.633084   -0.20903 -0.0309923    -1.1562  -0.480994  0.0502715   0.595524   0.388144 -0.0663656   -1.17901  -0.539526  -0.257767
  0.366382  -0.103606 -0.0508778  -0.655849   0.312697 -0.0892938   0.906406  -0.114051  -0.764401   0.579095 -0.0886325     0.9947 -0.0737043   0.633709  -0.209735 -0.0310994   -1.15836  -0.481904  0.0503732   0.595895   0.388905 -0.0664919   -1.18129  -0.540782   -0.25808
  0.366709  -0.103759 -0.0512398  -0.657019   0.312565 -0.0894707   0.907113  -0.114243  -0.764888   0.579405 -0.0885923   0.994977 -0.0736447   0.634376  -0.210506 -0.0312126    -1.1607  -0.482892  0.0504761   0.596254   0.389658 -0.0666204   -1.18353  -0.542022  -0.258391
  0.367014  -0.103916 -0.0515953  -0.658183   0.312436 -0.0896442   0.907818  -0.114434  -0.765362    0.57971 -0.0885492   0.995219 -0.0735845   0.634965  -0.211197 -0.0313086   -1.16279  -0.483779  0.0505767   0.596602   0.390404 -0.0667506   -1.18573  -0.543247  -0.258701
  0.367298  -0.104076 -0.0519449  -0.659342   0.312309 -0.0898144   0.908519  -0.114624  -0.765821   0.580012  -0.088506   0.995464 -0.0735232    0.63554  -0.211886 -0.0313989   -1.16485  -0.484653  0.0506713   0.596938   0.391149 -0.0668835    -1.1879  -0.544456  -0.259009
  0.367561  -0.104239 -0.0522883  -0.660496   0.312185  -0.089981   0.909216  -0.114811  -0.766269    0.58031 -0.0884609   0.995699 -0.0734612   0.636098  -0.212571  -0.031484   -1.16686  -0.485515   0.050771   0.597264   0.391886 -0.0670181   -1.19004   -0.54565  -0.259315
  0.367804  -0.104407 -0.0526256  -0.661643   0.312063 -0.0901444   0.909911  -0.114997  -0.766702   0.580604 -0.0884154   0.995923  -0.073398   0.636641  -0.213252  -0.031565   -1.16885  -0.486366  0.0508699   0.597579   0.392622 -0.0671539   -1.19215  -0.546829  -0.259619
  0.368028  -0.104579  -0.052958  -0.662786   0.311943 -0.0903048   0.910603  -0.115182  -0.767123   0.580895 -0.0883683   0.996144 -0.0733342   0.637167  -0.213923 -0.0316423    -1.1708  -0.487206  0.0509649   0.597883   0.393351 -0.0672905   -1.19422  -0.547994  -0.259923
  0.368236  -0.104755 -0.0532854  -0.663923   0.311825 -0.0904619   0.911291  -0.115365  -0.767532   0.581182 -0.0883199   0.996344 -0.0732693   0.637678  -0.214597 -0.0317131   -1.17272  -0.488035  0.0510693   0.598174    0.39408 -0.0674288   -1.19626  -0.549146  -0.260225
  0.368425  -0.104936 -0.0536085  -0.665054   0.311708 -0.0906161   0.911976  -0.115547  -0.767927   0.581466  -0.088272   0.996562 -0.0732033   0.638178  -0.215266 -0.0317803   -1.17462  -0.488854  0.0511702   0.598456   0.394802 -0.0675673   -1.19827  -0.550284  -0.260526
  0.368595  -0.105122 -0.0539273   -0.66618   0.311592 -0.0907674   0.912658  -0.115727  -0.768313   0.581747 -0.0882201   0.996731  -0.073137   0.638665  -0.215932 -0.0318438   -1.17648  -0.489662  0.0512711   0.598756   0.395594 -0.0677212   -1.20044   -0.55152  -0.260856
  0.368747  -0.105313 -0.0542432  -0.667411   0.311467 -0.0909305   0.913404  -0.115907  -0.768686   0.582024 -0.0881691   0.996911 -0.0730695   0.639139  -0.216591 -0.0319031   -1.17831  -0.490459  0.0513745    0.59902    0.39631 -0.0678621   -1.20239   -0.55263  -0.261155
  0.368883  -0.105507 -0.0545554  -0.668525   0.311354  -0.091076   0.914079  -0.116102  -0.769048   0.582299 -0.0881162   0.997086 -0.0730012   0.639602  -0.217249 -0.0319576   -1.18011  -0.491245  0.0514777   0.599274   0.397024 -0.0680035   -1.20431  -0.553726  -0.261453
  0.369014  -0.105728 -0.0548968  -0.669632   0.311242 -0.0912187    0.91475  -0.116279  -0.769399   0.582571 -0.0880626   0.997247  -0.072932   0.640051  -0.217904 -0.0320082   -1.18188  -0.492021  0.0515809    0.59952   0.397732 -0.0681464    -1.2062  -0.554808  -0.261749
  0.369118  -0.105933 -0.0552052  -0.670735   0.311131 -0.0913586   0.915418  -0.116455  -0.769774   0.582867 -0.0880028   0.997427  -0.072855   0.640487  -0.218554 -0.0320547   -1.18362  -0.492787  0.0516863   0.599756   0.398438 -0.0682903   -1.20806  -0.555877  -0.262045
  0.369206  -0.106143 -0.0555114  -0.671831   0.311022 -0.0914958   0.916081  -0.116629  -0.770103   0.583132 -0.0879468   0.997567 -0.0727842   0.640912  -0.219198 -0.0320962   -1.18534   -0.49354  0.0517934   0.599985   0.399139 -0.0684358   -1.20989  -0.556931   -0.26234
  0.369278  -0.106358 -0.0558151  -0.672921   0.310913 -0.0916304   0.916742  -0.116802  -0.770422   0.583395 -0.0878919   0.997735 -0.0727124   0.641324  -0.219839 -0.0321348   -1.18702  -0.494283  0.0518969   0.600206   0.399838 -0.0685826   -1.21168  -0.557971  -0.262633
  0.369336  -0.106579 -0.0561172  -0.674004   0.310806 -0.0917624   0.917398  -0.116974  -0.770734   0.583656 -0.0878326   0.997844 -0.0726406   0.641724  -0.220478 -0.0321689   -1.18867  -0.495014  0.0520075    0.60042    0.40053 -0.0687301   -1.21345  -0.558995  -0.262926
  0.369379  -0.106805 -0.0564167   -0.67508   0.310699 -0.0918921    0.91805  -0.117144  -0.771035   0.583913 -0.0877742   0.997971 -0.0725679   0.642116  -0.221112 -0.0321975   -1.19029  -0.495734   0.052118   0.600624    0.40122 -0.0688782   -1.21519  -0.560005  -0.263217
  0.369409  -0.107037 -0.0567128  -0.676149   0.310593 -0.0920193   0.918699  -0.117314  -0.771328   0.584168 -0.0877146   0.998096 -0.0724948   0.642496  -0.221739 -0.0322212   -1.19189  -0.496443  0.0522287   0.600821   0.401904 -0.0690281    -1.2169  -0.561001  -0.263509
  0.369425  -0.107274 -0.0570066  -0.677212   0.310489 -0.0921439   0.919343  -0.117482  -0.771611    0.58442 -0.0876543   0.998207  -0.072421   0.642861  -0.222363 -0.0322418   -1.19345  -0.497142  0.0523416   0.601011   0.402583 -0.0691804   -1.21858  -0.561982  -0.263799
  0.369427  -0.107517 -0.0572985  -0.678267   0.310385 -0.0922661   0.919984  -0.117649  -0.771886    0.58467 -0.0875942   0.998331 -0.0723467   0.643217  -0.222983 -0.0322567   -1.19499   -0.49783  0.0524553   0.601194   0.403258 -0.0693344   -1.22023  -0.562949  -0.264088
  0.369416  -0.107765  -0.057587  -0.679316   0.310283 -0.0923856    0.92062  -0.117814  -0.772154   0.584917 -0.0875315   0.998419 -0.0722723   0.643597  -0.223658 -0.0322658   -1.19665  -0.498574  0.0525822   0.601371   0.403928 -0.0694915   -1.22185    -0.5639  -0.264377
  0.369392  -0.108019  -0.057872  -0.680357   0.310181 -0.0925023   0.921252  -0.117978  -0.772413   0.585162 -0.0874698   0.998516 -0.0721972   0.643932  -0.224267 -0.0322683   -1.19813   -0.49924  0.0526995   0.601541   0.404593 -0.0696511   -1.22344  -0.564837  -0.264665
  0.369355  -0.108277 -0.0581528  -0.681392   0.310081 -0.0926163    0.92188  -0.118141  -0.772666   0.585404  -0.087407    0.99861 -0.0721219   0.644256  -0.224869 -0.0322645   -1.19957  -0.499895  0.0528206   0.601705   0.405253 -0.0698138   -1.22501  -0.565759  -0.264953
  0.369304  -0.108541 -0.0584293  -0.682419   0.309982 -0.0927273   0.922504  -0.118303   -0.77291   0.585644 -0.0873446   0.998694 -0.0720461    0.64457  -0.225468 -0.0322552     -1.201   -0.50054  0.0529415   0.601863   0.405908 -0.0699796   -1.22654  -0.566665   -0.26524
  0.369241  -0.108809 -0.0587011   -0.68344   0.309884 -0.0928355   0.923123  -0.118463  -0.773149   0.585881 -0.0872821   0.998784   -0.07197   0.644873  -0.226062 -0.0322397   -1.20239  -0.501174  0.0530644   0.602016   0.406556 -0.0701487   -1.22804  -0.567557  -0.265527
  0.369166  -0.109084 -0.0589683  -0.684455   0.309787 -0.0929409   0.923739  -0.118621  -0.773381   0.586117 -0.0872188   0.998852 -0.0718939   0.645166  -0.226649 -0.0322177   -1.20375  -0.501798  0.0531895   0.602162     0.4072 -0.0703208   -1.22952  -0.568433  -0.265813
