 0.268958 -0.326527  0.607044
 0.268957 -0.326518  0.607032
 0.268951 -0.326514   0.60701
 0.268944 -0.326508  0.606991
 0.268938 -0.326504  0.606975
 0.268933 -0.326506  0.606961
 0.268929 -0.326499  0.606957
 0.268926 -0.326495  0.606953
 0.268927 -0.326491  0.606959
 0.268927 -0.326486  0.606962
 0.268932 -0.326485   0.60697
 0.268938 -0.326476  0.606987
 0.268946 -0.326472  0.607004
 0.268958 -0.326463  0.607028
 0.268972 -0.326457  0.607051
0.268992 -0.32644 0.607087
  0.26901 -0.326429  0.607115
 0.269033 -0.326415  0.607146
 0.269058 -0.326397   0.60718
 0.269084 -0.326385  0.607211
 0.269113 -0.326363  0.607246
0.269143 -0.32634 0.607278
 0.269176 -0.326311  0.607313
  0.26921 -0.326282  0.607341
 0.269243 -0.326248  0.607367
 0.269284 -0.326204  0.607401
 0.269321 -0.326164  0.607424
 0.269353 -0.326128  0.607444
0.269396 -0.32608 0.607461
 0.269438 -0.326021   0.60748
 0.269477 -0.325967   0.60749
  0.26952 -0.325909  0.607499
  0.26956 -0.325847    0.6075
 0.269599 -0.325791  0.607497
 0.269641 -0.325724  0.607492
 0.269682 -0.325652  0.607483
 0.269725 -0.325578   0.60747
 0.269771 -0.325489  0.607453
 0.269814 -0.325407  0.607435
 0.269859 -0.325321  0.607406
 0.269904 -0.325231  0.607377
 0.269949 -0.325138  0.607345
 0.269997 -0.325042  0.607307
 0.270043 -0.324954  0.607267
 0.270092 -0.324849  0.607222
 0.270144 -0.324742  0.607176
   0.2702 -0.324619  0.607123
 0.270255 -0.324502  0.607073
 0.270311 -0.324384   0.60701
 0.270368 -0.324261  0.606948
 0.270431 -0.324133  0.606883
0.270493   -0.324 0.606814
 0.270559 -0.323863  0.606745
 0.270626 -0.323724  0.606667
 0.270696 -0.323579  0.606592
0.270769 -0.32343 0.606506
 0.270845 -0.323274  0.606413
 0.270924 -0.323115  0.606324
 0.271004 -0.322951   0.60623
 0.271086 -0.322784  0.606135
 0.271172 -0.322612  0.606032
 0.271261 -0.322434   0.60593
  0.27135 -0.322254  0.605818
 0.271442 -0.322067  0.605705
 0.271537 -0.321878  0.605588
 0.271634 -0.321682  0.605466
0.271734 -0.32148 0.605341
 0.271838 -0.321274  0.605213
 0.271942 -0.321063   0.60508
 0.272052 -0.320841  0.604928
 0.272161 -0.320623  0.604786
  0.27227 -0.320399  0.604633
 0.272382 -0.320173  0.604477
 0.272496 -0.319939  0.604318
 0.272612 -0.319702  0.604153
  0.27273 -0.319461  0.603983
  0.27285 -0.319214  0.603806
0.272976 -0.31896 0.603611
   0.2731 -0.318703  0.603421
 0.273227 -0.318441  0.603228
 0.273355 -0.318176  0.603029
 0.273486 -0.317905  0.602824
 0.27362 -0.31763 0.602615
 0.273755 -0.317349  0.602398
 0.273893 -0.317062  0.602179
 0.274033 -0.316773  0.601949
 0.274176 -0.316476  0.601721
  0.27432 -0.316177  0.601478
 0.274473 -0.315867  0.601243
 0.274623 -0.315556  0.600994
 0.274775 -0.315242  0.600736
0.274931 -0.31492 0.600476
 0.275095 -0.314567  0.600195
 0.275255 -0.314235  0.599924
 0.275417 -0.313901   0.59964
0.275581 -0.31356 0.599353
 0.275748 -0.313217   0.59906
 0.275917 -0.312867  0.598761
 0.276089 -0.312512  0.598457
 0.276263 -0.312155  0.598144
 0.276428 -0.311846  0.597863
 0.276587 -0.311491  0.597538
 0.276767 -0.311121  0.597206
 0.276959 -0.310742  0.596886
0.277144 -0.31036 0.596543
 0.277334 -0.309975  0.596193
 0.277525 -0.309584  0.595835
  0.27772 -0.309187  0.595473
 0.277921 -0.308759  0.595077
 0.278122 -0.308351  0.594703
 0.278323 -0.307941  0.594312
 0.278528 -0.307524  0.593918
 0.278735 -0.307102  0.593518
 0.278944 -0.306679  0.593109
 0.279156 -0.306249  0.592695
 0.279369 -0.305816  0.592273
 0.279585 -0.305382  0.591848
   0.2798 -0.304944  0.591409
 0.280018 -0.304503  0.590967
 0.280237 -0.304062  0.590519
0.280457 -0.30362 0.590062
 0.280678 -0.303176  0.589602
 0.280899 -0.302731  0.589134
 0.281122 -0.302284  0.588662
0.281345 -0.30184 0.588179
 0.281569 -0.301394  0.587693
 0.281793 -0.300947  0.587201
 0.282022 -0.300493  0.586645
 0.282248 -0.300049  0.586139
 0.282474 -0.299602  0.585625
 0.282702 -0.299156  0.585109
 0.282926 -0.298716  0.584641
0.283158 -0.29827 0.584115
 0.283388 -0.297818  0.583514
0.283619 -0.29737  0.58297
0.283873 -0.29693 0.582462
 0.284106 -0.296481  0.581908
 0.284346 -0.295984  0.581315
 0.284582 -0.295536  0.580747
 0.284821 -0.295087  0.580175
 0.285063 -0.294637  0.579591
 0.285305 -0.294187  0.579007
 0.285547 -0.293789  0.578448
 0.285795 -0.293283  0.577816
 0.286044 -0.292832  0.577212
 0.286293 -0.292379    0.5766
 0.286546 -0.291925  0.575985
  0.2868 -0.29147 0.575359
 0.287057 -0.291015  0.574735
 0.287314 -0.290561  0.574096
 0.287575 -0.290105  0.573454
 0.287838 -0.289649  0.572808
 0.288102 -0.289192  0.572156
  0.28837 -0.288736  0.571501
 0.288639 -0.288274  0.570749
 0.288938 -0.287839  0.570233
0.289182 -0.28737 0.569493
 0.289457 -0.286914  0.568815
0.289734 -0.28646  0.56813
 0.290012 -0.286006  0.567441
 0.290292 -0.285554  0.566748
 0.290574 -0.285102  0.566049
0.290858 -0.28465 0.565349
 0.291141 -0.284194  0.564542
  0.29146 -0.283763  0.563906
 0.291748 -0.283315  0.563187
 0.292038 -0.282868  0.562469
 0.292327 -0.282366  0.561702
0.292619 -0.28192 0.560978
 0.292915 -0.281476  0.560254
 0.293211 -0.281032  0.559524
 0.29351 -0.28059 0.558798
 0.293809 -0.280149  0.558064
 0.294111 -0.279709  0.557332
 0.294414 -0.279271  0.556599
 0.294719 -0.278833  0.555867
 0.295026 -0.278398  0.555136
 0.295335 -0.277964  0.554405
 0.295646 -0.277531  0.553675
 0.295959 -0.277099  0.552941
 0.296273 -0.276669  0.552213
 0.29659 -0.27624 0.551486
 0.296909 -0.275811  0.550761
 0.297231 -0.275384  0.550038
 0.297554 -0.274956  0.549315
  0.29788 -0.274528  0.548597
 0.298244 -0.274128   0.54796
 0.298576 -0.273702  0.547249
 0.298907 -0.273275  0.546534
 0.299241 -0.272847  0.545823
 0.299575 -0.272413  0.545007
 0.299913 -0.271984  0.544299
 0.300254 -0.271553  0.543601
 0.300595 -0.271123  0.542898
 0.300941 -0.270626   0.54216
 0.301286 -0.270194   0.54147
 0.301632 -0.269762  0.540784
 0.30198 -0.26933 0.540105
 0.302327 -0.268897  0.539431
 0.302678 -0.268465  0.538768
 0.303029 -0.268033  0.538103
 0.303381 -0.267601  0.537449
 0.303735 -0.267172  0.536804
 0.304089 -0.266742  0.536165
 0.304445 -0.266311  0.535538
0.304834 -0.26591 0.534995
 0.305189 -0.265481  0.534383
 0.305547 -0.265054  0.533778
 0.305904 -0.264626   0.53318
 0.306261 -0.264198  0.532593
 0.306619 -0.263768  0.532011
 0.306977 -0.263344  0.531438
 0.307334 -0.262914  0.530869
 0.307692 -0.262484   0.53031
  0.30805 -0.262047  0.529666
 0.308408 -0.261615  0.529121
 0.308766 -0.261182  0.528588
 0.309124 -0.260754  0.528055
 0.309486 -0.260261  0.527498
 0.309844 -0.259831  0.526983
 0.310202 -0.259395  0.526479
 0.310559 -0.258959  0.525985
 0.310916 -0.258527  0.525495
 0.311276 -0.258078  0.524941
0.311631 -0.25764  0.52447
 0.311988 -0.257208   0.52401
 0.312343 -0.256771  0.523563
 0.312697 -0.256336  0.523124
 0.313074 -0.255929  0.522761
 0.313424 -0.255495  0.522339
 0.313774 -0.255063  0.521933
  0.31412 -0.254635  0.521527
 0.314464 -0.254206  0.521134
 0.314807 -0.253777  0.520751
 0.315145 -0.253354  0.520374
 0.31549 -0.25288  0.51998
 0.315823 -0.252461  0.519618
0.316154 -0.25204 0.519267
 0.316482 -0.251621  0.518925
   0.3168 -0.251251  0.518616
 0.317129 -0.250793  0.518261
 0.317447 -0.250381  0.517938
0.317768 -0.24996  0.51757
  0.31808 -0.249552   0.51726
 0.318389 -0.249147   0.51696
 0.318696 -0.248749  0.516669
 0.318999 -0.248349  0.516385
0.319315 -0.24797  0.51616
 0.319611 -0.247579  0.515888
 0.319903 -0.247188  0.515627
0.320193  -0.2468 0.515375
 0.320478 -0.246419  0.515129
  0.32074 -0.246036  0.514895
 0.321019 -0.245657  0.514662
 0.321296 -0.245284  0.514442
 0.321549 -0.245019  0.514282
 0.321784 -0.244614  0.514051
 0.322052 -0.244244  0.513848
0.322323 -0.24386 0.513608
0.322599 -0.24351 0.513454
 0.322857 -0.243144  0.513263
 0.323121 -0.242748  0.513058
 0.323375 -0.242386  0.512882
 0.323633 -0.242009  0.512675
0.323883 -0.24165 0.512509
  0.32414 -0.241307  0.512375
 0.324383 -0.240955  0.512221
 0.324621 -0.240603  0.512066
 0.324857 -0.240258  0.511919
 0.325095 -0.239887  0.511763
 0.325322 -0.239547  0.511627
 0.325547 -0.239216  0.511498
 0.325766 -0.238886  0.511372
  0.32598 -0.238566  0.511252
 0.326191 -0.238247  0.511139
 0.326397 -0.237938  0.511029
 0.326605 -0.237617  0.510906
0.326802 -0.23732 0.510806
 0.327003 -0.237033  0.510736
 0.327192 -0.236747  0.510641
 0.327377 -0.236462  0.510553
 0.327559 -0.236188  0.510469
 0.327736 -0.235914  0.510388
 0.327916 -0.235627  0.510299
 0.328086 -0.235364  0.510223
 0.328253 -0.235109  0.510149
 0.328417 -0.234856   0.51008
 0.328578 -0.234608  0.510011
 0.328736 -0.234367  0.509946
 0.328891 -0.234125  0.509881
 0.329044 -0.233889  0.509821
 0.329194 -0.233656  0.509756
 0.329341 -0.233425  0.509696
 0.329487 -0.233198  0.509638
 0.329633 -0.232965  0.509572
0.329779 -0.23275  0.50953
 0.329916 -0.232532  0.509475
 0.330053 -0.232318  0.509425
 0.330187 -0.232103   0.50937
 0.330317 -0.231893  0.509318
 0.330446 -0.231686   0.50927
 0.330572 -0.231482  0.509221
 0.330697 -0.231281  0.509177
 0.330823 -0.231067  0.509119
 0.330941 -0.230874  0.509075
 0.331057 -0.230685  0.509033
 0.33117  -0.2305 0.508991
 0.33128 -0.23032 0.508953
 0.331388 -0.230144  0.508913
