5.96046e-06
0.00950694
0.019562
0.029623
0.039676
0.0497298
0.0597858
0.06985
0.0799069
0.089963
0.100019
0.110076
0.120139
0.130194
0.14025
0.150307
0.160378
0.170433
0.180488
0.190547
0.200601
0.210656
0.220711
0.230767
0.240824
0.25088
0.260935
0.271002
0.281056
0.291111
0.301165
0.311219
0.321274
0.331328
0.341383
0.351454
0.361519
0.371574
0.381627
0.391693
0.40175
0.411805
0.42186
0.43193
0.441985
0.45205
0.46212
0.472175
0.48223
0.492286
0.502342
0.512407
0.522471
0.532527
0.542597
0.552664
0.562731
0.572785
0.582841
0.592897
0.602952
0.613009
0.623067
0.633125
0.643184
0.653241
0.663297
0.673351
0.683406
0.693462
0.703518
0.713575
0.72363
0.733685
0.743741
0.753797
0.763852
0.773907
0.783962
0.794028
0.804083
0.814148
0.824203
0.834257
0.84431
0.854364
0.86442
0.874474
0.88453
0.894596
0.904661
0.914726
0.924782
0.934838
0.944894
0.954951
0.965017
0.975073
0.985129
0.995186
1.00524
1.0153
1.02535
1.03541
1.04547
1.05552
1.06558
1.07564
1.08569
1.09575
1.1058
1.11587
1.12594
1.136
1.14606
1.15613
1.16619
1.17625
1.18631
1.19636
1.20642
1.21647
1.22654
1.23659
1.24666
1.25671
1.26677
1.27683
1.28689
1.29694
1.307
1.31705
1.32711
1.33716
1.34722
1.35729
1.36734
1.3774
1.38746
1.39752
1.40758
1.41763
1.42769
1.43775
1.44781
1.45788
1.46794
1.478
1.48805
1.49812
1.50819
1.51825
1.52832
1.53838
1.54843
1.5585
1.56856
1.57863
1.58868
1.59875
1.60881
1.61888
1.62893
1.63899
1.64906
1.65912
1.66918
1.67927
1.68932
1.69939
1.70944
1.7195
1.72955
1.73962
1.74969
1.75975
1.7698
1.77986
1.78991
1.79997
1.81003
1.82009
1.83015
1.84021
1.85028
1.86033
1.8704
1.88047
1.89052
1.90059
1.91066
1.92072
1.93077
1.94083
1.95089
1.96094
1.971
1.98106
1.99111
2.00117
2.01123
2.02128
2.03135
2.04141
2.05147
2.06153
2.07159
2.08165
2.09172
2.10178
2.11184
2.1219
2.13196
2.14201
2.15208
2.16214
2.17221
2.18226
2.19231
2.20237
2.21244
2.2225
2.23256
2.2426
2.25266
2.26272
2.27278
2.28285
2.2929
2.30295
2.31301
2.32307
2.33313
2.3432
2.35327
2.36333
2.37339
2.38346
2.39352
2.40357
2.41363
2.42369
2.43375
2.44382
2.45389
2.46394
2.474
2.48406
2.49412
2.50417
2.51419
2.52425
2.53431
2.54437
2.55443
2.56449
2.57455
2.5846
2.59467
2.60474
2.61481
2.62487
2.63494
2.645
2.65506
2.66512
2.67517
2.68523
2.69528
2.70534
2.7154
2.72545
2.73551
2.74556
2.75563
2.76568
2.77575
2.7858
2.79586
2.80591
2.81597
2.82603
2.83609
2.84614
2.85621
2.86628
2.87633
2.88639
2.89645
2.90651
2.91658
2.92665
2.93672
2.94677
2.95683
2.96689
2.97691
2.98698
2.99703
3.00709
3.01715
3.02721
3.03727
3.04733
3.05738
3.06745
3.0775
3.08756
3.09763
