0.0163784 -0.105371  0.508727
0.0163794 -0.105369  0.508724
0.0163794 -0.105369  0.508724
0.0163881 -0.105354  0.508704
0.0163957 -0.105341  0.508686
0.0164054 -0.105324  0.508663
0.0164173 -0.105303  0.508636
0.0164314 -0.105279  0.508603
0.0164476  -0.10525  0.508565
 0.016466 -0.105218  0.508522
0.0164866 -0.105182  0.508474
0.0165093 -0.105143  0.508421
0.0165342 -0.105099  0.508363
0.0165612 -0.105052  0.508299
0.0165905 -0.105001  0.508231
0.0166219 -0.104946  0.508158
0.0166564 -0.104886  0.508077
0.0166922 -0.104823  0.507993
0.0167302 -0.104757  0.507905
0.0167703 -0.104687  0.507811
0.0168125 -0.104613  0.507712
0.0168569 -0.104536  0.507609
0.0169035 -0.104454    0.5075
0.0169523 -0.104369  0.507386
0.0170032  -0.10428  0.507267
0.0170563 -0.104188  0.507143
0.0171114 -0.104092  0.507014
0.0171688 -0.103991   0.50688
0.0172284 -0.103887  0.506741
0.0172901  -0.10378  0.506597
 0.017354 -0.103668  0.506447
0.0174201 -0.103553  0.506293
0.0174883 -0.103434  0.506134
0.0175587 -0.103311  0.505969
0.0176313 -0.103184    0.5058
 0.017706 -0.103054  0.505625
0.0177829  -0.10292  0.505446
0.0178619 -0.102782  0.505261
0.0179431  -0.10264  0.505071
0.0180265 -0.102494  0.504876
0.0181121 -0.102345  0.504677
0.0181998 -0.102192  0.504472
0.0182897 -0.102035  0.504262
0.0183817 -0.101874  0.504047
0.0184759  -0.10171  0.503827
0.0185723 -0.101542  0.503602
0.0186708  -0.10137  0.503371
0.0187715 -0.101194  0.503136
0.0188743 -0.101014  0.502896
0.0189794 -0.100831  0.502651
0.0190865 -0.100644    0.5024
0.0191959 -0.100453  0.502145
0.0193074 -0.100258  0.501884
0.0194211  -0.10006  0.501619
 0.0195369 -0.0998577   0.501348
 0.0196549 -0.0996517   0.501072
0.0197751 -0.099442  0.500792
 0.0198974 -0.0992284   0.500506
 0.0200219 -0.0990111   0.500215
0.0201486  -0.09879  0.499919
 0.0202774 -0.0985651   0.499618
 0.0204085 -0.0983364   0.499312
0.0205416 -0.098104  0.499001
 0.0206769 -0.0978678   0.498685
 0.0208144 -0.0976278   0.498364
  0.020954 -0.0973841   0.498038
 0.0210958 -0.0971366   0.497706
 0.0212398 -0.0968852    0.49737
 0.0213861 -0.0966299   0.497028
 0.0215344 -0.0963711   0.496682
 0.0216848 -0.0961085    0.49633
0.0218375 -0.095842  0.495974
 0.0219922 -0.0955718   0.495612
 0.0221492 -0.0952979   0.495246
 0.0223083 -0.0950201   0.494874
 0.0224696 -0.0947386   0.494497
 0.0226331 -0.0944532   0.494115
 0.0227987 -0.0941641   0.493728
 0.0229665 -0.0938713   0.493336
 0.0231365 -0.0935745   0.492939
 0.0233086 -0.0932741   0.492537
 0.0234829 -0.0929699    0.49213
 0.0236593 -0.0926619   0.491718
 0.0238379 -0.0923501   0.491301
 0.0240187 -0.0920346   0.490878
 0.0242025 -0.0917137   0.490449
 0.0243876 -0.0913907   0.490017
 0.0245749 -0.0910638   0.489579
 0.0247636 -0.0907343   0.489138
 0.0249552 -0.0903999   0.488691
 0.0251496 -0.0900605   0.488236
 0.0253449 -0.0897196    0.48778
  0.025543 -0.0893738   0.487318
 0.0257433 -0.0890242    0.48685
 0.0259463 -0.0886698   0.486375
 0.0261509 -0.0883127   0.485897
  0.026358 -0.0879513   0.485414
 0.0265681 -0.0875845   0.484923
 0.0267791 -0.0872161    0.48443
 0.0269924 -0.0868439   0.483932
 0.0272074 -0.0864685   0.483429
 0.0274227 -0.0860928   0.482927
 0.0276384 -0.0857162   0.482423
 0.0278532 -0.0853412   0.481921
 0.0280685 -0.0849654   0.481418
 0.0282837 -0.0845898   0.480915
0.0285007 -0.084211  0.480408
  0.028716 -0.0838352   0.479905
 0.0289312 -0.0834595   0.479402
 0.0291465 -0.0830838     0.4789
 0.0293616 -0.0827082   0.478397
0.0295772 -0.082332  0.477893
0.0297909 -0.081959  0.477394
 0.0300028 -0.0815891   0.476899
 0.0302121 -0.0812237    0.47641
0.0304193 -0.080862  0.475926
 0.0306243 -0.0805042   0.475447
 0.0308268 -0.0801507   0.474974
 0.0310275 -0.0798004   0.474505
 0.0312251 -0.0794555   0.474044
 0.0314215 -0.0791127   0.473585
 0.0316157 -0.0787737   0.473131
 0.0318077 -0.0784385   0.472683
0.0319976 -0.078107  0.472239
 0.0321853 -0.0777793   0.471801
 0.0323709 -0.0774553   0.471367
 0.0325547 -0.0771345   0.470938
 0.0327365 -0.0768172   0.470513
 0.0329152 -0.0765053   0.470096
 0.0330926 -0.0761956   0.469681
0.0332677  -0.07589  0.469272
 0.0334403 -0.0755887   0.468869
 0.0336107 -0.0752913   0.468471
 0.0337789 -0.0749977   0.468078
 0.0339462 -0.0747057   0.467687
   0.03411 -0.0744196   0.467304
 0.0342717 -0.0741374   0.466927
 0.0344313 -0.0738589   0.466554
 0.0345887 -0.0735842   0.466186
 0.0347436 -0.0733138   0.465824
 0.0348971 -0.0730458   0.465466
  0.035048 -0.0727824   0.465113
 0.0351969 -0.0725224   0.464765
 0.0353435 -0.0722666   0.464423
 0.0354879 -0.0720145   0.464086
 0.0356301 -0.0717662   0.463753
 0.0357702 -0.0715218   0.463426
 0.0359081 -0.0712811   0.463104
 0.0360432 -0.0710453   0.462788
 0.0361769 -0.0708119   0.462476
 0.0363084 -0.0705823   0.462169
 0.0364382 -0.0703557   0.461866
 0.0365653 -0.0701339   0.461569
 0.0366902 -0.0699159   0.461277
 0.0368129 -0.0697016    0.46099
0.0369336 -0.069491  0.460708
  0.037052 -0.0692843   0.460432
 0.0371683 -0.0690814    0.46016
 0.0372824 -0.0688821   0.459894
 0.0373947 -0.0686861   0.459631
 0.0375048 -0.0684939   0.459374
 0.0376124 -0.0683061   0.459123
 0.0377178 -0.0681221   0.458876
 0.0378211 -0.0679419   0.458635
 0.0379221 -0.0677655   0.458399
 0.0380211 -0.0675928   0.458168
 0.0381178 -0.0674239   0.457942
 0.0382124 -0.0672587   0.457721
 0.0383062 -0.0670951   0.457502
 0.0383965 -0.0669374   0.457291
 0.0384846 -0.0667836   0.457085
 0.0385705 -0.0666337   0.456885
 0.0386542 -0.0664876   0.456689
 0.0387358 -0.0663452   0.456498
 0.0388153 -0.0662063   0.456313
 0.0388926 -0.0660715   0.456132
 0.0389677 -0.0659404   0.455957
 0.0390406 -0.0658131   0.455786
 0.0391113 -0.0656897   0.455621
0.0391799  -0.06557  0.455461
0.0392463 -0.065454  0.455306
 0.0393106 -0.0653419   0.455156
 0.0393727 -0.0652335   0.455011
 0.0394328 -0.0651286    0.45487
 0.0394905 -0.0650278   0.454735
 0.0395459 -0.0649312   0.454606
 0.0395995 -0.0648376   0.454481
 0.0396508 -0.0647481   0.454361
 0.0396999 -0.0646623   0.454246
 0.0397468 -0.0645804   0.454137
 0.0397916 -0.0645022   0.454032
 0.0398342 -0.0644279   0.453932
 0.0398746 -0.0643573   0.453838
 0.0399129 -0.0642905   0.453749
  0.039949 -0.0642274   0.453664
 0.0399828 -0.0641684   0.453585
 0.0400148 -0.0641127   0.453511
 0.0400444 -0.0640609   0.453441
 0.0400719 -0.0640129   0.453377
 0.0400972 -0.0639688   0.453318
 0.0401202 -0.0639286   0.453264
0.0401412 -0.063892  0.453215
   0.04016 -0.0638592   0.453171
 0.0401766 -0.0638301   0.453133
 0.0401911 -0.0638049   0.453099
 0.0402034 -0.0637834    0.45307
 0.0402136 -0.0637656   0.453046
 0.0402216 -0.0637517   0.453028
 0.0402274 -0.0637416   0.453014
  0.040231 -0.0637352   0.453005
 0.0402325 -0.0637326   0.453002
 0.0402325 -0.0637325   0.453002
 0.0402325 -0.0637325   0.453002
 0.0402325 -0.0637325   0.453002
 0.0402325 -0.0637325   0.453002
 0.0402325 -0.0637325   0.453002
 0.0402325 -0.0637325   0.453002
 0.0402325 -0.0637325   0.453002
 0.0402325 -0.0637325   0.453002
 0.0402325 -0.0637325   0.453002
 0.0402325 -0.0637325   0.453002
 0.0402325 -0.0637325   0.453002
 0.0402325 -0.0637325   0.453002
 0.0402325 -0.0637325   0.453002
 0.0402325 -0.0637325   0.453002
 0.0402325 -0.0637325   0.453002
 0.0402325 -0.0637325   0.453002
 0.0402325 -0.0637325   0.453002
 0.0402325 -0.0637325   0.453002
 0.0402325 -0.0637325   0.453002
 0.0402325 -0.0637325   0.453002
 0.0402325 -0.0637325   0.453002
 0.0402325 -0.0637325   0.453002
 0.0402325 -0.0637325   0.453002
 0.0402325 -0.0637325   0.453002
 0.0402325 -0.0637325   0.453002
 0.0402325 -0.0637325   0.453002
 0.0402325 -0.0637325   0.453002
 0.0402325 -0.0637325   0.453002
 0.0402325 -0.0637325   0.453002
 0.0402325 -0.0637325   0.453002
 0.0402325 -0.0637325   0.453002
 0.0402325 -0.0637325   0.453002
 0.0402325 -0.0637325   0.453002
 0.0402325 -0.0637325   0.453002
 0.0402325 -0.0637325   0.453002
 0.0402325 -0.0637325   0.453002
 0.0402325 -0.0637325   0.453002
 0.0402325 -0.0637325   0.453002
 0.0402325 -0.0637325   0.453002
 0.0402325 -0.0637325   0.453002
 0.0402325 -0.0637325   0.453002
 0.0402325 -0.0637325   0.453002
 0.0402325 -0.0637325   0.453002
 0.0402325 -0.0637325   0.453002
 0.0402325 -0.0637325   0.453002
 0.0402325 -0.0637325   0.453002
 0.0402325 -0.0637325   0.453002
 0.0402325 -0.0637325   0.453002
 0.0402325 -0.0637325   0.453002
 0.0402325 -0.0637325   0.453002
 0.0402325 -0.0637325   0.453002
 0.0402325 -0.0637325   0.453002
 0.0402325 -0.0637325   0.453002
 0.0402325 -0.0637325   0.453002
 0.0402325 -0.0637325   0.453002
 0.0402325 -0.0637325   0.453002
 0.0402325 -0.0637325   0.453002
 0.0402325 -0.0637325   0.453002
 0.0402325 -0.0637325   0.453002
 0.0402325 -0.0637325   0.453002
 0.0402325 -0.0637325   0.453002
 0.0402325 -0.0637325   0.453002
 0.0402325 -0.0637325   0.453002
 0.0402325 -0.0637325   0.453002
 0.0402325 -0.0637325   0.453002
 0.0402325 -0.0637325   0.453002
 0.0402325 -0.0637325   0.453002
 0.0402325 -0.0637325   0.453002
 0.0402325 -0.0637325   0.453002
 0.0402325 -0.0637325   0.453002
 0.0402325 -0.0637325   0.453002
 0.0402325 -0.0637325   0.453002
 0.0402325 -0.0637325   0.453002
 0.0402325 -0.0637325   0.453002
 0.0402325 -0.0637325   0.453002
 0.0402325 -0.0637325   0.453002
 0.0402325 -0.0637325   0.453002
 0.0402325 -0.0637325   0.453002
 0.0402325 -0.0637325   0.453002
 0.0402325 -0.0637325   0.453002
 0.0402325 -0.0637325   0.453002
 0.0402325 -0.0637325   0.453002
 0.0402325 -0.0637325   0.453002
 0.0402325 -0.0637325   0.453002
 0.0402325 -0.0637325   0.453002
 0.0402325 -0.0637325   0.453002
 0.0402325 -0.0637325   0.453002
 0.0402325 -0.0637325   0.453002
 0.0402325 -0.0637325   0.453002
 0.0402325 -0.0637325   0.453002
 0.0402325 -0.0637325   0.453002
 0.0402325 -0.0637325   0.453002
 0.0402325 -0.0637325   0.453002
 0.0402325 -0.0637325   0.453002
 0.0402325 -0.0637325   0.453002
 0.0402325 -0.0637325   0.453002
 0.0402325 -0.0637325   0.453002
 0.0402325 -0.0637325   0.453002
 0.0402325 -0.0637325   0.453002
 0.0402325 -0.0637325   0.453002
 0.0402325 -0.0637325   0.453002
 0.0402325 -0.0637325   0.453002
 0.0402325 -0.0637325   0.453002
 0.0402325 -0.0637325   0.453002
 0.0402325 -0.0637325   0.453002
 0.0402325 -0.0637325   0.453002
 0.0402325 -0.0637325   0.453002
 0.0402325 -0.0637325   0.453002
 0.0402325 -0.0637325   0.453002
 0.0402325 -0.0637325   0.453002
 0.0402325 -0.0637325   0.453002
 0.0402325 -0.0637325   0.453002
 0.0402325 -0.0637325   0.453002
 0.0402325 -0.0637325   0.453002
 0.0402325 -0.0637325   0.453002
 0.0402325 -0.0637325   0.453002
 0.0402325 -0.0637325   0.453002
 0.0402325 -0.0637325   0.453002
 0.0402325 -0.0637325   0.453002
 0.0402325 -0.0637325   0.453002
 0.0402325 -0.0637325   0.453002
 0.0402325 -0.0637325   0.453002
 0.0402325 -0.0637325   0.453002
 0.0402325 -0.0637325   0.453002
 0.0402325 -0.0637325   0.453002
 0.0402325 -0.0637325   0.453002
 0.0402325 -0.0637325   0.453002
 0.0402325 -0.0637325   0.453002
 0.0402325 -0.0637325   0.453002
 0.0402325 -0.0637325   0.453002
 0.0402325 -0.0637325   0.453002
 0.0402325 -0.0637325   0.453002
 0.0402325 -0.0637325   0.453002
 0.0402325 -0.0637325   0.453002
 0.0402325 -0.0637325   0.453002
 0.0402325 -0.0637325   0.453002
 0.0402325 -0.0637325   0.453002
 0.0402325 -0.0637325   0.453002
 0.0402325 -0.0637325   0.453002
 0.0402325 -0.0637325   0.453002
 0.0402325 -0.0637325   0.453002
 0.0402325 -0.0637325   0.453002
 0.0402325 -0.0637325   0.453002
 0.0402325 -0.0637325   0.453002
 0.0402325 -0.0637325   0.453002
 0.0402325 -0.0637325   0.453002
 0.0402325 -0.0637325   0.453002
 0.0402325 -0.0637325   0.453002
 0.0402325 -0.0637325   0.453002
 0.0402325 -0.0637325   0.453002
 0.0402325 -0.0637325   0.453002
 0.0402325 -0.0637325   0.453002
 0.0402325 -0.0637325   0.453002
 0.0402325 -0.0637325   0.453002
 0.0402325 -0.0637325   0.453002
 0.0402325 -0.0637325   0.453002
 0.0402325 -0.0637325   0.453002
 0.0402325 -0.0637325   0.453002
 0.0402325 -0.0637325   0.453002
 0.0402325 -0.0637325   0.453002
 0.0402325 -0.0637325   0.453002
 0.0402325 -0.0637325   0.453002
 0.0402325 -0.0637325   0.453002
 0.0402325 -0.0637325   0.453002
 0.0402325 -0.0637325   0.453002
 0.0402325 -0.0637325   0.453002
 0.0402325 -0.0637325   0.453002
 0.0402325 -0.0637325   0.453002
 0.0402325 -0.0637325   0.453002
 0.0402325 -0.0637325   0.453002
 0.0402325 -0.0637325   0.453002
 0.0402325 -0.0637325   0.453002
 0.0402325 -0.0637325   0.453002
 0.0402325 -0.0637325   0.453002
 0.0402325 -0.0637325   0.453002
 0.0402325 -0.0637325   0.453002
 0.0402325 -0.0637325   0.453002
 0.0402325 -0.0637325   0.453002
 0.0402325 -0.0637325   0.453002
 0.0402325 -0.0637325   0.453002
 0.0402325 -0.0637325   0.453002
 0.0402325 -0.0637325   0.453002
 0.0402325 -0.0637325   0.453002
 0.0402325 -0.0637325   0.453002
 0.0402325 -0.0637325   0.453002
 0.0402325 -0.0637325   0.453002
 0.0402325 -0.0637325   0.453002
 0.0402325 -0.0637325   0.453002
 0.0402325 -0.0637325   0.453002
 0.0402325 -0.0637325   0.453002
 0.0402325 -0.0637325   0.453002
 0.0402325 -0.0637325   0.453002
 0.0402325 -0.0637325   0.453002
 0.0402325 -0.0637325   0.453002
 0.0402325 -0.0637325   0.453002
 0.0402325 -0.0637325   0.453002
 0.0402325 -0.0637325   0.453002
 0.0402325 -0.0637325   0.453002
 0.0402325 -0.0637325   0.453002
 0.0402325 -0.0637325   0.453002
 0.0402325 -0.0637325   0.453002
 0.0402325 -0.0637325   0.453002
 0.0402325 -0.0637325   0.453002
 0.0402325 -0.0637325   0.453002
 0.0402325 -0.0637325   0.453002
 0.0402325 -0.0637325   0.453002
 0.0402325 -0.0637325   0.453002
 0.0402325 -0.0637325   0.453002
 0.0402325 -0.0637325   0.453002
 0.0402325 -0.0637325   0.453002
 0.0402325 -0.0637325   0.453002
 0.0402325 -0.0637325   0.453002
 0.0402325 -0.0637325   0.453002
 0.0402325 -0.0637325   0.453002
 0.0402325 -0.0637325   0.453002
 0.0402325 -0.0637325   0.453002
 0.0402325 -0.0637325   0.453002
 0.0402325 -0.0637325   0.453002
 0.0402325 -0.0637325   0.453002
 0.0402325 -0.0637325   0.453002
 0.0402325 -0.0637325   0.453002
 0.0402325 -0.0637325   0.453002
 0.0402325 -0.0637325   0.453002
 0.0402325 -0.0637325   0.453002
 0.0402325 -0.0637325   0.453002
 0.0402325 -0.0637325   0.453002
 0.0402325 -0.0637325   0.453002
 0.0402325 -0.0637325   0.453002
 0.0402325 -0.0637325   0.453002
 0.0402325 -0.0637325   0.453002
 0.0402325 -0.0637325   0.453002
 0.0402325 -0.0637325   0.453002
 0.0402325 -0.0637325   0.453002
 0.0402325 -0.0637325   0.453002
 0.0402325 -0.0637325   0.453002
 0.0402325 -0.0637325   0.453002
 0.0402325 -0.0637325   0.453002
 0.0402325 -0.0637325   0.453002
 0.0402325 -0.0637325   0.453002
 0.0402325 -0.0637325   0.453002
 0.0402325 -0.0637325   0.453002
 0.0402325 -0.0637325   0.453002
 0.0402325 -0.0637325   0.453002
 0.0402325 -0.0637325   0.453002
 0.0402325 -0.0637325   0.453002
 0.0402325 -0.0637325   0.453002
 0.0402325 -0.0637325   0.453002
 0.0402325 -0.0637325   0.453002
 0.0402325 -0.0637325   0.453002
 0.0402325 -0.0637325   0.453002
 0.0402325 -0.0637325   0.453002
 0.0402325 -0.0637325   0.453002
 0.0402325 -0.0637325   0.453002
 0.0402325 -0.0637325   0.453002
 0.0402325 -0.0637325   0.453002
 0.0402325 -0.0637325   0.453002
 0.0402325 -0.0637325   0.453002
 0.0402325 -0.0637325   0.453002
 0.0402325 -0.0637325   0.453002
 0.0402325 -0.0637325   0.453002
 0.0402325 -0.0637325   0.453002
 0.0402325 -0.0637325   0.453002
 0.0402325 -0.0637325   0.453002
 0.0402325 -0.0637325   0.453002
 0.0402325 -0.0637325   0.453002
 0.0402325 -0.0637325   0.453002
 0.0402325 -0.0637325   0.453002
 0.0402325 -0.0637325   0.453002
 0.0402325 -0.0637325   0.453002
 0.0402325 -0.0637325   0.453002
 0.0402325 -0.0637325   0.453002
 0.0402325 -0.0637325   0.453002
 0.0402325 -0.0637325   0.453002
 0.0402325 -0.0637325   0.453002
 0.0402325 -0.0637325   0.453002
 0.0402325 -0.0637325   0.453002
 0.0402325 -0.0637325   0.453002
 0.0402325 -0.0637325   0.453002
 0.0402325 -0.0637325   0.453002
 0.0402325 -0.0637325   0.453002
 0.0402325 -0.0637325   0.453002
 0.0402325 -0.0637325   0.453002
 0.0402325 -0.0637325   0.453002
 0.0402325 -0.0637325   0.453002
 0.0402325 -0.0637325   0.453002
 0.0402325 -0.0637325   0.453002
 0.0402325 -0.0637325   0.453002
 0.0402325 -0.0637325   0.453002
 0.0402325 -0.0637325   0.453002
 0.0402325 -0.0637325   0.453002
 0.0402325 -0.0637325   0.453002
 0.0402325 -0.0637325   0.453002
 0.0402325 -0.0637325   0.453002
 0.0402325 -0.0637325   0.453002
 0.0402325 -0.0637325   0.453002
 0.0402325 -0.0637325   0.453002
 0.0402325 -0.0637325   0.453002
 0.0402325 -0.0637325   0.453002
 0.0402325 -0.0637325   0.453002
 0.0402325 -0.0637325   0.453002
 0.0402325 -0.0637325   0.453002
 0.0402325 -0.0637325   0.453002
 0.0402325 -0.0637325   0.453002
 0.0402325 -0.0637325   0.453002
 0.0402325 -0.0637325   0.453002
 0.0402325 -0.0637325   0.453002
 0.0402325 -0.0637325   0.453002
 0.0402325 -0.0637325   0.453002
 0.0402325 -0.0637325   0.453002
 0.0402325 -0.0637325   0.453002
 0.0402325 -0.0637325   0.453002
 0.0402325 -0.0637325   0.453002
 0.0402325 -0.0637325   0.453002
 0.0402325 -0.0637325   0.453002
 0.0402325 -0.0637325   0.453002
 0.0402325 -0.0637325   0.453002
 0.0402325 -0.0637325   0.453002
 0.0402325 -0.0637325   0.453002
 0.0402325 -0.0637325   0.453002
 0.0402325 -0.0637325   0.453002
 0.0402325 -0.0637325   0.453002
 0.0402325 -0.0637325   0.453002
 0.0402325 -0.0637325   0.453002
 0.0402325 -0.0637325   0.453002
 0.0402325 -0.0637325   0.453002
 0.0402325 -0.0637325   0.453002
 0.0402325 -0.0637325   0.453002
 0.0402325 -0.0637325   0.453002
 0.0402325 -0.0637325   0.453002
 0.0402325 -0.0637325   0.453002
 0.0402325 -0.0637325   0.453002
 0.0402325 -0.0637325   0.453002
 0.0402325 -0.0637325   0.453002
 0.0402325 -0.0637325   0.453002
 0.0402325 -0.0637325   0.453002
 0.0402325 -0.0637325   0.453002
 0.0402325 -0.0637325   0.453002
 0.0402325 -0.0637325   0.453002
 0.0402325 -0.0637325   0.453002
 0.0402325 -0.0637325   0.453002
 0.0402325 -0.0637325   0.453002
 0.0402325 -0.0637325   0.453002
 0.0402325 -0.0637325   0.453002
 0.0402325 -0.0637325   0.453002
 0.0402325 -0.0637325   0.453002
 0.0402325 -0.0637325   0.453002
 0.0402325 -0.0637325   0.453002
 0.0402325 -0.0637325   0.453002
 0.0402325 -0.0637325   0.453002
 0.0402325 -0.0637325   0.453002
 0.0402325 -0.0637325   0.453002
 0.0402325 -0.0637325   0.453002
 0.0402325 -0.0637325   0.453002
 0.0402325 -0.0637325   0.453002
 0.0402325 -0.0637325   0.453002
 0.0402325 -0.0637325   0.453002
 0.0402325 -0.0637325   0.453002
 0.0402325 -0.0637325   0.453002
 0.0402325 -0.0637325   0.453002
 0.0402325 -0.0637325   0.453002
