0.0163784 -0.105371  0.508726
0.0163784 -0.105372  0.508725
0.0163786 -0.105371  0.508724
0.0163783 -0.105372  0.508723
0.0163777 -0.105371  0.508723
0.0163767  -0.10537  0.508723
0.0163753 -0.105372  0.508722
0.0163731 -0.105372  0.508722
0.0163723 -0.105372  0.508722
0.0163707 -0.105371  0.508722
0.0163688 -0.105371  0.508722
0.0163669  -0.10537  0.508722
0.0163649 -0.105371  0.508721
0.0163633 -0.105368  0.508721
0.0163616 -0.105368  0.508721
  0.01636 -0.105365  0.508721
0.0163581 -0.105362  0.508721
0.0163582 -0.105355  0.508721
0.0163577 -0.105354  0.508719
0.0163578 -0.105352  0.508718
0.0163592 -0.105347  0.508717
0.0163595 -0.105341  0.508716
0.0163606  -0.10533  0.508715
0.0163639 -0.105316  0.508714
0.0163677 -0.105303  0.508713
0.0163714 -0.105292   0.50871
0.0163781 -0.105275  0.508708
0.016384 -0.10526 0.508705
 0.016393 -0.105239  0.508703
0.0164019 -0.105224  0.508699
0.0164129 -0.105195  0.508697
0.0164239 -0.105172  0.508693
0.0164383 -0.105142   0.50869
0.0164522 -0.105119  0.508686
0.0164694 -0.105087  0.508682
0.0164859 -0.105055  0.508678
0.0165063 -0.105018  0.508673
0.0165263  -0.10498  0.508668
 0.016551 -0.104929  0.508663
0.0165777 -0.104883  0.508656
0.0166044 -0.104834   0.50865
0.0166326 -0.104786  0.508644
0.0166628 -0.104732  0.508637
0.0166924 -0.104692  0.508631
 0.016726 -0.104634  0.508624
0.0167636  -0.10456  0.508616
0.0167986 -0.104513  0.508608
0.0168377 -0.104448    0.5086
0.0168788 -0.104382  0.508591
0.0169217 -0.104312  0.508581
0.0169664 -0.104241  0.508571
0.0170161 -0.104147   0.50856
0.0170622 -0.104086   0.50855
0.0171131 -0.104006  0.508538
0.0171658 -0.103923  0.508525
0.0172202 -0.103841  0.508512
0.0172772 -0.103751  0.508498
0.0173362  -0.10366  0.508484
0.0173972 -0.103564  0.508468
0.0174603 -0.103466  0.508452
0.0175254 -0.103366  0.508435
0.0175926 -0.103262  0.508418
  0.01767 -0.103136  0.508398
0.0177415 -0.103027  0.508378
0.0178151 -0.102913  0.508357
0.0178907 -0.102796  0.508336
0.0179684 -0.102677  0.508313
0.0180483 -0.102555  0.508289
0.0181306   -0.1024  0.508265
0.0182143 -0.102301  0.508239
0.0183004 -0.102169  0.508212
0.0183888 -0.102035  0.508183
0.0184793 -0.101896  0.508154
 0.018572 -0.101756  0.508123
0.0186669 -0.101611   0.50809
0.0187621 -0.101427  0.508059
0.0188636 -0.101312  0.508022
0.0189655 -0.101157  0.507985
0.0190663  -0.10096   0.50795
0.0191763 -0.100838  0.507907
0.0192854 -0.100672  0.507866
0.0193969 -0.100503  0.507823
0.0195053 -0.100289  0.507781
0.0196275 -0.100154  0.507731
 0.0197397 -0.0999296   0.507686
 0.0198684 -0.0997905   0.507631
 0.0199848 -0.0995557   0.507583
 0.0201112 -0.0993619   0.507529
0.0202492 -0.099222  0.507467
 0.0203714 -0.0989717   0.507414
 0.0205186 -0.0987433   0.507344
 0.0206674 -0.0985856   0.507274
 0.0207955 -0.0983195   0.507214
 0.0209505 -0.0981575   0.507138
 0.0210826 -0.0978814   0.507075
 0.0212299 -0.0976561   0.507001
 0.0213948 -0.0974836   0.506917
 0.0215323 -0.0971945   0.506846
 0.0217039 -0.0970161   0.506755
 0.0218629 -0.0967759    0.50667
 0.0220241 -0.0965308   0.506581
 0.0221882 -0.0962825   0.506489
 0.0223549 -0.0960285   0.506394
0.0225245 -0.095779  0.506298
 0.0226964 -0.0955164   0.506196
 0.0228646 -0.0951349   0.506092
 0.0230652 -0.0949276   0.505971
 0.0232211 -0.0945805   0.505871
 0.0234031 -0.0942984   0.505755
 0.0235903 -0.0940174   0.505634
0.0237773 -0.093725  0.505511
  0.023996 -0.0935034   0.505367
 0.0241909 -0.0932046   0.505234
 0.0243845 -0.0929018   0.505098
  0.024584 -0.0925956   0.504956
 0.0247825 -0.0922873   0.504811
  0.024986 -0.0919733   0.504661
 0.0251903 -0.0916563   0.504507
 0.0253966 -0.0913355   0.504349
 0.0256049 -0.0910105   0.504186
 0.0256049 -0.0910105   0.504186
 0.0258149 -0.0906822   0.504018
 0.0260268 -0.0903505   0.503845
 0.0262418 -0.0900156   0.503666
0.0264602 -0.089676   0.50348
 0.0269059 -0.0889781   0.503086
 0.0270799 -0.0885325   0.502907
 0.0273599 -0.0882595   0.502667
 0.0273599 -0.0882595   0.502667
 0.0275877 -0.0878957   0.502451
 0.0279877 -0.0870717   0.502037
 0.0282169 -0.0867005   0.501805
 0.0284474 -0.0863268   0.501567
 0.0286764 -0.0859649   0.501329
 0.0289122 -0.0856005    0.50108
 0.0291558 -0.0851709   0.500803
 0.0293697 -0.0848416    0.50057
 0.0295907 -0.0844625   0.500317
0.0298862 -0.084187  0.500016
 0.0301118 -0.0838189   0.499748
 0.0303368 -0.0834529   0.499478
 0.0305593 -0.0830888   0.499202
 0.0307809 -0.0827278   0.498923
 0.0310005 -0.0823689   0.498641
 0.0312181 -0.0820114   0.498355
 0.0314336 -0.0816568   0.498066
 0.0316473 -0.0813028   0.497774
0.0318587 -0.080952  0.497478
 0.0319871 -0.0805238   0.497222
 0.0322758 -0.0802567   0.496875
 0.0323973 -0.0798344   0.496612
 0.0326007 -0.0794961     0.4963
 0.0328014 -0.0791564   0.495985
 0.0330005 -0.0788183   0.495665
 0.0331982 -0.0784842   0.495341
 0.0334889 -0.0782271   0.494963
 0.0336852 -0.0778961   0.494628
 0.0338796 -0.0775678    0.49429
 0.0339757 -0.0771726   0.493999
 0.0342747 -0.0769279   0.493597
 0.0344719 -0.0765631   0.493217
 0.0346586 -0.0762464   0.492863
 0.0348433 -0.0759308   0.492506
 0.0350253 -0.0756173   0.492147
 0.0352046 -0.0753082   0.491786
 0.0353811 -0.0750005   0.491423
 0.0354527 -0.0746333   0.491111
 0.0356231 -0.0743339   0.490744
 0.0357903 -0.0740354   0.490377
 0.0359549 -0.0737408   0.490008
 0.0362214 -0.0735074   0.489584
 0.0363811 -0.0732199   0.489212
 0.0365378 -0.0729365   0.488837
 0.0366134 -0.0723828   0.488417
 0.0368455 -0.0723788   0.488086
  0.036997 -0.0721062   0.487706
 0.0371455 -0.0718371   0.487325
 0.0372915 -0.0715721   0.486943
 0.0374352 -0.0713103    0.48656
 0.0375762 -0.0710521   0.486177
 0.0377143 -0.0707972   0.485794
 0.0378497 -0.0705466    0.48541
0.0379818 -0.070299  0.485027
 0.0381113 -0.0700559   0.484644
 0.0382393 -0.0698165   0.484261
 0.0383615 -0.0695807    0.48388
 0.0384834 -0.0693497   0.483498
 0.0385026 -0.0690859   0.483165
 0.0386184 -0.0688636   0.482784
 0.0388316 -0.0686807   0.482354
 0.0388427 -0.0684324   0.482022
 0.0390503 -0.0682561   0.481593
0.0391671 -0.068055  0.481209
 0.0392696 -0.0678316   0.480797
 0.0393702 -0.0676347    0.48042
 0.0394677 -0.0674431   0.480045
 0.0394677 -0.0674431   0.480045
 0.0395609 -0.0670485   0.479346
 0.0396505 -0.0668714   0.478976
 0.0397383 -0.0666995   0.478606
 0.0398235 -0.0665322   0.478238
 0.0399031 -0.0663924    0.47791
 0.0400752 -0.0662538   0.477505
 0.0401507 -0.0660971   0.477146
 0.0401343 -0.0659288   0.476833
0.0402061 -0.065785  0.476481
 0.0403631 -0.0656394   0.476056
0.0404262 -0.065523  0.475747
 0.0404829 -0.0653816   0.475405
 0.0405415 -0.0652586   0.475067
 0.0405975 -0.0651324   0.474735
 0.0406512 -0.0650118   0.474407
 0.0407013 -0.0649023   0.474082
 0.0407485 -0.0647896   0.473763
0.0407934 -0.064682  0.473449
 0.0408345 -0.0645858   0.473139
0.0408729 -0.064487  0.472834
  0.040909 -0.0643929   0.472535
  0.040909 -0.0643929   0.472535
 0.0409728 -0.0642232   0.471946
 0.0410025 -0.0641429   0.471657
 0.0410289 -0.0640716    0.47137
 0.0410289 -0.0640716    0.47137
  0.041007 -0.0639344    0.47084
 0.0410972 -0.0638603   0.470505
0.0411157 -0.063799  0.470232
 0.0411319 -0.0637472   0.469961
 0.0411463 -0.0636928   0.469695
 0.0411597 -0.0636428   0.469433
 0.0411715 -0.0636006   0.469174
 0.0411814 -0.0635559   0.468918
0.0411908 -0.063515  0.468667
0.0411908 -0.063515  0.468667
 0.0411985 -0.0634824   0.468419
 0.0412058 -0.0634471   0.468175
 0.0412129 -0.0634149   0.467934
 0.0412185 -0.0633898   0.467694
 0.0412236 -0.0633627   0.467457
 0.0412279 -0.0633382   0.467221
 0.0412337 -0.0632991   0.466756
0.0412355  -0.06328  0.466528
0.0412362 -0.063268  0.466302
0.0412362 -0.063268  0.466302
 0.0412359 -0.0632508    0.46608
 0.0412365 -0.0632396   0.465862
 0.0412351 -0.0632144   0.465411
 0.0412351 -0.0632144   0.465411
 0.0412321 -0.0631993   0.464992
 0.0412306 -0.0631912   0.464788
 0.0412287 -0.0631898   0.464588
 0.0412256 -0.0631835   0.464392
 0.0412229 -0.0631785     0.4642
 0.0412196 -0.0631788   0.464012
0.0411914 -0.063178  0.463839
  0.041213 -0.0631726    0.46365
 0.0412097 -0.0631759   0.463474
 0.0411851 -0.0631749   0.463311
 0.0411833 -0.0631751   0.463141
 0.0411805 -0.0631786   0.462975
 0.0411783 -0.0631799   0.462812
 0.0411765 -0.0631822   0.462652
 0.0411899 -0.0631902   0.462487
 0.0411865 -0.0631943   0.462333
 0.0411837 -0.0631979   0.462181
 0.0412047 -0.0631449   0.461994
 0.0411812 -0.0632076    0.46203
 0.0411784 -0.0632129   0.461883
 0.0411768 -0.0632195   0.461736
  0.041175 -0.0632308   0.461592
 0.0411734 -0.0632379   0.461448
 0.0411695 -0.0632484   0.461309
 0.0411598 -0.0632553   0.461173
 0.0411682 -0.0632712   0.461027
 0.0411688 -0.0632806   0.460873
0.0411607 -0.063283  0.460743
 0.0411608 -0.0632932   0.460608
 0.0411605 -0.0633068   0.460474
 0.0411602 -0.0633176   0.460343
0.0411601 -0.063328  0.460214
0.0411599 -0.063343  0.460086
 0.0411592 -0.0633544    0.45996
  0.041159 -0.0633658   0.459837
 0.0411582 -0.0633817   0.459715
 0.0411573 -0.0633942   0.459595
0.0411567 -0.063419  0.459474
 0.0411551 -0.0634358    0.45936
 0.0411527 -0.0634495   0.459248
 0.0411499 -0.0634621   0.459138
  0.041148 -0.0634799    0.45903
 0.0411451 -0.0634936   0.458925
 0.0411426 -0.0635075   0.458822
 0.0411396 -0.0635249   0.458722
 0.0411366 -0.0635394   0.458623
 0.041134 -0.063553  0.458527
 0.0411374 -0.0635532   0.458426
 0.0411277 -0.0635851   0.458332
 0.0411251 -0.0636032   0.458242
 0.0411223 -0.0636173   0.458155
 0.0411203 -0.0636316    0.45807
0.0411182 -0.063649  0.457986
 0.0411162 -0.0636635   0.457904
 0.0411147 -0.0636771   0.457824
 0.0411139 -0.0636953   0.457746
 0.0411127 -0.0637097   0.457669
 0.0411119 -0.0637234   0.457593
 0.0411114 -0.0637411   0.457519
 0.0411107 -0.0637549   0.457446
 0.0411108 -0.0637688   0.457375
 0.0411108 -0.0637857   0.457304
  0.041111 -0.0637997   0.457235
 0.0411115 -0.0638127   0.457167
 0.0411122 -0.0638298     0.4571
 0.0411127 -0.0638429   0.457034
0.0411139 -0.063856  0.456969
 0.0411121 -0.0638773   0.456906
 0.0411157 -0.0638853   0.456835
 0.0411168 -0.0639011   0.456773
 0.0411179 -0.0639141   0.456712
 0.0411192 -0.0639259   0.456652
 0.0411206 -0.0639417   0.456593
 0.0411217 -0.0639536   0.456536
 0.0411233 -0.0639656   0.456479
 0.0411245 -0.0639804   0.456424
 0.0411259 -0.0639924    0.45637
 0.0411274 -0.0640033   0.456317
 0.0411291 -0.0640183   0.456265
  0.041131 -0.0640301   0.456215
 0.0411327 -0.0640407   0.456166
 0.0411345 -0.0640553   0.456117
  0.041136 -0.0640659    0.45607
 0.0411382 -0.0640765   0.456024
0.0411401  -0.06409   0.45598
0.0411419 -0.064101  0.455936
 0.0411441 -0.0641108   0.455893
 0.0411435 -0.0641296   0.455852
 0.0411484 -0.0641339   0.455806
 0.0411505 -0.0641471   0.455766
 0.0411527 -0.0641575   0.455727
 0.0411552 -0.0641672   0.455689
 0.0411573 -0.0641798   0.455651
 0.0411595 -0.0641896   0.455615
 0.0411671 -0.0642275   0.455543
 0.0411711 -0.0642407   0.455512
 0.0411741 -0.0642578   0.455482
 0.0411764 -0.0642721   0.455454
 0.0411789 -0.0642862   0.455428
 0.0411812 -0.0643047   0.455402
 0.0411826 -0.0643191   0.455378
 0.0411843 -0.0643337   0.455355
 0.0411857 -0.0643524   0.455332
0.0411865 -0.064367   0.45531
0.0411873 -0.064382  0.455289
0.0411881   -0.0644  0.455268
 0.0411882 -0.0644144   0.455248
 0.0411884 -0.0644284   0.455229
 0.0411885 -0.0644453   0.455209
 0.0411881 -0.0644584   0.455191
 0.0411879 -0.0644716   0.455172
 0.0411874 -0.0644877   0.455153
0.0411865   -0.0645  0.455134
 0.0411858 -0.0645119   0.455115
 0.0411854 -0.0645266   0.455096
 0.0411842 -0.0645368   0.455077
 0.0411833 -0.0645479   0.455059
 0.0411951 -0.0645273   0.455046
 0.0411812 -0.0645697    0.45502
 0.0411794 -0.0645788   0.455001
 0.0411782 -0.0645874   0.454983
 0.0411896 -0.0645651   0.454971
  0.041187 -0.0645767   0.454951
0.0411856 -0.064586  0.454933
 0.0411837 -0.0645919   0.454915
 0.0411702 -0.0646252    0.45489
 0.0411685 -0.0646323   0.454873
 0.0411669 -0.0646407   0.454855
 0.0411649 -0.0646452   0.454837
 0.0411633 -0.0646501   0.454821
 0.0411617 -0.0646583   0.454804
0.0411599 -0.064662  0.454788
 0.0411584 -0.0646659   0.454772
 0.0411573 -0.0646733   0.454757
 0.0411558 -0.0646763   0.454742
 0.0411552 -0.0646792   0.454728
 0.0411545 -0.0646855   0.454713
 0.0411536 -0.0646881     0.4547
 0.0411535 -0.0646902   0.454687
 0.0411536 -0.0646949   0.454674
  0.041154 -0.0646953   0.454662
 0.0411543 -0.0647005   0.454649
 0.0411545 -0.0647022   0.454637
 0.0411552 -0.0647039   0.454626
 0.0411699 -0.0646792    0.45462
 0.0411707 -0.0646811   0.454609
 0.0411571 -0.0647119   0.454592
 0.0411721 -0.0646849   0.454587
 0.0411595 -0.0647138   0.454572
 0.0411583 -0.0647191   0.454562
 0.0411722 -0.0646947   0.454557
 0.0411581 -0.0647213   0.454542
 0.0411577 -0.0647264   0.454532
 0.0411567 -0.0647277   0.454523
 0.0411559 -0.0647296   0.454513
0.0411548 -0.064734  0.454504
 0.0411531 -0.0647355   0.454494
 0.0411516 -0.0647373   0.454486
 0.0411499 -0.0647415   0.454476
 0.0411478 -0.0647431   0.454468
 0.0411458 -0.0647443   0.454459
 0.0411441 -0.0647482   0.454451
 0.0411417 -0.0647492   0.454443
 0.0411515 -0.0647272   0.454439
 0.0411498 -0.0647308   0.454431
 0.0411482 -0.0647279   0.454423
 0.0411462 -0.0647312   0.454415
 0.0411302 -0.0647565   0.454403
 0.0411282 -0.0647572   0.454396
 0.0411264 -0.0647604   0.454388
 0.0411241 -0.0647606   0.454381
 0.0411223 -0.0647613   0.454374
 0.0411206 -0.0647648   0.454367
 0.0411304 -0.0647435   0.454364
  0.041117 -0.0647653   0.454353
 0.0411155 -0.0647685   0.454346
 0.0411138 -0.0647685    0.45434
 0.0411127 -0.0647683   0.454334
 0.0411116 -0.0647717   0.454327
 0.0411104 -0.0647713   0.454321
   0.04111 -0.0647707   0.454315
 0.0411094 -0.0647737   0.454309
 0.0411087 -0.0647723   0.454303
 0.0411085 -0.0647719   0.454297
0.0411084 -0.064774  0.454291
  0.041108 -0.0647728   0.454286
  0.041108 -0.0647721   0.454281
 0.041108 -0.064774  0.454275
 0.0411076 -0.0647726    0.45427
 0.0411193 -0.0647519   0.454269
 0.0411193 -0.0647536   0.454264
 0.0411187 -0.0647524   0.454259
 0.0411067 -0.0647707    0.45425
 0.0411061 -0.0647731   0.454245
 0.0411166 -0.0647518   0.454245
 0.0411156 -0.0647514   0.454241
 0.0411145 -0.0647537   0.454236
 0.0411127 -0.0647529   0.454232
 0.0411111 -0.0647526   0.454228
 0.0411111 -0.0647526   0.454228
 0.0411068 -0.0647547   0.454219
 0.0411045 -0.0647542   0.454216
 0.0410909 -0.0647762   0.454208
  0.041088 -0.0647752   0.454204
  0.041096 -0.0647575   0.454204
 0.0410932 -0.0647604     0.4542
   0.04109 -0.0647602   0.454197
  0.041077 -0.0647774    0.45419
 0.0410744 -0.0647806   0.454186
 0.0410818 -0.0647628   0.454186
 0.0410797 -0.0647625   0.454183
 0.0410671 -0.0647828   0.454176
 0.0410752 -0.0647643   0.454176
 0.0410734 -0.0647641   0.454173
 0.0410615 -0.0647834   0.454166
 0.0410598 -0.0647824   0.454162
 0.0410693 -0.0647641   0.454163
 0.0410684 -0.0647667   0.454159
 0.0410571 -0.0647826   0.454152
 0.0410571 -0.0647826   0.454152
 0.0410567 -0.0647794   0.454146
 0.0410565 -0.0647784   0.454143
 0.0410673 -0.0647628   0.454143
 0.0410673 -0.0647628   0.454143
 0.0410554 -0.0647797   0.454136
0.0410556 -0.064778  0.454133
 0.0410556 -0.0647799    0.45413
 0.0410556 -0.0647774   0.454127
 0.0410565 -0.0647776   0.454121
 0.0410567 -0.0647746   0.454118
 0.0410574 -0.0647726   0.454116
 0.0410579 -0.0647731   0.454113
  0.041058 -0.0647704   0.454111
 0.0410583 -0.0647677   0.454109
 0.0410583 -0.0647677   0.454109
 0.0410585 -0.0647688   0.454106
 0.0410591 -0.0647637   0.454104
0.0410574 -0.064764    0.4541
0.0410574 -0.064764    0.4541
 0.0410566 -0.0647613   0.454098
 0.0410562 -0.0647585   0.454096
 0.0410553 -0.0647596   0.454094
 0.0410527 -0.0647545   0.454091
 0.0410516 -0.0647551   0.454089
 0.0410516 -0.0647551   0.454089
 0.0410499 -0.0647527   0.454088
 0.0410486 -0.0647502   0.454087
 0.0410478 -0.0647499   0.454085
 0.0410457 -0.0647471   0.454084
 0.0410439 -0.0647455   0.454083
 0.0410391 -0.0647458    0.45408
 0.0410376 -0.0647435   0.454078
 0.041036 -0.064745  0.454077
 0.0410342 -0.0647423   0.454076
 0.0410328 -0.0647409   0.454075
 0.0410315 -0.0647423   0.454073
 0.0410315 -0.0647423   0.454073
 0.0410299 -0.0647398   0.454072
 0.0410288 -0.0647386   0.454071
 0.0410278 -0.0647401   0.454069
 0.0410264 -0.0647384   0.454068
 0.0410261 -0.0647368   0.454066
 0.0410245 -0.0647367   0.454063
 0.0410245 -0.0647367   0.454063
 0.0410242 -0.0647356   0.454062
 0.0410229 -0.0647335   0.454059
 0.0410315 -0.0647217    0.45406
 0.0410311 -0.0647201   0.454059
 0.0410311 -0.0647201   0.454059
  0.041031 -0.0647183   0.454057
 0.0410309 -0.0647204   0.454056
 0.0410303 -0.0647183   0.454055
 0.0410209 -0.0647308   0.454051
 0.0410206 -0.0647325   0.454049
 0.0410196 -0.0647306   0.454048
  0.041019 -0.0647298   0.454047
 0.0410183 -0.0647316   0.454046
 0.0410163 -0.0647112   0.454047
  0.041016 -0.0647289   0.454044
 0.0410137 -0.0647293   0.454042
 0.0410125 -0.0647286   0.454041
 0.0410113 -0.0647302    0.45404
0.0410098 -0.064728   0.45404
 0.0410086 -0.0647271   0.454039
 0.0410151 -0.0647167    0.45404
 0.0410063 -0.0647238   0.454038
  0.041013 -0.0647141   0.454039
  0.041003 -0.0647246   0.454036
 0.0410021 -0.0647229   0.454035
 0.0410089 -0.0647133   0.454037
0.0410077 -0.064711  0.454036
 0.0410076 -0.0647088   0.454035
 0.0410069 -0.0647103   0.454034
0.0410049  -0.06471  0.454033
 0.0410041 -0.0647086   0.454033
 0.0410032 -0.0647103   0.454031
  0.041002 -0.0647091    0.45403
0.0410011 -0.064708   0.45403
 0.0410001 -0.0647106   0.454028
0.0409988 -0.064709  0.454028
0.0409978 -0.064708  0.454027
0.0409889 -0.064722  0.454023
 0.0409876 -0.0647203   0.454022
 0.0409865 -0.0647199   0.454022
 0.0409856 -0.0647221    0.45402
 0.0409843 -0.0647203    0.45402
 0.0409834 -0.0647198   0.454019
 0.0409826 -0.0647216   0.454018
 0.0409816 -0.0647202   0.454017
 0.0409809 -0.0647188   0.454017
 0.0409806 -0.0647203   0.454016
 0.0409802 -0.0647186   0.454015
 0.0409798 -0.0647165   0.454015
   0.04098 -0.0647179   0.454014
0.0409798 -0.064716  0.454013
 0.0409801 -0.0647137   0.454012
 0.0409803 -0.0647118   0.454012
 0.0409799 -0.0647106   0.454011
 0.0409802 -0.0647119    0.45401
 0.0409876 -0.0646984   0.454012
 0.0409804 -0.0647072   0.454009
0.0409806 -0.064708  0.454008
 0.0409805 -0.0647049   0.454008
 0.0409805 -0.0647033   0.454007
