 0.26893 -0.32672 0.608009
 0.26893 -0.32672 0.608009
 0.268932 -0.326718  0.608007
 0.268939 -0.326711  0.607999
 0.268949 -0.326699  0.607987
 0.268964 -0.326684  0.607969
 0.268983 -0.326663  0.607946
 0.269007 -0.326638  0.607918
 0.269034 -0.326609  0.607885
 0.269066 -0.326575  0.607847
 0.269103 -0.326536  0.607805
 0.269143 -0.326493  0.607756
 0.269188 -0.326446  0.607703
 0.269237 -0.326394  0.607645
  0.26929 -0.326337  0.607582
 0.269348 -0.326276  0.607514
 0.26941 -0.32621 0.607441
 0.269477 -0.326138   0.60736
 0.269548 -0.326064  0.607276
 0.269623 -0.325984  0.607187
0.269702  -0.3259 0.607094
 0.269785 -0.325811  0.606995
 0.269873 -0.325718  0.606891
 0.269965 -0.325621  0.606782
 0.270061 -0.325519  0.606668
 0.270161 -0.325412  0.606549
 0.270266 -0.325301  0.606425
 0.270375 -0.325186  0.606296
 0.270488 -0.325066  0.606162
 0.270605 -0.324941  0.606023
 0.270727 -0.324812  0.605878
 0.270853 -0.324678  0.605729
0.270983 -0.32454 0.605575
 0.271117 -0.324397  0.605415
0.271256 -0.32425 0.605251
 0.271399 -0.324098  0.605081
 0.271546 -0.323941  0.604907
 0.271698 -0.323781  0.604727
 0.271853 -0.323615  0.604542
 0.272013 -0.323445  0.604352
 0.272178 -0.323271  0.604158
 0.272346 -0.323092  0.603958
 0.272519 -0.322908  0.603753
0.272696 -0.32272 0.603543
 0.272877 -0.322528  0.603328
0.273063 -0.32233 0.603108
 0.273253 -0.322129  0.602882
 0.273447 -0.321923  0.602652
 0.273645 -0.321712  0.602417
 0.273848 -0.321497  0.602177
 0.274055 -0.321277  0.601931
 0.274266 -0.321053  0.601681
 0.274482 -0.320824  0.601425
 0.274701 -0.320591  0.601165
 0.274925 -0.320353  0.600899
0.275154 -0.32011 0.600628
 0.275386 -0.319863  0.600352
 0.275623 -0.319612  0.600072
 0.275864 -0.319356  0.599786
 0.276109 -0.319095  0.599495
0.276359 -0.31883 0.599199
 0.276612 -0.318561  0.598898
  0.27687 -0.318287  0.598592
 0.277133 -0.318008  0.598281
 0.277399 -0.317725  0.597965
  0.27767 -0.317438  0.597644
 0.277945 -0.317145  0.597317
 0.278225 -0.316849  0.596986
 0.278508 -0.316548   0.59665
 0.278796 -0.316242  0.596308
 0.279088 -0.315931  0.595962
 0.279385 -0.315617   0.59561
 0.279685 -0.315297  0.595253
  0.27999 -0.314973  0.594892
 0.280299 -0.314645  0.594525
 0.280613 -0.314312  0.594153
 0.280931 -0.313975  0.593776
 0.281253 -0.313633  0.593395
 0.281579 -0.313286  0.593008
 0.281909 -0.312935  0.592616
0.282244 -0.31258 0.592219
0.282583 -0.31222 0.591817
 0.282927 -0.311855  0.591409
 0.283274 -0.311486  0.590997
 0.283626 -0.311112   0.59058
 0.283982 -0.310734  0.590157
 0.284343 -0.310351   0.58973
 0.284707 -0.309964  0.589298
 0.285076 -0.309572   0.58886
 0.285449 -0.309176  0.588418
 0.285826 -0.308775   0.58797
0.286208 -0.30837 0.587517
0.286594 -0.30796  0.58706
 0.286984 -0.307546  0.586597
 0.287378 -0.307127   0.58613
 0.287777 -0.306704  0.585657
  0.28818 -0.306276  0.585179
 0.288587 -0.305843  0.584696
 0.288999 -0.305406  0.584208
 0.289415 -0.304964  0.583715
 0.289835 -0.304518  0.583216
 0.290258 -0.304069  0.582714
 0.290682 -0.303618  0.582211
 0.291106 -0.303168  0.581709
  0.29153 -0.302718  0.581206
 0.291954 -0.302268  0.580703
 0.292378 -0.301818    0.5802
 0.292802 -0.301367  0.579698
 0.293225 -0.300917  0.579195
 0.293649 -0.300467  0.578692
 0.294073 -0.300017  0.578189
 0.294497 -0.299567  0.577687
 0.294921 -0.299116  0.577184
 0.295346 -0.298665   0.57668
  0.29577 -0.298214  0.576177
 0.296196 -0.297763  0.575672
  0.29662 -0.297312  0.575169
 0.297044 -0.296862  0.574666
 0.297467 -0.296412  0.574164
 0.297891 -0.295962  0.573661
 0.298315 -0.295511  0.573158
 0.298739 -0.295061  0.572655
 0.299166 -0.294608   0.57215
  0.29959 -0.294158  0.571647
 0.300013 -0.293708  0.571144
 0.300437 -0.293258  0.570641
 0.300861 -0.292808  0.570139
 0.301285 -0.292357  0.569636
 0.301709 -0.291907  0.569133
 0.302133 -0.291457   0.56863
 0.302557 -0.291007  0.568128
 0.302981 -0.290556  0.567625
 0.303406 -0.290105   0.56712
  0.30383 -0.289655  0.566618
 0.304254 -0.289204  0.566115
 0.304678 -0.288754  0.565612
 0.305102 -0.288304  0.565109
 0.305526 -0.287854  0.564606
  0.30595 -0.287403  0.564104
 0.306374 -0.286953  0.563601
 0.306798 -0.286503  0.563098
 0.307222 -0.286053  0.562595
0.308071 -0.28515 0.561588
0.308495  -0.2847 0.561085
  0.30892 -0.284249  0.560581
 0.309344 -0.283799  0.560079
 0.309767 -0.283349  0.559576
 0.310191 -0.282899  0.559073
 0.310615 -0.282449  0.558571
 0.311039 -0.281998  0.558068
 0.311465 -0.281546  0.557563
 0.311889 -0.281096   0.55706
 0.312311 -0.280647  0.556559
 0.312735 -0.280197  0.556056
  0.31316 -0.279746  0.555552
 0.313584 -0.279296   0.55505
 0.314008 -0.278845  0.554547
 0.314432 -0.278395  0.554044
 0.314856 -0.277945  0.553541
  0.31528 -0.277495  0.553039
 0.315704 -0.277045  0.552536
 0.316127 -0.276594  0.552033
 0.316551 -0.276144   0.55153
 0.316975 -0.275694  0.551027
 0.317399 -0.275244  0.550525
 0.317823 -0.274793  0.550022
 0.318247 -0.274343  0.549519
 0.318673 -0.273891  0.549014
 0.319097 -0.273441  0.548511
 0.319519 -0.272993  0.548011
 0.319943 -0.272542  0.547508
 0.320367 -0.272092  0.547005
 0.320791 -0.271641  0.546502
 0.321217 -0.271189  0.545997
 0.321641 -0.270739  0.545494
0.322063 -0.27029 0.544993
 0.322488 -0.269839   0.54449
 0.322912 -0.269389  0.543987
 0.323336 -0.268939  0.543484
 0.323759 -0.268489  0.542981
 0.324183 -0.268039  0.542479
 0.324607 -0.267588  0.541976
 0.325031 -0.267138  0.541473
 0.325456 -0.266687  0.540969
  0.32588 -0.266237  0.540467
 0.326304 -0.265787  0.539964
 0.326728 -0.265336   0.53946
 0.327152 -0.264886  0.538958
 0.327576 -0.264435  0.538455
    0.328 -0.263985  0.537952
 0.328427 -0.263532  0.537446
 0.328849 -0.263084  0.536946
 0.329273 -0.262634  0.536443
 0.329697 -0.262183  0.535939
 0.330121 -0.261732  0.535436
 0.330544 -0.261283  0.534934
 0.330967 -0.260834  0.534434
 0.331391 -0.260384   0.53393
 0.331816 -0.259932  0.533426
  0.33224 -0.259482  0.532923
0.332665 -0.25903 0.532419
0.333089 -0.25858 0.531916
0.333513 -0.25813 0.531413
 0.333938 -0.257678  0.530909
 0.334362 -0.257228  0.530406
 0.334787 -0.256777  0.529903
 0.335212 -0.256326  0.529399
 0.335636 -0.255875  0.528896
  0.33606 -0.255425  0.528393
 0.336484 -0.254975   0.52789
 0.336908 -0.254525  0.527387
 0.337332 -0.254074  0.526884
 0.337756 -0.253624  0.526382
  0.33818 -0.253174  0.525879
 0.338604 -0.252724  0.525376
 0.339027 -0.252274  0.524874
 0.339449 -0.251826  0.524374
 0.339867 -0.251382  0.523878
 0.340279 -0.250945  0.523389
 0.340687 -0.250511  0.522906
  0.34109 -0.250083  0.522427
  0.34149 -0.249658  0.521953
 0.341886 -0.249238  0.521484
 0.342277 -0.248823   0.52102
 0.342664 -0.248412  0.520561
 0.343046 -0.248006  0.520107
 0.343424 -0.247604  0.519659
 0.343798 -0.247207  0.519216
 0.344167 -0.246815  0.518777
 0.344533 -0.246427  0.518344
 0.344894 -0.246043  0.517916
 0.345251 -0.245664  0.517493
0.345603 -0.24529 0.517075
0.345952 -0.24492 0.516661
 0.346296 -0.244554  0.516253
 0.346635 -0.244194   0.51585
 0.346971 -0.243837  0.515453
 0.347302 -0.243486   0.51506
 0.347629 -0.243138  0.514672
 0.347952 -0.242796  0.514289
  0.34827 -0.242458  0.513912
 0.348584 -0.242124  0.513539
 0.348895 -0.241794   0.51317
 0.349201 -0.241469  0.512808
 0.349502 -0.241149  0.512451
 0.349799 -0.240834  0.512098
 0.350092 -0.240523  0.511751
 0.350381 -0.240216  0.511409
 0.350665 -0.239914  0.511071
 0.350945 -0.239617  0.510739
 0.351221 -0.239324  0.510412
 0.351492 -0.239035   0.51009
  0.35176 -0.238751  0.509773
 0.352023 -0.238472  0.509461
 0.352281 -0.238197  0.509154
 0.352536 -0.237927  0.508853
 0.352786 -0.237662  0.508556
0.353032  -0.2374 0.508264
 0.353273 -0.237144  0.507978
 0.353511 -0.236892  0.507696
 0.353745 -0.236644  0.507419
0.353973  -0.2364 0.507148
 0.354198 -0.236162  0.506881
 0.354419 -0.235927  0.506619
 0.354635 -0.235698  0.506363
 0.354847 -0.235473  0.506112
 0.355054 -0.235253  0.505866
 0.355257 -0.235037  0.505625
 0.355456 -0.234826  0.505389
 0.355651 -0.234619  0.505158
 0.355841 -0.234417  0.504932
 0.356028 -0.234219  0.504711
  0.35621 -0.234026  0.504495
 0.356387 -0.233837  0.504285
 0.356561 -0.233653  0.504079
  0.35673 -0.233473  0.503879
 0.356895 -0.233298  0.503683
 0.357055 -0.233127  0.503493
 0.357211 -0.232962  0.503307
0.357364  -0.2328 0.503127
 0.357511 -0.232643  0.502952
 0.357655 -0.232491  0.502781
 0.357794 -0.232343  0.502616
  0.35793 -0.232199  0.502456
 0.35806 -0.23206 0.502301
 0.358187 -0.231926   0.50215
 0.358309 -0.231796  0.502005
0.358427 -0.23167 0.501865
0.358541 -0.23155  0.50173
  0.35865 -0.231433  0.501601
 0.358756 -0.231322  0.501476
 0.358856 -0.231215  0.501356
 0.358953 -0.231112  0.501242
 0.359045 -0.231014  0.501132
0.359133 -0.23092 0.501028
 0.359217 -0.230831  0.500928
 0.359297 -0.230747  0.500834
 0.359372 -0.230667  0.500744
 0.359443 -0.230591   0.50066
 0.35951 -0.23052 0.500581
 0.359573 -0.230454  0.500507
 0.359631 -0.230392  0.500438
 0.359685 -0.230335  0.500374
 0.359735 -0.230282  0.500315
  0.35978 -0.230233  0.500261
0.359821 -0.23019 0.500212
 0.359858 -0.230151  0.500168
 0.359891 -0.230116  0.500129
 0.359919 -0.230086  0.500096
0.359943 -0.23006 0.500067
 0.359963 -0.230039  0.500044
 0.359979 -0.230022  0.500025
 0.35999 -0.23001 0.500012
 0.359997 -0.230003  0.500003
 0.36 -0.23   0.5
 0.36 -0.23   0.5
 0.36 -0.23   0.5
 0.36 -0.23   0.5
 0.36 -0.23   0.5
 0.36 -0.23   0.5
 0.36 -0.23   0.5
 0.36 -0.23   0.5
 0.36 -0.23   0.5
 0.36 -0.23   0.5
 0.36 -0.23   0.5
 0.36 -0.23   0.5
 0.36 -0.23   0.5
 0.36 -0.23   0.5
 0.36 -0.23   0.5
 0.36 -0.23   0.5
 0.36 -0.23   0.5
 0.36 -0.23   0.5
 0.36 -0.23   0.5
 0.36 -0.23   0.5
 0.36 -0.23   0.5
 0.36 -0.23   0.5
 0.36 -0.23   0.5
 0.36 -0.23   0.5
 0.36 -0.23   0.5
 0.36 -0.23   0.5
 0.36 -0.23   0.5
 0.36 -0.23   0.5
 0.36 -0.23   0.5
 0.36 -0.23   0.5
 0.36 -0.23   0.5
 0.36 -0.23   0.5
 0.36 -0.23   0.5
 0.36 -0.23   0.5
 0.36 -0.23   0.5
 0.36 -0.23   0.5
 0.36 -0.23   0.5
 0.36 -0.23   0.5
 0.36 -0.23   0.5
 0.36 -0.23   0.5
 0.36 -0.23   0.5
 0.36 -0.23   0.5
 0.36 -0.23   0.5
 0.36 -0.23   0.5
 0.36 -0.23   0.5
 0.36 -0.23   0.5
 0.36 -0.23   0.5
 0.36 -0.23   0.5
 0.36 -0.23   0.5
 0.36 -0.23   0.5
 0.36 -0.23   0.5
 0.36 -0.23   0.5
 0.36 -0.23   0.5
 0.36 -0.23   0.5
 0.36 -0.23   0.5
 0.36 -0.23   0.5
 0.36 -0.23   0.5
 0.36 -0.23   0.5
 0.36 -0.23   0.5
 0.36 -0.23   0.5
 0.36 -0.23   0.5
 0.36 -0.23   0.5
 0.36 -0.23   0.5
 0.36 -0.23   0.5
 0.36 -0.23   0.5
 0.36 -0.23   0.5
 0.36 -0.23   0.5
 0.36 -0.23   0.5
 0.36 -0.23   0.5
 0.36 -0.23   0.5
 0.36 -0.23   0.5
 0.36 -0.23   0.5
 0.36 -0.23   0.5
 0.36 -0.23   0.5
 0.36 -0.23   0.5
 0.36 -0.23   0.5
 0.36 -0.23   0.5
 0.36 -0.23   0.5
 0.36 -0.23   0.5
 0.36 -0.23   0.5
 0.36 -0.23   0.5
 0.36 -0.23   0.5
 0.36 -0.23   0.5
 0.36 -0.23   0.5
 0.36 -0.23   0.5
 0.36 -0.23   0.5
 0.36 -0.23   0.5
 0.36 -0.23   0.5
 0.36 -0.23   0.5
 0.36 -0.23   0.5
 0.36 -0.23   0.5
 0.36 -0.23   0.5
 0.36 -0.23   0.5
 0.36 -0.23   0.5
 0.36 -0.23   0.5
 0.36 -0.23   0.5
 0.36 -0.23   0.5
 0.36 -0.23   0.5
 0.36 -0.23   0.5
 0.36 -0.23   0.5
 0.36 -0.23   0.5
 0.36 -0.23   0.5
 0.36 -0.23   0.5
 0.36 -0.23   0.5
 0.36 -0.23   0.5
 0.36 -0.23   0.5
 0.36 -0.23   0.5
 0.36 -0.23   0.5
 0.36 -0.23   0.5
 0.36 -0.23   0.5
 0.36 -0.23   0.5
 0.36 -0.23   0.5
 0.36 -0.23   0.5
 0.36 -0.23   0.5
 0.36 -0.23   0.5
 0.36 -0.23   0.5
 0.36 -0.23   0.5
 0.36 -0.23   0.5
 0.36 -0.23   0.5
 0.36 -0.23   0.5
 0.36 -0.23   0.5
 0.36 -0.23   0.5
 0.36 -0.23   0.5
 0.36 -0.23   0.5
 0.36 -0.23   0.5
 0.36 -0.23   0.5
 0.36 -0.23   0.5
 0.36 -0.23   0.5
 0.36 -0.23   0.5
 0.36 -0.23   0.5
 0.36 -0.23   0.5
 0.36 -0.23   0.5
 0.36 -0.23   0.5
 0.36 -0.23   0.5
 0.36 -0.23   0.5
 0.36 -0.23   0.5
 0.36 -0.23   0.5
 0.36 -0.23   0.5
 0.36 -0.23   0.5
 0.36 -0.23   0.5
 0.36 -0.23   0.5
 0.36 -0.23   0.5
 0.36 -0.23   0.5
 0.36 -0.23   0.5
 0.36 -0.23   0.5
 0.36 -0.23   0.5
 0.36 -0.23   0.5
 0.36 -0.23   0.5
 0.36 -0.23   0.5
 0.36 -0.23   0.5
 0.36 -0.23   0.5
 0.36 -0.23   0.5
 0.36 -0.23   0.5
 0.36 -0.23   0.5
 0.36 -0.23   0.5
 0.36 -0.23   0.5
 0.36 -0.23   0.5
 0.36 -0.23   0.5
 0.36 -0.23   0.5
 0.36 -0.23   0.5
 0.36 -0.23   0.5
 0.36 -0.23   0.5
 0.36 -0.23   0.5
 0.36 -0.23   0.5
 0.36 -0.23   0.5
 0.36 -0.23   0.5
 0.36 -0.23   0.5
 0.36 -0.23   0.5
 0.36 -0.23   0.5
 0.36 -0.23   0.5
 0.36 -0.23   0.5
 0.36 -0.23   0.5
 0.36 -0.23   0.5
 0.36 -0.23   0.5
 0.36 -0.23   0.5
 0.36 -0.23   0.5
 0.36 -0.23   0.5
 0.36 -0.23   0.5
 0.36 -0.23   0.5
 0.36 -0.23   0.5
 0.36 -0.23   0.5
 0.36 -0.23   0.5
 0.36 -0.23   0.5
 0.36 -0.23   0.5
 0.36 -0.23   0.5
 0.36 -0.23   0.5
 0.36 -0.23   0.5
 0.36 -0.23   0.5
 0.36 -0.23   0.5
 0.36 -0.23   0.5
 0.36 -0.23   0.5
 0.36 -0.23   0.5
 0.36 -0.23   0.5
 0.36 -0.23   0.5
 0.36 -0.23   0.5
 0.36 -0.23   0.5
 0.36 -0.23   0.5
 0.36 -0.23   0.5
 0.36 -0.23   0.5
 0.36 -0.23   0.5
 0.36 -0.23   0.5
 0.36 -0.23   0.5
 0.36 -0.23   0.5
 0.36 -0.23   0.5
 0.36 -0.23   0.5
 0.36 -0.23   0.5
 0.36 -0.23   0.5
 0.36 -0.23   0.5
 0.36 -0.23   0.5
 0.36 -0.23   0.5
 0.36 -0.23   0.5
 0.36 -0.23   0.5
 0.36 -0.23   0.5
 0.36 -0.23   0.5
 0.36 -0.23   0.5
 0.36 -0.23   0.5
 0.36 -0.23   0.5
 0.36 -0.23   0.5
 0.36 -0.23   0.5
 0.36 -0.23   0.5
 0.36 -0.23   0.5
 0.36 -0.23   0.5
 0.36 -0.23   0.5
 0.36 -0.23   0.5
 0.36 -0.23   0.5
 0.36 -0.23   0.5
 0.36 -0.23   0.5
 0.36 -0.23   0.5
 0.36 -0.23   0.5
 0.36 -0.23   0.5
 0.36 -0.23   0.5
 0.36 -0.23   0.5
 0.36 -0.23   0.5
 0.36 -0.23   0.5
 0.36 -0.23   0.5
 0.36 -0.23   0.5
 0.36 -0.23   0.5
 0.36 -0.23   0.5
 0.36 -0.23   0.5
 0.36 -0.23   0.5
 0.36 -0.23   0.5
 0.36 -0.23   0.5
 0.36 -0.23   0.5
 0.36 -0.23   0.5
 0.36 -0.23   0.5
 0.36 -0.23   0.5
 0.36 -0.23   0.5
 0.36 -0.23   0.5
 0.36 -0.23   0.5
 0.36 -0.23   0.5
 0.36 -0.23   0.5
 0.36 -0.23   0.5
 0.36 -0.23   0.5
 0.36 -0.23   0.5
 0.36 -0.23   0.5
 0.36 -0.23   0.5
 0.36 -0.23   0.5
