 0.26893 -0.32672 0.608009
 0.268929 -0.326721   0.60801
 0.268928 -0.326719   0.60801
  0.26893 -0.326718  0.608019
 0.268933 -0.326713  0.608026
  0.26894 -0.326707  0.608039
0.268951  -0.3267 0.608055
  0.26896 -0.326694  0.608076
 0.268981 -0.326679    0.6081
 0.268999 -0.326665  0.608125
 0.26902 -0.32665 0.608156
 0.269042 -0.326634  0.608183
 0.269066 -0.326617  0.608213
 0.269092 -0.326596  0.608247
 0.269118 -0.326576  0.608278
 0.269146 -0.326553  0.608313
 0.269164 -0.326539  0.608347
0.269191 -0.32651 0.608379
 0.269218 -0.326483  0.608394
 0.269246 -0.326459  0.608421
 0.269276 -0.326431   0.60845
 0.269293 -0.326414   0.60848
  0.26932 -0.326378  0.608511
 0.269346 -0.326341  0.608533
 0.269373 -0.326303  0.608553
 0.269399 -0.326266  0.608568
 0.269426 -0.326222  0.608581
 0.269453 -0.326179  0.608594
0.269481 -0.32613 0.608601
 0.269514 -0.326072  0.608586
 0.269536 -0.326025  0.608606
 0.269563 -0.325969  0.608601
 0.269594 -0.325906  0.608596
 0.269626 -0.325834  0.608558
 0.269659 -0.325765  0.608543
 0.269689 -0.325692  0.608523
 0.269724 -0.325614  0.608502
 0.269758 -0.325533  0.608475
 0.269795 -0.325451  0.608486
 0.269835 -0.325358  0.608445
0.269877 -0.32526 0.608411
  0.26992 -0.325161  0.608373
 0.269966 -0.325055  0.608332
 0.270014 -0.324942  0.608242
 0.270063 -0.324826  0.608192
0.270117 -0.32471 0.608193
  0.27017 -0.324582  0.608082
 0.270227 -0.324452  0.608023
 0.270288 -0.324318  0.607961
  0.27035 -0.324179  0.607895
 0.270415 -0.324037  0.607824
 0.270482 -0.323893  0.607812
  0.27055 -0.323734  0.607673
 0.270622 -0.323577  0.607592
 0.270696 -0.323414  0.607511
0.270771 -0.32325 0.607417
 0.270849 -0.323078  0.607324
 0.270929 -0.322904  0.607226
  0.27101 -0.322723  0.607125
 0.271094 -0.322538  0.607021
 0.271179 -0.322351  0.606909
 0.271267 -0.322157  0.606797
 0.271363 -0.321936   0.60666
 0.271454 -0.321735  0.606534
 0.271547 -0.321528  0.606405
  0.27164 -0.321317  0.606271
 0.271737 -0.321103  0.606132
 0.271834 -0.320883  0.605986
0.271943 -0.32066 0.605962
 0.272035 -0.320432  0.605681
0.272137  -0.3202 0.605521
 0.272242 -0.319964  0.605355
 0.272349 -0.319722  0.605184
 0.272458 -0.319477  0.605007
 0.272569 -0.319225  0.604824
 0.272696 -0.318965  0.604794
 0.272799 -0.318708  0.604441
 0.272917 -0.318441  0.604246
 0.273053 -0.318165  0.604213
  0.27316 -0.317894  0.603823
 0.273289 -0.317613  0.603614
 0.273418 -0.317324   0.60339
 0.273564 -0.317028  0.603356
 0.273683 -0.316734  0.602921
 0.273836 -0.316424  0.602891
0.273955 -0.31612 0.602416
 0.274118 -0.315801  0.602394
 0.274264 -0.315479  0.602138
0.274394 -0.31516 0.601634
 0.274564 -0.314822  0.601605
 0.274727 -0.314454  0.601282
 0.274865 -0.314115  0.600736
0.275043 -0.31376 0.600704
 0.275186 -0.313411  0.600131
  0.27537 -0.313046  0.600098
 0.275537 -0.312681  0.599785
 0.275686 -0.312317  0.599169
  0.27588 -0.311939  0.599141
 0.276033 -0.311565  0.598496
 0.276216 -0.311187  0.598165
 0.276397 -0.310799  0.597816
  0.27658 -0.310407  0.597455
0.276767 -0.31001  0.59709
 0.276956 -0.309607   0.59672
 0.277149 -0.309199  0.596344
 0.277388 -0.308728  0.596313
  0.27756 -0.308314  0.595551
 0.277791 -0.307886  0.595549
 0.277996 -0.307459  0.595151
 0.278202 -0.307027  0.594715
0.278411 -0.30659 0.594303
 0.278589 -0.306158  0.593453
 0.278804 -0.305715  0.593017
 0.279018 -0.305265  0.592575
 0.279237 -0.304813  0.592125
 0.279455 -0.304359  0.591666
 0.279679 -0.303898  0.591204
 0.279902 -0.303436  0.590731
 0.280128 -0.302971  0.590255
 0.280357 -0.302502  0.589775
 0.280357 -0.302502  0.589775
 0.280588 -0.302031  0.589288
 0.280821 -0.301559  0.588799
 0.281056 -0.301087  0.588294
 0.281296 -0.300612  0.587785
 0.281784 -0.299647  0.586734
 0.282086 -0.299145  0.586799
0.282286 -0.29866 0.585659
0.282286 -0.29866 0.585659
 0.282539 -0.298162  0.585116
 0.283113 -0.297172  0.584683
0.283371 -0.29667 0.584126
 0.283631 -0.296164  0.583564
 0.283889 -0.295657  0.582987
 0.284142 -0.295152  0.582339
 0.284417 -0.294576  0.581718
 0.284645 -0.294118  0.581114
  0.28492 -0.293637  0.580627
0.285119 -0.29314 0.579315
 0.285363 -0.292617  0.578662
 0.285632 -0.292141   0.57809
 0.285876 -0.291621  0.577432
 0.286134 -0.291129  0.576819
0.286394 -0.29064 0.576209
 0.286657 -0.290153  0.575606
 0.286921 -0.289669  0.575006
  0.28719 -0.289187  0.574415
 0.287462 -0.288709  0.573825
 0.287782 -0.288249  0.573956
 0.288017 -0.287761  0.572667
 0.288342 -0.287311  0.572815
 0.288627 -0.286848  0.572245
 0.288914 -0.286383  0.571681
 0.289203 -0.285917  0.571116
 0.289494 -0.285454  0.570545
 0.289752 -0.284958  0.569217
0.290044 -0.28449 0.568629
 0.290338 -0.284021  0.568044
 0.290676 -0.283622   0.56827
 0.290941 -0.283107  0.566838
 0.291255 -0.282558  0.566212
 0.291554 -0.282086  0.565618
 0.291855 -0.281612   0.56503
 0.292156 -0.281136   0.56444
 0.292459 -0.280663  0.563855
 0.292764 -0.280189  0.563277
 0.293082 -0.279774  0.563455
 0.293389 -0.279306  0.562885
 0.293697 -0.278837  0.562322
0.294007 -0.27837 0.561767
 0.294312 -0.277834  0.560454
 0.294623 -0.277368    0.5599
 0.294933 -0.276902  0.559349
  0.29511 -0.276188   0.55902
 0.295555 -0.275973  0.558254
 0.295866 -0.275511  0.557703
 0.296177 -0.275052  0.557166
 0.296488 -0.274596  0.556633
0.296799 -0.27414 0.556103
 0.297112 -0.273685  0.555581
 0.297424 -0.273232  0.555064
 0.297738 -0.272781  0.554559
  0.29805 -0.272331  0.554056
 0.298365 -0.271882  0.553561
 0.298683 -0.271436  0.553075
0.298997 -0.27099 0.552597
 0.299315 -0.270546  0.552125
 0.299602 -0.270201  0.552302
 0.299915 -0.269759  0.551833
 0.300264 -0.269214  0.550723
 0.300543 -0.268878  0.550905
 0.300897 -0.268325   0.54981
 0.301228 -0.267897  0.549332
  0.30156 -0.267392  0.548859
 0.301875 -0.266945  0.548411
 0.302189 -0.266498  0.547969
 0.302189 -0.266498  0.547969
 0.302762 -0.265726  0.547678
 0.303073 -0.265282   0.54725
 0.303384 -0.264838  0.546818
 0.303695 -0.264394   0.54639
  0.30398 -0.263977  0.545955
 0.304368 -0.263417  0.545023
 0.304671 -0.262945  0.544587
 0.304905 -0.262643  0.544719
  0.30522 -0.262223  0.544355
 0.305621 -0.261583   0.54343
 0.305913 -0.261189  0.543074
 0.306203 -0.260737  0.542724
 0.306508 -0.260299  0.542356
 0.306812 -0.259855  0.542003
 0.307115 -0.259412  0.541653
 0.307417 -0.258978   0.54131
 0.307718 -0.258538  0.540982
 0.308019 -0.258099   0.54066
0.308318 -0.25767 0.540348
 0.308615 -0.257236  0.540043
 0.308912 -0.256803  0.539751
 0.308912 -0.256803  0.539751
   0.3095 -0.255947  0.539169
 0.309794 -0.255515  0.538885
 0.310084 -0.255092  0.538607
 0.310084 -0.255092  0.538607
0.310546 -0.25441 0.538396
 0.310975 -0.253748   0.53776
0.311259 -0.25333  0.53751
  0.31154 -0.252905  0.537248
 0.311819 -0.252474  0.536992
 0.312097 -0.252043  0.536734
 0.312372 -0.251619  0.536482
 0.312643 -0.251188  0.536227
0.312913 -0.25076 0.535978
0.312913 -0.25076 0.535978
 0.31318 -0.25034 0.535729
 0.313444 -0.249914   0.53548
 0.313708 -0.249488  0.535234
 0.313968 -0.249069  0.534983
 0.314224 -0.248645   0.53474
  0.31448 -0.248224  0.534497
 0.314981 -0.247389  0.534015
 0.315227 -0.246972  0.533779
  0.31547 -0.246566  0.533549
  0.31547 -0.246566  0.533549
 0.315709 -0.246154  0.533318
  0.31596 -0.245726  0.533069
  0.31644 -0.244896  0.532603
  0.31644 -0.244896  0.532603
 0.316897 -0.244099  0.532157
 0.317123 -0.243702  0.531941
 0.317345 -0.243315   0.53172
 0.317562 -0.242927  0.531508
 0.317778 -0.242543  0.531299
 0.317991 -0.242168   0.53109
 0.318085 -0.241974  0.531009
 0.318407 -0.241419  0.530684
 0.318612 -0.241056  0.530482
 0.318702 -0.240868  0.530392
 0.318903 -0.240505  0.530191
0.319102 -0.24015 0.529995
 0.319299 -0.239792  0.529796
 0.319497 -0.239437  0.529605
 0.319798 -0.238914  0.529321
 0.319991 -0.238561  0.529132
 0.320184 -0.238208  0.528945
 0.320286 -0.237989  0.528852
 0.320375 -0.237863  0.528753
 0.320563 -0.237515  0.528567
  0.32075 -0.237169  0.528373
 0.320935 -0.236832  0.528182
 0.321118 -0.236491  0.527994
 0.321298 -0.236155  0.527805
 0.321378 -0.235989  0.527685
 0.321659 -0.235484  0.527419
 0.321838 -0.235148  0.527221
 0.321912 -0.234986  0.527095
 0.322079 -0.234671  0.526905
 0.322241 -0.234366  0.526716
 0.322399 -0.234063  0.526527
 0.322555 -0.233764  0.526342
 0.322708 -0.233474   0.52615
 0.322858 -0.233183  0.525963
 0.323007 -0.232895  0.525777
 0.323152 -0.232615  0.525589
 0.323297 -0.232334  0.525405
 0.323514 -0.231922  0.525171
 0.323654 -0.231652  0.524994
 0.323791 -0.231381  0.524811
 0.323926 -0.231113  0.524634
  0.32406 -0.230853  0.524457
  0.32419 -0.230595  0.524283
 0.324318 -0.230341  0.524114
 0.324443 -0.230097  0.523941
 0.324565 -0.229855  0.523774
 0.324691 -0.229608  0.523611
 0.324751 -0.229483  0.523458
0.324923 -0.22915 0.523269
 0.325032 -0.228939  0.523108
 0.325137 -0.228732  0.522956
 0.325241 -0.228529  0.522798
 0.325342 -0.228337  0.522645
 0.325441 -0.228146  0.522495
0.325538 -0.22796 0.522347
 0.325633 -0.227783  0.522201
 0.325727 -0.227607  0.522054
  0.32582 -0.227434  0.521915
 0.325911 -0.227269  0.521767
    0.326 -0.227104  0.521627
  0.32609 -0.226942  0.521489
 0.326177 -0.226787   0.52135
 0.326265 -0.226631  0.521217
 0.326352 -0.226477   0.52108
0.326438 -0.22633 0.520945
 0.326523 -0.226182  0.520814
 0.326608 -0.226035  0.520682
 0.326696 -0.225888  0.520553
 0.326785 -0.225738   0.52041
 0.326868 -0.225602  0.520286
  0.32695 -0.225465  0.520156
0.327031 -0.22533 0.520033
 0.327112 -0.225203  0.519909
 0.327191 -0.225076  0.519787
 0.327269 -0.224952   0.51967
 0.327345 -0.224835  0.519549
 0.327419 -0.224719  0.519432
 0.327492 -0.224606  0.519319
 0.327564 -0.224503  0.519204
 0.327633 -0.224401  0.519094
   0.3277 -0.224303  0.518984
 0.327766 -0.224215  0.518878
 0.327829 -0.224127  0.518769
  0.32789 -0.224044  0.518663
 0.32795 -0.22397 0.518561
 0.328007 -0.223897  0.518458
 0.328064 -0.223829  0.518361
 0.328119 -0.223765  0.518259
 0.328177 -0.223694  0.518154
 0.328228 -0.223642  0.518058
 0.328277 -0.223598   0.51796
 0.328326 -0.223549  0.517867
 0.328373 -0.223507  0.517774
  0.32842 -0.223465  0.517685
  0.32854 -0.223316  0.517445
  0.32858 -0.223274  0.517361
 0.328617 -0.223237  0.517278
0.328652  -0.2232 0.517203
 0.328686 -0.223163  0.517126
 0.328719 -0.223133  0.517057
  0.32875 -0.223101  0.516983
 0.32878 -0.22307 0.516915
  0.32881 -0.223046  0.516848
 0.328838 -0.223019  0.516783
 0.328867 -0.222994  0.516724
 0.328895 -0.222973  0.516658
 0.328921 -0.222951  0.516598
 0.328948 -0.222929   0.51654
 0.328975 -0.222911   0.51648
0.329001 -0.22289 0.516425
 0.329028 -0.222868  0.516366
 0.329055 -0.222851  0.516312
 0.32908 -0.22283 0.516252
 0.329107 -0.222808  0.516196
 0.329134 -0.222789  0.516139
  0.32916 -0.222766  0.516083
 0.329187 -0.222744   0.51603
 0.329177 -0.222805  0.516015
  0.32924 -0.222699  0.515916
 0.329265 -0.222676  0.515862
 0.329292 -0.222651  0.515807
 0.329283 -0.222711  0.515798
 0.329313 -0.222679  0.515738
  0.32934 -0.222656  0.515688
0.329365 -0.22263 0.515632
 0.329422 -0.222531  0.515542
 0.329449 -0.222507  0.515491
 0.329476 -0.222478  0.515439
 0.329502 -0.222453  0.515394
 0.329527 -0.222435  0.515343
 0.329553 -0.222416  0.515294
 0.329578 -0.222389   0.51525
0.329602 -0.22237 0.515206
 0.329625 -0.222357  0.515163
 0.329647 -0.222342   0.51512
 0.329669 -0.222337  0.515085
 0.32969 -0.22233  0.51504
  0.32971 -0.222317  0.515001
  0.32973 -0.222313  0.514966
 0.329749 -0.222313  0.514928
 0.329768 -0.222311  0.514897
 0.329786 -0.222317  0.514858
0.329803 -0.22232 0.514824
 0.329821 -0.222324  0.514793
 0.329813 -0.222393  0.514784
 0.329831 -0.222404  0.514754
0.329874 -0.22235 0.514697
 0.329868 -0.222407  0.514689
0.329909 -0.22236 0.514638
 0.329928 -0.222364  0.514608
 0.329923 -0.222428  0.514601
 0.329968 -0.222365   0.51455
  0.32999 -0.222369  0.514523
 0.330011 -0.222366  0.514492
 0.330033 -0.222361  0.514463
 0.330056 -0.222359  0.514435
 0.330079 -0.222352  0.514407
 0.330102 -0.222345  0.514382
0.330126 -0.22234 0.514352
 0.330148 -0.222332  0.514325
 0.330172 -0.222324    0.5143
 0.330195 -0.222318  0.514272
 0.330217 -0.222311  0.514248
 0.330209 -0.222372  0.514239
 0.330231 -0.222368  0.514215
0.330252 -0.22236 0.514186
 0.330274 -0.222358  0.514159
 0.330325 -0.222283  0.514117
 0.330346 -0.222279  0.514092
 0.330368 -0.222278  0.514068
 0.330388 -0.222275  0.514043
 0.330409 -0.222273  0.514019
 0.330429 -0.222281  0.513995
  0.33042 -0.222343  0.513986
 0.330468 -0.222276   0.51395
 0.330487 -0.222281  0.513925
 0.330505 -0.222284  0.513907
 0.330524 -0.222287  0.513882
 0.330542 -0.222296  0.513859
  0.33056 -0.222302  0.513839
 0.330577 -0.222308  0.513818
0.330595 -0.22232 0.513798
 0.330611 -0.222328  0.513776
 0.330628 -0.222339  0.513756
 0.330646 -0.222351  0.513735
 0.330662 -0.222361  0.513716
  0.33068 -0.222371  0.513698
 0.330698 -0.222383  0.513676
 0.330715 -0.222393  0.513661
 0.330708 -0.222456  0.513648
 0.330727 -0.222467  0.513628
 0.330745 -0.222474   0.51361
 0.330788 -0.222426  0.513583
 0.330808 -0.222435  0.513565
 0.330802 -0.222493  0.513554
 0.330823 -0.222497  0.513536
 0.330843 -0.222509  0.513517
 0.330864 -0.222509  0.513499
 0.330885 -0.222509  0.513483
 0.330885 -0.222509  0.513483
  0.33093 -0.222508  0.513448
 0.330952 -0.222503  0.513428
 0.331002 -0.222444  0.513402
 0.331025 -0.222438  0.513387
 0.331021 -0.222492  0.513376
0.331044 -0.22249  0.51336
 0.331066 -0.222484  0.513342
 0.331117 -0.222421  0.513324
 0.331139 -0.222421  0.513302
 0.331132 -0.222477  0.513291
 0.331154 -0.222475  0.513276
0.331202 -0.22242 0.513252
 0.331195 -0.222479  0.513245
 0.331215 -0.222482  0.513226
  0.33126 -0.222434  0.513204
 0.331277 -0.222441  0.513189
 0.331271 -0.222501  0.513178
 0.331289 -0.222513  0.513162
 0.331329 -0.222471  0.513141
 0.331329 -0.222471  0.513141
 0.331362 -0.222495  0.513108
 0.331378 -0.222508  0.513092
 0.331373 -0.222573  0.513081
 0.331373 -0.222573  0.513081
 0.331413 -0.222533   0.51306
 0.331429 -0.222547  0.513045
 0.331445 -0.222566   0.51303
 0.331461 -0.222579  0.513015
 0.331494 -0.222617  0.512983
 0.33151 -0.22263 0.512969
 0.331528 -0.222642  0.512955
 0.331545 -0.222656  0.512938
 0.331563 -0.222668  0.512926
 0.331581 -0.222676   0.51291
 0.331581 -0.222676   0.51291
   0.3316 -0.222689  0.512894
 0.331616 -0.222694  0.512882
 0.331657 -0.222705  0.512855
 0.331657 -0.222705  0.512855
0.331676 -0.22271 0.512839
 0.331697 -0.222712  0.512825
 0.331717 -0.222718  0.512811
0.331759 -0.22272 0.512786
  0.33178 -0.222722  0.512769
  0.33178 -0.222722  0.512769
 0.331801 -0.222727  0.512756
 0.331823 -0.222725  0.512743
 0.331842 -0.222727  0.512728
 0.331863 -0.222726  0.512718
 0.331884 -0.222725  0.512703
 0.331928 -0.222722  0.512676
 0.331948 -0.222722  0.512662
 0.331969 -0.222727  0.512649
 0.331988 -0.222728  0.512635
 0.332008 -0.222731  0.512621
 0.332027 -0.222744  0.512608
 0.332027 -0.222744  0.512608
 0.332045 -0.222748  0.512596
 0.332064 -0.222755  0.512585
 0.332082 -0.222764  0.512569
 0.332099 -0.222772  0.512557
0.332117 -0.22278 0.512545
 0.332152 -0.222802   0.51252
 0.332152 -0.222802   0.51252
 0.332169 -0.222812  0.512506
 0.332206 -0.222829  0.512479
 0.332201 -0.222888  0.512464
 0.332219 -0.222899  0.512453
 0.332219 -0.222899  0.512453
 0.332236 -0.222909   0.51244
 0.332254 -0.222922  0.512425
0.332272 -0.22293 0.512414
 0.332312 -0.222901  0.512404
 0.332332 -0.222912  0.512392
 0.332351 -0.222918   0.51238
 0.332371 -0.222923  0.512373
0.332392 -0.22293 0.512356
 0.332411 -0.222922  0.512329
 0.332434 -0.222935  0.512335
 0.332476 -0.222943  0.512316
 0.332497 -0.222944  0.512301
 0.332518 -0.222947  0.512288
 0.332539 -0.222948  0.512279
0.332559 -0.22295 0.512266
 0.332554 -0.223005  0.512256
 0.332599 -0.222956  0.512242
 0.332593 -0.223012  0.512227
 0.332639 -0.222962   0.51222
 0.332658 -0.222966  0.512208
 0.332653 -0.223022  0.512197
 0.332672 -0.223025  0.512182
 0.332688 -0.223035   0.51217
 0.332707 -0.223044  0.512159
 0.332728 -0.223044  0.512147
0.332747 -0.22305 0.512141
 0.332766 -0.223058  0.512124
 0.332784 -0.223062  0.512113
 0.332803 -0.223073  0.512104
 0.332823 -0.223082  0.512091
 0.332842 -0.223086  0.512085
0.332861 -0.22309 0.512072
 0.332904 -0.223051  0.512064
 0.332924 -0.223055  0.512056
 0.332944 -0.223059  0.512045
 0.332964 -0.223066  0.512038
 0.332983 -0.223069  0.512026
 0.333002 -0.223074  0.512016
 0.333022 -0.223082  0.512006
 0.333039 -0.223088  0.511996
 0.333058 -0.223095   0.51199
 0.333075 -0.223105  0.511975
 0.333092 -0.223114  0.511965
 0.333109 -0.223123  0.511957
 0.333125 -0.223136  0.511944
 0.333141 -0.223147  0.511938
 0.333157 -0.223158  0.511924
0.333172 -0.22317 0.511911
  0.33319 -0.223177  0.511902
 0.333206 -0.223192  0.511889
 0.333201 -0.223244  0.511878
 0.333238 -0.223213  0.511869
 0.333254 -0.223226  0.511857
 0.333271 -0.223234  0.511848
 0.333288 -0.223243  0.511837
