5.96046e-06
0.00957894
0.019635
0.0297019
0.0397561
0.0498221
0.059875
0.069941
0.080009
0.0900741
0.100129
0.110218
0.120346
0.130403
0.140459
0.150516
0.160922
0.170981
0.181035
0.191092
0.201146
0.211201
0.221267
0.231321
0.241375
0.25143
0.261488
0.271543
0.281599
0.291654
0.301709
0.311766
0.321823
0.331878
0.341931
0.351986
0.362041
0.372097
0.382152
0.392207
0.402262
0.412316
0.422373
0.432429
0.442483
0.452539
0.462593
0.472648
0.482703
0.492759
0.502814
0.51287
0.522924
0.532985
0.543039
0.553093
0.563148
0.573203
0.583259
0.593314
0.603368
0.613424
0.623481
0.633536
0.64359
0.653644
0.6637
0.673758
0.683814
0.693869
0.703925
0.71398
0.724035
0.734089
0.744145
0.754199
0.764258
0.774313
0.784367
0.794423
0.804478
0.814551
0.824606
0.834661
0.844731
0.854787
0.864842
0.874897
0.884954
0.895008
0.905065
0.915112
0.925342
0.935399
0.945453
0.955507
0.965565
0.975623
0.985679
0.995733
1.00579
1.01584
1.0259
1.03596
1.04601
1.05607
1.06613
1.07618
1.08619
1.09625
1.1063
1.11636
1.12643
1.13649
1.14656
1.15662
1.16665
1.17672
1.18678
1.19684
1.20689
1.21695
1.227
1.23706
1.24712
1.25718
1.26726
1.27731
1.28738
1.29743
1.30753
1.3176
1.32768
1.33774
1.34786
1.35792
1.36798
1.37804
1.38809
1.39815
1.4082
1.41834
1.42855
1.43861
1.44866
1.45872
1.46877
1.47883
1.48888
1.49894
1.50899
1.51905
1.5291
1.53916
1.54921
1.55927
1.56932
1.57939
1.58945
1.59952
1.60963
1.61972
1.62978
1.63984
1.64989
1.65995
1.67
1.68005
1.69011
1.70017
1.71023
1.72029
1.73035
1.7404
1.75046
1.76052
1.77057
1.78063
1.79068
1.80074
1.8108
1.82085
1.8309
1.841
1.85105
1.86111
1.87116
1.88122
1.89127
1.90139
1.91144
1.9215
1.93155
1.94161
1.95166
1.96172
1.97177
1.98184
1.9919
2.00196
2.01202
2.02207
2.03213
2.04218
2.05224
2.0623
2.07236
2.08242
2.09247
2.10253
2.1126
2.12265
2.13271
2.14272
2.15278
2.16284
2.17314
2.18319
2.19325
2.2033
2.21337
2.22356
2.23361
2.24367
2.25372
2.26378
2.27384
2.28389
2.29395
2.30402
2.31412
2.32419
2.33425
2.34461
2.35466
2.36472
2.37477
2.38483
2.39488
2.40494
2.41499
2.42505
2.4351
2.44516
2.45523
2.46529
2.47534
2.4854
2.49545
2.50551
2.51556
2.52562
2.53568
2.54573
2.55578
2.56584
2.57589
2.58595
2.596
2.60606
2.61611
2.62617
2.63622
2.64628
2.65633
2.66639
2.67644
2.6865
2.69655
2.70661
2.71667
2.72674
2.73679
2.74685
2.7569
2.76695
2.77701
2.78707
2.79712
2.80717
2.81723
2.82728
2.83734
2.84739
2.85744
2.86751
2.87756
2.88762
2.89767
2.90773
2.91778
2.92783
2.93789
2.94794
2.958
2.96805
2.97811
2.98816
2.99822
3.00827
3.01832
3.02838
3.03843
3.04849
3.05854
3.0686
3.07865
3.08871
3.09876
3.10881
3.11888
3.12893
3.13898
3.14904
3.15909
3.16915
3.1792
3.18926
3.19931
3.20937
3.21942
3.22948
3.23951
3.24956
3.25962
3.26968
3.27973
3.28979
3.29985
3.30989
3.31994
3.32999
3.34005
3.35025
3.3603
3.37035
3.38041
3.39046
3.40053
3.41058
3.42063
3.43069
3.44075
3.45081
3.46087
3.47092
3.48098
3.49103
3.50106
3.51112
3.52116
3.53124
3.5413
3.55135
3.56151
3.57157
3.58162
3.59168
3.60174
3.61179
3.62185
3.63194
3.642
3.65203
3.66205
3.67213
3.68223
3.69229
3.70234
3.71242
3.72246
3.73251
3.74257
3.75262
3.76268
3.77271
3.78276
3.79282
3.80296
3.81301
3.82307
3.83312
3.84318
3.85324
3.86329
3.87335
3.8834
3.89346
3.90351
3.91357
3.9237
3.93376
3.94387
3.95387
3.96396
3.97402
3.98408
3.99413
4.00419
4.01424
4.0243
4.03435
4.04441
4.05446
4.06452
4.07535
4.08541
4.09546
4.10551
4.11558
4.12565
4.1357
4.14576
4.15581
4.16587
4.17592
4.18598
4.19603
4.20609
4.21615
4.2262
4.23625
4.24631
4.25636
4.26643
4.27648
4.28654
4.29659
4.30666
4.31671
4.32677
4.33682
4.3469
4.35695
4.36701
4.37706
4.38712
4.39717
4.40723
4.41729
4.42734
4.4374
4.44745
4.45752
4.46757
4.47759
4.48765
4.4977
4.50776
4.51781
4.52787
4.53793
4.54798
4.55804
4.5681
4.57816
4.58821
4.59826
4.60832
4.61838
4.62843
4.63848
4.64854
4.65859
4.66865
4.6787
4.68882
4.69887
4.70893
4.71899
4.72904
4.73909
4.74915
4.7592
4.76925
4.77931
4.78936
4.79937
4.80943
4.81948
4.82954
4.83959
4.84965
4.85971
4.86976
4.87982
4.88987
4.89993
4.90998
4.92003
4.93009
4.94015
4.9502
4.96026
4.97031
4.98037
4.99043
5.00048
5.01054
5.02059
5.03065
5.0407
5.05076
5.06081
5.07087
5.08092
5.09098
5.10103
5.11109
5.12114
5.1312
5.14125
5.15131
5.16137
5.17142
5.18148
5.19151
5.20156
5.21162
5.22167
5.23173
5.24178
5.25184
5.26189
5.27195
5.282
5.29206
5.30211
5.31217
5.32222
5.33228
5.34233
5.35239
5.36244
5.3725
5.38258
5.39262
5.40268
5.41273
5.42279
5.43285
5.4429
5.45296
5.46302
5.47307
5.48313
5.4932
5.50327
5.51332
5.52337
5.53363
5.54368
5.55374
5.56379
5.57385
5.5839
5.59396
5.60401
5.61406
5.62412
5.63417
5.64423
5.65428
5.66434
5.67435
5.68441
5.69446
5.70449
5.71455
5.72457
5.73463
