 0.269095 -0.326233  0.609716
 0.269066 -0.326251  0.609668
0.269028 -0.32627 0.609617
 0.268981 -0.326294   0.60956
 0.268932 -0.326322  0.609503
 0.268884 -0.326346  0.609452
0.268838 -0.32637 0.609407
 0.268794 -0.326391  0.609365
 0.268758 -0.326408  0.609335
 0.268724 -0.326423  0.609303
 0.268697 -0.326435  0.609281
 0.268676 -0.326441  0.609268
 0.268665 -0.326442   0.60926
 0.268661 -0.326437  0.609261
 0.268666 -0.326423  0.609268
  0.26868 -0.326408  0.609284
 0.268702 -0.326383  0.609302
 0.268734 -0.326357  0.609331
 0.268774 -0.326318  0.609364
 0.268822 -0.326282  0.609396
 0.268875 -0.326235  0.609437
 0.268935 -0.326183   0.60948
    0.269 -0.326129  0.609527
0.269069 -0.32607 0.609572
 0.269143 -0.326007  0.609624
 0.269216 -0.325943  0.609668
 0.269295 -0.325875  0.609715
 0.269372 -0.325806  0.609763
 0.269447 -0.325741  0.609806
 0.269522 -0.325673  0.609851
 0.269594 -0.325608  0.609888
 0.269664 -0.325542  0.609928
 0.269729 -0.325478  0.609958
 0.269792 -0.325417  0.609985
 0.269852 -0.325355   0.61001
 0.269907 -0.325298  0.610028
  0.26996 -0.325239  0.610043
 0.270009 -0.325183   0.61005
 0.270055 -0.325125  0.610057
 0.270099 -0.325069  0.610052
 0.270142 -0.325011  0.610044
0.270182 -0.32495 0.610032
 0.270223 -0.324888  0.610013
 0.270263 -0.324822  0.609992
 0.270305 -0.324754  0.609962
 0.270347 -0.324679  0.609932
 0.270392 -0.324602  0.609892
 0.270441 -0.324514  0.609852
 0.270494 -0.324422  0.609796
0.270546 -0.32432 0.609755
 0.270605 -0.324214  0.609703
 0.270666 -0.324108  0.609645
0.270733 -0.32399 0.609588
0.270803 -0.32387 0.609523
 0.270879 -0.323741  0.609461
0.270957 -0.32361  0.60939
 0.271041 -0.323469  0.609319
 0.271131 -0.323323  0.609246
 0.271223 -0.323171   0.60917
 0.271327 -0.323007  0.609087
 0.271426 -0.322845  0.609006
 0.271532 -0.322678  0.608925
 0.271638 -0.322508  0.608837
  0.27175 -0.322332  0.608753
  0.27186 -0.322156  0.608658
 0.271976 -0.321975  0.608563
 0.272091 -0.321791  0.608467
  0.27221 -0.321602  0.608367
 0.272328 -0.321416  0.608264
 0.272449 -0.321223  0.608156
  0.27257 -0.321033  0.608048
 0.272692 -0.320836   0.60793
 0.272813 -0.320642   0.60781
 0.272937 -0.320442  0.607688
 0.273059 -0.320243   0.60756
0.273187 -0.32003 0.607429
 0.273312 -0.319825  0.607288
 0.273444 -0.319614  0.607141
 0.273573 -0.319398   0.60699
 0.273707 -0.319178  0.606839
  0.27384 -0.318953  0.606675
 0.273976 -0.318723  0.606508
 0.274116 -0.318487  0.606337
 0.274258 -0.318247  0.606158
0.274403   -0.318 0.605976
  0.27455 -0.317748  0.605785
   0.2747 -0.317492  0.605595
 0.274852 -0.317232  0.605392
 0.275005 -0.316967  0.605188
 0.275173 -0.316686  0.604964
 0.275332 -0.316411  0.604748
 0.275494 -0.316133  0.604529
 0.275658 -0.315849  0.604302
 0.275814 -0.315575  0.604091
0.275993 -0.31527 0.603836
 0.276164 -0.314976  0.603593
 0.276337 -0.314676  0.603349
 0.276511 -0.314372  0.603098
 0.276688 -0.314066  0.602842
 0.276867 -0.313755   0.60258
0.277049 -0.31344 0.602314
 0.277232 -0.313121  0.602039
 0.277419 -0.312798  0.601764
 0.277605 -0.312472  0.601475
 0.277794 -0.312143  0.601183
 0.277986 -0.311807  0.600887
 0.278181 -0.311468  0.600582
 0.278379 -0.311121  0.600273
 0.278579 -0.310771  0.599954
 0.278782 -0.310414  0.599633
 0.278987 -0.310055  0.599299
 0.279195 -0.309689  0.598962
0.279405 -0.30932 0.598617
 0.279625 -0.308931  0.598275
 0.279838 -0.308546  0.597907
 0.280055 -0.308163  0.597541
 0.280272 -0.307781  0.597172
  0.28049 -0.307393  0.596792
 0.280712 -0.307003  0.596412
 0.280946 -0.306593  0.595981
 0.281167 -0.306202  0.595583
 0.281389 -0.305807  0.595181
 0.281609 -0.305414  0.594769
0.281831 -0.30502 0.594356
 0.28205 -0.30463 0.593934
 0.282268 -0.304241  0.593513
 0.282484 -0.303856   0.59308
 0.282698 -0.303473  0.592646
 0.282912 -0.303094  0.592206
 0.283125 -0.302713   0.59176
 0.283339 -0.302335  0.591309
 0.283552 -0.301955   0.59085
 0.283766 -0.301576  0.590388
  0.28398 -0.301197  0.589915
 0.284194 -0.300818  0.589439
  0.28441 -0.300438  0.588954
 0.284627 -0.300055  0.588463
 0.284846 -0.299671  0.587966
 0.285066 -0.299285  0.587461
 0.285288 -0.298898   0.58695
 0.285512 -0.298508   0.58643
 0.285739 -0.298115  0.585909
 0.285953 -0.297721  0.585348
 0.286169 -0.297343  0.584872
 0.286416 -0.296925  0.584263
  0.28665 -0.296523   0.58371
0.286874 -0.29614 0.583219
 0.287112 -0.295737  0.582652
  0.28733 -0.295345  0.582047
 0.287572 -0.294939  0.581462
0.287831 -0.29453 0.580905
0.288078 -0.29412 0.580314
 0.288326 -0.293711  0.579715
 0.288576 -0.293299  0.579114
0.288826 -0.29289 0.578502
 0.289079 -0.292479  0.577889
 0.289331 -0.292071  0.577265
 0.289584 -0.291664  0.576637
 0.289839 -0.291256  0.576006
 0.290093 -0.290852  0.575368
 0.290348 -0.290448  0.574727
  0.29059 -0.290068  0.574166
 0.290857 -0.289647  0.573433
 0.291111 -0.289252  0.572776
 0.291366 -0.288857  0.572118
 0.291621 -0.288466  0.571455
 0.291875 -0.288078  0.570788
 0.29213 -0.28769 0.570121
 0.292384 -0.287306   0.56945
 0.292641 -0.286923  0.568777
 0.292897 -0.286543  0.568094
 0.293155 -0.286163  0.567416
 0.293413 -0.285787  0.566727
0.293673 -0.28541  0.56604
 0.293935 -0.285035   0.56535
 0.294197 -0.284661  0.564657
 0.294463 -0.284285  0.563964
0.294707 -0.28391 0.563231
 0.294977 -0.283535  0.562536
 0.295289 -0.283145    0.5619
 0.295564 -0.282769  0.561199
0.295842 -0.28239   0.5605
 0.296123 -0.282011  0.559798
0.296407 -0.28163 0.559096
 0.296701 -0.281229  0.558289
 0.296991 -0.280845  0.557587
 0.297282 -0.280461  0.556884
 0.297576 -0.280074  0.556184
 0.297863 -0.279709  0.555582
 0.298161 -0.279321  0.554881
 0.298471 -0.278912  0.554076
 0.298774 -0.278522  0.553375
 0.299079 -0.278133  0.552683
 0.299385 -0.277742  0.551988
 0.299694 -0.277352  0.551296
 0.300004 -0.276961  0.550602
0.300316 -0.27657 0.549912
 0.300629 -0.276178  0.549228
 0.300943 -0.275787  0.548546
  0.30126 -0.275395  0.547868
 0.301577 -0.275004   0.54719
 0.301896 -0.274612  0.546519
 0.302194 -0.274211   0.54581
 0.302534 -0.273828   0.54518
 0.302835 -0.273426  0.544482
 0.303157 -0.273033  0.543824
 0.303479 -0.272639  0.543172
 0.303802 -0.272244  0.542523
 0.304127 -0.271848  0.541882
  0.30445 -0.271451  0.541242
 0.304777 -0.271052  0.540614
 0.305101 -0.270653  0.539983
 0.305428 -0.270252  0.539361
 0.305756 -0.269849  0.538749
 0.306083 -0.269445  0.538138
 0.306412 -0.269037  0.537538
 0.306741 -0.268628  0.536939
 0.307071 -0.268216  0.536354
 0.307401 -0.267803  0.535765
 0.307731 -0.267387  0.535189
 0.308063 -0.266969  0.534618
 0.308442 -0.266517  0.534031
 0.308774 -0.266094  0.533474
 0.309104 -0.265667  0.532923
 0.309436 -0.265239   0.53238
 0.309766 -0.264809   0.53184
 0.310096 -0.264377  0.531314
 0.310423 -0.263945  0.530785
 0.310749 -0.263511   0.53027
 0.311075 -0.263076  0.529761
0.311398 -0.26264 0.529258
 0.311721 -0.262205  0.528764
 0.31204 -0.26177 0.528276
 0.312347 -0.261321  0.527767
 0.312663 -0.260887   0.52729
 0.312945 -0.260494  0.526872
 0.313258 -0.260058  0.526415
 0.313599 -0.259581  0.525919
 0.313906 -0.259147  0.525479
 0.314212 -0.258714  0.525044
0.314516 -0.25828 0.524622
 0.314817 -0.257849  0.524201
 0.315116 -0.257418  0.523791
 0.315413 -0.256988   0.52339
0.315706 -0.25656 0.522995
 0.315999 -0.256133   0.52261
 0.316287 -0.255707  0.522231
 0.316566 -0.255267  0.521837
 0.316857 -0.254824  0.521409
 0.317166 -0.254399  0.521113
 0.317443 -0.253981  0.520764
 0.317717 -0.253567  0.520427
 0.317988 -0.253154  0.520097
 0.318256 -0.252743  0.519774
 0.318521 -0.252336  0.519459
 0.318783 -0.251931   0.51915
 0.319041 -0.251529  0.518851
0.319296 -0.25113 0.518555
 0.319547 -0.250734  0.518267
0.319795 -0.25034 0.517986
 0.320039 -0.249948  0.517711
0.320281 -0.24956 0.517443
 0.320518 -0.249174  0.517178
 0.320753 -0.248791  0.516921
0.320984 -0.24841 0.516666
0.321213 -0.24803 0.516423
 0.321438 -0.247654  0.516174
  0.32166 -0.247278  0.515935
 0.321879 -0.246905  0.515702
 0.322096 -0.246534  0.515471
 0.322309 -0.246165  0.515249
 0.322519 -0.245798  0.515027
 0.322727 -0.245433  0.514815
  0.32293 -0.245071  0.514601
 0.323131 -0.244711  0.514395
 0.323329 -0.244354  0.514195
0.323523   -0.244 0.513998
 0.323715 -0.243648  0.513808
 0.323902 -0.243299  0.513622
 0.324087 -0.242954  0.513444
 0.324268 -0.242613  0.513266
 0.324445 -0.242275  0.513096
  0.32462 -0.241941  0.512931
  0.32479 -0.241612   0.51277
 0.324958 -0.241286  0.512617
 0.325121 -0.240964  0.512466
 0.325282 -0.240646  0.512325
 0.325438 -0.240335  0.512183
 0.325592 -0.240026  0.512054
 0.325738 -0.239752  0.511959
 0.325873 -0.239454  0.511809
 0.326017 -0.239159   0.51169
0.326156 -0.23887 0.511575
 0.326293 -0.238568  0.511453
  0.32643 -0.238277  0.511326
 0.326561 -0.238001  0.511229
 0.326685 -0.237739  0.511147
  0.32681 -0.237471  0.511053
 0.326935 -0.237216  0.510961
 0.327054 -0.236942  0.510863
 0.327168 -0.236696  0.510799
 0.327285 -0.236439  0.510704
 0.327396 -0.236193  0.510634
0.327503 -0.23596 0.510573
 0.327611 -0.235717  0.510492
 0.327715 -0.235502  0.510439
0.327817 -0.23526 0.510365
 0.327916 -0.235053  0.510318
 0.328012 -0.234837   0.51026
 0.328107 -0.234624  0.510208
 0.328199 -0.234416  0.510152
 0.328289 -0.234213  0.510101
 0.328377 -0.233999  0.510041
 0.328463 -0.233805  0.509992
 0.328552 -0.233616  0.509961
 0.328633 -0.233432  0.509915
 0.328712 -0.233253  0.509875
 0.328788 -0.233078  0.509829
0.328862 -0.23291 0.509788
 0.328935 -0.232745  0.509749
 0.329005 -0.232586   0.50971
 0.329073 -0.232432  0.509676
 0.329138 -0.232284  0.509638
0.329202 -0.23214 0.509605
 0.329264 -0.232002  0.509573
 0.329323 -0.231868  0.509536
 0.329382 -0.231728  0.509499
 0.329437 -0.231605  0.509469
 0.329491 -0.231486  0.509447
 0.329548 -0.231373  0.509428
 0.329598 -0.231264  0.509404
 0.329643 -0.231168  0.509385
 0.329691 -0.231065  0.509364
 0.329738 -0.230966  0.509347
 0.329782 -0.230872  0.509327
 0.329826 -0.230781  0.509311
 0.329868 -0.230695  0.509297
 0.329908 -0.230611  0.509284
0.329947 -0.23053 0.509274
 0.329985 -0.230453  0.509263
 0.330022 -0.230378  0.509258
 0.330058 -0.230306  0.509246
 0.330093 -0.230236  0.509239
 0.330128 -0.230168  0.509233
 0.330162 -0.230101  0.509225
 0.330196 -0.230036  0.509221
 0.330229 -0.229972  0.509211
 0.330262 -0.229909  0.509204
 0.330262 -0.229909  0.509204
  0.33031 -0.229808  0.509207
 0.330331 -0.229752  0.509162
 0.330364 -0.229692  0.509154
 0.330397 -0.229632  0.509141
 0.330429 -0.229573  0.509133
 0.330461 -0.229514  0.509118
 0.330492 -0.229461  0.509103
 0.330524 -0.229406  0.509091
0.330555 -0.22935 0.509076
 0.330587 -0.229296  0.509064
 0.330617 -0.229243  0.509048
 0.330648 -0.229191  0.509033
 0.330678 -0.229142   0.50902
 0.330707 -0.229093  0.509005
 0.330736 -0.229046  0.508992
0.330764   -0.229 0.508977
 0.330792 -0.228956  0.508966
 0.330819 -0.228914  0.508949
 0.330845 -0.228873  0.508935
 0.330871 -0.228834  0.508923
 0.330899 -0.228799  0.508915
 0.330924 -0.228763  0.508904
 0.330948 -0.228729  0.508889
 0.330971 -0.228698  0.508881
 0.330993 -0.228667  0.508864
 0.331015 -0.228639  0.508851
0.331039  -0.2286 0.508832
 0.331059 -0.228574  0.508819
 0.33108 -0.22855 0.508809
 0.331101 -0.228526  0.508793
  0.33112 -0.228505   0.50878
  0.33114 -0.228483  0.508767
  0.33116 -0.228463  0.508753
 0.331179 -0.228444  0.508742
 0.331198 -0.228425  0.508726
 0.331218 -0.228407  0.508718
0.331237 -0.22839 0.508699
 0.331256 -0.228373  0.508684
 0.331275 -0.228356  0.508671
 0.331295 -0.228339  0.508655
 0.331315 -0.228322  0.508642
 0.331335 -0.228304  0.508623
