 0.269534 -0.328386  0.605334
 0.269114 -0.326222  0.609755
0.269116 -0.32622 0.609753
 0.269122 -0.326213  0.609745
 0.269133 -0.326202  0.609733
 0.269147 -0.326186  0.609715
 0.269166 -0.326166  0.609692
 0.269189 -0.326142  0.609664
 0.269216 -0.326113  0.609632
0.269248 -0.32608 0.609594
 0.269283 -0.326042  0.609551
0.269323   -0.326 0.609503
 0.269367 -0.325954  0.609449
 0.269415 -0.325903  0.609391
 0.269468 -0.325847  0.609328
 0.269524 -0.325787   0.60926
 0.269585 -0.325723  0.609186
  0.26965 -0.325654  0.609108
 0.269719 -0.325581  0.609025
 0.269792 -0.325504  0.608936
  0.26987 -0.325422  0.608843
 0.269951 -0.325335  0.608744
 0.270037 -0.325244   0.60864
 0.270127 -0.325149  0.608532
 0.270221 -0.325049  0.608418
  0.27032 -0.324945  0.608299
 0.270422 -0.324836  0.608175
 0.270529 -0.324723  0.608046
  0.27064 -0.324606  0.607912
 0.270756 -0.324484  0.607773
 0.270875 -0.324357  0.607629
 0.270999 -0.324226  0.607479
 0.271126 -0.324091  0.607325
 0.271258 -0.323952  0.607166
 0.271394 -0.323807  0.607001
 0.271535 -0.323659  0.606832
 0.271679 -0.323506  0.606657
 0.271828 -0.323349  0.606478
 0.271981 -0.323187  0.606293
 0.272138 -0.323021  0.606104
0.272299 -0.32285 0.605909
 0.272464 -0.322675  0.605709
 0.272634 -0.322495  0.605505
 0.272808 -0.322311  0.605295
 0.272986 -0.322123   0.60508
0.273168 -0.32193  0.60486
 0.273354 -0.321733  0.604635
 0.273545 -0.321531  0.604404
  0.27374 -0.321324  0.604169
 0.273939 -0.321114  0.603929
 0.274142 -0.320899  0.603684
 0.274349 -0.320679  0.603433
 0.274561 -0.320455  0.603178
 0.274776 -0.320227  0.602918
 0.274996 -0.319994  0.602652
  0.27522 -0.319757  0.602381
 0.275448 -0.319516  0.602106
0.275681 -0.31927 0.601825
 0.275917 -0.319019   0.60154
 0.276158 -0.318764  0.601249
 0.276403 -0.318505  0.600953
 0.276652 -0.318241  0.600652
 0.276906 -0.317973  0.600346
0.277163  -0.3177 0.600035
 0.277425 -0.317423  0.599719
 0.277691 -0.317141  0.599397
 0.277961 -0.316855  0.599071
 0.278236 -0.316565   0.59874
0.278514 -0.31627 0.598403
 0.278797 -0.315971  0.598062
 0.279084 -0.315667  0.597716
 0.279375 -0.315359  0.597364
  0.27967 -0.315046  0.597008
 0.279969 -0.314729  0.596646
 0.280273 -0.314408   0.59628
 0.280581 -0.314082  0.595908
 0.280893 -0.313752  0.595531
 0.281209 -0.313417  0.595149
 0.281529 -0.313078  0.594763
 0.281853 -0.312734  0.594371
 0.282182 -0.312386  0.593974
 0.282515 -0.312034  0.593572
 0.282852 -0.311677  0.593165
 0.283193 -0.311316  0.592753
0.283539 -0.31095 0.592336
0.283888 -0.31058 0.591913
 0.284242 -0.310205  0.591486
   0.2846 -0.309826  0.591054
 0.284962 -0.309443  0.590616
 0.285329 -0.309054  0.590173
   0.2857 -0.308662  0.589726
 0.286075 -0.308265  0.589273
 0.286454 -0.307864  0.588816
 0.286837 -0.307459  0.588353
 0.287224 -0.307049  0.587885
 0.287615 -0.306634  0.587413
 0.288011 -0.306215  0.586935
 0.288411 -0.305792  0.586452
 0.288815 -0.305364  0.585964
 0.289223 -0.304932  0.585471
 0.289636 -0.304495  0.584973
 0.290052 -0.304055   0.58447
 0.290468 -0.303614  0.583967
 0.290885 -0.303173  0.583465
 0.291301 -0.302732  0.582962
 0.291717 -0.302291  0.582459
 0.292134 -0.301851  0.581956
 0.29255 -0.30141 0.581454
 0.292965 -0.300971  0.580953
0.293381 -0.30053  0.58045
 0.293797 -0.300089  0.579947
 0.294214 -0.299649  0.579445
  0.29463 -0.299208  0.578942
 0.295047 -0.298767  0.578439
 0.295462 -0.298327  0.577937
 0.295878 -0.297886  0.577434
 0.296295 -0.297445  0.576931
 0.296712 -0.297004  0.576428
 0.297128 -0.296563  0.575925
 0.297544 -0.296122  0.575422
 0.297961 -0.295681  0.574919
 0.298377 -0.295241  0.574417
0.298794  -0.2948 0.573914
  0.29921 -0.294359  0.573411
 0.299626 -0.293918  0.572908
 0.300043 -0.293477  0.572405
 0.300459 -0.293036  0.571902
 0.300875 -0.292596    0.5714
 0.301292 -0.292155  0.570897
 0.301708 -0.291714  0.570394
 0.302125 -0.291273  0.569891
 0.302541 -0.290832  0.569388
 0.302958 -0.290391  0.568885
0.303374 -0.28995 0.568382
 0.303791 -0.289509  0.567879
 0.304207 -0.289069  0.567377
 0.304623 -0.288628  0.566874
  0.30504 -0.288187  0.566371
 0.305456 -0.287746  0.565868
 0.305872 -0.287305  0.565365
 0.306289 -0.286865  0.564862
 0.306704 -0.286424   0.56436
 0.307121 -0.285984  0.563858
 0.307537 -0.285543  0.563355
 0.307954 -0.285102  0.562852
  0.30837 -0.284661  0.562349
0.308787 -0.28422 0.561845
 0.309203 -0.283779  0.561343
  0.30962 -0.283338   0.56084
 0.310036 -0.282897  0.560337
 0.310452 -0.282457  0.559835
 0.310868 -0.282016  0.559332
 0.311285 -0.281575  0.558829
 0.311701 -0.281135  0.558327
 0.312117 -0.280694  0.557824
 0.312533 -0.280253  0.557321
  0.31295 -0.279813  0.556819
 0.313366 -0.279372  0.556316
 0.313782 -0.278931  0.555813
0.314199 -0.27849  0.55531
 0.314615 -0.278049  0.554807
 0.315032 -0.277608  0.554304
 0.315448 -0.277167  0.553801
 0.315865 -0.276726  0.553298
 0.316281 -0.276286  0.552796
 0.316697 -0.275845  0.552293
 0.317114 -0.275404   0.55179
  0.31753 -0.274963  0.551287
 0.317946 -0.274522  0.550784
 0.318363 -0.274082  0.550282
 0.318779 -0.273641  0.549779
 0.319612 -0.272759  0.548773
 0.320028 -0.272319  0.548271
 0.320444 -0.271878  0.547768
 0.320861 -0.271437  0.547265
 0.321278 -0.270996  0.546762
 0.321694 -0.270555  0.546259
  0.32211 -0.270114  0.545756
 0.322526 -0.269674  0.545254
 0.322941 -0.269234  0.544753
 0.323358 -0.268794   0.54425
 0.323774 -0.268353  0.543747
  0.32419 -0.267912  0.543245
 0.324606 -0.267471  0.542742
 0.325023 -0.267031  0.542239
0.325439 -0.26659 0.541736
 0.325855 -0.266149  0.541233
 0.326272 -0.265708  0.540731
 0.326688 -0.265267  0.540228
 0.327105 -0.264827  0.539725
 0.327521 -0.264386  0.539222
 0.327938 -0.263945  0.538719
 0.328354 -0.263504  0.538216
 0.328772 -0.263061  0.537711
0.329189 -0.26262 0.537208
0.329605 -0.26218 0.536706
 0.330021 -0.261739  0.536203
 0.330438 -0.261298    0.5357
 0.330854 -0.260857  0.535197
  0.33127 -0.260416  0.534694
 0.331687 -0.259976  0.534192
 0.332103 -0.259535  0.533689
 0.332519 -0.259094  0.533186
 0.332936 -0.258653  0.532683
 0.333352 -0.258213  0.532181
 0.333768 -0.257772  0.531678
 0.334185 -0.257331  0.531175
 0.334602 -0.256889  0.530671
 0.335018 -0.256448  0.530168
 0.335435 -0.256008  0.529665
 0.335851 -0.255567  0.529163
 0.336267 -0.255126   0.52866
 0.336684 -0.254685  0.528157
   0.3371 -0.254244  0.527654
 0.337515 -0.253805  0.527153
 0.337932 -0.253364   0.52665
 0.338348 -0.252923  0.526147
 0.338765 -0.252482  0.525644
 0.339181 -0.252041  0.525141
 0.339596 -0.251601   0.52464
 0.340008 -0.251166  0.524143
 0.340413 -0.250737  0.523653
0.340816 -0.25031 0.523167
 0.341215 -0.249888  0.522685
0.341609 -0.24947 0.522209
 0.341999 -0.249057  0.521738
 0.342386 -0.248648  0.521271
 0.342768 -0.248243  0.520809
 0.343147 -0.247843  0.520352
 0.343521 -0.247447  0.519901
 0.343891 -0.247055  0.519454
 0.344256 -0.246668  0.519013
 0.344619 -0.246284  0.518575
 0.344976 -0.245907  0.518144
 0.345328 -0.245533  0.517718
 0.345676 -0.245164  0.517297
0.346021  -0.2448 0.516882
0.346361 -0.24444 0.516471
 0.346696 -0.244085  0.516066
 0.347028 -0.243733  0.515665
 0.347356 -0.243387  0.515269
 0.347678 -0.243046   0.51488
 0.347997 -0.242707  0.514495
 0.348312 -0.242374  0.514114
 0.348623 -0.242045  0.513739
 0.348929 -0.241721   0.51337
 0.349231 -0.241401  0.513004
  0.34953 -0.241085  0.512644
 0.349824 -0.240774  0.512289
 0.350114 -0.240466  0.511938
   0.3504 -0.240164  0.511593
 0.350681 -0.239866  0.511254
 0.350959 -0.239572  0.510918
 0.351232 -0.239283  0.510588
 0.351501 -0.238998  0.510263
 0.351766 -0.238718  0.509944
 0.352026 -0.238442  0.509629
0.352283 -0.23817 0.509319
 0.352535 -0.237903  0.509015
 0.352783 -0.237641  0.508715
 0.353027 -0.237383  0.508421
 0.353266 -0.237129  0.508132
0.353502 -0.23688 0.507847
 0.353733 -0.236635  0.507568
  0.35396 -0.236395  0.507294
 0.354183 -0.236158  0.507025
 0.354402 -0.235927   0.50676
0.354616  -0.2357 0.506501
 0.354826 -0.235477  0.506248
 0.355033 -0.235259  0.505999
 0.355235 -0.235045  0.505755
 0.355432 -0.234836  0.505516
 0.355626 -0.234631  0.505282
0.355815 -0.23443 0.505053
    0.356 -0.234234   0.50483
 0.356181 -0.234043  0.504611
 0.356358 -0.233856  0.504398
 0.356531 -0.233673   0.50419
 0.356699 -0.233495  0.503986
 0.356863 -0.233321  0.503788
 0.357023 -0.233152  0.503595
 0.357179 -0.232986  0.503407
 0.357331 -0.232826  0.503224
0.357478 -0.23267 0.503045
 0.357621 -0.232518  0.502872
 0.357761 -0.232371  0.502704
 0.357895 -0.232228  0.502542
0.358026 -0.23209 0.502384
 0.358153 -0.231956  0.502231
 0.358275 -0.231826  0.502083
 0.358393 -0.231701  0.501941
 0.358507 -0.231581  0.501803
 0.358616 -0.231465  0.501671
 0.358722 -0.231353  0.501543
 0.358823 -0.231246  0.501421
  0.35892 -0.231143  0.501304
 0.359013 -0.231044  0.501191
0.359102 -0.23095 0.501084
 0.359187 -0.230861  0.500982
 0.359267 -0.230776  0.500885
 0.359344 -0.230695  0.500793
 0.359416 -0.230618  0.500705
 0.359484 -0.230546  0.500623
 0.359548 -0.230479  0.500546
 0.359607 -0.230416  0.500474
 0.359663 -0.230357  0.500407
 0.359714 -0.230303  0.500346
 0.359761 -0.230253  0.500289
 0.359803 -0.230208  0.500238
 0.359842 -0.230168  0.500191
 0.359876 -0.230131   0.50015
 0.359906 -0.230099  0.500113
 0.359932 -0.230072  0.500082
 0.359954 -0.230049  0.500056
0.359971 -0.23003 0.500035
 0.359985 -0.230016  0.500018
 0.359994 -0.230006  0.500007
 0.359999 -0.230001  0.500001
 0.36 -0.23   0.5
 0.36 -0.23   0.5
 0.36 -0.23   0.5
 0.36 -0.23   0.5
 0.36 -0.23   0.5
 0.36 -0.23   0.5
 0.36 -0.23   0.5
 0.36 -0.23   0.5
 0.36 -0.23   0.5
 0.36 -0.23   0.5
 0.36 -0.23   0.5
 0.36 -0.23   0.5
 0.36 -0.23   0.5
 0.36 -0.23   0.5
 0.36 -0.23   0.5
 0.36 -0.23   0.5
 0.36 -0.23   0.5
 0.36 -0.23   0.5
 0.36 -0.23   0.5
 0.36 -0.23   0.5
 0.36 -0.23   0.5
 0.36 -0.23   0.5
 0.36 -0.23   0.5
 0.36 -0.23   0.5
 0.36 -0.23   0.5
 0.36 -0.23   0.5
 0.36 -0.23   0.5
 0.36 -0.23   0.5
 0.36 -0.23   0.5
 0.36 -0.23   0.5
 0.36 -0.23   0.5
 0.36 -0.23   0.5
 0.36 -0.23   0.5
 0.36 -0.23   0.5
 0.36 -0.23   0.5
 0.36 -0.23   0.5
 0.36 -0.23   0.5
 0.36 -0.23   0.5
 0.36 -0.23   0.5
 0.36 -0.23   0.5
 0.36 -0.23   0.5
 0.36 -0.23   0.5
 0.36 -0.23   0.5
 0.36 -0.23   0.5
 0.36 -0.23   0.5
 0.36 -0.23   0.5
 0.36 -0.23   0.5
 0.36 -0.23   0.5
 0.36 -0.23   0.5
 0.36 -0.23   0.5
 0.36 -0.23   0.5
 0.36 -0.23   0.5
 0.36 -0.23   0.5
 0.36 -0.23   0.5
 0.36 -0.23   0.5
 0.36 -0.23   0.5
 0.36 -0.23   0.5
 0.36 -0.23   0.5
 0.36 -0.23   0.5
 0.36 -0.23   0.5
 0.36 -0.23   0.5
 0.36 -0.23   0.5
 0.36 -0.23   0.5
 0.36 -0.23   0.5
 0.36 -0.23   0.5
 0.36 -0.23   0.5
 0.36 -0.23   0.5
 0.36 -0.23   0.5
 0.36 -0.23   0.5
 0.36 -0.23   0.5
 0.36 -0.23   0.5
 0.36 -0.23   0.5
 0.36 -0.23   0.5
