0.0163922 -0.105381  0.508647
0.0163966 -0.105382  0.508648
0.0163998 -0.105384  0.508648
0.0164015 -0.105386  0.508648
0.0164022 -0.105387  0.508648
0.0164024  -0.10539  0.508647
0.0163998 -0.105388  0.508648
0.0163971 -0.105389  0.508647
0.0163934 -0.105388  0.508647
0.0163888  -0.10539  0.508647
0.0163845  -0.10539  0.508646
0.0163777 -0.105388  0.508646
0.0163709 -0.105386  0.508646
0.0163628  -0.10538  0.508647
0.0163545 -0.105377  0.508647
0.0163453 -0.105376  0.508646
 0.016335 -0.105374  0.508646
0.0163251 -0.105369  0.508646
0.0163125 -0.105365  0.508646
0.0163009 -0.105359  0.508646
0.0162873 -0.105352  0.508646
0.0162726 -0.105346  0.508646
0.0162564 -0.105336  0.508646
0.0162382 -0.105329  0.508645
  0.01622 -0.105315  0.508646
0.0161994 -0.105301  0.508646
 0.016177 -0.105287  0.508645
0.0161527  -0.10527  0.508645
0.0161269 -0.105253  0.508645
0.0160984 -0.105232  0.508644
0.0160676 -0.105211  0.508644
0.0160343 -0.105185  0.508644
0.0159985 -0.105159  0.508643
  0.01596 -0.105129  0.508642
0.0159187 -0.105099  0.508642
0.0158744 -0.105063  0.508641
0.0158203 -0.105026  0.508639
0.0157695 -0.104985  0.508638
0.0157155 -0.104944  0.508637
0.0156585 -0.104898  0.508636
0.0155979  -0.10485  0.508634
0.0155341 -0.104799  0.508632
0.0154669 -0.104746   0.50863
0.0153962 -0.104689  0.508628
0.0153221  -0.10463  0.508626
0.0152446 -0.104567  0.508623
0.0151636 -0.104501  0.508621
 0.015079 -0.104434  0.508618
 0.014991 -0.104362  0.508615
0.0148994 -0.104289  0.508611
0.0148042 -0.104212  0.508607
0.0147055 -0.104133  0.508603
0.0146031  -0.10405  0.508599
0.0144994 -0.103965  0.508594
0.0143898 -0.103878  0.508589
0.0142765 -0.103786  0.508584
0.0141594 -0.103693  0.508579
0.0140386 -0.103596  0.508574
0.0139141 -0.103495  0.508568
0.0137858 -0.103393  0.508562
0.0136537 -0.103286  0.508555
0.0135177 -0.103179  0.508548
0.0133809 -0.103071  0.508542
0.0132374 -0.102955  0.508535
0.0130683 -0.102815  0.508526
0.0129174 -0.102694  0.508518
0.0127606  -0.10257  0.508509
0.0126021 -0.102442    0.5085
0.0124378 -0.102312   0.50849
0.0122722 -0.102178   0.50848
0.0121004 -0.102044  0.508469
 0.011927 -0.101903  0.508458
0.0117478 -0.101763  0.508445
0.0115669 -0.101616  0.508433
0.0113803 -0.101469   0.50842
0.0111921 -0.101318  0.508406
0.0109983 -0.101164  0.508392
0.0108031 -0.101006  0.508377
0.0106026 -0.100849   0.50836
 0.010401 -0.100685  0.508344
0.0101944 -0.100521  0.508327
0.0100105 -0.100379  0.508308
0.0097999 -0.100211  0.508289
0.00958683   -0.10004    0.50827
0.00937135 -0.0998666    0.50825
0.00915745 -0.0996993    0.50823
0.00893744 -0.0995221   0.508209
0.00871557 -0.0993436   0.508187
0.00849208 -0.0991656   0.508164
0.00826736  -0.098984   0.508141
0.00801134 -0.0987708   0.508116
0.00778479 -0.0985877   0.508092
0.00755777 -0.0984044   0.508068
0.00733028 -0.0982225   0.508043
0.00710341 -0.0980389   0.508019
0.00687668 -0.0978554   0.507995
0.00665075 -0.0976725    0.50797
0.00642583 -0.0974926   0.507945
0.00620216 -0.0973118    0.50792
0.00598287 -0.0971358   0.507894
0.00576221 -0.0969599    0.50787
0.00554326 -0.0967832   0.507846
  0.005326 -0.0966086   0.507823
0.00511067 -0.0964352     0.5078
0.00489744 -0.0962659   0.507777
0.00468626 -0.0960962   0.507755
0.00447735 -0.0959287   0.507734
0.00427239 -0.0957678   0.507714
0.00406804 -0.0956063   0.507693
0.00386605 -0.0954444   0.507673
0.00366657 -0.0952849   0.507654
0.00346961 -0.0951277   0.507635
0.00327521 -0.0949724   0.507617
0.00308345 -0.0948214   0.507599
0.00289433 -0.0946706   0.507582
0.00270781  -0.094522   0.507565
0.00250365 -0.0943593   0.507546
0.00232306 -0.0942158   0.507531
0.00214512 -0.0940737   0.507516
0.00197004 -0.0939343   0.507502
0.00179785 -0.0937994   0.507488
0.00162854 -0.0936646   0.507475
0.00146216 -0.0935326   0.507462
0.00129875 -0.0934026    0.50745
0.00113868  -0.093277   0.507439
0.000980953  -0.0931535    0.507427
0.000826204  -0.0930304    0.507417
0.000674505  -0.0929095    0.507407
0.000525564  -0.0927912    0.507397
0.000379521  -0.0926748    0.507389
0.000236468  -0.0925632     0.50738
9.63993e-05  -0.0924511    0.507372
-4.13653e-05   -0.0923449     0.507365
-0.000175469   -0.0922381     0.507358
-0.000306573   -0.0921333     0.507352
-0.000434573    -0.092031     0.507346
-0.000559463   -0.0919331      0.50734
-0.00068113  -0.0918357    0.507335
-0.000799561   -0.0917409     0.507331
-0.000914705    -0.091649     0.507327
-0.0010265 -0.0915593   0.507324
-0.00113502  -0.0914722    0.507321
-0.0012491 -0.0913743    0.50732
-0.00135064  -0.0912932    0.507318
-0.00144045  -0.0912313    0.507316
-0.00153637  -0.0911555    0.507316
-0.00163502  -0.0910674    0.507317
-0.00172324  -0.0909966    0.507318
-0.00180828  -0.0909288    0.507319
-0.00189034  -0.0908628    0.507321
-0.00196907  -0.0907994    0.507323
-0.00204467  -0.0907385    0.507326
-0.00211728  -0.0906821    0.507328
-0.00218703  -0.0906254    0.507332
-0.00225404  -0.0905711    0.507335
-0.0023182 -0.0905192   0.507339
-0.00237984  -0.0904687    0.507343
-0.00243902  -0.0904202    0.507348
-0.0024977 -0.0903744   0.507352
-0.00255218  -0.0903314    0.507356
-0.00260449  -0.0902878     0.50736
-0.00265475  -0.0902456    0.507365
-0.00270305  -0.0902049    0.507369
-0.00274953  -0.0901653    0.507374
-0.00279426  -0.0901269    0.507378
-0.00283732  -0.0900897    0.507382
-0.00287884  -0.0900557    0.507385
-0.00291888  -0.0900202    0.507389
-0.0029575 -0.0899857   0.507392
-0.00299477  -0.0899525    0.507396
-0.00303079  -0.0899195    0.507398
-0.00306563  -0.0898872    0.507401
-0.00309926  -0.0898559    0.507403
-0.00313184  -0.0898274    0.507405
-0.00316333  -0.0897972    0.507407
-0.00319377  -0.0897675    0.507408
-0.00322318  -0.0897389    0.507409
-0.00325158  -0.0897104     0.50741
 -0.003279 -0.0896825    0.50741
-0.00330544  -0.0896553     0.50741
-0.00333099  -0.0896307     0.50741
-0.00335553  -0.0896044     0.50741
-0.00337911  -0.0895788    0.507409
-0.00340236  -0.0895553    0.507408
-0.00342401  -0.0895305    0.507407
-0.0034447 -0.0895066   0.507406
-0.00346443  -0.0894833    0.507404
-0.00348323  -0.0894629    0.507402
-0.00350091  -0.0894407    0.507401
-0.00351772  -0.0894192    0.507398
-0.00353359  -0.0894006    0.507396
-0.00354845  -0.0893803    0.507394
-0.00356366  -0.0893609    0.507392
-0.00357653  -0.0893419    0.507389
-0.00358845  -0.0893237    0.507387
-0.00359934  -0.0893058    0.507384
-0.00360933  -0.0892885    0.507381
-0.00361837  -0.0892743    0.507378
-0.00362654   -0.089258    0.507375
-0.00363383  -0.0892425    0.507372
-0.0036403 -0.0892276   0.507369
-0.00364597  -0.0892136    0.507366
-0.00365109  -0.0892006    0.507362
-0.00365531  -0.0891872    0.507359
-0.00365886  -0.0891768    0.507355
-0.00366171  -0.0891642    0.507351
-0.00366408  -0.0891523    0.507347
-0.00366613  -0.0891328    0.507344
-0.00366741  -0.0891241    0.507339
-0.00366822  -0.0891132    0.507335
-0.00366856  -0.0891027     0.50733
-0.00366848  -0.0890928    0.507326
-0.00366804  -0.0890828    0.507321
-0.00366721  -0.0890732    0.507316
-0.00366605  -0.0890665     0.50731
-0.0036646 -0.0890571   0.507305
-0.00366287  -0.0890482    0.507299
-0.00366086  -0.0890395    0.507293
-0.00365861  -0.0890312    0.507287
-0.00365615  -0.0890228    0.507281
-0.00365292  -0.0890156    0.507274
-0.00365005  -0.0890101    0.507267
-0.00364698  -0.0890018     0.50726
-0.00364405  -0.0889941    0.507253
-0.00364029  -0.0889867    0.507246
-0.00363668  -0.0889787    0.507239
-0.00363322  -0.0889712    0.507231
-0.00362923  -0.0889637    0.507224
-0.0036251 -0.0889586   0.507216
-0.00362075  -0.0889512    0.507208
-0.00361619  -0.0889439      0.5072
-0.00361131   -0.088941    0.507191
-0.00360629  -0.0889338    0.507183
-0.00360103  -0.0889267    0.507175
-0.00359545  -0.0889202    0.507166
-0.00358959  -0.0889133    0.507158
-0.00358345  -0.0889066     0.50715
-0.00357702  -0.0889026    0.507141
-0.00357028  -0.0888962    0.507132
-0.00356249  -0.0888908    0.507124
-0.0035551 -0.0888848   0.507115
-0.00354747  -0.0888791    0.507107
-0.00353953  -0.0888734    0.507098
-0.00353127  -0.0888706    0.507089
-0.00352308  -0.0888651     0.50708
-0.00351398  -0.0888599    0.507072
-0.00350519  -0.0888552    0.507063
-0.00349587  -0.0888508    0.507054
-0.00348601   -0.088841    0.507046
-0.0034773 -0.0888414   0.507037
-0.00346733  -0.0888398    0.507028
-0.00345716  -0.0888358     0.50702
-0.00344569  -0.0888254    0.507012
-0.00343501  -0.0888245    0.507003
-0.00342435  -0.0888212    0.506994
-0.00341362   -0.088818    0.506986
-0.00340277  -0.0888153    0.506977
-0.00339185  -0.0888125    0.506968
-0.00338091    -0.08881    0.506959
-0.00336991    -0.08881     0.50695
-0.00335898  -0.0888077    0.506941
-0.00334737  -0.0888067    0.506932
-0.00333652  -0.0888049    0.506923
-0.0033257 -0.0888031   0.506915
-0.00331503  -0.0888014    0.506906
-0.00330442  -0.0888022    0.506896
-0.00329385  -0.0888006    0.506888
-0.00328355  -0.0887998    0.506878
-0.00327298   -0.088798     0.50687
-0.00326267  -0.0887966    0.506861
-0.00325242   -0.088798    0.506851
-0.00324227  -0.0887964    0.506842
-0.0032322 -0.0887951   0.506833
-0.00322219  -0.0887942    0.506824
-0.00321302  -0.0887925    0.506814
-0.00320311  -0.0887913    0.506805
-0.00319329  -0.0887925    0.506796
-0.00318264  -0.0887935    0.506786
-0.00317287  -0.0887923    0.506777
-0.00316386  -0.0887881     0.50677
-0.00315342  -0.0887879     0.50676
-0.00314362  -0.0887868    0.506751
-0.00313384  -0.0887881    0.506742
-0.00312416  -0.0887869    0.506733
-0.00311501  -0.0887859    0.506724
-0.0031053 -0.0887847   0.506716
-0.0030956 -0.0887839   0.506707
-0.00308496  -0.0887883    0.506697
-0.00307524  -0.0887874    0.506688
-0.00306551  -0.0887867     0.50668
-0.00305581  -0.0887886    0.506671
-0.00304611   -0.088788    0.506663
-0.0030359 -0.0887888   0.506654
-0.00302621  -0.0887887    0.506646
-0.00301656  -0.0887883    0.506637
-0.00300697  -0.0887907    0.506629
-0.00299745  -0.0887905    0.506621
-0.00298805  -0.0887905    0.506613
-0.00297924  -0.0887905    0.506605
-0.00296943   -0.088791    0.506597
-0.00296022  -0.0887939    0.506589
-0.00295162  -0.0887935    0.506581
-0.00294261  -0.0887939    0.506573
-0.00293366  -0.0887948    0.506565
-0.00292488  -0.0887951    0.506558
-0.0029162 -0.0887956    0.50655
-0.00290763  -0.0887987    0.506542
-0.0028992 -0.0887993   0.506535
-0.00289091     -0.0888    0.506528
-0.00288225  -0.0888014     0.50652
-0.00287428  -0.0888021    0.506513
-0.00286702  -0.0888052    0.506506
-0.00285937   -0.088806    0.506498
-0.00285136  -0.0888072    0.506492
-0.00284454  -0.0888082    0.506484
-0.0028373 -0.0888092   0.506478
-0.00283029  -0.0888129     0.50647
-0.00282337  -0.0888139    0.506463
-0.00281643  -0.0888156    0.506457
  -0.00281 -0.0888168    0.50645
-0.00280353  -0.0888179    0.506444
-0.00279844   -0.088819    0.506438
-0.00279162  -0.0888247    0.506431
-0.00278467   -0.088819    0.506426
-0.00277857  -0.0888205    0.506419
-0.00277316  -0.0888244    0.506413
-0.00276735   -0.088826    0.506407
-0.00276136  -0.0888283    0.506401
-0.00274788  -0.0888204     0.50639
-0.00274235  -0.0888225    0.506384
-0.00273688  -0.0888244    0.506379
-0.00273196  -0.0888289    0.506373
-0.00272647   -0.088831    0.506367
-0.00272104  -0.0888335    0.506362
-0.00271466   -0.088832    0.506358
-0.0027091 -0.0888361   0.506353
-0.00270383  -0.0888396    0.506348
-0.00269863  -0.0888425    0.506343
-0.00269357  -0.0888459    0.506339
-0.00268866  -0.0888519    0.506334
-0.00267226  -0.0888592    0.506329
-0.00267961  -0.0888579    0.506326
-0.00267531   -0.088862    0.506322
-0.00267128  -0.0888659    0.506318
-0.00267407   -0.088886    0.506316
-0.0026639 -0.0888775   0.506309
-0.00266079  -0.0888813    0.506305
-0.00265815  -0.0888855    0.506301
-0.00265585  -0.0888891    0.506297
-0.00265383  -0.0888927    0.506293
-0.00265213  -0.0888987    0.506289
-0.00265072   -0.088902    0.506285
-0.0026496 -0.0889055   0.506282
-0.00264877  -0.0889085    0.506278
-0.00264816  -0.0889113    0.506274
-0.00264865  -0.0889166     0.50627
-0.00264851  -0.0889191    0.506267
-0.00264858   -0.088922    0.506263
-0.00264876  -0.0889239     0.50626
-0.00265317  -0.0889441    0.506258
-0.00264957  -0.0889305    0.506253
-0.00265013  -0.0889321     0.50625
-0.00265489  -0.0889526    0.506248
-0.00265163  -0.0889355    0.506244
-0.00265656  -0.0889561    0.506242
-0.00265728  -0.0889581    0.506239
-0.00265367  -0.0889436    0.506233
-0.00265471  -0.0889446    0.506231
-0.00266008   -0.088967    0.506229
-0.0026567   -0.08895   0.506225
-0.00265764  -0.0889507    0.506222
-0.00266341  -0.0889721    0.506221
-0.00265954  -0.0889522    0.506217
-0.00266035  -0.0889552    0.506214
-0.00266118  -0.0889557    0.506212
-0.00266187  -0.0889563     0.50621
-0.00266249  -0.0889573    0.506208
-0.00266467  -0.0889582    0.506206
-0.00266431  -0.0889618    0.506203
-0.00266468  -0.0889625    0.506202
-0.00266498  -0.0889635      0.5062
-0.00266524  -0.0889653    0.506198
-0.00266544  -0.0889663    0.506197
-0.00266568  -0.0889678    0.506195
-0.00266593  -0.0889719    0.506193
-0.00266617  -0.0889735    0.506192
-0.00266651  -0.0889754    0.506191
-0.00266687  -0.0889776    0.506189
-0.00266737  -0.0889795    0.506188
-0.00266798  -0.0889842    0.506186
-0.00266869  -0.0889862    0.506185
-0.00267085  -0.0889922    0.506184
-0.00267649  -0.0890095    0.506183
-0.00267744  -0.0890133    0.506182
-0.00267792  -0.0890099    0.506181
-0.0026799 -0.0890159   0.506179
-0.00268146  -0.0890204    0.506178
-0.00267768  -0.0890025    0.506177
-0.0026798 -0.0890043   0.506175
-0.00268209  -0.0890068    0.506174
-0.00268449  -0.0890105    0.506172
-0.00268647  -0.0890038    0.506172
 -0.002689 -0.0890047   0.506171
-0.00269644  -0.0890257    0.506169
-0.00269415  -0.0890087    0.506168
-0.00269679  -0.0890094    0.506167
-0.00269942  -0.0890103    0.506166
-0.00270193  -0.0890111    0.506165
-0.0027093  -0.089032   0.506163
-0.00271174  -0.0890326    0.506162
-0.00271409  -0.0890357    0.506161
-0.00271117  -0.0890165     0.50616
-0.00271334   -0.089017    0.506159
-0.00271543  -0.0890176    0.506158
-0.00271839  -0.0890213    0.506157
-0.00272027  -0.0890219    0.506156
-0.00272201  -0.0890227    0.506156
-0.00272268  -0.0890233    0.506155
-0.00272423  -0.0890241    0.506154
-0.00272674  -0.0890256    0.506153
-0.00272814  -0.0890292    0.506152
-0.00272948  -0.0890303    0.506152
-0.00273078   -0.089032    0.506151
 -0.002732 -0.0890331   0.506151
-0.00273298  -0.0890358     0.50615
-0.00273416    -0.08904    0.506149
-0.0027353 -0.0890414   0.506148
-0.00273647   -0.089043    0.506148
-0.00273765   -0.089045    0.506147
-0.00273889  -0.0890465    0.506147
-0.00273958  -0.0890519    0.506145
-0.00274693   -0.089072    0.506144
-0.00274828  -0.0890738    0.506143
-0.0027439 -0.0890597   0.506143
-0.00274557  -0.0890607    0.506143
-0.00274734  -0.0890618    0.506142
-0.00275569   -0.089082     0.50614
-0.00275218  -0.0890642     0.50614
-0.00275415  -0.0890648     0.50614
-0.00275626  -0.0890678    0.506139
-0.00275839  -0.0890681    0.506138
-0.00276057  -0.0890683    0.506137
-0.00276275  -0.0890687    0.506136
-0.00276499  -0.0890686    0.506136
-0.00277183   -0.089088    0.506134
-0.00277399  -0.0890878    0.506133
-0.00277614  -0.0890901    0.506132
-0.00277383  -0.0890702    0.506132
-0.00277607  -0.0890701    0.506131
-0.00277831  -0.0890695    0.506131
-0.00278045  -0.0890717    0.506129
-0.00278236  -0.0890711    0.506129
-0.00278436  -0.0890706    0.506128
-0.00278617  -0.0890716    0.506127
-0.00278801  -0.0890708    0.506126
-0.00278979  -0.0890704    0.506126
-0.00279101  -0.0890651    0.506126
-0.00279257  -0.0890648    0.506125
-0.00279408  -0.0890648    0.506124
-0.00279545  -0.0890673    0.506123
-0.00279674  -0.0890674    0.506123
-0.00279794  -0.0890677    0.506122
-0.00280402  -0.0890859     0.50612
-0.00280604  -0.0890873     0.50612
-0.00280202  -0.0890705    0.506121
-0.00280305  -0.0890738     0.50612
-0.00280908  -0.0890916    0.506118
-0.0028052 -0.0890754   0.506119
-0.00280624  -0.0890765    0.506118
-0.00280748  -0.0890774    0.506118
-0.0028087 -0.0890784   0.506117
-0.00280992  -0.0890819    0.506116
-0.00281122  -0.0890829    0.506116
-0.00281215  -0.0890851    0.506115
-0.00281356  -0.0890864    0.506114
-0.00281504  -0.0890873    0.506114
-0.00281652  -0.0890884    0.506113
-0.00281807  -0.0890918    0.506112
-0.00281964  -0.0890927    0.506112
-0.00282128  -0.0890941    0.506111
-0.00282293  -0.0890946    0.506111
-0.00282458  -0.0890953     0.50611
-0.00282626  -0.0890987    0.506109
-0.00283155  -0.0891148    0.506107
-0.00282964  -0.0890994    0.506108
-0.00283098  -0.0891042    0.506106
-0.00283276  -0.0891042    0.506106
-0.00283453  -0.0891043    0.506105
-0.00283623  -0.0891048    0.506104
-0.00283793  -0.0891044    0.506104
-0.00283955  -0.0891041    0.506103
-0.00284111  -0.0891067    0.506102
-0.00284363  -0.0891065    0.506101
-0.00284508   -0.089106    0.506101
-0.0028497  -0.089122   0.506098
-0.00285104   -0.089122    0.506098
-0.00284887  -0.0891048    0.506098
-0.00284982  -0.0891075    0.506097
-0.00285136  -0.0891059    0.506097
-0.00285229  -0.0891058    0.506096
-0.00285341  -0.0891056    0.506095
-0.00285451  -0.0891046    0.506094
-0.00285556  -0.0891039    0.506094
-0.0028566 -0.0891058   0.506093
-0.00286112  -0.0891213     0.50609
-0.00285861  -0.0891045    0.506091
-0.0028596 -0.0891044    0.50609
-0.00286061  -0.0891037     0.50609
-0.0028613 -0.0890983    0.50609
-0.00286229  -0.0890983    0.506089
-0.00286331  -0.0890979    0.506089
-0.00286432  -0.0890977    0.506088
-0.00286528  -0.0891005    0.506087
-0.0028663 -0.0891004   0.506086
-0.00286729  -0.0891005    0.506086
-0.0028693 -0.0891017   0.506085
-0.00286939  -0.0891014    0.506085
-0.00287142  -0.0891022    0.506084
-0.00287251  -0.0891054    0.506083
-0.0028736 -0.0891058   0.506083
-0.00287473  -0.0891064    0.506082
-0.00287584  -0.0891075    0.506082
-0.00287699   -0.089108    0.506081
-0.00287815  -0.0891088    0.506081
-0.00287931  -0.0891096     0.50608
-0.00288052  -0.0891128    0.506079
-0.00288076  -0.0891131    0.506079
-0.00288525  -0.0891263    0.506076
-0.00288643   -0.089127    0.506076
-0.00288542  -0.0891156    0.506077
-0.00288662  -0.0891163    0.506076
-0.00288787  -0.0891195    0.506075
-0.00288947  -0.0891193    0.506075
-0.00289083  -0.0891195    0.506074
-0.00289203  -0.0891202    0.506074
-0.00289297  -0.0891208    0.506073
-0.0028962 -0.0891335    0.50607
-0.00289561  -0.0891233    0.506071
-0.00289688  -0.0891231    0.506071
-0.0028982 -0.0891228    0.50607
-0.00289947  -0.0891227    0.506069
-0.00290074  -0.0891222    0.506069
-0.00290388  -0.0891348    0.506066
-0.00290309   -0.089124    0.506067
-0.0029042 -0.0891234   0.506067
-0.0029053 -0.0891228   0.506066
-0.0029062 -0.0891268   0.506065
-0.00290727  -0.0891262    0.506064
-0.00290825  -0.0891256    0.506063
-0.00290924  -0.0891256    0.506063
-0.00291018  -0.0891247    0.506062
 -0.002912 -0.0891244   0.506062
-0.00291285  -0.0891265    0.506061
-0.00291563  -0.0891389    0.506058
-0.00291603  -0.0891385    0.506058
-0.0029168 -0.0891379   0.506057
-0.00291758  -0.0891374    0.506057
-0.0029184  -0.089137   0.506056
-0.0029193 -0.0891363   0.506056
-0.00292024  -0.0891356    0.506055
-0.00291942  -0.0891247    0.506056
-0.00292061  -0.0891239    0.506056
-0.00292184  -0.0891237    0.506055
-0.00292315  -0.0891228    0.506055
-0.00292431  -0.0891174    0.506055
-0.00292568   -0.089117    0.506054
-0.00292706  -0.0891162    0.506054
-0.00292839  -0.0891157    0.506053
-0.00292972  -0.0891178    0.506053
-0.00293097  -0.0891172    0.506052
-0.0029322 -0.0891169   0.506052
-0.00293333  -0.0891172    0.506051
-0.00293527  -0.0891172    0.506051
-0.0029375  -0.089128   0.506048
 -0.002937 -0.0891175    0.50605
-0.00293746  -0.0891205    0.506049
-0.00293831  -0.0891207    0.506049
-0.00294066  -0.0891309    0.506047
-0.00294149  -0.0891312    0.506046
-0.00294085   -0.089122    0.506048
-0.00294173  -0.0891225    0.506048
-0.00294264  -0.0891255    0.506047
-0.0029436 -0.0891258   0.506047
-0.00294456  -0.0891261    0.506047
-0.00294673   -0.089136    0.506044
-0.00294646  -0.0891272    0.506046
-0.00294741  -0.0891275    0.506046
-0.00294843  -0.0891305    0.506045
-0.00294943  -0.0891306    0.506045
-0.00295042  -0.0891309    0.506045
-0.00295134  -0.0891361    0.506043
-0.00295334  -0.0891459    0.506041
-0.00295331  -0.0891359    0.506043
-0.00295426  -0.0891359    0.506043
-0.00295526   -0.089136    0.506042
-0.0029562 -0.0891357   0.506042
-0.00295718  -0.0891354    0.506041
-0.00295814  -0.0891375    0.506041
-0.0029599 -0.0891373    0.50604
-0.00296066  -0.0891369     0.50604
-0.00296153  -0.0891367     0.50604
-0.00296242  -0.0891359    0.506039
-0.00296375  -0.0891458    0.506036
-0.00296365  -0.0891374    0.506038
-0.0029645 -0.0891364   0.506037
-0.00296535  -0.0891355    0.506037
-0.00296624  -0.0891348    0.506037
-0.00296709  -0.0891342    0.506036
-0.00296797  -0.0891333    0.506036
-0.00296882  -0.0891325    0.506036
-0.00296965  -0.0891341    0.506035
-0.00297217  -0.0891312    0.506035
-0.00297122  -0.0891261    0.506035
-0.00297207  -0.0891279    0.506034
-0.0029729 -0.0891271   0.506034
-0.00297367  -0.0891265    0.506034
-0.0029751 -0.0891355   0.506031
-0.00297521  -0.0891257    0.506033
-0.00297596  -0.0891253    0.506033
-0.00297669  -0.0891251    0.506033
-0.00297746  -0.0891273    0.506032
-0.00297822  -0.0891271    0.506032
-0.00297896  -0.0891271    0.506031
-0.00297973  -0.0891274    0.506031
-0.00298046  -0.0891274    0.506031
-0.00298123  -0.0891275    0.506031
-0.00298198  -0.0891304     0.50603
-0.00298354  -0.0891307     0.50603
-0.00298367  -0.0891313    0.506029
-0.0029849 -0.0891319   0.506029
-0.00298569  -0.0891319    0.506029
-0.00298663  -0.0891318    0.506029
-0.00298676  -0.0891325    0.506028
-0.00298756  -0.0891353    0.506028
-0.00298834  -0.0891354    0.506027
-0.00298916  -0.0891356    0.506027
-0.00298996  -0.0891361    0.506027
-0.00299082  -0.0891362    0.506027
-0.00299168  -0.0891362    0.506026
-0.00299252  -0.0891391    0.506026
-0.00299342  -0.0891389    0.506026
-0.0029943 -0.0891388   0.506025
-0.00299519  -0.0891388    0.506025
-0.00299608  -0.0891389    0.506025
-0.00299698  -0.0891436    0.506024
-0.00299791  -0.0891434    0.506024
-0.00299881  -0.0891434    0.506023
-0.00299969  -0.0891431    0.506023
-0.00300058  -0.0891426    0.506023
-0.00300147  -0.0891446    0.506022
-0.00300307  -0.0891443    0.506022
-0.00300393  -0.0891436    0.506022
-0.00300477   -0.089143    0.506021
-0.00300554  -0.0891426    0.506021
-0.00300634  -0.0891418    0.506021
-0.00300709   -0.089141     0.50602
-0.00300785  -0.0891427     0.50602
-0.00300861  -0.0891417    0.506019
-0.00300932  -0.0891409    0.506019
-0.00300937  -0.0891408    0.506019
-0.00301005  -0.0891398    0.506018
-0.00301076  -0.0891388    0.506018
-0.00301141  -0.0891407    0.506017
-0.00301211  -0.0891396    0.506017
-0.00301282  -0.0891388    0.506017
-0.00301348  -0.0891381    0.506017
-0.00301419  -0.0891376    0.506016
-0.00301487  -0.0891368    0.506016
-0.00301558  -0.0891362    0.506016
-0.00301631   -0.089138    0.506015
-0.00301702  -0.0891373    0.506015
-0.00301775  -0.0891368    0.506015
-0.00301849  -0.0891368    0.506015
-0.00301928  -0.0891321    0.506015
-0.00302004  -0.0891316    0.506015
-0.00302085  -0.0891312    0.506015
-0.0030216 -0.0891314   0.506015
-0.00302239  -0.0891311    0.506015
-0.00302394  -0.0891311    0.506015
-0.0030247 -0.0891336   0.506014
-0.0030248 -0.0891332   0.506014
-0.00302636  -0.0891334    0.506014
-0.00302715  -0.0891338    0.506014
-0.00302745  -0.0891403    0.506011
-0.00302879  -0.0891337    0.506014
-0.00302962   -0.089134    0.506014
-0.00303049  -0.0891365    0.506013
-0.0030314 -0.0891366   0.506013
-0.00303166  -0.0891429    0.506011
-0.00303321  -0.0891373    0.506013
-0.00303344  -0.0891435    0.506011
-0.00303438  -0.0891435    0.506011
-0.00303517  -0.0891438     0.50601
-0.00303618  -0.0891467     0.50601
-0.00303674  -0.0891465     0.50601
-0.00303786  -0.0891465     0.50601
-0.00304009  -0.0891404    0.506012
-0.00304143  -0.0891401    0.506012
-0.00304281  -0.0891398    0.506012
-0.00304423  -0.0891421    0.506011
-0.0030456 -0.0891417   0.506011
-0.00304694  -0.0891412    0.506011
-0.00304826  -0.0891413    0.506011
-0.00304947  -0.0891399    0.506011
-0.00305058  -0.0891456     0.50601
-0.00305171  -0.0891451     0.50601
-0.0030532 -0.0891448    0.50601
-0.00305426   -0.089144     0.50601
-0.00305506  -0.0891433     0.50601
-0.00305577  -0.0891453     0.50601
-0.00305622  -0.0891446     0.50601
-0.00305673   -0.089144     0.50601
-0.00305719  -0.0891433     0.50601
-0.00305756  -0.0891429     0.50601
-0.00305795  -0.0891421     0.50601
-0.00305842  -0.0891411     0.50601
-0.00305859  -0.0891432     0.50601
-0.00305891  -0.0891423     0.50601
-0.00305921  -0.0891415     0.50601
-0.00305905   -0.089141     0.50601
-0.00305937  -0.0891405     0.50601
-0.00305974  -0.0891397     0.50601
-0.00306009  -0.0891391     0.50601
-0.00306053   -0.089141     0.50601
-0.00306102  -0.0891403     0.50601
-0.00306149  -0.0891398     0.50601
-0.00306205  -0.0891398     0.50601
-0.00306263   -0.089139     0.50601
-0.00306327  -0.0891385     0.50601
-0.00306397  -0.0891381     0.50601
-0.00306469  -0.0891401    0.506009
-0.00306545  -0.0891397    0.506009
-0.00306634  -0.0891331     0.50601
-0.00306717  -0.0891353     0.50601
-0.00306867  -0.0891351     0.50601
-0.00306954  -0.0891349     0.50601
-0.00307043  -0.0891352     0.50601
-0.00307131  -0.0891346     0.50601
-0.00307223  -0.0891344     0.50601
-0.00307308  -0.0891343     0.50601
-0.00307398  -0.0891367    0.506009
-0.00307486  -0.0891365    0.506009
-0.00307569  -0.0891365    0.506009
-0.00307654  -0.0891368    0.506009
-0.00307735  -0.0891367    0.506009
-0.0030775 -0.0891369   0.506009
-0.00307826   -0.089137    0.506009
-0.00307903  -0.0891396    0.506009
-0.00307977  -0.0891396    0.506009
-0.00308048  -0.0891397    0.506009
-0.00308119    -0.08914    0.506009
-0.00308197   -0.089145    0.506008
-0.00308267   -0.089145    0.506008
-0.00308332  -0.0891455    0.506008
-0.00308396  -0.0891452    0.506008
-0.00308461  -0.0891449    0.506008
-0.00308584  -0.0891449    0.506008
-0.00308584   -0.089147    0.506008
-0.00308631  -0.0891415    0.506009
-0.00308693  -0.0891411    0.506009
-0.00308751  -0.0891434    0.506008
-0.00308809  -0.0891427    0.506008
-0.00308877  -0.0891449    0.506008
-0.00308936   -0.089147    0.506008
-0.00308998  -0.0891462    0.506008
-0.0030912 -0.0891457   0.506008
-0.0030918  -0.089145   0.506008
-0.00309243  -0.0891446    0.506008
-0.00309303  -0.0891439    0.506008
-0.0030935 -0.0891434   0.506008
-0.00309365  -0.0891453    0.506007
-0.0030943 -0.0891444   0.506007
-0.00309497  -0.0891436    0.506007
-0.00309563  -0.0891428    0.506007
-0.0030963 -0.0891424   0.506007
-0.00309697  -0.0891414    0.506007
-0.00309768  -0.0891406    0.506007
-0.00309833  -0.0891424    0.506007
-0.00309919  -0.0891352    0.506008
-0.0030999 -0.0891345   0.506008
-0.0031006 -0.0891364   0.506007
-0.00310134  -0.0891354    0.506007
-0.00310202  -0.0891348    0.506007
-0.00310334  -0.0891344    0.506007
-0.00310406  -0.0891342    0.506007
-0.00310472  -0.0891336    0.506008
-0.00310542  -0.0891332    0.506008
-0.00310608  -0.0891356    0.506007
-0.00310656  -0.0891355    0.506007
-0.00310719  -0.0891353    0.506007
-0.00310786  -0.0891352    0.506007
