0.0163866 -0.105378  0.508647
 0.016384 -0.105376  0.508648
0.0163764 -0.105369   0.50865
0.0163638 -0.105359  0.508654
0.0163461 -0.105345   0.50866
0.0163233 -0.105327  0.508667
0.0162955 -0.105305  0.508675
0.0162626 -0.105278  0.508685
0.0162247 -0.105248  0.508697
0.0161817 -0.105214   0.50871
0.0161336 -0.105175  0.508725
0.0160805 -0.105133  0.508741
0.0160805 -0.105133  0.508741
0.0159591 -0.105035  0.508779
0.0158908 -0.104981    0.5088
0.0158174 -0.104922  0.508822
 0.015739 -0.104859  0.508846
 0.015739 -0.104859  0.508846
0.0156555 -0.104792  0.508872
0.0154733 -0.104646  0.508928
0.0153747 -0.104567  0.508958
0.0152711 -0.104484   0.50899
0.0151623 -0.104397  0.509023
0.0150485 -0.104306  0.509058
0.0149296 -0.104211  0.509095
0.0148057 -0.104112  0.509133
0.0146767 -0.104009  0.509172
0.0145427 -0.103901  0.509213
0.0144035  -0.10379  0.509256
0.0142594 -0.103675    0.5093
0.0141102 -0.103555  0.509346
 0.013956 -0.103432  0.509394
0.0137966 -0.103304  0.509443
0.0136323 -0.103172  0.509493
0.0134628 -0.103037  0.509545
0.0132883 -0.102897  0.509599
0.0131088 -0.102753  0.509654
0.0129242 -0.102606   0.50971
0.0127346 -0.102454  0.509769
0.0125399 -0.102298  0.509828
0.0123401 -0.102138   0.50989
0.0121353 -0.101974  0.509953
0.0119253 -0.101806  0.510017
0.0117114 -0.101635  0.510083
0.0114915 -0.101458   0.51015
0.0112665 -0.101278  0.510219
0.0110364 -0.101094   0.51029
0.0108011 -0.100906  0.510362
0.0105609 -0.100713  0.510436
0.0103157 -0.100517  0.510511
0.0100654 -0.100317  0.510588
0.00980995  -0.100112   0.510667
0.00954954 -0.0999037   0.510747
0.00928378 -0.0996909   0.510828
0.00901327 -0.0994743   0.510911
0.00873771 -0.0992537   0.510996
0.0084571 -0.099029  0.511082
0.00817146 -0.0988004    0.51117
 0.0078807 -0.0985676   0.511259
0.00758496 -0.0983308    0.51135
0.00728412 -0.0980899   0.511442
0.00697817  -0.097845   0.511536
0.00666719  -0.097596   0.511632
0.00635087 -0.0973427   0.511729
0.00602981 -0.0970857   0.511827
 0.0057037 -0.0968246   0.511928
0.00537242 -0.0965594   0.512029
0.00503869 -0.0962922   0.512132
0.00470948 -0.0960286   0.512233
0.00438543 -0.0957692   0.512332
0.00406633 -0.0955137    0.51243
0.00375239 -0.0952623   0.512527
0.0034435 -0.095015  0.512622
0.00313966 -0.0947718   0.512715
0.00284086 -0.0945325   0.512807
0.00254713 -0.0942974   0.512897
0.00225845 -0.0940662   0.512985
0.00197481 -0.0938392   0.513073
0.00169589 -0.0936158   0.513158
0.00142236 -0.0933969   0.513242
0.00115388 -0.0931819   0.513325
0.000890439   -0.092971    0.513405
0.000632025  -0.0927641    0.513485
0.000378716  -0.0925613    0.513563
0.000130445  -0.0923625    0.513639
-0.00011273  -0.0921678    0.513713
-0.000350963   -0.0919771     0.513787
-0.000584071   -0.0917904     0.513858
-0.000812102   -0.0916079     0.513928
-0.00103508  -0.0914294    0.513997
-0.00125297  -0.0912549    0.514064
-0.00146586  -0.0910845    0.514129
-0.00167367  -0.0909181    0.514193
-0.00187642  -0.0907558    0.514255
-0.00207412  -0.0905975    0.514316
-0.00226674  -0.0904433    0.514375
-0.00245435  -0.0902931    0.514432
-0.00263688  -0.0901469    0.514489
-0.00281436  -0.0900048    0.514543
-0.00298678  -0.0898668    0.514596
-0.00315435  -0.0897326    0.514647
-0.00331691  -0.0896025    0.514697
-0.00347415  -0.0894766    0.514746
-0.00362635  -0.0893547    0.514792
-0.00377348  -0.0892369    0.514838
-0.00391559  -0.0891232    0.514881
-0.00405262  -0.0890134    0.514923
-0.0041846 -0.0889078   0.514964
-0.00431153  -0.0888061    0.515003
-0.00443339  -0.0887086     0.51504
-0.0045502 -0.0886151   0.515076
-0.00466195  -0.0885256     0.51511
-0.00476876  -0.0884401    0.515143
-0.00487039  -0.0883587    0.515174
-0.00496696  -0.0882814    0.515204
-0.00505849  -0.0882081    0.515232
-0.00514499  -0.0881389    0.515259
-0.00522641  -0.0880737    0.515284
-0.00530277  -0.0880125    0.515307
-0.00537407  -0.0879554    0.515329
-0.00544031  -0.0879024    0.515349
-0.0055015 -0.0878534   0.515368
-0.00555764  -0.0878085    0.515385
-0.00560871  -0.0877676    0.515401
-0.00565473  -0.0877307    0.515415
-0.00569569   -0.087698    0.515428
-0.00573159  -0.0876692    0.515439
-0.00576243  -0.0876445    0.515448
-0.00578822  -0.0876239    0.515456
-0.00580896  -0.0876073    0.515463
-0.00582463  -0.0875947    0.515467
-0.00583525  -0.0875862    0.515471
-0.00584081  -0.0875818    0.515472
-0.00584172   -0.087581    0.515473
-0.00584172   -0.087581    0.515473
-0.00584172   -0.087581    0.515473
-0.00584172   -0.087581    0.515473
-0.00584172   -0.087581    0.515473
-0.00584172   -0.087581    0.515473
-0.00584172   -0.087581    0.515473
-0.00584172   -0.087581    0.515473
-0.00584172   -0.087581    0.515473
-0.00584172   -0.087581    0.515473
-0.00584172   -0.087581    0.515473
-0.00584172   -0.087581    0.515473
-0.00584172   -0.087581    0.515473
-0.00584172   -0.087581    0.515473
-0.00584172   -0.087581    0.515473
-0.00584172   -0.087581    0.515473
-0.00584172   -0.087581    0.515473
-0.00584172   -0.087581    0.515473
-0.00584172   -0.087581    0.515473
-0.00584172   -0.087581    0.515473
-0.00584172   -0.087581    0.515473
-0.00584172   -0.087581    0.515473
-0.00584172   -0.087581    0.515473
-0.00584172   -0.087581    0.515473
-0.00584172   -0.087581    0.515473
-0.00584172   -0.087581    0.515473
-0.00584172   -0.087581    0.515473
-0.00584172   -0.087581    0.515473
-0.00584172   -0.087581    0.515473
-0.00584172   -0.087581    0.515473
-0.00584172   -0.087581    0.515473
-0.00584172   -0.087581    0.515473
-0.00584172   -0.087581    0.515473
-0.00584172   -0.087581    0.515473
-0.00584172   -0.087581    0.515473
-0.00584172   -0.087581    0.515473
-0.00584172   -0.087581    0.515473
-0.00584172   -0.087581    0.515473
-0.00584172   -0.087581    0.515473
-0.00584172   -0.087581    0.515473
-0.00584172   -0.087581    0.515473
-0.00584172   -0.087581    0.515473
-0.00584172   -0.087581    0.515473
-0.00584172   -0.087581    0.515473
-0.00584172   -0.087581    0.515473
-0.00584172   -0.087581    0.515473
-0.00584172   -0.087581    0.515473
-0.00584172   -0.087581    0.515473
-0.00584172   -0.087581    0.515473
-0.00584172   -0.087581    0.515473
-0.00584172   -0.087581    0.515473
-0.00584172   -0.087581    0.515473
-0.00584172   -0.087581    0.515473
-0.00584172   -0.087581    0.515473
-0.00584172   -0.087581    0.515473
-0.00584172   -0.087581    0.515473
-0.00584172   -0.087581    0.515473
-0.00584172   -0.087581    0.515473
-0.00584172   -0.087581    0.515473
-0.00584172   -0.087581    0.515473
-0.00584172   -0.087581    0.515473
-0.00584172   -0.087581    0.515473
-0.00584172   -0.087581    0.515473
-0.00584172   -0.087581    0.515473
-0.00584172   -0.087581    0.515473
-0.00584172   -0.087581    0.515473
-0.00584172   -0.087581    0.515473
-0.00584172   -0.087581    0.515473
-0.00584172   -0.087581    0.515473
-0.00584172   -0.087581    0.515473
-0.00584172   -0.087581    0.515473
-0.00584172   -0.087581    0.515473
-0.00584172   -0.087581    0.515473
-0.00584172   -0.087581    0.515473
-0.00584172   -0.087581    0.515473
-0.00584172   -0.087581    0.515473
-0.00584172   -0.087581    0.515473
-0.00584172   -0.087581    0.515473
-0.00584172   -0.087581    0.515473
-0.00584172   -0.087581    0.515473
-0.00584172   -0.087581    0.515473
-0.00584172   -0.087581    0.515473
-0.00584172   -0.087581    0.515473
-0.00584172   -0.087581    0.515473
-0.00584172   -0.087581    0.515473
-0.00584172   -0.087581    0.515473
-0.00584172   -0.087581    0.515473
-0.00584172   -0.087581    0.515473
-0.00584172   -0.087581    0.515473
-0.00584172   -0.087581    0.515473
-0.00584172   -0.087581    0.515473
-0.00584172   -0.087581    0.515473
-0.00584172   -0.087581    0.515473
-0.00584172   -0.087581    0.515473
-0.00584172   -0.087581    0.515473
-0.00584172   -0.087581    0.515473
-0.00584172   -0.087581    0.515473
-0.00584172   -0.087581    0.515473
-0.00584172   -0.087581    0.515473
-0.00584172   -0.087581    0.515473
-0.00584172   -0.087581    0.515473
-0.00584172   -0.087581    0.515473
-0.00584172   -0.087581    0.515473
-0.00584172   -0.087581    0.515473
-0.00584172   -0.087581    0.515473
-0.00584172   -0.087581    0.515473
-0.00584172   -0.087581    0.515473
-0.00584172   -0.087581    0.515473
-0.00584172   -0.087581    0.515473
-0.00584172   -0.087581    0.515473
-0.00584172   -0.087581    0.515473
-0.00584172   -0.087581    0.515473
-0.00584172   -0.087581    0.515473
-0.00584172   -0.087581    0.515473
-0.00584172   -0.087581    0.515473
-0.00584172   -0.087581    0.515473
-0.00584172   -0.087581    0.515473
-0.00584172   -0.087581    0.515473
-0.00584172   -0.087581    0.515473
-0.00584172   -0.087581    0.515473
-0.00584172   -0.087581    0.515473
-0.00584172   -0.087581    0.515473
-0.00584172   -0.087581    0.515473
-0.00584172   -0.087581    0.515473
-0.00584172   -0.087581    0.515473
-0.00584172   -0.087581    0.515473
-0.00584172   -0.087581    0.515473
-0.00584172   -0.087581    0.515473
-0.00584172   -0.087581    0.515473
-0.00584172   -0.087581    0.515473
-0.00584172   -0.087581    0.515473
-0.00584172   -0.087581    0.515473
-0.00584172   -0.087581    0.515473
-0.00584172   -0.087581    0.515473
-0.00584172   -0.087581    0.515473
-0.00584172   -0.087581    0.515473
-0.00584172   -0.087581    0.515473
-0.00584172   -0.087581    0.515473
-0.00584172   -0.087581    0.515473
-0.00584172   -0.087581    0.515473
-0.00584172   -0.087581    0.515473
-0.00584172   -0.087581    0.515473
-0.00584172   -0.087581    0.515473
-0.00584172   -0.087581    0.515473
-0.00584172   -0.087581    0.515473
-0.00584172   -0.087581    0.515473
-0.00584172   -0.087581    0.515473
-0.00584172   -0.087581    0.515473
-0.00584172   -0.087581    0.515473
-0.00584172   -0.087581    0.515473
-0.00584172   -0.087581    0.515473
-0.00584172   -0.087581    0.515473
-0.00584172   -0.087581    0.515473
-0.00584172   -0.087581    0.515473
-0.00584172   -0.087581    0.515473
-0.00584172   -0.087581    0.515473
-0.00584172   -0.087581    0.515473
-0.00584172   -0.087581    0.515473
-0.00584172   -0.087581    0.515473
-0.00584172   -0.087581    0.515473
-0.00584172   -0.087581    0.515473
-0.00584172   -0.087581    0.515473
-0.00584172   -0.087581    0.515473
-0.00584172   -0.087581    0.515473
-0.00584172   -0.087581    0.515473
-0.00584172   -0.087581    0.515473
-0.00584172   -0.087581    0.515473
-0.00584172   -0.087581    0.515473
-0.00584172   -0.087581    0.515473
-0.00584172   -0.087581    0.515473
-0.00584172   -0.087581    0.515473
-0.00584172   -0.087581    0.515473
-0.00584172   -0.087581    0.515473
-0.00584172   -0.087581    0.515473
-0.00584172   -0.087581    0.515473
-0.00584172   -0.087581    0.515473
-0.00584172   -0.087581    0.515473
-0.00584172   -0.087581    0.515473
-0.00584172   -0.087581    0.515473
-0.00584172   -0.087581    0.515473
-0.00584172   -0.087581    0.515473
-0.00584172   -0.087581    0.515473
-0.00584172   -0.087581    0.515473
-0.00584172   -0.087581    0.515473
-0.00584172   -0.087581    0.515473
-0.00584172   -0.087581    0.515473
-0.00584172   -0.087581    0.515473
-0.00584172   -0.087581    0.515473
-0.00584172   -0.087581    0.515473
-0.00584172   -0.087581    0.515473
-0.00584172   -0.087581    0.515473
-0.00584172   -0.087581    0.515473
-0.00584172   -0.087581    0.515473
-0.00584172   -0.087581    0.515473
-0.00584172   -0.087581    0.515473
-0.00584172   -0.087581    0.515473
-0.00584172   -0.087581    0.515473
-0.00584172   -0.087581    0.515473
-0.00584172   -0.087581    0.515473
-0.00584172   -0.087581    0.515473
-0.00584172   -0.087581    0.515473
-0.00584172   -0.087581    0.515473
-0.00584172   -0.087581    0.515473
-0.00584172   -0.087581    0.515473
-0.00584172   -0.087581    0.515473
-0.00584172   -0.087581    0.515473
-0.00584172   -0.087581    0.515473
-0.00584172   -0.087581    0.515473
-0.00584172   -0.087581    0.515473
-0.00584172   -0.087581    0.515473
-0.00584172   -0.087581    0.515473
-0.00584172   -0.087581    0.515473
-0.00584172   -0.087581    0.515473
-0.00584172   -0.087581    0.515473
-0.00584172   -0.087581    0.515473
-0.00584172   -0.087581    0.515473
-0.00584172   -0.087581    0.515473
-0.00584172   -0.087581    0.515473
-0.00584172   -0.087581    0.515473
-0.00584172   -0.087581    0.515473
-0.00584172   -0.087581    0.515473
-0.00584172   -0.087581    0.515473
-0.00584172   -0.087581    0.515473
-0.00584172   -0.087581    0.515473
-0.00584172   -0.087581    0.515473
-0.00584172   -0.087581    0.515473
-0.00584172   -0.087581    0.515473
-0.00584172   -0.087581    0.515473
-0.00584172   -0.087581    0.515473
-0.00584172   -0.087581    0.515473
-0.00584172   -0.087581    0.515473
-0.00584172   -0.087581    0.515473
-0.00584172   -0.087581    0.515473
-0.00584172   -0.087581    0.515473
-0.00584172   -0.087581    0.515473
-0.00584172   -0.087581    0.515473
-0.00584172   -0.087581    0.515473
-0.00584172   -0.087581    0.515473
-0.00584172   -0.087581    0.515473
-0.00584172   -0.087581    0.515473
-0.00584172   -0.087581    0.515473
-0.00584172   -0.087581    0.515473
-0.00584172   -0.087581    0.515473
-0.00584172   -0.087581    0.515473
-0.00584172   -0.087581    0.515473
-0.00584172   -0.087581    0.515473
-0.00584172   -0.087581    0.515473
-0.00584172   -0.087581    0.515473
-0.00584172   -0.087581    0.515473
-0.00584172   -0.087581    0.515473
-0.00584172   -0.087581    0.515473
-0.00584172   -0.087581    0.515473
-0.00584172   -0.087581    0.515473
-0.00584172   -0.087581    0.515473
-0.00584172   -0.087581    0.515473
-0.00584172   -0.087581    0.515473
-0.00584172   -0.087581    0.515473
-0.00584172   -0.087581    0.515473
-0.00584172   -0.087581    0.515473
-0.00584172   -0.087581    0.515473
-0.00584172   -0.087581    0.515473
-0.00584172   -0.087581    0.515473
-0.00584172   -0.087581    0.515473
-0.00584172   -0.087581    0.515473
-0.00584172   -0.087581    0.515473
-0.00584172   -0.087581    0.515473
-0.00584172   -0.087581    0.515473
-0.00584172   -0.087581    0.515473
-0.00584172   -0.087581    0.515473
-0.00584172   -0.087581    0.515473
-0.00584172   -0.087581    0.515473
-0.00584172   -0.087581    0.515473
-0.00584172   -0.087581    0.515473
-0.00584172   -0.087581    0.515473
-0.00584172   -0.087581    0.515473
-0.00584172   -0.087581    0.515473
-0.00584172   -0.087581    0.515473
-0.00584172   -0.087581    0.515473
-0.00584172   -0.087581    0.515473
-0.00584172   -0.087581    0.515473
-0.00584172   -0.087581    0.515473
-0.00584172   -0.087581    0.515473
-0.00584172   -0.087581    0.515473
-0.00584172   -0.087581    0.515473
-0.00584172   -0.087581    0.515473
-0.00584172   -0.087581    0.515473
-0.00584172   -0.087581    0.515473
-0.00584172   -0.087581    0.515473
-0.00584172   -0.087581    0.515473
-0.00584172   -0.087581    0.515473
-0.00584172   -0.087581    0.515473
-0.00584172   -0.087581    0.515473
-0.00584172   -0.087581    0.515473
-0.00584172   -0.087581    0.515473
-0.00584172   -0.087581    0.515473
-0.00584172   -0.087581    0.515473
-0.00584172   -0.087581    0.515473
-0.00584172   -0.087581    0.515473
-0.00584172   -0.087581    0.515473
-0.00584172   -0.087581    0.515473
-0.00584172   -0.087581    0.515473
-0.00584172   -0.087581    0.515473
-0.00584172   -0.087581    0.515473
-0.00584172   -0.087581    0.515473
-0.00584172   -0.087581    0.515473
-0.00584172   -0.087581    0.515473
-0.00584172   -0.087581    0.515473
-0.00584172   -0.087581    0.515473
-0.00584172   -0.087581    0.515473
-0.00584172   -0.087581    0.515473
-0.00584172   -0.087581    0.515473
-0.00584172   -0.087581    0.515473
-0.00584172   -0.087581    0.515473
-0.00584172   -0.087581    0.515473
-0.00584172   -0.087581    0.515473
-0.00584172   -0.087581    0.515473
-0.00584172   -0.087581    0.515473
-0.00584172   -0.087581    0.515473
-0.00584172   -0.087581    0.515473
-0.00584172   -0.087581    0.515473
-0.00584172   -0.087581    0.515473
-0.00584172   -0.087581    0.515473
-0.00584172   -0.087581    0.515473
-0.00584172   -0.087581    0.515473
-0.00584172   -0.087581    0.515473
-0.00584172   -0.087581    0.515473
-0.00584172   -0.087581    0.515473
-0.00584172   -0.087581    0.515473
-0.00584172   -0.087581    0.515473
-0.00584172   -0.087581    0.515473
-0.00584172   -0.087581    0.515473
-0.00584172   -0.087581    0.515473
-0.00584172   -0.087581    0.515473
-0.00584172   -0.087581    0.515473
-0.00584172   -0.087581    0.515473
-0.00584172   -0.087581    0.515473
-0.00584172   -0.087581    0.515473
-0.00584172   -0.087581    0.515473
-0.00584172   -0.087581    0.515473
-0.00584172   -0.087581    0.515473
-0.00584172   -0.087581    0.515473
-0.00584172   -0.087581    0.515473
-0.00584172   -0.087581    0.515473
-0.00584172   -0.087581    0.515473
-0.00584172   -0.087581    0.515473
-0.00584172   -0.087581    0.515473
-0.00584172   -0.087581    0.515473
-0.00584172   -0.087581    0.515473
-0.00584172   -0.087581    0.515473
-0.00584172   -0.087581    0.515473
-0.00584172   -0.087581    0.515473
-0.00584172   -0.087581    0.515473
-0.00584172   -0.087581    0.515473
-0.00584172   -0.087581    0.515473
-0.00584172   -0.087581    0.515473
-0.00584172   -0.087581    0.515473
-0.00584172   -0.087581    0.515473
-0.00584172   -0.087581    0.515473
-0.00584172   -0.087581    0.515473
-0.00584172   -0.087581    0.515473
-0.00584172   -0.087581    0.515473
-0.00584172   -0.087581    0.515473
-0.00584172   -0.087581    0.515473
-0.00584172   -0.087581    0.515473
-0.00584172   -0.087581    0.515473
-0.00584172   -0.087581    0.515473
-0.00584172   -0.087581    0.515473
-0.00584172   -0.087581    0.515473
-0.00584172   -0.087581    0.515473
-0.00584172   -0.087581    0.515473
-0.00584172   -0.087581    0.515473
-0.00584172   -0.087581    0.515473
-0.00584172   -0.087581    0.515473
-0.00584172   -0.087581    0.515473
-0.00584172   -0.087581    0.515473
-0.00584172   -0.087581    0.515473
-0.00584172   -0.087581    0.515473
-0.00584172   -0.087581    0.515473
-0.00584172   -0.087581    0.515473
-0.00584172   -0.087581    0.515473
-0.00584172   -0.087581    0.515473
-0.00584172   -0.087581    0.515473
-0.00584172   -0.087581    0.515473
-0.00584172   -0.087581    0.515473
-0.00584172   -0.087581    0.515473
-0.00584172   -0.087581    0.515473
-0.00584172   -0.087581    0.515473
-0.00584172   -0.087581    0.515473
-0.00584172   -0.087581    0.515473
-0.00584172   -0.087581    0.515473
-0.00584172   -0.087581    0.515473
-0.00584172   -0.087581    0.515473
-0.00584172   -0.087581    0.515473
-0.00584172   -0.087581    0.515473
-0.00584172   -0.087581    0.515473
-0.00584172   -0.087581    0.515473
-0.00584172   -0.087581    0.515473
-0.00584172   -0.087581    0.515473
-0.00584172   -0.087581    0.515473
-0.00584172   -0.087581    0.515473
-0.00584172   -0.087581    0.515473
-0.00584172   -0.087581    0.515473
-0.00584172   -0.087581    0.515473
-0.00584172   -0.087581    0.515473
-0.00584172   -0.087581    0.515473
-0.00584172   -0.087581    0.515473
-0.00584172   -0.087581    0.515473
-0.00584172   -0.087581    0.515473
-0.00584172   -0.087581    0.515473
-0.00584172   -0.087581    0.515473
-0.00584172   -0.087581    0.515473
-0.00584172   -0.087581    0.515473
-0.00584172   -0.087581    0.515473
-0.00584172   -0.087581    0.515473
-0.00584172   -0.087581    0.515473
-0.00584172   -0.087581    0.515473
-0.00584172   -0.087581    0.515473
-0.00584172   -0.087581    0.515473
-0.00584172   -0.087581    0.515473
-0.00584172   -0.087581    0.515473
-0.00584172   -0.087581    0.515473
-0.00584172   -0.087581    0.515473
-0.00584172   -0.087581    0.515473
-0.00584172   -0.087581    0.515473
-0.00584172   -0.087581    0.515473
-0.00584172   -0.087581    0.515473
-0.00584172   -0.087581    0.515473
-0.00584172   -0.087581    0.515473
-0.00584172   -0.087581    0.515473
-0.00584172   -0.087581    0.515473
-0.00584172   -0.087581    0.515473
-0.00584172   -0.087581    0.515473
-0.00584172   -0.087581    0.515473
-0.00584172   -0.087581    0.515473
-0.00584172   -0.087581    0.515473
-0.00584172   -0.087581    0.515473
-0.00584172   -0.087581    0.515473
-0.00584172   -0.087581    0.515473
-0.00584172   -0.087581    0.515473
-0.00584172   -0.087581    0.515473
-0.00584172   -0.087581    0.515473
-0.00584172   -0.087581    0.515473
-0.00584172   -0.087581    0.515473
-0.00584172   -0.087581    0.515473
-0.00584172   -0.087581    0.515473
-0.00584172   -0.087581    0.515473
-0.00584172   -0.087581    0.515473
-0.00584172   -0.087581    0.515473
-0.00584172   -0.087581    0.515473
-0.00584172   -0.087581    0.515473
-0.00584172   -0.087581    0.515473
-0.00584172   -0.087581    0.515473
-0.00584172   -0.087581    0.515473
-0.00584172   -0.087581    0.515473
-0.00584172   -0.087581    0.515473
-0.00584172   -0.087581    0.515473
-0.00584172   -0.087581    0.515473
-0.00584172   -0.087581    0.515473
-0.00584172   -0.087581    0.515473
-0.00584172   -0.087581    0.515473
-0.00584172   -0.087581    0.515473
-0.00584172   -0.087581    0.515473
-0.00584172   -0.087581    0.515473
-0.00584172   -0.087581    0.515473
-0.00584172   -0.087581    0.515473
-0.00584172   -0.087581    0.515473
-0.00584172   -0.087581    0.515473
-0.00584172   -0.087581    0.515473
-0.00584172   -0.087581    0.515473
-0.00584172   -0.087581    0.515473
-0.00584172   -0.087581    0.515473
-0.00584172   -0.087581    0.515473
-0.00584172   -0.087581    0.515473
-0.00584172   -0.087581    0.515473
-0.00584172   -0.087581    0.515473
-0.00584172   -0.087581    0.515473
-0.00584172   -0.087581    0.515473
-0.00584172   -0.087581    0.515473
-0.00584172   -0.087581    0.515473
-0.00584172   -0.087581    0.515473
-0.00584172   -0.087581    0.515473
-0.00584172   -0.087581    0.515473
-0.00584172   -0.087581    0.515473
-0.00584172   -0.087581    0.515473
-0.00584172   -0.087581    0.515473
-0.00584172   -0.087581    0.515473
-0.00584172   -0.087581    0.515473
-0.00584172   -0.087581    0.515473
-0.00584172   -0.087581    0.515473
-0.00584172   -0.087581    0.515473
-0.00584172   -0.087581    0.515473
-0.00584172   -0.087581    0.515473
-0.00584172   -0.087581    0.515473
-0.00584172   -0.087581    0.515473
-0.00584172   -0.087581    0.515473
-0.00584172   -0.087581    0.515473
-0.00584172   -0.087581    0.515473
-0.00584172   -0.087581    0.515473
-0.00584172   -0.087581    0.515473
-0.00584172   -0.087581    0.515473
-0.00584172   -0.087581    0.515473
-0.00584172   -0.087581    0.515473
-0.00584172   -0.087581    0.515473
-0.00584172   -0.087581    0.515473
-0.00584172   -0.087581    0.515473
-0.00584172   -0.087581    0.515473
-0.00584172   -0.087581    0.515473
-0.00584172   -0.087581    0.515473
-0.00584172   -0.087581    0.515473
-0.00584172   -0.087581    0.515473
-0.00584172   -0.087581    0.515473
-0.00584172   -0.087581    0.515473
-0.00584172   -0.087581    0.515473
-0.00584172   -0.087581    0.515473
-0.00584172   -0.087581    0.515473
-0.00584172   -0.087581    0.515473
-0.00584172   -0.087581    0.515473
-0.00584172   -0.087581    0.515473
-0.00584172   -0.087581    0.515473
-0.00584172   -0.087581    0.515473
-0.00584172   -0.087581    0.515473
-0.00584172   -0.087581    0.515473
-0.00584172   -0.087581    0.515473
-0.00584172   -0.087581    0.515473
-0.00584172   -0.087581    0.515473
-0.00584172   -0.087581    0.515473
-0.00584172   -0.087581    0.515473
-0.00584172   -0.087581    0.515473
-0.00584172   -0.087581    0.515473
-0.00584172   -0.087581    0.515473
-0.00584172   -0.087581    0.515473
-0.00584172   -0.087581    0.515473
-0.00584172   -0.087581    0.515473
-0.00584172   -0.087581    0.515473
-0.00584172   -0.087581    0.515473
-0.00584172   -0.087581    0.515473
-0.00584172   -0.087581    0.515473
-0.00584172   -0.087581    0.515473
-0.00584172   -0.087581    0.515473
-0.00584172   -0.087581    0.515473
-0.00584172   -0.087581    0.515473
-0.00584172   -0.087581    0.515473
-0.00584172   -0.087581    0.515473
-0.00584172   -0.087581    0.515473
-0.00584172   -0.087581    0.515473
-0.00584172   -0.087581    0.515473
-0.00584172   -0.087581    0.515473
-0.00584172   -0.087581    0.515473
-0.00584172   -0.087581    0.515473
-0.00584172   -0.087581    0.515473
-0.00584172   -0.087581    0.515473
-0.00584172   -0.087581    0.515473
-0.00584172   -0.087581    0.515473
-0.00584172   -0.087581    0.515473
-0.00584172   -0.087581    0.515473
-0.00584172   -0.087581    0.515473
-0.00584172   -0.087581    0.515473
-0.00584172   -0.087581    0.515473
-0.00584172   -0.087581    0.515473
-0.00584172   -0.087581    0.515473
-0.00584172   -0.087581    0.515473
-0.00584172   -0.087581    0.515473
-0.00584172   -0.087581    0.515473
-0.00584172   -0.087581    0.515473
-0.00584172   -0.087581    0.515473
-0.00584172   -0.087581    0.515473
-0.00584172   -0.087581    0.515473
-0.00584172   -0.087581    0.515473
-0.00584172   -0.087581    0.515473
-0.00584172   -0.087581    0.515473
-0.00584172   -0.087581    0.515473
-0.00584172   -0.087581    0.515473
-0.00584172   -0.087581    0.515473
-0.00584172   -0.087581    0.515473
-0.00584172   -0.087581    0.515473
-0.00584172   -0.087581    0.515473
-0.00584172   -0.087581    0.515473
-0.00584172   -0.087581    0.515473
-0.00584172   -0.087581    0.515473
-0.00584172   -0.087581    0.515473
-0.00584172   -0.087581    0.515473
-0.00584172   -0.087581    0.515473
-0.00584172   -0.087581    0.515473
-0.00584172   -0.087581    0.515473
-0.00584172   -0.087581    0.515473
-0.00584172   -0.087581    0.515473
-0.00584172   -0.087581    0.515473
-0.00584172   -0.087581    0.515473
-0.00584172   -0.087581    0.515473
-0.00584172   -0.087581    0.515473
-0.00584172   -0.087581    0.515473
-0.00584172   -0.087581    0.515473
-0.00584172   -0.087581    0.515473
-0.00584172   -0.087581    0.515473
-0.00584172   -0.087581    0.515473
-0.00584172   -0.087581    0.515473
-0.00584172   -0.087581    0.515473
-0.00584172   -0.087581    0.515473
-0.00584172   -0.087581    0.515473
-0.00584172   -0.087581    0.515473
-0.00584172   -0.087581    0.515473
-0.00584172   -0.087581    0.515473
-0.00584172   -0.087581    0.515473
-0.00584172   -0.087581    0.515473
-0.00584172   -0.087581    0.515473
-0.00584172   -0.087581    0.515473
-0.00584172   -0.087581    0.515473
-0.00584172   -0.087581    0.515473
-0.00584172   -0.087581    0.515473
-0.00584172   -0.087581    0.515473
-0.00584172   -0.087581    0.515473
-0.00584172   -0.087581    0.515473
-0.00584172   -0.087581    0.515473
-0.00584172   -0.087581    0.515473
-0.00584172   -0.087581    0.515473
-0.00584172   -0.087581    0.515473
-0.00584172   -0.087581    0.515473
-0.00584172   -0.087581    0.515473
-0.00584172   -0.087581    0.515473
-0.00584172   -0.087581    0.515473
-0.00584172   -0.087581    0.515473
-0.00584172   -0.087581    0.515473
-0.00584172   -0.087581    0.515473
-0.00584172   -0.087581    0.515473
-0.00584172   -0.087581    0.515473
-0.00584172   -0.087581    0.515473
-0.00584172   -0.087581    0.515473
-0.00584172   -0.087581    0.515473
-0.00584172   -0.087581    0.515473
-0.00584172   -0.087581    0.515473
-0.00584172   -0.087581    0.515473
-0.00584172   -0.087581    0.515473
-0.00584172   -0.087581    0.515473
-0.00584172   -0.087581    0.515473
-0.00584172   -0.087581    0.515473
-0.00584172   -0.087581    0.515473
-0.00584172   -0.087581    0.515473
-0.00584172   -0.087581    0.515473
-0.00584172   -0.087581    0.515473
-0.00584172   -0.087581    0.515473
-0.00584172   -0.087581    0.515473
-0.00584172   -0.087581    0.515473
-0.00584172   -0.087581    0.515473
-0.00584172   -0.087581    0.515473
-0.00584172   -0.087581    0.515473
-0.00584172   -0.087581    0.515473
-0.00584172   -0.087581    0.515473
-0.00584172   -0.087581    0.515473
-0.00584172   -0.087581    0.515473
-0.00584172   -0.087581    0.515473
-0.00584172   -0.087581    0.515473
-0.00584172   -0.087581    0.515473
-0.00584172   -0.087581    0.515473
-0.00584172   -0.087581    0.515473
-0.00584172   -0.087581    0.515473
-0.00584172   -0.087581    0.515473
-0.00584172   -0.087581    0.515473
-0.00584172   -0.087581    0.515473
