 0.269535 -0.328387   0.60538
0.269024 -0.32655 0.608879
 0.269026 -0.326548  0.608877
 0.269032 -0.326541  0.608869
0.269043 -0.32653 0.608857
 0.269058 -0.326514  0.608839
 0.269077 -0.326494  0.608816
  0.2691 -0.32647 0.608788
0.269127 -0.32644 0.608755
 0.269159 -0.326407  0.608717
 0.269195 -0.326369  0.608674
 0.269235 -0.326326  0.608626
 0.269279 -0.326279  0.608573
 0.269328 -0.326227  0.608515
 0.269381 -0.326171  0.608452
 0.269438 -0.326111  0.608384
 0.269499 -0.326046   0.60831
 0.269565 -0.325976  0.608232
 0.269634 -0.325902  0.608149
 0.269708 -0.325824   0.60806
 0.269786 -0.325741  0.607967
 0.269869 -0.325653  0.607868
 0.269956 -0.325561  0.607764
 0.270047 -0.325465  0.607655
 0.270142 -0.325364  0.607541
 0.270241 -0.325258  0.607422
 0.270345 -0.325148  0.607298
 0.270453 -0.325034  0.607169
 0.270565 -0.324915  0.607035
 0.270681 -0.324791  0.606896
 0.270802 -0.324663  0.606752
 0.270926 -0.324531  0.606602
 0.271055 -0.324394  0.606448
 0.271189 -0.324253  0.606289
 0.271326 -0.324107  0.606124
 0.271468 -0.323957  0.605955
 0.271613 -0.323802   0.60578
 0.271763 -0.323643  0.605601
 0.271918 -0.323479  0.605416
 0.272076 -0.323311  0.605226
 0.272239 -0.323138  0.605031
 0.272406 -0.322961  0.604832
 0.272577 -0.322779  0.604627
 0.272752 -0.322593  0.604417
 0.272932 -0.322403  0.604202
 0.273116 -0.322208  0.603982
 0.273306 -0.322006  0.603755
 0.273498 -0.321802  0.603525
 0.273695 -0.321593  0.603289
0.273895 -0.32138 0.603049
   0.2741 -0.321163  0.602804
 0.274309 -0.320941  0.602553
 0.274523 -0.320714  0.602298
 0.274741 -0.320483  0.602038
 0.274962 -0.320248  0.601772
 0.275189 -0.320008  0.601501
 0.275419 -0.319763  0.601225
 0.275654 -0.319514  0.600945
 0.275893 -0.319261  0.600659
 0.276136 -0.319003  0.600368
0.276383 -0.31874 0.600072
 0.276634 -0.318473  0.599771
  0.27689 -0.318202  0.599465
  0.27715 -0.317926  0.599154
 0.277415 -0.317645  0.598837
0.277683 -0.31736 0.598516
 0.277956 -0.317071   0.59819
 0.278233 -0.316777  0.597858
 0.278514 -0.316479  0.597522
 0.278799 -0.316176  0.597181
 0.279088 -0.315869  0.596834
 0.279382 -0.315557  0.596482
  0.27968 -0.315241  0.596126
0.279982 -0.31492 0.595764
 0.280289 -0.314595  0.595398
 0.280599 -0.314266  0.595026
 0.280914 -0.313931  0.594649
 0.281233 -0.313593  0.594267
0.281557 -0.31325  0.59388
 0.281883 -0.312903   0.59349
 0.282215 -0.312551  0.593093
 0.282551 -0.312195  0.592691
 0.282891 -0.311834  0.592283
 0.283235 -0.311468  0.591871
 0.283584 -0.311098  0.591454
 0.283937 -0.310723  0.591031
 0.284294 -0.310344  0.590604
 0.284655 -0.309961  0.590171
 0.285021 -0.309573  0.589734
 0.285391 -0.309181  0.589291
 0.285765 -0.308784  0.588844
 0.286143 -0.308382  0.588391
 0.286525 -0.307976  0.587934
 0.286912 -0.307566  0.587471
 0.287303 -0.307151  0.587003
 0.287699 -0.306731  0.586529
 0.288098 -0.306307  0.586051
 0.288502 -0.305878  0.585567
  0.28891 -0.305445  0.585079
 0.289323 -0.305008  0.584586
 0.289739 -0.304566  0.584088
0.290159 -0.30412 0.583585
 0.290579 -0.303674  0.583082
    0.291 -0.303228  0.582578
 0.291421 -0.302781  0.582075
 0.291841 -0.302335  0.581572
 0.292261 -0.301889  0.581069
 0.292681 -0.301443  0.580566
 0.293102 -0.300997  0.580063
 0.293522 -0.300551   0.57956
 0.293942 -0.300105  0.579058
0.294362 -0.29966 0.578555
 0.294782 -0.299214  0.578052
 0.295202 -0.298768  0.577549
 0.295622 -0.298322  0.577046
 0.296043 -0.297876  0.576544
0.296463 -0.29743 0.576041
 0.296883 -0.296984  0.575538
 0.297303 -0.296539  0.575035
 0.297723 -0.296093  0.574533
 0.298143 -0.295647   0.57403
 0.298563 -0.295201  0.573527
 0.298983 -0.294755  0.573024
0.299403 -0.29431 0.572522
 0.299823 -0.293864  0.572019
 0.300243 -0.293418  0.571516
 0.300663 -0.292972  0.571013
 0.301084 -0.292526  0.570511
0.301504 -0.29208 0.570008
 0.301924 -0.291635  0.569505
 0.302344 -0.291188  0.569002
 0.302764 -0.290742  0.568499
 0.303185 -0.290297  0.567996
 0.303605 -0.289851  0.567493
 0.304025 -0.289405   0.56699
 0.304445 -0.288959  0.566487
 0.304865 -0.288513  0.565984
 0.305286 -0.288067  0.565481
 0.305706 -0.287621  0.564979
 0.306126 -0.287175  0.564476
 0.306546 -0.286729  0.563973
 0.306967 -0.286283   0.56347
 0.307387 -0.285837  0.562967
 0.307807 -0.285391  0.562464
 0.308227 -0.284945  0.561961
 0.308647 -0.284499  0.561458
 0.309068 -0.284053  0.560955
 0.309488 -0.283607  0.560452
0.309909 -0.28316 0.559949
 0.310329 -0.282715  0.559446
 0.310749 -0.282269  0.558943
 0.311169 -0.281823   0.55844
  0.31159 -0.281376  0.557937
  0.31201 -0.280931  0.557434
  0.31243 -0.280484  0.556931
  0.31285 -0.280038  0.556428
 0.313271 -0.279593  0.555925
 0.313691 -0.279147  0.555422
0.314111  -0.2787 0.554919
 0.314532 -0.278254  0.554416
 0.314952 -0.277808  0.553913
 0.315372 -0.277362   0.55341
 0.315792 -0.276916  0.552907
0.316212 -0.27647 0.552404
 0.316633 -0.276024  0.551902
 0.317053 -0.275578  0.551398
 0.317473 -0.275132  0.550895
 0.317893 -0.274686  0.550393
0.318314 -0.27424 0.549889
 0.318735 -0.273794  0.549386
 0.319155 -0.273348  0.548883
 0.319576 -0.272901   0.54838
 0.319996 -0.272455  0.547877
0.320416 -0.27201 0.547374
 0.320836 -0.271564  0.546871
 0.321256 -0.271117  0.546368
 0.321677 -0.270671  0.545865
 0.322097 -0.270225  0.545361
 0.322518 -0.269779  0.544859
 0.322938 -0.269333  0.544356
 0.323358 -0.268887  0.543853
 0.323778 -0.268441   0.54335
 0.324198 -0.267995  0.542847
 0.324619 -0.267549  0.542344
 0.325039 -0.267103  0.541841
 0.325459 -0.266657  0.541338
 0.325879 -0.266211  0.540835
 0.326299 -0.265765  0.540332
 0.32672 -0.26532  0.53983
  0.32714 -0.264874  0.539327
  0.32756 -0.264427  0.538824
  0.32798 -0.263982  0.538321
   0.3284 -0.263536  0.537818
0.328821 -0.26309 0.537315
 0.329241 -0.262644  0.536812
 0.329661 -0.262198   0.53631
 0.330081 -0.261752  0.535807
 0.330501 -0.261306  0.535304
0.330922 -0.26086   0.5348
 0.331342 -0.260414  0.534297
 0.331762 -0.259968  0.533795
 0.332182 -0.259522  0.533292
 0.332602 -0.259076  0.532789
0.333022 -0.25863 0.532286
 0.333443 -0.258184  0.531783
 0.333863 -0.257739  0.531281
 0.334283 -0.257293  0.530778
 0.334703 -0.256847  0.530275
 0.335123 -0.256401  0.529772
 0.335543 -0.255955   0.52927
 0.335963 -0.255509  0.528767
 0.336383 -0.255064  0.528264
 0.336804 -0.254618  0.527761
 0.337227 -0.254168  0.527254
 0.337647 -0.253722  0.526751
 0.338068 -0.253276  0.526248
0.338488 -0.25283 0.525746
 0.338908 -0.252385  0.525243
 0.339327 -0.251939  0.524741
 0.339743 -0.251498  0.524243
 0.340154 -0.251061  0.523751
 0.340562 -0.250629  0.523263
 0.340966 -0.250201   0.52278
 0.341365 -0.249777  0.522302
  0.34176 -0.249358   0.52183
  0.34215 -0.248943  0.521362
 0.342537 -0.248533    0.5209
 0.342919 -0.248128  0.520443
 0.343296 -0.247727  0.519991
 0.34367 -0.24733 0.519543
  0.34404 -0.246938  0.519101
0.344405 -0.24655 0.518664
 0.344766 -0.246167  0.518232
 0.345123 -0.245789  0.517805
 0.345475 -0.245415  0.517383
 0.345823 -0.245045  0.516967
0.346167 -0.24468 0.516555
0.346507 -0.24432 0.516148
 0.346843 -0.243963  0.515746
 0.347174 -0.243612   0.51535
 0.347502 -0.243264  0.514958
 0.347824 -0.242922  0.514572
 0.348143 -0.242584   0.51419
0.348457 -0.24225 0.513814
 0.348767 -0.241921  0.513443
 0.349073 -0.241596  0.513077
 0.349375 -0.241276  0.512716
0.349673 -0.24096  0.51236
 0.349966 -0.240649  0.512009
 0.350255 -0.240342  0.511663
 0.35054 -0.24004 0.511322
  0.35082 -0.239742  0.510986
 0.351097 -0.239449  0.510655
0.351369 -0.23916  0.51033
 0.351637 -0.238875  0.510009
 0.351899 -0.238597  0.509695
 0.352159 -0.238321  0.509384
0.352414 -0.23805 0.509078
 0.352665 -0.237784  0.508778
 0.352912 -0.237522  0.508483
 0.353155 -0.237264  0.508192
 0.353393 -0.237011  0.507907
 0.353628 -0.236763  0.507627
 0.353857 -0.236519  0.507351
 0.354083 -0.236279  0.507081
 0.354305 -0.236044  0.506816
 0.354522 -0.235814  0.506556
 0.354735 -0.235588  0.506301
 0.354944 -0.235366  0.506051
 0.355148 -0.235149  0.505807
 0.355349 -0.234936  0.505567
 0.355545 -0.234728  0.505332
 0.355737 -0.234525  0.505102
 0.355924 -0.234325  0.504878
 0.356108 -0.234131  0.504658
 0.356287 -0.233941  0.504444
 0.356462 -0.233755  0.504234
 0.356633 -0.233574   0.50403
 0.356799 -0.233397  0.503831
 0.356962 -0.233225  0.503636
  0.35712 -0.233057  0.503447
 0.357274 -0.232893  0.503263
 0.357423 -0.232735  0.503084
0.357569 -0.23258  0.50291
 0.35771 -0.23243 0.502741
 0.357847 -0.232285  0.502577
  0.35798 -0.232144  0.502418
 0.358108 -0.232008  0.502264
 0.358233 -0.231876  0.502115
 0.358353 -0.231748  0.501972
 0.358468 -0.231625  0.501833
  0.35858 -0.231507  0.501699
 0.358688 -0.231393  0.501571
 0.358791 -0.231283  0.501447
  0.35889 -0.231178  0.501329
 0.358984 -0.231078  0.501215
 0.359075 -0.230982  0.501107
0.359161 -0.23089 0.501004
 0.359243 -0.230803  0.500906
0.359321 -0.23072 0.500812
 0.359395 -0.230642  0.500724
 0.359464 -0.230569  0.500641
 0.359529 -0.230499  0.500563
  0.35959 -0.230435   0.50049
 0.359647 -0.230374  0.500422
   0.3597 -0.230319  0.500359
 0.359748 -0.230268  0.500302
 0.359792 -0.230221  0.500249
 0.359832 -0.230179  0.500201
 0.359867 -0.230141  0.500159
 0.359899 -0.230107  0.500121
 0.359926 -0.230079  0.500089
 0.359949 -0.230054  0.500061
 0.359967 -0.230034  0.500039
 0.359982 -0.230019  0.500022
 0.359992 -0.230008  0.500009
 0.359998 -0.230002  0.500002
 0.36 -0.23   0.5
 0.36 -0.23   0.5
 0.36 -0.23   0.5
 0.36 -0.23   0.5
 0.36 -0.23   0.5
 0.36 -0.23   0.5
 0.36 -0.23   0.5
 0.36 -0.23   0.5
 0.36 -0.23   0.5
 0.36 -0.23   0.5
 0.36 -0.23   0.5
 0.36 -0.23   0.5
 0.36 -0.23   0.5
 0.36 -0.23   0.5
 0.36 -0.23   0.5
 0.36 -0.23   0.5
 0.36 -0.23   0.5
 0.36 -0.23   0.5
 0.36 -0.23   0.5
 0.36 -0.23   0.5
 0.36 -0.23   0.5
 0.36 -0.23   0.5
 0.36 -0.23   0.5
 0.36 -0.23   0.5
 0.36 -0.23   0.5
 0.36 -0.23   0.5
 0.36 -0.23   0.5
 0.36 -0.23   0.5
 0.36 -0.23   0.5
 0.36 -0.23   0.5
 0.36 -0.23   0.5
 0.36 -0.23   0.5
 0.36 -0.23   0.5
 0.36 -0.23   0.5
 0.36 -0.23   0.5
 0.36 -0.23   0.5
 0.36 -0.23   0.5
 0.36 -0.23   0.5
 0.36 -0.23   0.5
 0.36 -0.23   0.5
 0.36 -0.23   0.5
 0.36 -0.23   0.5
 0.36 -0.23   0.5
 0.36 -0.23   0.5
 0.36 -0.23   0.5
 0.36 -0.23   0.5
 0.36 -0.23   0.5
 0.36 -0.23   0.5
 0.36 -0.23   0.5
 0.36 -0.23   0.5
 0.36 -0.23   0.5
 0.36 -0.23   0.5
 0.36 -0.23   0.5
 0.36 -0.23   0.5
 0.36 -0.23   0.5
 0.36 -0.23   0.5
 0.36 -0.23   0.5
 0.36 -0.23   0.5
 0.36 -0.23   0.5
 0.36 -0.23   0.5
 0.36 -0.23   0.5
 0.36 -0.23   0.5
 0.36 -0.23   0.5
 0.36 -0.23   0.5
 0.36 -0.23   0.5
 0.36 -0.23   0.5
 0.36 -0.23   0.5
 0.36 -0.23   0.5
 0.36 -0.23   0.5
 0.36 -0.23   0.5
 0.36 -0.23   0.5
 0.36 -0.23   0.5
 0.36 -0.23   0.5
 0.36 -0.23   0.5
 0.36 -0.23   0.5
 0.36 -0.23   0.5
 0.36 -0.23   0.5
 0.36 -0.23   0.5
 0.36 -0.23   0.5
 0.36 -0.23   0.5
 0.36 -0.23   0.5
 0.36 -0.23   0.5
 0.36 -0.23   0.5
 0.36 -0.23   0.5
 0.36 -0.23   0.5
 0.36 -0.23   0.5
 0.36 -0.23   0.5
 0.36 -0.23   0.5
 0.36 -0.23   0.5
 0.36 -0.23   0.5
 0.36 -0.23   0.5
 0.36 -0.23   0.5
 0.36 -0.23   0.5
 0.36 -0.23   0.5
 0.36 -0.23   0.5
 0.36 -0.23   0.5
 0.36 -0.23   0.5
 0.36 -0.23   0.5
 0.36 -0.23   0.5
 0.36 -0.23   0.5
 0.36 -0.23   0.5
 0.36 -0.23   0.5
 0.36 -0.23   0.5
 0.36 -0.23   0.5
 0.36 -0.23   0.5
 0.36 -0.23   0.5
 0.36 -0.23   0.5
 0.36 -0.23   0.5
 0.36 -0.23   0.5
 0.36 -0.23   0.5
 0.36 -0.23   0.5
 0.36 -0.23   0.5
 0.36 -0.23   0.5
 0.36 -0.23   0.5
 0.36 -0.23   0.5
 0.36 -0.23   0.5
 0.36 -0.23   0.5
 0.36 -0.23   0.5
 0.36 -0.23   0.5
 0.36 -0.23   0.5
 0.36 -0.23   0.5
 0.36 -0.23   0.5
 0.36 -0.23   0.5
 0.36 -0.23   0.5
 0.36 -0.23   0.5
 0.36 -0.23   0.5
 0.36 -0.23   0.5
 0.36 -0.23   0.5
 0.36 -0.23   0.5
 0.36 -0.23   0.5
 0.36 -0.23   0.5
 0.36 -0.23   0.5
 0.36 -0.23   0.5
 0.36 -0.23   0.5
 0.36 -0.23   0.5
 0.36 -0.23   0.5
 0.36 -0.23   0.5
 0.36 -0.23   0.5
 0.36 -0.23   0.5
 0.36 -0.23   0.5
 0.36 -0.23   0.5
 0.36 -0.23   0.5
 0.36 -0.23   0.5
 0.36 -0.23   0.5
 0.36 -0.23   0.5
 0.36 -0.23   0.5
 0.36 -0.23   0.5
 0.36 -0.23   0.5
 0.36 -0.23   0.5
 0.36 -0.23   0.5
 0.36 -0.23   0.5
 0.36 -0.23   0.5
 0.36 -0.23   0.5
 0.36 -0.23   0.5
 0.36 -0.23   0.5
 0.36 -0.23   0.5
 0.36 -0.23   0.5
 0.36 -0.23   0.5
 0.36 -0.23   0.5
 0.36 -0.23   0.5
 0.36 -0.23   0.5
 0.36 -0.23   0.5
 0.36 -0.23   0.5
 0.36 -0.23   0.5
 0.36 -0.23   0.5
 0.36 -0.23   0.5
 0.36 -0.23   0.5
 0.36 -0.23   0.5
 0.36 -0.23   0.5
 0.36 -0.23   0.5
 0.36 -0.23   0.5
 0.36 -0.23   0.5
 0.36 -0.23   0.5
 0.36 -0.23   0.5
 0.36 -0.23   0.5
 0.36 -0.23   0.5
 0.36 -0.23   0.5
 0.36 -0.23   0.5
 0.36 -0.23   0.5
 0.36 -0.23   0.5
 0.36 -0.23   0.5
 0.36 -0.23   0.5
 0.36 -0.23   0.5
 0.36 -0.23   0.5
 0.36 -0.23   0.5
 0.36 -0.23   0.5
 0.36 -0.23   0.5
 0.36 -0.23   0.5
 0.36 -0.23   0.5
 0.36 -0.23   0.5
 0.36 -0.23   0.5
 0.36 -0.23   0.5
 0.36 -0.23   0.5
 0.36 -0.23   0.5
 0.36 -0.23   0.5
 0.36 -0.23   0.5
 0.36 -0.23   0.5
 0.36 -0.23   0.5
 0.36 -0.23   0.5
 0.36 -0.23   0.5
 0.36 -0.23   0.5
 0.36 -0.23   0.5
 0.36 -0.23   0.5
 0.36 -0.23   0.5
 0.36 -0.23   0.5
 0.36 -0.23   0.5
 0.36 -0.23   0.5
 0.36 -0.23   0.5
 0.36 -0.23   0.5
 0.36 -0.23   0.5
 0.36 -0.23   0.5
 0.36 -0.23   0.5
 0.36 -0.23   0.5
 0.36 -0.23   0.5
 0.36 -0.23   0.5
 0.36 -0.23   0.5
 0.36 -0.23   0.5
 0.36 -0.23   0.5
 0.36 -0.23   0.5
 0.36 -0.23   0.5
 0.36 -0.23   0.5
 0.36 -0.23   0.5
 0.36 -0.23   0.5
 0.36 -0.23   0.5
 0.36 -0.23   0.5
 0.36 -0.23   0.5
 0.36 -0.23   0.5
 0.36 -0.23   0.5
 0.36 -0.23   0.5
 0.36 -0.23   0.5
 0.36 -0.23   0.5
 0.36 -0.23   0.5
 0.36 -0.23   0.5
 0.36 -0.23   0.5
 0.36 -0.23   0.5
 0.36 -0.23   0.5
 0.36 -0.23   0.5
 0.36 -0.23   0.5
 0.36 -0.23   0.5
 0.36 -0.23   0.5
 0.36 -0.23   0.5
 0.36 -0.23   0.5
 0.36 -0.23   0.5
 0.36 -0.23   0.5
 0.36 -0.23   0.5
 0.36 -0.23   0.5
 0.36 -0.23   0.5
 0.36 -0.23   0.5
 0.36 -0.23   0.5
 0.36 -0.23   0.5
 0.36 -0.23   0.5
 0.36 -0.23   0.5
 0.36 -0.23   0.5
 0.36 -0.23   0.5
 0.36 -0.23   0.5
 0.36 -0.23   0.5
 0.36 -0.23   0.5
 0.36 -0.23   0.5
 0.36 -0.23   0.5
 0.36 -0.23   0.5
 0.36 -0.23   0.5
 0.36 -0.23   0.5
 0.36 -0.23   0.5
 0.36 -0.23   0.5
 0.36 -0.23   0.5
 0.36 -0.23   0.5
 0.36 -0.23   0.5
 0.36 -0.23   0.5
 0.36 -0.23   0.5
 0.36 -0.23   0.5
 0.36 -0.23   0.5
 0.36 -0.23   0.5
 0.36 -0.23   0.5
 0.36 -0.23   0.5
 0.36 -0.23   0.5
 0.36 -0.23   0.5
 0.36 -0.23   0.5
 0.36 -0.23   0.5
 0.36 -0.23   0.5
 0.36 -0.23   0.5
 0.36 -0.23   0.5
 0.36 -0.23   0.5
 0.36 -0.23   0.5
 0.36 -0.23   0.5
 0.36 -0.23   0.5
 0.36 -0.23   0.5
 0.36 -0.23   0.5
 0.36 -0.23   0.5
 0.36 -0.23   0.5
 0.36 -0.23   0.5
 0.36 -0.23   0.5
 0.36 -0.23   0.5
 0.36 -0.23   0.5
 0.36 -0.23   0.5
 0.36 -0.23   0.5
 0.36 -0.23   0.5
 0.36 -0.23   0.5
 0.36 -0.23   0.5
 0.36 -0.23   0.5
 0.36 -0.23   0.5
 0.36 -0.23   0.5
 0.36 -0.23   0.5
 0.36 -0.23   0.5
 0.36 -0.23   0.5
 0.36 -0.23   0.5
 0.36 -0.23   0.5
 0.36 -0.23   0.5
 0.36 -0.23   0.5
 0.36 -0.23   0.5
 0.36 -0.23   0.5
 0.36 -0.23   0.5
 0.36 -0.23   0.5
 0.36 -0.23   0.5
 0.36 -0.23   0.5
 0.36 -0.23   0.5
 0.36 -0.23   0.5
 0.36 -0.23   0.5
 0.36 -0.23   0.5
 0.36 -0.23   0.5
 0.36 -0.23   0.5
 0.36 -0.23   0.5
 0.36 -0.23   0.5
 0.36 -0.23   0.5
 0.36 -0.23   0.5
 0.36 -0.23   0.5
 0.36 -0.23   0.5
 0.36 -0.23   0.5
 0.36 -0.23   0.5
 0.36 -0.23   0.5
 0.36 -0.23   0.5
 0.36 -0.23   0.5
 0.36 -0.23   0.5
 0.36 -0.23   0.5
 0.36 -0.23   0.5
 0.36 -0.23   0.5
 0.36 -0.23   0.5
 0.36 -0.23   0.5
 0.36 -0.23   0.5
 0.36 -0.23   0.5
 0.36 -0.23   0.5
 0.36 -0.23   0.5
 0.36 -0.23   0.5
 0.36 -0.23   0.5
 0.36 -0.23   0.5
 0.36 -0.23   0.5
 0.36 -0.23   0.5
 0.36 -0.23   0.5
 0.36 -0.23   0.5
 0.36 -0.23   0.5
 0.36 -0.23   0.5
 0.36 -0.23   0.5
 0.36 -0.23   0.5
 0.36 -0.23   0.5
 0.36 -0.23   0.5
 0.36 -0.23   0.5
 0.36 -0.23   0.5
 0.36 -0.23   0.5
 0.36 -0.23   0.5
 0.36 -0.23   0.5
 0.36 -0.23   0.5
 0.36 -0.23   0.5
 0.36 -0.23   0.5
 0.36 -0.23   0.5
 0.36 -0.23   0.5
 0.36 -0.23   0.5
 0.36 -0.23   0.5
 0.36 -0.23   0.5
 0.36 -0.23   0.5
 0.36 -0.23   0.5
 0.36 -0.23   0.5
 0.36 -0.23   0.5
 0.36 -0.23   0.5
 0.36 -0.23   0.5
 0.36 -0.23   0.5
 0.36 -0.23   0.5
 0.36 -0.23   0.5
 0.36 -0.23   0.5
 0.36 -0.23   0.5
 0.36 -0.23   0.5
 0.36 -0.23   0.5
 0.36 -0.23   0.5
 0.36 -0.23   0.5
 0.36 -0.23   0.5
 0.36 -0.23   0.5
 0.36 -0.23   0.5
 0.36 -0.23   0.5
 0.36 -0.23   0.5
 0.36 -0.23   0.5
 0.36 -0.23   0.5
 0.36 -0.23   0.5
 0.36 -0.23   0.5
 0.36 -0.23   0.5
 0.36 -0.23   0.5
 0.36 -0.23   0.5
 0.36 -0.23   0.5
 0.36 -0.23   0.5
 0.36 -0.23   0.5
 0.36 -0.23   0.5
 0.36 -0.23   0.5
 0.36 -0.23   0.5
 0.36 -0.23   0.5
 0.36 -0.23   0.5
 0.36 -0.23   0.5
 0.36 -0.23   0.5
 0.36 -0.23   0.5
 0.36 -0.23   0.5
 0.36 -0.23   0.5
 0.36 -0.23   0.5
 0.36 -0.23   0.5
 0.36 -0.23   0.5
 0.36 -0.23   0.5
 0.36 -0.23   0.5
 0.36 -0.23   0.5
 0.36 -0.23   0.5
 0.36 -0.23   0.5
 0.36 -0.23   0.5
 0.36 -0.23   0.5
 0.36 -0.23   0.5
 0.36 -0.23   0.5
 0.36 -0.23   0.5
 0.36 -0.23   0.5
 0.36 -0.23   0.5
 0.36 -0.23   0.5
 0.36 -0.23   0.5
 0.36 -0.23   0.5
 0.36 -0.23   0.5
 0.36 -0.23   0.5
 0.36 -0.23   0.5
 0.36 -0.23   0.5
 0.36 -0.23   0.5
 0.36 -0.23   0.5
 0.36 -0.23   0.5
 0.36 -0.23   0.5
 0.36 -0.23   0.5
 0.36 -0.23   0.5
 0.36 -0.23   0.5
 0.36 -0.23   0.5
 0.36 -0.23   0.5
 0.36 -0.23   0.5
 0.36 -0.23   0.5
 0.36 -0.23   0.5
 0.36 -0.23   0.5
 0.36 -0.23   0.5
 0.36 -0.23   0.5
 0.36 -0.23   0.5
 0.36 -0.23   0.5
 0.36 -0.23   0.5
 0.36 -0.23   0.5
 0.36 -0.23   0.5
 0.36 -0.23   0.5
 0.36 -0.23   0.5
 0.36 -0.23   0.5
 0.36 -0.23   0.5
 0.36 -0.23   0.5
 0.36 -0.23   0.5
 0.36 -0.23   0.5
 0.36 -0.23   0.5
 0.36 -0.23   0.5
 0.36 -0.23   0.5
 0.36 -0.23   0.5
 0.36 -0.23   0.5
 0.36 -0.23   0.5
 0.36 -0.23   0.5
 0.36 -0.23   0.5
 0.36 -0.23   0.5
 0.36 -0.23   0.5
 0.36 -0.23   0.5
 0.36 -0.23   0.5
 0.36 -0.23   0.5
 0.36 -0.23   0.5
 0.36 -0.23   0.5
 0.36 -0.23   0.5
 0.36 -0.23   0.5
 0.36 -0.23   0.5
