0.269024 -0.32655 0.608879
 0.269017 -0.326558  0.608872
 0.269006 -0.326568  0.608863
  0.26899 -0.326583  0.608851
 0.268973 -0.326597  0.608841
 0.268957 -0.326614  0.608833
  0.26894 -0.326624  0.608829
 0.268926 -0.326637  0.608828
 0.268914 -0.326647  0.608827
 0.268905 -0.326656   0.60883
   0.2689 -0.326662  0.608837
 0.268896 -0.326663  0.608846
0.268897 -0.32666  0.60886
 0.268901 -0.326649  0.608875
  0.26891 -0.326637  0.608894
 0.268922 -0.326625  0.608908
 0.268937 -0.326606  0.608931
 0.268958 -0.326582  0.608951
 0.268979 -0.326553   0.60897
 0.269005 -0.326518   0.60899
 0.269032 -0.326478  0.609007
 0.269062 -0.326436  0.609023
 0.269092 -0.326386  0.609036
 0.269122 -0.326334  0.609049
 0.269153 -0.326274  0.609055
0.269184 -0.32621 0.609058
 0.269213 -0.326145  0.609057
 0.269243 -0.326071  0.609049
 0.269269 -0.325998  0.609036
0.269292 -0.32592 0.609018
0.269312 -0.32584 0.608995
 0.269328 -0.325755  0.608964
 0.269342 -0.325669  0.608932
 0.269349 -0.325578  0.608885
 0.269354 -0.325487  0.608834
 0.269354 -0.325389  0.608779
 0.269343 -0.325287  0.608707
 0.269334 -0.325183  0.608638
 0.269321 -0.325079  0.608558
0.269307 -0.32497 0.608483
 0.269285 -0.324859  0.608388
 0.269259 -0.324741  0.608291
 0.269231 -0.324621  0.608186
 0.269199 -0.324495  0.608075
 0.269166 -0.324365  0.607959
 0.269129 -0.324228  0.607836
 0.269091 -0.324085   0.60771
 0.269051 -0.323939  0.607574
 0.269011 -0.323783  0.607439
 0.268968 -0.323624   0.60729
 0.268925 -0.323456  0.607142
 0.268883 -0.323282  0.606988
 0.268839 -0.323098   0.60683
 0.268801 -0.322903  0.606651
 0.268758 -0.322706  0.606482
 0.268717 -0.322498  0.606314
 0.268676 -0.322286  0.606135
 0.268635 -0.322062  0.605957
 0.268595 -0.321831  0.605775
 0.268556 -0.321593  0.605587
 0.268517 -0.321347  0.605398
 0.268478 -0.321094  0.605203
 0.268439 -0.320833  0.605008
 0.268399 -0.320563  0.604805
 0.268344 -0.320256  0.604588
 0.268304 -0.319973  0.604379
  0.26826 -0.319684  0.604166
 0.268219 -0.319388  0.603951
 0.268172 -0.319087  0.603731
 0.268134 -0.318787   0.60353
 0.268084 -0.318478  0.603302
 0.268035 -0.318159  0.603077
  0.26798 -0.317841   0.60284
 0.267925 -0.317513  0.602606
 0.267865 -0.317183  0.602368
 0.267805 -0.316849  0.602123
 0.26774 -0.31651 0.601879
 0.267675 -0.316164  0.601628
 0.267606 -0.315819  0.601377
 0.267536 -0.315464  0.601119
 0.267462 -0.315108  0.600862
 0.267401 -0.314779  0.600595
 0.267326 -0.314414  0.600331
  0.26725 -0.314042  0.600069
 0.267174 -0.313666  0.599804
 0.267098 -0.313287  0.599541
0.267022  -0.3129 0.599273
 0.266947 -0.312508  0.599008
 0.266874 -0.312113  0.598743
 0.266803 -0.311709  0.598478
 0.266714 -0.311253    0.5982
 0.266648 -0.310838  0.597939
 0.266586 -0.310418  0.597685
 0.266528 -0.309995  0.597427
 0.266483 -0.309576  0.597203
 0.266433 -0.309141  0.596954
 0.266388 -0.308701  0.596713
 0.266348 -0.308259  0.596476
 0.266313 -0.307811  0.596245
 0.266292 -0.307348  0.595993
 0.266268 -0.306895  0.595773
  0.26625 -0.306437  0.595564
 0.266237 -0.305976  0.595356
  0.26623 -0.305511  0.595158
 0.266228 -0.305047  0.594963
 0.266232 -0.304578  0.594777
 0.266241 -0.304107  0.594596
 0.266254 -0.303633   0.59442
 0.266274 -0.303161   0.59425
 0.266296 -0.302684  0.594083
 0.266324 -0.302206  0.593927
 0.266354 -0.301728  0.593767
 0.266389 -0.301248  0.593615
0.266428 -0.30077 0.593467
0.266469 -0.30029 0.593322
 0.266514 -0.299809  0.593183
 0.266552 -0.299294  0.593034
 0.266604 -0.298813  0.592901
 0.266657 -0.298332  0.592765
 0.266712 -0.297852  0.592633
  0.26677 -0.297374  0.592501
  0.26683 -0.296894  0.592372
 0.266892 -0.296415  0.592245
 0.266957 -0.295943  0.592122
 0.267034 -0.295446  0.591983
0.267101 -0.29497 0.591854
0.267172 -0.29449 0.591733
 0.267243 -0.294012  0.591603
 0.267317 -0.293533  0.591477
 0.267393 -0.293055  0.591353
 0.267471 -0.292579  0.591226
0.267552  -0.2921 0.591104
 0.267635 -0.291622  0.590977
 0.267721 -0.291143  0.590855
 0.267809 -0.290664  0.590727
   0.2679 -0.290185  0.590601
 0.267995 -0.289707  0.590476
 0.268091 -0.289227   0.59035
 0.268192 -0.288747  0.590227
 0.268295 -0.288267  0.590101
 0.268403 -0.287786  0.589979
 0.268512 -0.287305  0.589852
 0.268641 -0.286769  0.589726
 0.268754 -0.286291  0.589594
 0.268875 -0.285844   0.58947
 0.268999 -0.285363  0.589351
  0.26913 -0.284849  0.589234
 0.269261 -0.284368  0.589113
0.269393 -0.28389 0.588988
 0.269525 -0.283412  0.588857
 0.269662 -0.282934  0.588729
 0.269802 -0.282457  0.588603
 0.269944 -0.281983  0.588475
 0.270088 -0.281508  0.588347
 0.270235 -0.281034  0.588218
 0.270382 -0.280561  0.588086
 0.270531 -0.280089  0.587955
  0.27068 -0.279618  0.587816
 0.270831 -0.279148  0.587677
 0.270983 -0.278682  0.587534
 0.271136 -0.278213  0.587387
  0.27129 -0.277745  0.587239
 0.271443 -0.277278  0.587085
0.271598 -0.27681  0.58693
 0.271752 -0.276343  0.586766
 0.271907 -0.275876  0.586604
 0.272061 -0.275412  0.586428
 0.272215 -0.274945  0.586253
  0.27237 -0.274478  0.586073
0.272524 -0.27401 0.585886
 0.272679 -0.273542  0.585697
 0.272832 -0.273073  0.585501
 0.272987 -0.272604  0.585304
  0.27314 -0.272137  0.585094
 0.273293 -0.271666  0.584884
 0.273447 -0.271194  0.584671
 0.273601 -0.270721  0.584452
 0.273755 -0.270248  0.584231
 0.273908 -0.269773  0.584003
 0.274063 -0.269298  0.583775
 0.274216 -0.268825  0.583537
 0.274371 -0.268348    0.5833
 0.274525 -0.267871   0.58306
 0.274684 -0.267369  0.582789
  0.27484 -0.266891  0.582544
 0.274995 -0.266412  0.582295
 0.275151 -0.265934  0.582045
 0.275307 -0.265458   0.58179
0.275464 -0.26498 0.581539
 0.275631 -0.264484   0.58128
0.275788 -0.26401 0.581021
 0.275945 -0.263534  0.580763
 0.276102 -0.263059  0.580503
 0.276259 -0.262585  0.580243
 0.276416 -0.262113   0.57998
 0.276574 -0.261641   0.57972
 0.276731 -0.261171  0.579453
 0.276888 -0.260705  0.579187
 0.277045 -0.260238  0.578922
 0.277202 -0.259771  0.578654
 0.277359 -0.259306  0.578387
 0.277515 -0.258843  0.578117
 0.277676 -0.258355   0.57782
 0.277831 -0.257892  0.577547
 0.277989 -0.257433  0.577276
 0.278144 -0.256972  0.576999
 0.278299 -0.256511  0.576723
 0.278468 -0.256022  0.576451
 0.278624 -0.255564  0.576171
  0.27878 -0.255104  0.575893
 0.278935 -0.254643  0.575611
 0.279092 -0.254183  0.575332
 0.279246 -0.253722  0.575047
 0.279402 -0.253261  0.574762
 0.279557 -0.252803  0.574476
 0.279712 -0.252341  0.574189
 0.279867 -0.251879  0.573901
 0.280021 -0.251417  0.573611
 0.280176 -0.250954  0.573322
  0.28033 -0.250491  0.573028
0.280498    -0.25 0.572729
  0.28065 -0.249538  0.572429
 0.280804 -0.249072  0.572133
 0.280947 -0.248607  0.571817
  0.28111 -0.248139  0.571538
 0.281263 -0.247672  0.571242
 0.281404 -0.247207  0.570921
0.281556 -0.24674 0.570624
 0.281706 -0.246276  0.570321
 0.281857 -0.245811   0.57002
 0.282006 -0.245346  0.569721
 0.282167 -0.244868  0.569416
 0.282315 -0.244406  0.569118
 0.282462 -0.243946  0.568818
 0.282608 -0.243489  0.568521
 0.282753 -0.243034  0.568221
 0.282898 -0.242581  0.567928
  0.28304 -0.242135  0.567626
 0.283181 -0.241689  0.567331
0.283335 -0.24122 0.567028
 0.283473 -0.240782  0.566734
 0.283612 -0.240348  0.566444
 0.283747 -0.239918  0.566152
 0.283883 -0.239495  0.565864
 0.284006 -0.239078  0.565556
 0.284148 -0.238657  0.565287
 0.284269 -0.238249  0.564986
 0.284398 -0.237842  0.564702
 0.284537 -0.237415  0.564421
0.284653 -0.23704  0.56414
 0.284779 -0.236648  0.563862
 0.284903 -0.236258  0.563584
 0.285038 -0.235846  0.563313
  0.28516 -0.235467  0.563034
 0.285281 -0.235088  0.562762
 0.285403 -0.234713  0.562492
 0.285523 -0.234341  0.562223
 0.285643 -0.233972  0.561957
 0.285761 -0.233607   0.56169
  0.28588 -0.233246  0.561428
 0.285997 -0.232886  0.561162
 0.286124 -0.232506  0.560891
  0.28624 -0.232151  0.560633
0.286355  -0.2318 0.560374
0.286471 -0.23145 0.560119
 0.286585 -0.231107  0.559863
 0.286699 -0.230763  0.559612
 0.286807 -0.230429  0.559353
 0.286923 -0.230086  0.559108
 0.287034 -0.229751  0.558861
 0.287144 -0.229424  0.558613
 0.287253 -0.229096  0.558369
 0.287361 -0.228773  0.558126
 0.287469 -0.228453  0.557887
 0.287567 -0.228145  0.557634
 0.287673 -0.227834    0.5574
0.287775 -0.22753 0.557161
 0.287885 -0.227215  0.556924
 0.287987 -0.226917  0.556694
 0.288076 -0.226649  0.556489
 0.288184 -0.226339  0.556255
  0.28828 -0.226055  0.556029
 0.288378 -0.225779  0.555809
 0.288471 -0.225505  0.555587
 0.288565 -0.225237  0.555369
 0.288657 -0.224972  0.555154
 0.288748 -0.224713  0.554941
0.288841 -0.22446 0.554717
 0.288929 -0.224211  0.554508
 0.289018 -0.223967  0.554304
 0.289104 -0.223732  0.554098
 0.289192 -0.223497  0.553902
 0.289282 -0.223251  0.553692
 0.289365 -0.223027  0.553495
 0.289449 -0.222808  0.553303
  0.28953 -0.222596   0.55311
 0.289612 -0.222386  0.552924
 0.289692 -0.222181  0.552737
 0.289772 -0.221981  0.552554
 0.289851 -0.221784  0.552374
 0.289929 -0.221595  0.552194
 0.290007 -0.221407   0.55202
 0.290083 -0.221224  0.551846
  0.29016 -0.221045  0.551678
0.290234 -0.22087 0.551507
 0.290309 -0.220699  0.551341
 0.290383 -0.220534  0.551177
 0.290456 -0.220371  0.551016
 0.290529 -0.220211  0.550859
   0.2906 -0.220056    0.5507
 0.290671 -0.219904  0.550545
 0.290741 -0.219759  0.550392
  0.29081 -0.219615  0.550242
 0.290879 -0.219475  0.550096
 0.290946 -0.219339  0.549949
 0.291014 -0.219207   0.54981
 0.291079 -0.219082  0.549665
 0.291144 -0.218958  0.549526
0.291206 -0.21885 0.549385
 0.291271 -0.218724  0.549256
 0.291334 -0.218613  0.549127
 0.291383 -0.218528  0.549022
 0.291445 -0.218428  0.548883
 0.291509 -0.218314   0.54876
 0.291567 -0.218221  0.548637
 0.291625 -0.218136  0.548518
 0.291681 -0.218052  0.548399
 0.291738 -0.217972  0.548288
 0.291838 -0.217808  0.548143
 0.291891 -0.217739  0.548033
 0.291944 -0.217674  0.547926
 0.291995 -0.217617  0.547818
0.292046 -0.21756 0.547717
 0.292094 -0.217509  0.547615
 0.292147 -0.217461  0.547517
0.292195 -0.21741 0.547412
 0.292242 -0.217371  0.547318
 0.292289 -0.217335  0.547227
 0.292334 -0.217303  0.547136
  0.29238 -0.217275   0.54705
 0.292436 -0.217252  0.546953
0.292465 -0.21723 0.546884
 0.292509 -0.217207  0.546802
 0.292553 -0.217185  0.546721
 0.292565 -0.217229  0.546642
 0.292642 -0.217138  0.546559
 0.292687 -0.217117  0.546486
  0.29273 -0.217096  0.546407
 0.292774 -0.217073  0.546333
0.292818 -0.21705 0.546261
 0.292862 -0.217029  0.546188
 0.292908 -0.217004   0.54612
 0.292952 -0.216979  0.546048
 0.292996 -0.216953  0.545979
 0.293042 -0.216926  0.545912
 0.293086 -0.216901  0.545844
 0.293132 -0.216873   0.54578
 0.293176 -0.216846  0.545713
 0.293222 -0.216817  0.545654
 0.293234 -0.216868  0.545583
 0.293308 -0.216767  0.545525
 0.293352 -0.216741  0.545466
 0.293365 -0.216791    0.5454
 0.293438 -0.216692   0.54535
 0.293451 -0.216744  0.545285
 0.293492 -0.216734  0.545226
 0.293565 -0.216642  0.545177
 0.293605 -0.216624  0.545123
 0.293619 -0.216674   0.54506
 0.293685 -0.216593  0.545013
 0.293725 -0.216582  0.544966
 0.293735 -0.216641  0.544906
 0.293799 -0.216566  0.544866
 0.293836 -0.216564  0.544819
 0.293872 -0.216561  0.544772
 0.293908 -0.216561   0.54473
 0.293942 -0.216563  0.544684
 0.293977 -0.216566  0.544642
 0.294011 -0.216574  0.544599
 0.294045 -0.216581  0.544558
0.294078 -0.21659  0.54452
0.294111  -0.2166  0.54448
 0.294145 -0.216611  0.544446
 0.294176 -0.216623  0.544406
 0.294209 -0.216639  0.544368
 0.294241 -0.216651  0.544333
 0.294274 -0.216664  0.544297
 0.294307 -0.216677  0.544265
0.294338 -0.21669 0.544229
 0.294371 -0.216705  0.544194
 0.294404 -0.216715  0.544161
 0.294431 -0.216738  0.544125
 0.294436 -0.216797  0.544088
 0.294469 -0.216803  0.544049
0.294506  -0.2168  0.54402
 0.294536 -0.216819  0.543988
  0.29457 -0.216826  0.543955
 0.294633 -0.216762  0.543944
 0.294667 -0.216763  0.543912
 0.294704 -0.216758   0.54388
0.294737 -0.21676 0.543846
 0.294775 -0.216744  0.543819
  0.29481 -0.216742   0.54379
 0.294817 -0.216806  0.543741
 0.294879 -0.216738  0.543731
 0.294912 -0.216737    0.5437
 0.294945 -0.216735  0.543671
 0.294978 -0.216745  0.543641
 0.294985 -0.216809  0.543593
0.295017 -0.21681 0.543566
 0.295048 -0.216816  0.543536
0.295104 -0.21676 0.543533
 0.295133 -0.216767  0.543504
 0.295162 -0.216775  0.543477
 0.295191 -0.216787  0.543451
 0.295219 -0.216798  0.543425
 0.295248 -0.216811  0.543402
 0.295274 -0.216825  0.543376
0.295303 -0.21684 0.543356
 0.295328 -0.216857  0.543328
 0.295354 -0.216877  0.543303
  0.29538 -0.216896  0.543281
 0.295405 -0.216915  0.543257
 0.295432 -0.216935  0.543237
 0.295456 -0.216953  0.543208
 0.295481 -0.216976  0.543185
 0.295506 -0.216996  0.543163
 0.295531 -0.217017  0.543141
 0.295557 -0.217036   0.54312
 0.295582 -0.217055  0.543097
 0.295612 -0.217073   0.54308
 0.295612 -0.217148   0.54303
 0.295638 -0.217165  0.543008
 0.295689 -0.217134   0.54301
 0.295716 -0.217147  0.542988
 0.295744 -0.217158  0.542969
 0.295746 -0.217229  0.542921
 0.295798 -0.217177  0.542924
 0.295827 -0.217185  0.542904
 0.295855 -0.217193  0.542881
 0.295884 -0.217198  0.542861
 0.295912 -0.217202  0.542839
 0.295942 -0.217204  0.542821
 0.295969 -0.217207  0.542797
 0.295973 -0.217271  0.542751
 0.296002 -0.217273   0.54273
  0.29603 -0.217277  0.542708
 0.296082 -0.217219  0.542715
 0.296109 -0.217223  0.542692
 0.296136 -0.217226  0.542672
 0.296163 -0.217233   0.54265
 0.296189 -0.217238   0.54263
 0.296215 -0.217244  0.542611
 0.29624 -0.21725 0.542587
 0.296266 -0.217258   0.54257
 0.296289 -0.217269  0.542548
 0.296315 -0.217272  0.542532
 0.296338 -0.217285  0.542514
 0.296361 -0.217299  0.542495
 0.296384 -0.217318  0.542477
 0.296405 -0.217335  0.542457
 0.296427 -0.217354  0.542438
 0.296427 -0.217424  0.542395
 0.296448 -0.217453  0.542375
 0.296491 -0.217423  0.542385
 0.296511 -0.217446  0.542366
 0.296512 -0.217517  0.542323
 0.296554 -0.217487  0.542331
 0.296575 -0.217507  0.542314
 0.296597 -0.217526  0.542298
 0.296618 -0.217544  0.542281
 0.296641 -0.217564  0.542264
0.296663 -0.21758 0.542246
 0.296687 -0.217592   0.54223
 0.296709 -0.217607  0.542209
 0.296732 -0.217619  0.542192
0.296756 -0.21763 0.542176
 0.296779 -0.217643  0.542157
 0.296804 -0.217651  0.542143
0.296827 -0.21766 0.542123
 0.296851 -0.217667  0.542106
 0.296876 -0.217673   0.54209
   0.2969 -0.217682  0.542071
 0.296903 -0.217742  0.542027
 0.296948 -0.217692  0.542037
 0.296977 -0.217697  0.542025
 0.296999 -0.217702  0.542004
 0.297023 -0.217706  0.541987
 0.297047 -0.217711   0.54197
 0.297071 -0.217715  0.541953
0.297095 -0.21772 0.541938
 0.297117 -0.217737  0.541917
  0.29714 -0.217743    0.5419
0.297163 -0.21775 0.541884
 0.297165 -0.217809  0.541839
 0.297187 -0.217818  0.541823
 0.297228 -0.217776  0.541833
  0.29725 -0.217786  0.541815
  0.29727 -0.217799    0.5418
  0.29729 -0.217808   0.54178
0.297311 -0.21782 0.541764
 0.297331 -0.217832  0.541747
 0.297352 -0.217844  0.541733
0.297371 -0.21786 0.541714
 0.297371 -0.217923  0.541671
  0.29741 -0.217887  0.541683
 0.297429 -0.217901  0.541667
  0.29745 -0.217914  0.541653
 0.297471 -0.217919  0.541641
 0.297492 -0.217933  0.541629
  0.29751 -0.217946  0.541611
  0.29753 -0.217959  0.541596
  0.29755 -0.217975  0.541581
  0.29757 -0.217988  0.541565
0.297591   -0.218 0.541553
  0.29761 -0.218012  0.541536
  0.29763 -0.218024  0.541522
 0.297651 -0.218035  0.541508
 0.297671 -0.218048  0.541492
 0.297692 -0.218058  0.541479
 0.297712 -0.218068  0.541463
 0.297734 -0.218077  0.541452
 0.297754 -0.218086  0.541435
 0.297775 -0.218095   0.54142
 0.297796 -0.218103  0.541407
 0.297816 -0.218113  0.541391
 0.297838 -0.218121  0.541379
 0.297839 -0.218177  0.541333
 0.297859 -0.218184  0.541318
   0.2979 -0.218143  0.541334
  0.29792 -0.218149   0.54132
 0.297941 -0.218166  0.541304
 0.297961 -0.218165   0.54129
0.297983 -0.21817 0.541279
 0.298002 -0.218177  0.541262
 0.298022 -0.218189  0.541243
 0.298024 -0.218243    0.5412
 0.298062 -0.218204  0.541214
0.298083 -0.21821 0.541201
 0.298102 -0.218217  0.541186
 0.298123 -0.218224  0.541176
 0.298141 -0.218231  0.541158
 0.298142 -0.218285  0.541115
 0.298179 -0.218248   0.54113
 0.298198 -0.218256  0.541115
 0.298218 -0.218264  0.541104
 0.298237 -0.218274  0.541088
 0.298256 -0.218282  0.541075
 0.298275 -0.218291  0.541062
0.298293  -0.2183 0.541048
 0.298312 -0.218308  0.541036
  0.29833 -0.218317  0.541022
  0.29835 -0.218329  0.541012
 0.298349 -0.218385  0.540966
 0.298367 -0.218392  0.540949
 0.298386 -0.218401  0.540937
0.298404 -0.21841 0.540923
 0.298424 -0.218419  0.540913
 0.298441 -0.218427  0.540898
 0.298459 -0.218435  0.540885
 0.298496 -0.218398  0.540903
 0.298515 -0.218404   0.54089
 0.298535 -0.218417  0.540878
 0.298553 -0.218423  0.540866
 0.298575 -0.218419  0.540861
 0.298593 -0.218425  0.540846
 0.298612 -0.218429  0.540835
 0.298632 -0.218434  0.540824
  0.29865 -0.218442   0.54081
  0.29867 -0.218447  0.540801
 0.298688 -0.218452  0.540788
 0.298707 -0.218459  0.540776
 0.298725 -0.218465  0.540765
 0.298726 -0.218516  0.540723
 0.298762 -0.218478  0.540743
 0.298779 -0.218487  0.540726
 0.298798 -0.218494  0.540718
 0.298798 -0.218546  0.540673
 0.298815 -0.218554  0.540661
0.298849 -0.21852 0.540681
 0.298866 -0.218528  0.540669
 0.298884 -0.218539  0.540659
 0.298901 -0.218548  0.540646
 0.298918 -0.218557  0.540635
 0.298919 -0.218607  0.540594
 0.298952 -0.218574  0.540612
  0.29897 -0.218582  0.540603
 0.298986 -0.218593  0.540589
 0.299005 -0.218601  0.540581
 0.299021 -0.218615  0.540566
 0.299039 -0.218625  0.540556
  0.29904 -0.218675  0.540515
 0.299073 -0.218639  0.540533
 0.299091 -0.218645  0.540524
 0.299108 -0.218652  0.540511
 0.299127 -0.218657  0.540504
 0.299143 -0.218662  0.540489
 0.29916 -0.21867 0.540476
 0.299178 -0.218674  0.540465
 0.299195 -0.218679  0.540453
 0.299213 -0.218683  0.540444
  0.29923 -0.218687   0.54043
 0.299231 -0.218733  0.540386
 0.299265 -0.218695  0.540403
 0.299282 -0.218698  0.540391
   0.2993 -0.218701  0.540381
 0.299317 -0.218705  0.540368
 0.299336 -0.218708   0.54036
 0.299352 -0.218712  0.540345
 0.299369 -0.218716  0.540334
 0.299386 -0.218722  0.540322
 0.299403 -0.218732   0.54031
 0.299422 -0.218726  0.540306
 0.299438 -0.218734  0.540292
 0.299454 -0.218739  0.540281
 0.299471 -0.218744  0.540271
 0.299472 -0.218792  0.540231
 0.299504 -0.218756   0.54025
  0.29952 -0.218763  0.540239
 0.299538 -0.218769  0.540231
 0.299553 -0.218778  0.540217
 0.299568 -0.218785  0.540206
 0.299585 -0.218792  0.540197
0.299601  -0.2188 0.540186
 0.299617 -0.218806  0.540178
 0.299633 -0.218813  0.540166
 0.299649 -0.218823  0.540154
0.299665 -0.21883 0.540145
 0.299681 -0.218835  0.540131
 0.299697 -0.218844  0.540125
0.299713 -0.21885 0.540114
  0.29973 -0.218856  0.540107
 0.299745 -0.218861  0.540091
 0.299761 -0.218869  0.540079
 0.299778 -0.218875   0.54007
0.299793 -0.21888 0.540059
  0.29981 -0.218885  0.540051
0.299826 -0.21889 0.540039
 0.299842 -0.218895  0.540029
 0.299858 -0.218902  0.540018
 0.299874 -0.218906  0.540007
0.299891 -0.21891 0.539998
 0.299907 -0.218914  0.539987
 0.299924 -0.218917   0.53998
 0.299941 -0.218929  0.539966
 0.299957 -0.218932  0.539956
 0.299973 -0.218936  0.539946
 0.299989 -0.218939  0.539935
 0.300006 -0.218942  0.539927
 0.300022 -0.218947  0.539914
0.300039 -0.21895 0.539908
 0.300054 -0.218953  0.539894
  0.30007 -0.218956  0.539884
 0.300086 -0.218959  0.539874
 0.300101 -0.218962  0.539864
 0.300118 -0.218964  0.539856
0.300133 -0.21897 0.539842
 0.300149 -0.218973  0.539832
 0.300165 -0.218976  0.539823
  0.30018 -0.218978  0.539809
 0.300196 -0.218982  0.539801
 0.300211 -0.218985  0.539789
 0.300228 -0.218991  0.539782
 0.300242 -0.218996  0.539769
0.300257   -0.219 0.539759
 0.300272 -0.219004   0.53975
 0.300287 -0.219009   0.53974
 0.300303 -0.219013  0.539733
 0.300317 -0.219018  0.539721
 0.300332 -0.219025   0.53971
0.300347 -0.21903 0.539702
 0.300362 -0.219034  0.539692
0.300378 -0.21904 0.539684
 0.300394 -0.219037  0.539678
 0.300411 -0.219041  0.539673
 0.300424 -0.219046  0.539661
 0.300439 -0.219056  0.539651
 0.300454 -0.219061  0.539643
 0.300469 -0.219065  0.539634
 0.300485 -0.219072  0.539626
 0.300499 -0.219077  0.539616
 0.300514 -0.219081  0.539607
  0.30053 -0.219086  0.539599
 0.300531 -0.219127  0.539561
  0.30056 -0.219093  0.539582
 0.300575 -0.219097  0.539573
 0.300591 -0.219103  0.539566
 0.300605 -0.219106  0.539555
 0.300606 -0.219147  0.539518
 0.300635 -0.219113  0.539538
 0.300637 -0.219153  0.539501
 0.300653 -0.219155  0.539494
 0.300667 -0.219158  0.539484
 0.300682 -0.219163  0.539474
 0.300698 -0.219163  0.539463
 0.300713 -0.219165  0.539455
 0.300741 -0.219129  0.539476
 0.300756 -0.219131  0.539467
 0.300773 -0.219131  0.539462
 0.300786 -0.219135   0.53945
 0.300801 -0.219136  0.539442
 0.300816 -0.219137  0.539435
 0.300831 -0.219139  0.539426
 0.300847 -0.219136  0.539424
 0.300859 -0.219148  0.539409
0.300873 -0.21915 0.539401
 0.300888 -0.219154  0.539396
 0.300902 -0.219157  0.539388
 0.300916 -0.219161  0.539381
 0.300929 -0.219168  0.539371
 0.300945 -0.219171  0.539367
 0.300957 -0.219177  0.539355
  0.30097 -0.219182  0.539347
 0.300984 -0.219187   0.53934
 0.300997 -0.219192  0.539331
 0.301012 -0.219197  0.539326
 0.301024 -0.219205  0.539314
0.301038 -0.21921 0.539306
 0.301052 -0.219215  0.539299
 0.301065 -0.219219  0.539287
  0.30108 -0.219223   0.53928
 0.301093 -0.219228  0.539271
 0.301108 -0.219231  0.539267
 0.301121 -0.219238  0.539254
 0.301135 -0.219241  0.539246
 0.301149 -0.219245  0.539239
 0.301163 -0.219248   0.53923
0.301179 -0.21925 0.539224
 0.301192 -0.219252  0.539214
 0.301206 -0.219254  0.539206
 0.301221 -0.219259  0.539197
0.301235 -0.21926 0.539189
 0.301252 -0.219252  0.539187
 0.301266 -0.219256  0.539177
 0.301282 -0.219256  0.539173
 0.301295 -0.219263   0.53916
 0.301309 -0.219264  0.539152
 0.301324 -0.219265  0.539145
 0.301338 -0.219267  0.539136
 0.301353 -0.219268   0.53913
 0.301366 -0.219272  0.539119
  0.30138 -0.219274  0.539111
 0.301394 -0.219276  0.539104
 0.301407 -0.219279  0.539095
 0.301421 -0.219281  0.539088
 0.301434 -0.219283  0.539077
 0.301449 -0.219286  0.539072
 0.301461 -0.219292   0.53906
 0.301474 -0.219296  0.539052
0.301487  -0.2193 0.539044
   0.3015 -0.219304  0.539036
0.301515 -0.21931  0.53903
 0.301527 -0.219314   0.53902
  0.30154 -0.219319  0.539012
 0.301554 -0.219323  0.539005
 0.301566 -0.219327  0.538997
 0.30158 -0.21933  0.53899
 0.301592 -0.219337   0.53898
 0.301606 -0.219337  0.538975
 0.301618 -0.219341  0.538965
 0.301631 -0.219347  0.538955
0.301645 -0.21935 0.538948
 0.301659 -0.219352  0.538941
 0.301673 -0.219358  0.538934
0.301686 -0.21936 0.538925
 0.301699 -0.219362  0.538917
 0.301713 -0.219363   0.53891
 0.301726 -0.219365  0.538901
 0.301741 -0.219366  0.538895
 0.301754 -0.219372  0.538885
 0.301769 -0.219374  0.538876
 0.301781 -0.219375  0.538866
 0.301795 -0.219376  0.538858
 0.301809 -0.219377  0.538851
 0.301822 -0.219378  0.538843
 0.301837 -0.219378  0.538837
  0.30185 -0.219378  0.538827
 0.301865 -0.219381  0.538823
 0.301878 -0.219373  0.538816
 0.301891 -0.219374  0.538808
 0.301905 -0.219377  0.538801
 0.301918 -0.219378  0.538792
 0.301933 -0.219379  0.538787
 0.301945 -0.219381  0.538777
 0.301958 -0.219383   0.53877
 0.301971 -0.219385  0.538763
 0.301984 -0.219388  0.538755
 0.301997 -0.219393  0.538748
 0.302009 -0.219401  0.538739
 0.302023 -0.219404  0.538735
 0.302034 -0.219408  0.538725
