5.96046e-06
0.00963211
0.0196881
0.029743
0.0397999
0.049855
0.059911
0.069967
0.08004
0.090096
0.100151
0.110191
0.120246
0.130304
0.140371
0.150425
0.160484
0.170539
0.180595
0.190662
0.200727
0.210793
0.22086
0.230927
0.240993
0.251049
0.261116
0.271183
0.28125
0.291317
0.301373
0.311429
0.321487
0.331544
0.341611
0.351672
0.361729
0.371793
0.381857
0.391926
0.401982
0.412037
0.422092
0.432152
0.442211
0.452271
0.462332
0.472392
0.482452
0.492507
0.502564
0.512629
0.522684
0.532752
0.542809
0.552865
0.56292
0.572975
0.583033
0.593088
0.603143
0.613198
0.623255
0.633312
0.643369
0.653426
0.663487
0.673546
0.683611
0.693664
0.703698
0.713753
0.723808
0.733865
0.74392
0.753975
0.764032
0.77409
0.784146
0.794188
0.80426
0.814331
0.824398
0.834455
0.844521
0.854578
0.864591
0.874646
0.884702
0.894756
0.90481
0.914904
0.924924
0.93498
0.945037
0.955094
0.96515
0.975206
0.985263
0.995319
1.00537
1.01543
1.02549
1.03554
1.0456
1.05565
1.06572
1.07578
1.08584
1.09589
1.10595
1.11601
1.12607
1.13612
1.14618
1.15625
1.1663
1.17632
1.18638
1.19644
1.2065
1.21655
1.22661
1.23668
1.24673
1.25679
1.26684
1.2769
1.28696
1.29702
1.30708
1.31714
1.32719
1.33726
1.34731
1.35737
1.36742
1.37748
1.38755
1.39761
1.40767
1.41772
1.42778
1.43784
1.4479
1.45796
1.46801
1.47807
1.48813
1.49819
1.50824
1.5183
1.52835
1.53841
1.54846
1.55852
1.56858
1.57863
1.58869
1.59874
1.6088
1.61885
1.62891
1.63897
1.64902
1.65908
1.66913
1.67919
1.68924
1.6993
1.70936
1.71941
1.72947
1.73952
1.74958
1.75963
1.76969
1.77974
1.78981
1.79988
1.80993
1.81999
1.83005
1.84012
1.85018
1.86023
1.87029
1.88032
1.89038
1.90044
1.9105
1.92055
1.93061
1.94067
1.95073
1.96079
1.97085
1.98091
1.99097
2.00102
2.01108
2.02114
2.03119
2.04125
2.05131
2.06137
2.07142
2.08148
2.09154
2.1016
2.11165
2.12171
2.13177
2.14183
2.15189
2.16194
2.172
2.18205
2.19211
2.20216
2.21222
2.22227
2.23233
2.24239
2.25244
2.2625
2.27255
2.28261
2.29266
2.30272
2.31277
2.32283
2.33288
2.34293
2.35299
2.36304
2.3731
2.38315
2.39321
2.40326
2.41332
2.42338
2.43343
2.44349
2.45354
2.4636
2.47366
2.48371
2.49377
2.50382
2.51388
2.52393
2.53399
2.54404
2.5541
2.56415
2.57419
2.58424
2.5943
2.60435
2.61441
2.62447
2.63453
2.64458
2.65463
2.66469
2.67475
2.6848
2.69486
2.70491
2.71497
2.72502
2.73508
2.74514
2.7552
2.76525
2.77531
2.78537
2.79542
2.80547
2.81553
2.82558
2.83564
2.84569
2.85575
2.86581
2.87586
2.88592
2.896
2.90605
2.91612
2.92619
2.93624
2.94631
2.95637
2.96642
2.97648
2.98654
2.99659
3.00665
3.01671
3.02676
3.03681
3.04687
3.05693
3.06698
3.07704
3.08709
3.09715
3.10721
3.11726
3.12732
3.13738
3.14743
3.15749
3.16754
3.1776
3.18765
3.19771
3.20776
3.21782
3.22787
3.23793
3.24798
3.25804
3.2681
3.27815
3.28821
3.29827
3.30832
3.31838
3.32843
3.33849
3.34854
3.3586
3.36865
3.37871
3.38877
3.39882
3.40888
3.41893
3.42899
3.43905
3.4491
3.45916
3.46921
3.47927
3.48933
3.49939
3.50944
3.5195
3.52956
3.53961
3.54967
3.55973
3.56978
3.57984
3.58989
3.59995
3.61
3.62005
3.63011
3.64017
3.65022
3.66028
3.67033
3.68039
3.69044
3.7005
3.71056
3.72058
3.73065
3.7407
3.75076
3.76081
3.77087
3.78092
3.79098
3.80103
3.81109
3.82115
3.8312
3.84126
3.85131
3.86137
3.87142
3.88148
3.89153
3.90159
3.91164
3.9217
3.93175
3.94181
3.95186
3.96192
3.97197
3.98203
3.99208
4.00214
4.0122
4.02225
4.03231
4.04236
4.05242
4.06247
4.07253
4.08258
4.09264
4.10269
4.11275
4.12281
4.13287
4.14292
4.15298
4.16304
4.17309
4.18315
4.1932
4.20326
4.21331
4.22337
4.23342
4.24348
4.25354
4.26359
4.27365
4.2837
4.29377
4.3038
4.31386
4.32392
4.33398
4.34403
4.35409
4.36414
4.3742
4.38425
4.39431
4.40436
4.41441
4.42447
4.43452
4.44458
4.45463
4.46469
4.47474
4.4848
4.49485
4.50491
4.51496
4.52502
4.53511
4.54517
4.55522
4.56528
4.57533
4.58539
4.59545
4.6055
4.61556
4.62562
4.63567
4.64573
4.65578
4.66584
4.67589
4.68595
4.696
4.70606
4.71611
4.72619
4.73624
4.74629
4.75635
4.7664
4.77646
4.78651
4.79658
4.80663
4.81669
4.82675
4.8368
4.84686
4.85691
4.86698
4.87703
4.88709
4.89714
4.9072
4.91725
4.92731
4.93736
4.94742
4.95747
4.96753
4.97759
4.98765
4.99771
5.00789
5.01794
5.028
5.03805
5.04811
5.05816
5.06823
5.07829
5.08834
5.0984
5.10845
5.11851
5.12857
5.13862
5.14868
5.15873
5.16879
5.17884
5.18889
5.19895
5.209
5.21906
5.22911
5.23917
5.24922
5.25928
5.26935
5.2794
5.28946
5.29951
5.30957
5.31963
5.32968
5.33974
5.34979
5.35984
5.3699
5.37996
5.39001
5.40007
5.41013
5.42018
5.43023
5.44029
5.45034
5.4604
5.47045
5.48051
5.49057
5.50062
5.51067
5.52074
5.5308
5.54085
5.55091
5.56096
5.57102
5.58107
5.59113
5.60119
5.61124
5.6213
5.63135
5.64141
5.65147
5.66153
5.67159
5.68164
5.6917
5.70176
5.71181
5.72187
5.73194
5.74199
5.75205
5.7621
5.77216
5.78222
5.79227
5.80233
5.8124
5.82246
5.83251
5.84257
5.85264
5.86269
5.87278
5.88286
5.89292
5.90298
5.91304
5.92327
5.93332
5.94338
5.95343
5.96349
5.97354
5.9836
5.99365
6.00371
6.01377
6.02382
6.03387
6.04393
6.05399
6.06404
6.0741
6.08416
6.09421
6.10427
6.11433
6.12438
6.13444
6.14449
6.15455
6.1646
6.17466
6.18471
6.19477
6.20482
6.21488
6.22494
6.23499
6.24504
6.25511
6.26516
6.27522
6.28527
6.29533
6.30539
6.31544
6.3255
6.33555
6.34561
6.35566
6.36572
6.37577
6.38583
6.39588
6.40594
6.41599
6.42608
6.43613
6.44618
6.45623
6.46629
6.47634
6.4864
6.49646
6.50652
6.51657
6.52663
6.53669
6.54675
6.5568
6.56686
6.57693
6.58698
6.59704
6.6071
6.61716
6.62722
6.63727
6.64735
6.6574
6.66746
6.67747
6.68752
6.69757
6.70763
6.71769
6.72774
6.7378
6.74785
6.75791
6.76796
6.77802
6.78807
6.79813
6.80819
6.81825
6.8283
6.83836
6.84841
6.85847
6.86853
6.87859
6.88864
6.8987
6.90875
6.91881
6.92886
6.93892
6.94898
6.95903
6.96909
6.97915
6.9892
6.99926
7.00932
7.01938
7.02943
7.03949
7.04955
7.0596
7.06963
7.07966
7.08971
7.09977
7.10983
7.1199
7.12996
7.14003
7.15008
7.16016
7.17018
7.18023
7.19029
7.20036
7.21043
7.22049
7.23118
7.24124
7.25129
7.26135
7.2714
7.28146
7.29152
7.30157
7.31163
7.32168
7.33174
7.34179
7.35185
7.3619
7.37196
7.38201
7.39207
7.40213
7.41218
7.42223
7.43229
7.44234
7.4524
7.46246
7.47251
7.48257
7.49263
7.50269
7.51274
7.5228
7.53285
7.54291
7.55296
7.56302
7.57308
7.58313
7.59318
7.60324
7.6133
7.62339
7.63345
7.6435
7.65356
7.66361
7.67367
7.68372
7.69378
7.70383
7.71389
7.72394
7.734
7.74405
7.75411
7.76416
7.77422
7.78427
7.79433
7.80438
7.81444
7.82449
7.83455
7.8446
7.85466
7.86471
7.87477
7.88482
7.89488
7.90493
7.91499
7.92504
7.9351
7.94518
