6.91414e-06
0.00808096
0.018137
0.028193
0.0382481
0.048305
0.0583749
0.06844
0.078495
0.088552
0.0986071
0.108662
0.118717
0.128772
0.138826
0.148896
0.158954
0.16902
0.179075
0.18913
0.199185
0.20924
0.219295
0.229353
0.239421
0.249491
0.259548
0.269604
0.279671
0.289727
0.299776
0.30984
0.319896
0.329961
0.340017
0.350071
0.360128
0.370184
0.380239
0.390294
0.40036
0.410417
0.420483
0.43055
0.440616
0.450683
0.46075
0.470817
0.480882
0.490939
0.501005
0.51106
0.521116
0.531172
0.541237
0.551293
0.56136
0.571416
0.581485
0.59155
0.601616
0.611672
0.621727
0.631798
0.641853
0.65192
0.661976
0.672045
0.6821
0.692157
0.702223
0.712278
0.722344
0.732399
0.742453
0.752509
0.762564
0.77262
0.782686
0.792755
0.802827
0.812891
0.822946
0.833002
0.843057
0.853112
0.86317
0.873228
0.883296
0.893365
0.903421
0.913475
0.923531
0.933586
0.943643
0.9537
0.963758
0.973816
0.983883
0.99394
1.004
1.01407
1.02412
1.03419
1.04426
1.05433
1.06439
1.07445
1.08451
1.09457
1.10462
1.11469
1.12474
1.13481
1.14486
1.15492
1.16498
1.17504
1.18509
1.19516
1.20522
1.21529
1.22536
1.23542
1.24548
1.25553
1.26559
1.27565
1.2857
1.29576
1.30581
1.31588
1.32589
1.33594
1.34601
1.35608
1.36614
1.3762
1.38625
1.39631
1.40636
1.41643
1.42649
1.43655
1.4466
1.45666
1.46672
1.47677
1.48683
1.49689
1.50764
1.51771
1.52778
1.53784
1.54791
1.55797
1.56803
1.57808
1.58815
1.59821
1.60827
1.61833
1.6284
1.63847
1.64854
1.65861
1.66867
1.67874
1.6888
1.69886
1.70892
1.71898
1.72904
1.7391
1.74917
1.75924
1.7693
1.77936
1.78942
1.79948
1.80954
1.81959
1.82966
1.83973
1.8498
1.85985
1.86991
1.87998
1.89005
1.9001
1.91016
1.92022
1.93028
1.94034
1.9504
1.96045
1.97051
1.98057
1.99063
2.0007
2.01076
2.02082
2.03088
2.04095
2.05101
2.06108
2.07115
2.0812
2.09126
2.10132
2.11138
2.12143
2.1315
2.14156
2.15162
2.16168
2.17174
2.18181
2.19188
2.20194
2.212
2.22207
2.23213
2.24219
2.25224
2.2623
2.27236
2.28242
2.29249
2.30256
2.31263
2.32268
2.33274
2.3428
2.35286
2.36294
2.373
2.38306
2.39311
2.40317
2.41322
2.42326
2.43331
2.44337
2.45342
2.46349
2.47354
2.4836
2.49365
2.50372
2.51379
2.52386
2.5339
2.54395
2.55402
2.56409
2.57414
2.58421
2.59427
2.60433
2.61438
2.62444
2.63449
2.64455
2.6546
2.66466
2.67472
2.68478
2.69484
2.7049
2.71497
2.72503
2.73511
2.74517
2.75523
2.7653
2.77536
2.78542
2.79549
2.80556
2.81562
2.82569
2.83575
2.84582
2.85588
2.86595
2.87602
2.88607
2.89614
2.9062
2.91627
2.92633
2.93638
2.94644
2.9565
2.96655
2.97661
2.98667
2.99672
3.00678
3.01687
3.02692
3.03698
3.04704
3.0571
3.06717
3.07723
3.0873
3.09735
3.10741
3.11747
3.12753
3.13759
3.14765
3.15771
3.16778
3.17784
3.18789
3.19791
3.20796
3.21802
3.22808
3.23815
3.24821
3.25828
3.26834
3.27839
3.28845
3.29853
3.30858
3.31865
3.32872
3.33882
3.34884
3.3589
3.36896
3.37902
3.38908
3.39914
3.40919
3.41926
3.42933
3.43939
3.44945
3.4595
3.46956
3.47961
3.48967
3.49973
3.50979
3.51986
3.52991
3.53998
3.55005
3.56012
3.57018
3.58024
3.59031
3.60037
3.61043
3.62049
3.63056
3.64062
3.65068
3.66074
3.67079
3.68085
3.69091
3.70097
3.71103
3.72109
3.73115
3.74121
3.75128
3.76133
3.7714
3.78146
3.79152
3.80159
3.81165
3.82171
3.83177
3.84184
3.85191
3.86198
3.87205
3.88211
3.89217
3.90223
3.91229
3.92234
3.9324
3.94248
3.95255
3.96262
3.97269
3.98276
3.99283
4.00285
4.01292
4.02298
4.03305
4.04311
4.05317
4.06323
4.0733
4.08336
4.09341
4.10347
4.11353
4.12359
4.13365
4.14371
4.15377
4.16383
4.17389
4.18395
4.19405
4.20411
4.21418
4.22421
4.23426
4.24433
4.25439
4.26446
4.27452
4.28459
4.29465
4.30471
4.31477
4.32484
4.33491
4.34497
4.35502
4.36508
4.37514
4.3852
4.39526
4.40532
4.41537
4.42544
4.4355
4.44555
4.45561
4.46568
4.47575
4.48581
4.49587
4.5059
4.51596
4.52602
4.53608
4.54615
4.55621
4.56628
4.57634
4.5864
4.59646
4.60652
4.61658
4.62664
4.6367
4.64676
4.65682
4.66689
4.67695
4.687
4.69707
4.70713
4.7172
4.72725
4.73731
4.74737
4.75744
4.76751
4.77757
4.78763
4.79769
4.80775
4.81781
4.82786
4.83792
4.84798
4.85805
4.86811
4.87817
4.88822
4.89828
4.90834
4.91837
4.92843
4.93849
4.94856
4.95862
4.96868
4.97875
4.98882
4.99888
5.00895
5.01902
5.02907
5.03913
5.0492
5.05925
5.06931
5.07938
5.08945
5.09951
5.10957
5.11962
5.12968
5.13973
5.14979
5.15985
5.1699
5.17995
5.19
5.20005
5.21011
5.22017
5.23023
5.24028
5.25035
5.2604
5.27047
5.28054
5.29059
5.30065
5.31071
5.32077
5.33083
5.34089
5.35095
5.36101
5.37106
5.38113
5.39118
5.40126
5.4113
5.42137
5.43144
5.4415
5.45156
5.46162
5.47169
5.48175
5.49182
5.50189
5.51195
5.522
5.53205
5.54211
5.55217
5.56223
5.57229
5.58235
5.59239
5.6026
5.6127
5.62276
5.63282
5.64287
5.65293
5.66299
5.67304
5.6831
5.69315
5.70321
5.71327
5.72332
5.73338
5.74343
5.75349
5.76355
5.77361
5.78366
5.79374
5.80379
5.81385
5.82391
5.83396
5.84402
5.85407
5.86413
5.87419
5.88424
5.89431
5.90436
5.91442
5.9245
5.93455
5.94461
5.95466
5.96473
5.97479
5.98484
5.9949
6.00496
6.01503
6.02509
6.03515
6.04521
6.05528
6.06534
6.07539
6.08545
6.09551
6.10558
6.11563
6.12569
6.13575
6.1458
6.15586
6.16591
6.17596
6.18602
6.19608
6.20616
6.21622
6.22627
6.23634
6.2464
6.25646
6.26652
6.27659
6.28664
6.2967
6.30677
6.31683
6.32689
6.33694
6.347
6.35706
6.36712
6.37717
6.38723
6.39728
6.40734
6.4174
6.42747
6.43754
6.4476
6.45766
6.46771
6.47777
6.48783
6.49792
6.50801
6.51806
6.52813
6.5382
6.54827
6.55835
6.5684
6.57845
6.58851
6.59857
6.60862
6.61868
6.62874
6.63879
6.64885
6.65893
6.66898
6.67904
6.6891
6.69918
6.70924
6.7193
6.72935
6.73941
6.74946
6.75952
6.76958
6.77963
6.78969
6.79975
6.8098
6.81986
6.82992
6.83998
6.85003
6.86009
6.87014
6.8802
6.89025
6.90032
6.91038
6.92044
6.9305
6.94056
6.95062
6.96068
6.97074
6.9808
6.99086
7.00092
7.01098
7.02104
7.03109
7.04115
7.05121
7.06126
7.07132
7.08138
7.09143
7.10149
7.11155
7.12161
7.13167
7.14172
7.15178
7.16184
7.1719
7.18195
7.19201
7.20206
7.21212
7.22218
7.23224
7.24231
7.25236
7.26242
7.27248
7.28253
7.29259
7.30265
7.3127
7.32277
7.33282
7.34288
7.35294
7.36299
7.37304
7.3831
7.39316
7.4032
7.41326
7.42331
7.43333
7.44338
7.45344
7.46351
7.47357
7.48363
7.49369
7.50375
7.5138
7.52386
7.53392
7.54397
7.55403
7.56408
7.57414
7.5842
7.59426
7.60431
7.61437
7.62442
7.63448
7.64453
7.6546
7.66465
7.67471
7.68478
7.69484
7.7049
7.71495
7.72501
7.73506
7.74512
7.75518
7.76523
7.7753
7.78536
7.79541
7.80547
7.81552
7.82558
7.83564
7.84571
7.85576
7.86582
7.87588
7.8859
7.89596
7.90602
7.91608
7.92614
7.93619
7.94626
7.95632
7.96638
7.97643
7.98649
7.99655
8.0066
8.01666
8.02671
8.03677
8.04683
8.05689
8.06695
8.077
8.08706
8.09711
8.10717
8.11722
8.12728
8.13734
8.14739
8.15745
8.16751
8.17757
8.18762
8.19768
8.20774
8.21779
8.22785
8.23791
8.24796
8.25802
8.26807
8.27813
8.28819
8.29824
8.3083
8.31836
8.32844
8.33851
8.34856
8.35862
8.36868
8.37874
8.38879
8.39885
8.4089
8.41896
8.42901
8.43907
8.44913
8.45919
8.46924
8.47933
8.48938
8.49945
8.5095
8.51956
8.52961
8.53967
8.54973
8.55978
8.56984
8.57991
8.58997
8.60002
8.61008
8.62014
8.63019
8.64025
8.65036
8.66041
8.67047
8.68055
8.69061
8.70066
8.71069
8.72075
8.7308
8.74086
8.75097
8.76103
8.77109
8.78114
8.7912
8.80125
8.81131
8.82137
8.83142
8.84149
8.85154
8.8616
8.87168
8.88173
8.89179
8.90184
8.9119
8.92196
8.93201
8.94207
8.95213
8.96218
8.97223
8.98229
8.99235
9.00241
9.01247
9.02253
9.03259
9.04264
9.0527
9.06276
9.07281
9.08287
9.09293
9.10299
9.11304
9.1231
9.13316
9.14321
9.15327
9.16335
9.17341
9.18346
9.19352
9.20358
9.21363
9.22369
9.23374
9.2438
9.25386
9.26391
9.27399
9.28405
9.29413
9.30419
9.31425
9.32431
9.33436
9.34442
9.35448
9.36454
9.37459
9.38465
9.39471
9.40476
9.41482
9.42493
9.43501
9.44507
9.45513
9.46519
9.47524
9.4853
9.49543
9.50549
9.51554
9.5256
9.53566
9.54571
9.55577
9.56582
9.57588
9.58594
9.59599
9.60605
9.61611
9.62617
9.63622
9.64628
9.65634
9.66644
9.67649
9.68655
9.69663
9.70669
9.71674
9.72681
9.73688
9.74695
9.75698
9.76703
9.77711
9.78714
9.7972
9.80726
9.81731
9.82737
9.83742
9.84748
9.85754
9.8676
9.87766
9.88771
9.89777
9.90782
9.91789
9.92794
9.938
9.94806
9.95812
9.96817
9.97823
9.98828
9.99836
10.0084
10.0185
10.0285
10.0386
10.0486
10.0587
10.0688
10.0788
10.0889
10.099
10.1091
10.1191
10.1292
10.1392
10.1493
10.1593
10.1694
10.1795
10.1896
10.1996
10.2097
10.2198
10.2298
10.2399
10.2499
10.26
10.2701
10.2801
10.2902
10.3002
10.3103
10.3203
10.3304
10.3405
10.3505
10.3606
10.3706
10.3807
10.3907
10.4008
10.4109
10.4209
10.4309
10.441
10.4512
10.4612
10.4713
10.4814
10.4915
10.5015
10.5116
10.5216
10.5317
10.5417
10.5518
10.5618
10.5719
10.582
10.5944
10.6045
10.6146
10.6246
10.6347
10.6447
10.6548
10.6649
10.6749
10.685
10.695
10.7051
10.7151
10.7252
10.7353
10.7453
10.7554
10.7654
10.7755
10.7855
10.7956
10.8056
10.8157
10.8258
10.8361
10.8461
10.8562
10.8662
10.8763
10.8864
10.8964
10.9065
10.9165
10.9266
10.9366
10.9467
10.9568
10.9668
10.9769
10.9869
10.997
11.007
11.0171
11.0271
11.0372
11.0473
11.0573
11.0674
11.0774
11.0875
11.0975
11.1076
11.1177
11.1277
11.1378
11.1478
11.1579
11.1679
11.178
11.1881
11.1981
11.2082
11.2182
11.2283
11.2383
11.2484
11.2585
11.2685
11.2786
11.2886
11.2987
11.3087
11.3188
11.3288
11.3389
11.349
11.359
11.3691
11.3791
11.3892
11.3993
11.4093
11.4194
11.4294
11.4395
11.4495
11.4596
11.4697
11.4797
11.4898
11.4998
11.51
11.5201
11.5301
11.5402
11.5502
11.5603
11.5703
11.5804
11.5904
11.6005
11.6106
11.6206
11.6307
11.6407
11.6508
11.6608
11.6709
11.6809
11.691
11.7011
11.7111
11.7212
11.7312
11.7413
11.7514
11.7614
11.7715
11.7815
11.7916
11.8016
11.8117
11.8217
11.8318
11.8419
11.8519
11.862
11.872
11.8821
11.8921
11.9022
11.9122
11.9223
11.9323
11.9424
11.9525
11.9625
11.9726
11.9826
11.9927
12.0027
12.0128
12.0228
12.0329
12.0429
12.053
12.0631
12.0731
12.0832
12.0932
12.1033
12.1133
12.1234
12.1334
12.1435
12.1536
12.1636
12.1737
12.1837
12.1938
12.2039
12.2139
12.2239
12.234
12.2441
12.2541
12.2642
12.2742
12.2843
12.2943
12.3044
12.3144
12.3245
12.3345
12.3446
12.3547
12.3647
12.3748
12.3848
12.3949
12.4049
12.415
12.4251
12.4351
12.4452
12.4552
12.4653
12.4753
12.4854
12.4955
12.5055
12.5156
12.5256
12.5357
12.5457
12.5558
12.5658
12.5759
12.5859
12.596
12.6061
12.6161
12.6262
12.6362
12.6463
12.6563
12.6664
12.6764
12.6865
12.6966
12.7066
12.7167
12.7267
12.7368
12.7469
12.7569
12.767
12.777
12.7871
12.7971
12.8072
12.8173
12.8273
12.8374
12.8474
12.8575
12.8675
12.8776
12.8876
12.8977
12.9078
12.9178
12.9279
12.9379
12.948
12.958
12.9681
12.9781
12.9882
12.9983
13.0083
13.0184
13.0284
13.0385
13.0485
13.0586
13.0687
13.0787
13.0888
13.0988
13.1089
13.1189
13.129
13.1391
13.1491
13.1592
13.1692
13.1793
13.1893
13.1994
13.2094
13.2195
13.2295
13.2396
13.2497
13.2597
13.2699
13.28
13.29
13.3001
13.3101
13.3202
13.3302
13.3403
13.3503
13.3604
13.3705
13.3805
13.3906
13.4006
13.4107
13.4207
13.4308
13.4408
13.4509
13.4609
13.471
13.4811
13.4911
13.5012
13.5112
13.5212
13.5313
13.5413
13.5514
13.5614
13.5715
13.5816
13.5916
13.6017
13.6117
13.6218
13.6318
13.6419
13.652
13.662
13.6721
13.6821
13.6922
13.7022
13.7123
13.7223
13.7324
13.7425
13.7525
13.7626
13.7726
13.7827
13.7927
13.8028
13.8128
13.8229
13.833
13.843
13.8531
13.8631
13.8732
13.8832
13.8933
13.9033
13.9134
13.9234
13.9335
13.9436
13.9536
13.9637
13.9737
13.9838
13.9938
14.0039
14.014
14.024
14.0341
14.0441
14.0542
14.0642
14.0743
14.0843
14.0944
14.1045
14.1145
14.1246
14.1349
14.145
14.155
14.1651
14.1751
14.1852
14.1952
14.2053
14.2154
14.2254
14.2355
14.2455
14.2556
14.2656
14.2757
14.2857
14.2958
14.3058
14.3159
14.326
14.336
14.3461
14.3561
14.3662
14.3762
14.3863
14.3964
14.4064
14.4165
14.4265
14.4366
14.4466
14.4567
14.4668
14.4768
14.4869
14.4969
14.507
14.517
14.5271
14.5371
14.5472
14.5572
14.5673
14.5774
14.5874
14.5975
14.6075
14.6176
14.6276
14.6377
14.6478
14.6578
14.6679
14.6779
14.688
14.698
14.7081
14.7181
14.7282
14.7383
14.7483
14.7584
14.7684
14.7785
14.7885
14.7986
14.8086
14.8187
14.8288
14.8388
14.8489
14.8589
14.869
14.879
14.8891
14.8992
14.9092
14.9193
14.9293
14.9394
14.9494
14.9595
14.9695
14.9796
14.9897
14.9997
15.0098
15.0198
15.0299
15.04
15.05
15.0601
15.0701
15.0802
15.0903
15.1003
15.1104
15.1204
15.1305
15.1405
15.1506
15.1607
15.1707
15.1808
15.1908
15.2009
15.2109
15.221
15.2311
15.2411
15.2512
15.2612
15.2713
15.2813
15.2914
15.3014
15.3115
15.3216
15.3316
15.3417
15.3517
15.3618
15.3718
15.3819
15.3919
15.402
15.4121
15.4221
15.4322
15.4422
15.4523
15.4623
15.4724
15.4825
15.4925
15.5026
15.5126
15.5227
15.5327
15.5428
15.5529
15.5629
15.573
15.583
15.593
15.6032
15.6132
15.6233
15.6334
15.6434
15.6535
15.6635
15.6736
15.6836
15.6937
15.7037
15.7138
15.7239
15.7339
15.7439
15.754
15.7641
15.7741
15.7842
15.7942
15.8043
15.8143
15.8244
15.8344
15.8445
15.8546
15.8646
15.8747
15.8847
15.8948
15.9048
15.9149
15.9249
15.935
15.945
15.9551
15.9651
15.9753
15.9853
15.9954
16.0055
16.0155
16.0256
16.0356
16.0457
16.0557
16.0658
16.0759
16.0859
16.096
16.106
16.1161
16.1262
16.1362
16.1463
16.1563
16.1664
16.1764
16.1865
16.1965
16.2066
16.2167
16.2267
16.2368
16.2468
16.2569
16.2669
16.277
16.2871
16.2971
16.3072
16.3172
16.3272
16.3373
16.3473
16.3574
16.3675
16.3775
16.3876
16.3976
16.4077
16.4177
16.4278
16.4379
16.448
16.458
16.4681
16.4781
16.4882
16.4983
16.5083
16.5184
16.5284
16.5385
16.5485
16.5586
16.5687
16.5787
16.5888
16.5988
16.6089
16.6189
16.629
16.6391
16.6491
16.6592
16.6692
16.6793
16.6893
16.6994
16.7094
16.7195
16.7296
16.7396
16.7497
16.7597
16.7698
16.7798
16.7899
16.7999
16.81
16.8201
16.8302
16.8402
16.8503
16.8603
16.8704
16.8805
16.8905
16.9006
16.9106
16.9207
16.9307
16.9408
16.9509
16.9609
16.971
16.981
16.9911
17.0011
17.0112
17.0212
17.0313
17.0414
17.0514
17.0615
17.0716
17.0816
17.0917
17.1017
17.1118
17.1218
17.1319
17.1419
17.152
17.1621
17.1721
17.1822
17.1922
17.2023
17.2123
17.2224
17.2324
17.2425
17.2526
17.2626
17.2727
17.2827
17.2928
17.3028
17.3129
17.323
17.333
17.3431
17.3531
17.3632
17.3733
17.3833
17.3934
17.4034
17.4135
17.4235
17.4336
17.4437
17.4537
17.4638
17.4739
17.4839
17.494
17.504
17.5141
17.5241
17.5342
17.5443
17.5543
17.5644
17.5745
17.5846
17.5947
17.6047
17.6148
17.6248
17.6349
17.6449
17.655
17.665
17.6751
17.6852
17.6952
17.7053
17.7153
17.7254
17.7354
17.7459
17.756
17.766
17.7761
17.7861
17.7962
17.8062
17.8163
17.8264
17.8364
17.8465
17.8565
17.8666
17.8766
17.8867
17.8967
17.9068
17.9169
17.9269
17.937
17.947
17.9571
17.9671
17.9772
17.9873
17.9973
18.0074
18.0174
18.0275
18.0375
18.0476
18.0577
18.0677
18.0778
18.0879
18.0979
18.1079
18.118
18.1281
18.1381
18.1482
18.1582
18.1683
18.1783
18.1884
18.1985
18.2085
18.2186
18.2288
18.2388
18.2489
18.2589
18.269
18.279
18.2891
18.2992
18.3092
18.3193
18.3293
18.3394
18.3495
18.3595
18.3696
18.3796
18.3897
18.3997
18.4098
18.4198
18.4299
18.44
18.45
18.4601
18.4701
18.4802
18.4902
18.5003
18.5103
18.5204
18.5305
18.5405
18.5506
18.5606
18.5707
18.5807
18.5908
18.6009
18.6109
18.621
18.631
18.6411
18.6511
18.6612
18.6712
18.6813
18.6913
18.7014
18.7115
18.7215
18.7316
18.7416
18.7517
18.7617
18.7718
18.7818
18.7919
18.802
18.812
18.8221
18.8321
18.8422
18.8522
18.8623
18.8723
18.8824
18.8925
18.9025
18.9126
18.9226
18.9327
18.9427
18.9528
18.9629
18.9729
18.983
18.993
19.0031
19.0131
19.0232
19.0332
19.0433
19.0534
19.0634
19.0735
19.0835
19.0936
19.1036
19.1137
19.1238
19.1338
19.1439
19.1539
19.164
19.174
19.1841
19.1942
19.2042
19.2143
19.2243
19.2344
19.2444
19.2545
19.2645
19.2746
19.2847
19.2947
19.3048
19.3148
19.3249
19.3349
19.345
19.355
19.3651
19.3752
19.3852
19.3953
19.4053
19.4154
19.4254
19.4355
19.4455
19.4556
19.4656
19.4757
19.4858
19.4958
19.5059
19.5159
19.526
19.536
19.5461
19.5561
19.5662
19.5762
19.5863
19.5963
19.6064
19.6165
19.6265
19.6366
19.6466
19.6567
19.6667
19.6768
19.6869
19.6969
19.707
19.717
19.7271
19.7371
19.7472
19.7573
19.7673
19.7774
19.7874
19.7975
19.8075
19.8176
19.8277
19.8378
19.8478
19.8579
19.8679
19.878
19.888
19.8981
19.9082
19.9182
19.9283
19.9383
19.9484
19.9585
19.9685
19.9786
19.9886
19.9987
20.0087
20.0188
20.029
20.0391
20.0492
20.0592
20.0693
20.0793
20.0894
20.0994
20.1095
20.1196
20.1296
20.1397
20.1497
20.1598
20.1698
20.1799
20.19
20.2
20.2101
20.2201
20.2302
20.2402
20.2503
20.2604
20.2704
20.2805
20.2905
20.3006
20.3106
20.3207
20.3307
20.3408
20.3509
20.3609
20.371
20.381
20.3911
20.4011
20.4112
20.4212
20.4313
20.4414
20.4514
20.4615
20.4715
20.4816
20.4916
20.5017
20.5118
20.5218
20.5319
20.5419
20.552
20.562
20.5721
20.5822
20.5922
20.6023
20.6123
20.6224
20.6324
20.6425
20.6526
20.6626
20.6727
20.6827
20.6928
20.7028
20.7129
20.7229
20.733
20.7431
20.7531
20.7632
20.7732
20.7833
20.7934
20.8035
20.8135
20.8236
20.8336
20.8437
20.8537
20.8638
20.8739
20.8839
20.8941
20.9041
20.9142
20.9242
20.9343
20.9443
20.9544
20.9644
20.9745
20.9845
20.9946
21.0047
21.0147
21.0248
21.0348
21.045
21.055
21.0651
21.0751
21.0852
21.0953
21.1053
21.1154
21.1254
21.1355
21.1456
21.1556
21.1657
21.1757
21.1858
21.1959
21.2059
21.216
21.2262
21.2363
21.2463
21.2564
21.2664
21.2765
21.2865
21.2966
21.3067
21.3167
21.3268
21.3368
21.3469
21.3569
21.367
21.3771
21.3871
21.3972
21.4073
21.4174
21.4274
21.4375
21.4475
21.4576
21.4676
21.4777
21.4878
21.4978
21.5079
21.5179
21.528
21.538
21.5481
21.5582
21.5682
21.5783
21.5883
21.5984
21.6084
21.6185
21.6286
21.6386
21.6487
21.6587
21.6688
21.6788
21.6889
21.6989
21.709
21.7191
21.7291
21.7392
21.7492
21.7593
21.7693
21.7794
21.7894
21.7995
21.8096
21.8196
21.8297
21.8397
21.8498
21.8598
21.8699
21.8799
21.89
21.9001
21.9101
21.9202
21.9302
21.9404
21.9504
21.9605
21.9705
21.9806
21.9906
22.0007
22.0108
22.0208
22.0309
22.0409
22.051
22.061
22.0711
22.0812
22.0912
22.1013
22.1113
22.1214
22.1314
22.1415
22.1515
22.1616
22.1717
22.1817
22.1918
22.2018
22.2119
22.2219
22.232
22.242
22.252
22.2621
22.2722
22.2822
22.2923
22.3024
22.3124
22.3225
22.3325
22.3426
22.3526
22.3627
22.3728
22.3828
22.3935
22.4036
22.4136
22.4237
22.4338
22.4438
22.4539
22.4639
22.474
22.4841
22.4941
22.5042
22.5142
22.5243
22.5343
22.5444
22.5544
22.5645
22.5746
22.5846
22.5947
22.6047
22.6148
22.6249
22.6349
22.645
22.655
22.6651
22.6751
22.6852
22.6952
22.7053
22.7154
22.7254
22.7355
22.7455
22.7556
22.7656
22.7757
22.7857
22.7958
22.8059
22.8159
22.826
22.836
22.8461
22.8561
22.8662
22.8763
22.8863
22.8964
22.9064
22.9165
22.9265
22.9366
22.9466
22.9567
22.9667
22.9768
22.9868
22.9969
23.007
23.017
23.0271
23.0371
23.0472
23.0575
23.0675
23.0776
23.0876
23.0977
23.1078
23.1179
23.1279
23.138
23.148
23.1581
23.1681
23.1782
23.1882
23.1983
23.2083
23.2184
23.2285
23.2385
23.2486
23.2586
23.2687
23.2787
23.2888
23.2989
23.3089
23.319
23.329
23.3391
23.3491
23.3591
23.3692
23.3793
23.3893
23.3994
23.4094
23.4195
23.4295
23.4396
23.4496
23.4597
23.4698
23.4798
23.4899
23.4999
23.51
23.52
23.5301
23.5401
23.5502
23.5602
23.5703
23.5804
23.5904
23.6005
23.6105
23.6206
23.6306
23.6407
23.6508
23.6608
23.6709
23.6809
23.691
23.701
23.7111
23.7211
23.7312
23.7413
23.7513
23.7614
23.7714
23.7815
23.7915
23.8016
23.8116
23.8217
23.8318
23.8418
23.8519
23.8619
23.872
23.882
23.8921
23.9021
23.9122
23.9222
23.9323
23.9424
23.9524
23.9625
23.9725
23.9826
23.9926
24.0027
24.0128
24.0228
24.0329
24.0431
24.0532
24.0632
24.0733
24.0834
24.0934
24.1035
24.1135
24.1236
24.1336
24.1437
24.1538
24.1638
24.1739
24.1839
24.194
24.204
24.2141
24.2241
24.2342
24.2443
24.2543
24.2644
24.2744
24.2845
24.2945
24.3046
24.3146
24.3247
24.3348
24.3448
24.3549
24.3649
24.375
24.385
24.3951
24.4052
24.4152
24.4253
24.4353
24.4454
24.4554
24.4655
24.4755
24.4856
24.4957
24.5057
24.5158
24.5258
24.5359
24.5459
24.556
24.566
24.5761
24.5862
24.5962
24.6063
24.6163
24.6265
24.6366
24.6466
24.6567
24.6668
24.6768
24.6869
24.6969
24.707
24.7171
24.7271
24.7372
24.7472
24.7573
24.7673
24.7774
24.7874
24.7975
24.8075
24.8176
24.8277
24.8377
24.8478
24.8578
24.8679
24.8779
24.888
24.8981
24.9081
24.9182
24.9282
24.9383
24.9483
24.9584
24.9684
24.9785
24.9886
24.9986
25.0087
25.0187
25.0288
25.0388
25.0489
25.059
25.069
25.079
25.0891
25.0991
25.1092
25.1192
25.1293
25.1395
25.1495
25.1596
25.1696
25.1797
25.1897
25.1998
25.2099
25.2199
25.23
25.24
25.2501
25.2601
25.2702
25.2803
25.2904
25.3004
25.3105
25.3205
25.3306
25.3406
25.3507
25.3607
25.3708
25.3811
25.3912
25.4012
25.4113
25.4213
25.4314
25.4415
25.4515
25.4616
25.4717
25.4817
25.4918
25.5019
25.5119
25.522
25.5321
25.5421
25.5522
25.5622
25.5723
25.5824
25.5924
25.6025
25.6125
25.6226
25.6327
25.6428
25.6528
25.6629
25.6729
25.683
25.693
25.7031
25.7132
25.7232
25.7333
25.7433
25.7534
25.7634
25.7735
25.7835
25.7936
25.8037
25.8137
25.8238
25.8338
25.8439
25.8539
25.8639
25.874
25.8841
25.8941
25.9042
25.9142
25.9243
25.9343
25.9444
25.9544
25.9645
25.9745
25.9846
25.9947
26.0047
26.0148
26.0248
26.0349
26.0449
26.055
26.065
26.0751
26.0852
26.0952
26.1053
26.1153
26.1254
26.1355
26.1455
26.1555
26.1656
26.1757
26.1857
26.1958
26.2058
26.2159
26.2262
26.2362
26.2463
26.2563
26.2664
26.2764
26.2865
26.2965
26.3066
26.3167
26.3267
26.3368
26.3468
26.3569
26.3669
26.377
26.387
26.3971
26.4072
26.4172
26.4273
26.4373
26.4474
26.4574
26.4675
26.4776
26.4876
26.4977
26.5077
26.5178
26.5278
26.5379
26.548
26.558
26.5681
26.5781
26.5882
26.5982
26.6083
26.6183
26.6284
26.6385
26.6485
26.6586
26.6686
26.6787
26.6887
26.6988
26.7089
26.7189
26.729
26.739
26.7491
26.7591
26.7691
26.7792
26.7893
26.7993
26.8094
26.8194
26.8295
26.8395
26.8496
26.8596
26.8697
26.8798
26.8898
26.8999
26.9099
26.92
26.93
26.9401
26.9501
26.9602
26.9703
26.9803
26.9904
27.0004
27.0105
27.0205
27.0306
27.0406
27.0507
27.0608
27.0708
27.0809
27.0909
27.101
27.111
27.1211
27.1311
27.1412
27.1513
27.1613
27.1714
27.1814
27.1915
27.2015
27.2116
27.2216
27.2317
27.2418
27.2518
27.2619
27.2719
27.282
27.292
27.3021
27.3121
27.3222
27.3322
27.3423
27.3524
27.3624
27.3725
27.3825
27.3926
27.4026
27.4127
27.4227
27.4328
27.4429
27.4529
27.463
27.473
27.4831
27.4931
27.5032
27.5133
27.5233
27.5334
27.5434
27.5535
27.5635
27.5736
27.5836
27.5937
27.6038
27.6138
27.6239
27.6339
27.6439
27.654
27.6641
27.6741
27.6842
27.6942
27.7043
27.7144
27.7244
27.7345
27.7445
27.7546
27.7646
27.7747
27.7848
27.7948
27.8049
27.8149
27.825
27.835
27.8451
27.8551
27.8652
27.8753
27.8853
27.8954
27.9054
27.9155
27.9255
27.9356
27.9457
27.9557
27.9658
27.9758
27.9859
27.9959
28.006
28.0161
28.0261
28.0362
28.0462
28.0563
28.0664
28.0765
28.0866
28.0966
28.1067
28.1167
28.1268
28.1369
28.147
28.157
28.1671
28.1771
28.1872
28.1972
28.2073
28.2173
28.2274
28.2375
28.2475
28.2576
28.2676
28.2777
28.2878
28.2979
28.3079
28.318
28.328
28.3381
28.3481
28.3582
28.3683
28.3783
28.3884
28.3984
28.4085
28.4185
28.4286
28.4386
28.4487
28.4588
28.4688
28.4789
28.4889
28.499
28.509
28.5191
28.5292
28.5392
28.5493
28.5595
28.5696
28.5797
28.5897
28.5998
28.6099
28.6199
28.63
28.64
28.6501
28.6601
28.6702
28.6802
28.6903
28.7004
28.7104
28.7205
28.7305
28.7406
28.7506
28.7607
28.7708
28.7808
28.7909
28.8009
28.811
28.821
28.8311
28.8411
28.8512
28.8613
28.8713
28.8814
28.8914
28.9015
28.9115
28.9216
28.9317
28.9417
28.9518
28.9618
28.9719
28.9819
28.992
29.002
29.0121
29.0222
29.0322
29.0423
29.0523
29.0624
29.0724
29.0825
29.0926
29.1026
29.1127
29.1227
29.1328
29.1428
29.1529
29.163
29.173
29.1831
29.1931
29.2032
29.2132
29.2233
29.2333
29.2434
29.2535
29.2635
29.2736
29.2836
29.2937
29.3037
29.3138
29.3239
29.3339
29.344
29.354
29.3641
29.3742
29.3843
29.3943
29.4044
29.4144
29.4245
29.4345
29.4446
29.4547
29.4647
29.4748
29.4849
29.4949
29.505
29.515
29.5251
29.5351
29.5452
29.5552
29.5653
29.5754
29.5854
29.5955
29.6055
29.6156
29.6256
29.6357
29.6458
29.6558
29.6659
29.676
29.686
29.6961
29.7062
29.7162
29.7263
29.7364
29.7464
29.7565
29.7665
29.7766
29.7866
29.7967
29.8068
29.8168
29.8269
29.8369
29.847
29.857
29.8671
29.8772
29.8872
29.8973
29.9073
29.9174
29.9274
29.9375
29.9475
29.9576
29.9677
29.9777
29.9878
29.9978
30.0079
30.0179
30.028
30.0381
30.0481
30.0582
30.0682
30.0783
30.0884
30.0984
30.1084
30.1185
30.1287
30.1387
30.1488
30.1588
30.1689
30.1789
30.189
30.1991
30.2091
30.2192
30.2298
30.2398
30.2499
30.2603
30.2704
30.2804
30.2905
30.3005
30.3106
30.3206
30.3307
30.3408
30.3508
30.3609
30.3709
30.381
30.391
30.4011
30.4111
30.4212
30.4312
30.4413
30.4514
30.4614
30.4715
30.4815
30.4916
30.5016
30.5117
30.5217
30.5318
30.5419
30.5519
30.562
30.572
30.5821
30.5921
30.6022
30.6123
30.6223
30.6324
30.6424
30.6525
30.6626
30.6726
30.6827
30.6927
30.7028
30.7128
30.7229
30.7329
30.743
30.7531
30.7631
30.7732
30.7832
30.7933
30.8033
30.8134
30.8235
30.8335
30.8436
30.8536
30.8637
30.8737
30.8838
30.8938
30.9039
30.9139
30.924
30.9341
30.9441
30.9542
30.9642
30.9743
30.9843
30.9944
31.0044
31.0145
31.0245
31.0346
31.0447
31.0547
31.0648
31.0748
31.0849
31.0949
31.105
31.115
31.1251
31.1352
31.1452
31.1553
31.1653
31.1754
31.1854
31.1955
31.2055
31.2156
31.2257
31.2357
31.2458
31.2558
31.2659
31.2759
31.286
31.296
31.3061
31.3161
31.3262
31.3363
31.3463
31.3564
31.3664
31.3765
31.3865
31.3966
31.4066
31.4167
31.4268
31.4368
31.4469
31.4569
31.467
31.477
31.4871
31.4971
31.5072
31.5173
31.5273
31.5374
31.5474
31.5575
31.5675
31.5776
31.5876
31.5977
31.6078
31.6178
31.6279
31.6379
31.648
31.658
31.6681
31.6781
31.6882
31.6982
31.7083
31.7183
31.7284
31.7384
31.7485
31.7586
31.7686
31.7787
31.7887
31.7988
31.8088
31.8189
31.829
31.839
31.8491
31.8591
31.8692
31.8792
31.8893
31.8993
31.9094
31.9195
31.9295
31.9396
31.9496
31.9597
31.9697
31.9798
31.9898
31.9999
32.0099
32.02
32.03
32.0401
32.0502
32.0602
32.0703
32.0803
32.0904
32.1004
32.1105
32.1205
32.1306
32.1407
32.1507
32.1608
32.1709
32.1809
32.191
32.201
32.2111
32.2211
32.2312
32.2413
32.2513
32.2614
32.2714
32.2815
32.2915
32.3016
32.3116
32.3217
32.3318
32.3418
32.3519
32.3619
32.372
32.382
32.3921
32.4021
32.4122
32.4223
32.4323
32.4424
32.4524
32.4625
32.4725
32.4826
32.4926
32.5027
32.5128
32.5228
32.5329
32.5429
32.553
32.563
32.5731
32.5831
32.5932
32.6033
32.6133
32.6234
32.6335
32.6435
32.6536
32.6636
32.6737
32.6837
32.6938
32.7039
32.7139
32.724
32.734
32.7441
32.7541
32.7642
32.7742
32.7843
32.7944
32.8044
32.8145
32.8245
32.8346
32.8446
32.8547
32.8647
32.8748
32.8849
32.8949
32.905
32.915
32.9251
32.9351
32.9452
32.9552
32.9653
32.9754
32.9854
32.9955
33.0055
33.0156
33.0256
33.0357
33.0457
33.0558
33.0659
33.0759
33.086
33.0961
33.1061
33.1162
33.1262
33.1363
33.1464
33.1564
33.1665
33.1765
33.1866
33.1966
33.2067
33.2167
33.2268
33.2369
33.2469
33.257
33.267
33.2771
33.2872
33.2972
33.3073
33.3173
33.3274
33.3374
33.3475
33.3576
33.3677
33.3777
33.3878
33.3978
33.4079
33.4179
33.428
33.4381
33.4481
33.4582
33.4682
33.4783
33.4883
33.4984
33.5085
33.5185
33.5286
33.5386
33.5487
33.5587
33.5688
33.5788
33.5889
33.599
33.609
33.6191
33.6291
33.6392
33.6492
33.6593
33.6694
33.6795
33.6895
33.6996
33.7096
33.7197
33.7297
33.7398
33.7499
33.7599
33.77
33.78
33.7901
33.8001
33.8102
33.8203
33.8303
33.8404
33.8504
33.8605
33.8705
33.8806
33.8907
33.9007
33.9108
33.9208
33.9309
33.941
33.9511
33.9611
33.9712
33.9812
33.9913
34.0013
34.0114
34.0215
34.0315
34.0416
34.0516
34.0617
34.0717
34.0818
34.0918
34.1019
34.1119
34.122
34.1321
34.1421
34.1522
34.1622
34.1723
34.1823
34.1924
34.2025
34.2125
34.2226
34.2326
34.2427
34.2528
34.2628
34.2729
34.2829
34.293
34.3031
34.3131
34.3232
34.3332
34.3433
34.3533
34.3634
34.3735
34.3835
34.3936
34.4036
34.4137
34.4237
34.4338
34.4439
34.4539
34.4639
34.474
34.4841
34.4941
34.5042
34.5142
34.5243
34.5344
34.5444
34.5545
34.5645
34.5746
34.5846
34.5947
34.6048
34.6148
34.6249
34.6349
34.645
34.6551
34.6651
