0.0165596 -0.105377  0.508607
0.0165583 -0.105376  0.508607
0.0165563 -0.105377  0.508606
0.0165528 -0.105377  0.508606
0.0165504 -0.105376  0.508605
0.0165458 -0.105377  0.508605
0.0165426 -0.105376  0.508605
0.0165372 -0.105377  0.508604
0.0165327 -0.105378  0.508604
0.0165289 -0.105376  0.508604
0.0165242 -0.105375  0.508603
0.0165195 -0.105376  0.508603
0.0165142 -0.105376  0.508602
0.0165105 -0.105375  0.508602
0.0165053 -0.105375  0.508601
0.0165024 -0.105374    0.5086
0.0164988 -0.105372  0.508599
0.0164956 -0.105372  0.508598
0.0164918  -0.10537  0.508597
0.0164903 -0.105367  0.508596
0.0164883 -0.105363  0.508595
0.0164858 -0.105359  0.508594
0.0164855 -0.105355  0.508592
0.0164848 -0.105348   0.50859
0.0164844 -0.105342  0.508588
0.0164836 -0.105335  0.508585
0.0164852 -0.105327  0.508583
0.0164862 -0.105316   0.50858
0.0164874 -0.105307  0.508577
0.0164882 -0.105295  0.508574
0.0164903 -0.105284  0.508569
0.0164927  -0.10527  0.508565
0.0164952 -0.105254  0.508561
0.0164984 -0.105235  0.508556
0.0165018 -0.105218  0.508551
0.0165056 -0.105197  0.508546
0.0165095 -0.105178   0.50854
0.0165141 -0.105154  0.508534
0.0165189 -0.105131  0.508527
 0.016524 -0.105105   0.50852
0.0165294  -0.10508  0.508513
0.0165355 -0.105051  0.508505
0.0165419 -0.105023  0.508496
0.0165485 -0.104991  0.508488
0.0165562  -0.10496  0.508479
0.0165646 -0.104927  0.508469
0.0165728 -0.104892  0.508458
0.0165816 -0.104857  0.508447
0.0165914  -0.10481  0.508435
0.0166012 -0.104771  0.508423
0.0166115 -0.104732   0.50841
0.0166214 -0.104691  0.508397
0.0166338 -0.104649  0.508383
0.0166458 -0.104604  0.508369
0.0166585 -0.104558  0.508354
0.0166717 -0.104513  0.508338
0.0166846 -0.104466  0.508321
   0.0167 -0.104417  0.508304
0.0167143 -0.104367  0.508285
 0.016731 -0.104315  0.508266
0.0167474 -0.104261  0.508247
0.0167637 -0.104207  0.508227
0.0167824  -0.10415  0.508205
   0.0168 -0.104093  0.508183
  0.01682 -0.104033   0.50816
0.0168399 -0.103972  0.508136
0.0168604  -0.10391  0.508111
0.0168816 -0.103844  0.508086
0.0169034 -0.103778  0.508059
0.0169259 -0.103711  0.508031
0.0169491  -0.10364  0.508003
0.0169729  -0.10357  0.507973
0.0169974 -0.103496  0.507942
0.0170226  -0.10342   0.50791
0.0170485 -0.103344  0.507876
 0.017079 -0.103268  0.507842
0.0170845 -0.103192    0.5078
0.0171322 -0.103097  0.507765
0.0171609 -0.103012  0.507726
0.0171902 -0.102924  0.507687
0.0172202 -0.102836  0.507646
0.0172702 -0.102883  0.507644
0.0172821 -0.102654   0.50756
0.0173356 -0.102703  0.507557
0.0173695 -0.102609  0.507512
0.0174042 -0.102512  0.507465
0.0174395 -0.102415  0.507416
0.0174757 -0.102314  0.507365
0.0175128 -0.102212  0.507312
0.0175505 -0.102105  0.507258
 0.017589 -0.101995  0.507202
 0.017628 -0.101884  0.507143
0.0176678 -0.101769  0.507083
0.0177081 -0.101652   0.50702
0.0177491  -0.10153  0.506955
0.0177908 -0.101405  0.506888
 0.017833 -0.101279  0.506819
0.017881 -0.10115 0.506746
0.0179243 -0.100998  0.506667
0.0179207 -0.100649  0.506516
0.0179637 -0.100506  0.506436
0.0180075 -0.100363  0.506353
0.018052 -0.10022 0.506268
0.0181525 -0.100298  0.506264
0.0181999 -0.100152  0.506177
0.0182481 -0.100007  0.506088
0.0182974 -0.099862  0.505995
0.0183478 -0.099715    0.5059
0.0183346 -0.099335  0.505703
 0.0183848 -0.0991816   0.505599
 0.0184359 -0.0990276   0.505492
 0.0184879 -0.0988741   0.505382
0.0185404 -0.098718  0.505269
 0.0185938 -0.0985615   0.505154
  0.018648 -0.0984037   0.505035
 0.0187031 -0.0982469   0.504913
 0.0187589 -0.0980871   0.504787
 0.0188158 -0.0979265   0.504659
 0.0188734 -0.0977663   0.504526
 0.0189319 -0.0976034    0.50439
 0.0189911 -0.0974397   0.504251
 0.0190511 -0.0972746   0.504107
 0.0191014 -0.0970876   0.503945
 0.0191778 -0.0969279   0.503792
 0.0192397 -0.0967602   0.503636
 0.0193027 -0.0965891   0.503477
 0.0193654 -0.0964166   0.503313
 0.0194284 -0.0962419   0.503145
 0.0194915 -0.0960669   0.502972
 0.0195548 -0.0958883   0.502795
0.0196184 -0.095708  0.502612
 0.0196825 -0.0955255   0.502426
 0.0198735 -0.0956279    0.50242
 0.0198102 -0.0951565   0.502038
 0.0200083 -0.0952613   0.502031
0.0199373 -0.094776  0.501627
 0.0201438 -0.0948844    0.50162
 0.0200645 -0.0943851   0.501193
 0.0201273 -0.0941868   0.500967
 0.0201901 -0.0939862   0.500736
 0.0202526 -0.0937822     0.5005
0.0204779 -0.093898  0.500492
0.0203766  -0.09337  0.500012
  0.020438 -0.0931606   0.499758
 0.0204991 -0.0929502   0.499498
 0.0205608 -0.0927397   0.499233
 0.0206227 -0.0925267   0.498962
 0.0206847 -0.0923132   0.498685
 0.0207469 -0.0920996   0.498402
0.0208095 -0.091886  0.498114
 0.0208724 -0.0916722    0.49782
 0.0209359 -0.0914587    0.49752
 0.0209999 -0.0912454   0.497214
 0.0210644 -0.0910324   0.496902
 0.0211293 -0.0908196   0.496584
 0.0211946 -0.0906071   0.496259
   0.02126 -0.0903947   0.495928
 0.0213264 -0.0901826    0.49559
 0.0213728 -0.0899341   0.495214
 0.0214394 -0.0897229   0.494864
 0.0215319 -0.0895224   0.494504
 0.0215988 -0.0893119   0.494142
0.0218833 -0.089436  0.494131
 0.0219519 -0.0892259   0.493762
   0.02202 -0.0890166   0.493388
 0.0220878 -0.0888076   0.493006
 0.021929 -0.088261  0.492231
 0.0219912 -0.0880473   0.491825
0.0220522 -0.087833  0.491413
 0.0221119 -0.0876163   0.490996
0.0221701 -0.087402  0.490573
 0.0222271 -0.0871883   0.490146
 0.0222827 -0.0869754   0.489713
 0.0223374 -0.0867634   0.489276
 0.0223912 -0.0865525   0.488835
 0.0224444 -0.0863431   0.488389
 0.0224969 -0.0861353    0.48794
 0.0225492 -0.0859294   0.487486
 0.0226013 -0.0857256   0.487028
0.0226535 -0.085523  0.486567
 0.0226804 -0.0852967   0.486058
 0.0227327 -0.0851003    0.48559
  0.022785 -0.0849061   0.485119
 0.0228431 -0.0847209   0.484652
 0.0229165 -0.0845318   0.484163
 0.0229698 -0.0843439   0.483685
  0.023021 -0.0841571   0.483201
 0.0230722 -0.0839726   0.482715
 0.0231229 -0.0837889   0.482226
 0.0231732 -0.0836083   0.481735
 0.0232229 -0.0834295   0.481243
 0.0232721 -0.0832528   0.480748
 0.0233205 -0.0830778   0.480252
 0.0233682 -0.0829036   0.479754
 0.0234151 -0.0827322   0.479255
 0.0234609 -0.0825627   0.478754
 0.0235059 -0.0823937   0.478253
 0.0235497 -0.0822274    0.47775
 0.0238182 -0.0823138   0.477731
 0.0238587 -0.0821477   0.477227
 0.0238978 -0.0819833   0.476723
 0.0239358 -0.0818202   0.476216
 0.0239725 -0.0816582   0.475706
 0.0240373 -0.0814927    0.47517
 0.0240198 -0.0813088   0.474623
 0.0240502 -0.0811465   0.474101
 0.0240829 -0.0809927   0.473585
 0.0241076 -0.0808304   0.473057
 0.0241291 -0.0806689   0.472527
  0.023936 -0.0802679   0.471473
 0.0241818 -0.0803457   0.471451
 0.0241948 -0.0801857   0.470918
 0.0239766 -0.0797946   0.469883
 0.0239864 -0.0796409   0.469358
 0.0242191 -0.0797122   0.469335
 0.0240039 -0.0793407   0.468324
 0.0240121 -0.0791954   0.467816
 0.0242305 -0.0792591   0.467795
  0.024234 -0.0791152   0.467294
 0.0242376 -0.0789754   0.466801
 0.0240496 -0.0786552   0.465851
 0.0242472 -0.0787078   0.465834
 0.0240727 -0.0784063     0.4649
 0.0240858 -0.0782865   0.464433
 0.0240997 -0.0781714   0.463971
 0.024115 -0.078059  0.463517
 0.0241315 -0.0779512   0.463068
 0.0241493 -0.0778468   0.462627
 0.0241685 -0.0777467   0.462191
 0.0241749 -0.0776391   0.461719
 0.0241986 -0.0775467   0.461296
 0.0242222 -0.0774576   0.460878
 0.0242469 -0.0773717   0.460466
 0.0242727 -0.0772896   0.460059
0.0242994  -0.07721  0.459656
 0.0243269 -0.0771339   0.459259
 0.0243547 -0.0770598   0.458866
 0.0243824 -0.0769883   0.458478
 0.0244202 -0.0769215   0.458093
 0.0244467 -0.0768542   0.457713
 0.0244729 -0.0767874   0.457336
 0.0244968 -0.0767224   0.456963
 0.0245196 -0.0766638   0.456594
 0.0245417 -0.0766017   0.456228
 0.0245609 -0.0765418   0.455867
 0.0245785 -0.0764866   0.455509
 0.0245951 -0.0764286   0.455155
 0.0246084 -0.0763722   0.454805
 0.0246201 -0.0763203   0.454459
 0.0246303 -0.0762654   0.454118
 0.0246377 -0.0762122   0.453781
 0.0246436 -0.0761639   0.453447
 0.0247328 -0.0761851    0.45346
 0.024736 -0.076133  0.453132
 0.0246434 -0.0760084   0.452441
 0.0246419 -0.0759609   0.452123
 0.0246394 -0.0759179   0.451808
 0.024638 -0.075871    0.4515
 0.0246328 -0.0758263   0.451196
 0.0246271 -0.0757869   0.450897
 0.0247017 -0.0758081   0.450911
 0.0246145 -0.0757038   0.450316
 0.0246065 -0.0756717   0.450037
 0.0246798 -0.0756914   0.450047
 0.0245984 -0.0755966   0.449483
  0.024591 -0.0755661   0.449214
 0.0245847 -0.0755329   0.448952
0.0245774 -0.075502  0.448695
  0.024571 -0.0754765   0.448444
 0.0245661 -0.0754483   0.448199
 0.0245605 -0.0754229   0.447961
  0.024556 -0.0754028   0.447727
 0.0245523 -0.0753808     0.4475
 0.0245492 -0.0753606   0.447277
 0.0245467 -0.0753453    0.44706
  0.024545 -0.0753284   0.446847
  0.024544 -0.0753135    0.44664
 0.0245437 -0.0753036   0.446437
 0.0245735 -0.0753256   0.446464
0.0245717 -0.075314  0.446266
0.0245705 -0.075304  0.446072
 0.0245455 -0.0752647   0.445641
  0.024547 -0.0752617   0.445453
 0.0245679 -0.0752847   0.445483
 0.0245498 -0.0752517   0.445085
 0.0245519 -0.0752516   0.444906
 0.0245526 -0.0752485   0.444728
 0.0245529 -0.0752463   0.444552
 0.0245527 -0.0752479    0.44438
 0.0245665 -0.0752736   0.444411
 0.0245511 -0.0752462   0.444044
 0.0245642 -0.0752725   0.444075
 0.0245605 -0.0752789   0.443913
 0.0245579 -0.0752789   0.443752
 0.0245554 -0.0752799   0.443593
 0.0245521 -0.0752841   0.443435
0.0245484 -0.075285   0.44328
 0.0245444 -0.0752859   0.443128
 0.0245286 -0.0752577   0.442797
 0.0245226 -0.0752563   0.442632
 0.0245171 -0.0752547   0.442488
 0.0245112 -0.0752531   0.442348
 0.0245051 -0.0752546    0.44221
 0.0244989 -0.0752527   0.442077
 0.0244927 -0.0752506   0.441946
0.0244877 -0.075252   0.44182
 0.0244819 -0.0752498   0.441698
 0.0244767 -0.0752478   0.441579
  0.024472 -0.0752489   0.441463
 0.0244679 -0.0752465   0.441352
 0.0244645 -0.0752449   0.441244
 0.0244617 -0.0752465   0.441138
 0.0244596 -0.0752452   0.441036
 0.0244582 -0.0752444   0.440937
 0.0244573 -0.0752471   0.440839
 0.0244569 -0.0752465   0.440744
 0.0244483 -0.0752965   0.440778
 0.0244565 -0.0752533    0.44056
 0.0244481 -0.0753003   0.440593
 0.0244594 -0.0752545    0.44038
 0.0244608 -0.0752602   0.440291
 0.0244498 -0.0753108   0.440325
0.0244508 -0.075314  0.440238
 0.0244508 -0.0753203   0.440152
  0.024452 -0.0753279   0.440066
 0.0244533 -0.0753322    0.43998
 0.0244545 -0.0753374   0.439895
 0.0244699 -0.0752986   0.439691
 0.0244695 -0.0753062   0.439608
 0.0244711 -0.0753126   0.439522
 0.0244708 -0.0753185   0.439439
  0.024469 -0.0753273    0.43936
 0.0244682 -0.0753368    0.43928
 0.0244679 -0.0753375   0.439192
 0.0244537 -0.0753908   0.439224
0.0244645 -0.075354  0.439042
  0.024462 -0.0753608   0.438971
 0.0244593 -0.0753705     0.4389
 0.0244562 -0.0753771   0.438832
 0.0244415 -0.0754307   0.438864
 0.0244498 -0.0753928   0.438702
0.0244464 -0.075399  0.438641
 0.0244432 -0.0754049   0.438581
 0.0244399 -0.0754137   0.438522
 0.0244366 -0.0754187   0.438466
 0.0244334 -0.0754239    0.43841
 0.0244303 -0.0754318   0.438356
 0.0244274 -0.0754359   0.438304
 0.0244248 -0.0754405   0.438253
 0.0244224 -0.0754477   0.438202
 0.0244202 -0.0754517   0.438153
 0.0244167 -0.0754589   0.438106
  0.024415 -0.0754654   0.438059
 0.0244136 -0.0754692   0.438012
 0.0244126 -0.0754728   0.437966
 0.0244109 -0.0754817   0.437922
  0.024411 -0.0754827   0.437876
 0.0244098 -0.0754887   0.437833
 0.0244094 -0.0754953   0.437788
 0.0244091 -0.0754987   0.437745
 0.0244089 -0.0755026   0.437702
 0.0244086 -0.0755096   0.437658
  0.024409 -0.0755109   0.437615
 0.0244079 -0.0755176   0.437575
 0.0244075 -0.0755248   0.437533
 0.0244068 -0.0755289   0.437492
 0.0244061 -0.0755336   0.437452
 0.0244051 -0.0755413   0.437412
 0.0244059 -0.0755398   0.437366
 0.0244051 -0.0755482   0.437327
0.0244034 -0.075553   0.43729
0.0244017 -0.075558  0.437253
 0.0243824 -0.0756175   0.437281
 0.0243803 -0.0756255   0.437244
0.0243952 -0.075576  0.437145
 0.0243928 -0.0755836    0.43711
 0.0243904 -0.0755876   0.437076
 0.0243878 -0.0755921   0.437042
0.0243686 -0.075651  0.437069
 0.0243824 -0.0756027   0.436976
 0.0243797 -0.0756065   0.436944
 0.0243771 -0.0756126   0.436913
 0.0243744 -0.0756154   0.436882
 0.0243701 -0.0756215   0.436853
0.0243676 -0.075627  0.436824
0.0243488 -0.075686  0.436849
0.0243465 -0.075688  0.436821
 0.0243611 -0.0756359   0.436739
 0.0243595 -0.0756369   0.436713
 0.0243407 -0.0756964   0.436737
0.0243562 -0.075644   0.43666
 0.0243578 -0.0756356   0.436629
 0.0243569 -0.0756387   0.436604
 0.0243561 -0.0756389   0.436579
 0.0243549 -0.0756414   0.436556
 0.0243543 -0.0756442   0.436532
 0.0243538 -0.0756444   0.436509
 0.0243533 -0.0756448   0.436486
0.0243528 -0.075648  0.436464
 0.0243335 -0.0757077   0.436487
 0.0243516 -0.0756493   0.436421
  0.024351 -0.0756532     0.4364
