 0.269513 -0.328302  0.604504
 0.269071 -0.326671  0.607474
 0.269074 -0.326669  0.607472
  0.26908 -0.326662  0.607464
 0.269091 -0.326651  0.607451
 0.269106 -0.326635  0.607434
 0.269125 -0.326614  0.607411
0.269148 -0.32659 0.607383
0.269176 -0.32656  0.60735
 0.269208 -0.326526  0.607313
 0.269245 -0.326487   0.60727
 0.269285 -0.326444  0.607222
  0.26933 -0.326396  0.607169
 0.269379 -0.326344   0.60711
 0.269433 -0.326287  0.607047
  0.26949 -0.326226  0.606979
0.269552 -0.32616 0.606906
0.269619 -0.32609 0.606827
 0.269689 -0.326015  0.606744
 0.269764 -0.325935  0.606656
 0.269843 -0.325851  0.606562
 0.269927 -0.325762  0.606463
 0.270014 -0.325669   0.60636
 0.270106 -0.325571  0.606251
 0.270202 -0.325469  0.606138
 0.270303 -0.325362  0.606019
 0.270408 -0.325251  0.605895
 0.270517 -0.325135  0.605766
  0.27063 -0.325014  0.605632
 0.270748 -0.324889  0.605493
0.270869 -0.32476 0.605349
 0.270996 -0.324626    0.6052
 0.271126 -0.324487  0.605046
 0.271261 -0.324344  0.604886
   0.2714 -0.324196  0.604722
 0.271543 -0.324044  0.604553
 0.271691 -0.323887  0.604379
 0.271842 -0.323725  0.604199
 0.271998 -0.323559  0.604015
 0.272159 -0.323389  0.603825
 0.272324 -0.323214   0.60363
 0.272492 -0.323034  0.603431
0.272665 -0.32285 0.603226
 0.272843 -0.322662  0.603017
 0.273025 -0.322469  0.602802
 0.273211 -0.322271  0.602582
 0.273401 -0.322068  0.602357
 0.273595 -0.321862  0.602127
0.273794 -0.32165 0.601892
 0.273997 -0.321434  0.601652
 0.274204 -0.321215  0.601408
0.274416 -0.32099 0.601158
0.274632 -0.32076 0.600902
 0.274852 -0.320526  0.600642
 0.275076 -0.320287  0.600377
 0.275305 -0.320044  0.600106
 0.275538 -0.319796  0.599831
 0.275775 -0.319544   0.59955
 0.276017 -0.319287  0.599265
 0.276263 -0.319026  0.598974
0.276513 -0.31876 0.598678
 0.276768 -0.318489  0.598378
 0.277026 -0.318214  0.598072
 0.277289 -0.317934  0.597761
0.277557 -0.31765 0.597445
 0.277828 -0.317362  0.597124
 0.278104 -0.317068  0.596798
0.278384 -0.31677 0.596467
 0.278668 -0.316468  0.596131
 0.278957 -0.316161   0.59579
 0.27925 -0.31585 0.595444
 0.279547 -0.315534  0.595092
 0.279848 -0.315214  0.594736
 0.280154 -0.314889  0.594375
 0.280464 -0.314559  0.594008
 0.280778 -0.314225  0.593637
 0.281097 -0.313886   0.59326
  0.28142 -0.313543  0.592879
 0.281747 -0.313195  0.592492
 0.282078 -0.312843  0.592101
 0.282414 -0.312486  0.591704
 0.282754 -0.312125  0.591302
 0.283098 -0.311759  0.590895
 0.283446 -0.311388  0.590483
 0.283799 -0.311013  0.590066
 0.284156 -0.310634  0.589644
0.284518 -0.31025 0.589217
 0.284883 -0.309861  0.588785
 0.285253 -0.309468  0.588348
0.285627 -0.30907 0.587906
 0.286005 -0.308668  0.587459
 0.286388 -0.308261  0.587006
0.286775 -0.30785 0.586549
 0.287166 -0.307434  0.586087
 0.287562 -0.307013  0.585619
 0.287962 -0.306588  0.585146
 0.288366 -0.306158  0.584669
 0.288774 -0.305724  0.584186
 0.289187 -0.305285  0.583698
 0.289604 -0.304842  0.583206
 0.290025 -0.304394  0.582708
  0.29045 -0.303943  0.582205
0.290876 -0.30349 0.581702
 0.291301 -0.303037  0.581199
 0.291727 -0.302585  0.580697
 0.292152 -0.302133  0.580193
0.292578 -0.30168 0.579691
 0.293003 -0.301228  0.579188
 0.293428 -0.300776  0.578685
 0.293854 -0.300324  0.578182
 0.294279 -0.299872   0.57768
 0.294704 -0.299419  0.577177
  0.29513 -0.298967  0.576674
 0.295555 -0.298515  0.576171
 0.295981 -0.298062  0.575668
0.296406 -0.29761 0.575165
 0.296832 -0.297158  0.574663
 0.297257 -0.296706   0.57416
 0.297682 -0.296253  0.573657
 0.298108 -0.295801  0.573154
 0.298533 -0.295349  0.572652
 0.298959 -0.294897  0.572149
 0.299384 -0.294445  0.571646
 0.299809 -0.293992  0.571143
0.300234 -0.29354 0.570641
  0.30066 -0.293088  0.570138
 0.301085 -0.292636  0.569635
  0.30151 -0.292184  0.569133
 0.301936 -0.291731   0.56863
 0.302361 -0.291279  0.568127
 0.302786 -0.290827  0.567624
 0.303212 -0.290375  0.567121
 0.303637 -0.289922  0.566619
0.304063 -0.28947 0.566116
 0.304488 -0.289018  0.565613
 0.304913 -0.288566   0.56511
 0.305339 -0.288114  0.564608
 0.305764 -0.287661  0.564105
 0.306189 -0.287209  0.563602
 0.306615 -0.286757  0.563099
  0.30704 -0.286305  0.562597
 0.307465 -0.285852  0.562094
0.307891  -0.2854 0.561591
 0.308316 -0.284948  0.561088
 0.308742 -0.284496  0.560586
 0.309167 -0.284044  0.560083
 0.309592 -0.283591   0.55958
 0.310018 -0.283139  0.559077
 0.310443 -0.282687  0.558575
  0.31087 -0.282232  0.558069
0.311296 -0.28178 0.557566
 0.311722 -0.281327  0.557063
 0.312147 -0.280875   0.55656
 0.312573 -0.280423  0.556058
 0.312998 -0.279971  0.555555
 0.313423 -0.279518  0.555052
 0.313849 -0.279066  0.554549
 0.314274 -0.278614  0.554046
 0.314699 -0.278162  0.553544
 0.315125 -0.277709  0.553041
  0.31555 -0.277257  0.552538
 0.315976 -0.276805  0.552035
 0.316401 -0.276352  0.551532
0.316827  -0.2759 0.551029
 0.317252 -0.275448  0.550527
 0.317677 -0.274996  0.550024
 0.318103 -0.274543  0.549521
 0.318528 -0.274091  0.549018
 0.318952 -0.273641  0.548518
 0.319377 -0.273189  0.548015
 0.319802 -0.272736  0.547512
 0.320228 -0.272284  0.547009
 0.320653 -0.271832  0.546506
 0.321079 -0.271379  0.546004
 0.321504 -0.270927  0.545501
  0.32193 -0.270475  0.544998
 0.322355 -0.270023  0.544495
 0.32278 -0.26957 0.543992
 0.323206 -0.269118  0.543489
 0.323631 -0.268666  0.542987
 0.324057 -0.268213  0.542483
0.324483 -0.26776 0.541979
 0.324909 -0.267308  0.541477
 0.325334 -0.266855  0.540974
  0.32576 -0.266403  0.540471
 0.326185 -0.265951  0.539968
 0.326611 -0.265498  0.539465
 0.327036 -0.265046  0.538962
 0.327461 -0.264594  0.538459
0.327888 -0.26414 0.537955
 0.328313 -0.263688  0.537453
 0.328739 -0.263236   0.53695
 0.329164 -0.262784  0.536447
 0.329589 -0.262331  0.535944
 0.330014 -0.261879  0.535442
  0.33044 -0.261427  0.534939
 0.330866 -0.260974  0.534436
 0.331291 -0.260522  0.533933
0.331717 -0.26007  0.53343
 0.332142 -0.259617  0.532927
 0.332567 -0.259165  0.532424
 0.332993 -0.258713  0.531922
 0.333418 -0.258261  0.531419
 0.333845 -0.257807  0.530914
 0.334269 -0.257356  0.530413
 0.334694 -0.256904   0.52991
  0.33512 -0.256451  0.529407
 0.335546 -0.255999  0.528904
 0.335971 -0.255547  0.528401
 0.336396 -0.255094  0.527899
 0.336822 -0.254642  0.527396
0.337247 -0.25419 0.526893
 0.337673 -0.253737   0.52639
 0.338098 -0.253285  0.525887
 0.338525 -0.252831  0.525382
  0.33895 -0.252379   0.52488
0.339373 -0.25193 0.524381
 0.339791 -0.251486  0.523887
 0.340204 -0.251046  0.523398
 0.340615 -0.250609  0.522912
 0.341021 -0.250178  0.522433
 0.341421 -0.249752  0.521959
0.341818 -0.24933 0.521491
  0.34221 -0.248913  0.521027
 0.342598 -0.248501  0.520568
 0.342982 -0.248093  0.520115
0.343361 -0.24769 0.519666
 0.343736 -0.247291  0.519223
0.344114 -0.24689 0.518777
 0.344481 -0.246499  0.518343
 0.344843 -0.246114  0.517915
 0.345201 -0.245734  0.517492
 0.345555 -0.245358  0.517074
 0.345904 -0.244986  0.516661
 0.346249 -0.244619  0.516253
  0.34659 -0.244257   0.51585
 0.346927 -0.243899  0.515452
 0.347259 -0.243546  0.515059
 0.347587 -0.243197  0.514672
 0.347911 -0.242853  0.514289
  0.34823 -0.242513  0.513912
 0.348545 -0.242178  0.513539
 0.348856 -0.241848  0.513172
 0.349163 -0.241522  0.512809
0.349465  -0.2412 0.512452
 0.349763 -0.240883  0.512099
 0.350347 -0.240263   0.51141
 0.350347 -0.240263   0.51141
0.350632 -0.23996 0.511073
 0.350913 -0.239661  0.510741
  0.35119 -0.239367  0.510413
 0.351462 -0.239077  0.510092
  0.35173 -0.238792  0.509775
 0.351994 -0.238512  0.509463
 0.352254 -0.238236  0.509156
 0.352509 -0.237964  0.508854
  0.35276 -0.237697  0.508558
 0.353007 -0.237435  0.508266
 0.353249 -0.237177  0.507979
 0.353487 -0.236924  0.507698
 0.353721 -0.236675  0.507421
 0.353951 -0.236431   0.50715
 0.354176 -0.236192  0.506883
 0.354397 -0.235957  0.506622
 0.354614 -0.235726  0.506366
 0.354827 -0.235499  0.506114
 0.355036 -0.235278  0.505868
  0.35524 -0.235061  0.505627
 0.355439 -0.234849  0.505391
 0.355635 -0.234641   0.50516
 0.355826 -0.234438  0.504934
 0.356013 -0.234239  0.504713
 0.356195 -0.234045  0.504497
 0.356373 -0.233856  0.504287
 0.356547 -0.233671  0.504081
0.356717 -0.23349  0.50388
 0.356882 -0.233314  0.503685
 0.357044 -0.233143  0.503494
 0.357201 -0.232976  0.503309
 0.357353 -0.232814  0.503128
 0.357502 -0.232656  0.502953
 0.357646 -0.232503  0.502783
 0.357785 -0.232354  0.502618
0.357921 -0.23221 0.502457
 0.358052 -0.232071  0.502302
 0.358179 -0.231936  0.502152
 0.358302 -0.231805  0.502007
 0.35842 -0.23168 0.501867
 0.358534 -0.231558  0.501732
 0.358644 -0.231442  0.501603
  0.35875 -0.231329  0.501478
 0.358851 -0.231222  0.501358
 0.358948 -0.231118  0.501243
0.359041 -0.23102 0.501134
 0.359129 -0.230926  0.501029
 0.359213 -0.230836   0.50093
 0.359294 -0.230751  0.500835
 0.359369 -0.230671  0.500746
 0.359441 -0.230595  0.500661
 0.359508 -0.230523  0.500582
  0.35957 -0.230457  0.500508
 0.359629 -0.230395  0.500439
 0.359683 -0.230337  0.500375
 0.359733 -0.230284  0.500316
 0.359779 -0.230235  0.500262
  0.35982 -0.230191  0.500213
 0.359857 -0.230152  0.500169
  0.35989 -0.230117   0.50013
 0.359919 -0.230087  0.500096
 0.359943 -0.230061  0.500068
0.359963 -0.23004 0.500044
 0.359978 -0.230023  0.500025
  0.35999 -0.230011  0.500012
 0.359997 -0.230003  0.500003
 0.36 -0.23   0.5
 0.36 -0.23   0.5
 0.36 -0.23   0.5
 0.36 -0.23   0.5
 0.36 -0.23   0.5
 0.36 -0.23   0.5
 0.36 -0.23   0.5
 0.36 -0.23   0.5
 0.36 -0.23   0.5
 0.36 -0.23   0.5
 0.36 -0.23   0.5
 0.36 -0.23   0.5
 0.36 -0.23   0.5
 0.36 -0.23   0.5
 0.36 -0.23   0.5
 0.36 -0.23   0.5
 0.36 -0.23   0.5
 0.36 -0.23   0.5
 0.36 -0.23   0.5
 0.36 -0.23   0.5
 0.36 -0.23   0.5
 0.36 -0.23   0.5
 0.36 -0.23   0.5
 0.36 -0.23   0.5
 0.36 -0.23   0.5
 0.36 -0.23   0.5
 0.36 -0.23   0.5
 0.36 -0.23   0.5
 0.36 -0.23   0.5
 0.36 -0.23   0.5
 0.36 -0.23   0.5
 0.36 -0.23   0.5
 0.36 -0.23   0.5
 0.36 -0.23   0.5
 0.36 -0.23   0.5
 0.36 -0.23   0.5
 0.36 -0.23   0.5
 0.36 -0.23   0.5
 0.36 -0.23   0.5
 0.36 -0.23   0.5
 0.36 -0.23   0.5
 0.36 -0.23   0.5
 0.36 -0.23   0.5
 0.36 -0.23   0.5
 0.36 -0.23   0.5
 0.36 -0.23   0.5
 0.36 -0.23   0.5
 0.36 -0.23   0.5
 0.36 -0.23   0.5
 0.36 -0.23   0.5
 0.36 -0.23   0.5
 0.36 -0.23   0.5
 0.36 -0.23   0.5
 0.36 -0.23   0.5
 0.36 -0.23   0.5
 0.36 -0.23   0.5
 0.36 -0.23   0.5
 0.36 -0.23   0.5
 0.36 -0.23   0.5
 0.36 -0.23   0.5
 0.36 -0.23   0.5
 0.36 -0.23   0.5
 0.36 -0.23   0.5
 0.36 -0.23   0.5
 0.36 -0.23   0.5
 0.36 -0.23   0.5
 0.36 -0.23   0.5
 0.36 -0.23   0.5
 0.36 -0.23   0.5
 0.36 -0.23   0.5
 0.36 -0.23   0.5
 0.36 -0.23   0.5
 0.36 -0.23   0.5
 0.36 -0.23   0.5
 0.36 -0.23   0.5
 0.36 -0.23   0.5
 0.36 -0.23   0.5
 0.36 -0.23   0.5
 0.36 -0.23   0.5
 0.36 -0.23   0.5
 0.36 -0.23   0.5
 0.36 -0.23   0.5
 0.36 -0.23   0.5
 0.36 -0.23   0.5
 0.36 -0.23   0.5
 0.36 -0.23   0.5
 0.36 -0.23   0.5
 0.36 -0.23   0.5
