 0.269067 -0.326676  0.607472
 0.269059 -0.326681  0.607472
 0.269049 -0.326689  0.607467
 0.269038 -0.326697  0.607464
 0.269029 -0.326703  0.607459
 0.269021 -0.326708  0.607464
0.269017 -0.32671 0.607465
 0.269014 -0.326712  0.607473
 0.269015 -0.326711  0.607485
  0.26902 -0.326705    0.6075
 0.269029 -0.326697   0.60752
0.269039 -0.32669 0.607539
 0.269053 -0.326678  0.607566
 0.269071 -0.326664  0.607589
  0.26909 -0.326647  0.607618
 0.269115 -0.326627  0.607647
 0.269141 -0.326603  0.607678
 0.269171 -0.326578  0.607711
0.269201 -0.32655 0.607743
 0.269236 -0.326517  0.607777
  0.26927 -0.326482  0.607808
 0.269306 -0.326444  0.607844
 0.269343 -0.326405  0.607869
 0.269381 -0.326362  0.607898
  0.26942 -0.326319  0.607924
 0.269457 -0.326272  0.607947
0.269498 -0.32622 0.607968
 0.269537 -0.326168  0.607988
 0.269575 -0.326115  0.608004
 0.26961 -0.32606 0.608013
 0.269646 -0.326002  0.608017
 0.269681 -0.325943  0.608019
0.269715 -0.32588 0.608018
 0.269749 -0.325814  0.608014
 0.269781 -0.325747  0.608003
 0.269813 -0.325676  0.607991
 0.269844 -0.325605   0.60797
 0.269876 -0.325528  0.607952
 0.269906 -0.325451  0.607921
 0.269937 -0.325368  0.607889
 0.269969 -0.325285  0.607854
 0.270001 -0.325194  0.607814
 0.270035 -0.325103  0.607771
 0.270069 -0.325005  0.607722
 0.270106 -0.324902  0.607674
 0.270145 -0.324794  0.607612
 0.270184 -0.324683  0.607552
 0.270226 -0.324569  0.607489
 0.270272 -0.324435   0.60742
 0.270319 -0.324308   0.60735
 0.270368 -0.324178  0.607274
 0.270419 -0.324042  0.607198
 0.270474 -0.323901  0.607114
 0.270533 -0.323752  0.607034
0.270592  -0.3236 0.606942
 0.270654 -0.323444  0.606849
 0.270719 -0.323282  0.606754
 0.270788 -0.323115  0.606653
 0.270858 -0.322943  0.606552
 0.270932 -0.322765  0.606443
 0.271008 -0.322581  0.606336
 0.271084 -0.322395  0.606218
 0.271165 -0.322203  0.606098
 0.271245 -0.322007  0.605976
  0.27133 -0.321806  0.605847
0.271415  -0.3216 0.605717
 0.271502 -0.321392  0.605578
  0.27159 -0.321176   0.60544
 0.271679 -0.320958  0.605292
  0.27177 -0.320737   0.60514
 0.271862 -0.320509  0.604984
0.271955 -0.32028 0.604821
 0.272049 -0.320045  0.604656
 0.272144 -0.319805  0.604484
  0.27224 -0.319563  0.604307
 0.272341 -0.319311  0.604106
  0.27242 -0.319061  0.603918
 0.272543 -0.318791  0.603717
 0.272643 -0.318531  0.603516
 0.272745 -0.318266  0.603311
 0.272847 -0.317999  0.603098
 0.272942 -0.317921  0.603009
0.273057 -0.31745 0.602657
 0.273156 -0.317372  0.602566
0.273265 -0.31709 0.602331
 0.273376 -0.316802  0.602095
 0.273489 -0.316511  0.601849
 0.273604 -0.316212  0.601597
 0.273722 -0.315908  0.601338
 0.273842 -0.315595   0.60107
 0.273964 -0.315276  0.600798
 0.274089 -0.314952  0.600513
 0.274217 -0.314617  0.600228
 0.274346 -0.314278  0.599925
 0.274478 -0.313929   0.59962
 0.274614 -0.313573  0.599308
 0.274751 -0.313211  0.598986
 0.274897 -0.312833  0.598627
  0.27504 -0.312421  0.598271
 0.275192 -0.311725   0.59774
0.275337 -0.31133 0.597384
 0.275484 -0.310932  0.597024
 0.275634 -0.310534  0.596659
 0.275796 -0.310455  0.596515
  0.27595 -0.310052  0.596149
0.276104 -0.30965 0.595777
 0.276261 -0.309248  0.595401
 0.276418 -0.308843  0.595016
 0.276556 -0.308099  0.594377
 0.276713 -0.307688  0.593974
 0.276871 -0.307277  0.593571
  0.27703 -0.306869  0.593163
  0.27719 -0.306457  0.592749
 0.277352 -0.306046  0.592334
 0.277514 -0.305635  0.591911
 0.277678 -0.305225  0.591486
 0.277842 -0.304813   0.59105
0.278008  -0.3044 0.590612
 0.278177 -0.303989  0.590169
 0.278346 -0.303575   0.58972
0.278518 -0.30316 0.589267
  0.27869 -0.302745  0.588805
  0.27886 -0.302295  0.588307
  0.27904 -0.301869  0.587777
0.279219 -0.30145 0.587294
  0.27942 -0.301031  0.586849
 0.279604 -0.300604  0.586353
  0.27979 -0.300173  0.585852
 0.279978 -0.299741  0.585339
 0.280169 -0.299303  0.584821
 0.280361 -0.298863  0.584292
 0.280557 -0.298418   0.58376
 0.280824 -0.298419  0.583612
 0.280951 -0.297521   0.58266
 0.281228 -0.297529  0.582513
 0.281353 -0.296604  0.581524
 0.281639 -0.296622  0.581371
 0.281761 -0.295671  0.580347
0.281967  -0.2952 0.579744
 0.282173 -0.294723  0.579128
  0.28238 -0.294245  0.578505
 0.282687 -0.294281  0.578331
 0.282796 -0.293281  0.577234
 0.283006 -0.292796  0.576585
0.283216 -0.29231 0.575926
 0.283427 -0.291827  0.575262
 0.283637 -0.291344   0.57459
  0.28385 -0.290863  0.573918
  0.28406 -0.290386  0.573234
 0.284273 -0.289913  0.572549
 0.284486 -0.289445  0.571862
   0.2847 -0.288981   0.57117
 0.284915 -0.288523  0.570478
0.285131 -0.28807 0.569779
 0.285349 -0.287621  0.569083
 0.285567 -0.287178  0.568377
0.285787 -0.28674  0.56767
 0.286009 -0.286306  0.566963
  0.28622 -0.285815  0.566199
 0.286447 -0.285389  0.565487
 0.286673 -0.284961  0.564671
 0.286904 -0.284541  0.563954
 0.287313 -0.284739  0.563884
 0.287551 -0.284328   0.56317
  0.28779 -0.283919  0.562445
 0.288032 -0.283509  0.561715
 0.288144 -0.282472  0.560388
 0.288392 -0.282045  0.559636
 0.288643 -0.281615   0.55888
 0.288896 -0.281181  0.558119
 0.289153 -0.280745  0.557357
 0.289412 -0.280307  0.556585
 0.289674 -0.279867  0.555813
  0.28994 -0.279425  0.555041
 0.290208 -0.278983  0.554267
  0.29048 -0.278539  0.553495
 0.290755 -0.278096  0.552722
 0.291035 -0.277654  0.551954
 0.291316 -0.277215  0.551183
 0.291602 -0.276776   0.55042
 0.291878 -0.276281  0.549601
 0.29217 -0.27585 0.548846
 0.292467 -0.275423  0.548099
 0.292765 -0.274998  0.547355
 0.293065 -0.274568  0.546505
 0.293414 -0.274181  0.545869
 0.293721 -0.273765  0.545142
 0.294032 -0.273352  0.544421
 0.294344 -0.272941  0.543705
  0.29466 -0.272534  0.542998
0.294976 -0.27213 0.542293
 0.295295 -0.271727  0.541595
 0.295616 -0.271327  0.540904
 0.295938 -0.270927  0.540219
 0.296263 -0.270528   0.53954
0.296588 -0.27013 0.538865
 0.296916 -0.269732    0.5382
 0.297245 -0.269333  0.537532
 0.297654 -0.269572  0.537446
 0.297984 -0.269171   0.53679
 0.298313 -0.268768  0.536137
0.298646 -0.26836 0.535485
  0.29898 -0.267947  0.534827
 0.299355 -0.267515   0.53405
 0.299645 -0.267031  0.533453
 0.299981 -0.266594   0.53279
  0.30036 -0.266181  0.532227
 0.300696 -0.265726  0.531559
 0.301032 -0.265264  0.530896
 0.301301 -0.264112  0.529591
   0.3017 -0.264301   0.52945
 0.302034 -0.263816  0.528787
 0.302304 -0.262664  0.527636
 0.302636 -0.262177  0.527002
 0.303027 -0.262341  0.526853
   0.3033 -0.261209  0.525773
 0.303629 -0.260733   0.52518
 0.30401 -0.26088 0.525053
 0.304337 -0.260407  0.524494
 0.304663 -0.259943  0.523957
  0.30495 -0.258904  0.523026
 0.305318 -0.259036  0.522944
 0.305613 -0.258034  0.522066
 0.305947 -0.257611  0.521619
 0.306281 -0.257196  0.521191
 0.306618 -0.256788  0.520787
 0.306956 -0.256388    0.5204
 0.307296 -0.255996   0.52004
0.307637 -0.25561  0.51969
  0.30798 -0.255183  0.519326
 0.308327 -0.254808  0.519017
 0.308675 -0.254437  0.518721
 0.309025 -0.254069  0.518445
 0.309376 -0.253704  0.518176
0.309729 -0.25334 0.517922
 0.310084 -0.252978   0.51768
  0.31044 -0.252614  0.517446
 0.310797 -0.252248  0.517221
 0.311184 -0.251887  0.517009
 0.311541 -0.251513  0.516796
 0.311897 -0.251132  0.516578
 0.312252 -0.250746  0.516366
0.312605 -0.25036 0.516154
 0.312956 -0.249963   0.51594
 0.313304 -0.249561   0.51573
 0.313648 -0.249158  0.515512
 0.313989 -0.248745  0.515295
 0.314324 -0.248328  0.515077
 0.314655 -0.247912  0.514854
 0.314981 -0.247487  0.514634
   0.3153 -0.247061  0.514409
 0.315615 -0.246638  0.514185
 0.315871 -0.246623  0.514231
0.316175 -0.24619 0.513998
 0.316524 -0.245319  0.513477
 0.316811 -0.244894   0.51325
 0.317094 -0.244474  0.513023
  0.31737 -0.244053  0.512795
 0.317638 -0.243638  0.512574
 0.317901 -0.243234  0.512356
0.318122  -0.2432 0.512374
 0.318409 -0.242438  0.511941
 0.318654 -0.242057   0.51174
 0.318867 -0.242007  0.511722
 0.319149 -0.241304  0.511368
 0.319379 -0.240949  0.511192
 0.319606 -0.240596  0.511027
 0.319827 -0.240253   0.51087
 0.320045 -0.239924  0.510728
0.320261  -0.2396 0.510589
 0.320472 -0.239285  0.510465
 0.320682 -0.238984  0.510351
  0.32089 -0.238685  0.510246
 0.321096 -0.238392  0.510157
0.321301 -0.23811 0.510066
0.321504 -0.23783 0.509989
 0.321707 -0.237554  0.509923
 0.321909 -0.237287   0.50986
 0.322054 -0.237283  0.509967
 0.322252 -0.237014  0.509914
 0.322451 -0.236748  0.509869
  0.32272 -0.236202  0.509661
 0.32292 -0.23594 0.509619
 0.323054 -0.235927  0.509732
 0.323321 -0.235402  0.509542
 0.323519 -0.235136  0.509503
 0.323717 -0.234863  0.509467
 0.323914 -0.234589  0.509427
 0.324108 -0.234319  0.509391
 0.324229 -0.234293  0.509491
 0.324489 -0.233769  0.509306
 0.324611 -0.233728  0.509396
 0.324795 -0.233456  0.509347
 0.324975 -0.233182  0.509306
 0.325158 -0.232917   0.50927
  0.32533 -0.232651  0.509217
 0.325497 -0.232385  0.509166
 0.325659 -0.232123  0.509111
 0.325873 -0.231651  0.508936
 0.326028 -0.231383  0.508864
0.326172 -0.23114 0.508807
 0.326311 -0.230905  0.508752
 0.326443 -0.230681  0.508694
  0.32657 -0.230463  0.508644
 0.326691 -0.230254  0.508589
0.326807 -0.23006 0.508537
 0.326917 -0.229872  0.508492
 0.327022 -0.229694  0.508449
 0.327123 -0.229531  0.508412
  0.32722 -0.229374  0.508374
 0.327312 -0.229227  0.508343
 0.327401 -0.229094  0.508316
 0.327488 -0.228966  0.508292
 0.327571 -0.228846  0.508277
 0.327653 -0.228737  0.508257
0.327732 -0.22863 0.508245
 0.327761 -0.228694  0.508332
 0.327887 -0.228437  0.508227
 0.327914 -0.228508  0.508325
 0.328042 -0.228253  0.508222
 0.328118 -0.228168  0.508219
  0.32814 -0.228246  0.508315
 0.328216 -0.228159  0.508314
 0.328291 -0.228074  0.508318
0.328367 -0.22799 0.508312
0.328445  -0.2279  0.50831
 0.328523 -0.227808  0.508309
 0.328661 -0.227546  0.508208
 0.328741 -0.227448  0.508206
  0.32882 -0.227353  0.508194
 0.328899 -0.227252  0.508185
0.328978 -0.22715 0.508177
 0.329058 -0.227057  0.508174
 0.329141 -0.226937  0.508158
 0.329159 -0.227003  0.508238
 0.329288 -0.226742  0.508134
 0.329359 -0.226646  0.508125
 0.329428 -0.226556  0.508113
 0.329494 -0.226466  0.508106
 0.329508 -0.226531  0.508181
 0.329618 -0.226303  0.508084
 0.329675 -0.226227  0.508078
  0.32973 -0.226157   0.50807
 0.329781 -0.226095  0.508065
  0.32983 -0.226035  0.508056
 0.329876 -0.225981  0.508051
 0.329919 -0.225936  0.508046
  0.32996 -0.225892  0.508042
 0.329999 -0.225855  0.508042
 0.330035 -0.225825  0.508036
 0.330069 -0.225797  0.508034
 0.330099 -0.225779  0.508036
  0.33013 -0.225762  0.508034
  0.33016 -0.225746  0.508037
 0.330189 -0.225731  0.508034
 0.330217 -0.225723  0.508033
 0.330245 -0.225712  0.508035
 0.330273 -0.225703  0.508034
 0.330301 -0.225697  0.508036
  0.33033 -0.225687  0.508034
 0.330359 -0.225676  0.508034
 0.330388 -0.225668  0.508032
 0.330419 -0.225653  0.508031
 0.330451 -0.225638  0.508032
 0.330483 -0.225623  0.508027
 0.330516 -0.225602  0.508024
 0.330551 -0.225579  0.508023
 0.330586 -0.225557  0.508017
 0.330627 -0.225515  0.508009
 0.330665 -0.225493  0.508005
 0.330702 -0.225461     0.508
  0.33074 -0.225427  0.507996
 0.330727 -0.225528   0.50807
 0.330765 -0.225494  0.508065
 0.330852 -0.225322  0.507977
  0.33089 -0.225288  0.507969
 0.330927 -0.225249  0.507962
 0.330963 -0.225211  0.507953
 0.330951 -0.225306  0.508025
 0.331033 -0.225142  0.507935
 0.331066 -0.225109  0.507926
0.331098 -0.22508 0.507916
0.331129 -0.22505 0.507906
 0.331155 -0.225028  0.507901
 0.331183 -0.225007  0.507888
 0.331167 -0.225106  0.507954
 0.331192 -0.225087  0.507945
 0.331256 -0.224959  0.507861
 0.331278 -0.224948  0.507855
 0.331259 -0.225054  0.507916
 0.331318 -0.224938  0.507834
  0.33134 -0.224924   0.50782
 0.331357 -0.224927   0.50781
 0.331374 -0.224935  0.507808
  0.33139 -0.224939  0.507798
 0.331405 -0.224948   0.50779
  0.33142 -0.224956  0.507784
 0.331435 -0.224964  0.507777
 0.331449 -0.224977  0.507771
 0.331422 -0.225099  0.507835
 0.331478 -0.224995  0.507758
 0.331493 -0.225008  0.507752
