5.00679e-06
0.00953007
0.019588
0.029644
0.039701
0.0497551
0.0598099
0.0698659
0.0799241
0.0899811
0.100037
0.110103
0.120159
0.130216
0.140272
0.150329
0.160385
0.17044
0.180495
0.190552
0.200609
0.210664
0.220721
0.230777
0.240832
0.250889
0.260944
0.271
0.281056
0.29111
0.301166
0.311223
0.321279
0.331334
0.341389
0.351444
0.361499
0.371554
0.381608
0.391662
0.401717
0.411772
0.421827
0.431882
0.441938
0.451994
0.462048
0.472102
0.482157
0.492214
0.502269
0.512325
0.522381
0.532436
0.542492
0.552549
0.562606
0.572662
0.582716
0.592771
0.602826
0.612881
0.622936
0.632992
0.643046
0.653101
0.663156
0.673211
0.683265
0.693321
0.703377
0.713431
0.723485
0.733541
0.743596
0.75365
0.763705
0.773761
0.783816
0.79387
0.803924
0.814013
0.82405
0.834104
0.844158
0.854222
0.864277
0.874345
0.884402
0.894457
0.904514
0.914568
0.924623
0.934637
0.944706
0.95476
0.964816
0.974871
0.984927
0.994981
1.00504
1.01509
1.02515
1.0352
1.04526
1.05531
1.06537
1.07542
1.08548
1.09553
1.10559
1.11564
1.12572
1.13577
1.14583
1.15589
1.16595
1.176
1.18606
1.19611
1.20617
1.21622
1.22628
1.23633
1.24639
1.25644
1.2665
1.27655
1.2866
1.29666
1.30672
1.31677
1.32682
1.33688
1.34693
1.35699
1.36704
1.3771
1.38716
1.39721
1.40726
1.41732
1.42737
1.43743
1.44748
1.45754
1.46759
1.47765
1.4877
1.49776
1.50781
1.51787
1.52793
1.53798
1.54804
1.55809
1.56815
1.57821
1.58826
1.59832
1.6084
1.61846
1.62851
1.63857
1.64862
1.65868
1.66873
1.67879
1.68884
1.6989
1.70896
1.71901
1.72907
1.73912
1.74918
1.75923
1.76929
1.77934
1.7894
1.79945
1.80951
1.81958
1.82963
1.83969
1.84974
1.8598
1.86985
1.87991
1.88998
1.90003
1.91008
1.92014
1.9302
1.94026
1.95032
1.96037
1.97043
1.98048
1.99054
2.00061
2.01066
2.02074
2.0308
2.04087
2.05092
2.06098
2.07103
2.08109
2.09115
2.1012
2.11129
2.12135
2.1314
2.14148
2.15155
2.16162
2.17167
2.18169
2.19175
2.20181
2.21186
2.22192
2.23198
2.24204
2.25213
2.26218
2.27224
2.28229
2.29239
2.30244
2.31252
2.32257
2.33262
2.34268
2.35273
2.36279
2.37286
2.38292
2.39298
2.40304
2.4131
2.42321
2.43323
2.44328
2.45335
2.4634
2.47346
2.48352
2.49359
2.50366
2.51375
2.52384
2.53391
2.54414
2.55419
2.56425
2.5743
2.58436
2.59441
2.60447
2.61453
2.62458
2.63467
2.64473
2.65478
2.66484
2.67494
2.685
2.69507
2.70513
2.71518
2.72524
2.7353
2.74535
2.75541
2.76547
2.77553
2.78558
2.79564
2.80569
2.81575
2.8258
2.83586
2.84592
2.85597
2.86603
2.87609
2.88614
2.89619
2.90625
2.91631
2.92636
2.93642
2.94648
2.95653
2.96659
2.97664
2.9867
2.99676
3.00681
3.01687
3.02692
3.03697
3.04704
3.05709
3.06721
3.07727
3.08732
3.09739
3.10744
3.1175
3.12755
3.13759
3.14763
3.1577
3.16776
3.17781
3.18787
3.19792
3.20803
3.21808
3.22814
3.23819
3.24828
3.25834
3.2684
3.27858
3.28868
3.29873
3.30879
3.31884
3.32896
3.33901
3.34907
3.35912
3.36918
3.37923
3.38929
3.39932
3.40937
3.41945
3.42952
3.4396
3.44966
3.45971
3.46977
3.47984
3.4899
3.49995
3.51001
3.52006
3.53012
3.54017
3.55023
3.56028
3.57033
3.58039
3.59045
3.60051
3.61056
3.62063
3.63068
3.64074
3.65079
3.66085
3.6709
3.68096
3.69101
3.70105
3.71108
3.72114
3.73119
3.74125
3.7513
3.76136
3.77143
3.78148
3.79154
3.80159
3.81165
3.82171
3.83177
3.84182
3.85188
3.86193
3.87212
3.88217
3.89223
3.90227
3.91232
3.92242
3.93247
3.94253
3.95258
3.96262
3.97264
3.98271
3.99274
4.00279
4.01285
4.02291
4.03299
