0.0163652 -0.105369  0.508632
0.0163602 -0.105369  0.508632
0.0163541 -0.105364  0.508632
0.0163476 -0.105363  0.508632
0.0163405 -0.105364  0.508631
0.0163322 -0.105365  0.508631
0.0163258 -0.105364  0.508631
0.0163186 -0.105364   0.50863
0.0163106 -0.105366  0.508629
0.0163049 -0.105365  0.508629
0.0162976 -0.105367  0.508628
0.0162919 -0.105366  0.508627
0.0162868 -0.105366  0.508626
0.0162821 -0.105367  0.508625
0.0162782 -0.105366  0.508624
 0.016275 -0.105367  0.508623
0.0162726 -0.105366  0.508622
0.0162711 -0.105366   0.50862
0.0162701 -0.105364  0.508619
 0.016271 -0.105362  0.508618
0.0162718 -0.105359  0.508616
0.0162726 -0.105358  0.508614
 0.016275 -0.105354  0.508612
0.0162788  -0.10535   0.50861
0.0162816 -0.105345  0.508608
 0.016287 -0.105337  0.508606
0.0162911 -0.105333  0.508603
0.0162977 -0.105328  0.508599
0.0163041 -0.105319  0.508596
0.0163114  -0.10531  0.508593
0.0163189 -0.105299  0.508589
0.0163273 -0.105289  0.508585
0.0163361 -0.105276  0.508581
0.0163457 -0.105263  0.508577
0.0163557 -0.105249  0.508572
0.0163666 -0.105234  0.508567
0.0163777 -0.105217  0.508561
0.0163898 -0.105198  0.508555
0.0164023 -0.105181  0.508549
0.0164157  -0.10516  0.508542
0.0164294 -0.105141  0.508534
0.0164442 -0.105118  0.508527
0.0164598 -0.105097  0.508518
0.0164761 -0.105072   0.50851
 0.016493 -0.105049    0.5085
0.0165109 -0.105021   0.50849
0.0165295 -0.104996   0.50848
0.0165492 -0.104967  0.508469
0.0165696 -0.104938  0.508457
0.0165912 -0.104908  0.508445
0.0166135 -0.104878  0.508433
0.0166372 -0.104846  0.508419
0.0166642 -0.104804  0.508404
 0.016689 -0.104771   0.50839
0.0167167 -0.104735  0.508374
0.0167436   -0.1047  0.508358
0.0167735 -0.104663  0.508341
0.0168027 -0.104625  0.508324
 0.016835 -0.104584  0.508306
0.0168666 -0.104545  0.508286
0.0169012 -0.104502  0.508267
0.0169363 -0.104462  0.508246
0.0169725 -0.104418  0.508225
0.0170098 -0.104375  0.508203
0.0170475 -0.104329  0.508179
0.0170883 -0.104282  0.508155
0.0171292 -0.104233   0.50813
0.0171715 -0.104183  0.508104
0.0172149 -0.104133  0.508077
0.0172597  -0.10408  0.508049
0.0173055 -0.104028   0.50802
0.0173543 -0.103973  0.507989
0.0174028 -0.103918  0.507958
0.0174525  -0.10386  0.507925
0.0175035 -0.103801  0.507892
0.0175557 -0.103742  0.507857
0.0176093  -0.10368  0.507821
0.0176641 -0.103618  0.507783
0.0177202 -0.103553  0.507745
0.0177776 -0.103486  0.507705
0.0178362 -0.103419  0.507663
0.0178962 -0.103349  0.507621
0.0179575  -0.10328  0.507576
0.0180201 -0.103207  0.507531
0.0180859 -0.103126  0.507478
0.0181512 -0.103052  0.507429
0.0182178 -0.102974  0.507378
0.0182858 -0.102895  0.507326
0.0183551 -0.102816  0.507271
0.0184257 -0.102733  0.507216
0.0184975 -0.102651  0.507158
0.0185706 -0.102566  0.507099
0.0186449  -0.10248  0.507038
0.0187204 -0.102394  0.506975
 0.018797 -0.102305  0.506911
0.0188746 -0.102214  0.506845
0.0189533 -0.102124  0.506776
0.0190329 -0.102032  0.506706
0.0191151 -0.101944  0.506635
0.0191965 -0.101849  0.506561
0.0192787 -0.101754  0.506485
0.0193615 -0.101659  0.506407
  0.01945 -0.101563  0.506325
0.0195341 -0.101466  0.506244
0.0196185  -0.10137  0.506159
0.0197033 -0.101271  0.506073
0.0197885 -0.101174  0.505985
0.0198738 -0.101074  0.505896
0.0199592 -0.100975  0.505804
0.0200449 -0.100876   0.50571
0.0201307 -0.100756  0.505606
0.0202159 -0.100658  0.505508
0.0203009 -0.100558  0.505408
0.0203857 -0.100458  0.505306
0.0204702 -0.100361  0.505202
0.0205545 -0.100262  0.505096
0.0206385 -0.100163  0.504988
0.0207223 -0.100066  0.504877
 0.0208057 -0.0999681   0.504764
 0.0208888 -0.0998704    0.50465
 0.0209716 -0.0997751   0.504533
  0.021062 -0.0996794   0.504411
 0.0211442 -0.0995834    0.50429
 0.0212258 -0.0994899   0.504167
 0.0213101 -0.0993993   0.504044
 0.0213907 -0.0993055   0.503917
 0.021471 -0.099214  0.503787
 0.0215506 -0.0991212   0.503655
 0.0216296 -0.0990296   0.503522
 0.0216954 -0.0989362   0.503387
  0.021773 -0.0988461    0.50325
0.0218592 -0.098756  0.503107
 0.0219357 -0.0986673   0.502964
 0.0220146 -0.0985838   0.502822
0.0220897 -0.098497  0.502676
 0.0221504 -0.0984062   0.502531
0.0222339 -0.098322  0.502377
 0.0223096 -0.0982403   0.502229
 0.0223815 -0.0981567   0.502076
0.0224524 -0.098075  0.501921
0.0225138 -0.097984  0.501749
0.0225828 -0.097904  0.501591
 0.0226524 -0.0978243   0.501431
  0.022719 -0.0977439   0.501268
 0.0227852 -0.0976668   0.501104
 0.0228516 -0.0975901   0.500938
0.0229266 -0.097512  0.500766
 0.0229899 -0.0974382   0.500597
 0.0230532 -0.0973649   0.500428
 0.0231137 -0.0972912   0.500257
 0.0231735 -0.0972195   0.500085
 0.0232333 -0.0971516   0.499912
 0.0232901 -0.0970814   0.499738
   0.02335 -0.0970171   0.499566
 0.0234063 -0.0969531   0.499389
 0.0234596 -0.0968869   0.499212
 0.0235121 -0.0968233   0.499034
0.0235645 -0.096762  0.498856
 0.0236139 -0.0967015   0.498676
 0.0236625 -0.0966419   0.498496
0.0237109 -0.096585  0.498316
 0.0237564 -0.0965275   0.498135
 0.0238011 -0.0964738   0.497953
0.0238457 -0.096421  0.497771
 0.0238874 -0.0963682   0.497589
 0.0239179 -0.0963083    0.49739
 0.0239569 -0.0962604   0.497208
 0.0239952 -0.0962141   0.497025
 0.0240344 -0.0961684   0.496843
 0.0240693 -0.0961245    0.49666
 0.0241054 -0.0960818   0.496478
  0.024138 -0.0960426   0.496295
 0.0241703 -0.0960027   0.496113
0.0242019 -0.095965   0.49593
 0.0242449 -0.0959261   0.495744
 0.0242732 -0.0958928   0.495562
0.0243013 -0.095859   0.49538
 0.0243319 -0.0958295   0.495202
 0.0243558 -0.0957959   0.495018
 0.0243798 -0.0957682   0.494838
 0.0244071 -0.0957428   0.494661
 0.0244301 -0.0957159   0.494482
 0.0244531 -0.0956899   0.494303
  0.024473 -0.0956669   0.494125
 0.0244928 -0.0956429   0.493949
 0.0245131 -0.0956204   0.493772
 0.0245302 -0.0955991   0.493597
0.0245474 -0.095578  0.493422
 0.0245504 -0.0955608   0.493232
0.0245662 -0.095542  0.493058
  0.024583 -0.0955262   0.492886
 0.024597 -0.095508  0.492715
  0.024611 -0.0954914   0.492545
 0.0246256 -0.0954761   0.492375
0.0246389 -0.095461  0.492206
 0.0246516 -0.0954461   0.492038
 0.0246747 -0.0954303   0.491865
 0.0246862 -0.0954157   0.491699
 0.0246977 -0.0954035   0.491533
 0.0247099 -0.0953913   0.491368
 0.0247201 -0.0953782   0.491205
 0.0247304 -0.0953663   0.491042
 0.0247413 -0.0953568    0.49088
 0.0247529 -0.0953473   0.490722
 0.0247618 -0.0953368   0.490563
 0.0247712 -0.0953274   0.490405
 0.0247786 -0.0953181   0.490248
 0.0247537 -0.0953054   0.490079
 0.0247825 -0.0952969   0.489924
 0.0247891 -0.0952881   0.489771
 0.0247967 -0.0952802   0.489619
 0.0248019 -0.0952727   0.489469
 0.0248075 -0.0952662    0.48932
 0.0248142 -0.0952598   0.489172
 0.0248185 -0.0952537   0.489026
 0.0248235 -0.0952476   0.488881
 0.0248282 -0.0952415   0.488737
 0.0248336 -0.0952381   0.488595
  0.024838 -0.0952333   0.488453
 0.0248492 -0.0952267   0.488308
 0.0248529 -0.0952225   0.488169
 0.0248564 -0.0952189   0.488031
 0.0248605 -0.0952171   0.487894
 0.0248636 -0.0952143   0.487758
 0.0248665 -0.0952121   0.487623
 0.0248689 -0.0952097    0.48749
  0.024871 -0.0952079   0.487358
 0.0248728 -0.0952064   0.487227
 0.0248764 -0.0952092   0.487099
 0.0248774 -0.0952079    0.48697
0.0248688 -0.095211   0.48683
 0.0248695 -0.0952105   0.486704
   0.02487 -0.0952102   0.486579
 0.0248701 -0.0952104   0.486456
 0.0248702 -0.0952106   0.486335
 0.0248703 -0.0952113   0.486214
0.0248701 -0.095212  0.486094
 0.0248699 -0.0952135   0.485976
0.0248697 -0.095214  0.485859
 0.0248697 -0.0952151   0.485743
 0.0248703 -0.0952162   0.485629
 0.0248751 -0.0952151   0.485514
 0.0248752 -0.0952162   0.485402
 0.0248752 -0.0952188   0.485291
 0.0248751 -0.0952197   0.485182
  0.024875 -0.0952209   0.485074
 0.0248749 -0.0952222   0.484967
 0.0248749 -0.0952239   0.484862
 0.0248747 -0.0952253   0.484758
 0.0248745 -0.0952267   0.484654
 0.0248744 -0.0952292   0.484552
 0.0248743 -0.0952311   0.484452
  0.024874 -0.0952329   0.484352
 0.0248737 -0.0952349   0.484254
  0.024875 -0.0952392   0.484158
 0.0248687 -0.0952376   0.484053
 0.0248685 -0.0952403   0.483958
 0.0248682 -0.0952424   0.483864
 0.0248678 -0.0952457   0.483772
 0.0248676 -0.0952485    0.48368
0.0248673 -0.095251   0.48359
  0.024867 -0.0952537   0.483501
 0.0248667 -0.0952565   0.483413
 0.0248666 -0.0952597   0.483326
 0.0248664 -0.0952625   0.483241
 0.0248663 -0.0952665   0.483156
0.0248663  -0.09527  0.483073
 0.0248691 -0.0952723   0.482989
 0.0248689 -0.0952757   0.482908
0.0248662  -0.09528  0.482829
 0.0248661 -0.0952832    0.48275
  0.024866 -0.0952874   0.482672
  0.024866 -0.0952908   0.482595
 0.0248661 -0.0952945   0.482519
0.0248659 -0.095298  0.482444
 0.0248682 -0.0953009   0.482368
 0.0248681 -0.0953045   0.482295
 0.0248679 -0.0953088   0.482222
 0.0248677 -0.0953121   0.482151
 0.0248675 -0.0953158    0.48208
 0.0248673 -0.0953192   0.482011
 0.0248669 -0.0953225   0.481942
 0.0248667 -0.0953259   0.481874
0.0248663  -0.09533  0.481807
 0.0248666 -0.0953332   0.481741
 0.0248664 -0.0953367   0.481676
 0.0248659 -0.0953396   0.481611
 0.0248654 -0.0953426   0.481547
 0.0248652 -0.0953459   0.481485
 0.0248644 -0.0953484   0.481422
 0.0248641 -0.0953525   0.481361
 0.0248637 -0.0953555   0.481301
 0.0248631 -0.0953581   0.481241
 0.0248626 -0.0953612   0.481182
 0.0248619 -0.0953636   0.481124
 0.0248569 -0.0953669   0.481059
 0.0248563 -0.0953694   0.481003
 0.0248557 -0.0953717   0.480947
 0.0248565 -0.0953767   0.480894
  0.024856 -0.0953801   0.480839
 0.0248556 -0.0953825   0.480786
 0.0248552 -0.0953846   0.480733
  0.024856 -0.0953877   0.480681
 0.0248558 -0.0953902   0.480629
 0.0248554 -0.0953923   0.480579
 0.0248551 -0.0953945    0.48053
 0.024855 -0.095398  0.480481
0.0248548   -0.0954  0.480433
0.0248546 -0.095402  0.480386
 0.0248546 -0.0954045   0.480339
 0.0248545 -0.0954065   0.480293
0.0248546 -0.095409  0.480248
 0.0248545 -0.0954119   0.480203
 0.0248544 -0.0954136    0.48016
0.0248551 -0.095416  0.480117
 0.0248544 -0.0954178   0.480074
 0.0248543 -0.0954195   0.480032
  0.024855 -0.0954218   0.479991
 0.0248542 -0.0954233   0.479949
 0.0248549 -0.0954264   0.479909
0.0248547 -0.095428  0.479869
 0.0248545 -0.0954294    0.47983
 0.0248544 -0.0954314   0.479791
0.0248481 -0.095431  0.479749
 0.0248532 -0.0954341   0.479715
  0.024853 -0.0954369   0.479677
 0.0248526 -0.0954379   0.479641
 0.0248523 -0.0954394   0.479604
 0.0248518 -0.0954408   0.479569
 0.0248512 -0.0954419   0.479534
 0.0248508 -0.0954434   0.479499
 0.0248501 -0.0954444   0.479465
 0.0248495 -0.0954469    0.47943
 0.0248487 -0.0954479   0.479397
 0.0248478 -0.0954487   0.479365
  0.024847 -0.0954502   0.479332
 0.0248459 -0.0954511     0.4793
 0.0248454 -0.0954525   0.479269
 0.0248443 -0.0954539   0.479238
 0.0248429 -0.0954558   0.479207
 0.0248411 -0.0954521   0.479174
 0.0248397 -0.0954534   0.479144
 0.0248381 -0.0954554   0.479115
 0.0248364 -0.0954566   0.479086
 0.0248348 -0.0954582   0.479057
 0.0248332 -0.0954608   0.479029
 0.0248312 -0.0954621   0.479001
 0.0248294 -0.0954639   0.478973
0.0248272 -0.095465  0.478946
 0.0248252 -0.0954676   0.478919
  0.024823 -0.0954689   0.478893
 0.0248206 -0.0954701   0.478867
 0.0248185 -0.0954719   0.478841
  0.024816 -0.0954732   0.478816
 0.0248137 -0.0954748   0.478791
 0.0248112 -0.0954758   0.478766
0.0248087 -0.095477  0.478742
 0.0248063 -0.0954793   0.478717
 0.0248036 -0.0954803   0.478693
 0.0248012 -0.0954816    0.47867
 0.0247985 -0.0954825   0.478647
 0.0247958 -0.0954833   0.478624
 0.0247905 -0.0954833   0.478597
 0.0247884 -0.0954844   0.478574
 0.0247867 -0.0954867   0.478553
 0.0247839 -0.0954872   0.478531
 0.0247815 -0.0954883    0.47851
 0.0247787 -0.0954886   0.478489
 0.0247761 -0.0954891   0.478467
 0.0247731 -0.0954918   0.478446
 0.0247703 -0.0954919   0.478426
 0.0247675 -0.0954921   0.478406
 0.0247646 -0.0954922   0.478386
 0.0247618 -0.0954923   0.478366
 0.0247589 -0.0954921   0.478347
 0.0247558 -0.0954921   0.478327
  0.024753 -0.0954922   0.478308
 0.0247499 -0.0954929   0.478289
  0.024747 -0.0954928   0.478271
 0.0247438 -0.0954925   0.478253
 0.0247406 -0.0954924   0.478235
 0.0247375 -0.0954923   0.478216
 0.0247342 -0.0954919   0.478199
0.0247311 -0.095492  0.478181
 0.0247277 -0.0954916   0.478164
 0.0247243 -0.0954913   0.478146
 0.0247211 -0.0954922   0.478129
 0.0247176 -0.0954919   0.478112
 0.0247143 -0.0954918   0.478095
 0.0247108 -0.0954916   0.478079
 0.0247063 -0.0954855    0.47806
 0.0247028 -0.0954853   0.478044
 0.0247008 -0.0954872   0.478029
 0.0246972 -0.0954871   0.478013
 0.0246937 -0.0954893   0.477998
0.0246901 -0.095489  0.477982
 0.0246864 -0.0954888   0.477967
0.024683 -0.09549 0.477952
 0.0246794 -0.0954899   0.477937
  0.024676 -0.0954902   0.477922
 0.0246724 -0.0954901   0.477908
0.0246688  -0.09549  0.477893
 0.0246654 -0.0954904   0.477879
 0.0246618 -0.0954903   0.477865
 0.0246584 -0.0954903   0.477851
 0.0246548 -0.0954901   0.477837
0.0246512 -0.095491  0.477824
0.0246478 -0.095491   0.47781
 0.0246442 -0.0954906   0.477797
 0.0246409 -0.0954907   0.477784
 0.0246354 -0.0954892   0.477768
 0.0246319 -0.0954888   0.477755
 0.0246283 -0.0954892   0.477742
 0.024625 -0.095489  0.477729
 0.0246215 -0.0954885   0.477717
0.0246191  -0.09549  0.477705
 0.0246157 -0.0954895   0.477693
 0.0246122 -0.0954888   0.477681
  0.024609 -0.0954885   0.477669
 0.0246057 -0.0954879   0.477657
 0.0246025 -0.0954876   0.477645
 0.0245991 -0.0954881   0.477633
 0.0245964 -0.0954878   0.477622
 0.0245927 -0.0954888   0.477611
 0.0245894 -0.0954881     0.4776
 0.0245862 -0.0954881   0.477589
 0.0245829 -0.0954874   0.477578
 0.0245795 -0.0954867   0.477567
 0.0245763 -0.0954864   0.477556
 0.0245729 -0.0954859   0.477546
 0.0245696 -0.0954856   0.477535
 0.0245657 -0.0954793   0.477522
  0.024563 -0.0954799   0.477513
 0.0245596 -0.0954791   0.477503
 0.0245563 -0.0954797   0.477492
 0.0245523 -0.0954805   0.477482
  0.024549 -0.0954801   0.477472
 0.0245455 -0.0954794   0.477462
0.0245424 -0.095479  0.477452
 0.0245391 -0.0954788   0.477443
 0.0245357 -0.0954782   0.477433
 0.0245324 -0.0954778   0.477423
 0.0245292 -0.0954773   0.477414
 0.0245258 -0.0954767   0.477405
 0.0245226 -0.0954763   0.477395
 0.0245193 -0.0954766   0.477386
 0.0245161 -0.0954762   0.477377
 0.0245128 -0.0954754   0.477368
 0.0245097 -0.0954752   0.477358
 0.0245048 -0.0954732   0.477347
 0.0245017 -0.0954728   0.477338
 0.0244985 -0.0954729    0.47733
 0.0244955 -0.0954725   0.477321
 0.0244923 -0.0954715   0.477312
 0.0244901 -0.0954724   0.477304
  0.024487 -0.0954716   0.477296
0.0244833 -0.095472  0.477288
 0.0244805 -0.0954714    0.47728
 0.0244774 -0.0954706   0.477272
 0.0244749 -0.0954703   0.477263
 0.0244719 -0.0954694   0.477256
  0.024469 -0.0954694   0.477248
 0.0244662 -0.0954688    0.47724
 0.0244633 -0.0954678   0.477232
 0.0244606 -0.0954671   0.477224
 0.0244577 -0.0954663   0.477217
 0.0244548 -0.0954655   0.477209
 0.0244521 -0.0954648   0.477202
 0.0244489 -0.0954636   0.477194
 0.0244461 -0.0954606   0.477186
 0.0244433 -0.0954623    0.47718
 0.0244406 -0.0954618   0.477172
 0.0244377 -0.0954618   0.477165
 0.0244351 -0.0954611   0.477158
 0.0244324 -0.0954606   0.477151
 0.0244295 -0.0954596   0.477144
  0.024427 -0.0954594   0.477137
 0.0244241 -0.0954584    0.47713
 0.0244212 -0.0954576   0.477124
0.0244185 -0.095457  0.477117
 0.0244157 -0.0954561    0.47711
 0.0244117 -0.0954532   0.477102
   0.02441 -0.0954497   0.477095
 0.0244071 -0.0954489   0.477089
 0.0244045 -0.0954482   0.477082
 0.0244017 -0.0954473   0.477076
 0.0243989 -0.0954463   0.477069
 0.0243963 -0.0954469   0.477063
0.0243935 -0.095446  0.477057
  0.024391 -0.0954455    0.47705
 0.0243883 -0.0954447   0.477044
  0.024385 -0.0954451   0.477039
 0.0243831 -0.0954457   0.477033
 0.0243805 -0.0954451   0.477027
  0.024378 -0.0954449   0.477021
0.0243754 -0.095444  0.477015
  0.024373 -0.0954435   0.477009
 0.0243704 -0.0954428   0.477003
0.0243679 -0.095442  0.476998
 0.0243658 -0.0954429   0.476992
 0.0243632 -0.0954421   0.476986
 0.0243609 -0.0954418    0.47698
0.0243584 -0.095441  0.476975
 0.0243558 -0.0954402    0.47697
 0.0243535 -0.0954398   0.476964
  0.024351 -0.0954391   0.476959
 0.0243487 -0.0954387   0.476953
0.0243463 -0.095438  0.476948
  0.024344 -0.0954374   0.476943
 0.0243416 -0.0954367   0.476938
 0.0243391 -0.0954368   0.476932
 0.0243368 -0.0954362   0.476927
 0.0243332 -0.0954352    0.47692
 0.0243307 -0.0954344   0.476915
 0.0243284 -0.0954339    0.47691
  0.024326 -0.0954331   0.476905
 0.0243235 -0.0954343   0.476901
 0.0243213 -0.0954347   0.476895
 0.0243189 -0.0954336   0.476891
 0.0243167 -0.0954331   0.476886
0.0243143 -0.095432  0.476881
 0.0243122 -0.0954313   0.476876
 0.0243098 -0.0954304   0.476871
 0.0243078 -0.0954297   0.476867
0.0243057 -0.095429  0.476862
 0.0243036 -0.0954281   0.476858
 0.0243015 -0.0954274   0.476853
 0.0242993 -0.0954265   0.476849
 0.0242972 -0.0954208   0.476843
 0.0242951 -0.0954199   0.476839
0.0242931 -0.095419  0.476834
 0.0242903 -0.0954189    0.47683
 0.0242889 -0.0954191   0.476826
 0.0242868 -0.0954181   0.476822
 0.0242848 -0.0954185   0.476818
 0.0242827 -0.0954175   0.476814
 0.0242805 -0.0954166    0.47681
 0.0242786 -0.0954162   0.476805
 0.0242765 -0.0954153   0.476801
 0.0242746 -0.0954148   0.476797
0.0242725 -0.095414  0.476793
 0.0242706 -0.0954138   0.476789
 0.0242685 -0.0954129   0.476785
 0.0242666 -0.0954123   0.476781
 0.0242647 -0.0954119   0.476777
 0.0242626 -0.0954113   0.476773
0.0242608 -0.095412  0.476769
 0.0242588 -0.0954113   0.476766
 0.0242557 -0.0954107    0.47676
 0.0242538 -0.0954105   0.476756
 0.0242517 -0.0954098   0.476752
 0.0242496 -0.0954091   0.476749
 0.0242477 -0.0954087   0.476745
  0.024245 -0.0954098   0.476741
 0.0242431 -0.0954092   0.476738
  0.024241 -0.0954083   0.476734
 0.0242391 -0.0954078    0.47673
0.0242376 -0.095408  0.476727
 0.0242356 -0.0954072   0.476724
 0.0242338 -0.0954067    0.47672
 0.0242318 -0.0954057   0.476717
   0.02423 -0.0954051   0.476713
 0.0242281 -0.0954041   0.476709
 0.0242265 -0.0954038   0.476706
 0.0242246 -0.0954028   0.476703
  0.024223 -0.0953976   0.476698
 0.0242211 -0.0953964   0.476695
 0.0242194 -0.0953958   0.476692
 0.0242175 -0.0953947   0.476689
 0.0242158 -0.0953951   0.476685
0.0242139 -0.095394  0.476682
 0.0242122 -0.0953935   0.476679
 0.0242097 -0.0953933   0.476676
 0.0242083 -0.0953933   0.476673
 0.0242067 -0.0953912    0.47667
 0.0242047 -0.0953949   0.476667
 0.0242021 -0.0953928   0.476664
 0.0242005 -0.0953933   0.476661
 0.0241991 -0.0953933   0.476658
  0.024197 -0.0953919   0.476655
 0.0241957 -0.0953921   0.476652
 0.0241939 -0.0953912   0.476649
 0.0241923 -0.0953909   0.476646
 0.0241907 -0.0953904   0.476643
 0.0241889 -0.0953896    0.47664
0.0241874 -0.095389  0.476637
 0.0241858 -0.0953885   0.476634
  0.024184 -0.0953878   0.476632
 0.0241824 -0.0953871   0.476629
 0.0241808 -0.0953819   0.476625
 0.0241789 -0.0953864   0.476623
 0.0241775 -0.0953806    0.47662
 0.0241759 -0.0953801   0.476617
 0.0241742 -0.0953792   0.476614
 0.0241726 -0.0953798   0.476611
0.0241708 -0.095379  0.476609
 0.0241686 -0.0953792   0.476606
 0.0241668 -0.0953784   0.476604
 0.0241651 -0.0953778   0.476601
 0.0241635 -0.0953774   0.476598
 0.0241617 -0.0953767   0.476596
 0.0241602 -0.0953764   0.476593
 0.0241589 -0.0953765   0.476591
 0.0241574 -0.0953761   0.476588
 0.0241556 -0.0953755   0.476586
 0.0241542 -0.0953751   0.476583
 0.0241524 -0.0953754   0.476581
 0.0241507 -0.0953746   0.476578
 0.0241493 -0.0953744   0.476576
 0.0241476 -0.0953737   0.476573
 0.0241462 -0.0953733   0.476571
 0.0241445 -0.0953726   0.476569
 0.0241431 -0.0953723   0.476566
 0.0241415 -0.0953715   0.476564
  0.02414 -0.095371  0.476561
 0.0241384 -0.0953702   0.476559
 0.0241368 -0.0953695   0.476557
0.0241354  -0.09537  0.476554
  0.024134 -0.0953694   0.476552
0.0241326 -0.095369   0.47655
 0.0241303 -0.0953689   0.476547
 0.0241287 -0.0953681   0.476544
 0.0241267 -0.0953682   0.476542
 0.0241251 -0.0953675    0.47654
0.0241238 -0.095368  0.476538
 0.0241222 -0.0953671   0.476536
 0.0241206 -0.0953661   0.476534
 0.0241197 -0.0953662   0.476532
 0.0241183 -0.0953639   0.476529
 0.0241171 -0.0953637   0.476527
  0.024115 -0.0953632   0.476525
 0.0241137 -0.0953627   0.476523
 0.0241122 -0.0953617   0.476521
 0.0241109 -0.0953611   0.476519
0.0241099 -0.095361  0.476517
 0.0241086 -0.0953604   0.476515
 0.0241071 -0.0953605   0.476513
 0.0241056 -0.0953595   0.476511
 0.0241048 -0.0953539   0.476509
 0.0241035 -0.0953533   0.476507
  0.024102 -0.0953525   0.476505
0.0241008 -0.095353  0.476502
 0.0240991 -0.0953518   0.476501
 0.0240978 -0.0953513   0.476499
  0.024096 -0.0953549   0.476497
 0.0240945 -0.0953541   0.476496
 0.0240928 -0.0953531   0.476493
 0.0240913 -0.0953524   0.476492
 0.0240898 -0.0953527    0.47649
 0.0240885 -0.0953523   0.476488
  0.024087 -0.0953517   0.476486
 0.0240858 -0.0953513   0.476484
 0.0240843 -0.0953506   0.476483
 0.0240835 -0.0953512   0.476481
 0.0240821 -0.0953504    0.47648
0.0240809  -0.09535  0.476478
 0.0240795 -0.0953494   0.476476
0.0240783 -0.095349  0.476474
 0.0240769 -0.0953482   0.476472
 0.0240755 -0.0953475   0.476471
0.0240743 -0.095348  0.476469
 0.0240729 -0.0953471   0.476467
 0.0240717 -0.0953466   0.476465
 0.0240703 -0.0953459   0.476464
 0.0240691 -0.0953454   0.476462
 0.0240678 -0.0953448    0.47646
 0.0240665 -0.0953443   0.476458
 0.0240651 -0.0953436   0.476457
0.0240642 -0.095339  0.476455
  0.024063 -0.0953386   0.476453
 0.0240617 -0.0953382   0.476452
 0.0240603 -0.0953377    0.47645
 0.0240591 -0.0953372   0.476449
 0.0240577 -0.0953365   0.476447
  0.024056 -0.0953366   0.476446
 0.0240546 -0.0953361   0.476444
 0.0240534 -0.0953369   0.476443
 0.0240521 -0.0953362   0.476441
0.0240509 -0.095336   0.47644
 0.0240496 -0.0953354   0.476438
 0.0240484 -0.0953352   0.476437
 0.0240475 -0.0953353   0.476435
 0.0240464 -0.0953351   0.476434
 0.024045 -0.095334  0.476432
 0.0240437 -0.0953341   0.476431
 0.0240426 -0.0953338    0.47643
 0.0240413 -0.0953331   0.476428
0.0240402 -0.095333  0.476427
 0.0240389 -0.0953334   0.476425
 0.0240378 -0.0953331   0.476423
 0.0240364 -0.0953324   0.476422
 0.0240353 -0.0953322   0.476421
  0.024034 -0.0953316   0.476419
 0.0240322 -0.0953322   0.476417
 0.0240305 -0.0953332   0.476415
 0.0240292 -0.0953327   0.476414
 0.0240281 -0.0953323   0.476413
 0.0240268 -0.0953315   0.476412
0.0240258 -0.095331   0.47641
 0.0240245 -0.0953305   0.476409
 0.0240232 -0.0953296   0.476408
 0.0240222 -0.0953291   0.476406
  0.024021 -0.0953283   0.476405
   0.02402 -0.0953278   0.476404
 0.0240188 -0.0953269   0.476402
 0.0240178 -0.0953273   0.476401
 0.024017 -0.095327    0.4764
 0.0240161 -0.0953263   0.476398
 0.0240149 -0.0953254   0.476397
 0.0240139 -0.0953247   0.476396
 0.0240128 -0.0953237   0.476395
 0.0240122 -0.0953193   0.476393
 0.0240112 -0.0953187   0.476392
   0.02401 -0.0953178   0.476391
  0.024009 -0.0953172   0.476389
 0.0240078 -0.0953165   0.476388
 0.0240062 -0.0953165   0.476387
  0.024005 -0.0953158   0.476386
  0.024004 -0.0953155   0.476385
 0.0240028 -0.0953148   0.476384
 0.0240016 -0.0953142   0.476383
 0.0240006 -0.0953139   0.476382
 0.0239995 -0.0953147   0.476381
 0.0239986 -0.0953147    0.47638
 0.0239974 -0.0953142   0.476379
 0.0239964 -0.0953141   0.476377
 0.0239952 -0.0953139   0.476376
 0.0239942 -0.0953138   0.476375
  0.023993 -0.0953134   0.476374
  0.023992 -0.0953134   0.476373
0.0239908 -0.095313  0.476372
 0.0239902 -0.0953135   0.476371
 0.023989 -0.095313   0.47637
 0.0239866 -0.0953151   0.476368
0.0239856 -0.095315  0.476366
 0.0239844 -0.0953146   0.476365
 0.0239834 -0.0953145   0.476364
0.0239821 -0.095314  0.476363
 0.0239813 -0.0953151   0.476362
 0.0239801 -0.0953144   0.476361
0.0239791 -0.095314  0.476359
 0.0239779 -0.0953133   0.476358
 0.0239768 -0.0953128   0.476358
 0.0239758 -0.0953124   0.476356
 0.0239747 -0.0953116   0.476355
 0.0239738 -0.0953112   0.476354
 0.0239727 -0.0953103   0.476353
 0.0239718 -0.0953097   0.476352
 0.0239708 -0.0953087   0.476351
 0.0239699 -0.0953092    0.47635
 0.0239688 -0.0953081   0.476349
 0.0239683 -0.0953081   0.476348
0.0239673 -0.095307  0.476347
 0.0239664 -0.0953063   0.476346
 0.0239653 -0.0953056   0.476345
 0.0239645 -0.0953048   0.476344
 0.0239637 -0.0953007   0.476343
 0.0239626 -0.0952997   0.476343
 0.0239618 -0.0952993   0.476342
 0.0239607 -0.0952985   0.476341
 0.0239598 -0.0952982    0.47634
 0.0239588 -0.0952974   0.476339
0.0239579 -0.095297  0.476338
 0.0239568 -0.0952962   0.476338
  0.023956 -0.0952959   0.476337
 0.0239549 -0.0952965   0.476336
  0.023954 -0.0952962   0.476335
 0.0239529 -0.0952957   0.476334
  0.023952 -0.0952957   0.476333
 0.0239509 -0.0952953   0.476332
 0.0239501 -0.0952953   0.476331
 0.0239489 -0.0952949    0.47633
  0.023948 -0.0952949   0.476329
 0.0239469 -0.0952945   0.476329
  0.023946 -0.0952945   0.476328
 0.0239449 -0.0952953   0.476327
  0.023944 -0.0952953   0.476326
 0.0239432 -0.0952955   0.476325
 0.0239422 -0.0952954   0.476324
 0.0239411 -0.0952951   0.476323
0.0239395 -0.095296  0.476321
 0.0239385 -0.0952971    0.47632
 0.023937 -0.095297   0.47632
0.0239361 -0.095297  0.476319
  0.023935 -0.0952965   0.476318
 0.0239341 -0.0952963   0.476317
  0.023933 -0.0952958   0.476316
 0.0239322 -0.0952955   0.476315
 0.0239312 -0.0952949   0.476315
 0.0239304 -0.0952944   0.476314
 0.0239293 -0.0952937   0.476313
