0.0163652 -0.105369  0.508632
0.0163652 -0.105369  0.508632
0.0163674 -0.105365  0.508622
  0.01637 -0.105361  0.508609
0.0163737 -0.105356  0.508592
0.0163785 -0.105349  0.508569
0.0163843  -0.10534  0.508541
0.0163911  -0.10533  0.508508
0.0163991 -0.105318   0.50847
0.0164081 -0.105305  0.508427
0.0164181  -0.10529  0.508379
0.0164292 -0.105274  0.508326
0.0164414 -0.105256  0.508268
0.0164546 -0.105236  0.508205
0.0164689 -0.105215  0.508136
0.0164842 -0.105192  0.508063
0.0165006 -0.105168  0.507985
 0.016518 -0.105142  0.507901
0.0165365 -0.105114  0.507813
0.0165561 -0.105085  0.507719
0.0165767 -0.105055  0.507621
0.0165984 -0.105023  0.507517
0.0166211 -0.104989  0.507408
0.0166449 -0.104954  0.507294
0.0166697 -0.104917  0.507176
0.0166956 -0.104878  0.507052
0.0167226 -0.104838  0.506923
0.0167506 -0.104797  0.506789
0.0167797 -0.104754   0.50665
0.0168098 -0.104709  0.506506
 0.016841 -0.104663  0.506356
0.0168732 -0.104615  0.506202
0.0169065 -0.104566  0.506043
0.0169409 -0.104515  0.505879
0.0169763 -0.104462  0.505709
0.0170128 -0.104408  0.505535
0.0170503 -0.104352  0.505355
0.0170889 -0.104295  0.505171
0.0171286 -0.104236  0.504981
0.0171693 -0.104176  0.504786
 0.017211 -0.104114  0.504587
0.0172538  -0.10405  0.504382
0.0172977 -0.103985  0.504172
0.0173426 -0.103919  0.503957
0.0173886  -0.10385  0.503737
0.0174357 -0.103781  0.503512
0.0174838 -0.103709  0.503282
0.0175329 -0.103636  0.503047
0.0175831 -0.103562  0.502807
0.0176344 -0.103486  0.502561
0.0176867 -0.103408  0.502311
0.0177401 -0.103329  0.502056
0.0177946 -0.103248  0.501795
0.0178501 -0.103166   0.50153
0.0179067 -0.103082  0.501259
0.0179067 -0.103082  0.501259
 0.018023 -0.102909  0.500703
0.0180827 -0.102821  0.500417
0.0181435 -0.102731  0.500126
0.0182053 -0.102639  0.499831
0.0182053 -0.102639  0.499831
0.0183322 -0.102451  0.499224
0.0183972 -0.102354  0.498913
0.0184632 -0.102256  0.498597
0.0185304 -0.102157  0.498276
0.0185304 -0.102157  0.498276
0.0185986 -0.102055  0.497949
0.0187382 -0.101848  0.497282
0.0188095 -0.101743   0.49694
0.0188095 -0.101743   0.49694
 0.018882 -0.101635  0.496594
  0.01903 -0.101416  0.495886
0.0191056 -0.101303  0.495525
0.0191056 -0.101303  0.495525
  0.01926 -0.101074  0.494786
0.0193388 -0.100957  0.494409
0.0194186 -0.100839  0.494027
0.0194186 -0.100839  0.494027
0.0195814 -0.100597  0.493248
0.0195814 -0.100597  0.493248
0.0197485  -0.10035  0.492449
0.0198336 -0.100223  0.492042
0.0199189 -0.100097  0.491634
 0.020003 -0.099972  0.491232
 0.0200862 -0.0998487   0.490834
 0.0201683 -0.0997269   0.490441
 0.0202493 -0.0996067   0.490054
 0.0203292 -0.0994881   0.489672
 0.0204081 -0.0993711   0.489294
  0.020486 -0.0992556   0.488922
 0.0205627 -0.0991417   0.488555
 0.0206385 -0.0990293   0.488192
 0.0207132 -0.0989186   0.487835
 0.0207868 -0.0988093   0.487483
 0.0208593 -0.0987017   0.487136
 0.0209308 -0.0985957   0.486794
0.0210014 -0.098491  0.486457
 0.0210707 -0.0983881   0.486125
 0.0211391 -0.0982867   0.485798
 0.0212063 -0.0981869   0.485476
 0.0212725 -0.0980887   0.485159
 0.0213377 -0.0979921   0.484848
0.0214018 -0.097897  0.484541
 0.0214649 -0.0978034    0.48424
 0.0215268 -0.0977115   0.483943
 0.0215878 -0.0976211   0.483652
 0.0216476 -0.0975323   0.483365
0.0217065 -0.097445  0.483084
 0.0217642 -0.0973593   0.482808
 0.0218209 -0.0972752   0.482536
 0.0218766 -0.0971927    0.48227
 0.0219312 -0.0971117   0.482009
 0.0219847 -0.0970323   0.481753
 0.0220372 -0.0969544   0.481502
 0.0220886 -0.0968782   0.481256
 0.0221389 -0.0968034   0.481015
 0.0221883 -0.0967303   0.480779
 0.0222365 -0.0966587   0.480549
 0.0222837 -0.0965887   0.480323
 0.0223298 -0.0965203   0.480102
 0.0223749 -0.0964534   0.479887
 0.0224189 -0.0963881   0.479676
 0.0224619 -0.0963244   0.479471
 0.0225038 -0.0962622    0.47927
 0.0225446 -0.0962016   0.479075
 0.0225844 -0.0961426   0.478884
 0.0226232 -0.0960851   0.478699
 0.0226608 -0.0960292   0.478519
 0.0226975 -0.0959749   0.478344
  0.022733 -0.0959221   0.478174
0.0227675 -0.095871  0.478009
  0.022801 -0.0958213   0.477849
 0.0228334 -0.0957733   0.477694
 0.0228647 -0.0957268   0.477544
  0.022895 -0.0956819   0.477399
 0.0229242 -0.0956385   0.477259
 0.0229524 -0.0955967   0.477124
 0.0229795 -0.0955565   0.476995
 0.0230055 -0.0955179    0.47687
 0.0230305 -0.0954808   0.476751
 0.0230545 -0.0954453   0.476636
 0.0230773 -0.0954114   0.476527
0.0230992 -0.095379  0.476422
 0.0231199 -0.0953482   0.476323
0.0231396 -0.095319  0.476229
 0.0231583 -0.0952913    0.47614
 0.0231759 -0.0952652   0.476055
 0.0231924 -0.0952407   0.475976
 0.0232079 -0.0952177   0.475902
 0.0232223 -0.0951963   0.475833
 0.0232357 -0.0951765   0.475769
  0.023248 -0.0951582    0.47571
 0.0232592 -0.0951415   0.475657
 0.0232694 -0.0951264   0.475608
 0.0232786 -0.0951128   0.475564
 0.0232867 -0.0951009   0.475526
 0.0232937 -0.0950904   0.475492
 0.0232996 -0.0950816   0.475463
 0.0233045 -0.0950743    0.47544
 0.0233084 -0.0950686   0.475422
 0.0233112 -0.0950644   0.475408
 0.0233129 -0.0950619     0.4754
 0.0233136 -0.0950609   0.475397
 0.0233136 -0.0950608   0.475397
 0.0233136 -0.0950608   0.475397
 0.0233136 -0.0950608   0.475397
 0.0233136 -0.0950608   0.475397
 0.0233136 -0.0950608   0.475397
 0.0233136 -0.0950608   0.475397
 0.0233136 -0.0950608   0.475397
 0.0233136 -0.0950608   0.475397
 0.0233136 -0.0950608   0.475397
 0.0233136 -0.0950608   0.475397
 0.0233136 -0.0950608   0.475397
 0.0233136 -0.0950608   0.475397
 0.0233136 -0.0950608   0.475397
 0.0233136 -0.0950608   0.475397
 0.0233136 -0.0950608   0.475397
 0.0233136 -0.0950608   0.475397
 0.0233136 -0.0950608   0.475397
 0.0233136 -0.0950608   0.475397
 0.0233136 -0.0950608   0.475397
 0.0233136 -0.0950608   0.475397
 0.0233136 -0.0950608   0.475397
 0.0233136 -0.0950608   0.475397
 0.0233136 -0.0950608   0.475397
 0.0233136 -0.0950608   0.475397
 0.0233136 -0.0950608   0.475397
 0.0233136 -0.0950608   0.475397
 0.0233136 -0.0950608   0.475397
 0.0233136 -0.0950608   0.475397
 0.0233136 -0.0950608   0.475397
 0.0233136 -0.0950608   0.475397
 0.0233136 -0.0950608   0.475397
 0.0233136 -0.0950608   0.475397
 0.0233136 -0.0950608   0.475397
 0.0233136 -0.0950608   0.475397
 0.0233136 -0.0950608   0.475397
 0.0233136 -0.0950608   0.475397
 0.0233136 -0.0950608   0.475397
 0.0233136 -0.0950608   0.475397
 0.0233136 -0.0950608   0.475397
 0.0233136 -0.0950608   0.475397
 0.0233136 -0.0950608   0.475397
 0.0233136 -0.0950608   0.475397
 0.0233136 -0.0950608   0.475397
 0.0233136 -0.0950608   0.475397
 0.0233136 -0.0950608   0.475397
 0.0233136 -0.0950608   0.475397
 0.0233136 -0.0950608   0.475397
 0.0233136 -0.0950608   0.475397
 0.0233136 -0.0950608   0.475397
 0.0233136 -0.0950608   0.475397
 0.0233136 -0.0950608   0.475397
 0.0233136 -0.0950608   0.475397
 0.0233136 -0.0950608   0.475397
 0.0233136 -0.0950608   0.475397
 0.0233136 -0.0950608   0.475397
 0.0233136 -0.0950608   0.475397
 0.0233136 -0.0950608   0.475397
 0.0233136 -0.0950608   0.475397
 0.0233136 -0.0950608   0.475397
 0.0233136 -0.0950608   0.475397
 0.0233136 -0.0950608   0.475397
 0.0233136 -0.0950608   0.475397
 0.0233136 -0.0950608   0.475397
 0.0233136 -0.0950608   0.475397
 0.0233136 -0.0950608   0.475397
 0.0233136 -0.0950608   0.475397
 0.0233136 -0.0950608   0.475397
 0.0233136 -0.0950608   0.475397
 0.0233136 -0.0950608   0.475397
 0.0233136 -0.0950608   0.475397
 0.0233136 -0.0950608   0.475397
 0.0233136 -0.0950608   0.475397
 0.0233136 -0.0950608   0.475397
 0.0233136 -0.0950608   0.475397
 0.0233136 -0.0950608   0.475397
 0.0233136 -0.0950608   0.475397
 0.0233136 -0.0950608   0.475397
 0.0233136 -0.0950608   0.475397
 0.0233136 -0.0950608   0.475397
 0.0233136 -0.0950608   0.475397
 0.0233136 -0.0950608   0.475397
 0.0233136 -0.0950608   0.475397
 0.0233136 -0.0950608   0.475397
 0.0233136 -0.0950608   0.475397
 0.0233136 -0.0950608   0.475397
 0.0233136 -0.0950608   0.475397
 0.0233136 -0.0950608   0.475397
 0.0233136 -0.0950608   0.475397
 0.0233136 -0.0950608   0.475397
 0.0233136 -0.0950608   0.475397
 0.0233136 -0.0950608   0.475397
 0.0233136 -0.0950608   0.475397
 0.0233136 -0.0950608   0.475397
 0.0233136 -0.0950608   0.475397
 0.0233136 -0.0950608   0.475397
 0.0233136 -0.0950608   0.475397
 0.0233136 -0.0950608   0.475397
 0.0233136 -0.0950608   0.475397
 0.0233136 -0.0950608   0.475397
 0.0233136 -0.0950608   0.475397
 0.0233136 -0.0950608   0.475397
 0.0233136 -0.0950608   0.475397
 0.0233136 -0.0950608   0.475397
 0.0233136 -0.0950608   0.475397
 0.0233136 -0.0950608   0.475397
 0.0233136 -0.0950608   0.475397
 0.0233136 -0.0950608   0.475397
 0.0233136 -0.0950608   0.475397
 0.0233136 -0.0950608   0.475397
 0.0233136 -0.0950608   0.475397
 0.0233136 -0.0950608   0.475397
 0.0233136 -0.0950608   0.475397
 0.0233136 -0.0950608   0.475397
 0.0233136 -0.0950608   0.475397
 0.0233136 -0.0950608   0.475397
 0.0233136 -0.0950608   0.475397
 0.0233136 -0.0950608   0.475397
 0.0233136 -0.0950608   0.475397
 0.0233136 -0.0950608   0.475397
 0.0233136 -0.0950608   0.475397
 0.0233136 -0.0950608   0.475397
 0.0233136 -0.0950608   0.475397
 0.0233136 -0.0950608   0.475397
 0.0233136 -0.0950608   0.475397
 0.0233136 -0.0950608   0.475397
 0.0233136 -0.0950608   0.475397
 0.0233136 -0.0950608   0.475397
 0.0233136 -0.0950608   0.475397
 0.0233136 -0.0950608   0.475397
 0.0233136 -0.0950608   0.475397
 0.0233136 -0.0950608   0.475397
 0.0233136 -0.0950608   0.475397
 0.0233136 -0.0950608   0.475397
 0.0233136 -0.0950608   0.475397
 0.0233136 -0.0950608   0.475397
 0.0233136 -0.0950608   0.475397
 0.0233136 -0.0950608   0.475397
 0.0233136 -0.0950608   0.475397
 0.0233136 -0.0950608   0.475397
 0.0233136 -0.0950608   0.475397
 0.0233136 -0.0950608   0.475397
 0.0233136 -0.0950608   0.475397
 0.0233136 -0.0950608   0.475397
 0.0233136 -0.0950608   0.475397
 0.0233136 -0.0950608   0.475397
 0.0233136 -0.0950608   0.475397
 0.0233136 -0.0950608   0.475397
 0.0233136 -0.0950608   0.475397
 0.0233136 -0.0950608   0.475397
 0.0233136 -0.0950608   0.475397
 0.0233136 -0.0950608   0.475397
 0.0233136 -0.0950608   0.475397
 0.0233136 -0.0950608   0.475397
 0.0233136 -0.0950608   0.475397
 0.0233136 -0.0950608   0.475397
 0.0233136 -0.0950608   0.475397
 0.0233136 -0.0950608   0.475397
 0.0233136 -0.0950608   0.475397
 0.0233136 -0.0950608   0.475397
 0.0233136 -0.0950608   0.475397
 0.0233136 -0.0950608   0.475397
 0.0233136 -0.0950608   0.475397
 0.0233136 -0.0950608   0.475397
 0.0233136 -0.0950608   0.475397
 0.0233136 -0.0950608   0.475397
 0.0233136 -0.0950608   0.475397
 0.0233136 -0.0950608   0.475397
 0.0233136 -0.0950608   0.475397
 0.0233136 -0.0950608   0.475397
 0.0233136 -0.0950608   0.475397
 0.0233136 -0.0950608   0.475397
 0.0233136 -0.0950608   0.475397
 0.0233136 -0.0950608   0.475397
 0.0233136 -0.0950608   0.475397
 0.0233136 -0.0950608   0.475397
 0.0233136 -0.0950608   0.475397
 0.0233136 -0.0950608   0.475397
 0.0233136 -0.0950608   0.475397
 0.0233136 -0.0950608   0.475397
 0.0233136 -0.0950608   0.475397
 0.0233136 -0.0950608   0.475397
 0.0233136 -0.0950608   0.475397
 0.0233136 -0.0950608   0.475397
 0.0233136 -0.0950608   0.475397
 0.0233136 -0.0950608   0.475397
 0.0233136 -0.0950608   0.475397
 0.0233136 -0.0950608   0.475397
 0.0233136 -0.0950608   0.475397
 0.0233136 -0.0950608   0.475397
 0.0233136 -0.0950608   0.475397
 0.0233136 -0.0950608   0.475397
 0.0233136 -0.0950608   0.475397
 0.0233136 -0.0950608   0.475397
 0.0233136 -0.0950608   0.475397
 0.0233136 -0.0950608   0.475397
 0.0233136 -0.0950608   0.475397
 0.0233136 -0.0950608   0.475397
 0.0233136 -0.0950608   0.475397
 0.0233136 -0.0950608   0.475397
 0.0233136 -0.0950608   0.475397
 0.0233136 -0.0950608   0.475397
 0.0233136 -0.0950608   0.475397
 0.0233136 -0.0950608   0.475397
 0.0233136 -0.0950608   0.475397
 0.0233136 -0.0950608   0.475397
 0.0233136 -0.0950608   0.475397
 0.0233136 -0.0950608   0.475397
 0.0233136 -0.0950608   0.475397
 0.0233136 -0.0950608   0.475397
 0.0233136 -0.0950608   0.475397
 0.0233136 -0.0950608   0.475397
 0.0233136 -0.0950608   0.475397
 0.0233136 -0.0950608   0.475397
 0.0233136 -0.0950608   0.475397
 0.0233136 -0.0950608   0.475397
 0.0233136 -0.0950608   0.475397
 0.0233136 -0.0950608   0.475397
 0.0233136 -0.0950608   0.475397
 0.0233136 -0.0950608   0.475397
 0.0233136 -0.0950608   0.475397
 0.0233136 -0.0950608   0.475397
 0.0233136 -0.0950608   0.475397
 0.0233136 -0.0950608   0.475397
 0.0233136 -0.0950608   0.475397
 0.0233136 -0.0950608   0.475397
 0.0233136 -0.0950608   0.475397
 0.0233136 -0.0950608   0.475397
 0.0233136 -0.0950608   0.475397
 0.0233136 -0.0950608   0.475397
 0.0233136 -0.0950608   0.475397
 0.0233136 -0.0950608   0.475397
 0.0233136 -0.0950608   0.475397
 0.0233136 -0.0950608   0.475397
 0.0233136 -0.0950608   0.475397
 0.0233136 -0.0950608   0.475397
 0.0233136 -0.0950608   0.475397
 0.0233136 -0.0950608   0.475397
 0.0233136 -0.0950608   0.475397
 0.0233136 -0.0950608   0.475397
 0.0233136 -0.0950608   0.475397
 0.0233136 -0.0950608   0.475397
 0.0233136 -0.0950608   0.475397
 0.0233136 -0.0950608   0.475397
 0.0233136 -0.0950608   0.475397
 0.0233136 -0.0950608   0.475397
 0.0233136 -0.0950608   0.475397
 0.0233136 -0.0950608   0.475397
 0.0233136 -0.0950608   0.475397
 0.0233136 -0.0950608   0.475397
 0.0233136 -0.0950608   0.475397
 0.0233136 -0.0950608   0.475397
 0.0233136 -0.0950608   0.475397
 0.0233136 -0.0950608   0.475397
 0.0233136 -0.0950608   0.475397
 0.0233136 -0.0950608   0.475397
 0.0233136 -0.0950608   0.475397
 0.0233136 -0.0950608   0.475397
 0.0233136 -0.0950608   0.475397
 0.0233136 -0.0950608   0.475397
 0.0233136 -0.0950608   0.475397
 0.0233136 -0.0950608   0.475397
 0.0233136 -0.0950608   0.475397
 0.0233136 -0.0950608   0.475397
 0.0233136 -0.0950608   0.475397
 0.0233136 -0.0950608   0.475397
 0.0233136 -0.0950608   0.475397
 0.0233136 -0.0950608   0.475397
 0.0233136 -0.0950608   0.475397
 0.0233136 -0.0950608   0.475397
 0.0233136 -0.0950608   0.475397
 0.0233136 -0.0950608   0.475397
 0.0233136 -0.0950608   0.475397
 0.0233136 -0.0950608   0.475397
 0.0233136 -0.0950608   0.475397
 0.0233136 -0.0950608   0.475397
 0.0233136 -0.0950608   0.475397
 0.0233136 -0.0950608   0.475397
 0.0233136 -0.0950608   0.475397
 0.0233136 -0.0950608   0.475397
 0.0233136 -0.0950608   0.475397
 0.0233136 -0.0950608   0.475397
 0.0233136 -0.0950608   0.475397
 0.0233136 -0.0950608   0.475397
 0.0233136 -0.0950608   0.475397
 0.0233136 -0.0950608   0.475397
 0.0233136 -0.0950608   0.475397
 0.0233136 -0.0950608   0.475397
 0.0233136 -0.0950608   0.475397
 0.0233136 -0.0950608   0.475397
 0.0233136 -0.0950608   0.475397
 0.0233136 -0.0950608   0.475397
 0.0233136 -0.0950608   0.475397
 0.0233136 -0.0950608   0.475397
 0.0233136 -0.0950608   0.475397
 0.0233136 -0.0950608   0.475397
 0.0233136 -0.0950608   0.475397
 0.0233136 -0.0950608   0.475397
 0.0233136 -0.0950608   0.475397
 0.0233136 -0.0950608   0.475397
 0.0233136 -0.0950608   0.475397
 0.0233136 -0.0950608   0.475397
 0.0233136 -0.0950608   0.475397
 0.0233136 -0.0950608   0.475397
 0.0233136 -0.0950608   0.475397
 0.0233136 -0.0950608   0.475397
 0.0233136 -0.0950608   0.475397
 0.0233136 -0.0950608   0.475397
 0.0233136 -0.0950608   0.475397
 0.0233136 -0.0950608   0.475397
 0.0233136 -0.0950608   0.475397
 0.0233136 -0.0950608   0.475397
 0.0233136 -0.0950608   0.475397
 0.0233136 -0.0950608   0.475397
 0.0233136 -0.0950608   0.475397
 0.0233136 -0.0950608   0.475397
 0.0233136 -0.0950608   0.475397
 0.0233136 -0.0950608   0.475397
 0.0233136 -0.0950608   0.475397
 0.0233136 -0.0950608   0.475397
 0.0233136 -0.0950608   0.475397
 0.0233136 -0.0950608   0.475397
 0.0233136 -0.0950608   0.475397
 0.0233136 -0.0950608   0.475397
 0.0233136 -0.0950608   0.475397
 0.0233136 -0.0950608   0.475397
 0.0233136 -0.0950608   0.475397
 0.0233136 -0.0950608   0.475397
 0.0233136 -0.0950608   0.475397
 0.0233136 -0.0950608   0.475397
 0.0233136 -0.0950608   0.475397
 0.0233136 -0.0950608   0.475397
 0.0233136 -0.0950608   0.475397
 0.0233136 -0.0950608   0.475397
 0.0233136 -0.0950608   0.475397
 0.0233136 -0.0950608   0.475397
 0.0233136 -0.0950608   0.475397
 0.0233136 -0.0950608   0.475397
 0.0233136 -0.0950608   0.475397
 0.0233136 -0.0950608   0.475397
 0.0233136 -0.0950608   0.475397
 0.0233136 -0.0950608   0.475397
 0.0233136 -0.0950608   0.475397
 0.0233136 -0.0950608   0.475397
 0.0233136 -0.0950608   0.475397
 0.0233136 -0.0950608   0.475397
 0.0233136 -0.0950608   0.475397
 0.0233136 -0.0950608   0.475397
 0.0233136 -0.0950608   0.475397
 0.0233136 -0.0950608   0.475397
 0.0233136 -0.0950608   0.475397
 0.0233136 -0.0950608   0.475397
 0.0233136 -0.0950608   0.475397
 0.0233136 -0.0950608   0.475397
 0.0233136 -0.0950608   0.475397
 0.0233136 -0.0950608   0.475397
 0.0233136 -0.0950608   0.475397
 0.0233136 -0.0950608   0.475397
 0.0233136 -0.0950608   0.475397
 0.0233136 -0.0950608   0.475397
 0.0233136 -0.0950608   0.475397
 0.0233136 -0.0950608   0.475397
 0.0233136 -0.0950608   0.475397
 0.0233136 -0.0950608   0.475397
 0.0233136 -0.0950608   0.475397
 0.0233136 -0.0950608   0.475397
 0.0233136 -0.0950608   0.475397
 0.0233136 -0.0950608   0.475397
 0.0233136 -0.0950608   0.475397
 0.0233136 -0.0950608   0.475397
 0.0233136 -0.0950608   0.475397
 0.0233136 -0.0950608   0.475397
 0.0233136 -0.0950608   0.475397
 0.0233136 -0.0950608   0.475397
 0.0233136 -0.0950608   0.475397
 0.0233136 -0.0950608   0.475397
 0.0233136 -0.0950608   0.475397
 0.0233136 -0.0950608   0.475397
 0.0233136 -0.0950608   0.475397
 0.0233136 -0.0950608   0.475397
 0.0233136 -0.0950608   0.475397
 0.0233136 -0.0950608   0.475397
 0.0233136 -0.0950608   0.475397
 0.0233136 -0.0950608   0.475397
 0.0233136 -0.0950608   0.475397
 0.0233136 -0.0950608   0.475397
 0.0233136 -0.0950608   0.475397
 0.0233136 -0.0950608   0.475397
 0.0233136 -0.0950608   0.475397
 0.0233136 -0.0950608   0.475397
 0.0233136 -0.0950608   0.475397
 0.0233136 -0.0950608   0.475397
 0.0233136 -0.0950608   0.475397
 0.0233136 -0.0950608   0.475397
 0.0233136 -0.0950608   0.475397
 0.0233136 -0.0950608   0.475397
 0.0233136 -0.0950608   0.475397
 0.0233136 -0.0950608   0.475397
 0.0233136 -0.0950608   0.475397
 0.0233136 -0.0950608   0.475397
 0.0233136 -0.0950608   0.475397
 0.0233136 -0.0950608   0.475397
 0.0233136 -0.0950608   0.475397
 0.0233136 -0.0950608   0.475397
 0.0233136 -0.0950608   0.475397
 0.0233136 -0.0950608   0.475397
 0.0233136 -0.0950608   0.475397
 0.0233136 -0.0950608   0.475397
 0.0233136 -0.0950608   0.475397
 0.0233136 -0.0950608   0.475397
 0.0233136 -0.0950608   0.475397
 0.0233136 -0.0950608   0.475397
 0.0233136 -0.0950608   0.475397
 0.0233136 -0.0950608   0.475397
 0.0233136 -0.0950608   0.475397
 0.0233136 -0.0950608   0.475397
 0.0233136 -0.0950608   0.475397
 0.0233136 -0.0950608   0.475397
 0.0233136 -0.0950608   0.475397
 0.0233136 -0.0950608   0.475397
 0.0233136 -0.0950608   0.475397
 0.0233136 -0.0950608   0.475397
 0.0233136 -0.0950608   0.475397
 0.0233136 -0.0950608   0.475397
 0.0233136 -0.0950608   0.475397
 0.0233136 -0.0950608   0.475397
 0.0233136 -0.0950608   0.475397
 0.0233136 -0.0950608   0.475397
 0.0233136 -0.0950608   0.475397
 0.0233136 -0.0950608   0.475397
 0.0233136 -0.0950608   0.475397
 0.0233136 -0.0950608   0.475397
 0.0233136 -0.0950608   0.475397
 0.0233136 -0.0950608   0.475397
 0.0233136 -0.0950608   0.475397
 0.0233136 -0.0950608   0.475397
 0.0233136 -0.0950608   0.475397
 0.0233136 -0.0950608   0.475397
 0.0233136 -0.0950608   0.475397
 0.0233136 -0.0950608   0.475397
 0.0233136 -0.0950608   0.475397
 0.0233136 -0.0950608   0.475397
 0.0233136 -0.0950608   0.475397
 0.0233136 -0.0950608   0.475397
 0.0233136 -0.0950608   0.475397
 0.0233136 -0.0950608   0.475397
 0.0233136 -0.0950608   0.475397
 0.0233136 -0.0950608   0.475397
 0.0233136 -0.0950608   0.475397
 0.0233136 -0.0950608   0.475397
 0.0233136 -0.0950608   0.475397
 0.0233136 -0.0950608   0.475397
 0.0233136 -0.0950608   0.475397
 0.0233136 -0.0950608   0.475397
 0.0233136 -0.0950608   0.475397
 0.0233136 -0.0950608   0.475397
 0.0233136 -0.0950608   0.475397
 0.0233136 -0.0950608   0.475397
 0.0233136 -0.0950608   0.475397
 0.0233136 -0.0950608   0.475397
 0.0233136 -0.0950608   0.475397
 0.0233136 -0.0950608   0.475397
 0.0233136 -0.0950608   0.475397
 0.0233136 -0.0950608   0.475397
 0.0233136 -0.0950608   0.475397
 0.0233136 -0.0950608   0.475397
 0.0233136 -0.0950608   0.475397
 0.0233136 -0.0950608   0.475397
 0.0233136 -0.0950608   0.475397
 0.0233136 -0.0950608   0.475397
 0.0233136 -0.0950608   0.475397
 0.0233136 -0.0950608   0.475397
 0.0233136 -0.0950608   0.475397
 0.0233136 -0.0950608   0.475397
 0.0233136 -0.0950608   0.475397
 0.0233136 -0.0950608   0.475397
 0.0233136 -0.0950608   0.475397
 0.0233136 -0.0950608   0.475397
 0.0233136 -0.0950608   0.475397
 0.0233136 -0.0950608   0.475397
 0.0233136 -0.0950608   0.475397
 0.0233136 -0.0950608   0.475397
 0.0233136 -0.0950608   0.475397
 0.0233136 -0.0950608   0.475397
 0.0233136 -0.0950608   0.475397
 0.0233136 -0.0950608   0.475397
 0.0233136 -0.0950608   0.475397
 0.0233136 -0.0950608   0.475397
 0.0233136 -0.0950608   0.475397
 0.0233136 -0.0950608   0.475397
 0.0233136 -0.0950608   0.475397
 0.0233136 -0.0950608   0.475397
 0.0233136 -0.0950608   0.475397
 0.0233136 -0.0950608   0.475397
 0.0233136 -0.0950608   0.475397
 0.0233136 -0.0950608   0.475397
 0.0233136 -0.0950608   0.475397
 0.0233136 -0.0950608   0.475397
 0.0233136 -0.0950608   0.475397
 0.0233136 -0.0950608   0.475397
 0.0233136 -0.0950608   0.475397
 0.0233136 -0.0950608   0.475397
 0.0233136 -0.0950608   0.475397
 0.0233136 -0.0950608   0.475397
 0.0233136 -0.0950608   0.475397
 0.0233136 -0.0950608   0.475397
 0.0233136 -0.0950608   0.475397
 0.0233136 -0.0950608   0.475397
 0.0233136 -0.0950608   0.475397
 0.0233136 -0.0950608   0.475397
 0.0233136 -0.0950608   0.475397
 0.0233136 -0.0950608   0.475397
 0.0233136 -0.0950608   0.475397
 0.0233136 -0.0950608   0.475397
 0.0233136 -0.0950608   0.475397
 0.0233136 -0.0950608   0.475397
 0.0233136 -0.0950608   0.475397
 0.0233136 -0.0950608   0.475397
 0.0233136 -0.0950608   0.475397
 0.0233136 -0.0950608   0.475397
 0.0233136 -0.0950608   0.475397
 0.0233136 -0.0950608   0.475397
 0.0233136 -0.0950608   0.475397
 0.0233136 -0.0950608   0.475397
 0.0233136 -0.0950608   0.475397
 0.0233136 -0.0950608   0.475397
 0.0233136 -0.0950608   0.475397
 0.0233136 -0.0950608   0.475397
 0.0233136 -0.0950608   0.475397
 0.0233136 -0.0950608   0.475397
 0.0233136 -0.0950608   0.475397
 0.0233136 -0.0950608   0.475397
 0.0233136 -0.0950608   0.475397
 0.0233136 -0.0950608   0.475397
 0.0233136 -0.0950608   0.475397
 0.0233136 -0.0950608   0.475397
 0.0233136 -0.0950608   0.475397
 0.0233136 -0.0950608   0.475397
 0.0233136 -0.0950608   0.475397
 0.0233136 -0.0950608   0.475397
 0.0233136 -0.0950608   0.475397
 0.0233136 -0.0950608   0.475397
 0.0233136 -0.0950608   0.475397
 0.0233136 -0.0950608   0.475397
 0.0233136 -0.0950608   0.475397
 0.0233136 -0.0950608   0.475397
 0.0233136 -0.0950608   0.475397
 0.0233136 -0.0950608   0.475397
 0.0233136 -0.0950608   0.475397
 0.0233136 -0.0950608   0.475397
 0.0233136 -0.0950608   0.475397
 0.0233136 -0.0950608   0.475397
 0.0233136 -0.0950608   0.475397
 0.0233136 -0.0950608   0.475397
 0.0233136 -0.0950608   0.475397
 0.0233136 -0.0950608   0.475397
 0.0233136 -0.0950608   0.475397
 0.0233136 -0.0950608   0.475397
 0.0233136 -0.0950608   0.475397
 0.0233136 -0.0950608   0.475397
 0.0233136 -0.0950608   0.475397
 0.0233136 -0.0950608   0.475397
 0.0233136 -0.0950608   0.475397
 0.0233136 -0.0950608   0.475397
 0.0233136 -0.0950608   0.475397
 0.0233136 -0.0950608   0.475397
 0.0233136 -0.0950608   0.475397
 0.0233136 -0.0950608   0.475397
 0.0233136 -0.0950608   0.475397
 0.0233136 -0.0950608   0.475397
 0.0233136 -0.0950608   0.475397
 0.0233136 -0.0950608   0.475397
 0.0233136 -0.0950608   0.475397
 0.0233136 -0.0950608   0.475397
 0.0233136 -0.0950608   0.475397
 0.0233136 -0.0950608   0.475397
 0.0233136 -0.0950608   0.475397
 0.0233136 -0.0950608   0.475397
 0.0233136 -0.0950608   0.475397
 0.0233136 -0.0950608   0.475397
 0.0233136 -0.0950608   0.475397
 0.0233136 -0.0950608   0.475397
 0.0233136 -0.0950608   0.475397
 0.0233136 -0.0950608   0.475397
 0.0233136 -0.0950608   0.475397
 0.0233136 -0.0950608   0.475397
 0.0233136 -0.0950608   0.475397
 0.0233136 -0.0950608   0.475397
 0.0233136 -0.0950608   0.475397
 0.0233136 -0.0950608   0.475397
 0.0233136 -0.0950608   0.475397
 0.0233136 -0.0950608   0.475397
 0.0233136 -0.0950608   0.475397
 0.0233136 -0.0950608   0.475397
 0.0233136 -0.0950608   0.475397
 0.0233136 -0.0950608   0.475397
 0.0233136 -0.0950608   0.475397
 0.0233136 -0.0950608   0.475397
 0.0233136 -0.0950608   0.475397
 0.0233136 -0.0950608   0.475397
 0.0233136 -0.0950608   0.475397
 0.0233136 -0.0950608   0.475397
 0.0233136 -0.0950608   0.475397
 0.0233136 -0.0950608   0.475397
 0.0233136 -0.0950608   0.475397
 0.0233136 -0.0950608   0.475397
 0.0233136 -0.0950608   0.475397
 0.0233136 -0.0950608   0.475397
 0.0233136 -0.0950608   0.475397
 0.0233136 -0.0950608   0.475397
 0.0233136 -0.0950608   0.475397
 0.0233136 -0.0950608   0.475397
 0.0233136 -0.0950608   0.475397
 0.0233136 -0.0950608   0.475397
 0.0233136 -0.0950608   0.475397
 0.0233136 -0.0950608   0.475397
 0.0233136 -0.0950608   0.475397
 0.0233136 -0.0950608   0.475397
 0.0233136 -0.0950608   0.475397
 0.0233136 -0.0950608   0.475397
 0.0233136 -0.0950608   0.475397
 0.0233136 -0.0950608   0.475397
 0.0233136 -0.0950608   0.475397
 0.0233136 -0.0950608   0.475397
 0.0233136 -0.0950608   0.475397
 0.0233136 -0.0950608   0.475397
 0.0233136 -0.0950608   0.475397
 0.0233136 -0.0950608   0.475397
 0.0233136 -0.0950608   0.475397
