 0.269543 -0.328427  0.605789
 0.268893 -0.326656  0.608791
 0.268895 -0.326654  0.608789
 0.268901 -0.326647  0.608781
 0.268912 -0.326636  0.608769
0.268926 -0.32662 0.608751
0.268945  -0.3266 0.608728
 0.268969 -0.326576    0.6087
 0.268996 -0.326546  0.608667
 0.269028 -0.326513   0.60863
 0.269064 -0.326474  0.608587
 0.269104 -0.326432  0.608539
 0.269149 -0.326385  0.608485
 0.269197 -0.326333  0.608427
  0.26925 -0.326277  0.608364
 0.269307 -0.326216  0.608296
 0.269369 -0.326151  0.608222
 0.269435 -0.326081  0.608144
 0.269504 -0.326007  0.608061
 0.269578 -0.325929  0.607972
 0.269657 -0.325846  0.607879
  0.26974 -0.325758   0.60778
 0.269826 -0.325666  0.607676
 0.269917 -0.325569  0.607567
 0.270013 -0.325468  0.607454
 0.270112 -0.325362  0.607335
 0.270216 -0.325252  0.607211
 0.270324 -0.325138  0.607082
 0.270436 -0.325019  0.606948
 0.270553 -0.324895  0.606809
 0.270673 -0.324767  0.606665
 0.270798 -0.324635  0.606516
 0.270927 -0.324498  0.606361
 0.271061 -0.324356  0.606202
0.271198 -0.32421 0.606038
  0.27134 -0.324059  0.605868
 0.271486 -0.323904  0.605694
 0.271637 -0.323745  0.605514
 0.271791 -0.323581   0.60533
  0.27195 -0.323413   0.60514
0.272113 -0.32324 0.604946
  0.27228 -0.323062  0.604746
0.272452 -0.32288 0.604541
 0.272628 -0.322694  0.604331
 0.272808 -0.322503  0.604116
 0.272992 -0.322307  0.603896
  0.27318 -0.322108  0.603671
 0.273373 -0.321903  0.603441
  0.27357 -0.321694  0.603206
 0.273771 -0.321481  0.602966
 0.273976 -0.321263  0.602721
 0.274186 -0.321041  0.602471
   0.2744 -0.320814  0.602215
 0.274618 -0.320582  0.601955
  0.27484 -0.320347  0.601689
 0.275067 -0.320106  0.601419
 0.275297 -0.319862  0.601143
 0.275532 -0.319612  0.600863
 0.275772 -0.319358  0.600577
0.276015  -0.3191 0.600286
 0.276263 -0.318837  0.599991
0.276515 -0.31857 0.599689
 0.276771 -0.318298  0.599384
 0.277031 -0.318022  0.599073
 0.277296 -0.317741  0.598757
 0.277565 -0.317456  0.598436
 0.277838 -0.317166  0.598109
 0.278115 -0.316872  0.597778
 0.278397 -0.316573  0.597442
0.278683 -0.31627 0.597101
 0.278972 -0.315963  0.596755
 0.279267 -0.315651  0.596404
 0.279565 -0.315334  0.596047
 0.279868 -0.315012  0.595685
 0.280175 -0.314687  0.595319
 0.280486 -0.314356  0.594947
 0.280802 -0.314022   0.59457
 0.281122 -0.313683  0.594189
 0.281446 -0.313339  0.593802
 0.281774 -0.312991   0.59341
 0.282106 -0.312638  0.593013
 0.282443 -0.312281  0.592611
 0.282784 -0.311919  0.592204
 0.283129 -0.311552  0.591791
 0.283478 -0.311183  0.591375
 0.283831 -0.310808  0.590953
 0.284189 -0.310428  0.590526
 0.284551 -0.310044  0.590093
 0.284918 -0.309655  0.589656
 0.285288 -0.309262  0.589213
 0.285663 -0.308865  0.588766
 0.286042 -0.308463  0.588313
 0.286425 -0.308056  0.587856
 0.286812 -0.307645  0.587393
0.287204 -0.30723 0.586925
   0.2876 -0.306809  0.586453
    0.288 -0.306385  0.585975
 0.288405 -0.305956  0.585492
 0.288813 -0.305522  0.585004
 0.289226 -0.305084  0.584511
 0.289643 -0.304642  0.584013
 0.290064 -0.304195   0.58351
 0.290485 -0.303749  0.583008
 0.290906 -0.303302  0.582505
 0.291327 -0.302855  0.582002
 0.291749 -0.302408  0.581499
  0.29217 -0.301962  0.580996
 0.292591 -0.301515  0.580493
 0.293012 -0.301068   0.57999
 0.293433 -0.300621  0.579488
 0.293854 -0.300175  0.578985
 0.294275 -0.299728  0.578482
 0.294696 -0.299281  0.577979
 0.295117 -0.298834  0.577476
 0.295538 -0.298388  0.576974
 0.295959 -0.297941  0.576471
  0.29638 -0.297494  0.575968
 0.296802 -0.297048  0.575465
 0.297223 -0.296601  0.574962
 0.297644 -0.296154  0.574459
 0.298065 -0.295707  0.573956
0.298486 -0.29526 0.573453
 0.298908 -0.294813   0.57295
 0.299329 -0.294366  0.572448
 0.29975 -0.29392 0.571945
 0.300171 -0.293473  0.571442
 0.300592 -0.293027  0.570939
0.301013 -0.29258 0.570437
 0.301434 -0.292133  0.569934
 0.301855 -0.291686  0.569431
0.302276 -0.29124 0.568928
 0.302697 -0.290793  0.568426
 0.303118 -0.290346  0.567923
0.303539  -0.2899  0.56742
  0.30396 -0.289453  0.566917
 0.304381 -0.289006  0.566414
0.304802 -0.28856 0.565912
 0.305223 -0.288113  0.565409
 0.305644 -0.287666  0.564906
0.306065 -0.28722 0.564403
 0.306486 -0.286773  0.563901
 0.306907 -0.286326  0.563398
0.307328 -0.28588 0.562895
 0.307749 -0.285433  0.562393
  0.30817 -0.284986   0.56189
0.308591 -0.28454 0.561387
 0.309012 -0.284093  0.560884
 0.309433 -0.283646  0.560382
0.309854  -0.2832 0.559879
 0.310275 -0.282753  0.559376
 0.310696 -0.282306  0.558873
0.311118 -0.28186  0.55837
 0.311539 -0.281413  0.557868
  0.31196 -0.280966  0.557365
 0.312381 -0.280519  0.556862
 0.312802 -0.280073  0.556359
 0.313223 -0.279626  0.555856
 0.313644 -0.279179  0.555354
 0.314065 -0.278733  0.554851
 0.314486 -0.278286  0.554348
 0.314907 -0.277839  0.553845
 0.315328 -0.277393  0.553343
 0.315749 -0.276946   0.55284
  0.31617 -0.276499  0.552337
 0.316591 -0.276052  0.551834
 0.317012 -0.275606  0.551331
 0.317434 -0.275159  0.550828
 0.317855 -0.274712  0.550326
 0.318276 -0.274265  0.549823
 0.318697 -0.273819   0.54932
 0.319118 -0.273372  0.548817
 0.319539 -0.272925  0.548314
  0.31996 -0.272478  0.547811
 0.320381 -0.272032  0.547309
 0.320803 -0.271585  0.546806
 0.321224 -0.271138  0.546303
 0.321645 -0.270691    0.5458
 0.322066 -0.270245  0.545297
 0.322487 -0.269798  0.544794
 0.322908 -0.269351  0.544291
 0.323329 -0.268904  0.543788
  0.32375 -0.268457  0.543286
 0.324174 -0.268008   0.54278
 0.324595 -0.267561  0.542277
 0.325016 -0.267114  0.541774
 0.325437 -0.266668  0.541271
 0.325858 -0.266221  0.540768
 0.326279 -0.265774  0.540266
   0.3267 -0.265328  0.539763
 0.327121 -0.264881   0.53926
 0.327543 -0.264434  0.538757
 0.327964 -0.263988  0.538255
 0.328385 -0.263541  0.537752
 0.328806 -0.263094  0.537249
 0.329227 -0.262647  0.536746
 0.329648 -0.262201  0.536243
 0.330069 -0.261754  0.535741
  0.33049 -0.261307  0.535238
 0.330911 -0.260861  0.534735
 0.331332 -0.260414  0.534232
 0.331753 -0.259967  0.533729
0.332174 -0.25952 0.533227
 0.332595 -0.259074  0.532724
 0.333017 -0.258627  0.532221
0.333438 -0.25818 0.531718
 0.333859 -0.257733  0.531215
  0.33428 -0.257287  0.530713
0.334701 -0.25684  0.53021
 0.335122 -0.256393  0.529707
 0.335543 -0.255946  0.529204
0.335964  -0.2555 0.528701
 0.336385 -0.255053  0.528198
 0.336807 -0.254606  0.527695
 0.337228 -0.254159  0.527192
 0.337649 -0.253712   0.52669
  0.33807 -0.253266  0.526187
 0.338491 -0.252819  0.525684
 0.338912 -0.252372  0.525181
 0.339332 -0.251926  0.524679
 0.339749 -0.251485  0.524182
 0.340161 -0.251047   0.52369
 0.340569 -0.250615  0.523203
 0.340972 -0.250187  0.522721
 0.341372 -0.249763  0.522244
 0.341767 -0.249344  0.521773
 0.342157 -0.248929  0.521306
 0.342544 -0.248519  0.520844
 0.342926 -0.248114  0.520388
 0.343304 -0.247713  0.519936
 0.343678 -0.247316   0.51949
 0.344048 -0.246924  0.519049
 0.344413 -0.246536  0.518612
 0.344774 -0.246153  0.518181
 0.345131 -0.245774  0.517755
0.345484  -0.2454 0.517333
0.345833 -0.24503 0.516917
 0.346177 -0.244665  0.516506
 0.346517 -0.244304    0.5161
 0.346853 -0.243948  0.515699
 0.347184 -0.243596  0.515303
 0.347512 -0.243249  0.514912
 0.347835 -0.242906  0.514526
 0.348154 -0.242568  0.514146
 0.348468 -0.242234   0.51377
 0.348779 -0.241905  0.513399
 0.349087 -0.241578  0.513032
 0.349388 -0.241258  0.512671
 0.349686 -0.240942  0.512316
  0.34998 -0.240631  0.511965
 0.350269 -0.240324   0.51162
 0.350554 -0.240022   0.51128
 0.350834 -0.239724  0.510945
0.351111 -0.23943 0.510614
 0.351383 -0.239142  0.510289
 0.351651 -0.238857  0.509969
 0.351915 -0.238577  0.509654
 0.352174 -0.238302  0.509344
  0.35243 -0.238031   0.50904
 0.352681 -0.237765   0.50874
 0.352928 -0.237503  0.508445
  0.35317 -0.237246  0.508155
 0.353409 -0.236993  0.507871
 0.353643 -0.236744  0.507591
0.353873  -0.2365 0.507317
 0.354098 -0.236261  0.507047
  0.35432 -0.236026  0.506783
 0.354537 -0.235796  0.506523
 0.35475 -0.23557 0.506269
 0.354959 -0.235348   0.50602
 0.355164 -0.235131  0.505775
 0.355364 -0.234918  0.505536
 0.35556 -0.23471 0.505302
 0.355752 -0.234507  0.505073
 0.355939 -0.234308  0.504849
 0.356123 -0.234113   0.50463
 0.356302 -0.233923  0.504416
 0.356477 -0.233738  0.504207
 0.356647 -0.233557  0.504003
0.356814 -0.23338 0.503805
 0.356976 -0.233208  0.503611
 0.357134 -0.233041  0.503423
 0.357287 -0.232878  0.503239
 0.357437 -0.232719  0.503061
 0.357582 -0.232565  0.502887
 0.357723 -0.232416  0.502719
  0.35786 -0.232271  0.502556
0.357992 -0.23213 0.502397
 0.358121 -0.231994  0.502244
 0.358245 -0.231862  0.502096
 0.358364 -0.231735  0.501953
  0.35848 -0.231613  0.501815
 0.358591 -0.231495  0.501682
 0.358698 -0.231381  0.501554
 0.358801 -0.231272  0.501431
   0.3589 -0.231167  0.501314
 0.358994 -0.231067  0.501201
 0.359084 -0.230971  0.501093
 0.35917 -0.23088 0.500991
 0.359252 -0.230793  0.500893
  0.35933 -0.230711  0.500801
 0.359403 -0.230634  0.500713
0.359472 -0.23056 0.500631
 0.359537 -0.230492  0.500553
 0.359597 -0.230427  0.500481
 0.359653 -0.230368  0.500414
 0.359705 -0.230313  0.500352
 0.359753 -0.230262  0.500295
 0.359797 -0.230216  0.500243
 0.359836 -0.230174  0.500196
 0.359871 -0.230137  0.500154
 0.359902 -0.230104  0.500117
 0.359929 -0.230075  0.500085
 0.359951 -0.230052  0.500058
  0.35997 -0.230032  0.500036
 0.359983 -0.230018   0.50002
 0.359993 -0.230007  0.500008
 0.359999 -0.230001  0.500002
 0.36 -0.23   0.5
 0.36 -0.23   0.5
 0.36 -0.23   0.5
 0.36 -0.23   0.5
 0.36 -0.23   0.5
 0.36 -0.23   0.5
 0.36 -0.23   0.5
 0.36 -0.23   0.5
 0.36 -0.23   0.5
 0.36 -0.23   0.5
 0.36 -0.23   0.5
 0.36 -0.23   0.5
 0.36 -0.23   0.5
 0.36 -0.23   0.5
 0.36 -0.23   0.5
 0.36 -0.23   0.5
 0.36 -0.23   0.5
 0.36 -0.23   0.5
 0.36 -0.23   0.5
 0.36 -0.23   0.5
 0.36 -0.23   0.5
 0.36 -0.23   0.5
 0.36 -0.23   0.5
 0.36 -0.23   0.5
 0.36 -0.23   0.5
 0.36 -0.23   0.5
 0.36 -0.23   0.5
 0.36 -0.23   0.5
 0.36 -0.23   0.5
 0.36 -0.23   0.5
 0.36 -0.23   0.5
 0.36 -0.23   0.5
 0.36 -0.23   0.5
 0.36 -0.23   0.5
 0.36 -0.23   0.5
 0.36 -0.23   0.5
 0.36 -0.23   0.5
 0.36 -0.23   0.5
 0.36 -0.23   0.5
 0.36 -0.23   0.5
 0.36 -0.23   0.5
 0.36 -0.23   0.5
 0.36 -0.23   0.5
 0.36 -0.23   0.5
 0.36 -0.23   0.5
 0.36 -0.23   0.5
 0.36 -0.23   0.5
 0.36 -0.23   0.5
 0.36 -0.23   0.5
 0.36 -0.23   0.5
 0.36 -0.23   0.5
 0.36 -0.23   0.5
 0.36 -0.23   0.5
 0.36 -0.23   0.5
 0.36 -0.23   0.5
 0.36 -0.23   0.5
 0.36 -0.23   0.5
 0.36 -0.23   0.5
 0.36 -0.23   0.5
 0.36 -0.23   0.5
 0.36 -0.23   0.5
 0.36 -0.23   0.5
 0.36 -0.23   0.5
 0.36 -0.23   0.5
 0.36 -0.23   0.5
 0.36 -0.23   0.5
 0.36 -0.23   0.5
 0.36 -0.23   0.5
 0.36 -0.23   0.5
 0.36 -0.23   0.5
 0.36 -0.23   0.5
 0.36 -0.23   0.5
 0.36 -0.23   0.5
 0.36 -0.23   0.5
 0.36 -0.23   0.5
 0.36 -0.23   0.5
 0.36 -0.23   0.5
 0.36 -0.23   0.5
 0.36 -0.23   0.5
 0.36 -0.23   0.5
 0.36 -0.23   0.5
 0.36 -0.23   0.5
 0.36 -0.23   0.5
 0.36 -0.23   0.5
 0.36 -0.23   0.5
 0.36 -0.23   0.5
 0.36 -0.23   0.5
 0.36 -0.23   0.5
 0.36 -0.23   0.5
 0.36 -0.23   0.5
 0.36 -0.23   0.5
 0.36 -0.23   0.5
 0.36 -0.23   0.5
 0.36 -0.23   0.5
 0.36 -0.23   0.5
 0.36 -0.23   0.5
 0.36 -0.23   0.5
 0.36 -0.23   0.5
 0.36 -0.23   0.5
 0.36 -0.23   0.5
 0.36 -0.23   0.5
 0.36 -0.23   0.5
 0.36 -0.23   0.5
 0.36 -0.23   0.5
 0.36 -0.23   0.5
 0.36 -0.23   0.5
 0.36 -0.23   0.5
 0.36 -0.23   0.5
 0.36 -0.23   0.5
 0.36 -0.23   0.5
 0.36 -0.23   0.5
 0.36 -0.23   0.5
 0.36 -0.23   0.5
 0.36 -0.23   0.5
 0.36 -0.23   0.5
 0.36 -0.23   0.5
 0.36 -0.23   0.5
 0.36 -0.23   0.5
 0.36 -0.23   0.5
 0.36 -0.23   0.5
 0.36 -0.23   0.5
 0.36 -0.23   0.5
 0.36 -0.23   0.5
 0.36 -0.23   0.5
 0.36 -0.23   0.5
 0.36 -0.23   0.5
 0.36 -0.23   0.5
 0.36 -0.23   0.5
 0.36 -0.23   0.5
 0.36 -0.23   0.5
 0.36 -0.23   0.5
 0.36 -0.23   0.5
 0.36 -0.23   0.5
 0.36 -0.23   0.5
 0.36 -0.23   0.5
 0.36 -0.23   0.5
 0.36 -0.23   0.5
 0.36 -0.23   0.5
 0.36 -0.23   0.5
 0.36 -0.23   0.5
 0.36 -0.23   0.5
 0.36 -0.23   0.5
 0.36 -0.23   0.5
 0.36 -0.23   0.5
 0.36 -0.23   0.5
 0.36 -0.23   0.5
 0.36 -0.23   0.5
 0.36 -0.23   0.5
 0.36 -0.23   0.5
 0.36 -0.23   0.5
 0.36 -0.23   0.5
 0.36 -0.23   0.5
 0.36 -0.23   0.5
 0.36 -0.23   0.5
 0.36 -0.23   0.5
 0.36 -0.23   0.5
 0.36 -0.23   0.5
 0.36 -0.23   0.5
 0.36 -0.23   0.5
 0.36 -0.23   0.5
 0.36 -0.23   0.5
 0.36 -0.23   0.5
 0.36 -0.23   0.5
 0.36 -0.23   0.5
 0.36 -0.23   0.5
 0.36 -0.23   0.5
 0.36 -0.23   0.5
 0.36 -0.23   0.5
 0.36 -0.23   0.5
 0.36 -0.23   0.5
 0.36 -0.23   0.5
 0.36 -0.23   0.5
 0.36 -0.23   0.5
 0.36 -0.23   0.5
 0.36 -0.23   0.5
 0.36 -0.23   0.5
 0.36 -0.23   0.5
 0.36 -0.23   0.5
 0.36 -0.23   0.5
 0.36 -0.23   0.5
 0.36 -0.23   0.5
 0.36 -0.23   0.5
 0.36 -0.23   0.5
 0.36 -0.23   0.5
 0.36 -0.23   0.5
 0.36 -0.23   0.5
 0.36 -0.23   0.5
 0.36 -0.23   0.5
 0.36 -0.23   0.5
 0.36 -0.23   0.5
 0.36 -0.23   0.5
 0.36 -0.23   0.5
 0.36 -0.23   0.5
 0.36 -0.23   0.5
 0.36 -0.23   0.5
 0.36 -0.23   0.5
 0.36 -0.23   0.5
 0.36 -0.23   0.5
 0.36 -0.23   0.5
 0.36 -0.23   0.5
 0.36 -0.23   0.5
 0.36 -0.23   0.5
 0.36 -0.23   0.5
 0.36 -0.23   0.5
 0.36 -0.23   0.5
 0.36 -0.23   0.5
 0.36 -0.23   0.5
 0.36 -0.23   0.5
 0.36 -0.23   0.5
 0.36 -0.23   0.5
 0.36 -0.23   0.5
 0.36 -0.23   0.5
 0.36 -0.23   0.5
 0.36 -0.23   0.5
 0.36 -0.23   0.5
 0.36 -0.23   0.5
 0.36 -0.23   0.5
 0.36 -0.23   0.5
 0.36 -0.23   0.5
 0.36 -0.23   0.5
 0.36 -0.23   0.5
 0.36 -0.23   0.5
 0.36 -0.23   0.5
 0.36 -0.23   0.5
 0.36 -0.23   0.5
 0.36 -0.23   0.5
 0.36 -0.23   0.5
 0.36 -0.23   0.5
 0.36 -0.23   0.5
 0.36 -0.23   0.5
 0.36 -0.23   0.5
 0.36 -0.23   0.5
 0.36 -0.23   0.5
 0.36 -0.23   0.5
 0.36 -0.23   0.5
 0.36 -0.23   0.5
 0.36 -0.23   0.5
 0.36 -0.23   0.5
 0.36 -0.23   0.5
 0.36 -0.23   0.5
 0.36 -0.23   0.5
 0.36 -0.23   0.5
 0.36 -0.23   0.5
 0.36 -0.23   0.5
 0.36 -0.23   0.5
 0.36 -0.23   0.5
 0.36 -0.23   0.5
 0.36 -0.23   0.5
 0.36 -0.23   0.5
 0.36 -0.23   0.5
 0.36 -0.23   0.5
 0.36 -0.23   0.5
 0.36 -0.23   0.5
 0.36 -0.23   0.5
 0.36 -0.23   0.5
 0.36 -0.23   0.5
 0.36 -0.23   0.5
 0.36 -0.23   0.5
 0.36 -0.23   0.5
 0.36 -0.23   0.5
 0.36 -0.23   0.5
 0.36 -0.23   0.5
 0.36 -0.23   0.5
 0.36 -0.23   0.5
 0.36 -0.23   0.5
 0.36 -0.23   0.5
 0.36 -0.23   0.5
 0.36 -0.23   0.5
 0.36 -0.23   0.5
 0.36 -0.23   0.5
 0.36 -0.23   0.5
 0.36 -0.23   0.5
 0.36 -0.23   0.5
 0.36 -0.23   0.5
 0.36 -0.23   0.5
 0.36 -0.23   0.5
 0.36 -0.23   0.5
 0.36 -0.23   0.5
 0.36 -0.23   0.5
 0.36 -0.23   0.5
 0.36 -0.23   0.5
 0.36 -0.23   0.5
 0.36 -0.23   0.5
 0.36 -0.23   0.5
 0.36 -0.23   0.5
 0.36 -0.23   0.5
 0.36 -0.23   0.5
 0.36 -0.23   0.5
 0.36 -0.23   0.5
 0.36 -0.23   0.5
 0.36 -0.23   0.5
 0.36 -0.23   0.5
 0.36 -0.23   0.5
 0.36 -0.23   0.5
 0.36 -0.23   0.5
 0.36 -0.23   0.5
 0.36 -0.23   0.5
 0.36 -0.23   0.5
 0.36 -0.23   0.5
 0.36 -0.23   0.5
 0.36 -0.23   0.5
 0.36 -0.23   0.5
 0.36 -0.23   0.5
 0.36 -0.23   0.5
 0.36 -0.23   0.5
 0.36 -0.23   0.5
 0.36 -0.23   0.5
 0.36 -0.23   0.5
 0.36 -0.23   0.5
 0.36 -0.23   0.5
 0.36 -0.23   0.5
 0.36 -0.23   0.5
 0.36 -0.23   0.5
 0.36 -0.23   0.5
 0.36 -0.23   0.5
 0.36 -0.23   0.5
 0.36 -0.23   0.5
 0.36 -0.23   0.5
 0.36 -0.23   0.5
 0.36 -0.23   0.5
 0.36 -0.23   0.5
 0.36 -0.23   0.5
 0.36 -0.23   0.5
 0.36 -0.23   0.5
 0.36 -0.23   0.5
 0.36 -0.23   0.5
 0.36 -0.23   0.5
 0.36 -0.23   0.5
 0.36 -0.23   0.5
 0.36 -0.23   0.5
 0.36 -0.23   0.5
 0.36 -0.23   0.5
 0.36 -0.23   0.5
 0.36 -0.23   0.5
 0.36 -0.23   0.5
 0.36 -0.23   0.5
 0.36 -0.23   0.5
 0.36 -0.23   0.5
 0.36 -0.23   0.5
 0.36 -0.23   0.5
 0.36 -0.23   0.5
 0.36 -0.23   0.5
 0.36 -0.23   0.5
 0.36 -0.23   0.5
 0.36 -0.23   0.5
 0.36 -0.23   0.5
 0.36 -0.23   0.5
 0.36 -0.23   0.5
 0.36 -0.23   0.5
 0.36 -0.23   0.5
 0.36 -0.23   0.5
 0.36 -0.23   0.5
 0.36 -0.23   0.5
 0.36 -0.23   0.5
 0.36 -0.23   0.5
 0.36 -0.23   0.5
 0.36 -0.23   0.5
 0.36 -0.23   0.5
 0.36 -0.23   0.5
 0.36 -0.23   0.5
 0.36 -0.23   0.5
 0.36 -0.23   0.5
 0.36 -0.23   0.5
 0.36 -0.23   0.5
 0.36 -0.23   0.5
 0.36 -0.23   0.5
 0.36 -0.23   0.5
 0.36 -0.23   0.5
 0.36 -0.23   0.5
 0.36 -0.23   0.5
 0.36 -0.23   0.5
 0.36 -0.23   0.5
 0.36 -0.23   0.5
 0.36 -0.23   0.5
 0.36 -0.23   0.5
 0.36 -0.23   0.5
 0.36 -0.23   0.5
 0.36 -0.23   0.5
 0.36 -0.23   0.5
 0.36 -0.23   0.5
 0.36 -0.23   0.5
 0.36 -0.23   0.5
 0.36 -0.23   0.5
 0.36 -0.23   0.5
 0.36 -0.23   0.5
 0.36 -0.23   0.5
 0.36 -0.23   0.5
 0.36 -0.23   0.5
 0.36 -0.23   0.5
 0.36 -0.23   0.5
 0.36 -0.23   0.5
 0.36 -0.23   0.5
 0.36 -0.23   0.5
 0.36 -0.23   0.5
 0.36 -0.23   0.5
 0.36 -0.23   0.5
 0.36 -0.23   0.5
 0.36 -0.23   0.5
 0.36 -0.23   0.5
 0.36 -0.23   0.5
 0.36 -0.23   0.5
 0.36 -0.23   0.5
 0.36 -0.23   0.5
 0.36 -0.23   0.5
 0.36 -0.23   0.5
 0.36 -0.23   0.5
 0.36 -0.23   0.5
 0.36 -0.23   0.5
 0.36 -0.23   0.5
 0.36 -0.23   0.5
 0.36 -0.23   0.5
 0.36 -0.23   0.5
 0.36 -0.23   0.5
 0.36 -0.23   0.5
 0.36 -0.23   0.5
 0.36 -0.23   0.5
 0.36 -0.23   0.5
 0.36 -0.23   0.5
 0.36 -0.23   0.5
 0.36 -0.23   0.5
 0.36 -0.23   0.5
 0.36 -0.23   0.5
 0.36 -0.23   0.5
 0.36 -0.23   0.5
 0.36 -0.23   0.5
 0.36 -0.23   0.5
 0.36 -0.23   0.5
 0.36 -0.23   0.5
 0.36 -0.23   0.5
 0.36 -0.23   0.5
 0.36 -0.23   0.5
 0.36 -0.23   0.5
 0.36 -0.23   0.5
 0.36 -0.23   0.5
 0.36 -0.23   0.5
 0.36 -0.23   0.5
 0.36 -0.23   0.5
 0.36 -0.23   0.5
 0.36 -0.23   0.5
 0.36 -0.23   0.5
 0.36 -0.23   0.5
 0.36 -0.23   0.5
 0.36 -0.23   0.5
 0.36 -0.23   0.5
 0.36 -0.23   0.5
 0.36 -0.23   0.5
 0.36 -0.23   0.5
 0.36 -0.23   0.5
 0.36 -0.23   0.5
 0.36 -0.23   0.5
 0.36 -0.23   0.5
 0.36 -0.23   0.5
 0.36 -0.23   0.5
 0.36 -0.23   0.5
 0.36 -0.23   0.5
 0.36 -0.23   0.5
 0.36 -0.23   0.5
 0.36 -0.23   0.5
 0.36 -0.23   0.5
 0.36 -0.23   0.5
 0.36 -0.23   0.5
 0.36 -0.23   0.5
 0.36 -0.23   0.5
 0.36 -0.23   0.5
 0.36 -0.23   0.5
 0.36 -0.23   0.5
 0.36 -0.23   0.5
 0.36 -0.23   0.5
 0.36 -0.23   0.5
 0.36 -0.23   0.5
 0.36 -0.23   0.5
 0.36 -0.23   0.5
 0.36 -0.23   0.5
 0.36 -0.23   0.5
