 0.268893 -0.326656  0.608791
 0.268881 -0.326667  0.608785
 0.268865 -0.326674   0.60878
  0.26885 -0.326685  0.608777
 0.268836 -0.326698  0.608773
 0.268823 -0.326708  0.608779
 0.268814 -0.326718  0.608783
 0.268807 -0.326724  0.608794
 0.268802 -0.326731  0.608807
 0.268803 -0.326731  0.608825
 0.268805 -0.326734  0.608845
0.268812 -0.32673 0.608868
 0.268823 -0.326722  0.608896
 0.268836 -0.326714  0.608921
0.268855  -0.3267 0.608956
 0.268876 -0.326685  0.608982
 0.268901 -0.326665  0.609015
  0.26893 -0.326643  0.609047
 0.268961 -0.326614  0.609081
 0.268996 -0.326583  0.609115
 0.269034 -0.326548  0.609151
 0.269073 -0.326511  0.609184
 0.269113 -0.326471  0.609213
 0.269156 -0.326427  0.609242
0.269198 -0.32638 0.609271
0.269242 -0.32633 0.609297
 0.269285 -0.326281   0.60932
  0.26933 -0.326229  0.609339
 0.269375 -0.326173  0.609359
 0.269417 -0.326117  0.609371
 0.269461 -0.326057  0.609386
 0.269503 -0.325998   0.60939
 0.269544 -0.325935  0.609394
 0.269585 -0.325871  0.609395
 0.269625 -0.325805  0.609392
 0.269665 -0.325738  0.609386
 0.269704 -0.325668  0.609375
 0.269744 -0.325594  0.609364
 0.269781 -0.325522  0.609342
  0.26982 -0.325444  0.609321
 0.269859 -0.325367  0.609295
 0.269899 -0.325283  0.609265
 0.269941 -0.325198  0.609229
 0.269983 -0.325108  0.609192
 0.270027 -0.325017  0.609153
 0.270072 -0.324918  0.609108
  0.27012 -0.324818  0.609063
 0.270168 -0.324712  0.609009
  0.27022 -0.324602  0.608955
 0.270275 -0.324488  0.608897
 0.270333 -0.324368  0.608835
 0.270394 -0.324244  0.608772
 0.270462 -0.324101  0.608701
 0.270529 -0.323966  0.608633
   0.2706 -0.323825  0.608555
 0.270673 -0.323679  0.608476
 0.270752 -0.323527  0.608395
0.270832 -0.32337 0.608309
 0.270917 -0.323206  0.608222
 0.271003 -0.323041  0.608128
 0.271095 -0.322866  0.608035
0.271187 -0.32269 0.607932
 0.271283 -0.322507  0.607829
 0.271382 -0.322322  0.607722
 0.271482 -0.322131   0.60761
 0.271586 -0.321935  0.607495
 0.271691 -0.321735  0.607375
0.271799 -0.32153 0.607253
 0.271908 -0.321324  0.607122
 0.272019 -0.321112  0.606994
 0.272131 -0.320899  0.606852
 0.272248 -0.320675  0.606699
 0.272364 -0.320454  0.606551
  0.27248 -0.320227  0.606399
 0.272598 -0.319997  0.606243
 0.272716 -0.319767  0.606078
 0.272839 -0.319525  0.605918
  0.27296 -0.319287  0.605742
 0.273083 -0.319044  0.605564
 0.273208 -0.318796  0.605382
 0.273333 -0.318546  0.605192
 0.273461 -0.318291  0.604999
  0.27359 -0.318033  0.604798
 0.273722 -0.317769  0.604596
0.273859 -0.31749 0.604371
 0.273995 -0.317218  0.604158
0.274132 -0.31694 0.603932
 0.274272 -0.316658  0.603704
 0.274415 -0.316372  0.603471
  0.27456 -0.316079  0.603231
 0.274708 -0.315783  0.602987
 0.274859 -0.315479  0.602735
0.275014 -0.31517 0.602483
  0.27517 -0.314858  0.602217
 0.275329 -0.314539  0.601949
 0.275493 -0.314214  0.601677
 0.275658 -0.313886  0.601397
0.275828 -0.31355 0.601114
 0.275999 -0.313211  0.600821
 0.276175 -0.312864  0.600529
 0.276353 -0.312514  0.600225
 0.276533 -0.312159  0.599916
 0.276723 -0.311791  0.599576
 0.276909 -0.311425  0.599256
 0.277098 -0.311056  0.598931
 0.277289 -0.310681    0.5986
 0.277483 -0.310304  0.598265
0.277677 -0.30992 0.597922
 0.277875 -0.309533  0.597579
 0.278081 -0.309141  0.597237
 0.278288 -0.308715  0.596865
 0.27849 -0.30832 0.596503
 0.278693 -0.307921  0.596136
 0.278898 -0.307519  0.595765
 0.279103 -0.307117  0.595386
 0.27931 -0.30671 0.595008
 0.279517 -0.306302  0.594619
 0.279725 -0.305895  0.594228
 0.279934 -0.305484  0.593833
 0.280143 -0.305072  0.593433
0.280353 -0.30466 0.593029
 0.280572 -0.304235  0.592579
 0.280783 -0.303819  0.592169
 0.280994 -0.303404  0.591748
 0.281208 -0.302986  0.591332
  0.28142 -0.302568  0.590904
0.281634 -0.30215 0.590474
0.281848 -0.30173 0.590044
 0.282063 -0.301309  0.589609
0.282272  -0.3009 0.589217
 0.282488 -0.300477  0.588775
0.282716 -0.30004 0.588289
 0.282935 -0.299615  0.587839
 0.283155 -0.299189  0.587388
 0.283377 -0.298761  0.586936
  0.28359 -0.298343  0.586529
 0.283824 -0.297901  0.586023
 0.284048 -0.297466  0.585563
 0.284276 -0.297032  0.585103
 0.284504 -0.296596  0.584635
 0.284732 -0.296132  0.584144
 0.284963 -0.295693  0.583675
  0.28521 -0.295251  0.583231
 0.285444 -0.294807   0.58276
 0.285678 -0.294363  0.582283
 0.285916 -0.293918  0.581807
 0.286161 -0.293456  0.581275
 0.286399 -0.293009  0.580797
 0.286637 -0.292562  0.580313
 0.286874 -0.292112  0.579832
 0.287113 -0.291663  0.579351
 0.287353 -0.291216  0.578866
 0.287592 -0.290766  0.578386
 0.287832 -0.290317  0.577903
0.288074 -0.28987 0.577421
0.288313 -0.28942 0.576938
 0.288554 -0.288972  0.576456
 0.288796 -0.288525  0.575974
 0.289035 -0.288077  0.575493
 0.289277 -0.287629  0.575014
 0.289519 -0.287182  0.574533
  0.28976 -0.286734  0.574057
 0.290001 -0.286288  0.573577
0.290246 -0.28584 0.573103
 0.290486 -0.285392  0.572624
 0.290728 -0.284912  0.572125
 0.290971 -0.284464  0.571653
 0.291214 -0.284016  0.571179
 0.291477 -0.283568  0.570741
 0.291721 -0.283118  0.570271
 0.291968 -0.282667  0.569805
 0.292213 -0.282218  0.569336
 0.292459 -0.281765  0.568872
 0.292707 -0.281312  0.568408
 0.292967 -0.280838  0.567893
 0.293216 -0.280384  0.567435
 0.293465 -0.279928  0.566977
 0.293716 -0.279471  0.566524
 0.293967 -0.279014  0.566069
 0.294218 -0.278556  0.565622
 0.294468 -0.278098  0.565169
  0.29472 -0.277639  0.564724
 0.294973 -0.277178  0.564281
0.295224 -0.27672  0.56384
 0.295476 -0.276258  0.563405
 0.295729 -0.275796  0.562969
 0.295982 -0.275334   0.56254
 0.296233 -0.274871  0.562109
 0.296483 -0.274387  0.561658
 0.296735 -0.273923  0.561234
 0.296988 -0.273462  0.560812
  0.29724 -0.272996  0.560396
 0.297492 -0.272531  0.559978
 0.297745 -0.272067  0.559567
 0.298012 -0.271604  0.559183
 0.298265 -0.271137  0.558779
 0.298528 -0.270649   0.55832
 0.298778 -0.270181  0.557917
 0.299029 -0.269714  0.557516
  0.29928 -0.269246  0.557115
  0.29953 -0.268776  0.556721
 0.299779 -0.268307  0.556324
 0.300029 -0.267839  0.555934
 0.300276 -0.267369  0.555542
 0.300523 -0.266898  0.555154
 0.300771 -0.266428  0.554768
 0.301016 -0.265957  0.554385
 0.301237 -0.265456  0.553999
 0.301507 -0.264984  0.553606
0.301751 -0.26451 0.553233
 0.301995 -0.264038  0.552857
 0.302237 -0.263564  0.552486
 0.302479 -0.263091  0.552118
 0.302722 -0.262617  0.551751
 0.302963 -0.262142  0.551388
 0.303204 -0.261666  0.551027
 0.303445 -0.261189  0.550671
 0.303685 -0.260714  0.550311
 0.303926 -0.260236  0.549961
 0.304175 -0.259735  0.549568
 0.304414 -0.259256  0.549218
 0.304653 -0.258776  0.548871
0.304903  -0.2583 0.548545
 0.305142 -0.257819  0.548201
 0.305378 -0.257338  0.547858
 0.305615 -0.256856  0.547521
 0.305849 -0.256374   0.54718
 0.306083 -0.255892  0.546844
 0.306316 -0.255412  0.546508
0.306547 -0.25493 0.546175
 0.306779 -0.254427  0.545824
 0.307007 -0.253947  0.545495
 0.307234 -0.253468   0.54517
 0.307459 -0.252991  0.544843
 0.307683 -0.252515  0.544525
 0.307904 -0.252042  0.544199
 0.308123 -0.251571  0.543881
 0.308341 -0.251103  0.543564
 0.308556 -0.250636   0.54325
 0.308771 -0.250172  0.542939
 0.308982 -0.249712  0.542629
 0.309202 -0.249231  0.542297
 0.309417 -0.248781  0.542007
 0.309623 -0.248331  0.541704
 0.309827 -0.247884  0.541406
0.310028 -0.24744 0.541109
 0.310228 -0.247001  0.540817
 0.310425 -0.246565  0.540525
 0.310621 -0.246132  0.540239
 0.310814 -0.245703  0.539951
 0.311007 -0.245279  0.539672
 0.311196 -0.244858  0.539387
0.311383 -0.24444 0.539108
 0.311569 -0.244026  0.538833
 0.311753 -0.243615  0.538559
0.311939 -0.24318 0.538273
  0.31212 -0.242776  0.538003
   0.3123 -0.242375  0.537741
 0.312476 -0.241979  0.537474
 0.312652 -0.241585  0.537212
 0.312827 -0.241194  0.536954
    0.313 -0.240807  0.536698
 0.313172 -0.240423  0.536446
 0.313342 -0.240042  0.536194
 0.313511 -0.239665  0.535948
 0.313678 -0.239292    0.5357
 0.313844 -0.238922  0.535456
 0.314014 -0.238537  0.535196
 0.314176 -0.238174  0.534958
 0.314333 -0.237832  0.534741
 0.314492 -0.237476  0.534507
 0.314651 -0.237125  0.534278
 0.314807 -0.236777  0.534048
 0.314964 -0.236432  0.533825
 0.315116 -0.236092  0.533597
 0.315272 -0.235739  0.533358
 0.315423 -0.235407  0.533138
 0.315571 -0.235081   0.53292
 0.315717 -0.234757  0.532706
 0.315862 -0.234438  0.532491
 0.316005 -0.234124  0.532284
 0.316145 -0.233815  0.532072
0.316284 -0.23351 0.531865
 0.316421 -0.233211  0.531661
 0.316555 -0.232916  0.531459
 0.316689 -0.232626  0.531259
 0.316819 -0.232342  0.531061
 0.316949 -0.232062  0.530868
 0.317083 -0.231795  0.530682
 0.317202 -0.231518  0.530481
 0.317332 -0.231262  0.530302
 0.317454 -0.231002  0.530115
 0.317574 -0.230747  0.529931
 0.317693 -0.230498  0.529747
  0.31781 -0.230252  0.529569
 0.317927 -0.229994  0.529373
  0.31804 -0.229758  0.529197
 0.318153 -0.229526  0.529024
0.318264  -0.2293 0.528852
 0.318373 -0.229078  0.528684
0.318481 -0.22886 0.528515
 0.318589 -0.228647  0.528355
 0.318696 -0.228429  0.528178
   0.3188 -0.228225  0.528018
 0.318903 -0.228026  0.527863
 0.319004 -0.227832  0.527709
 0.319106 -0.227643  0.527558
 0.319205 -0.227458  0.527408
 0.319302 -0.227279  0.527263
   0.3194 -0.227104  0.527119
 0.319495 -0.226934  0.526979
 0.319591 -0.226768  0.526842
 0.319683 -0.226609  0.526705
 0.319776 -0.226453  0.526576
 0.319867 -0.226302  0.526442
 0.319956 -0.226156  0.526314
 0.320044 -0.226015   0.52619
 0.320132 -0.225878  0.526065
 0.320218 -0.225746  0.525946
0.320302 -0.22562 0.525824
 0.320385 -0.225497  0.525708
 0.320467 -0.225379  0.525594
 0.320548 -0.225266   0.52548
 0.320634 -0.225167  0.525381
 0.320705 -0.225053  0.525262
 0.320783 -0.224954  0.525158
 0.320857 -0.224859   0.52505
 0.320932 -0.224768  0.524947
 0.321005 -0.224681  0.524847
 0.321076 -0.224598  0.524748
 0.321148 -0.224518  0.524653
 0.321217 -0.224443  0.524556
 0.321285 -0.224371  0.524461
 0.321353 -0.224302   0.52437
  0.32142 -0.224236   0.52428
 0.321486 -0.224173  0.524193
 0.321551 -0.224113  0.524106
 0.321617 -0.224055  0.524025
 0.32168   -0.224 0.523938
 0.321744 -0.223948  0.523856
 0.321815 -0.223888  0.523775
 0.321878 -0.223838  0.523695
 0.321941 -0.223791   0.52362
 0.322002 -0.223745  0.523543
0.322065  -0.2237 0.523473
 0.322123 -0.223657  0.523391
 0.322184 -0.223615   0.52332
 0.322245 -0.223574  0.523251
 0.322305 -0.223535  0.523182
 0.322366 -0.223497  0.523117
0.322424 -0.22346 0.523049
 0.322483 -0.223424  0.522984
 0.322543 -0.223389  0.522921
 0.322601 -0.223356  0.522859
  0.32266 -0.223323  0.522799
 0.322717 -0.223292  0.522739
 0.322775 -0.223262  0.522685
 0.322831 -0.223235  0.522622
 0.322888 -0.223207  0.522566
 0.322944 -0.223181  0.522511
    0.323 -0.223157  0.522457
 0.323055 -0.223133  0.522406
 0.323109 -0.223101  0.522339
0.323164 -0.22308 0.522288
 0.323217 -0.223061  0.522238
  0.32327 -0.223043  0.522188
 0.323329 -0.223037   0.52215
  0.32338 -0.223022  0.522102
 0.323433 -0.223008  0.522058
 0.323481 -0.222999  0.522005
  0.32353 -0.222989   0.52196
 0.323581 -0.222979  0.521916
 0.323629 -0.222971  0.521872
 0.323679 -0.222963  0.521831
 0.323726 -0.222957  0.521788
 0.323774 -0.222951  0.521746
 0.323822 -0.222946  0.521706
 0.323869 -0.222943  0.521665
 0.323916 -0.222939  0.521626
 0.323962 -0.222936  0.521587
 0.324009 -0.222934  0.521552
 0.324055 -0.222931  0.521511
   0.3241 -0.222929  0.521474
 0.324147 -0.222927  0.521438
 0.324192 -0.222926  0.521401
 0.324238 -0.222924  0.521368
 0.324283 -0.222924   0.52133
 0.324328 -0.222922  0.521296
 0.324374 -0.222921  0.521262
0.324419 -0.22292 0.521229
 0.324466 -0.222904  0.521188
  0.32451 -0.222903  0.521154
 0.324556 -0.222902  0.521125
   0.3246 -0.222902  0.521091
 0.324647 -0.222914  0.521067
 0.324692 -0.222914  0.521037
 0.324735 -0.222915  0.521008
  0.32478 -0.222917  0.520979
 0.324823 -0.222919  0.520949
 0.324867 -0.222921  0.520925
 0.324909 -0.222924  0.520893
 0.324951 -0.222927  0.520866
0.324994 -0.22293  0.52084
 0.325036 -0.222935  0.520813
 0.325078 -0.222939  0.520789
 0.325119 -0.222944  0.520761
  0.32516 -0.222951  0.520735
 0.325201 -0.222957   0.52071
 0.325241 -0.222963  0.520685
0.325282 -0.22297 0.520661
 0.325322 -0.222968  0.520626
 0.325363 -0.222975  0.520607
 0.325401 -0.222984  0.520579
  0.32544 -0.222992  0.520555
0.325479   -0.223 0.520533
 0.325518 -0.223009  0.520509
 0.325557 -0.223018  0.520489
 0.325595 -0.223027  0.520465
 0.325633 -0.223036  0.520443
 0.325672 -0.223046  0.520422
  0.32571 -0.223055    0.5204
 0.325748 -0.223066   0.52038
  0.32579 -0.223085  0.520366
 0.325827 -0.223098  0.520348
 0.325863 -0.223108  0.520325
 0.325901 -0.223118  0.520305
 0.325938 -0.223128  0.520286
 0.325975 -0.223138  0.520266
 0.326013 -0.223147  0.520248
  0.32605 -0.223156  0.520228
 0.326087 -0.223165  0.520208
0.326126 -0.22316 0.520181
 0.326162 -0.223169  0.520162
 0.326199 -0.223176  0.520144
 0.326236 -0.223185  0.520123
 0.326272 -0.223196  0.520109
 0.326308 -0.223204  0.520086
 0.326344 -0.223212  0.520068
  0.32638 -0.223219   0.52005
 0.326416 -0.223227  0.520031
 0.326453 -0.223235  0.520015
 0.326488 -0.223243  0.519995
 0.326528 -0.223259  0.519989
 0.326563 -0.223268  0.519968
 0.326598 -0.223276   0.51995
 0.326633 -0.223287  0.519933
 0.326668 -0.223296  0.519915
 0.326703 -0.223305  0.519901
 0.326737 -0.223315  0.519882
 0.326771 -0.223317  0.519857
 0.326806 -0.223327   0.51984
 0.326839 -0.223338  0.519823
 0.326874 -0.223348  0.519808
 0.326906 -0.223359  0.519791
 0.326941 -0.223369  0.519779
0.326973 -0.22338 0.519759
 0.327004 -0.223394  0.519744
 0.327038 -0.223405  0.519728
  0.32707 -0.223416  0.519712
 0.327103 -0.223427  0.519699
 0.327135 -0.223438  0.519681
0.327167 -0.22345 0.519666
   0.3272 -0.223461  0.519651
 0.327232 -0.223472  0.519636
 0.327265 -0.223483  0.519623
 0.327297 -0.223495  0.519607
  0.32733 -0.223505  0.519597
 0.327362 -0.223516  0.519579
 0.327393 -0.223527  0.519565
 0.327427 -0.223534   0.51955
 0.327458 -0.223547  0.519536
 0.327491 -0.223557  0.519525
 0.327522 -0.223568  0.519508
 0.327554 -0.223577  0.519494
 0.327586 -0.223587  0.519481
 0.327618 -0.223596  0.519466
 0.327653 -0.223612  0.519458
 0.327684 -0.223621  0.519444
0.327717 -0.22363 0.519433
 0.327748 -0.223638  0.519416
 0.327779 -0.223647  0.519402
  0.32778 -0.223581  0.519339
 0.327844 -0.223651  0.519366
 0.327875 -0.223659  0.519355
 0.327906 -0.223668  0.519339
 0.327936 -0.223676  0.519325
 0.327967 -0.223685  0.519313
 0.327997 -0.223695  0.519298
 0.328028 -0.223704  0.519286
 0.328058 -0.223713  0.519271
 0.328089 -0.223723  0.519261
 0.328116 -0.223736  0.519247
 0.328146 -0.223746  0.519233
 0.328175 -0.223756  0.519221
 0.328205 -0.223766  0.519207
 0.328234 -0.223776  0.519196
 0.328263 -0.223787  0.519181
 0.328292 -0.223797  0.519169
 0.328321 -0.223807  0.519156
  0.32835 -0.223818  0.519142
 0.328379 -0.223828  0.519131
 0.328407 -0.223838  0.519117
 0.328437 -0.223848  0.519108
 0.328465 -0.223858  0.519092
 0.328493 -0.223867  0.519079
 0.328522 -0.223876  0.519068
 0.328551 -0.223886  0.519054
 0.328582 -0.223901  0.519048
0.328611 -0.22391 0.519033
  0.32864 -0.223919  0.519026
 0.328667 -0.223928  0.519009
 0.328696 -0.223937  0.518996
 0.328726 -0.223938  0.518977
 0.328754 -0.223946  0.518964
 0.328783 -0.223953  0.518954
 0.328811 -0.223961   0.51894
 0.328838 -0.223971  0.518929
 0.328866 -0.223979  0.518917
 0.328894 -0.223986  0.518905
 0.328923 -0.223993  0.518893
0.32895  -0.224 0.51888
  0.32898 -0.224007  0.518872
 0.329006 -0.224014  0.518856
 0.329034 -0.224022  0.518845
 0.329062 -0.224029  0.518833
 0.329091 -0.224043  0.518825
  0.32912 -0.224051  0.518815
 0.329146 -0.224058  0.518802
 0.329175 -0.224055  0.518784
 0.329202 -0.224064  0.518773
 0.329229 -0.224072  0.518761
 0.329255 -0.224083  0.518753
 0.329282 -0.224091   0.51874
0.329309  -0.2241 0.518733
 0.329335 -0.224109  0.518717
 0.329361 -0.224118  0.518706
 0.329388 -0.224127  0.518696
 0.329414 -0.224136  0.518684
  0.32944 -0.224144  0.518675
 0.329466 -0.224153  0.518662
 0.329492 -0.224162  0.518651
0.329518 -0.22417  0.51864
 0.329544 -0.224179  0.518629
  0.32957 -0.224187   0.51862
 0.329596 -0.224196  0.518607
 0.329623 -0.224204    0.5186
  0.32965 -0.224219  0.518589
 0.329675 -0.224227  0.518578
 0.329702 -0.224229  0.518561
 0.329728 -0.224237  0.518549
 0.329754 -0.224244   0.51854
  0.32978 -0.224251  0.518528
 0.329807 -0.224258  0.518521
  0.32983 -0.224269  0.518508
 0.329856 -0.224275  0.518497
 0.329882 -0.224281  0.518487
 0.329908 -0.224287  0.518475
 0.329934 -0.224293  0.518467
 0.329958 -0.224299  0.518454
 0.329984 -0.224304  0.518443
 0.33001 -0.22431 0.518433
 0.330035 -0.224315  0.518421
 0.330061 -0.224321  0.518412
 0.330086 -0.224326  0.518399
 0.330112 -0.224332  0.518393
  0.33014 -0.224333  0.518376
 0.330165 -0.224339  0.518366
  0.33019 -0.224345  0.518355
 0.330214 -0.224351  0.518345
  0.33024 -0.224359  0.518336
 0.330263 -0.224365  0.518324
 0.330288 -0.224372  0.518313
 0.330311 -0.224382  0.518306
 0.330335 -0.224389  0.518296
  0.33036 -0.224394  0.518284
  0.33038 -0.224406  0.518276
 0.330405 -0.224413  0.518271
 0.330428 -0.224422  0.518256
0.330451 -0.22443 0.518246
 0.330475 -0.224437  0.518237
 0.330498 -0.224445  0.518226
 0.330523 -0.224452   0.51822
 0.330546 -0.224459  0.518207
 0.330569 -0.224466  0.518197
 0.330593 -0.224473  0.518187
0.330616 -0.22448 0.518177
 0.330641 -0.224486  0.518169
 0.330664 -0.224493  0.518158
  0.33069 -0.224504  0.518154
 0.330713 -0.224495  0.518133
 0.330735 -0.224511  0.518128
 0.330762 -0.224511  0.518117
 0.330786 -0.224517  0.518106
  0.33081 -0.224522  0.518099
 0.330833 -0.224528  0.518086
 0.330856 -0.224533  0.518077
 0.330879 -0.224541   0.51807
 0.330902 -0.224546   0.51806
 0.330926 -0.224551  0.518052
 0.330949 -0.224556  0.518041
0.330973 -0.22456 0.518035
 0.330996 -0.224566  0.518022
0.331018 -0.22457 0.518013
 0.331042 -0.224575  0.518004
0.331064 -0.22458 0.517994
 0.331088 -0.224585  0.517986
  0.33111 -0.224592  0.517975
 0.331132 -0.224597  0.517965
 0.331155 -0.224602  0.517956
 0.331177 -0.224608  0.517947
   0.3312 -0.224613  0.517938
 0.331222 -0.224619  0.517928
 0.331246 -0.224624  0.517922
 0.331267 -0.224631   0.51791
 0.331289 -0.224636    0.5179
 0.331311 -0.224642  0.517892
 0.331332 -0.224648  0.517883
 0.331355 -0.224655  0.517875
 0.331376 -0.224662  0.517864
 0.331398 -0.224667  0.517855
 0.331422 -0.224674  0.517842
0.331444 -0.22468 0.517833
 0.331465 -0.224688  0.517827
 0.331486 -0.224694  0.517818
 0.331509 -0.224701   0.51781
  0.33153 -0.224706  0.517799
 0.331551 -0.224712  0.517791
 0.331572 -0.224711   0.51778
 0.331594 -0.224714  0.517768
 0.331618 -0.224723  0.517762
0.331638 -0.22473 0.517755
 0.331661 -0.224734   0.51775
 0.331682 -0.224739  0.517737
 0.331703 -0.224743  0.517727
 0.331725 -0.224746   0.51772
0.331747 -0.22475  0.51771
 0.331769 -0.224755  0.517703
  0.33179 -0.224759  0.517693
 0.331813 -0.224752  0.517679
 0.331835 -0.224755  0.517671
 0.331856 -0.224759  0.517662
 0.331878 -0.224764  0.517654
 0.331899 -0.224768  0.517644
 0.331921 -0.224772   0.51764
 0.331939 -0.224786  0.517632
 0.331959 -0.224791  0.517623
 0.331981 -0.224796  0.517616
 0.332001 -0.224801  0.517607
 0.332022 -0.224807  0.517601
 0.332042 -0.224812   0.51759
 0.332062 -0.224818  0.517582
 0.332083 -0.224823  0.517574
 0.332103 -0.224829  0.517566
 0.332124 -0.224834  0.517559
 0.332143 -0.224839  0.517549
 0.332165 -0.224844  0.517545
 0.332184 -0.224849  0.517533
 0.332204 -0.224854  0.517524
 0.332224 -0.224859  0.517517
 0.332244 -0.224864  0.517508
 0.332265 -0.224869  0.517502
 0.332284 -0.224873  0.517491
 0.332304 -0.224877  0.517482
 0.332325 -0.224881  0.517475
 0.332345 -0.224885  0.517466
 0.332365 -0.224889  0.517459
 0.332385 -0.224893  0.517449
 0.332406 -0.224897  0.517446
 0.332427 -0.224891  0.517429
 0.332447 -0.224895   0.51742
 0.332467 -0.224899  0.517413
 0.332487 -0.224903  0.517405
 0.332507 -0.224906  0.517399
0.332526 -0.22491 0.517389
 0.332546 -0.224916  0.517384
 0.332566 -0.224925  0.517378
0.332586 -0.22493 0.517369
 0.332606 -0.224934  0.517363
 0.332625 -0.224938  0.517354
 0.332645 -0.224942   0.51735
 0.332664 -0.224946  0.517339
 0.332683 -0.224951  0.517331
 0.332703 -0.224955  0.517324
 0.332722 -0.224959  0.517316
 0.332741 -0.224963   0.51731
  0.33276 -0.224967  0.517301
 0.332779 -0.224971  0.517293
 0.332799 -0.224975  0.517285
0.332817 -0.22498 0.517277
 0.332837 -0.224984   0.51727
 0.332856 -0.224988  0.517262
 0.332876 -0.224991  0.517257
 0.332894 -0.224995  0.517247
 0.332913 -0.224995  0.517233
 0.332932 -0.225002  0.517228
0.332951 -0.22501 0.517222
 0.332971 -0.225014  0.517215
 0.332989 -0.225018  0.517207
 0.333009 -0.225021  0.517203
 0.333026 -0.225025  0.517191
 0.333045 -0.225028  0.517184
 0.333064 -0.225031  0.517177
 0.333082 -0.225035  0.517169
 0.333101 -0.225038  0.517164
 0.333119 -0.225041  0.517154
 0.333138 -0.225045  0.517145
 0.333156 -0.225048  0.517139
0.333175 -0.22505  0.51713
 0.333194 -0.225053  0.517125
 0.333212 -0.225056  0.517115
 0.333231 -0.225058  0.517112
 0.333251 -0.225053  0.517097
 0.333269 -0.225055  0.517089
 0.333288 -0.225058  0.517083
 0.333306 -0.225062  0.517074
 0.333324 -0.225065   0.51707
 0.333341 -0.225071  0.517063
 0.333359 -0.225075  0.517056
 0.333377 -0.225078  0.517049
 0.333395 -0.225082  0.517042
 0.333412 -0.225087  0.517037
  0.33343 -0.225091  0.517029
 0.333448 -0.225097  0.517026
 0.333466 -0.225106  0.517016
0.333483 -0.22511 0.517009
 0.333501 -0.225115  0.517003
0.333517 -0.22512 0.516996
 0.333536 -0.225124   0.51699
 0.333552 -0.225129  0.516982
  0.33357 -0.225133  0.516975
 0.333587 -0.225137  0.516969
 0.333604 -0.225141  0.516961
 0.333622 -0.225144  0.516955
  0.33364 -0.225147  0.516945
0.333658 -0.22515 0.516941
 0.333675 -0.225153  0.516931
 0.333692 -0.225156  0.516923
  0.33371 -0.225158  0.516917
 0.333727 -0.225162  0.516908
 0.333745 -0.225164  0.516904
 0.333762 -0.225166  0.516895
  0.33378 -0.225168  0.516888
 0.333798 -0.225174  0.516882
 0.333815 -0.225176  0.516875
 0.333833 -0.225178  0.516869
 0.33385 -0.22518 0.516861
 0.333868 -0.225181  0.516857
 0.333885 -0.225183  0.516847
 0.333902 -0.225185  0.516841
 0.333919 -0.225188  0.516833
0.333936 -0.22519 0.516826
 0.333954 -0.225192  0.516821
  0.33397 -0.225194  0.516813
 0.333988 -0.225196   0.51681
 0.334004 -0.225199    0.5168
 0.334021 -0.225201  0.516792
 0.334039 -0.225198  0.516786
 0.334055 -0.225201  0.516779
 0.334073 -0.225204  0.516774
 0.334088 -0.225207  0.516766
 0.334105 -0.225215   0.51676
 0.334121 -0.225218  0.516754
 0.334137 -0.225222  0.516747
 0.334154 -0.225226  0.516742
0.334169 -0.22523 0.516734
 0.334186 -0.225235  0.516731
 0.334201 -0.225239  0.516721
 0.334217 -0.225244  0.516715
 0.334233 -0.225248  0.516709
 0.334249 -0.225252  0.516703
 0.334265 -0.225256  0.516698
0.334281 -0.22526  0.51669
 0.334297 -0.225263  0.516683
 0.334313 -0.225267  0.516678
0.334329 -0.22527 0.516671
 0.334345 -0.225275  0.516666
 0.334361 -0.225277  0.516658
0.334377 -0.22528 0.516655
 0.334393 -0.225283  0.516645
 0.334409 -0.225285  0.516639
 0.334426 -0.225284  0.516629
 0.334442 -0.225287  0.516621
 0.334458 -0.225291   0.51662
 0.334475 -0.225297  0.516612
 0.334492 -0.225298  0.516611
0.334507  -0.2253   0.5166
 0.334523 -0.225302  0.516594
 0.334539 -0.225304  0.516588
 0.334555 -0.225305  0.516581
 0.334572 -0.225307  0.516577
 0.334587 -0.225309  0.516569
