5.00679e-06
0.00964594
0.0197089
0.029767
0.039825
0.0498819
0.0599389
0.0700119
0.0800688
0.0901239
0.100182
0.110238
0.120318
0.130373
0.140429
0.150485
0.160541
0.170597
0.180654
0.190711
0.200768
0.210824
0.22088
0.230935
0.240992
0.251049
0.261104
0.271159
0.281214
0.291269
0.301326
0.311382
0.321441
0.331496
0.341553
0.351611
0.361666
0.371721
0.381777
0.391832
0.401888
0.411945
0.422002
0.432057
0.442115
0.45217
0.462227
0.472285
0.482341
0.492398
0.502455
0.51251
0.522566
0.532621
0.542635
0.55269
0.562764
0.57282
0.582877
0.592935
0.602991
0.613047
0.623102
0.633157
0.643214
0.65327
0.663325
0.67338
0.683437
0.693493
0.703549
0.713606
0.723663
0.733719
0.743777
0.753849
0.763904
0.773959
0.784016
0.794074
0.804154
0.81421
0.824536
0.834599
0.844653
0.854706
0.864761
0.874815
0.884869
0.894922
0.904976
0.91503
0.925086
0.935142
0.945198
0.955252
0.965309
0.975363
0.985418
0.995474
1.00553
1.01559
1.02565
1.0357
1.04575
1.05581
1.06586
1.07592
1.08597
1.09603
1.10609
1.11614
1.1262
1.13625
1.14631
1.15637
1.16642
1.17648
1.18654
1.1966
1.20665
1.21671
1.22677
1.23682
1.24688
1.25693
1.26699
1.27704
1.2871
1.29715
1.30721
1.31727
1.32732
1.33738
1.34743
1.35749
1.36754
1.3776
1.38765
1.39771
1.40777
1.41782
1.42788
1.43793
1.44799
1.45804
1.4681
1.47815
1.48821
1.49827
1.50832
1.51838
1.52844
1.53849
1.54855
1.55861
1.56867
1.57872
1.58877
1.59883
1.60889
1.61895
1.62901
1.63906
1.64912
1.65917
1.66923
1.67928
1.68934
1.69939
1.70945
1.7195
1.72956
1.73962
1.74967
1.75973
1.76978
1.77984
1.7899
1.79995
1.81001
1.82007
1.83012
1.84015
1.8502
1.86026
1.87031
1.88037
1.89042
1.90048
1.91053
1.92059
1.93063
1.94066
1.95072
1.96077
1.97083
1.98089
1.99094
2.001
2.01106
2.02111
2.03117
2.04122
2.05128
2.06133
2.07139
2.08144
2.0915
2.10156
2.11161
2.12167
2.13173
2.14178
2.15184
2.1619
2.17195
2.18201
2.19206
2.20212
2.21218
2.22223
2.23229
2.24234
2.2524
2.26246
2.27251
2.28257
2.29263
2.30268
2.31274
2.3228
2.33281
2.34285
2.35291
2.36297
2.37302
2.38308
2.39313
2.40322
2.41328
2.42333
2.43339
2.44344
2.45351
2.46361
2.47366
2.48372
2.49378
2.50383
2.51389
2.52395
2.534
2.54406
2.55411
2.56417
2.57422
2.58428
2.59434
2.60439
2.61445
2.6245
2.63455
2.64461
2.65465
2.66471
2.67477
2.68483
2.69495
2.70501
2.71507
2.72512
2.73517
2.74523
2.75529
2.76534
2.7754
2.78545
2.79551
2.80556
2.81562
2.82567
2.83573
2.84579
2.85584
2.8659
2.87596
2.88601
2.89607
2.90612
2.91618
2.92623
2.93629
2.94635
2.95641
2.96646
2.97652
2.98657
2.99663
3.0067
3.01675
3.02681
3.03687
3.04692
3.05698
3.06703
3.07709
3.08715
3.0972
3.10726
3.11732
3.12738
3.13743
3.14749
3.15754
3.1676
3.17768
3.18773
3.19779
3.20784
3.2179
3.22795
3.23801
3.24806
3.25812
3.26817
3.27823
3.28828
3.29834
3.30839
3.31845
3.3285
3.33856
3.34862
3.35863
3.36869
3.37875
3.3888
3.39887
3.40893
3.41899
3.42904
3.4391
3.44915
3.45921
3.46926
3.47932
3.48938
3.49943
3.50949
3.51954
3.52959
3.53965
3.54971
3.55976
3.56982
3.57987
3.58993
3.59996
3.61002
3.62007
3.6302
3.64026
3.65031
3.66037
3.67042
3.68046
3.69053
3.70058
3.71066
3.7207
3.73076
3.74081
3.75087
3.76093
3.77098
3.78103
3.79109
3.80115
3.8112
3.82127
3.83132
3.84138
3.85143
3.86149
3.87154
3.8816
3.89165
3.90171
3.91177
3.92182
3.9319
3.94204
3.9521
3.96215
3.97221
3.98226
3.99232
4.00237
4.01243
4.02248
4.03254
4.04259
4.05264
4.0627
4.07275
4.08281
4.09286
4.10292
4.11297
4.12303
4.13309
4.14314
4.1532
4.16325
4.17331
4.18336
4.19347
4.20353
4.21358
4.22364
4.2337
4.24375
4.25382
4.26387
4.27393
4.28398
4.29404
4.30409
4.31415
4.3242
4.33426
4.34432
4.35437
4.36442
4.37448
4.38453
4.39459
4.40464
4.4147
4.42475
4.43481
4.44486
4.45492
4.46497
4.47502
4.48508
4.49513
4.50519
4.51524
4.5253
4.53535
4.54541
4.55546
4.56551
4.57557
4.58563
4.59568
4.60574
4.61581
4.62586
4.63592
4.64597
4.65603
4.66609
4.67614
4.6862
4.69625
4.70631
4.71636
4.72642
4.73647
4.74653
4.75658
4.76664
4.77669
4.78675
4.7968
4.80685
4.81691
4.82697
4.83701
4.84707
4.85713
4.86718
4.87724
4.88729
4.89735
4.90741
4.91746
4.92752
4.93757
4.94763
4.95768
4.96774
4.9778
4.98785
4.99791
5.00796
5.01802
5.02808
5.03813
5.04819
5.05824
5.06832
5.07838
5.08843
5.09849
5.10856
5.11862
5.12867
5.13873
5.14878
5.15884
5.1689
5.17895
5.18901
5.19906
5.20912
5.21917
5.22925
5.23931
5.24936
5.25942
5.26947
5.27953
5.28958
5.29964
5.30974
5.31979
5.32985
5.33991
5.35012
5.36017
5.37022
5.38028
5.39033
5.40039
5.41044
5.4205
5.43056
5.44061
5.45067
5.46073
5.47078
5.48085
5.4909
5.50096
5.51101
5.52107
5.53112
5.54116
5.55121
5.56127
5.57132
5.58138
5.59145
5.60148
5.61153
5.6216
5.63165
5.64171
5.65176
5.66182
5.67187
5.68193
5.69198
5.70205
5.71211
5.72216
5.73222
5.74227
5.75233
5.76243
5.77249
5.78255
5.7926
5.80266
5.81271
5.82279
5.83285
5.84291
5.85316
5.86321
5.87327
5.88333
5.89338
5.90344
5.91349
5.92354
5.9336
5.94366
5.95371
5.96377
5.97382
5.98388
5.99394
6.00399
6.01405
6.0241
6.03416
6.04422
6.05427
6.06433
6.07438
6.08444
6.0945
6.10455
6.1146
6.12466
6.13471
6.14477
6.15482
6.16488
6.17493
6.18499
6.19504
6.20509
6.21515
6.2252
6.23526
6.24532
6.25537
6.26543
6.27549
6.28554
6.29561
6.30565
6.31571
6.32578
6.33583
6.34592
6.35597
6.36601
6.37608
6.38614
6.39619
6.40625
6.41631
6.42636
6.43642
6.44647
6.45652
6.46658
6.47663
6.48669
6.49674
6.50678
6.51683
6.52689
6.53694
6.547
6.55706
6.56712
6.57718
6.58723
6.59729
6.60734
6.6174
6.62751
6.63757
6.64762
6.65768
6.66773
6.67779
6.68784
6.6979
6.70795
6.71801
6.72807
6.73812
6.74818
6.75824
6.7683
6.77835
6.78841
6.79846
6.80852
6.81857
6.82868
6.83873
6.84879
6.85885
6.8689
6.87896
6.88901
6.89907
6.90913
6.9192
6.92926
6.93931
6.94937
6.95942
6.96948
6.97953
6.98959
6.99964
7.0097
7.01976
7.02981
7.03987
7.04992
7.05997
7.07003
7.08009
7.09014
7.1002
7.11026
7.12031
7.13037
7.14042
7.15048
7.16053
7.17059
7.18067
7.19072
7.20078
7.21083
7.22089
7.23097
7.24103
7.25108
7.26117
7.27122
7.28128
7.29133
7.30139
7.31144
7.3215
7.33159
7.34164
7.3517
7.36179
7.37185
7.3819
7.39195
7.40201
7.41207
7.42212
7.43218
7.44223
7.45272
7.46278
7.47283
7.48288
7.49294
7.503
7.51305
7.52311
7.53316
7.54322
7.55327
7.56333
7.57339
7.58344
7.5935
7.60355
7.61361
7.62367
7.63372
7.64378
7.65384
7.66389
7.67395
7.68406
7.69411
7.70439
7.71445
7.7245
7.73456
7.74461
7.75463
7.76469
7.77474
7.7848
7.79485
7.80491
7.81497
7.82502
7.83508
7.84513
7.85519
7.86525
7.8753
7.88538
7.89543
7.9055
7.91556
7.92561
7.93566
7.94572
