0.0166487 -0.105391  0.508466
0.0166492  -0.10539  0.508463
0.0166507 -0.105389  0.508456
0.0166532 -0.105387  0.508443
0.0166532 -0.105387  0.508443
0.0166568 -0.105383  0.508425
0.0166669 -0.105374  0.508375
0.0166734 -0.105368  0.508342
 0.016681 -0.105362  0.508304
0.0166895 -0.105354  0.508261
0.0166991 -0.105345  0.508213
0.0167097 -0.105336   0.50816
0.0167212 -0.105325  0.508102
0.0167338 -0.105314  0.508038
0.0167474 -0.105301   0.50797
 0.016762 -0.105288  0.507897
0.0167776 -0.105274  0.507818
0.0167942 -0.105259  0.507735
0.0168119 -0.105243  0.507646
0.0168305 -0.105226  0.507553
0.0168502 -0.105208  0.507454
0.0168709 -0.105189   0.50735
0.0168925  -0.10517  0.507241
0.0169152 -0.105149  0.507127
0.0169389 -0.105128  0.507008
0.0169635 -0.105105  0.506884
0.0169892 -0.105082  0.506755
0.0170159 -0.105058  0.506621
0.0170436 -0.105033  0.506482
0.0170723 -0.105007  0.506338
0.0171021  -0.10498  0.506189
0.0171328 -0.104952  0.506034
0.0171645 -0.104923  0.505875
0.0171972 -0.104894   0.50571
 0.017231 -0.104863  0.505541
0.0172657 -0.104832  0.505366
0.0173015 -0.104799  0.505187
0.0173382 -0.104766  0.505002
 0.017376 -0.104732  0.504812
0.0174148 -0.104696  0.504618
0.0174546  -0.10466  0.504418
0.0174954 -0.104623  0.504213
0.0175372 -0.104585  0.504003
  0.01758 -0.104547  0.503788
0.0176238 -0.104507  0.503568
0.0176686 -0.104466  0.503343
0.0177144 -0.104425  0.503112
0.0177612 -0.104382  0.502877
0.0178091 -0.104339  0.502637
0.0178579 -0.104295  0.502392
0.0179077  -0.10425  0.502141
0.0179586 -0.104204  0.501886
0.0180103 -0.104157  0.501626
0.0180631 -0.104109  0.501361
0.0181169  -0.10406  0.501091
0.0181718  -0.10401  0.500815
0.0182278 -0.103959  0.500534
0.0182848 -0.103908  0.500247
0.0183427 -0.103855  0.499957
0.0184016 -0.103802  0.499661
0.0184615 -0.103748   0.49936
0.0185224 -0.103692  0.499054
0.0185844 -0.103636  0.498742
0.0186474 -0.103579  0.498426
0.0187113 -0.103521  0.498105
0.0187763 -0.103462  0.497778
0.0188423 -0.103403  0.497447
0.0189092 -0.103342  0.497111
0.0189772  -0.10328  0.496769
0.0190462 -0.103218  0.496423
0.0191162 -0.103154  0.496071
0.0191872  -0.10309  0.495714
0.0192592 -0.103025  0.495353
0.0193322 -0.102959  0.494986
0.0194062 -0.102891  0.494614
0.0194813 -0.102823  0.494237
0.0195573 -0.102754  0.493855
0.0196345 -0.102685  0.493468
0.0197125 -0.102614  0.493075
0.0197916 -0.102542  0.492678
0.0198716  -0.10247  0.492276
0.0199527 -0.102396  0.491869
0.0200348 -0.102322  0.491457
0.0201179 -0.102246  0.491039
0.020202 -0.10217 0.490617
 0.020287 -0.102093   0.49019
0.0203731 -0.102015  0.489757
0.0204602 -0.101936  0.489319
0.0205484 -0.101856  0.488876
0.0206374 -0.101776  0.488429
0.0207257 -0.101695  0.487986
0.0208132 -0.101616  0.487547
0.0208996 -0.101538  0.487112
0.020985 -0.10146 0.486684
0.0210693 -0.101384   0.48626
0.0211526 -0.101309  0.485842
0.0212349 -0.101234  0.485428
0.0213161  -0.10116   0.48502
0.0213964 -0.101088  0.484617
0.0214757 -0.101016  0.484219
0.0215542 -0.100945  0.483824
0.0216314 -0.100875  0.483436
0.0217077 -0.100805  0.483053
0.0217829 -0.100737  0.482675
0.0218574  -0.10067  0.482301
0.0219309 -0.100603  0.481932
0.0220031 -0.100538  0.481569
0.0220743 -0.100473  0.481211
0.0221446 -0.100409  0.480859
0.0222138 -0.100347  0.480511
 0.022282 -0.100285  0.480168
0.0223492 -0.100224  0.479831
0.0224153 -0.100164  0.479498
0.0224806 -0.100105  0.479171
0.0225448 -0.100047  0.478848
 0.0226079 -0.0999895   0.478531
 0.0226701 -0.0999331   0.478219
 0.0227313 -0.0998777   0.477911
 0.0227914 -0.0998232   0.477609
 0.0228505 -0.0997696   0.477312
 0.0229087 -0.0997169    0.47702
 0.0229658 -0.0996651   0.476733
  0.023022 -0.0996142   0.476451
 0.0230771 -0.0995643   0.476174
 0.0231312 -0.0995152   0.475903
 0.0231843 -0.0994671   0.475636
 0.0232364 -0.0994198   0.475374
 0.0232875 -0.0993735   0.475117
 0.0233377 -0.0993281   0.474865
 0.0233867 -0.0992836   0.474619
0.0234348  -0.09924  0.474377
 0.0234819 -0.0991973   0.474141
 0.0235279 -0.0991556   0.473909
  0.023573 -0.0991148   0.473683
  0.023617 -0.0990749   0.473462
 0.0236601 -0.0990358   0.473246
 0.0237021 -0.0989978   0.473035
 0.0237431 -0.0989606   0.472829
 0.0237831 -0.0989243   0.472628
0.0238221 -0.098889  0.472432
 0.0238601 -0.0988545   0.472241
0.0238971 -0.098821  0.472055
 0.0239331 -0.0987884   0.471874
 0.0239681 -0.0987567   0.471699
  0.024002 -0.0987259   0.471528
 0.024035 -0.098696  0.471362
 0.024067 -0.098667  0.471202
  0.024098 -0.0986389   0.471046
 0.0241279 -0.0986118   0.470896
 0.0241569 -0.0985856    0.47075
 0.0241848 -0.0985603    0.47061
 0.0242117 -0.0985359   0.470475
 0.0242376 -0.0985124   0.470345
 0.0242625 -0.0984898    0.47022
 0.0242864 -0.0984682     0.4701
 0.0243093 -0.0984474   0.469985
 0.0243312 -0.0984276   0.469875
 0.0243521 -0.0984087    0.46977
 0.0243719 -0.0983906    0.46967
 0.0243908 -0.0983735   0.469575
 0.0244086 -0.0983574   0.469485
 0.0244255 -0.0983421   0.469401
 0.0244413 -0.0983278   0.469321
 0.0244561 -0.0983143   0.469247
   0.02447 -0.0983018   0.469177
 0.0244828 -0.0982902   0.469113
 0.0244946 -0.0982795   0.469054
 0.0245054 -0.0982697      0.469
 0.0245151 -0.0982608    0.46895
 0.0245239 -0.0982529   0.468906
 0.0245317 -0.0982458   0.468867
 0.0245385 -0.0982397   0.468833
 0.0245442 -0.0982345   0.468804
  0.024549 -0.0982301    0.46878
 0.0245528 -0.0982267   0.468762
 0.0245555 -0.0982243   0.468748
 0.0245572 -0.0982227   0.468739
 0.024558 -0.098222  0.468735
 0.024558 -0.098222  0.468735
 0.024558 -0.098222  0.468735
 0.024558 -0.098222  0.468735
 0.024558 -0.098222  0.468735
 0.024558 -0.098222  0.468735
 0.024558 -0.098222  0.468735
 0.024558 -0.098222  0.468735
 0.024558 -0.098222  0.468735
 0.024558 -0.098222  0.468735
 0.024558 -0.098222  0.468735
 0.024558 -0.098222  0.468735
 0.024558 -0.098222  0.468735
 0.024558 -0.098222  0.468735
 0.024558 -0.098222  0.468735
 0.024558 -0.098222  0.468735
 0.024558 -0.098222  0.468735
 0.024558 -0.098222  0.468735
 0.024558 -0.098222  0.468735
 0.024558 -0.098222  0.468735
 0.024558 -0.098222  0.468735
 0.024558 -0.098222  0.468735
 0.024558 -0.098222  0.468735
 0.024558 -0.098222  0.468735
 0.024558 -0.098222  0.468735
 0.024558 -0.098222  0.468735
 0.024558 -0.098222  0.468735
 0.024558 -0.098222  0.468735
 0.024558 -0.098222  0.468735
 0.024558 -0.098222  0.468735
 0.024558 -0.098222  0.468735
 0.024558 -0.098222  0.468735
 0.024558 -0.098222  0.468735
 0.024558 -0.098222  0.468735
 0.024558 -0.098222  0.468735
 0.024558 -0.098222  0.468735
 0.024558 -0.098222  0.468735
 0.024558 -0.098222  0.468735
 0.024558 -0.098222  0.468735
 0.024558 -0.098222  0.468735
 0.024558 -0.098222  0.468735
 0.024558 -0.098222  0.468735
 0.024558 -0.098222  0.468735
 0.024558 -0.098222  0.468735
 0.024558 -0.098222  0.468735
 0.024558 -0.098222  0.468735
 0.024558 -0.098222  0.468735
 0.024558 -0.098222  0.468735
 0.024558 -0.098222  0.468735
 0.024558 -0.098222  0.468735
 0.024558 -0.098222  0.468735
 0.024558 -0.098222  0.468735
 0.024558 -0.098222  0.468735
 0.024558 -0.098222  0.468735
 0.024558 -0.098222  0.468735
 0.024558 -0.098222  0.468735
 0.024558 -0.098222  0.468735
 0.024558 -0.098222  0.468735
 0.024558 -0.098222  0.468735
 0.024558 -0.098222  0.468735
 0.024558 -0.098222  0.468735
 0.024558 -0.098222  0.468735
 0.024558 -0.098222  0.468735
 0.024558 -0.098222  0.468735
 0.024558 -0.098222  0.468735
 0.024558 -0.098222  0.468735
 0.024558 -0.098222  0.468735
 0.024558 -0.098222  0.468735
 0.024558 -0.098222  0.468735
 0.024558 -0.098222  0.468735
 0.024558 -0.098222  0.468735
 0.024558 -0.098222  0.468735
 0.024558 -0.098222  0.468735
 0.024558 -0.098222  0.468735
 0.024558 -0.098222  0.468735
 0.024558 -0.098222  0.468735
 0.024558 -0.098222  0.468735
 0.024558 -0.098222  0.468735
 0.024558 -0.098222  0.468735
 0.024558 -0.098222  0.468735
 0.024558 -0.098222  0.468735
 0.024558 -0.098222  0.468735
 0.024558 -0.098222  0.468735
 0.024558 -0.098222  0.468735
 0.024558 -0.098222  0.468735
 0.024558 -0.098222  0.468735
 0.024558 -0.098222  0.468735
 0.024558 -0.098222  0.468735
 0.024558 -0.098222  0.468735
 0.024558 -0.098222  0.468735
 0.024558 -0.098222  0.468735
 0.024558 -0.098222  0.468735
 0.024558 -0.098222  0.468735
 0.024558 -0.098222  0.468735
 0.024558 -0.098222  0.468735
 0.024558 -0.098222  0.468735
 0.024558 -0.098222  0.468735
 0.024558 -0.098222  0.468735
 0.024558 -0.098222  0.468735
 0.024558 -0.098222  0.468735
 0.024558 -0.098222  0.468735
 0.024558 -0.098222  0.468735
 0.024558 -0.098222  0.468735
 0.024558 -0.098222  0.468735
 0.024558 -0.098222  0.468735
 0.024558 -0.098222  0.468735
 0.024558 -0.098222  0.468735
 0.024558 -0.098222  0.468735
 0.024558 -0.098222  0.468735
 0.024558 -0.098222  0.468735
 0.024558 -0.098222  0.468735
 0.024558 -0.098222  0.468735
 0.024558 -0.098222  0.468735
 0.024558 -0.098222  0.468735
 0.024558 -0.098222  0.468735
 0.024558 -0.098222  0.468735
 0.024558 -0.098222  0.468735
 0.024558 -0.098222  0.468735
 0.024558 -0.098222  0.468735
 0.024558 -0.098222  0.468735
 0.024558 -0.098222  0.468735
 0.024558 -0.098222  0.468735
 0.024558 -0.098222  0.468735
 0.024558 -0.098222  0.468735
 0.024558 -0.098222  0.468735
 0.024558 -0.098222  0.468735
 0.024558 -0.098222  0.468735
 0.024558 -0.098222  0.468735
 0.024558 -0.098222  0.468735
 0.024558 -0.098222  0.468735
 0.024558 -0.098222  0.468735
 0.024558 -0.098222  0.468735
 0.024558 -0.098222  0.468735
 0.024558 -0.098222  0.468735
 0.024558 -0.098222  0.468735
 0.024558 -0.098222  0.468735
 0.024558 -0.098222  0.468735
 0.024558 -0.098222  0.468735
 0.024558 -0.098222  0.468735
 0.024558 -0.098222  0.468735
 0.024558 -0.098222  0.468735
 0.024558 -0.098222  0.468735
 0.024558 -0.098222  0.468735
 0.024558 -0.098222  0.468735
 0.024558 -0.098222  0.468735
 0.024558 -0.098222  0.468735
 0.024558 -0.098222  0.468735
 0.024558 -0.098222  0.468735
 0.024558 -0.098222  0.468735
 0.024558 -0.098222  0.468735
 0.024558 -0.098222  0.468735
 0.024558 -0.098222  0.468735
 0.024558 -0.098222  0.468735
 0.024558 -0.098222  0.468735
 0.024558 -0.098222  0.468735
 0.024558 -0.098222  0.468735
 0.024558 -0.098222  0.468735
 0.024558 -0.098222  0.468735
 0.024558 -0.098222  0.468735
 0.024558 -0.098222  0.468735
 0.024558 -0.098222  0.468735
 0.024558 -0.098222  0.468735
 0.024558 -0.098222  0.468735
 0.024558 -0.098222  0.468735
 0.024558 -0.098222  0.468735
 0.024558 -0.098222  0.468735
 0.024558 -0.098222  0.468735
 0.024558 -0.098222  0.468735
 0.024558 -0.098222  0.468735
 0.024558 -0.098222  0.468735
 0.024558 -0.098222  0.468735
 0.024558 -0.098222  0.468735
 0.024558 -0.098222  0.468735
 0.024558 -0.098222  0.468735
 0.024558 -0.098222  0.468735
 0.024558 -0.098222  0.468735
 0.024558 -0.098222  0.468735
 0.024558 -0.098222  0.468735
 0.024558 -0.098222  0.468735
 0.024558 -0.098222  0.468735
 0.024558 -0.098222  0.468735
 0.024558 -0.098222  0.468735
 0.024558 -0.098222  0.468735
 0.024558 -0.098222  0.468735
 0.024558 -0.098222  0.468735
 0.024558 -0.098222  0.468735
 0.024558 -0.098222  0.468735
 0.024558 -0.098222  0.468735
 0.024558 -0.098222  0.468735
 0.024558 -0.098222  0.468735
 0.024558 -0.098222  0.468735
 0.024558 -0.098222  0.468735
 0.024558 -0.098222  0.468735
 0.024558 -0.098222  0.468735
 0.024558 -0.098222  0.468735
 0.024558 -0.098222  0.468735
 0.024558 -0.098222  0.468735
 0.024558 -0.098222  0.468735
 0.024558 -0.098222  0.468735
 0.024558 -0.098222  0.468735
 0.024558 -0.098222  0.468735
 0.024558 -0.098222  0.468735
 0.024558 -0.098222  0.468735
 0.024558 -0.098222  0.468735
 0.024558 -0.098222  0.468735
 0.024558 -0.098222  0.468735
 0.024558 -0.098222  0.468735
 0.024558 -0.098222  0.468735
 0.024558 -0.098222  0.468735
 0.024558 -0.098222  0.468735
 0.024558 -0.098222  0.468735
 0.024558 -0.098222  0.468735
 0.024558 -0.098222  0.468735
 0.024558 -0.098222  0.468735
 0.024558 -0.098222  0.468735
 0.024558 -0.098222  0.468735
 0.024558 -0.098222  0.468735
 0.024558 -0.098222  0.468735
 0.024558 -0.098222  0.468735
 0.024558 -0.098222  0.468735
 0.024558 -0.098222  0.468735
 0.024558 -0.098222  0.468735
 0.024558 -0.098222  0.468735
 0.024558 -0.098222  0.468735
 0.024558 -0.098222  0.468735
 0.024558 -0.098222  0.468735
 0.024558 -0.098222  0.468735
 0.024558 -0.098222  0.468735
 0.024558 -0.098222  0.468735
 0.024558 -0.098222  0.468735
 0.024558 -0.098222  0.468735
 0.024558 -0.098222  0.468735
 0.024558 -0.098222  0.468735
 0.024558 -0.098222  0.468735
 0.024558 -0.098222  0.468735
 0.024558 -0.098222  0.468735
 0.024558 -0.098222  0.468735
 0.024558 -0.098222  0.468735
 0.024558 -0.098222  0.468735
 0.024558 -0.098222  0.468735
 0.024558 -0.098222  0.468735
 0.024558 -0.098222  0.468735
 0.024558 -0.098222  0.468735
 0.024558 -0.098222  0.468735
 0.024558 -0.098222  0.468735
 0.024558 -0.098222  0.468735
 0.024558 -0.098222  0.468735
 0.024558 -0.098222  0.468735
 0.024558 -0.098222  0.468735
 0.024558 -0.098222  0.468735
 0.024558 -0.098222  0.468735
 0.024558 -0.098222  0.468735
 0.024558 -0.098222  0.468735
 0.024558 -0.098222  0.468735
 0.024558 -0.098222  0.468735
 0.024558 -0.098222  0.468735
 0.024558 -0.098222  0.468735
 0.024558 -0.098222  0.468735
 0.024558 -0.098222  0.468735
 0.024558 -0.098222  0.468735
 0.024558 -0.098222  0.468735
 0.024558 -0.098222  0.468735
 0.024558 -0.098222  0.468735
 0.024558 -0.098222  0.468735
 0.024558 -0.098222  0.468735
 0.024558 -0.098222  0.468735
 0.024558 -0.098222  0.468735
 0.024558 -0.098222  0.468735
 0.024558 -0.098222  0.468735
 0.024558 -0.098222  0.468735
 0.024558 -0.098222  0.468735
 0.024558 -0.098222  0.468735
 0.024558 -0.098222  0.468735
 0.024558 -0.098222  0.468735
 0.024558 -0.098222  0.468735
 0.024558 -0.098222  0.468735
 0.024558 -0.098222  0.468735
 0.024558 -0.098222  0.468735
 0.024558 -0.098222  0.468735
 0.024558 -0.098222  0.468735
 0.024558 -0.098222  0.468735
 0.024558 -0.098222  0.468735
 0.024558 -0.098222  0.468735
 0.024558 -0.098222  0.468735
 0.024558 -0.098222  0.468735
 0.024558 -0.098222  0.468735
 0.024558 -0.098222  0.468735
 0.024558 -0.098222  0.468735
 0.024558 -0.098222  0.468735
 0.024558 -0.098222  0.468735
 0.024558 -0.098222  0.468735
 0.024558 -0.098222  0.468735
 0.024558 -0.098222  0.468735
 0.024558 -0.098222  0.468735
 0.024558 -0.098222  0.468735
 0.024558 -0.098222  0.468735
 0.024558 -0.098222  0.468735
 0.024558 -0.098222  0.468735
 0.024558 -0.098222  0.468735
 0.024558 -0.098222  0.468735
 0.024558 -0.098222  0.468735
 0.024558 -0.098222  0.468735
 0.024558 -0.098222  0.468735
 0.024558 -0.098222  0.468735
 0.024558 -0.098222  0.468735
 0.024558 -0.098222  0.468735
 0.024558 -0.098222  0.468735
 0.024558 -0.098222  0.468735
 0.024558 -0.098222  0.468735
 0.024558 -0.098222  0.468735
 0.024558 -0.098222  0.468735
 0.024558 -0.098222  0.468735
 0.024558 -0.098222  0.468735
 0.024558 -0.098222  0.468735
 0.024558 -0.098222  0.468735
 0.024558 -0.098222  0.468735
 0.024558 -0.098222  0.468735
 0.024558 -0.098222  0.468735
 0.024558 -0.098222  0.468735
 0.024558 -0.098222  0.468735
 0.024558 -0.098222  0.468735
 0.024558 -0.098222  0.468735
 0.024558 -0.098222  0.468735
 0.024558 -0.098222  0.468735
 0.024558 -0.098222  0.468735
 0.024558 -0.098222  0.468735
 0.024558 -0.098222  0.468735
 0.024558 -0.098222  0.468735
 0.024558 -0.098222  0.468735
 0.024558 -0.098222  0.468735
 0.024558 -0.098222  0.468735
 0.024558 -0.098222  0.468735
 0.024558 -0.098222  0.468735
 0.024558 -0.098222  0.468735
 0.024558 -0.098222  0.468735
 0.024558 -0.098222  0.468735
 0.024558 -0.098222  0.468735
 0.024558 -0.098222  0.468735
 0.024558 -0.098222  0.468735
 0.024558 -0.098222  0.468735
 0.024558 -0.098222  0.468735
 0.024558 -0.098222  0.468735
 0.024558 -0.098222  0.468735
 0.024558 -0.098222  0.468735
 0.024558 -0.098222  0.468735
 0.024558 -0.098222  0.468735
 0.024558 -0.098222  0.468735
 0.024558 -0.098222  0.468735
 0.024558 -0.098222  0.468735
 0.024558 -0.098222  0.468735
 0.024558 -0.098222  0.468735
 0.024558 -0.098222  0.468735
 0.024558 -0.098222  0.468735
 0.024558 -0.098222  0.468735
 0.024558 -0.098222  0.468735
 0.024558 -0.098222  0.468735
 0.024558 -0.098222  0.468735
 0.024558 -0.098222  0.468735
 0.024558 -0.098222  0.468735
 0.024558 -0.098222  0.468735
 0.024558 -0.098222  0.468735
 0.024558 -0.098222  0.468735
 0.024558 -0.098222  0.468735
 0.024558 -0.098222  0.468735
 0.024558 -0.098222  0.468735
 0.024558 -0.098222  0.468735
 0.024558 -0.098222  0.468735
 0.024558 -0.098222  0.468735
 0.024558 -0.098222  0.468735
 0.024558 -0.098222  0.468735
 0.024558 -0.098222  0.468735
 0.024558 -0.098222  0.468735
 0.024558 -0.098222  0.468735
 0.024558 -0.098222  0.468735
 0.024558 -0.098222  0.468735
 0.024558 -0.098222  0.468735
 0.024558 -0.098222  0.468735
 0.024558 -0.098222  0.468735
 0.024558 -0.098222  0.468735
 0.024558 -0.098222  0.468735
 0.024558 -0.098222  0.468735
 0.024558 -0.098222  0.468735
 0.024558 -0.098222  0.468735
 0.024558 -0.098222  0.468735
 0.024558 -0.098222  0.468735
 0.024558 -0.098222  0.468735
 0.024558 -0.098222  0.468735
 0.024558 -0.098222  0.468735
 0.024558 -0.098222  0.468735
 0.024558 -0.098222  0.468735
 0.024558 -0.098222  0.468735
 0.024558 -0.098222  0.468735
 0.024558 -0.098222  0.468735
 0.024558 -0.098222  0.468735
 0.024558 -0.098222  0.468735
 0.024558 -0.098222  0.468735
 0.024558 -0.098222  0.468735
 0.024558 -0.098222  0.468735
 0.024558 -0.098222  0.468735
 0.024558 -0.098222  0.468735
 0.024558 -0.098222  0.468735
 0.024558 -0.098222  0.468735
 0.024558 -0.098222  0.468735
 0.024558 -0.098222  0.468735
 0.024558 -0.098222  0.468735
 0.024558 -0.098222  0.468735
 0.024558 -0.098222  0.468735
 0.024558 -0.098222  0.468735
 0.024558 -0.098222  0.468735
 0.024558 -0.098222  0.468735
 0.024558 -0.098222  0.468735
 0.024558 -0.098222  0.468735
 0.024558 -0.098222  0.468735
 0.024558 -0.098222  0.468735
 0.024558 -0.098222  0.468735
 0.024558 -0.098222  0.468735
 0.024558 -0.098222  0.468735
 0.024558 -0.098222  0.468735
 0.024558 -0.098222  0.468735
 0.024558 -0.098222  0.468735
 0.024558 -0.098222  0.468735
 0.024558 -0.098222  0.468735
 0.024558 -0.098222  0.468735
 0.024558 -0.098222  0.468735
 0.024558 -0.098222  0.468735
 0.024558 -0.098222  0.468735
 0.024558 -0.098222  0.468735
 0.024558 -0.098222  0.468735
 0.024558 -0.098222  0.468735
 0.024558 -0.098222  0.468735
 0.024558 -0.098222  0.468735
 0.024558 -0.098222  0.468735
 0.024558 -0.098222  0.468735
 0.024558 -0.098222  0.468735
 0.024558 -0.098222  0.468735
 0.024558 -0.098222  0.468735
 0.024558 -0.098222  0.468735
 0.024558 -0.098222  0.468735
 0.024558 -0.098222  0.468735
 0.024558 -0.098222  0.468735
 0.024558 -0.098222  0.468735
 0.024558 -0.098222  0.468735
 0.024558 -0.098222  0.468735
 0.024558 -0.098222  0.468735
 0.024558 -0.098222  0.468735
 0.024558 -0.098222  0.468735
 0.024558 -0.098222  0.468735
 0.024558 -0.098222  0.468735
 0.024558 -0.098222  0.468735
 0.024558 -0.098222  0.468735
 0.024558 -0.098222  0.468735
 0.024558 -0.098222  0.468735
 0.024558 -0.098222  0.468735
 0.024558 -0.098222  0.468735
 0.024558 -0.098222  0.468735
 0.024558 -0.098222  0.468735
 0.024558 -0.098222  0.468735
 0.024558 -0.098222  0.468735
 0.024558 -0.098222  0.468735
 0.024558 -0.098222  0.468735
 0.024558 -0.098222  0.468735
 0.024558 -0.098222  0.468735
 0.024558 -0.098222  0.468735
 0.024558 -0.098222  0.468735
 0.024558 -0.098222  0.468735
 0.024558 -0.098222  0.468735
 0.024558 -0.098222  0.468735
 0.024558 -0.098222  0.468735
 0.024558 -0.098222  0.468735
 0.024558 -0.098222  0.468735
 0.024558 -0.098222  0.468735
 0.024558 -0.098222  0.468735
 0.024558 -0.098222  0.468735
 0.024558 -0.098222  0.468735
 0.024558 -0.098222  0.468735
 0.024558 -0.098222  0.468735
 0.024558 -0.098222  0.468735
 0.024558 -0.098222  0.468735
 0.024558 -0.098222  0.468735
 0.024558 -0.098222  0.468735
 0.024558 -0.098222  0.468735
 0.024558 -0.098222  0.468735
 0.024558 -0.098222  0.468735
 0.024558 -0.098222  0.468735
 0.024558 -0.098222  0.468735
 0.024558 -0.098222  0.468735
 0.024558 -0.098222  0.468735
 0.024558 -0.098222  0.468735
 0.024558 -0.098222  0.468735
 0.024558 -0.098222  0.468735
 0.024558 -0.098222  0.468735
 0.024558 -0.098222  0.468735
 0.024558 -0.098222  0.468735
 0.024558 -0.098222  0.468735
 0.024558 -0.098222  0.468735
 0.024558 -0.098222  0.468735
 0.024558 -0.098222  0.468735
 0.024558 -0.098222  0.468735
 0.024558 -0.098222  0.468735
 0.024558 -0.098222  0.468735
 0.024558 -0.098222  0.468735
 0.024558 -0.098222  0.468735
 0.024558 -0.098222  0.468735
 0.024558 -0.098222  0.468735
 0.024558 -0.098222  0.468735
 0.024558 -0.098222  0.468735
 0.024558 -0.098222  0.468735
 0.024558 -0.098222  0.468735
 0.024558 -0.098222  0.468735
 0.024558 -0.098222  0.468735
 0.024558 -0.098222  0.468735
 0.024558 -0.098222  0.468735
 0.024558 -0.098222  0.468735
 0.024558 -0.098222  0.468735
 0.024558 -0.098222  0.468735
 0.024558 -0.098222  0.468735
 0.024558 -0.098222  0.468735
 0.024558 -0.098222  0.468735
 0.024558 -0.098222  0.468735
 0.024558 -0.098222  0.468735
 0.024558 -0.098222  0.468735
 0.024558 -0.098222  0.468735
 0.024558 -0.098222  0.468735
 0.024558 -0.098222  0.468735
 0.024558 -0.098222  0.468735
 0.024558 -0.098222  0.468735
 0.024558 -0.098222  0.468735
 0.024558 -0.098222  0.468735
 0.024558 -0.098222  0.468735
 0.024558 -0.098222  0.468735
 0.024558 -0.098222  0.468735
 0.024558 -0.098222  0.468735
 0.024558 -0.098222  0.468735
 0.024558 -0.098222  0.468735
 0.024558 -0.098222  0.468735
 0.024558 -0.098222  0.468735
 0.024558 -0.098222  0.468735
 0.024558 -0.098222  0.468735
 0.024558 -0.098222  0.468735
 0.024558 -0.098222  0.468735
 0.024558 -0.098222  0.468735
 0.024558 -0.098222  0.468735
 0.024558 -0.098222  0.468735
 0.024558 -0.098222  0.468735
 0.024558 -0.098222  0.468735
 0.024558 -0.098222  0.468735
 0.024558 -0.098222  0.468735
 0.024558 -0.098222  0.468735
 0.024558 -0.098222  0.468735
 0.024558 -0.098222  0.468735
 0.024558 -0.098222  0.468735
 0.024558 -0.098222  0.468735
 0.024558 -0.098222  0.468735
 0.024558 -0.098222  0.468735
 0.024558 -0.098222  0.468735
 0.024558 -0.098222  0.468735
 0.024558 -0.098222  0.468735
 0.024558 -0.098222  0.468735
 0.024558 -0.098222  0.468735
 0.024558 -0.098222  0.468735
 0.024558 -0.098222  0.468735
 0.024558 -0.098222  0.468735
 0.024558 -0.098222  0.468735
 0.024558 -0.098222  0.468735
 0.024558 -0.098222  0.468735
 0.024558 -0.098222  0.468735
 0.024558 -0.098222  0.468735
 0.024558 -0.098222  0.468735
 0.024558 -0.098222  0.468735
 0.024558 -0.098222  0.468735
 0.024558 -0.098222  0.468735
 0.024558 -0.098222  0.468735
 0.024558 -0.098222  0.468735
 0.024558 -0.098222  0.468735
 0.024558 -0.098222  0.468735
 0.024558 -0.098222  0.468735
 0.024558 -0.098222  0.468735
 0.024558 -0.098222  0.468735
 0.024558 -0.098222  0.468735
 0.024558 -0.098222  0.468735
 0.024558 -0.098222  0.468735
 0.024558 -0.098222  0.468735
