0.0166487 -0.105391  0.508466
 0.016647 -0.105389  0.508466
0.0166446  -0.10539  0.508465
0.0166404  -0.10539  0.508464
0.0166372 -0.105389  0.508463
0.0166323 -0.105387  0.508463
0.0166271 -0.105388  0.508462
0.0166202 -0.105387  0.508461
0.0166153 -0.105387   0.50846
0.0166092 -0.105385  0.508459
0.0166024 -0.105385  0.508458
0.0165977 -0.105385  0.508457
0.0165922 -0.105384  0.508457
 0.016587 -0.105385  0.508455
0.0165813 -0.105385  0.508454
0.0165772 -0.105387  0.508453
0.0165736 -0.105385  0.508452
0.0165716 -0.105386   0.50845
0.0165683 -0.105386  0.508449
0.0165674 -0.105385  0.508448
0.0165657 -0.105385  0.508446
0.0165662 -0.105384  0.508445
 0.016566 -0.105383  0.508443
0.0165673 -0.105384   0.50844
0.0165695 -0.105382  0.508438
0.0165724  -0.10538  0.508435
0.0165761 -0.105377  0.508433
0.0165805 -0.105374   0.50843
0.0165863 -0.105371  0.508426
0.0165912 -0.105366  0.508423
0.0165977  -0.10536   0.50842
0.0166049 -0.105355  0.508415
0.0166128 -0.105347  0.508411
0.0166212 -0.105342  0.508406
0.0166303 -0.105333  0.508401
0.0166399 -0.105325  0.508396
0.0166505 -0.105314   0.50839
0.0166616 -0.105305  0.508383
0.0166736 -0.105294  0.508377
 0.016687 -0.105282  0.508369
0.0166992  -0.10527  0.508362
 0.016713 -0.105256  0.508354
0.0167275 -0.105243  0.508345
0.0167429 -0.105228  0.508336
0.0167589 -0.105213  0.508326
0.0167756 -0.105198  0.508316
0.0167932 -0.105183  0.508305
0.0168118 -0.105165  0.508294
 0.016831 -0.105149  0.508281
0.0168513 -0.105129  0.508269
0.0168723 -0.105111  0.508256
0.0168945 -0.105092  0.508242
0.0169175 -0.105072  0.508227
0.0169437 -0.105044  0.508212
0.0169666 -0.105031  0.508196
0.0169942 -0.105004  0.508179
0.0170224 -0.104982  0.508162
0.0170507 -0.104959  0.508144
0.0170801 -0.104937  0.508125
0.0171097 -0.104914  0.508105
0.0171423  -0.10489  0.508084
0.0171751 -0.104865  0.508063
0.0172082  -0.10484  0.508041
0.0172442 -0.104814  0.508018
0.0172822 -0.104787  0.507994
0.0173198 -0.104761  0.507969
0.0173587 -0.104732  0.507944
0.0173988 -0.104705  0.507917
0.0174392 -0.104677  0.507889
0.0174826 -0.104647   0.50786
0.0175264 -0.104616   0.50783
0.0175705 -0.104585  0.507799
0.0176176 -0.104553  0.507767
0.0176642  -0.10452  0.507734
0.0177138 -0.104487  0.507699
0.0177639 -0.104452  0.507664
0.0178151 -0.104418  0.507626
0.0178677 -0.104381  0.507588
0.0179215 -0.104345  0.507548
0.0179775 -0.104308  0.507508
0.0180339 -0.104269  0.507466
0.0180916  -0.10423  0.507422
0.0181517 -0.104188  0.507372
 0.018212 -0.104146  0.507325
0.0182735 -0.104105  0.507276
0.0183363 -0.104062  0.507226
0.0183984 -0.104018   0.50718
0.0184639 -0.103972  0.507126
0.0185308 -0.103927  0.507071
0.018599 -0.10388 0.507014
0.0186699 -0.103835  0.506956
0.0187408 -0.103786  0.506896
0.0188116 -0.103736  0.506832
0.0188867 -0.103686  0.506769
0.0189618 -0.103634  0.506702
0.0190382 -0.103583  0.506633
 0.019116 -0.103529  0.506563
0.0191955 -0.103472  0.506482
0.0192759 -0.103418  0.506406
0.0193575 -0.103362  0.506329
0.0194404 -0.103306  0.506249
0.0195244 -0.103248  0.506166
0.0196097 -0.103189  0.506082
0.019696 -0.10313 0.505995
0.0197898  -0.10307  0.505903
0.0198718  -0.10301  0.505813
0.0199676 -0.102948  0.505717
0.0200579 -0.102886   0.50562
0.0201489 -0.102824   0.50552
0.0202408  -0.10276  0.505418
 0.020333 -0.102698  0.505314
0.0204256 -0.102633  0.505207
0.0205187 -0.102568  0.505097
0.0206121 -0.102504  0.504985
0.0207058 -0.102439   0.50487
0.0208022 -0.102377  0.504754
0.0208962 -0.102311  0.504633
0.0209903 -0.102245  0.504511
0.0210843  -0.10218  0.504385
0.0211783 -0.102114  0.504256
0.0212722 -0.102049  0.504125
0.0213659 -0.101983   0.50399
0.0214593 -0.101917  0.503853
0.021549 -0.10184 0.503701
0.0216416 -0.101775  0.503558
0.0217337 -0.101709  0.503413
0.0218256 -0.101644  0.503264
0.0219172 -0.101581  0.503112
0.0220191 -0.101515  0.502953
0.0221101 -0.101453  0.502795
0.0222002 -0.101388  0.502635
0.0222902 -0.101325  0.502471
0.0223792 -0.101262  0.502305
0.022468  -0.1012 0.502136
0.0225558 -0.101139  0.501963
0.0226438 -0.101077  0.501789
0.0227303 -0.101015  0.501611
0.0228196 -0.100957  0.501433
0.0229061 -0.100897   0.50125
0.0229894 -0.100839  0.501063
0.0230729  -0.10078  0.500874
0.0231571  -0.10072  0.500681
0.0232378 -0.100664  0.500486
0.0233187 -0.100606  0.500288
0.0234001  -0.10055  0.500087
 0.023478 -0.100494  0.499884
0.0235558 -0.100438  0.499678
 0.023634 -0.100383  0.499469
0.0237088 -0.100328  0.499259
0.0237836 -0.100274  0.499046
0.0238588 -0.100221   0.49883
0.0239306 -0.100169  0.498612
0.0240048 -0.100114  0.498365
0.0240746 -0.100061  0.498144
0.0241437  -0.10001  0.497919
 0.024213 -0.099961  0.497692
 0.0242802 -0.0999112   0.497462
 0.0243454 -0.0998621   0.497232
 0.0244111 -0.0998141      0.497
 0.0244747 -0.0997659   0.496765
 0.0245371 -0.0997199    0.49653
 0.0245981 -0.0996733   0.496293
 0.0246576 -0.0996285   0.496055
 0.0247165 -0.0995837   0.495816
  0.024774 -0.0995412   0.495575
 0.0247969 -0.0994868   0.495302
 0.0248515 -0.0994447   0.495059
 0.0249055 -0.0994043   0.494815
 0.0249954 -0.0993757   0.494606
 0.0250472 -0.0993373   0.494359
  0.025098 -0.0992988    0.49411
 0.0251161 -0.0992509   0.493826
0.0251956 -0.099226  0.493608
 0.0252113 -0.0991813   0.493325
 0.0252566 -0.0991466   0.493074
 0.0253008 -0.0991145   0.492823
 0.0253435 -0.0990817   0.492571
 0.0253853 -0.0990511   0.492318
 0.0254257 -0.0990209   0.492064
 0.0254944 -0.0990043   0.491843
 0.0255034 -0.0989649   0.491554
 0.0255402 -0.0989384     0.4913
 0.0255751 -0.0989142   0.491047
 0.0256221 -0.0988863   0.490788
 0.0256402 -0.0988665   0.490544
 0.0256844 -0.0988413   0.490286
 0.0257132 -0.0988208   0.490037
 0.0257408 -0.0988006   0.489788
 0.0257667 -0.0987825   0.489541
0.0257785 -0.098763  0.489275
 0.0258017 -0.0987461   0.489032
 0.0258236 -0.0987314   0.488791
 0.0258441 -0.0987166   0.488552
 0.0258873 -0.0987137   0.488346
 0.0259051 -0.0987008   0.488112
 0.0258989 -0.0986799   0.487849
 0.0259152 -0.0986694   0.487619
0.0259301  -0.09866  0.487393
 0.0259455 -0.0986511   0.487172
 0.0259598 -0.0986417   0.486951
 0.0259933 -0.0986435   0.486762
 0.0260055 -0.0986354   0.486545
 0.0259986 -0.0986181   0.486302
 0.0260301 -0.0986217   0.486117
 0.0260215 -0.0986055   0.485879
 0.0260336 -0.0985997   0.485671
 0.0260442 -0.0985937   0.485465
 0.0260732 -0.0985966   0.485289
  0.026066 -0.0985812    0.48506
 0.0260937 -0.0985855   0.484887
 0.0260865 -0.0985691    0.48466
 0.0260968 -0.0985643   0.484462
  0.026106 -0.0985588   0.484267
 0.0261314 -0.0985648   0.484101
 0.0261412 -0.0985598   0.483909
 0.0261506 -0.0985544    0.48372
 0.0261434 -0.0985381   0.483505
 0.0261515 -0.0985331    0.48332
 0.0261589 -0.0985278   0.483137
  0.026166 -0.0985232   0.482955
 0.0261814 -0.0985159    0.48277
  0.026187 -0.0985107   0.482592
0.0261932 -0.098507  0.482415
 0.0261997 -0.0985029    0.48224
 0.0262046 -0.0984998   0.482066
  0.026223 -0.0985105   0.481919
 0.0262276 -0.0985074   0.481749
 0.0262318 -0.0985048    0.48158
 0.0262354 -0.0985033   0.481412
 0.0262384 -0.0985015   0.481247
 0.0262289 -0.0984863   0.481061
 0.0262305 -0.0984859   0.480902
 0.0262313 -0.0984847   0.480746
 0.0262318 -0.0984838   0.480592
 0.0262318 -0.0984828    0.48044
  0.026223 -0.0984858   0.480275
 0.0262228 -0.0984851   0.480127
 0.0262237 -0.0984867   0.479983
 0.0262233 -0.0984875   0.479839
 0.0262229 -0.0984874   0.479697
 0.0262227 -0.0984883   0.479557
 0.0262224 -0.0984891   0.479418
 0.0262223 -0.0984908   0.479281
 0.0262224 -0.0984922   0.479145
 0.0262227 -0.0984936    0.47901
 0.0262231 -0.0984952   0.478878
 0.0262238 -0.0984985   0.478746
 0.0262248 -0.0985003   0.478617
 0.0262259 -0.0985028   0.478489
 0.026227 -0.098505  0.478363
 0.0262322 -0.0985058   0.478237
 0.0262334 -0.0985095   0.478115
 0.0262347 -0.0985119   0.477995
 0.0262358 -0.0985144   0.477876
 0.0262372 -0.0985173    0.47776
 0.0262384 -0.0985207   0.477645
 0.0262397 -0.0985237   0.477532
 0.0262408 -0.0985265   0.477421
 0.0262389 -0.0985289   0.477303
 0.0262399 -0.0985317   0.477196
 0.0262409 -0.0985345    0.47709
0.0262417 -0.098538  0.476986
 0.0262424 -0.0985411   0.476884
 0.0262429 -0.0985438   0.476784
 0.0262433 -0.0985464   0.476685
 0.0262437 -0.0985502   0.476588
 0.0262437 -0.0985528   0.476493
 0.0262439 -0.0985557     0.4764
 0.0262439 -0.0985584   0.476308
 0.0262438 -0.0985606   0.476217
 0.0262438 -0.0985644   0.476128
 0.0262435 -0.0985667    0.47604
 0.0262434 -0.0985695   0.475953
  0.026243 -0.0985719   0.475868
 0.0262431 -0.0985745   0.475784
 0.0262429 -0.0985776   0.475702
 0.0262425 -0.0985798    0.47562
 0.0262423 -0.0985825   0.475539
 0.0262439 -0.0985845   0.475459
 0.0262436 -0.0985878    0.47538
0.0262432  -0.09859  0.475303
 0.0262429 -0.0985924   0.475226
 0.0262424 -0.0985945   0.475151
 0.0262418 -0.0985965   0.475077
 0.0262415 -0.0985996   0.475004
 0.0262408 -0.0986016   0.474932
 0.0262405 -0.0986039   0.474861
 0.0262399 -0.0986059   0.474791
 0.0262362 -0.0986098   0.474715
0.0262358 -0.098612  0.474648
 0.0262359 -0.0986138   0.474582
 0.0262355 -0.0986161   0.474516
 0.0262348 -0.0986185   0.474452
 0.0262343 -0.0986205   0.474389
 0.0262337 -0.0986221   0.474327
 0.0262332 -0.0986239   0.474266
 0.0262327 -0.0986267   0.474206
 0.0262335 -0.0986289   0.474147
0.0262332 -0.098631   0.47409
 0.0262328 -0.0986326   0.474033
 0.0262329 -0.0986347   0.473977
 0.0262326 -0.0986371   0.473923
 0.0262325 -0.0986387   0.473869
 0.0262324 -0.0986402   0.473816
 0.0262324 -0.0986421   0.473764
 0.0262324 -0.0986434   0.473713
 0.0262325 -0.0986459   0.473662
 0.0262325 -0.0986471   0.473613
 0.0262325 -0.0986484   0.473564
 0.0262327 -0.0986499   0.473516
 0.0262327 -0.0986512   0.473468
 0.0262329 -0.0986536   0.473421
  0.026233 -0.0986544   0.473376
  0.026231 -0.0986505   0.473325
 0.0262321 -0.0986539   0.473281
  0.026233 -0.0986567   0.473239
0.0262331 -0.098658  0.473196
 0.0262336 -0.0986589   0.473154
 0.0262337 -0.0986609   0.473112
 0.0262336 -0.0986617   0.473071
 0.0262342 -0.0986645   0.473031
 0.0262328 -0.0986636   0.472992
 0.0262327 -0.0986648   0.472953
 0.0262324 -0.0986654   0.472915
 0.0262323 -0.0986674   0.472878
 0.0262319 -0.0986681   0.472841
 0.0262316 -0.0986692   0.472805
 0.0262312 -0.0986701    0.47277
0.0262309 -0.098671  0.472736
 0.0262294 -0.0986707     0.4727
0.0262317 -0.098679  0.472673
 0.0262293 -0.0986741   0.472635
 0.0262287 -0.0986748   0.472603
 0.0262282 -0.0986759   0.472571
 0.0262275 -0.0986763   0.472539
 0.026227 -0.098678  0.472508
 0.0262262 -0.0986786   0.472477
 0.0262255 -0.0986795   0.472447
0.0262245  -0.09868  0.472417
0.0262237 -0.098681  0.472387
 0.0262227 -0.0986814   0.472358
0.0262217 -0.098683  0.472329
 0.0262205 -0.0986836     0.4723
 0.0262193 -0.0986845   0.472272
 0.0262184 -0.0986853   0.472245
0.0262134 -0.098667   0.47219
  0.026212 -0.0986686   0.472163
 0.0262103 -0.0986693   0.472137
 0.0262087 -0.0986705   0.472112
 0.0262069 -0.0986715   0.472087
 0.0262051 -0.0986733   0.472062
 0.0262032 -0.0986745   0.472039
 0.0262014 -0.0986772   0.472015
 0.0261993 -0.0986791   0.471993
 0.0261974 -0.0986813    0.47197
 0.0261953 -0.0986835   0.471949
 0.0261933 -0.0986862   0.471927
 0.0261912 -0.0986885   0.471907
 0.0261892 -0.0986911   0.471886
 0.0261871 -0.0986944   0.471866
  0.026185 -0.0986968   0.471846
  0.026183 -0.0986996   0.471827
  0.026181 -0.0987019   0.471807
 0.0261791 -0.0987045   0.471788
 0.0261772 -0.0987064   0.471769
 0.0261754 -0.0987093    0.47175
 0.0261739 -0.0987111   0.471732
  0.026173 -0.0987166   0.471714
 0.0261711 -0.0987179   0.471696
 0.0261693 -0.0987196   0.471678
 0.0261674 -0.0987206    0.47166
 0.0261661 -0.0987216   0.471641
 0.0261636 -0.0987229   0.471624
0.0261594 -0.098721  0.471603
0.0261577 -0.098722  0.471586
 0.0261555 -0.0987221   0.471569
 0.0261535 -0.0987224   0.471552
 0.0261512 -0.0987231   0.471535
 0.026149 -0.098723  0.471518
 0.0261465 -0.0987226   0.471502
 0.0261442 -0.0987225   0.471486
0.0261416 -0.098722   0.47147
 0.0261391 -0.0987217   0.471454
 0.0261363 -0.0987212   0.471439
 0.026134 -0.098723  0.471424
 0.0261309 -0.0987208   0.471409
  0.026128 -0.0987222   0.471394
  0.026125 -0.0987215   0.471379
0.0261222 -0.098721  0.471365
 0.0261191 -0.0987202    0.47135
 0.0261167 -0.0987199   0.471336
0.0261135 -0.098719  0.471322
 0.0261106 -0.0987185   0.471308
 0.0261074 -0.0987182   0.471295
 0.0261044 -0.0987174   0.471281
 0.0261012 -0.0987166   0.471267
 0.0260979 -0.0987155   0.471254
 0.0260949 -0.0987147   0.471241
 0.0260916 -0.0987138   0.471228
 0.0260886 -0.0987131   0.471215
 0.0260853 -0.0987121   0.471202
 0.0260825 -0.0987123    0.47119
0.0260793 -0.098711  0.471177
 0.0260759 -0.0987062   0.471164
 0.0260729 -0.0987055   0.471151
 0.0260697 -0.0987045   0.471139
 0.0260666 -0.0987039   0.471127
0.0260635 -0.098703  0.471116
 0.0260604 -0.0987026   0.471104
 0.0260573 -0.0987017   0.471093
 0.0260543 -0.0987011   0.471081
 0.0260511 -0.0987012    0.47107
 0.0260481 -0.0987008   0.471059
  0.026045 -0.0987003   0.471048
 0.0260424 -0.0987003   0.471037
 0.0260389 -0.0987015   0.471027
  0.026036 -0.0987014   0.471017
 0.0260328 -0.0987009   0.471006
 0.0260298 -0.0987007   0.470996
 0.0260266 -0.0987001   0.470986
 0.0260236 -0.0987007   0.470975
 0.0260204 -0.0987002   0.470965
0.0260174   -0.0987  0.470955
 0.0260142 -0.0986994   0.470945
 0.0260113 -0.0986993   0.470936
0.0260063 -0.098697  0.470923
 0.0260038 -0.0986986   0.470914
 0.0260007 -0.0986979   0.470905
 0.0259975 -0.0986969   0.470895
 0.0259944 -0.0986966   0.470886
 0.0259911 -0.0986956   0.470877
0.0259881 -0.098695  0.470867
0.0259848 -0.098694  0.470858
 0.0259814 -0.0986949    0.47085
 0.0259781 -0.0986937   0.470841
  0.025975 -0.0986931   0.470832
 0.0259718 -0.0986926   0.470823
 0.0259688 -0.0986915   0.470814
 0.0259659 -0.0986907   0.470806
  0.025963 -0.0986897   0.470798
 0.0259598 -0.0986883    0.47079
 0.0259567 -0.0986871   0.470781
0.0259538 -0.098686  0.470773
 0.0259507 -0.0986846   0.470765
 0.0259478 -0.0986837   0.470757
 0.0259443 -0.0986776   0.470748
  0.025942 -0.0986774   0.470741
 0.0259392 -0.0986761   0.470733
 0.0259362 -0.0986756   0.470725
 0.0259334 -0.0986745   0.470717
 0.0259305 -0.0986731    0.47071
 0.0259277 -0.0986723   0.470702
0.0259248 -0.098671  0.470695
  0.025922 -0.0986702   0.470688
 0.0259192 -0.0986692   0.470681
 0.0259164 -0.0986684   0.470673
 0.0259135 -0.0986673   0.470666
 0.0259104 -0.0986681   0.470659
 0.0259075 -0.0986679   0.470653
 0.0259048 -0.0986672   0.470646
 0.0259019 -0.0986664   0.470639
 0.0258995 -0.0986662   0.470632
 0.0258967 -0.0986653   0.470625
 0.0258939 -0.0986649   0.470619
 0.0258896 -0.0986626    0.47061
 0.0258868 -0.0986617   0.470604
 0.0258841 -0.0986622   0.470597
  0.025882 -0.0986625   0.470591
 0.0258793 -0.0986619   0.470585
 0.0258764 -0.0986609   0.470578
 0.0258738 -0.0986603   0.470572
  0.025871 -0.0986592   0.470566
 0.0258683 -0.0986585   0.470559
 0.0258655 -0.0986576   0.470553
 0.0258629 -0.0986569   0.470547
 0.0258601 -0.0986558   0.470541
 0.0258575 -0.0986551   0.470535
 0.0258548 -0.0986546   0.470529
 0.0258522 -0.0986537   0.470523
 0.0258495 -0.0986526   0.470518
 0.0258469 -0.0986518   0.470512
 0.0258442 -0.0986507   0.470506
 0.0258417 -0.0986498     0.4705
  0.025839 -0.0986485   0.470495
 0.0258365 -0.0986478   0.470489
 0.0258339 -0.0986465   0.470484
 0.0258314 -0.0986456   0.470479
 0.0258288 -0.0986453   0.470473
 0.0258264 -0.0986441   0.470468
 0.0258238 -0.0986427   0.470463
 0.0258215 -0.0986419   0.470457
 0.0258189 -0.0986406   0.470452
 0.0258165 -0.0986396   0.470447
  0.025814 -0.0986385   0.470442
 0.0258115 -0.0986372   0.470437
 0.0258092 -0.0986363   0.470432
 0.0258067 -0.0986352   0.470427
 0.0258044 -0.0986343   0.470422
 0.0258019 -0.0986331   0.470417
0.0257996 -0.098633  0.470412
 0.0257972 -0.0986317   0.470407
 0.0257945 -0.0986318   0.470403
  0.025792 -0.0986308   0.470398
0.0257897  -0.09863  0.470393
 0.0257872 -0.0986288   0.470389
 0.025785 -0.098628  0.470384
 0.0257825 -0.0986268   0.470379
0.0257802 -0.098626  0.470374
0.0257778 -0.098625   0.47037
 0.0257755 -0.0986241   0.470365
 0.0257733 -0.0986233   0.470361
 0.0257706 -0.0986179   0.470355
 0.0257684 -0.0986169   0.470351
 0.0257659 -0.0986165   0.470347
 0.0257637 -0.0986156   0.470342
 0.0257613 -0.0986144   0.470338
 0.0257598 -0.0986146   0.470334
 0.0257574 -0.0986135    0.47033
 0.0257552 -0.0986127   0.470325
 0.0257522 -0.0986106   0.470321
 0.0257507 -0.0986109   0.470317
 0.0257485 -0.0986099   0.470313
 0.0257463 -0.0986091   0.470309
 0.0257442 -0.0986082   0.470305
 0.0257421 -0.0986082   0.470301
 0.0257399 -0.0986071   0.470297
 0.0257378 -0.0986065   0.470293
 0.0257356 -0.0986055   0.470289
 0.0257335 -0.0986048   0.470286
 0.0257313 -0.0986039   0.470282
 0.0257293 -0.0986032   0.470278
 0.0257271 -0.0986022   0.470275
 0.0257246 -0.0986025   0.470271
 0.0257224 -0.0986015   0.470268
 0.0257203 -0.0986007   0.470264
 0.0257181 -0.0985997    0.47026
 0.0257161 -0.0985997   0.470256
 0.0257139 -0.0985986   0.470253
 0.0257119 -0.0985979   0.470249
 0.0257097 -0.0985968   0.470246
 0.0257076 -0.0985961   0.470242
 0.0257055 -0.0985951   0.470239
 0.0257034 -0.0985943   0.470235
 0.0257013 -0.0985932   0.470232
 0.0256979 -0.0985916   0.470227
 0.0256959 -0.0985916   0.470223
 0.0256946 -0.0985916    0.47022
 0.0256927 -0.0985907   0.470217
 0.0256907 -0.0985899   0.470213
0.0256887 -0.098589   0.47021
 0.0256866 -0.0985878   0.470207
0.0256847 -0.098587  0.470203
 0.0256822 -0.0985867   0.470201
 0.0256803 -0.0985859   0.470197
 0.0256782 -0.0985848   0.470194
 0.0256764 -0.0985839   0.470191
 0.0256743 -0.0985828   0.470188
 0.0256725 -0.0985827   0.470185
 0.0256705 -0.0985813   0.470182
 0.0256686 -0.0985805   0.470179
 0.0256666 -0.0985793   0.470176
 0.0256648 -0.0985784   0.470173
 0.0256629 -0.0985773    0.47017
 0.0256608 -0.0985723   0.470166
 0.0256591 -0.0985713   0.470163
 0.0256571 -0.0985703   0.470161
  0.025656 -0.0985704   0.470158
 0.0256543 -0.0985695   0.470155
 0.0256526 -0.0985687   0.470152
 0.0256507 -0.0985678    0.47015
  0.025649 -0.0985669   0.470147
 0.0256472 -0.0985657   0.470144
 0.0256455 -0.0985659   0.470141
0.0256437 -0.098565  0.470139
  0.025642 -0.0985644   0.470136
 0.0256397 -0.0985643   0.470134
 0.0256381 -0.0985637   0.470131
 0.0256362 -0.0985629   0.470128
 0.0256345 -0.0985624   0.470126
 0.0256326 -0.0985616   0.470123
 0.0256309 -0.0985611    0.47012
  0.025629 -0.0985604   0.470118
 0.0256273 -0.0985597   0.470115
 0.0256254 -0.0985588   0.470113
0.0256237 -0.098559   0.47011
 0.0256218 -0.0985581   0.470108
 0.0256201 -0.0985577   0.470105
 0.0256172 -0.0985565   0.470101
 0.0256158 -0.0985565   0.470099
 0.0256141 -0.0985559   0.470096
 0.0256124 -0.0985553   0.470094
 0.0256107 -0.0985547   0.470092
 0.0256085 -0.0985545    0.47009
 0.0256068 -0.0985546   0.470087
 0.0256049 -0.0985534   0.470085
 0.0256033 -0.0985528   0.470082
 0.0256014 -0.0985517    0.47008
 0.0255998 -0.0985509   0.470078
  0.025598 -0.0985498   0.470075
 0.0255964 -0.0985491   0.470073
 0.0255948 -0.0985483   0.470071
  0.025593 -0.0985472   0.470069
 0.0255915 -0.0985464   0.470066
 0.0255897 -0.0985461   0.470064
 0.0255882 -0.0985451   0.470062
 0.0255865 -0.0985438    0.47006
 0.025585 -0.098543  0.470057
 0.0255833 -0.0985383   0.470055
 0.0255822 -0.0985379   0.470053
 0.0255807 -0.0985371   0.470051
0.0255791 -0.098536  0.470049
 0.0255778 -0.0985355   0.470047
  0.025576 -0.0985342   0.470045
  0.025574 -0.0985328   0.470042
 0.0255729 -0.0985326    0.47004
 0.0255715 -0.0985319   0.470038
 0.0255693 -0.0985301   0.470036
 0.0255678 -0.0985301   0.470034
 0.0255668 -0.0985301   0.470032
 0.0255653 -0.0985295   0.470031
 0.0255639 -0.0985291   0.470029
 0.0255625 -0.0985286   0.470027
 0.0255608 -0.0985278   0.470025
 0.0255594 -0.0985275   0.470023
 0.0255577 -0.0985268   0.470021
 0.0255559 -0.0985273    0.47002
 0.0255542 -0.0985264   0.470018
 0.0255527 -0.0985259   0.470016
0.0255511 -0.098526  0.470014
 0.0255496 -0.0985256   0.470012
 0.0255479 -0.0985248    0.47001
 0.0255464 -0.0985245   0.470008
 0.0255447 -0.0985237   0.470007
 0.0255431 -0.0985233   0.470005
 0.0255414 -0.0985226   0.470003
 0.0255399 -0.0985222   0.470001
 0.0255382 -0.0985211   0.469999
0.0255356 -0.098521  0.469996
 0.0255341 -0.0985205   0.469994
 0.0255331 -0.0985207   0.469992
 0.0255309 -0.0985191    0.46999
 0.0255295 -0.0985184   0.469989
 0.0255284 -0.0985182   0.469987
  0.025527 -0.0985177   0.469985
 0.0255254 -0.0985167   0.469984
  0.025524 -0.0985168   0.469982
 0.0255225 -0.0985157    0.46998
 0.0255212 -0.0985149   0.469978
 0.0255197 -0.0985139   0.469977
 0.0255184 -0.0985132   0.469975
 0.0255171 -0.0985123   0.469973
 0.0255158 -0.0985116   0.469972
 0.0255144 -0.0985106    0.46997
 0.0255132 -0.0985099   0.469969
 0.0255117 -0.0985089   0.469967
   0.02551 -0.0985088   0.469966
 0.0255086 -0.0985084   0.469965
 0.0255074 -0.0985079   0.469963
  0.025506 -0.0985068   0.469962
 0.0255047 -0.0985062    0.46996
 0.0255032 -0.0985053   0.469959
  0.025502 -0.0985047   0.469957
 0.0255005 -0.0985037   0.469956
 0.0254992 -0.0985032   0.469954
0.0254979 -0.098499  0.469952
 0.0254966 -0.0984986   0.469951
 0.0254956 -0.0984982    0.46995
 0.0254942 -0.0984976   0.469948
 0.0254927 -0.0984975   0.469947
0.0254913 -0.098497  0.469945
 0.0254898 -0.0984962   0.469944
 0.0254879 -0.0984951   0.469942
 0.0254869 -0.0984951   0.469941
 0.0254855 -0.0984947   0.469939
 0.025484 -0.098494  0.469938
 0.0254826 -0.0984937   0.469936
 0.0254811 -0.0984928   0.469935
 0.0254797 -0.0984923   0.469933
 0.0254784 -0.0984927   0.469932
  0.025477 -0.0984923   0.469931
 0.0254755 -0.0984916   0.469929
 0.0254742 -0.0984913   0.469928
 0.0254727 -0.0984906   0.469927
 0.0254714 -0.0984903   0.469925
0.0254702  -0.09849  0.469924
 0.0254687 -0.0984891   0.469923
 0.025467 -0.098489  0.469922
0.0254656 -0.098489   0.46992
0.0254648 -0.098488  0.469918
 0.0254629 -0.0984877   0.469918
 0.0254617 -0.0984872   0.469916
 0.0254603 -0.0984864   0.469915
 0.0254595 -0.0984855   0.469913
 0.0254581 -0.0984847   0.469912
 0.0254569 -0.0984843   0.469911
 0.0254556 -0.0984832    0.46991
 0.0254544 -0.0984834   0.469908
 0.0254529 -0.0984824   0.469907
 0.0254517 -0.0984818   0.469906
 0.0254505 -0.0984811   0.469905
 0.0254493 -0.0984807   0.469903
  0.025448 -0.0984798   0.469902
 0.0254463 -0.0984798   0.469901
 0.0254451 -0.0984793     0.4699
 0.0254438 -0.0984784   0.469899
 0.0254426 -0.0984778   0.469897
 0.0254412 -0.0984778   0.469896
 0.0254401 -0.0984774   0.469895
 0.0254387 -0.0984766   0.469894
 0.0254375 -0.0984761   0.469893
 0.0254361 -0.0984753   0.469892
  0.025435 -0.0984751    0.46989
 0.0254336 -0.0984743   0.469889
 0.0254324 -0.0984737   0.469888
  0.025431 -0.0984727   0.469887
 0.0254298 -0.0984729   0.469886
 0.0254285 -0.0984724   0.469885
 0.0254273 -0.0984719   0.469883
 0.025426 -0.098471  0.469882
 0.0254248 -0.0984706   0.469881
 0.0254227 -0.0984702   0.469879
 0.0254215 -0.0984704   0.469878
0.0254206  -0.09847  0.469877
 0.0254195 -0.0984697   0.469876
 0.0254181 -0.0984687   0.469875
  0.025417 -0.0984682   0.469874
 0.0254156 -0.0984673   0.469873
 0.0254145 -0.0984667   0.469872
0.0254133 -0.098466  0.469871
 0.0254122 -0.0984662   0.469869
 0.0254109 -0.0984651   0.469869
 0.0254099 -0.0984645   0.469867
  0.025409 -0.0984642   0.469866
 0.0254078 -0.0984634   0.469865
 0.0254064 -0.0984632   0.469865
 0.0254051 -0.0984623   0.469864
 0.0254042 -0.0984619   0.469863
0.0254029 -0.098461  0.469862
 0.0254019 -0.0984612   0.469861
 0.0254007 -0.0984603    0.46986
 0.0253998 -0.0984599   0.469859
  0.025399 -0.0984597   0.469858
  0.025398 -0.0984592   0.469857
 0.0253968 -0.0984585   0.469857
 0.0253961 -0.0984549   0.469855
 0.0253949 -0.0984542   0.469854
 0.0253939 -0.0984538   0.469853
 0.0253926 -0.0984528   0.469852
 0.0253916 -0.0984524   0.469851
 0.0253903 -0.0984524    0.46985
0.0253893 -0.098452  0.469849
  0.025388 -0.0984513   0.469848
  0.025387 -0.0984509   0.469847
 0.0253857 -0.0984504   0.469846
 0.0253846 -0.0984502   0.469845
 0.0253834 -0.0984493   0.469845
0.0253823 -0.098449  0.469843
 0.0253812 -0.0984494   0.469842
   0.02538 -0.0984488   0.469842
