 0.269505 -0.328265  0.604077
 0.268776 -0.326559  0.607385
 0.268778 -0.326557  0.607383
0.268784 -0.32655 0.607375
 0.268795 -0.326539  0.607363
  0.26881 -0.326523  0.607345
 0.268829 -0.326502  0.607322
 0.268853 -0.326477  0.607294
 0.268881 -0.326448  0.607262
 0.268913 -0.326414  0.607224
  0.26895 -0.326375  0.607181
 0.268991 -0.326332  0.607133
 0.269036 -0.326284  0.607079
 0.269085 -0.326232  0.607021
 0.269139 -0.326175  0.606958
 0.269197 -0.326113   0.60689
 0.269259 -0.326047  0.606816
 0.269326 -0.325977  0.606738
 0.269397 -0.325902  0.606655
 0.269472 -0.325822  0.606566
 0.269551 -0.325738  0.606472
0.269635 -0.32565 0.606374
 0.269723 -0.325556   0.60627
 0.269816 -0.325459  0.606161
 0.269912 -0.325356  0.606048
 0.270013 -0.325249  0.605929
 0.270118 -0.325138  0.605805
 0.270228 -0.325022  0.605676
 0.270342 -0.324902  0.605542
  0.27046 -0.324776  0.605403
 0.270582 -0.324647  0.605259
 0.270709 -0.324513   0.60511
  0.27084 -0.324374  0.604955
 0.270975 -0.324231  0.604796
 0.271115 -0.324083  0.604632
 0.271259 -0.323931  0.604462
 0.271407 -0.323774  0.604288
  0.27156 -0.323612  0.604108
 0.271717 -0.323446  0.603924
 0.271878 -0.323276  0.603734
 0.272043 -0.323101  0.603539
 0.272213 -0.322921  0.603339
 0.272387 -0.322737  0.603135
 0.272565 -0.322548  0.602924
 0.272748 -0.322355   0.60271
 0.272935 -0.322157   0.60249
 0.273126 -0.321954  0.602265
 0.273321 -0.321748  0.602034
 0.273521 -0.321536  0.601799
0.273725 -0.32132 0.601559
0.273934  -0.3211 0.601314
 0.274146 -0.320875  0.601064
 0.274363 -0.320645  0.600808
 0.274584 -0.320411  0.600548
  0.27481 -0.320172  0.600282
  0.27504 -0.319929  0.600012
 0.275274 -0.319681  0.599736
 0.275512 -0.319429  0.599455
 0.275755 -0.319172   0.59917
0.276002 -0.31891 0.598879
 0.276253 -0.318644  0.598583
 0.276509 -0.318374  0.598282
 0.276769 -0.318099  0.597977
 0.277033 -0.317819  0.597665
 0.277302 -0.317535  0.597349
 0.277574 -0.317247  0.597029
 0.277851 -0.316953  0.596703
 0.278132 -0.316656  0.596372
 0.278418 -0.316353  0.596035
 0.278708 -0.316046  0.595694
 0.279003 -0.315734  0.595347
 0.279301 -0.315418  0.594995
 0.279604 -0.315097  0.594639
 0.279912 -0.314772  0.594277
 0.280223 -0.314442   0.59391
 0.280539 -0.314108  0.593538
 0.280859 -0.313769  0.593161
 0.281184 -0.313426  0.592779
 0.281512 -0.313078  0.592392
 0.281845 -0.312725     0.592
 0.282183 -0.312368  0.591603
 0.282525 -0.312006  0.591201
0.282871 -0.31164 0.590794
 0.283221 -0.311269  0.590381
 0.283576 -0.310894  0.589964
 0.283934 -0.310514  0.589541
0.284297 -0.31013 0.589114
 0.284665 -0.309741  0.588682
 0.285036 -0.309348  0.588244
0.285412 -0.30895 0.587802
 0.285793 -0.308547  0.587354
0.286177 -0.30814 0.586901
 0.286566 -0.307728  0.586443
  0.28696 -0.307312   0.58598
 0.287358 -0.306891  0.585512
 0.287759 -0.306465  0.585039
 0.288165 -0.306036  0.584561
 0.288575 -0.305602  0.584078
  0.28899 -0.305163   0.58359
 0.289409 -0.304719  0.583097
 0.289832 -0.304272  0.582599
0.290259 -0.30382 0.582097
 0.290686 -0.303368  0.581594
 0.291113 -0.302915  0.581091
  0.29154 -0.302463  0.580588
 0.291967 -0.302011  0.580085
 0.292395 -0.301559  0.579582
 0.292822 -0.301107   0.57908
 0.293249 -0.300655  0.578577
 0.293676 -0.300203  0.578074
 0.294103 -0.299751  0.577571
  0.29453 -0.299298  0.577068
 0.294957 -0.298846  0.576565
 0.295385 -0.298394  0.576063
 0.295812 -0.297941  0.575559
 0.296239 -0.297489  0.575056
 0.296667 -0.297037  0.574553
 0.297094 -0.296585  0.574051
 0.297521 -0.296133  0.573548
0.297948 -0.29568 0.573045
 0.298376 -0.295228  0.572541
 0.298803 -0.294776  0.572038
  0.29923 -0.294323  0.571536
 0.299658 -0.293871  0.571033
 0.300085 -0.293419   0.57053
 0.300512 -0.292967  0.570026
  0.30094 -0.292514  0.569524
 0.301367 -0.292062  0.569021
0.301794 -0.29161 0.568518
 0.302221 -0.291158  0.568015
 0.302648 -0.290706  0.567512
 0.303075 -0.290253  0.567009
 0.303503 -0.289801  0.566506
  0.30393 -0.289349  0.566004
 0.304357 -0.288897    0.5655
 0.304785 -0.288444  0.564997
 0.305212 -0.287992  0.564495
0.305639 -0.28754 0.563992
 0.306066 -0.287088  0.563489
 0.306494 -0.286635  0.562985
 0.306921 -0.286183  0.562482
 0.307348 -0.285731  0.561979
 0.307776 -0.285279  0.561476
 0.308203 -0.284826  0.560974
 0.308631 -0.284374   0.56047
 0.309058 -0.283921  0.559967
 0.309485 -0.283469  0.559464
 0.309912 -0.283017  0.558962
 0.310339 -0.282565  0.558458
 0.310767 -0.282113  0.557956
 0.311194 -0.281661  0.557453
 0.311621 -0.281208   0.55695
 0.312048 -0.280756  0.556447
 0.312475 -0.280304  0.555944
 0.312902 -0.279852  0.555442
0.313329  -0.2794 0.554939
 0.313757 -0.278948  0.554436
 0.314184 -0.278495  0.553933
 0.314612 -0.278042  0.553429
0.315039 -0.27759 0.552926
 0.315893 -0.276687  0.551921
  0.31632 -0.276234  0.551418
 0.316747 -0.275782  0.550915
0.317174 -0.27533 0.550412
 0.317602 -0.274878   0.54991
 0.318029 -0.274425  0.549406
 0.318457 -0.273973  0.548903
0.318884 -0.27352   0.5484
 0.319311 -0.273068  0.547897
 0.319739 -0.272616  0.547394
 0.320165 -0.272165  0.546892
 0.320592 -0.271712  0.546389
  0.32102 -0.271259  0.545886
 0.321447 -0.270807  0.545383
 0.321447 -0.270807  0.545383
 0.322302 -0.269903  0.544377
 0.322729 -0.269451  0.543874
 0.323156 -0.268998  0.543371
 0.323583 -0.268546  0.542868
  0.32401 -0.268094  0.542366
 0.324438 -0.267642  0.541863
0.324865 -0.26719  0.54136
 0.325292 -0.266738  0.540857
 0.325719 -0.266286  0.540354
 0.326146 -0.265834  0.539851
 0.326573 -0.265382  0.539349
   0.327 -0.26493 0.538846
 0.327429 -0.264476  0.538341
 0.327429 -0.264476  0.538341
 0.327857 -0.264022  0.537837
0.328285 -0.26357 0.537334
 0.329138 -0.262667   0.53633
 0.329138 -0.262667   0.53633
 0.329565 -0.262215  0.535827
 0.329992 -0.261763  0.535324
 0.330419 -0.261311  0.534821
 0.330846 -0.260859  0.534318
 0.331701 -0.259954  0.533312
 0.332129 -0.259501  0.532809
 0.332554 -0.259051  0.532308
 0.332981 -0.258599  0.531805
 0.333409 -0.258146  0.531302
 0.333836 -0.257694    0.5308
 0.333836 -0.257694    0.5308
 0.334263 -0.257242  0.530296
 0.33469 -0.25679 0.529793
 0.335118 -0.256338  0.529291
 0.335545 -0.255886  0.528788
 0.335972 -0.255433  0.528285
 0.336827 -0.254529  0.527279
 0.337254 -0.254077  0.526776
 0.337254 -0.254077  0.526776
 0.337681 -0.253624  0.526273
 0.338108 -0.253172   0.52577
0.338535 -0.25272 0.525267
 0.338962 -0.252268  0.524765
 0.339385 -0.251821  0.524267
 0.339804 -0.251377  0.523774
 0.340219 -0.250938  0.523286
 0.340629 -0.250504  0.522803
 0.341035 -0.250074  0.522325
 0.341437 -0.249649  0.521852
 0.341834 -0.249229  0.521384
 0.342227 -0.248813  0.520922
 0.342615 -0.248401  0.520464
    0.343 -0.247994  0.520012
  0.34338 -0.247592  0.519565
 0.343756 -0.247194  0.519122
 0.344494 -0.246413  0.518253
 0.344494 -0.246413  0.518253
 0.344857 -0.246029  0.517826
 0.345215 -0.245649  0.517404
  0.34557 -0.245274  0.516986
  0.34592 -0.244903  0.516574
 0.346266 -0.244538  0.516168
 0.346608 -0.244176  0.515765
 0.346945 -0.243819  0.515368
 0.347277 -0.243467  0.514976
 0.347606 -0.243119   0.51459
  0.34793 -0.242776  0.514208
  0.34825 -0.242437  0.513832
 0.348565 -0.242103   0.51346
 0.348877 -0.241773  0.513093
 0.349184 -0.241448  0.512732
 0.349487 -0.241128  0.512375
 0.349785 -0.240812  0.512024
 0.350079 -0.240501  0.511678
 0.350655 -0.239892  0.511001
 0.350936 -0.239594   0.51067
 0.351213 -0.239301  0.510344
 0.351485 -0.239013  0.510023
 0.351754 -0.238728  0.509707
 0.352018 -0.238449  0.509396
 0.352278 -0.238174   0.50909
 0.352278 -0.238174   0.50909
 0.352785 -0.237637  0.508494
 0.353031 -0.237376  0.508203
 0.353031 -0.237376  0.508203
 0.353274 -0.237119  0.507917
 0.353513 -0.236867  0.507636
 0.353747 -0.236619  0.507361
 0.353976 -0.236376  0.507091
 0.354202 -0.236137  0.506825
 0.354423 -0.235903  0.506565
  0.35464 -0.235674   0.50631
 0.354852 -0.235449   0.50606
  0.35506 -0.235228  0.505815
 0.355264 -0.235013  0.505575
 0.355464 -0.234802   0.50534
 0.355659 -0.234595   0.50511
  0.35585 -0.234393  0.504885
 0.356037 -0.234195  0.504665
 0.356219 -0.234002  0.504451
 0.356397 -0.233813  0.504241
 0.356571 -0.233629  0.504036
 0.35674 -0.23345 0.503837
 0.356906 -0.233275  0.503643
 0.357067 -0.233105  0.503453
 0.357223 -0.232939  0.503269
 0.357376 -0.232778  0.503089
 0.357524 -0.232621  0.502915
 0.357667 -0.232469  0.502746
 0.357807 -0.232322  0.502582
0.358073 -0.23204 0.502269
0.358073 -0.23204 0.502269
 0.358321 -0.231777  0.501976
 0.358439 -0.231652  0.501837
 0.358553 -0.231532  0.501703
 0.358553 -0.231532  0.501703
 0.358663 -0.231416  0.501574
 0.358768 -0.231305  0.501451
 0.358965 -0.231096  0.501219
 0.359057 -0.230998   0.50111
 0.359145 -0.230905  0.501006
 0.359145 -0.230905  0.501006
 0.359308 -0.230733  0.500815
 0.359383 -0.230653  0.500726
 0.359383 -0.230653  0.500726
 0.359454 -0.230578  0.500643
  0.35952 -0.230508  0.500565
 0.359582 -0.230442  0.500492
  0.35964 -0.230381  0.500424
 0.359742 -0.230273  0.500303
 0.359742 -0.230273  0.500303
 0.359828 -0.230182  0.500202
 0.359828 -0.230182  0.500202
 0.359864 -0.230144   0.50016
0.359896 -0.23011 0.500122
0.359924 -0.23008 0.500089
 0.359947 -0.230056  0.500062
 0.359967 -0.230035  0.500039
 0.359992 -0.230009   0.50001
 0.359998 -0.230002  0.500002
 0.36 -0.23   0.5
 0.36 -0.23   0.5
 0.36 -0.23   0.5
 0.36 -0.23   0.5
 0.36 -0.23   0.5
 0.36 -0.23   0.5
 0.36 -0.23   0.5
 0.36 -0.23   0.5
 0.36 -0.23   0.5
 0.36 -0.23   0.5
 0.36 -0.23   0.5
 0.36 -0.23   0.5
 0.36 -0.23   0.5
 0.36 -0.23   0.5
 0.36 -0.23   0.5
 0.36 -0.23   0.5
 0.36 -0.23   0.5
 0.36 -0.23   0.5
 0.36 -0.23   0.5
 0.36 -0.23   0.5
 0.36 -0.23   0.5
 0.36 -0.23   0.5
 0.36 -0.23   0.5
 0.36 -0.23   0.5
 0.36 -0.23   0.5
 0.36 -0.23   0.5
 0.36 -0.23   0.5
 0.36 -0.23   0.5
 0.36 -0.23   0.5
 0.36 -0.23   0.5
 0.36 -0.23   0.5
 0.36 -0.23   0.5
 0.36 -0.23   0.5
 0.36 -0.23   0.5
 0.36 -0.23   0.5
 0.36 -0.23   0.5
 0.36 -0.23   0.5
 0.36 -0.23   0.5
 0.36 -0.23   0.5
 0.36 -0.23   0.5
 0.36 -0.23   0.5
 0.36 -0.23   0.5
 0.36 -0.23   0.5
 0.36 -0.23   0.5
 0.36 -0.23   0.5
 0.36 -0.23   0.5
 0.36 -0.23   0.5
 0.36 -0.23   0.5
 0.36 -0.23   0.5
 0.36 -0.23   0.5
 0.36 -0.23   0.5
 0.36 -0.23   0.5
 0.36 -0.23   0.5
 0.36 -0.23   0.5
 0.36 -0.23   0.5
 0.36 -0.23   0.5
 0.36 -0.23   0.5
 0.36 -0.23   0.5
 0.36 -0.23   0.5
 0.36 -0.23   0.5
 0.36 -0.23   0.5
 0.36 -0.23   0.5
 0.36 -0.23   0.5
 0.36 -0.23   0.5
 0.36 -0.23   0.5
 0.36 -0.23   0.5
 0.36 -0.23   0.5
 0.36 -0.23   0.5
 0.36 -0.23   0.5
 0.36 -0.23   0.5
 0.36 -0.23   0.5
 0.36 -0.23   0.5
 0.36 -0.23   0.5
 0.36 -0.23   0.5
 0.36 -0.23   0.5
 0.36 -0.23   0.5
 0.36 -0.23   0.5
 0.36 -0.23   0.5
 0.36 -0.23   0.5
 0.36 -0.23   0.5
 0.36 -0.23   0.5
 0.36 -0.23   0.5
 0.36 -0.23   0.5
 0.36 -0.23   0.5
 0.36 -0.23   0.5
 0.36 -0.23   0.5
 0.36 -0.23   0.5
 0.36 -0.23   0.5
 0.36 -0.23   0.5
 0.36 -0.23   0.5
 0.36 -0.23   0.5
 0.36 -0.23   0.5
 0.36 -0.23   0.5
 0.36 -0.23   0.5
 0.36 -0.23   0.5
 0.36 -0.23   0.5
 0.36 -0.23   0.5
 0.36 -0.23   0.5
 0.36 -0.23   0.5
 0.36 -0.23   0.5
 0.36 -0.23   0.5
 0.36 -0.23   0.5
 0.36 -0.23   0.5
 0.36 -0.23   0.5
 0.36 -0.23   0.5
 0.36 -0.23   0.5
 0.36 -0.23   0.5
 0.36 -0.23   0.5
 0.36 -0.23   0.5
 0.36 -0.23   0.5
 0.36 -0.23   0.5
 0.36 -0.23   0.5
 0.36 -0.23   0.5
 0.36 -0.23   0.5
 0.36 -0.23   0.5
 0.36 -0.23   0.5
 0.36 -0.23   0.5
 0.36 -0.23   0.5
 0.36 -0.23   0.5
 0.36 -0.23   0.5
 0.36 -0.23   0.5
 0.36 -0.23   0.5
 0.36 -0.23   0.5
 0.36 -0.23   0.5
 0.36 -0.23   0.5
 0.36 -0.23   0.5
 0.36 -0.23   0.5
 0.36 -0.23   0.5
 0.36 -0.23   0.5
 0.36 -0.23   0.5
 0.36 -0.23   0.5
 0.36 -0.23   0.5
 0.36 -0.23   0.5
 0.36 -0.23   0.5
 0.36 -0.23   0.5
 0.36 -0.23   0.5
 0.36 -0.23   0.5
 0.36 -0.23   0.5
 0.36 -0.23   0.5
 0.36 -0.23   0.5
 0.36 -0.23   0.5
 0.36 -0.23   0.5
 0.36 -0.23   0.5
 0.36 -0.23   0.5
 0.36 -0.23   0.5
 0.36 -0.23   0.5
 0.36 -0.23   0.5
 0.36 -0.23   0.5
 0.36 -0.23   0.5
 0.36 -0.23   0.5
 0.36 -0.23   0.5
 0.36 -0.23   0.5
 0.36 -0.23   0.5
 0.36 -0.23   0.5
 0.36 -0.23   0.5
 0.36 -0.23   0.5
 0.36 -0.23   0.5
 0.36 -0.23   0.5
 0.36 -0.23   0.5
 0.36 -0.23   0.5
 0.36 -0.23   0.5
 0.36 -0.23   0.5
 0.36 -0.23   0.5
 0.36 -0.23   0.5
 0.36 -0.23   0.5
 0.36 -0.23   0.5
 0.36 -0.23   0.5
 0.36 -0.23   0.5
 0.36 -0.23   0.5
 0.36 -0.23   0.5
 0.36 -0.23   0.5
 0.36 -0.23   0.5
 0.36 -0.23   0.5
 0.36 -0.23   0.5
 0.36 -0.23   0.5
 0.36 -0.23   0.5
 0.36 -0.23   0.5
 0.36 -0.23   0.5
 0.36 -0.23   0.5
 0.36 -0.23   0.5
 0.36 -0.23   0.5
 0.36 -0.23   0.5
 0.36 -0.23   0.5
 0.36 -0.23   0.5
 0.36 -0.23   0.5
 0.36 -0.23   0.5
 0.36 -0.23   0.5
 0.36 -0.23   0.5
 0.36 -0.23   0.5
 0.36 -0.23   0.5
 0.36 -0.23   0.5
 0.36 -0.23   0.5
 0.36 -0.23   0.5
 0.36 -0.23   0.5
 0.36 -0.23   0.5
 0.36 -0.23   0.5
 0.36 -0.23   0.5
 0.36 -0.23   0.5
 0.36 -0.23   0.5
 0.36 -0.23   0.5
 0.36 -0.23   0.5
 0.36 -0.23   0.5
 0.36 -0.23   0.5
 0.36 -0.23   0.5
 0.36 -0.23   0.5
 0.36 -0.23   0.5
 0.36 -0.23   0.5
 0.36 -0.23   0.5
 0.36 -0.23   0.5
 0.36 -0.23   0.5
 0.36 -0.23   0.5
 0.36 -0.23   0.5
 0.36 -0.23   0.5
 0.36 -0.23   0.5
 0.36 -0.23   0.5
 0.36 -0.23   0.5
 0.36 -0.23   0.5
 0.36 -0.23   0.5
 0.36 -0.23   0.5
 0.36 -0.23   0.5
 0.36 -0.23   0.5
 0.36 -0.23   0.5
 0.36 -0.23   0.5
 0.36 -0.23   0.5
 0.36 -0.23   0.5
 0.36 -0.23   0.5
 0.36 -0.23   0.5
 0.36 -0.23   0.5
 0.36 -0.23   0.5
 0.36 -0.23   0.5
 0.36 -0.23   0.5
 0.36 -0.23   0.5
 0.36 -0.23   0.5
 0.36 -0.23   0.5
 0.36 -0.23   0.5
 0.36 -0.23   0.5
 0.36 -0.23   0.5
 0.36 -0.23   0.5
 0.36 -0.23   0.5
 0.36 -0.23   0.5
 0.36 -0.23   0.5
 0.36 -0.23   0.5
 0.36 -0.23   0.5
 0.36 -0.23   0.5
 0.36 -0.23   0.5
 0.36 -0.23   0.5
 0.36 -0.23   0.5
 0.36 -0.23   0.5
 0.36 -0.23   0.5
 0.36 -0.23   0.5
 0.36 -0.23   0.5
 0.36 -0.23   0.5
 0.36 -0.23   0.5
 0.36 -0.23   0.5
 0.36 -0.23   0.5
 0.36 -0.23   0.5
 0.36 -0.23   0.5
 0.36 -0.23   0.5
 0.36 -0.23   0.5
 0.36 -0.23   0.5
 0.36 -0.23   0.5
 0.36 -0.23   0.5
 0.36 -0.23   0.5
 0.36 -0.23   0.5
 0.36 -0.23   0.5
 0.36 -0.23   0.5
 0.36 -0.23   0.5
 0.36 -0.23   0.5
 0.36 -0.23   0.5
 0.36 -0.23   0.5
 0.36 -0.23   0.5
 0.36 -0.23   0.5
 0.36 -0.23   0.5
 0.36 -0.23   0.5
 0.36 -0.23   0.5
 0.36 -0.23   0.5
 0.36 -0.23   0.5
 0.36 -0.23   0.5
 0.36 -0.23   0.5
 0.36 -0.23   0.5
 0.36 -0.23   0.5
 0.36 -0.23   0.5
 0.36 -0.23   0.5
 0.36 -0.23   0.5
 0.36 -0.23   0.5
 0.36 -0.23   0.5
 0.36 -0.23   0.5
 0.36 -0.23   0.5
 0.36 -0.23   0.5
 0.36 -0.23   0.5
 0.36 -0.23   0.5
 0.36 -0.23   0.5
 0.36 -0.23   0.5
 0.36 -0.23   0.5
 0.36 -0.23   0.5
 0.36 -0.23   0.5
 0.36 -0.23   0.5
 0.36 -0.23   0.5
 0.36 -0.23   0.5
 0.36 -0.23   0.5
 0.36 -0.23   0.5
 0.36 -0.23   0.5
 0.36 -0.23   0.5
 0.36 -0.23   0.5
 0.36 -0.23   0.5
 0.36 -0.23   0.5
 0.36 -0.23   0.5
 0.36 -0.23   0.5
 0.36 -0.23   0.5
 0.36 -0.23   0.5
 0.36 -0.23   0.5
 0.36 -0.23   0.5
 0.36 -0.23   0.5
 0.36 -0.23   0.5
 0.36 -0.23   0.5
 0.36 -0.23   0.5
 0.36 -0.23   0.5
 0.36 -0.23   0.5
 0.36 -0.23   0.5
 0.36 -0.23   0.5
 0.36 -0.23   0.5
 0.36 -0.23   0.5
 0.36 -0.23   0.5
 0.36 -0.23   0.5
 0.36 -0.23   0.5
 0.36 -0.23   0.5
 0.36 -0.23   0.5
 0.36 -0.23   0.5
 0.36 -0.23   0.5
 0.36 -0.23   0.5
 0.36 -0.23   0.5
 0.36 -0.23   0.5
 0.36 -0.23   0.5
 0.36 -0.23   0.5
 0.36 -0.23   0.5
 0.36 -0.23   0.5
 0.36 -0.23   0.5
 0.36 -0.23   0.5
 0.36 -0.23   0.5
 0.36 -0.23   0.5
 0.36 -0.23   0.5
 0.36 -0.23   0.5
 0.36 -0.23   0.5
 0.36 -0.23   0.5
 0.36 -0.23   0.5
 0.36 -0.23   0.5
 0.36 -0.23   0.5
 0.36 -0.23   0.5
 0.36 -0.23   0.5
 0.36 -0.23   0.5
 0.36 -0.23   0.5
 0.36 -0.23   0.5
 0.36 -0.23   0.5
 0.36 -0.23   0.5
 0.36 -0.23   0.5
 0.36 -0.23   0.5
 0.36 -0.23   0.5
 0.36 -0.23   0.5
 0.36 -0.23   0.5
 0.36 -0.23   0.5
 0.36 -0.23   0.5
 0.36 -0.23   0.5
 0.36 -0.23   0.5
 0.36 -0.23   0.5
 0.36 -0.23   0.5
 0.36 -0.23   0.5
 0.36 -0.23   0.5
 0.36 -0.23   0.5
 0.36 -0.23   0.5
 0.36 -0.23   0.5
 0.36 -0.23   0.5
 0.36 -0.23   0.5
 0.36 -0.23   0.5
 0.36 -0.23   0.5
 0.36 -0.23   0.5
 0.36 -0.23   0.5
 0.36 -0.23   0.5
 0.36 -0.23   0.5
 0.36 -0.23   0.5
 0.36 -0.23   0.5
 0.36 -0.23   0.5
 0.36 -0.23   0.5
 0.36 -0.23   0.5
 0.36 -0.23   0.5
 0.36 -0.23   0.5
 0.36 -0.23   0.5
 0.36 -0.23   0.5
 0.36 -0.23   0.5
 0.36 -0.23   0.5
 0.36 -0.23   0.5
 0.36 -0.23   0.5
 0.36 -0.23   0.5
 0.36 -0.23   0.5
 0.36 -0.23   0.5
 0.36 -0.23   0.5
 0.36 -0.23   0.5
 0.36 -0.23   0.5
 0.36 -0.23   0.5
 0.36 -0.23   0.5
 0.36 -0.23   0.5
 0.36 -0.23   0.5
 0.36 -0.23   0.5
 0.36 -0.23   0.5
 0.36 -0.23   0.5
 0.36 -0.23   0.5
 0.36 -0.23   0.5
 0.36 -0.23   0.5
 0.36 -0.23   0.5
 0.36 -0.23   0.5
 0.36 -0.23   0.5
 0.36 -0.23   0.5
 0.36 -0.23   0.5
 0.36 -0.23   0.5
 0.36 -0.23   0.5
 0.36 -0.23   0.5
 0.36 -0.23   0.5
 0.36 -0.23   0.5
 0.36 -0.23   0.5
 0.36 -0.23   0.5
 0.36 -0.23   0.5
 0.36 -0.23   0.5
 0.36 -0.23   0.5
 0.36 -0.23   0.5
 0.36 -0.23   0.5
 0.36 -0.23   0.5
 0.36 -0.23   0.5
 0.36 -0.23   0.5
 0.36 -0.23   0.5
 0.36 -0.23   0.5
 0.36 -0.23   0.5
 0.36 -0.23   0.5
 0.36 -0.23   0.5
 0.36 -0.23   0.5
 0.36 -0.23   0.5
 0.36 -0.23   0.5
 0.36 -0.23   0.5
 0.36 -0.23   0.5
 0.36 -0.23   0.5
 0.36 -0.23   0.5
 0.36 -0.23   0.5
 0.36 -0.23   0.5
 0.36 -0.23   0.5
 0.36 -0.23   0.5
 0.36 -0.23   0.5
 0.36 -0.23   0.5
 0.36 -0.23   0.5
