4.05312e-06
0.00964904
0.019716
0.0297751
0.0398312
0.0498891
0.0599451
0.0700121
0.0800791
0.0901442
0.1002
0.110269
0.120324
0.130391
0.14046
0.150531
0.16059
0.170649
0.180709
0.190769
0.200836
0.210904
0.220971
0.231039
0.241106
0.251177
0.261232
0.271298
0.281364
0.29142
0.301477
0.311544
0.321601
0.331668
0.341726
0.351792
0.361865
0.371935
0.381989
0.392044
0.4021
0.412156
0.422212
0.43227
0.442325
0.452381
0.462437
0.472493
0.482547
0.492603
0.502659
0.512716
0.522782
0.532839
0.542906
0.552973
0.563041
0.573096
0.583152
0.593208
0.603274
0.613357
0.623395
0.633451
0.643519
0.653585
0.663641
0.673709
0.683765
0.69382
0.703877
0.713943
0.723973
0.734041
0.744107
0.754174
0.764231
0.774287
0.784345
0.794412
0.804478
0.814546
0.824602
0.834658
0.844715
0.854772
0.864829
0.874896
0.884963
0.895031
0.905092
0.915152
0.925211
0.935277
0.945345
0.955403
0.965471
0.975527
0.985583
0.995639
1.00571
1.01576
1.02582
1.03587
1.04596
1.05602
1.06607
1.07613
1.08619
1.09625
1.10632
1.11637
1.12643
1.13649
1.14656
1.15661
1.16667
1.17672
1.18678
1.19684
1.2069
1.21695
1.22701
1.23708
1.24715
1.2572
1.26726
1.27734
1.2874
1.29745
1.30751
1.31757
1.32762
1.33768
1.34773
1.35779
1.36785
1.3779
1.38797
1.39804
1.4081
1.41817
1.42823
1.43829
1.44835
1.45841
1.46847
1.47852
1.48858
1.49864
1.50869
1.51875
1.52881
1.53886
1.54892
1.55899
1.56905
1.57913
1.58919
1.59926
1.60932
1.61938
1.62944
1.6395
1.64955
1.65961
1.66967
1.67973
1.68979
1.69985
1.70991
1.71997
1.73003
1.74008
1.75014
1.76021
1.77028
1.78034
1.79041
1.80048
1.81054
1.82059
1.83065
1.8407
1.85076
1.86082
1.87088
1.88093
1.89099
1.90105
1.91111
1.92116
1.93118
1.94125
1.9513
1.96136
1.97142
1.98148
1.99154
2.0016
2.01165
2.02171
2.03176
2.04178
2.05185
2.0619
2.07196
2.08201
2.09207
2.10214
2.11219
2.12225
2.1323
2.14236
2.15242
2.16247
2.17253
2.18259
2.19266
2.20273
2.21279
2.22285
2.2329
2.24297
2.25303
2.26308
2.27314
2.2832
2.29325
2.30331
2.31336
2.32342
2.33348
2.34354
2.3536
2.36366
2.37372
2.38378
2.39383
2.40389
2.41395
2.424
2.43406
2.44412
2.45418
2.46425
2.47431
2.48438
2.49444
2.5045
2.51456
2.52462
2.53467
2.54473
2.55478
2.56485
2.57491
2.58496
2.59502
2.60508
2.61513
2.62519
2.63525
2.6453
2.65536
2.66541
2.67547
2.68553
2.69559
2.70565
2.71571
2.72576
2.73582
2.74588
2.75593
2.76599
2.77606
2.78611
2.79617
2.80624
2.8163
2.82636
2.83642
2.84647
2.85653
2.86659
2.87665
2.88671
2.89677
2.90683
2.9169
2.92695
2.93702
2.94708
2.95714
2.96719
2.97725
2.98731
2.99736
3.00743
3.01749
3.02754
3.0376
3.04766
3.05772
3.06776
3.07782
3.08789
3.09796
3.10802
3.11807
3.12816
3.13819
3.14825
3.1583
3.16836
3.17842
3.18847
3.19854
3.2086
3.21866
3.22872
3.23878
3.24884
3.2589
3.26896
3.27899
3.28904
3.2991
3.30916
3.31922
3.32929
3.33935
3.34941
3.35946
3.36953
3.37959
3.38964
3.39971
3.40977
3.41982
3.42989
3.43994
3.45
3.46203
3.47209
3.48216
3.49223
3.50229
3.51235
3.52242
3.53249
3.54255
3.55262
3.56267
3.57274
3.58279
3.59286
3.60293
3.61299
3.62305
3.63311
3.64317
3.65323
3.66328
3.67334
3.68339
3.69345
3.70351
3.71356
3.72362
3.73367
3.74373
3.75379
3.76384
3.7739
3.78395
3.79401
3.80407
3.81412
3.82418
3.83423
3.84429
3.85435
3.86441
3.87447
3.88453
3.89458
3.90464
3.9147
3.92476
3.93482
3.94488
3.95493
3.96499
3.97504
3.9851
3.99516
4.00521
4.01527
4.02532
4.03538
4.04545
4.05552
4.06559
4.07566
4.08571
4.09577
4.10583
4.1159
4.12596
4.13602
4.14609
4.15615
4.16622
4.17629
4.18634
4.19641
4.20646
4.21653
4.22659
4.23665
4.24671
4.25676
4.26682
4.27688
4.28694
4.29701
4.30708
4.31714
4.32719
4.33726
4.34731
4.35737
4.36743
4.37749
4.38755
4.39762
4.40768
4.41775
4.42782
4.43788
4.44795
4.45802
4.46808
4.47815
4.48821
4.49827
4.50833
4.51838
4.52844
4.53849
4.54856
4.55862
4.56869
4.57878
4.58884
4.59891
4.60897
4.61902
4.62909
4.63915
4.64922
4.65928
4.66933
4.67939
4.68945
4.69951
4.70957
4.71962
4.72968
4.73974
4.7498
4.75986
4.76992
4.77998
4.79004
4.8001
4.81016
4.82022
4.83028
4.84033
4.85041
4.86047
4.87054
4.88061
4.89067
4.90074
4.91081
4.92088
4.93094
4.94101
4.9511
4.96118
4.97127
4.98135
4.99143
5.0015
5.01157
5.02164
5.03169
5.04175
5.05182
5.06189
5.07194
5.08201
5.09207
5.10213
5.1122
5.12227
5.13234
5.1424
5.15246
5.16252
5.17258
5.18263
5.19269
5.20274
5.2128
5.22285
5.23291
5.24296
5.25302
5.26308
5.27315
5.28321
5.29328
5.30335
5.31342
5.32349
5.33356
5.34363
5.35368
5.36375
5.37382
5.38388
5.39394
5.404
5.41405
5.42412
5.43419
5.44424
5.4543
5.46435
5.47441
5.48448
5.49455
5.50462
5.51468
5.52473
5.5348
5.54487
5.55493
5.56502
5.57508
5.58513
5.59519
5.60525
5.6153
5.62536
5.63542
5.64551
5.65557
5.66563
5.67568
5.68574
5.69581
5.70587
5.71593
5.726
5.73606
5.74613
5.75618
5.76626
5.77632
5.78638
5.79643
5.80649
5.81656
5.82662
5.83669
5.84676
5.85681
5.86688
5.87698
5.88707
5.89712
5.90718
5.91724
5.92729
5.93735
5.94741
5.95746
5.96752
5.97757
5.98764
5.9977
6.00776
6.01782
6.02787
6.03794
6.04799
6.05805
6.0681
6.07817
6.08823
6.09829
6.10836
6.11843
6.1285
6.13857
6.14863
6.15865
6.16871
6.17877
6.18883
6.19889
6.20896
6.21901
6.22907
6.23913
6.24918
6.25924
6.26929
6.27934
6.2894
6.29946
6.30952
6.31958
6.32964
6.3397
6.34977
6.35982
6.36988
6.37995
6.39005
6.4001
6.41017
6.42024
6.4303
6.44036
6.45041
6.46048
6.47055
6.48061
6.49066
6.50072
6.51079
6.52085
6.53092
6.54099
6.55104
6.56111
6.57117
6.58122
6.59129
6.60135
6.61141
6.62147
6.63154
6.64161
6.65167
6.66173
6.6718
6.68186
6.69192
6.70199
6.71206
6.72212
6.73218
6.74225
6.75231
6.76237
6.77244
6.78251
6.79257
6.80264
6.81271
6.82277
6.83284
6.84291
6.85297
6.86303
6.87309
6.88315
6.89321
6.90327
6.91332
6.92339
6.93345
6.94351
6.95357
6.96363
6.97369
6.98376
6.99383
7.0039
7.01396
7.02402
7.03408
7.04414
7.0542
7.06426
7.07432
7.08439
7.0945
7.10457
7.11464
7.1247
7.13476
7.14481
7.15488
7.16495
7.175
7.18506
7.19511
7.20517
7.21522
7.22528
7.23534
7.24539
7.25545
7.26551
7.27556
7.28563
7.29569
7.30575
7.3158
7.32586
7.33592
7.34598
7.35603
7.36611
7.37616
7.38623
7.3963
7.40639
7.41644
7.42652
7.43658
7.44665
7.45672
7.46677
7.47684
7.48691
7.49696
7.50703
7.51708
7.52714
7.53719
7.54725
7.55731
7.56737
7.57744
7.5875
7.59755
7.60761
7.61766
7.62773
