0.0168575 -0.105378   0.50836
0.0168575 -0.105378   0.50836
0.0168573 -0.105378  0.508357
0.0168565 -0.105378  0.508349
0.0168554 -0.105378  0.508337
0.0168537 -0.105378  0.508319
0.0168516 -0.105378  0.508296
 0.016849 -0.105378  0.508268
 0.016846 -0.105377  0.508236
0.0168424 -0.105377  0.508198
0.0168339 -0.105377  0.508107
 0.016829 -0.105376  0.508054
0.0168236 -0.105376  0.507995
0.0168236 -0.105376  0.507995
0.0168114 -0.105375  0.507864
0.0168045 -0.105375  0.507791
0.0167972 -0.105374  0.507712
0.0167972 -0.105374  0.507712
0.0167895 -0.105374  0.507629
0.0167812 -0.105373   0.50754
0.0167725 -0.105373  0.507447
0.0167537 -0.105372  0.507244
0.0167436 -0.105371  0.507136
 0.016733 -0.105371  0.507022
0.0167219  -0.10537  0.506903
0.0167104 -0.105369  0.506779
0.0167104 -0.105369  0.506779
0.0166859 -0.105368  0.506516
0.0166859 -0.105368  0.506516
0.0166729 -0.105367  0.506377
0.0166595 -0.105366  0.506233
0.0166313 -0.105364   0.50593
0.0166313 -0.105364   0.50593
0.0166165 -0.105363   0.50577
0.0166011 -0.105363  0.505606
0.0165854 -0.105362  0.505437
0.0165691 -0.105361  0.505262
0.0165524  -0.10536  0.505083
0.0165352 -0.105359  0.504898
0.0165176 -0.105357  0.504709
0.0164995 -0.105356  0.504514
0.0164618 -0.105354  0.504109
0.0164423 -0.105353  0.503899
0.0164423 -0.105353  0.503899
0.0164223 -0.105352  0.503685
0.0164018  -0.10535  0.503465
0.0163808 -0.105349   0.50324
0.0163594 -0.105348  0.503009
0.0163375 -0.105347  0.502774
0.0163152 -0.105345  0.502534
0.0162923 -0.105344  0.502289
 0.016269 -0.105342  0.502039
0.0162453 -0.105341  0.501783
0.0161963 -0.105338  0.501258
0.0161711 -0.105337  0.500987
0.0161711 -0.105337  0.500987
0.0161193 -0.105333  0.500431
0.0161193 -0.105333  0.500431
0.0160927 -0.105332  0.500145
0.0160657  -0.10533  0.499854
0.0160381 -0.105328  0.499558
0.0160101 -0.105327  0.499257
0.0159527 -0.105323  0.498641
0.0159527 -0.105323  0.498641
0.0159232 -0.105322  0.498324
0.0158933  -0.10532  0.498003
0.0158629 -0.105318  0.497677
0.0158321 -0.105316  0.497345
0.0158008 -0.105314  0.497009
 0.015769 -0.105312  0.496667
0.0157367  -0.10531  0.496321
 0.015704 -0.105308  0.495969
0.0156708 -0.105306  0.495613
0.0156372 -0.105304  0.495251
 0.015603 -0.105302  0.494885
0.0155334 -0.105298  0.494136
0.0155334 -0.105298  0.494136
0.0154978 -0.105296  0.493755
0.0154618 -0.105294  0.493368
0.0154253 -0.105291  0.492976
0.0153883 -0.105289  0.492579
0.0153509 -0.105287  0.492177
 0.015313 -0.105285   0.49177
0.0152746 -0.105282  0.491357
0.0152358  -0.10528   0.49094
0.0151965 -0.105278  0.490518
0.0151567 -0.105275  0.490091
0.0151164 -0.105273  0.489658
0.0150345 -0.105268  0.488778
0.0149929 -0.105265  0.488331
0.0149929 -0.105265  0.488331
0.0149083  -0.10526  0.487423
0.0148652 -0.105258  0.486959
0.0148652 -0.105258  0.486959
0.0148216 -0.105255  0.486491
0.0147776 -0.105252  0.486018
0.0147331  -0.10525  0.485541
0.0146881 -0.105247  0.485058
0.0146427 -0.105244  0.484569
0.0145968 -0.105241  0.484076
0.0145036 -0.105236  0.483076
0.0145036 -0.105236  0.483076
 0.014457 -0.105233  0.482574
0.0144108  -0.10523  0.482078
0.0143198 -0.105225  0.481101
0.0142751 -0.105222  0.480621
0.0142308 -0.105219  0.480145
0.0141869 -0.105216  0.479674
0.0141435 -0.105214  0.479208
0.0141006 -0.105211  0.478747
0.0140582 -0.105209  0.478291
0.0140162 -0.105206   0.47784
0.0139747 -0.105204  0.477394
0.0139337 -0.105201  0.476954
0.0138931 -0.105199  0.476518
 0.013853 -0.105196  0.476087
0.0138134 -0.105194  0.475662
0.0137742 -0.105192  0.475241
0.0137356 -0.105189  0.474826
0.0136974 -0.105187  0.474415
0.0136596 -0.105185   0.47401
0.0136224 -0.105182   0.47361
0.0135856  -0.10518  0.473214
0.0135493 -0.105178  0.472824
0.0135134 -0.105176  0.472439
 0.013478 -0.105174  0.472059
0.0134431 -0.105171  0.471684
0.0134087 -0.105169  0.471314
0.0133747 -0.105167  0.470949
0.0133412 -0.105165   0.47059
0.0133082 -0.105163  0.470235
0.0132756 -0.105161  0.469885
0.0132436 -0.105159  0.469541
0.0132119 -0.105157  0.469201
0.0131808 -0.105156  0.468867
0.0131501 -0.105154  0.468537
0.0131199 -0.105152  0.468213
0.0130902  -0.10515  0.467894
 0.013061 -0.105148  0.467579
0.0130322 -0.105147   0.46727
0.0130038 -0.105145  0.466966
 0.012976 -0.105143  0.466667
0.0129486 -0.105142  0.466373
0.0129217  -0.10514  0.466084
0.0128953 -0.105138    0.4658
0.0128693 -0.105137  0.465521
0.0128438 -0.105135  0.465247
0.0128188 -0.105134  0.464978
0.0127942 -0.105132  0.464714
0.0127701 -0.105131  0.464455
0.0127465 -0.105129  0.464202
0.0127233 -0.105128  0.463953
0.0127007 -0.105127  0.463709
0.0126785 -0.105125  0.463471
0.0126567 -0.105124  0.463238
0.0126355 -0.105123  0.463009
0.0126147 -0.105121  0.462786
0.0125944  -0.10512  0.462568
0.0125746 -0.105119  0.462355
0.0125552 -0.105118  0.462147
0.0125363 -0.105117  0.461944
0.0125179 -0.105115  0.461746
0.0124999 -0.105114  0.461553
0.0124824 -0.105113  0.461365
0.0124654 -0.105112  0.461182
0.0124489 -0.105111  0.461005
0.0124328  -0.10511  0.460832
0.0124172 -0.105109  0.460664
 0.012402 -0.105108  0.460502
0.0123874 -0.105108  0.460344
0.0123732 -0.105107  0.460192
0.0123595 -0.105106  0.460044
0.0123462 -0.105105  0.459902
0.0123334 -0.105104  0.459765
0.0123211 -0.105104  0.459633
0.0123093 -0.105103  0.459505
0.0122979 -0.105102  0.459383
 0.012287 -0.105102  0.459266
0.0122766 -0.105101  0.459154
0.0122666   -0.1051  0.459047
0.0122572   -0.1051  0.458945
0.0122481 -0.105099  0.458849
0.0122396 -0.105099  0.458757
0.0122315 -0.105098   0.45867
0.0122239 -0.105098  0.458589
0.0122168 -0.105097  0.458512
0.0122101 -0.105097   0.45844
0.0122039 -0.105097  0.458374
0.0121982 -0.105096  0.458312
 0.012193 -0.105096  0.458256
0.0121882 -0.105096  0.458205
0.0121839 -0.105095  0.458159
0.0121801 -0.105095  0.458117
0.0121767 -0.105095  0.458081
0.0121738 -0.105095   0.45805
0.0121714 -0.105095  0.458024
0.0121694 -0.105094  0.458003
 0.012168 -0.105094  0.457987
0.0121669 -0.105094  0.457976
0.0121664 -0.105094  0.457971
0.0121663 -0.105094   0.45797
0.0121663 -0.105094   0.45797
0.0121663 -0.105094   0.45797
0.0121663 -0.105094   0.45797
0.0121663 -0.105094   0.45797
0.0121663 -0.105094   0.45797
0.0121663 -0.105094   0.45797
0.0121663 -0.105094   0.45797
0.0121663 -0.105094   0.45797
0.0121663 -0.105094   0.45797
0.0121663 -0.105094   0.45797
0.0121663 -0.105094   0.45797
0.0121663 -0.105094   0.45797
0.0121663 -0.105094   0.45797
0.0121663 -0.105094   0.45797
0.0121663 -0.105094   0.45797
0.0121663 -0.105094   0.45797
0.0121663 -0.105094   0.45797
0.0121663 -0.105094   0.45797
0.0121663 -0.105094   0.45797
0.0121663 -0.105094   0.45797
0.0121663 -0.105094   0.45797
0.0121663 -0.105094   0.45797
0.0121663 -0.105094   0.45797
0.0121663 -0.105094   0.45797
0.0121663 -0.105094   0.45797
0.0121663 -0.105094   0.45797
0.0121663 -0.105094   0.45797
0.0121663 -0.105094   0.45797
0.0121663 -0.105094   0.45797
0.0121663 -0.105094   0.45797
0.0121663 -0.105094   0.45797
0.0121663 -0.105094   0.45797
0.0121663 -0.105094   0.45797
0.0121663 -0.105094   0.45797
0.0121663 -0.105094   0.45797
0.0121663 -0.105094   0.45797
0.0121663 -0.105094   0.45797
0.0121663 -0.105094   0.45797
0.0121663 -0.105094   0.45797
0.0121663 -0.105094   0.45797
0.0121663 -0.105094   0.45797
0.0121663 -0.105094   0.45797
0.0121663 -0.105094   0.45797
0.0121663 -0.105094   0.45797
0.0121663 -0.105094   0.45797
0.0121663 -0.105094   0.45797
0.0121663 -0.105094   0.45797
0.0121663 -0.105094   0.45797
0.0121663 -0.105094   0.45797
0.0121663 -0.105094   0.45797
0.0121663 -0.105094   0.45797
0.0121663 -0.105094   0.45797
0.0121663 -0.105094   0.45797
0.0121663 -0.105094   0.45797
0.0121663 -0.105094   0.45797
0.0121663 -0.105094   0.45797
0.0121663 -0.105094   0.45797
0.0121663 -0.105094   0.45797
0.0121663 -0.105094   0.45797
0.0121663 -0.105094   0.45797
0.0121663 -0.105094   0.45797
0.0121663 -0.105094   0.45797
0.0121663 -0.105094   0.45797
0.0121663 -0.105094   0.45797
0.0121663 -0.105094   0.45797
0.0121663 -0.105094   0.45797
0.0121663 -0.105094   0.45797
0.0121663 -0.105094   0.45797
0.0121663 -0.105094   0.45797
0.0121663 -0.105094   0.45797
0.0121663 -0.105094   0.45797
0.0121663 -0.105094   0.45797
0.0121663 -0.105094   0.45797
0.0121663 -0.105094   0.45797
0.0121663 -0.105094   0.45797
0.0121663 -0.105094   0.45797
0.0121663 -0.105094   0.45797
0.0121663 -0.105094   0.45797
0.0121663 -0.105094   0.45797
0.0121663 -0.105094   0.45797
0.0121663 -0.105094   0.45797
0.0121663 -0.105094   0.45797
0.0121663 -0.105094   0.45797
0.0121663 -0.105094   0.45797
0.0121663 -0.105094   0.45797
0.0121663 -0.105094   0.45797
0.0121663 -0.105094   0.45797
0.0121663 -0.105094   0.45797
0.0121663 -0.105094   0.45797
0.0121663 -0.105094   0.45797
0.0121663 -0.105094   0.45797
0.0121663 -0.105094   0.45797
0.0121663 -0.105094   0.45797
0.0121663 -0.105094   0.45797
0.0121663 -0.105094   0.45797
0.0121663 -0.105094   0.45797
0.0121663 -0.105094   0.45797
0.0121663 -0.105094   0.45797
0.0121663 -0.105094   0.45797
0.0121663 -0.105094   0.45797
0.0121663 -0.105094   0.45797
0.0121663 -0.105094   0.45797
0.0121663 -0.105094   0.45797
0.0121663 -0.105094   0.45797
0.0121663 -0.105094   0.45797
0.0121663 -0.105094   0.45797
0.0121663 -0.105094   0.45797
0.0121663 -0.105094   0.45797
0.0121663 -0.105094   0.45797
0.0121663 -0.105094   0.45797
0.0121663 -0.105094   0.45797
0.0121663 -0.105094   0.45797
0.0121663 -0.105094   0.45797
0.0121663 -0.105094   0.45797
0.0121663 -0.105094   0.45797
0.0121663 -0.105094   0.45797
0.0121663 -0.105094   0.45797
0.0121663 -0.105094   0.45797
0.0121663 -0.105094   0.45797
0.0121663 -0.105094   0.45797
0.0121663 -0.105094   0.45797
0.0121663 -0.105094   0.45797
0.0121663 -0.105094   0.45797
0.0121663 -0.105094   0.45797
0.0121663 -0.105094   0.45797
0.0121663 -0.105094   0.45797
0.0121663 -0.105094   0.45797
0.0121663 -0.105094   0.45797
0.0121663 -0.105094   0.45797
0.0121663 -0.105094   0.45797
0.0121663 -0.105094   0.45797
0.0121663 -0.105094   0.45797
0.0121663 -0.105094   0.45797
0.0121663 -0.105094   0.45797
0.0121663 -0.105094   0.45797
0.0121663 -0.105094   0.45797
0.0121663 -0.105094   0.45797
0.0121663 -0.105094   0.45797
0.0121663 -0.105094   0.45797
0.0121663 -0.105094   0.45797
0.0121663 -0.105094   0.45797
0.0121663 -0.105094   0.45797
0.0121663 -0.105094   0.45797
0.0121663 -0.105094   0.45797
0.0121663 -0.105094   0.45797
0.0121663 -0.105094   0.45797
0.0121663 -0.105094   0.45797
0.0121663 -0.105094   0.45797
0.0121663 -0.105094   0.45797
0.0121663 -0.105094   0.45797
0.0121663 -0.105094   0.45797
0.0121663 -0.105094   0.45797
0.0121663 -0.105094   0.45797
0.0121663 -0.105094   0.45797
0.0121663 -0.105094   0.45797
0.0121663 -0.105094   0.45797
0.0121663 -0.105094   0.45797
0.0121663 -0.105094   0.45797
0.0121663 -0.105094   0.45797
0.0121663 -0.105094   0.45797
0.0121663 -0.105094   0.45797
0.0121663 -0.105094   0.45797
0.0121663 -0.105094   0.45797
0.0121663 -0.105094   0.45797
0.0121663 -0.105094   0.45797
0.0121663 -0.105094   0.45797
0.0121663 -0.105094   0.45797
0.0121663 -0.105094   0.45797
0.0121663 -0.105094   0.45797
0.0121663 -0.105094   0.45797
0.0121663 -0.105094   0.45797
0.0121663 -0.105094   0.45797
0.0121663 -0.105094   0.45797
0.0121663 -0.105094   0.45797
0.0121663 -0.105094   0.45797
0.0121663 -0.105094   0.45797
0.0121663 -0.105094   0.45797
0.0121663 -0.105094   0.45797
0.0121663 -0.105094   0.45797
0.0121663 -0.105094   0.45797
0.0121663 -0.105094   0.45797
0.0121663 -0.105094   0.45797
0.0121663 -0.105094   0.45797
0.0121663 -0.105094   0.45797
0.0121663 -0.105094   0.45797
0.0121663 -0.105094   0.45797
0.0121663 -0.105094   0.45797
0.0121663 -0.105094   0.45797
0.0121663 -0.105094   0.45797
0.0121663 -0.105094   0.45797
0.0121663 -0.105094   0.45797
0.0121663 -0.105094   0.45797
0.0121663 -0.105094   0.45797
0.0121663 -0.105094   0.45797
0.0121663 -0.105094   0.45797
0.0121663 -0.105094   0.45797
0.0121663 -0.105094   0.45797
0.0121663 -0.105094   0.45797
0.0121663 -0.105094   0.45797
0.0121663 -0.105094   0.45797
0.0121663 -0.105094   0.45797
0.0121663 -0.105094   0.45797
0.0121663 -0.105094   0.45797
0.0121663 -0.105094   0.45797
0.0121663 -0.105094   0.45797
0.0121663 -0.105094   0.45797
0.0121663 -0.105094   0.45797
0.0121663 -0.105094   0.45797
0.0121663 -0.105094   0.45797
0.0121663 -0.105094   0.45797
0.0121663 -0.105094   0.45797
0.0121663 -0.105094   0.45797
0.0121663 -0.105094   0.45797
0.0121663 -0.105094   0.45797
0.0121663 -0.105094   0.45797
0.0121663 -0.105094   0.45797
0.0121663 -0.105094   0.45797
0.0121663 -0.105094   0.45797
0.0121663 -0.105094   0.45797
0.0121663 -0.105094   0.45797
0.0121663 -0.105094   0.45797
0.0121663 -0.105094   0.45797
0.0121663 -0.105094   0.45797
0.0121663 -0.105094   0.45797
0.0121663 -0.105094   0.45797
0.0121663 -0.105094   0.45797
0.0121663 -0.105094   0.45797
0.0121663 -0.105094   0.45797
0.0121663 -0.105094   0.45797
0.0121663 -0.105094   0.45797
0.0121663 -0.105094   0.45797
0.0121663 -0.105094   0.45797
0.0121663 -0.105094   0.45797
0.0121663 -0.105094   0.45797
0.0121663 -0.105094   0.45797
