3.8147e-06
0.00957394
0.01963
0.029686
0.039741
0.0497959
0.0598509
0.069906
0.079962
0.090029
0.1001
0.110168
0.120236
0.130291
0.140346
0.150414
0.160472
0.170537
0.180592
0.190648
0.200703
0.210759
0.220815
0.23087
0.240937
0.250995
0.261049
0.271104
0.281159
0.291215
0.30127
0.311308
0.321364
0.331419
0.341474
0.35153
0.361586
0.371641
0.381697
0.391754
0.401811
0.411879
0.421934
0.43199
0.442045
0.452101
0.462156
0.472212
0.482267
0.492323
0.50238
0.512434
0.522489
0.532545
0.542611
0.552668
0.562723
0.572779
0.582837
0.592861
0.602918
0.612975
0.623043
0.6331
0.643156
0.653211
0.663267
0.673322
0.683378
0.693434
0.70349
0.713547
0.723605
0.733661
0.743719
0.753778
0.763834
0.773889
0.783947
0.794005
0.804062
0.814121
0.824177
0.834234
0.844291
0.854349
0.864406
0.874462
0.884519
0.894574
0.904629
0.914687
0.924743
0.934802
0.944856
0.954915
0.964971
0.975027
0.985083
0.995143
1.0052
1.01522
1.02527
1.03533
1.04539
1.05545
1.06551
1.07567
1.08573
1.09578
1.10584
1.1159
1.12595
1.13601
1.14606
1.15612
1.16618
1.17624
1.18629
1.19635
1.2064
1.21646
1.22647
1.23653
1.24659
1.25665
1.26671
1.27677
1.28683
1.29689
1.30694
1.317
1.32708
1.33713
1.34719
1.35725
1.36731
1.37737
1.38742
1.39749
1.40758
1.41763
1.42769
1.43775
1.4478
1.45786
1.46791
1.47797
1.48803
1.49808
1.50814
1.5182
1.52826
1.53834
1.5484
1.55846
1.56851
1.57857
1.58863
1.59872
1.60878
1.61884
1.6289
1.63895
1.64901
1.65907
1.66913
1.67918
1.68924
1.6993
1.70935
1.71941
1.72947
1.73952
1.74958
1.75963
1.76969
1.77975
1.7898
1.79986
1.80992
1.81998
1.83003
1.84009
1.85016
1.86021
1.87027
1.88033
1.89039
1.90049
1.91055
1.92061
1.93067
1.94072
1.95078
1.96084
1.97095
1.98101
1.99108
2.00113
2.01119
2.02129
2.03136
2.04144
2.05151
2.0616
2.07166
2.08172
2.09177
2.10183
2.11188
2.12194
2.132
2.14206
2.15211
2.16217
2.17223
2.18228
2.19234
2.20241
2.21246
2.22252
2.23266
2.24272
2.25278
2.2628
2.27285
2.28297
2.29303
2.30308
2.31314
2.3232
2.33326
2.34331
2.35337
2.36343
2.37348
2.38354
2.39359
2.40365
2.41371
2.42377
2.43383
2.44389
2.45394
2.464
2.47406
2.48411
2.49417
2.50423
2.51429
2.52434
2.5344
2.54446
2.55451
2.56457
2.57463
2.58468
2.5948
2.60486
2.61492
2.62497
2.63503
2.64509
2.65515
2.66521
2.67526
2.68532
2.69538
2.70544
2.71549
2.72555
2.73561
2.74566
2.75572
2.76577
2.77583
2.78589
2.79594
2.806
2.81605
2.82611
2.83617
2.84623
2.85628
2.86634
2.87639
2.88645
2.89651
2.90656
2.91662
2.92668
2.93673
2.94679
2.95685
2.96691
2.97696
2.98702
2.99713
3.00718
3.01724
3.02729
3.03735
3.0474
3.05746
3.06751
3.07757
3.08762
3.09768
3.10774
3.11781
3.12782
3.13791
3.14793
3.15799
3.16805
3.1781
3.18816
3.19822
3.20827
3.21833
3.22838
3.23845
3.2485
3.25856
3.26862
3.27867
3.28873
3.29879
3.30884
3.31892
3.32897
3.33903
3.34909
3.35914
3.3692
3.37925
3.38931
3.39937
3.40942
3.41948
3.42954
3.4396
3.44966
3.45971
3.46977
3.47984
3.48989
3.49995
3.51001
3.52006
3.53012
3.54018
3.55024
3.56025
3.57035
3.58043
3.59044
3.6005
3.61055
3.62061
3.63067
3.64072
3.65078
3.66084
3.67089
3.68095
3.69101
3.70106
3.71112
3.72118
3.73126
3.74132
3.75138
3.76145
3.77151
3.78157
3.79163
3.80168
3.81174
3.8218
3.83186
3.84191
3.85197
3.86203
3.87209
3.88216
3.89222
3.90228
3.91236
3.92242
3.93247
3.94253
3.95259
3.96265
3.9727
3.98276
3.99282
4.00288
4.01293
4.02299
4.03305
4.04312
4.05317
4.06322
4.07328
4.08335
4.0934
4.10346
4.11352
4.12357
4.13363
4.14369
4.15374
4.1638
4.17386
4.18391
4.19397
4.20403
4.21408
4.22414
4.2342
4.24425
4.2543
4.26436
4.27441
4.28447
4.29456
4.30461
4.31467
4.32473
4.33478
4.34484
4.35493
4.36498
4.37504
