0.0165421 -0.105382  0.508616
0.0165414 -0.105383  0.508615
0.0165412  -0.10538  0.508615
0.0165396 -0.105379  0.508615
0.0165374  -0.10538  0.508614
0.016534 -0.10538 0.508613
0.0165318  -0.10538  0.508613
0.0165275  -0.10538  0.508613
0.0165249  -0.10538  0.508612
0.0165213 -0.105379  0.508612
0.0165178 -0.105381  0.508612
 0.016513 -0.105382  0.508612
0.0165096 -0.105384  0.508612
0.0165072 -0.105383  0.508612
0.0165029 -0.105386  0.508612
0.0165011 -0.105388  0.508612
0.0164987  -0.10539  0.508613
0.0164967 -0.105394  0.508613
0.0164944 -0.105398  0.508614
0.0164937 -0.105403  0.508614
0.0164933 -0.105407  0.508615
0.0164949 -0.105412  0.508615
0.0164951 -0.105419  0.508616
0.0164977 -0.105425  0.508618
0.0164995 -0.105433  0.508619
0.0165036 -0.105439  0.508621
0.0165081 -0.105456  0.508621
0.0165131 -0.105466  0.508623
0.0165202 -0.105478  0.508625
0.0165262  -0.10549  0.508627
0.0165351 -0.105504   0.50863
0.0165431 -0.105518  0.508632
 0.016553 -0.105532  0.508635
0.0165639  -0.10555  0.508638
0.0165746 -0.105566  0.508641
0.0165888 -0.105588  0.508645
0.0166027 -0.105607  0.508649
0.0166178  -0.10563  0.508653
0.0166349 -0.105654  0.508657
0.0166499 -0.105677  0.508662
0.0166681 -0.105703  0.508667
0.0166884 -0.105733  0.508671
 0.016708 -0.105759  0.508677
0.0167293 -0.105791  0.508683
0.0167527 -0.105823  0.508688
0.0167769 -0.105854  0.508695
0.0167991 -0.105888  0.508701
 0.016825 -0.105924  0.508708
0.0168499 -0.105959  0.508715
0.0168761 -0.105995  0.508722
0.0169039 -0.106035  0.508729
0.0169305 -0.106071  0.508737
0.0169581 -0.106111  0.508744
0.0169871 -0.106151  0.508752
0.0170146 -0.106189   0.50876
0.0170429 -0.106229  0.508768
0.0170725 -0.106271  0.508775
0.017101 -0.10631 0.508783
0.0171287 -0.106349  0.508791
 0.017157 -0.106387  0.508799
0.0171848 -0.106428  0.508807
0.0172134 -0.106467  0.508815
0.0172407 -0.106505  0.508823
0.0172676 -0.106541  0.508831
 0.017293 -0.106577  0.508839
0.0173186 -0.106612  0.508847
0.0173435 -0.106648  0.508854
0.0173688 -0.106682  0.508861
0.0173925 -0.106716  0.508868
 0.017419 -0.106748  0.508877
0.0174409 -0.106777  0.508884
 0.017463 -0.106806  0.508891
0.0174835 -0.106833  0.508898
0.0175032 -0.106862  0.508904
0.0175221 -0.106888   0.50891
0.0175388 -0.106913  0.508915
0.0175558 -0.106937  0.508921
0.0175722 -0.106959  0.508927
0.0175863 -0.106981  0.508931
0.0176012 -0.107001  0.508937
0.0176157 -0.107021  0.508941
0.0176292 -0.107039  0.508947
0.0176434 -0.107057  0.508951
0.0176551 -0.107074  0.508955
0.0176671 -0.107091  0.508959
0.0176786 -0.107106  0.508963
0.0176899 -0.107122  0.508967
0.0177014 -0.107134  0.508971
0.0177119 -0.107149  0.508974
0.0177211 -0.107163  0.508978
0.0177319 -0.107175  0.508981
0.0177406  -0.10719  0.508983
0.017751  -0.1072 0.508987
0.0177594 -0.107214  0.508989
0.0177685 -0.107225  0.508991
0.0177777 -0.107238  0.508994
0.0177902 -0.107254  0.508996
0.0177992 -0.107264  0.508998
0.0178071 -0.107274     0.509
0.0178167 -0.107285  0.509002
0.0178253 -0.107296  0.509003
 0.017834 -0.107305  0.509005
0.0178418 -0.107314  0.509007
0.0178503 -0.107324  0.509008
0.0178589 -0.107332  0.509009
0.0178678 -0.107344  0.509009
0.0178756  -0.10735  0.509011
0.0178839  -0.10736  0.509012
0.0178931 -0.107368  0.509012
0.0179015 -0.107377  0.509013
0.0179098 -0.107383  0.509013
 0.017918 -0.107392  0.509014
0.0179263 -0.107398  0.509014
0.0179334 -0.107404  0.509015
0.0179423 -0.107412  0.509015
0.0179493 -0.107418  0.509015
0.0179578 -0.107427  0.509014
0.0179657 -0.107433  0.509014
0.0179724 -0.107438  0.509014
0.0179807 -0.107445  0.509013
0.0179859  -0.10745  0.509013
0.0179933 -0.107454  0.509012
0.0180006 -0.107461  0.509011
0.0180087 -0.107466  0.509011
 0.018015 -0.107471   0.50901
0.0180249 -0.107474   0.50901
0.0180315 -0.107481  0.509008
0.0180391 -0.107483  0.509008
0.0180462 -0.107489  0.509006
0.0180529 -0.107492  0.509005
0.0180597 -0.107497  0.509003
0.0180665 -0.107501  0.509002
0.0180725 -0.107507     0.509
0.0180801 -0.107512  0.508998
0.0180871 -0.107515  0.508997
0.0180927 -0.107521  0.508994
0.0181004 -0.107522  0.508993
0.0181075 -0.107527  0.508991
0.0181145 -0.107531  0.508989
0.0181204 -0.107535  0.508986
0.0181277 -0.107539  0.508984
0.0181343 -0.107545  0.508982
0.0181425 -0.107549   0.50898
0.0181502 -0.107552  0.508978
0.0181568 -0.107558  0.508975
0.0181653 -0.107559  0.508973
0.0181732 -0.107565  0.508971
  0.01818 -0.107569  0.508968
0.0181886 -0.107572  0.508966
0.0181965 -0.107575  0.508964
0.0182036 -0.107581  0.508961
0.0182123 -0.107584  0.508958
0.0182205 -0.107587  0.508956
0.0182276 -0.107592  0.508953
0.0182364 -0.107593  0.508951
0.0182447 -0.107598  0.508948
0.0182535 -0.107606  0.508945
0.0182633 -0.107609  0.508942
0.0182706 -0.107611  0.508939
0.0182796 -0.107617  0.508936
0.0182881 -0.107618  0.508933
0.0182955 -0.107621   0.50893
0.0183047 -0.107624  0.508928
0.0183119 -0.107625  0.508924
0.0183214 -0.107628  0.508921
0.0183289 -0.107629  0.508918
0.0183382 -0.107634  0.508915
0.0183469 -0.107635  0.508912
0.0183557 -0.107638  0.508909
0.0183645 -0.107639  0.508906
0.0183732 -0.107641  0.508903
0.0183812 -0.107641    0.5089
  0.01839 -0.107643  0.508897
0.0183997 -0.107648  0.508893
0.0184076 -0.107648   0.50889
0.0184167  -0.10765  0.508887
0.0184257 -0.107651  0.508884
0.0184337 -0.107652  0.508881
0.0184435 -0.107655  0.508877
0.0184573 -0.107653  0.508875
0.0184636 -0.107653  0.508872
0.0184725 -0.107656  0.508869
0.0184816 -0.107657  0.508866
0.0184896 -0.107661  0.508862
0.0184992 -0.107661  0.508859
0.0185081 -0.107662  0.508855
0.0185172 -0.107665  0.508852
 0.018526 -0.107665  0.508848
0.0185349 -0.107668  0.508845
0.0185439 -0.107669  0.508841
0.0185528 -0.107671  0.508838
0.0185621 -0.107675  0.508834
0.0185706 -0.107675   0.50883
  0.01858 -0.107678  0.508826
0.0185891 -0.107679  0.508823
0.0185983 -0.107681  0.508819
0.0186067 -0.107683  0.508815
0.0186169 -0.107685  0.508811
0.0186254 -0.107688  0.508807
0.0186348 -0.107689  0.508804
0.018645 -0.10769   0.5088
0.0186545  -0.10769  0.508797
0.0186641 -0.107692  0.508793
0.0186737 -0.107695  0.508789
0.0186826 -0.107697  0.508785
0.0186923 -0.107697  0.508781
0.0187013 -0.107699  0.508777
0.0187118 -0.107699  0.508774
0.0187216 -0.107699   0.50877
0.0187313 -0.107701  0.508766
0.0187413 -0.107704  0.508762
0.0187515 -0.107703  0.508758
0.0187607 -0.107705  0.508754
 0.018771 -0.107705   0.50875
0.0187801 -0.107707  0.508746
0.0187894 -0.107709  0.508742
0.0188011 -0.107714  0.508737
0.0188108 -0.107714  0.508733
0.0188203 -0.107715  0.508729
0.0188299 -0.107715  0.508725
0.0188394 -0.107716  0.508721
0.0188492 -0.107718  0.508717
0.0188579 -0.107716  0.508714
0.0188676 -0.107717  0.508709
0.0188768 -0.107716  0.508705
0.0188872 -0.107719    0.5087
0.0188963 -0.107713  0.508698
0.0189066 -0.107718  0.508693
0.0189176  -0.10772  0.508688
0.0189278 -0.107719  0.508685
0.0189377  -0.10772   0.50868
0.0189471  -0.10772  0.508676
0.0189578  -0.10772  0.508672
0.0189672  -0.10772  0.508668
0.0189784  -0.10772  0.508664
0.0189878  -0.10772   0.50866
0.0189991  -0.10772  0.508656
0.0190086  -0.10772  0.508652
0.0190202 -0.107722  0.508648
0.0190298  -0.10772  0.508644
0.0190413 -0.107722   0.50864
0.0190511  -0.10772  0.508636
0.0190625 -0.107722  0.508632
0.0190722 -0.107723  0.508628
0.0190841 -0.107723  0.508624
0.0190938 -0.107723   0.50862
0.0191055 -0.107724  0.508616
0.0191152 -0.107723  0.508613
0.0191268 -0.107726  0.508608
0.0191365 -0.107724  0.508605
0.0191477 -0.107727    0.5086
0.0191574 -0.107725  0.508597
0.0191689 -0.107728  0.508593
0.0191794 -0.107729  0.508589
 0.019189 -0.107727  0.508586
0.0192001 -0.107729  0.508582
0.0192109 -0.107729  0.508578
0.0192214 -0.107731  0.508575
0.0192306 -0.107731  0.508571
0.0192419 -0.107731  0.508568
0.0192523 -0.107733  0.508564
0.0192626 -0.107732  0.508561
0.0192732 -0.107734  0.508557
0.0192824 -0.107734  0.508554
0.0192934 -0.107735   0.50855
0.0193024 -0.107735  0.508547
0.0193134 -0.107737  0.508543
0.0193234 -0.107737   0.50854
0.0193334 -0.107738  0.508537
0.0193443 -0.107733  0.508535
0.0193544 -0.107735  0.508531
0.0193642 -0.107734  0.508528
0.0193739 -0.107735  0.508525
0.0193836 -0.107735  0.508522
0.0193932 -0.107736  0.508518
0.0194028 -0.107738  0.508515
0.0194121 -0.107736  0.508512
 0.019422 -0.107739  0.508509
0.0194312 -0.107738  0.508506
0.0194407  -0.10774  0.508503
  0.01945 -0.107741    0.5085
0.0194592 -0.107741  0.508497
0.0194682 -0.107743  0.508495
0.0194773 -0.107745  0.508492
0.0194862 -0.107744  0.508489
0.0194952 -0.107746  0.508486
0.0195037 -0.107745  0.508484
0.0195126 -0.107748  0.508481
0.0195213  -0.10775  0.508478
0.0195299  -0.10775  0.508476
0.0195384 -0.107751  0.508473
0.0195469 -0.107753   0.50847
0.0195551 -0.107752  0.508468
0.0195634 -0.107754  0.508465
0.0195714 -0.107753  0.508463
0.0195794  -0.10776   0.50846
0.0195882 -0.107761  0.508457
 0.019596 -0.107762  0.508455
0.0196038 -0.107765  0.508453
0.0196114 -0.107765  0.508451
0.0196192 -0.107766  0.508448
0.0196266 -0.107766  0.508447
0.0196339 -0.107767  0.508445
0.0196409 -0.107769  0.508442
0.0196483 -0.107769  0.508441
0.0196553  -0.10777  0.508439
0.0196621 -0.107772  0.508437
0.0196689 -0.107771  0.508435
0.0196755 -0.107773  0.508434
 0.019682 -0.107772  0.508432
0.0196884 -0.107774  0.508431
0.0196946 -0.107775  0.508429
0.0197008 -0.107775  0.508428
0.0197067 -0.107777  0.508426
0.0197126 -0.107778  0.508425
0.0197185 -0.107778  0.508424
0.0197242  -0.10778  0.508422
0.0197298 -0.107782  0.508421
0.0197352 -0.107781   0.50842
0.0197405 -0.107783  0.508419
0.0197457 -0.107783  0.508418
0.0197508 -0.107785  0.508417
0.0197558 -0.107786  0.508416
0.0197609 -0.107781  0.508416
0.0197657 -0.107783  0.508415
0.0197703 -0.107783  0.508415
0.0197748 -0.107785  0.508414
0.0197792 -0.107785  0.508414
0.0197835 -0.107787  0.508413
0.0197877 -0.107789  0.508412
0.0197917  -0.10779  0.508412
0.0197957 -0.107792  0.508411
0.0197997 -0.107795   0.50841
0.0198033 -0.107795   0.50841
0.0198069 -0.107797   0.50841
0.0198102   -0.1078  0.508409
0.0198134   -0.1078  0.508409
0.0198165 -0.107803  0.508409
0.0198195 -0.107803  0.508409
0.0198222 -0.107806  0.508408
0.0198249 -0.107808  0.508408
0.0198273 -0.107808  0.508408
0.0198296  -0.10781  0.508408
0.0198319 -0.107813  0.508408
0.0198339 -0.107813  0.508408
0.0198358 -0.107815  0.508408
0.0198376 -0.107817  0.508408
0.0198393 -0.107822  0.508407
0.0198408 -0.107822  0.508407
0.0198422 -0.107824  0.508407
0.0198435 -0.107826  0.508407
0.0198447 -0.107826  0.508407
0.0198458 -0.107828  0.508407
0.0198466 -0.107831  0.508408
0.0198475  -0.10783  0.508408
0.0198483 -0.107832  0.508408
0.0198491 -0.107831  0.508409
0.0198497 -0.107833  0.508409
0.0198503 -0.107834  0.508409
0.0198507 -0.107834   0.50841
0.0198511 -0.107835  0.508411
0.0198517 -0.107837  0.508411
 0.019852 -0.107837  0.508412
0.0198521 -0.107838  0.508412
0.0198522 -0.107838  0.508413
0.0198521 -0.107839  0.508414
0.0198521 -0.107841  0.508414
0.0198519 -0.107841  0.508415
0.0198517 -0.107842  0.508416
0.0198514 -0.107844  0.508417
 0.019851 -0.107844  0.508418
0.0198506 -0.107846  0.508418
0.0198502 -0.107848  0.508419
0.0198496 -0.107848   0.50842
0.0198488  -0.10785  0.508421
0.0198482 -0.107844  0.508423
0.0198475 -0.107852  0.508423
 0.019847 -0.107853  0.508424
0.0198463 -0.107853  0.508425
0.0198455 -0.107854  0.508426
0.0198446 -0.107856  0.508426
0.0198438 -0.107856  0.508427
0.0198428 -0.107858  0.508428
0.0198419 -0.107858   0.50843
0.0198409 -0.107859  0.508431
0.0198398 -0.107861  0.508431
0.0198388 -0.107861  0.508433
0.0198376 -0.107863  0.508434
0.0198365 -0.107865  0.508434
0.0198353 -0.107864  0.508436
0.0198337 -0.107867  0.508437
0.0198325 -0.107866  0.508438
0.0198311 -0.107868  0.508439
0.0198298  -0.10787   0.50844
0.0198284 -0.107869  0.508442
 0.019827 -0.107871  0.508443
0.0198256 -0.107872  0.508444
0.0198242 -0.107872  0.508445
0.0198227 -0.107873  0.508447
0.0198212 -0.107875  0.508448
0.0198197 -0.107875  0.508449
0.0198181 -0.107876   0.50845
0.0198166 -0.107875  0.508452
0.0198151 -0.107871  0.508454
0.0198135  -0.10787  0.508456
 0.019812 -0.107872  0.508457
0.0198103 -0.107871  0.508458
0.0198088 -0.107873  0.508459
0.0198072 -0.107875  0.508461
0.0198053 -0.107874  0.508462
 0.019804 -0.107876  0.508463
 0.019802 -0.107878  0.508465
0.0198004 -0.107877  0.508466
0.0197987 -0.107879  0.508467
0.0197971 -0.107879  0.508469
0.0197955 -0.107881   0.50847
0.0197938 -0.107883  0.508471
0.0197924 -0.107884  0.508473
0.0197907 -0.107886  0.508474
 0.019789 -0.107888  0.508475
0.0197872 -0.107888  0.508477
0.0197855  -0.10789  0.508478
0.0197837  -0.10789  0.508479
0.0197819 -0.107892  0.508481
  0.01978 -0.107894  0.508482
0.0197782 -0.107893  0.508483
 0.019776 -0.107896  0.508485
0.0197741 -0.107898  0.508486
0.0197722 -0.107898  0.508487
0.0197702 -0.107899  0.508489
0.0197683 -0.107899   0.50849
0.0197664 -0.107905   0.50849
0.0197645 -0.107905  0.508492
0.0197625 -0.107906  0.508493
0.0197606 -0.107908  0.508494
0.0197587 -0.107907  0.508496
0.0197563 -0.107908  0.508497
0.0197545 -0.107907  0.508498
0.0197526 -0.107908    0.5085
0.0197512 -0.107909  0.508501
0.0197494 -0.107908  0.508502
0.0197476 -0.107909  0.508504
0.0197458 -0.107911  0.508505
0.0197441  -0.10791  0.508507
0.0197423  -0.10791  0.508508
0.0197406  -0.10791  0.508509
0.0197389  -0.10791  0.508511
0.0197372 -0.107912  0.508512
 0.019735 -0.107911  0.508514
0.0197333 -0.107912  0.508515
0.0197316 -0.107913  0.508516
0.0197299 -0.107913  0.508518
0.0197284 -0.107914  0.508519
0.0197267 -0.107913   0.50852
 0.019725 -0.107914  0.508522
0.0197232 -0.107916  0.508523
0.0197215 -0.107915  0.508524
0.0197195 -0.107916  0.508525
0.0197177 -0.107918  0.508526
0.0197162 -0.107918  0.508528
0.0197144 -0.107919  0.508529
0.0197125 -0.107919  0.508531
0.0197107  -0.10792  0.508532
0.0197089 -0.107922  0.508533
0.0197071 -0.107922  0.508534
0.0197052 -0.107923  0.508535
0.0197034 -0.107925  0.508536
0.0197014 -0.107926  0.508538
0.0196995 -0.107927  0.508539
0.0196977 -0.107926   0.50854
0.0196959 -0.107928  0.508541
0.0196941 -0.107929  0.508542
0.0196923 -0.107929  0.508543
0.0196904  -0.10793  0.508544
0.0196887 -0.107932  0.508545
0.0196869 -0.107931  0.508547
0.0196852 -0.107932  0.508548
0.0196836 -0.107925   0.50855
0.0196819 -0.107927  0.508551
0.0196802 -0.107926  0.508553
0.0196785 -0.107927  0.508554
0.0196768 -0.107926  0.508555
0.0196752 -0.107927  0.508556
0.0196736 -0.107928  0.508557
0.0196719 -0.107928  0.508558
0.0196704 -0.107929  0.508559
0.0196683  -0.10793   0.50856
0.019667 -0.10793 0.508562
0.0196654 -0.107931  0.508563
0.0196638 -0.107931  0.508564
0.0196623 -0.107933  0.508565
0.0196607 -0.107934  0.508566
0.0196592 -0.107934  0.508567
0.0196577 -0.107935  0.508568
0.0196561 -0.107937  0.508569
0.0196546 -0.107936   0.50857
 0.019653 -0.107938  0.508571
0.0196514 -0.107937  0.508572
0.0196499 -0.107939  0.508573
0.0196485 -0.107942  0.508573
0.0196468 -0.107939  0.508576
0.0196454 -0.107945  0.508575
0.0196438 -0.107944  0.508576
0.0196423 -0.107945  0.508577
0.0196407 -0.107944  0.508579
0.0196391 -0.107945  0.508579
0.0196376 -0.107947   0.50858
0.0196361 -0.107946  0.508581
0.0196346 -0.107946  0.508582
0.0196331 -0.107948  0.508583
 0.019631 -0.107947  0.508584
0.0196297 -0.107949  0.508585
0.0196282 -0.107947  0.508586
0.0196268 -0.107948  0.508587
0.0196253 -0.107949  0.508588
0.0196238 -0.107948  0.508589
0.0196224 -0.107949   0.50859
0.0196209  -0.10795   0.50859
0.0196194 -0.107949  0.508592
0.0196179 -0.107949  0.508592
0.0196165 -0.107948  0.508594
 0.019615 -0.107949  0.508594
0.0196135  -0.10795  0.508595
 0.019612 -0.107949  0.508596
0.0196108 -0.107949  0.508597
 0.019609 -0.107952  0.508597
0.0196076 -0.107951  0.508599
0.0196061 -0.107952  0.508599
0.0196046 -0.107951    0.5086
0.0196033 -0.107946  0.508602
0.0196019 -0.107946  0.508603
0.0196005 -0.107947  0.508604
0.0195991 -0.107946  0.508605
0.0195977 -0.107947  0.508606
0.0195963 -0.107949  0.508606
0.0195949 -0.107948  0.508607
0.0195936 -0.107949  0.508608
0.0195922 -0.107951  0.508609
0.0195909  -0.10795   0.50861
0.0195893 -0.107952   0.50861
 0.019588 -0.107951  0.508611
0.0195867 -0.107954  0.508612
0.0195854 -0.107955  0.508612
0.0195841 -0.107955  0.508613
0.0195828 -0.107956  0.508614
0.0195815 -0.107956  0.508615
0.0195802 -0.107957  0.508615
0.0195789 -0.107959  0.508616
0.0195776 -0.107958  0.508617
0.0195763 -0.107959  0.508618
0.0195749 -0.107961  0.508618
0.0195736  -0.10796  0.508619
0.0195723 -0.107961   0.50862
 0.019571 -0.107965  0.508619
0.0195697 -0.107966   0.50862
0.0195683 -0.107965  0.508621
0.0195669 -0.107961  0.508623
0.0195656 -0.107964  0.508622
0.0195643 -0.107966  0.508623
 0.019563 -0.107966  0.508623
0.0195616 -0.107965  0.508624
0.0195603 -0.107965  0.508625
 0.019559 -0.107966  0.508625
0.0195578 -0.107965  0.508627
0.0195565 -0.107965  0.508627
0.0195553 -0.107964  0.508628
 0.019554 -0.107965  0.508629
0.0195528 -0.107965  0.508629
0.0195516 -0.107964   0.50863
0.0195504 -0.107965  0.508631
0.0195492 -0.107963  0.508632
 0.019548 -0.107964  0.508632
0.0195468 -0.107965  0.508633
0.0195456 -0.107964  0.508633
0.0195441 -0.107965  0.508634
 0.019543 -0.107967  0.508634
0.0195418 -0.107966  0.508635
0.0195406 -0.107966  0.508636
0.0195395 -0.107965  0.508637
0.0195383 -0.107966  0.508637
0.0195371 -0.107967  0.508638
0.0195359 -0.107966  0.508638
0.0195346 -0.107967  0.508639
0.0195334 -0.107967   0.50864
0.0195322 -0.107968   0.50864
0.0195311 -0.107962  0.508642
0.0195297 -0.107968  0.508641
0.0195284  -0.10797  0.508642
0.0195272 -0.107971  0.508642
0.0195259  -0.10797  0.508643
0.0195246 -0.107972  0.508643
0.0195234 -0.107971  0.508644
0.0195221 -0.107972  0.508644
0.0195209 -0.107974  0.508645
0.0195196 -0.107973  0.508646
0.0195184 -0.107974  0.508646
0.0195171 -0.107973  0.508647
0.0195159 -0.107974  0.508647
0.0195146 -0.107975  0.508647
0.0195134 -0.107974  0.508648
0.0195122 -0.107975  0.508649
0.0195111 -0.107969   0.50865
0.0195099  -0.10797  0.508651
0.0195087 -0.107969  0.508652
0.0195075 -0.107969  0.508652
0.0195063 -0.107971  0.508652
0.0195051  -0.10797  0.508653
0.0195041 -0.107971  0.508653
0.019503 -0.10797 0.508654
0.0195019 -0.107971  0.508655
0.0195002 -0.107972  0.508655
0.0194993 -0.107971  0.508656
0.0194982 -0.107972  0.508656
0.0194971 -0.107972  0.508657
0.0194961 -0.107973  0.508657
0.0194951 -0.107974  0.508658
 0.019494 -0.107973  0.508658
 0.019493 -0.107974  0.508659
0.0194919 -0.107973  0.508659
0.0194909 -0.107975   0.50866
0.0194898 -0.107976   0.50866
0.0194888 -0.107975  0.508661
0.0194877 -0.107976  0.508661
0.0194866 -0.107977  0.508662
0.0194856 -0.107981  0.508661
0.0194845  -0.10798  0.508662
0.0194834 -0.107981  0.508662
0.0194823 -0.107982  0.508662
0.0194806 -0.107981  0.508663
0.0194797 -0.107983  0.508664
0.0194786 -0.107981  0.508664
0.0194775 -0.107982  0.508665
0.0194766 -0.107984  0.508665
0.0194756 -0.107982  0.508666
0.0194745 -0.107983  0.508666
0.0194734 -0.107982  0.508667
0.0194723 -0.107982  0.508667
0.0194712 -0.107983  0.508667
0.0194702 -0.107982  0.508668
0.0194691 -0.107983  0.508668
 0.019468 -0.107981  0.508669
0.0194669 -0.107983  0.508669
0.0194658 -0.107983  0.508669
0.0194647 -0.107982   0.50867
0.0194636 -0.107983   0.50867
0.0194625 -0.107984  0.508671
0.0194615 -0.107977  0.508672
0.0194604 -0.107976  0.508673
0.0194593 -0.107977  0.508673
0.0194582 -0.107976  0.508674
0.0194572 -0.107977  0.508674
0.0194561 -0.107978  0.508674
0.0194553 -0.107978  0.508675
0.0194542 -0.107979  0.508675
0.0194526  -0.10798  0.508676
0.0194516 -0.107979  0.508676
0.0194506  -0.10798  0.508677
0.0194496 -0.107979  0.508677
0.0194486 -0.107981  0.508677
0.0194477 -0.107982  0.508678
0.0194471 -0.107981  0.508678
0.0194462 -0.107982  0.508679
0.0194452 -0.107981  0.508679
0.0194442 -0.107988  0.508679
0.0194432 -0.107989  0.508679
0.0194423  -0.10799  0.508679
0.0194413 -0.107989   0.50868
0.0194404  -0.10799   0.50868
0.0194394 -0.107989   0.50868
0.0194385 -0.107991  0.508681
0.0194375 -0.107991  0.508681
0.0194365  -0.10799  0.508682
0.0194355 -0.107991  0.508682
0.0194346 -0.107992  0.508682
0.0194336 -0.107991  0.508683
0.0194326 -0.107992  0.508683
0.0194316  -0.10799  0.508683
0.0194305 -0.107991  0.508684
0.0194296 -0.107992  0.508684
0.0194285 -0.107991  0.508684
0.0194275 -0.107991  0.508685
0.0194265  -0.10799  0.508685
0.0194254  -0.10799  0.508686
0.0194244 -0.107991  0.508686
0.0194234  -0.10799  0.508686
0.0194224  -0.10799  0.508687
0.0194214 -0.107989  0.508687
0.0194203 -0.107989  0.508688
0.0194194  -0.10799  0.508688
0.0194184 -0.107989  0.508688
0.0194174  -0.10799  0.508689
0.0194164 -0.107988  0.508689
0.0194154 -0.107989  0.508689
0.0194145  -0.10799   0.50869
0.0194135 -0.107989   0.50869
0.0194126  -0.10799   0.50869
0.0194116 -0.107989  0.508691
0.0194107  -0.10799  0.508691
0.0194097 -0.107991  0.508691
0.0194088  -0.10799  0.508692
0.0194079  -0.10799  0.508692
 0.019407 -0.107989  0.508693
0.0194061 -0.107991  0.508693
0.0194039 -0.107986  0.508695
0.0194039 -0.107986  0.508695
 0.019403 -0.107985  0.508695
0.0194021 -0.107986  0.508695
0.0194014 -0.107989  0.508696
0.0193995 -0.107989  0.508697
0.0193985 -0.107986  0.508697
0.0193951    -0.108  0.508696
0.0193969 -0.107988  0.508697
0.0193959 -0.107987  0.508698
0.0193951 -0.107988  0.508698
0.0193941 -0.107987  0.508699
0.0193932 -0.107989  0.508699
0.0193932 -0.107989  0.508699
0.0193924  -0.10799  0.508699
0.0193914 -0.107989  0.508699
0.0193906  -0.10799    0.5087
0.0193897 -0.107991    0.5087
0.0193878 -0.107993  0.508701
0.0193871 -0.107992  0.508701
0.0193861 -0.107991  0.508701
0.0193851 -0.107992  0.508701
0.0193843 -0.107991  0.508702
0.0193834 -0.107992  0.508702
0.0193825 -0.107991  0.508702
0.0193816 -0.107992  0.508703
0.0193807 -0.107994  0.508703
0.0193795 -0.107993  0.508703
0.0193787 -0.107997  0.508703
0.019378   -0.108 0.508703
0.0193771 -0.108001  0.508703
0.0193762    -0.108  0.508704
0.0193754 -0.108001  0.508704
0.0193745    -0.108  0.508704
0.0193745    -0.108  0.508704
0.0193738 -0.108001  0.508705
0.0193719    -0.108  0.508705
 0.019371 -0.107996  0.508706
  0.01937 -0.107998  0.508706
0.0193691 -0.107998  0.508706
0.0193684 -0.108001  0.508706
0.0193675    -0.108  0.508707
0.0193666    -0.108  0.508707
0.0193656 -0.107997  0.508707
0.0193649 -0.107999  0.508707
0.0193642 -0.108001  0.508707
0.0193633 -0.107999  0.508708
0.0193624    -0.108  0.508708
0.0193616 -0.107998  0.508709
0.0193607 -0.107999  0.508709
0.0193597 -0.107998  0.508709
0.0193589 -0.107997  0.508709
 0.019358 -0.107997  0.508709
0.0193572 -0.107996   0.50871
0.0193564 -0.107996   0.50871
0.0193556 -0.107997   0.50871
0.0193548 -0.107996  0.508711
 0.019354 -0.107997  0.508711
0.0193533 -0.107995  0.508712
0.0193525 -0.107996  0.508712
0.0193517 -0.107997  0.508712
 0.019351 -0.107997  0.508712
0.0193503 -0.107997  0.508713
0.0193496 -0.107996  0.508713
0.0193491 -0.107999  0.508714
0.0193482 -0.107999  0.508713
0.0193473    -0.108  0.508714
0.0193464 -0.107999  0.508714
0.0193457 -0.107998  0.508715
0.0193449 -0.107999  0.508715
0.0193442 -0.108001  0.508715
0.0193434    -0.108  0.508715
0.0193426 -0.107993  0.508717
0.0193419 -0.107994  0.508717
 0.019341 -0.107993  0.508717
0.0193403 -0.107996  0.508717
0.0193393 -0.107995  0.508717
0.0193385 -0.107994  0.508718
0.0193378 -0.107996  0.508718
0.0193369 -0.107995  0.508718
0.0193359 -0.107995  0.508718
