0.0165433 -0.105383  0.508616
0.0165444 -0.105384  0.508619
0.0165475 -0.105388  0.508626
0.0165528 -0.105394  0.508639
0.0165601 -0.105404  0.508657
0.0165695 -0.105415   0.50868
0.016581 -0.10543 0.508707
0.0165946 -0.105447   0.50874
0.0166103 -0.105467  0.508778
0.0166281 -0.105489  0.508821
 0.016648 -0.105514  0.508869
  0.01667 -0.105542  0.508922
0.0166941 -0.105572   0.50898
0.0167203 -0.105605  0.509044
0.0167485  -0.10564  0.509112
0.0167789 -0.105678  0.509185
0.0168113 -0.105719  0.509264
0.0168459 -0.105763  0.509347
0.0168825 -0.105809  0.509436
0.0169213 -0.105857  0.509529
0.0169621 -0.105909  0.509628
 0.017005 -0.105963  0.509732
0.0170501 -0.106019   0.50984
0.0170972 -0.106078  0.509954
0.0171464  -0.10614  0.510073
0.0171977 -0.106205  0.510197
0.0172511 -0.106272  0.510326
0.0173065 -0.106341   0.51046
0.0173641 -0.106414  0.510599
0.0174235 -0.106488  0.510742
0.0174852 -0.106566  0.510892
0.0175491 -0.106646  0.511046
 0.017615 -0.106729  0.511205
0.0176828 -0.106814  0.511369
0.0177497 -0.106898  0.511531
0.0178145 -0.106979  0.511687
0.0178772 -0.107058  0.511839
0.0179378 -0.107134  0.511985
0.0179964 -0.107208  0.512126
0.0180528 -0.107279  0.512263
0.0181071 -0.107347  0.512394
0.0181593 -0.107412   0.51252
0.0182095 -0.107475  0.512641
0.0182576 -0.107536  0.512757
0.0183035 -0.107593  0.512868
0.0183474 -0.107649  0.512974
0.0183892 -0.107701  0.513075
0.0184288 -0.107751  0.513171
0.0184664 -0.107798  0.513262
0.0185019 -0.107843  0.513348
0.0185353 -0.107885  0.513428
0.0185666 -0.107924  0.513504
0.0185959 -0.107961  0.513575
 0.018623 -0.107995   0.51364
0.0186479 -0.108026    0.5137
0.0186709 -0.108055  0.513756
0.0186918 -0.108081  0.513806
0.0187105 -0.108105  0.513851
0.0187272 -0.108126  0.513892
0.0187418 -0.108144  0.513927
0.0187543  -0.10816  0.513957
0.0187647 -0.108173  0.513982
 0.018773 -0.108183  0.514002
0.0187792 -0.108191  0.514017
0.0187833 -0.108196  0.514027
0.0187853 -0.108199  0.514032
0.0187855 -0.108199  0.514033
0.0187855 -0.108199  0.514033
0.0187855 -0.108199  0.514033
0.0187855 -0.108199  0.514033
0.0187855 -0.108199  0.514033
0.0187855 -0.108199  0.514033
0.0187855 -0.108199  0.514033
0.0187855 -0.108199  0.514033
0.0187855 -0.108199  0.514033
0.0187855 -0.108199  0.514033
0.0187855 -0.108199  0.514033
0.0187855 -0.108199  0.514033
0.0187855 -0.108199  0.514033
0.0187855 -0.108199  0.514033
0.0187855 -0.108199  0.514033
0.0187855 -0.108199  0.514033
0.0187855 -0.108199  0.514033
0.0187855 -0.108199  0.514033
0.0187855 -0.108199  0.514033
0.0187855 -0.108199  0.514033
0.0187855 -0.108199  0.514033
0.0187855 -0.108199  0.514033
0.0187855 -0.108199  0.514033
0.0187855 -0.108199  0.514033
0.0187855 -0.108199  0.514033
0.0187855 -0.108199  0.514033
0.0187855 -0.108199  0.514033
0.0187855 -0.108199  0.514033
0.0187855 -0.108199  0.514033
0.0187855 -0.108199  0.514033
0.0187855 -0.108199  0.514033
0.0187855 -0.108199  0.514033
0.0187855 -0.108199  0.514033
0.0187855 -0.108199  0.514033
0.0187855 -0.108199  0.514033
0.0187855 -0.108199  0.514033
0.0187855 -0.108199  0.514033
0.0187855 -0.108199  0.514033
0.0187855 -0.108199  0.514033
0.0187855 -0.108199  0.514033
0.0187855 -0.108199  0.514033
0.0187855 -0.108199  0.514033
0.0187855 -0.108199  0.514033
0.0187855 -0.108199  0.514033
0.0187855 -0.108199  0.514033
0.0187855 -0.108199  0.514033
0.0187855 -0.108199  0.514033
0.0187855 -0.108199  0.514033
0.0187855 -0.108199  0.514033
0.0187855 -0.108199  0.514033
0.0187855 -0.108199  0.514033
0.0187855 -0.108199  0.514033
0.0187855 -0.108199  0.514033
0.0187855 -0.108199  0.514033
0.0187855 -0.108199  0.514033
0.0187855 -0.108199  0.514033
0.0187855 -0.108199  0.514033
0.0187855 -0.108199  0.514033
0.0187855 -0.108199  0.514033
0.0187855 -0.108199  0.514033
0.0187855 -0.108199  0.514033
0.0187855 -0.108199  0.514033
0.0187855 -0.108199  0.514033
0.0187855 -0.108199  0.514033
0.0187855 -0.108199  0.514033
0.0187855 -0.108199  0.514033
0.0187855 -0.108199  0.514033
0.0187855 -0.108199  0.514033
0.0187855 -0.108199  0.514033
0.0187855 -0.108199  0.514033
0.0187855 -0.108199  0.514033
0.0187855 -0.108199  0.514033
0.0187855 -0.108199  0.514033
0.0187855 -0.108199  0.514033
0.0187855 -0.108199  0.514033
0.0187855 -0.108199  0.514033
0.0187855 -0.108199  0.514033
0.0187855 -0.108199  0.514033
0.0187855 -0.108199  0.514033
0.0187855 -0.108199  0.514033
0.0187855 -0.108199  0.514033
0.0187855 -0.108199  0.514033
0.0187855 -0.108199  0.514033
0.0187855 -0.108199  0.514033
0.0187855 -0.108199  0.514033
0.0187855 -0.108199  0.514033
0.0187855 -0.108199  0.514033
0.0187855 -0.108199  0.514033
0.0187855 -0.108199  0.514033
0.0187855 -0.108199  0.514033
0.0187855 -0.108199  0.514033
0.0187855 -0.108199  0.514033
0.0187855 -0.108199  0.514033
0.0187855 -0.108199  0.514033
0.0187855 -0.108199  0.514033
0.0187855 -0.108199  0.514033
0.0187855 -0.108199  0.514033
0.0187855 -0.108199  0.514033
0.0187855 -0.108199  0.514033
0.0187855 -0.108199  0.514033
0.0187855 -0.108199  0.514033
0.0187855 -0.108199  0.514033
0.0187855 -0.108199  0.514033
0.0187855 -0.108199  0.514033
0.0187855 -0.108199  0.514033
0.0187855 -0.108199  0.514033
0.0187855 -0.108199  0.514033
0.0187855 -0.108199  0.514033
0.0187855 -0.108199  0.514033
0.0187855 -0.108199  0.514033
0.0187855 -0.108199  0.514033
0.0187855 -0.108199  0.514033
0.0187855 -0.108199  0.514033
0.0187855 -0.108199  0.514033
0.0187855 -0.108199  0.514033
0.0187855 -0.108199  0.514033
0.0187855 -0.108199  0.514033
0.0187855 -0.108199  0.514033
0.0187855 -0.108199  0.514033
0.0187855 -0.108199  0.514033
0.0187855 -0.108199  0.514033
0.0187855 -0.108199  0.514033
0.0187855 -0.108199  0.514033
0.0187855 -0.108199  0.514033
0.0187855 -0.108199  0.514033
0.0187855 -0.108199  0.514033
0.0187855 -0.108199  0.514033
0.0187855 -0.108199  0.514033
0.0187855 -0.108199  0.514033
0.0187855 -0.108199  0.514033
0.0187855 -0.108199  0.514033
0.0187855 -0.108199  0.514033
0.0187855 -0.108199  0.514033
0.0187855 -0.108199  0.514033
0.0187855 -0.108199  0.514033
0.0187855 -0.108199  0.514033
0.0187855 -0.108199  0.514033
0.0187855 -0.108199  0.514033
0.0187855 -0.108199  0.514033
0.0187855 -0.108199  0.514033
0.0187855 -0.108199  0.514033
0.0187855 -0.108199  0.514033
0.0187855 -0.108199  0.514033
0.0187855 -0.108199  0.514033
0.0187855 -0.108199  0.514033
0.0187855 -0.108199  0.514033
0.0187855 -0.108199  0.514033
0.0187855 -0.108199  0.514033
0.0187855 -0.108199  0.514033
0.0187855 -0.108199  0.514033
0.0187855 -0.108199  0.514033
0.0187855 -0.108199  0.514033
0.0187855 -0.108199  0.514033
0.0187855 -0.108199  0.514033
0.0187855 -0.108199  0.514033
0.0187855 -0.108199  0.514033
0.0187855 -0.108199  0.514033
0.0187855 -0.108199  0.514033
0.0187855 -0.108199  0.514033
0.0187855 -0.108199  0.514033
0.0187855 -0.108199  0.514033
0.0187855 -0.108199  0.514033
0.0187855 -0.108199  0.514033
0.0187855 -0.108199  0.514033
0.0187855 -0.108199  0.514033
0.0187855 -0.108199  0.514033
0.0187855 -0.108199  0.514033
0.0187855 -0.108199  0.514033
0.0187855 -0.108199  0.514033
0.0187855 -0.108199  0.514033
0.0187855 -0.108199  0.514033
0.0187855 -0.108199  0.514033
0.0187855 -0.108199  0.514033
0.0187855 -0.108199  0.514033
0.0187855 -0.108199  0.514033
0.0187855 -0.108199  0.514033
0.0187855 -0.108199  0.514033
0.0187855 -0.108199  0.514033
0.0187855 -0.108199  0.514033
0.0187855 -0.108199  0.514033
0.0187855 -0.108199  0.514033
0.0187855 -0.108199  0.514033
0.0187855 -0.108199  0.514033
0.0187855 -0.108199  0.514033
0.0187855 -0.108199  0.514033
0.0187855 -0.108199  0.514033
0.0187855 -0.108199  0.514033
0.0187855 -0.108199  0.514033
0.0187855 -0.108199  0.514033
0.0187855 -0.108199  0.514033
0.0187855 -0.108199  0.514033
0.0187855 -0.108199  0.514033
0.0187855 -0.108199  0.514033
0.0187855 -0.108199  0.514033
0.0187855 -0.108199  0.514033
0.0187855 -0.108199  0.514033
0.0187855 -0.108199  0.514033
0.0187855 -0.108199  0.514033
0.0187855 -0.108199  0.514033
0.0187855 -0.108199  0.514033
0.0187855 -0.108199  0.514033
0.0187855 -0.108199  0.514033
0.0187855 -0.108199  0.514033
0.0187855 -0.108199  0.514033
0.0187855 -0.108199  0.514033
0.0187855 -0.108199  0.514033
0.0187855 -0.108199  0.514033
0.0187855 -0.108199  0.514033
0.0187855 -0.108199  0.514033
0.0187855 -0.108199  0.514033
0.0187855 -0.108199  0.514033
0.0187855 -0.108199  0.514033
0.0187855 -0.108199  0.514033
0.0187855 -0.108199  0.514033
0.0187855 -0.108199  0.514033
0.0187855 -0.108199  0.514033
0.0187855 -0.108199  0.514033
0.0187855 -0.108199  0.514033
0.0187855 -0.108199  0.514033
0.0187855 -0.108199  0.514033
0.0187855 -0.108199  0.514033
0.0187855 -0.108199  0.514033
0.0187855 -0.108199  0.514033
0.0187855 -0.108199  0.514033
0.0187855 -0.108199  0.514033
0.0187855 -0.108199  0.514033
0.0187855 -0.108199  0.514033
0.0187855 -0.108199  0.514033
0.0187855 -0.108199  0.514033
0.0187855 -0.108199  0.514033
0.0187855 -0.108199  0.514033
0.0187855 -0.108199  0.514033
0.0187855 -0.108199  0.514033
0.0187855 -0.108199  0.514033
0.0187855 -0.108199  0.514033
0.0187855 -0.108199  0.514033
0.0187855 -0.108199  0.514033
0.0187855 -0.108199  0.514033
0.0187855 -0.108199  0.514033
0.0187855 -0.108199  0.514033
0.0187855 -0.108199  0.514033
0.0187855 -0.108199  0.514033
0.0187855 -0.108199  0.514033
0.0187855 -0.108199  0.514033
0.0187855 -0.108199  0.514033
0.0187855 -0.108199  0.514033
0.0187855 -0.108199  0.514033
0.0187855 -0.108199  0.514033
0.0187855 -0.108199  0.514033
0.0187855 -0.108199  0.514033
0.0187855 -0.108199  0.514033
0.0187855 -0.108199  0.514033
0.0187855 -0.108199  0.514033
0.0187855 -0.108199  0.514033
0.0187855 -0.108199  0.514033
0.0187855 -0.108199  0.514033
0.0187855 -0.108199  0.514033
0.0187855 -0.108199  0.514033
0.0187855 -0.108199  0.514033
0.0187855 -0.108199  0.514033
0.0187855 -0.108199  0.514033
0.0187855 -0.108199  0.514033
0.0187855 -0.108199  0.514033
0.0187855 -0.108199  0.514033
0.0187855 -0.108199  0.514033
0.0187855 -0.108199  0.514033
0.0187855 -0.108199  0.514033
0.0187855 -0.108199  0.514033
0.0187855 -0.108199  0.514033
0.0187855 -0.108199  0.514033
0.0187855 -0.108199  0.514033
0.0187855 -0.108199  0.514033
0.0187855 -0.108199  0.514033
0.0187855 -0.108199  0.514033
0.0187855 -0.108199  0.514033
0.0187855 -0.108199  0.514033
0.0187855 -0.108199  0.514033
0.0187855 -0.108199  0.514033
0.0187855 -0.108199  0.514033
0.0187855 -0.108199  0.514033
0.0187855 -0.108199  0.514033
0.0187855 -0.108199  0.514033
0.0187855 -0.108199  0.514033
0.0187855 -0.108199  0.514033
0.0187855 -0.108199  0.514033
0.0187855 -0.108199  0.514033
0.0187855 -0.108199  0.514033
0.0187855 -0.108199  0.514033
0.0187855 -0.108199  0.514033
0.0187855 -0.108199  0.514033
0.0187855 -0.108199  0.514033
0.0187855 -0.108199  0.514033
0.0187855 -0.108199  0.514033
0.0187855 -0.108199  0.514033
0.0187855 -0.108199  0.514033
0.0187855 -0.108199  0.514033
0.0187855 -0.108199  0.514033
0.0187855 -0.108199  0.514033
0.0187855 -0.108199  0.514033
0.0187855 -0.108199  0.514033
0.0187855 -0.108199  0.514033
0.0187855 -0.108199  0.514033
0.0187855 -0.108199  0.514033
0.0187855 -0.108199  0.514033
0.0187855 -0.108199  0.514033
0.0187855 -0.108199  0.514033
0.0187855 -0.108199  0.514033
0.0187855 -0.108199  0.514033
0.0187855 -0.108199  0.514033
0.0187855 -0.108199  0.514033
0.0187855 -0.108199  0.514033
0.0187855 -0.108199  0.514033
0.0187855 -0.108199  0.514033
0.0187855 -0.108199  0.514033
0.0187855 -0.108199  0.514033
0.0187855 -0.108199  0.514033
0.0187855 -0.108199  0.514033
0.0187855 -0.108199  0.514033
0.0187855 -0.108199  0.514033
0.0187855 -0.108199  0.514033
0.0187855 -0.108199  0.514033
0.0187855 -0.108199  0.514033
0.0187855 -0.108199  0.514033
0.0187855 -0.108199  0.514033
0.0187855 -0.108199  0.514033
0.0187855 -0.108199  0.514033
0.0187855 -0.108199  0.514033
0.0187855 -0.108199  0.514033
0.0187855 -0.108199  0.514033
0.0187855 -0.108199  0.514033
0.0187855 -0.108199  0.514033
0.0187855 -0.108199  0.514033
0.0187855 -0.108199  0.514033
0.0187855 -0.108199  0.514033
0.0187855 -0.108199  0.514033
0.0187855 -0.108199  0.514033
0.0187855 -0.108199  0.514033
0.0187855 -0.108199  0.514033
0.0187855 -0.108199  0.514033
0.0187855 -0.108199  0.514033
0.0187855 -0.108199  0.514033
0.0187855 -0.108199  0.514033
0.0187855 -0.108199  0.514033
0.0187855 -0.108199  0.514033
0.0187855 -0.108199  0.514033
0.0187855 -0.108199  0.514033
0.0187855 -0.108199  0.514033
0.0187855 -0.108199  0.514033
0.0187855 -0.108199  0.514033
0.0187855 -0.108199  0.514033
0.0187855 -0.108199  0.514033
0.0187855 -0.108199  0.514033
0.0187855 -0.108199  0.514033
0.0187855 -0.108199  0.514033
0.0187855 -0.108199  0.514033
0.0187855 -0.108199  0.514033
0.0187855 -0.108199  0.514033
0.0187855 -0.108199  0.514033
0.0187855 -0.108199  0.514033
0.0187855 -0.108199  0.514033
0.0187855 -0.108199  0.514033
0.0187855 -0.108199  0.514033
0.0187855 -0.108199  0.514033
0.0187855 -0.108199  0.514033
0.0187855 -0.108199  0.514033
0.0187855 -0.108199  0.514033
0.0187855 -0.108199  0.514033
0.0187855 -0.108199  0.514033
0.0187855 -0.108199  0.514033
0.0187855 -0.108199  0.514033
0.0187855 -0.108199  0.514033
0.0187855 -0.108199  0.514033
0.0187855 -0.108199  0.514033
0.0187855 -0.108199  0.514033
0.0187855 -0.108199  0.514033
0.0187855 -0.108199  0.514033
0.0187855 -0.108199  0.514033
0.0187855 -0.108199  0.514033
0.0187855 -0.108199  0.514033
0.0187855 -0.108199  0.514033
0.0187855 -0.108199  0.514033
0.0187855 -0.108199  0.514033
0.0187855 -0.108199  0.514033
0.0187855 -0.108199  0.514033
0.0187855 -0.108199  0.514033
0.0187855 -0.108199  0.514033
0.0187855 -0.108199  0.514033
0.0187855 -0.108199  0.514033
0.0187855 -0.108199  0.514033
0.0187855 -0.108199  0.514033
0.0187855 -0.108199  0.514033
0.0187855 -0.108199  0.514033
0.0187855 -0.108199  0.514033
0.0187855 -0.108199  0.514033
0.0187855 -0.108199  0.514033
0.0187855 -0.108199  0.514033
0.0187855 -0.108199  0.514033
0.0187855 -0.108199  0.514033
0.0187855 -0.108199  0.514033
0.0187855 -0.108199  0.514033
0.0187855 -0.108199  0.514033
0.0187855 -0.108199  0.514033
0.0187855 -0.108199  0.514033
0.0187855 -0.108199  0.514033
0.0187855 -0.108199  0.514033
0.0187855 -0.108199  0.514033
0.0187855 -0.108199  0.514033
0.0187855 -0.108199  0.514033
0.0187855 -0.108199  0.514033
0.0187855 -0.108199  0.514033
0.0187855 -0.108199  0.514033
0.0187855 -0.108199  0.514033
0.0187855 -0.108199  0.514033
0.0187855 -0.108199  0.514033
0.0187855 -0.108199  0.514033
0.0187855 -0.108199  0.514033
0.0187855 -0.108199  0.514033
0.0187855 -0.108199  0.514033
0.0187855 -0.108199  0.514033
0.0187855 -0.108199  0.514033
0.0187855 -0.108199  0.514033
0.0187855 -0.108199  0.514033
0.0187855 -0.108199  0.514033
0.0187855 -0.108199  0.514033
0.0187855 -0.108199  0.514033
0.0187855 -0.108199  0.514033
0.0187855 -0.108199  0.514033
0.0187855 -0.108199  0.514033
0.0187855 -0.108199  0.514033
0.0187855 -0.108199  0.514033
0.0187855 -0.108199  0.514033
0.0187855 -0.108199  0.514033
0.0187855 -0.108199  0.514033
0.0187855 -0.108199  0.514033
0.0187855 -0.108199  0.514033
0.0187855 -0.108199  0.514033
0.0187855 -0.108199  0.514033
0.0187855 -0.108199  0.514033
0.0187855 -0.108199  0.514033
0.0187855 -0.108199  0.514033
0.0187855 -0.108199  0.514033
0.0187855 -0.108199  0.514033
0.0187855 -0.108199  0.514033
0.0187855 -0.108199  0.514033
0.0187855 -0.108199  0.514033
0.0187855 -0.108199  0.514033
0.0187855 -0.108199  0.514033
0.0187855 -0.108199  0.514033
0.0187855 -0.108199  0.514033
0.0187855 -0.108199  0.514033
0.0187855 -0.108199  0.514033
0.0187855 -0.108199  0.514033
0.0187855 -0.108199  0.514033
0.0187855 -0.108199  0.514033
0.0187855 -0.108199  0.514033
0.0187855 -0.108199  0.514033
0.0187855 -0.108199  0.514033
0.0187855 -0.108199  0.514033
0.0187855 -0.108199  0.514033
0.0187855 -0.108199  0.514033
0.0187855 -0.108199  0.514033
0.0187855 -0.108199  0.514033
0.0187855 -0.108199  0.514033
0.0187855 -0.108199  0.514033
0.0187855 -0.108199  0.514033
0.0187855 -0.108199  0.514033
0.0187855 -0.108199  0.514033
0.0187855 -0.108199  0.514033
0.0187855 -0.108199  0.514033
0.0187855 -0.108199  0.514033
0.0187855 -0.108199  0.514033
0.0187855 -0.108199  0.514033
0.0187855 -0.108199  0.514033
0.0187855 -0.108199  0.514033
0.0187855 -0.108199  0.514033
0.0187855 -0.108199  0.514033
0.0187855 -0.108199  0.514033
0.0187855 -0.108199  0.514033
0.0187855 -0.108199  0.514033
0.0187855 -0.108199  0.514033
0.0187855 -0.108199  0.514033
0.0187855 -0.108199  0.514033
0.0187855 -0.108199  0.514033
0.0187855 -0.108199  0.514033
0.0187855 -0.108199  0.514033
0.0187855 -0.108199  0.514033
0.0187855 -0.108199  0.514033
0.0187855 -0.108199  0.514033
0.0187855 -0.108199  0.514033
0.0187855 -0.108199  0.514033
0.0187855 -0.108199  0.514033
0.0187855 -0.108199  0.514033
0.0187855 -0.108199  0.514033
0.0187855 -0.108199  0.514033
0.0187855 -0.108199  0.514033
0.0187855 -0.108199  0.514033
0.0187855 -0.108199  0.514033
0.0187855 -0.108199  0.514033
0.0187855 -0.108199  0.514033
0.0187855 -0.108199  0.514033
0.0187855 -0.108199  0.514033
0.0187855 -0.108199  0.514033
0.0187855 -0.108199  0.514033
0.0187855 -0.108199  0.514033
0.0187855 -0.108199  0.514033
0.0187855 -0.108199  0.514033
0.0187855 -0.108199  0.514033
0.0187855 -0.108199  0.514033
0.0187855 -0.108199  0.514033
0.0187855 -0.108199  0.514033
0.0187855 -0.108199  0.514033
0.0187855 -0.108199  0.514033
0.0187855 -0.108199  0.514033
0.0187855 -0.108199  0.514033
0.0187855 -0.108199  0.514033
0.0187855 -0.108199  0.514033
0.0187855 -0.108199  0.514033
0.0187855 -0.108199  0.514033
0.0187855 -0.108199  0.514033
0.0187855 -0.108199  0.514033
0.0187855 -0.108199  0.514033
0.0187855 -0.108199  0.514033
0.0187855 -0.108199  0.514033
0.0187855 -0.108199  0.514033
0.0187855 -0.108199  0.514033
0.0187855 -0.108199  0.514033
0.0187855 -0.108199  0.514033
0.0187855 -0.108199  0.514033
0.0187855 -0.108199  0.514033
0.0187855 -0.108199  0.514033
0.0187855 -0.108199  0.514033
0.0187855 -0.108199  0.514033
0.0187855 -0.108199  0.514033
0.0187855 -0.108199  0.514033
0.0187855 -0.108199  0.514033
0.0187855 -0.108199  0.514033
0.0187855 -0.108199  0.514033
0.0187855 -0.108199  0.514033
0.0187855 -0.108199  0.514033
0.0187855 -0.108199  0.514033
0.0187855 -0.108199  0.514033
0.0187855 -0.108199  0.514033
0.0187855 -0.108199  0.514033
0.0187855 -0.108199  0.514033
0.0187855 -0.108199  0.514033
0.0187855 -0.108199  0.514033
0.0187855 -0.108199  0.514033
0.0187855 -0.108199  0.514033
0.0187855 -0.108199  0.514033
0.0187855 -0.108199  0.514033
0.0187855 -0.108199  0.514033
0.0187855 -0.108199  0.514033
0.0187855 -0.108199  0.514033
0.0187855 -0.108199  0.514033
0.0187855 -0.108199  0.514033
0.0187855 -0.108199  0.514033
0.0187855 -0.108199  0.514033
0.0187855 -0.108199  0.514033
0.0187855 -0.108199  0.514033
0.0187855 -0.108199  0.514033
0.0187855 -0.108199  0.514033
0.0187855 -0.108199  0.514033
0.0187855 -0.108199  0.514033
0.0187855 -0.108199  0.514033
0.0187855 -0.108199  0.514033
0.0187855 -0.108199  0.514033
0.0187855 -0.108199  0.514033
0.0187855 -0.108199  0.514033
0.0187855 -0.108199  0.514033
0.0187855 -0.108199  0.514033
0.0187855 -0.108199  0.514033
0.0187855 -0.108199  0.514033
0.0187855 -0.108199  0.514033
0.0187855 -0.108199  0.514033
0.0187855 -0.108199  0.514033
0.0187855 -0.108199  0.514033
0.0187855 -0.108199  0.514033
0.0187855 -0.108199  0.514033
0.0187855 -0.108199  0.514033
0.0187855 -0.108199  0.514033
0.0187855 -0.108199  0.514033
0.0187855 -0.108199  0.514033
0.0187855 -0.108199  0.514033
0.0187855 -0.108199  0.514033
0.0187855 -0.108199  0.514033
0.0187855 -0.108199  0.514033
0.0187855 -0.108199  0.514033
0.0187855 -0.108199  0.514033
0.0187855 -0.108199  0.514033
0.0187855 -0.108199  0.514033
0.0187855 -0.108199  0.514033
0.0187855 -0.108199  0.514033
0.0187855 -0.108199  0.514033
0.0187855 -0.108199  0.514033
0.0187855 -0.108199  0.514033
0.0187855 -0.108199  0.514033
0.0187855 -0.108199  0.514033
0.0187855 -0.108199  0.514033
0.0187855 -0.108199  0.514033
0.0187855 -0.108199  0.514033
0.0187855 -0.108199  0.514033
0.0187855 -0.108199  0.514033
0.0187855 -0.108199  0.514033
0.0187855 -0.108199  0.514033
0.0187855 -0.108199  0.514033
0.0187855 -0.108199  0.514033
0.0187855 -0.108199  0.514033
0.0187855 -0.108199  0.514033
0.0187855 -0.108199  0.514033
0.0187855 -0.108199  0.514033
0.0187855 -0.108199  0.514033
0.0187855 -0.108199  0.514033
0.0187855 -0.108199  0.514033
0.0187855 -0.108199  0.514033
0.0187855 -0.108199  0.514033
0.0187855 -0.108199  0.514033
0.0187855 -0.108199  0.514033
0.0187855 -0.108199  0.514033
0.0187855 -0.108199  0.514033
0.0187855 -0.108199  0.514033
0.0187855 -0.108199  0.514033
0.0187855 -0.108199  0.514033
0.0187855 -0.108199  0.514033
0.0187855 -0.108199  0.514033
0.0187855 -0.108199  0.514033
0.0187855 -0.108199  0.514033
0.0187855 -0.108199  0.514033
0.0187855 -0.108199  0.514033
0.0187855 -0.108199  0.514033
0.0187855 -0.108199  0.514033
0.0187855 -0.108199  0.514033
0.0187855 -0.108199  0.514033
0.0187855 -0.108199  0.514033
0.0187855 -0.108199  0.514033
0.0187855 -0.108199  0.514033
0.0187855 -0.108199  0.514033
0.0187855 -0.108199  0.514033
0.0187855 -0.108199  0.514033
0.0187855 -0.108199  0.514033
0.0187855 -0.108199  0.514033
0.0187855 -0.108199  0.514033
0.0187855 -0.108199  0.514033
0.0187855 -0.108199  0.514033
0.0187855 -0.108199  0.514033
0.0187855 -0.108199  0.514033
0.0187855 -0.108199  0.514033
0.0187855 -0.108199  0.514033
0.0187855 -0.108199  0.514033
0.0187855 -0.108199  0.514033
0.0187855 -0.108199  0.514033
0.0187855 -0.108199  0.514033
0.0187855 -0.108199  0.514033
0.0187855 -0.108199  0.514033
0.0187855 -0.108199  0.514033
0.0187855 -0.108199  0.514033
0.0187855 -0.108199  0.514033
0.0187855 -0.108199  0.514033
0.0187855 -0.108199  0.514033
0.0187855 -0.108199  0.514033
0.0187855 -0.108199  0.514033
0.0187855 -0.108199  0.514033
0.0187855 -0.108199  0.514033
0.0187855 -0.108199  0.514033
0.0187855 -0.108199  0.514033
0.0187855 -0.108199  0.514033
0.0187855 -0.108199  0.514033
0.0187855 -0.108199  0.514033
0.0187855 -0.108199  0.514033
0.0187855 -0.108199  0.514033
0.0187855 -0.108199  0.514033
0.0187855 -0.108199  0.514033
0.0187855 -0.108199  0.514033
0.0187855 -0.108199  0.514033
0.0187855 -0.108199  0.514033
0.0187855 -0.108199  0.514033
0.0187855 -0.108199  0.514033
0.0187855 -0.108199  0.514033
0.0187855 -0.108199  0.514033
0.0187855 -0.108199  0.514033
0.0187855 -0.108199  0.514033
0.0187855 -0.108199  0.514033
0.0187855 -0.108199  0.514033
0.0187855 -0.108199  0.514033
0.0187855 -0.108199  0.514033
0.0187855 -0.108199  0.514033
0.0187855 -0.108199  0.514033
0.0187855 -0.108199  0.514033
0.0187855 -0.108199  0.514033
0.0187855 -0.108199  0.514033
0.0187855 -0.108199  0.514033
0.0187855 -0.108199  0.514033
0.0187855 -0.108199  0.514033
0.0187855 -0.108199  0.514033
0.0187855 -0.108199  0.514033
0.0187855 -0.108199  0.514033
0.0187855 -0.108199  0.514033
0.0187855 -0.108199  0.514033
0.0187855 -0.108199  0.514033
0.0187855 -0.108199  0.514033
0.0187855 -0.108199  0.514033
0.0187855 -0.108199  0.514033
0.0187855 -0.108199  0.514033
0.0187855 -0.108199  0.514033
0.0187855 -0.108199  0.514033
0.0187855 -0.108199  0.514033
0.0187855 -0.108199  0.514033
0.0187855 -0.108199  0.514033
0.0187855 -0.108199  0.514033
0.0187855 -0.108199  0.514033
0.0187855 -0.108199  0.514033
0.0187855 -0.108199  0.514033
0.0187855 -0.108199  0.514033
0.0187855 -0.108199  0.514033
0.0187855 -0.108199  0.514033
0.0187855 -0.108199  0.514033
0.0187855 -0.108199  0.514033
0.0187855 -0.108199  0.514033
0.0187855 -0.108199  0.514033
