 0.269512 -0.328303  0.604459
 0.269007 -0.326643  0.607499
0.269009 -0.32664 0.607497
 0.269016 -0.326633  0.607489
 0.269026 -0.326622  0.607477
 0.269041 -0.326606  0.607459
  0.26906 -0.326586  0.607436
 0.269084 -0.326561  0.607408
 0.269112 -0.326531  0.607376
 0.269144 -0.326497  0.607338
  0.26918 -0.326458  0.607295
 0.269221 -0.326415  0.607247
 0.269266 -0.326367  0.607194
 0.269315 -0.326315  0.607135
 0.269369 -0.326258  0.607072
 0.269426 -0.326197  0.607004
 0.269488 -0.326131  0.606931
 0.269555 -0.326061  0.606852
 0.269625 -0.325986  0.606769
   0.2697 -0.325906   0.60668
  0.26978 -0.325822  0.606587
 0.269863 -0.325733  0.606488
0.269951 -0.32564 0.606384
 0.270043 -0.325542  0.606276
0.270139 -0.32544 0.606162
  0.27024 -0.325333  0.606043
 0.270345 -0.325222  0.605919
 0.270454 -0.325106   0.60579
 0.270567 -0.324986  0.605656
 0.270685 -0.324861  0.605517
 0.270807 -0.324731  0.605373
 0.270933 -0.324597  0.605224
 0.271063 -0.324458   0.60507
 0.271198 -0.324315  0.604911
 0.271337 -0.324168  0.604747
 0.271481 -0.324015  0.604577
 0.271628 -0.323859  0.604403
  0.27178 -0.323697  0.604223
 0.271936 -0.323531  0.604039
 0.272097 -0.323361  0.603849
 0.272262 -0.323186  0.603654
 0.272431 -0.323006  0.603455
 0.272604 -0.322822   0.60325
 0.272782 -0.322633   0.60304
0.272964 -0.32244 0.602825
  0.27315 -0.322242  0.602605
 0.27334 -0.32204  0.60238
 0.273535 -0.321833   0.60215
 0.273734 -0.321622  0.601915
 0.273937 -0.321406  0.601675
 0.274145 -0.321185  0.601429
0.274357 -0.32096 0.601179
 0.274573 -0.320731  0.600924
 0.274794 -0.320496  0.600663
 0.275018 -0.320258  0.600397
 0.275248 -0.320014  0.600127
 0.275481 -0.319767  0.599851
 0.275718 -0.319514  0.599571
  0.27596 -0.319258  0.599285
 0.276206 -0.318996  0.598994
0.276457 -0.31873 0.598698
0.276711 -0.31846 0.598397
  0.27697 -0.318185  0.598092
 0.277233 -0.317906  0.597781
   0.2775 -0.317622  0.597465
 0.277772 -0.317333  0.597144
0.278048 -0.31704 0.596818
 0.278329 -0.316742  0.596487
0.278613 -0.31644 0.596151
 0.278902 -0.316133  0.595809
 0.279195 -0.315822  0.595463
 0.279493 -0.315506  0.595112
 0.279795 -0.315185  0.594755
0.280101 -0.31486 0.594393
 0.280411 -0.314531  0.594027
 0.280726 -0.314196  0.593655
 0.281044 -0.313858  0.593278
 0.281368 -0.313515  0.592897
 0.281695 -0.313167   0.59251
 0.282026 -0.312815  0.592119
 0.282362 -0.312458  0.591722
 0.282703 -0.312096  0.591319
 0.283047 -0.311731  0.590912
0.283396 -0.31136   0.5905
 0.283749 -0.310985  0.590083
 0.284107 -0.310605  0.589661
0.284469 -0.31022 0.589232
 0.284835 -0.309832    0.5888
 0.285205 -0.309439  0.588363
  0.28558 -0.309041   0.58792
 0.285959 -0.308639  0.587473
 0.286342 -0.308232   0.58702
0.286729 -0.30782 0.586563
 0.287121 -0.307404    0.5861
 0.287516 -0.306984  0.585632
 0.287917 -0.306559   0.58516
 0.288321 -0.306129  0.584682
  0.28873 -0.305695  0.584199
 0.289143 -0.305257  0.583711
  0.28956 -0.304813  0.583218
 0.289981 -0.304366   0.58272
 0.290407 -0.303914  0.582218
 0.290832 -0.303462  0.581715
0.291258 -0.30301 0.581212
 0.291683 -0.302558   0.58071
 0.292107 -0.302108  0.580209
 0.292533 -0.301656  0.579706
 0.292959 -0.301204  0.579203
 0.293384 -0.300752    0.5787
 0.29381  -0.3003 0.578197
 0.294235 -0.299848  0.577694
 0.294661 -0.299395  0.577191
 0.295087 -0.298943  0.576688
 0.295513 -0.298491  0.576186
 0.295938 -0.298039  0.575683
 0.296364 -0.297587   0.57518
  0.29679 -0.297135  0.574677
 0.297215 -0.296683  0.574174
 0.297641 -0.296231  0.573672
 0.298065 -0.295781  0.573171
  0.29849 -0.295329  0.572668
 0.299341 -0.294425  0.571662
 0.299767 -0.293973  0.571159
 0.299767 -0.293973  0.571159
  0.30062 -0.293067  0.570152
 0.301045 -0.292615  0.569649
 0.301472 -0.292162  0.569146
0.301897 -0.29171 0.568643
 0.302323 -0.291258   0.56814
 0.302749 -0.290806  0.567637
 0.303174 -0.290354  0.567134
 0.303174 -0.290354  0.567134
   0.3036 -0.289902  0.566631
 0.304451 -0.288998  0.565626
 0.304877 -0.288546  0.565123
 0.305303 -0.288093  0.564619
 0.305729 -0.287641  0.564116
 0.306155 -0.287188  0.563613
 0.306581 -0.286736   0.56311
 0.306581 -0.286736   0.56311
0.307433 -0.28583 0.562102
0.307433 -0.28583 0.562102
 0.307859 -0.285378    0.5616
 0.308285 -0.284926  0.561096
 0.309136 -0.284022   0.56009
 0.309562 -0.283569  0.559588
 0.309988 -0.283117  0.559084
 0.310414 -0.282665  0.558581
 0.310414 -0.282665  0.558581
0.311266 -0.28176 0.557575
 0.311692 -0.281308  0.557072
 0.311692 -0.281308  0.557072
 0.312117 -0.280856  0.556569
 0.312543 -0.280404  0.556066
 0.312969 -0.279952  0.555563
 0.313821 -0.279047  0.554557
 0.314246 -0.278594  0.554054
 0.314246 -0.278594  0.554054
 0.314672 -0.278142  0.553551
0.315098 -0.27769 0.553048
 0.315949 -0.276786  0.552042
 0.315949 -0.276786  0.552042
 0.316376 -0.276333  0.551538
 0.316801 -0.275881  0.551035
 0.317227 -0.275429  0.550532
 0.317653 -0.274977  0.550029
 0.318078 -0.274525  0.549527
 0.318504 -0.274073  0.549024
 0.318929 -0.273621  0.548521
 0.319355 -0.273168  0.548018
 0.319781 -0.272716  0.547515
 0.320632 -0.271813   0.54651
0.321057 -0.27136 0.546007
 0.321483 -0.270908  0.545504
 0.321909 -0.270456  0.545001
 0.322334 -0.270004  0.544498
 0.322761 -0.269551  0.543995
 0.323187 -0.269098  0.543491
 0.323613 -0.268646  0.542988
 0.324038 -0.268194  0.542485
 0.324464 -0.267742  0.541982
 0.324891 -0.267289  0.541478
 0.325316 -0.266837  0.540975
 0.325742 -0.266385  0.540472
 0.326168 -0.265933  0.539969
0.326594 -0.26548 0.539466
 0.327019 -0.265028  0.538963
 0.327019 -0.265028  0.538963
 0.327872 -0.264123  0.537957
 0.328297 -0.263671  0.537454
 0.328723 -0.263219  0.536951
 0.329148 -0.262767  0.536448
 0.329574 -0.262315  0.535945
     0.33 -0.261863  0.535443
 0.330425 -0.261411   0.53494
 0.330851 -0.260959  0.534437
 0.331277 -0.260506  0.533933
 0.331703 -0.260054  0.533431
 0.332128 -0.259602  0.532928
0.332554 -0.25915 0.532425
  0.33298 -0.258698  0.531922
 0.333405 -0.258246  0.531419
 0.333831 -0.257794  0.530916
 0.334256 -0.257342  0.530413
0.334682 -0.25689 0.529911
 0.335108 -0.256438  0.529408
 0.335533 -0.255986  0.528905
 0.335959 -0.255534  0.528402
 0.336385 -0.255082  0.527899
 0.336811 -0.254629  0.527396
 0.337236 -0.254177  0.526893
 0.337662 -0.253725   0.52639
 0.338088 -0.253272  0.525887
0.338514 -0.25282 0.525384
 0.338939 -0.252368  0.524881
0.339362 -0.25192 0.524382
  0.33978 -0.251476  0.523888
 0.340194 -0.251036  0.523399
 0.340603 -0.250601  0.522915
0.341009 -0.25017 0.522436
  0.34141 -0.249744  0.521962
 0.341807 -0.249323  0.521494
 0.342199 -0.248906   0.52103
 0.342587 -0.248494  0.520571
 0.342971 -0.248086  0.520118
 0.343351 -0.247683  0.519669
 0.343726 -0.247284  0.519226
0.344097 -0.24689 0.518787
0.344464  -0.2465 0.518354
 0.344827 -0.246115  0.517926
 0.345185 -0.245735  0.517502
  0.34554 -0.245358  0.517084
 0.345889 -0.244987   0.51667
0.346235 -0.24462 0.516262
 0.346576 -0.244257  0.515859
 0.346913 -0.243899  0.515461
 0.347246 -0.243546  0.515068
 0.347574 -0.243198   0.51468
 0.347898 -0.242853  0.514297
 0.348218 -0.242514   0.51392
 0.348533 -0.242179  0.513547
 0.348844 -0.241848  0.513179
 0.349151 -0.241522  0.512817
 0.349454 -0.241201  0.512459
 0.349752 -0.240884  0.512107
 0.350046 -0.240572  0.511759
 0.350336 -0.240264  0.511417
 0.350622 -0.239961   0.51108
 0.350903 -0.239662  0.510747
  0.35118 -0.239368   0.51042
 0.351452 -0.239078  0.510098
 0.351721 -0.238793  0.509781
 0.351985 -0.238513  0.509469
 0.352245 -0.238237  0.509162
   0.3525 -0.237966   0.50886
 0.352751 -0.237699  0.508564
 0.352998 -0.237436  0.508272
 0.353241 -0.237179  0.507985
 0.353479 -0.236925  0.507703
 0.353713 -0.236677  0.507427
 0.353943 -0.236433  0.507155
 0.354169 -0.236193  0.506889
  0.35439 -0.235958  0.506628
 0.354607 -0.235728  0.506371
  0.35482 -0.235502   0.50612
0.355028 -0.23528 0.505873
 0.355233 -0.235063  0.505632
 0.355433 -0.234851  0.505396
 0.355629 -0.234643  0.505164
 0.355821 -0.234439  0.504937
0.356008 -0.23424 0.504716
 0.356191 -0.234046    0.5045
 0.356369 -0.233856  0.504289
 0.356543 -0.233671  0.504084
 0.356713 -0.233491  0.503883
 0.356879 -0.233315  0.503687
  0.35704 -0.233144  0.503497
 0.357197 -0.232977  0.503311
  0.35735 -0.232815  0.503131
  0.35735 -0.232815  0.503131
 0.357643 -0.232504  0.502785
 0.357783 -0.232355   0.50262
 0.357918 -0.232211  0.502459
  0.35805 -0.232071  0.502304
 0.358177 -0.231936  0.502154
   0.3583 -0.231806  0.502009
0.358418 -0.23168 0.501869
 0.358532 -0.231559  0.501734
 0.358642 -0.231442  0.501604
0.358748 -0.23133 0.501479
 0.358849 -0.231222  0.501359
 0.358946 -0.231119  0.501245
0.359039 -0.23102 0.501135
 0.359128 -0.230926   0.50103
 0.359212 -0.230837  0.500931
 0.359292 -0.230752  0.500836
 0.359368 -0.230672  0.500747
 0.359439 -0.230596  0.500662
 0.359507 -0.230524  0.500583
  0.35957 -0.230457  0.500509
 0.359628 -0.230395  0.500439
 0.359682 -0.230337  0.500375
 0.359732 -0.230284  0.500316
 0.359778 -0.230236  0.500262
  0.35982 -0.230192  0.500213
 0.359857 -0.230152  0.500169
  0.35989 -0.230117   0.50013
 0.359918 -0.230087  0.500097
 0.359943 -0.230061  0.500068
0.359963 -0.23004 0.500044
 0.359978 -0.230023  0.500026
  0.35999 -0.230011  0.500012
 0.359997 -0.230003  0.500004
 0.36 -0.23   0.5
 0.36 -0.23   0.5
 0.36 -0.23   0.5
 0.36 -0.23   0.5
 0.36 -0.23   0.5
 0.36 -0.23   0.5
 0.36 -0.23   0.5
 0.36 -0.23   0.5
 0.36 -0.23   0.5
 0.36 -0.23   0.5
 0.36 -0.23   0.5
 0.36 -0.23   0.5
 0.36 -0.23   0.5
 0.36 -0.23   0.5
 0.36 -0.23   0.5
 0.36 -0.23   0.5
 0.36 -0.23   0.5
 0.36 -0.23   0.5
 0.36 -0.23   0.5
 0.36 -0.23   0.5
 0.36 -0.23   0.5
 0.36 -0.23   0.5
 0.36 -0.23   0.5
 0.36 -0.23   0.5
 0.36 -0.23   0.5
 0.36 -0.23   0.5
 0.36 -0.23   0.5
 0.36 -0.23   0.5
 0.36 -0.23   0.5
 0.36 -0.23   0.5
 0.36 -0.23   0.5
 0.36 -0.23   0.5
 0.36 -0.23   0.5
 0.36 -0.23   0.5
 0.36 -0.23   0.5
 0.36 -0.23   0.5
 0.36 -0.23   0.5
 0.36 -0.23   0.5
 0.36 -0.23   0.5
 0.36 -0.23   0.5
 0.36 -0.23   0.5
 0.36 -0.23   0.5
 0.36 -0.23   0.5
 0.36 -0.23   0.5
 0.36 -0.23   0.5
 0.36 -0.23   0.5
 0.36 -0.23   0.5
 0.36 -0.23   0.5
 0.36 -0.23   0.5
 0.36 -0.23   0.5
 0.36 -0.23   0.5
 0.36 -0.23   0.5
 0.36 -0.23   0.5
 0.36 -0.23   0.5
 0.36 -0.23   0.5
 0.36 -0.23   0.5
 0.36 -0.23   0.5
 0.36 -0.23   0.5
 0.36 -0.23   0.5
 0.36 -0.23   0.5
 0.36 -0.23   0.5
 0.36 -0.23   0.5
 0.36 -0.23   0.5
 0.36 -0.23   0.5
 0.36 -0.23   0.5
 0.36 -0.23   0.5
 0.36 -0.23   0.5
 0.36 -0.23   0.5
 0.36 -0.23   0.5
 0.36 -0.23   0.5
 0.36 -0.23   0.5
 0.36 -0.23   0.5
 0.36 -0.23   0.5
 0.36 -0.23   0.5
 0.36 -0.23   0.5
 0.36 -0.23   0.5
 0.36 -0.23   0.5
 0.36 -0.23   0.5
 0.36 -0.23   0.5
 0.36 -0.23   0.5
 0.36 -0.23   0.5
 0.36 -0.23   0.5
 0.36 -0.23   0.5
 0.36 -0.23   0.5
 0.36 -0.23   0.5
 0.36 -0.23   0.5
 0.36 -0.23   0.5
 0.36 -0.23   0.5
 0.36 -0.23   0.5
 0.36 -0.23   0.5
 0.36 -0.23   0.5
 0.36 -0.23   0.5
 0.36 -0.23   0.5
 0.36 -0.23   0.5
 0.36 -0.23   0.5
 0.36 -0.23   0.5
 0.36 -0.23   0.5
 0.36 -0.23   0.5
 0.36 -0.23   0.5
 0.36 -0.23   0.5
 0.36 -0.23   0.5
 0.36 -0.23   0.5
 0.36 -0.23   0.5
 0.36 -0.23   0.5
 0.36 -0.23   0.5
 0.36 -0.23   0.5
 0.36 -0.23   0.5
 0.36 -0.23   0.5
 0.36 -0.23   0.5
 0.36 -0.23   0.5
 0.36 -0.23   0.5
 0.36 -0.23   0.5
 0.36 -0.23   0.5
 0.36 -0.23   0.5
 0.36 -0.23   0.5
 0.36 -0.23   0.5
 0.36 -0.23   0.5
 0.36 -0.23   0.5
 0.36 -0.23   0.5
 0.36 -0.23   0.5
 0.36 -0.23   0.5
 0.36 -0.23   0.5
 0.36 -0.23   0.5
 0.36 -0.23   0.5
 0.36 -0.23   0.5
 0.36 -0.23   0.5
 0.36 -0.23   0.5
 0.36 -0.23   0.5
 0.36 -0.23   0.5
 0.36 -0.23   0.5
 0.36 -0.23   0.5
 0.36 -0.23   0.5
 0.36 -0.23   0.5
 0.36 -0.23   0.5
 0.36 -0.23   0.5
 0.36 -0.23   0.5
 0.36 -0.23   0.5
 0.36 -0.23   0.5
 0.36 -0.23   0.5
 0.36 -0.23   0.5
 0.36 -0.23   0.5
 0.36 -0.23   0.5
 0.36 -0.23   0.5
 0.36 -0.23   0.5
 0.36 -0.23   0.5
 0.36 -0.23   0.5
 0.36 -0.23   0.5
 0.36 -0.23   0.5
 0.36 -0.23   0.5
 0.36 -0.23   0.5
 0.36 -0.23   0.5
 0.36 -0.23   0.5
 0.36 -0.23   0.5
 0.36 -0.23   0.5
 0.36 -0.23   0.5
 0.36 -0.23   0.5
 0.36 -0.23   0.5
 0.36 -0.23   0.5
 0.36 -0.23   0.5
 0.36 -0.23   0.5
 0.36 -0.23   0.5
 0.36 -0.23   0.5
 0.36 -0.23   0.5
 0.36 -0.23   0.5
 0.36 -0.23   0.5
 0.36 -0.23   0.5
 0.36 -0.23   0.5
 0.36 -0.23   0.5
 0.36 -0.23   0.5
 0.36 -0.23   0.5
 0.36 -0.23   0.5
 0.36 -0.23   0.5
 0.36 -0.23   0.5
 0.36 -0.23   0.5
 0.36 -0.23   0.5
 0.36 -0.23   0.5
 0.36 -0.23   0.5
 0.36 -0.23   0.5
 0.36 -0.23   0.5
 0.36 -0.23   0.5
 0.36 -0.23   0.5
 0.36 -0.23   0.5
 0.36 -0.23   0.5
 0.36 -0.23   0.5
 0.36 -0.23   0.5
 0.36 -0.23   0.5
 0.36 -0.23   0.5
 0.36 -0.23   0.5
 0.36 -0.23   0.5
 0.36 -0.23   0.5
 0.36 -0.23   0.5
 0.36 -0.23   0.5
 0.36 -0.23   0.5
 0.36 -0.23   0.5
 0.36 -0.23   0.5
 0.36 -0.23   0.5
 0.36 -0.23   0.5
 0.36 -0.23   0.5
 0.36 -0.23   0.5
 0.36 -0.23   0.5
 0.36 -0.23   0.5
 0.36 -0.23   0.5
 0.36 -0.23   0.5
 0.36 -0.23   0.5
 0.36 -0.23   0.5
 0.36 -0.23   0.5
 0.36 -0.23   0.5
 0.36 -0.23   0.5
 0.36 -0.23   0.5
 0.36 -0.23   0.5
 0.36 -0.23   0.5
 0.36 -0.23   0.5
 0.36 -0.23   0.5
 0.36 -0.23   0.5
 0.36 -0.23   0.5
 0.36 -0.23   0.5
 0.36 -0.23   0.5
 0.36 -0.23   0.5
 0.36 -0.23   0.5
 0.36 -0.23   0.5
 0.36 -0.23   0.5
 0.36 -0.23   0.5
 0.36 -0.23   0.5
 0.36 -0.23   0.5
 0.36 -0.23   0.5
 0.36 -0.23   0.5
 0.36 -0.23   0.5
 0.36 -0.23   0.5
 0.36 -0.23   0.5
 0.36 -0.23   0.5
 0.36 -0.23   0.5
 0.36 -0.23   0.5
 0.36 -0.23   0.5
 0.36 -0.23   0.5
 0.36 -0.23   0.5
 0.36 -0.23   0.5
 0.36 -0.23   0.5
 0.36 -0.23   0.5
 0.36 -0.23   0.5
 0.36 -0.23   0.5
 0.36 -0.23   0.5
 0.36 -0.23   0.5
 0.36 -0.23   0.5
 0.36 -0.23   0.5
 0.36 -0.23   0.5
 0.36 -0.23   0.5
 0.36 -0.23   0.5
 0.36 -0.23   0.5
 0.36 -0.23   0.5
 0.36 -0.23   0.5
 0.36 -0.23   0.5
 0.36 -0.23   0.5
 0.36 -0.23   0.5
 0.36 -0.23   0.5
 0.36 -0.23   0.5
 0.36 -0.23   0.5
 0.36 -0.23   0.5
 0.36 -0.23   0.5
 0.36 -0.23   0.5
 0.36 -0.23   0.5
 0.36 -0.23   0.5
 0.36 -0.23   0.5
 0.36 -0.23   0.5
 0.36 -0.23   0.5
 0.36 -0.23   0.5
 0.36 -0.23   0.5
 0.36 -0.23   0.5
 0.36 -0.23   0.5
 0.36 -0.23   0.5
 0.36 -0.23   0.5
 0.36 -0.23   0.5
 0.36 -0.23   0.5
 0.36 -0.23   0.5
 0.36 -0.23   0.5
 0.36 -0.23   0.5
 0.36 -0.23   0.5
 0.36 -0.23   0.5
 0.36 -0.23   0.5
 0.36 -0.23   0.5
 0.36 -0.23   0.5
 0.36 -0.23   0.5
 0.36 -0.23   0.5
 0.36 -0.23   0.5
 0.36 -0.23   0.5
 0.36 -0.23   0.5
 0.36 -0.23   0.5
 0.36 -0.23   0.5
 0.36 -0.23   0.5
 0.36 -0.23   0.5
 0.36 -0.23   0.5
 0.36 -0.23   0.5
 0.36 -0.23   0.5
 0.36 -0.23   0.5
 0.36 -0.23   0.5
 0.36 -0.23   0.5
 0.36 -0.23   0.5
 0.36 -0.23   0.5
 0.36 -0.23   0.5
 0.36 -0.23   0.5
 0.36 -0.23   0.5
 0.36 -0.23   0.5
 0.36 -0.23   0.5
 0.36 -0.23   0.5
 0.36 -0.23   0.5
 0.36 -0.23   0.5
 0.36 -0.23   0.5
 0.36 -0.23   0.5
 0.36 -0.23   0.5
 0.36 -0.23   0.5
 0.36 -0.23   0.5
 0.36 -0.23   0.5
 0.36 -0.23   0.5
 0.36 -0.23   0.5
 0.36 -0.23   0.5
 0.36 -0.23   0.5
 0.36 -0.23   0.5
 0.36 -0.23   0.5
 0.36 -0.23   0.5
 0.36 -0.23   0.5
 0.36 -0.23   0.5
 0.36 -0.23   0.5
 0.36 -0.23   0.5
 0.36 -0.23   0.5
 0.36 -0.23   0.5
 0.36 -0.23   0.5
 0.36 -0.23   0.5
 0.36 -0.23   0.5
 0.36 -0.23   0.5
 0.36 -0.23   0.5
 0.36 -0.23   0.5
 0.36 -0.23   0.5
 0.36 -0.23   0.5
 0.36 -0.23   0.5
 0.36 -0.23   0.5
 0.36 -0.23   0.5
 0.36 -0.23   0.5
 0.36 -0.23   0.5
 0.36 -0.23   0.5
 0.36 -0.23   0.5
 0.36 -0.23   0.5
 0.36 -0.23   0.5
 0.36 -0.23   0.5
 0.36 -0.23   0.5
 0.36 -0.23   0.5
 0.36 -0.23   0.5
 0.36 -0.23   0.5
 0.36 -0.23   0.5
 0.36 -0.23   0.5
 0.36 -0.23   0.5
 0.36 -0.23   0.5
 0.36 -0.23   0.5
 0.36 -0.23   0.5
 0.36 -0.23   0.5
 0.36 -0.23   0.5
 0.36 -0.23   0.5
 0.36 -0.23   0.5
 0.36 -0.23   0.5
 0.36 -0.23   0.5
 0.36 -0.23   0.5
 0.36 -0.23   0.5
 0.36 -0.23   0.5
 0.36 -0.23   0.5
 0.36 -0.23   0.5
 0.36 -0.23   0.5
 0.36 -0.23   0.5
 0.36 -0.23   0.5
 0.36 -0.23   0.5
 0.36 -0.23   0.5
 0.36 -0.23   0.5
 0.36 -0.23   0.5
 0.36 -0.23   0.5
 0.36 -0.23   0.5
 0.36 -0.23   0.5
 0.36 -0.23   0.5
 0.36 -0.23   0.5
 0.36 -0.23   0.5
 0.36 -0.23   0.5
 0.36 -0.23   0.5
 0.36 -0.23   0.5
 0.36 -0.23   0.5
 0.36 -0.23   0.5
 0.36 -0.23   0.5
 0.36 -0.23   0.5
 0.36 -0.23   0.5
 0.36 -0.23   0.5
 0.36 -0.23   0.5
 0.36 -0.23   0.5
 0.36 -0.23   0.5
 0.36 -0.23   0.5
 0.36 -0.23   0.5
 0.36 -0.23   0.5
 0.36 -0.23   0.5
 0.36 -0.23   0.5
 0.36 -0.23   0.5
 0.36 -0.23   0.5
 0.36 -0.23   0.5
 0.36 -0.23   0.5
 0.36 -0.23   0.5
 0.36 -0.23   0.5
 0.36 -0.23   0.5
 0.36 -0.23   0.5
 0.36 -0.23   0.5
 0.36 -0.23   0.5
 0.36 -0.23   0.5
 0.36 -0.23   0.5
 0.36 -0.23   0.5
 0.36 -0.23   0.5
 0.36 -0.23   0.5
 0.36 -0.23   0.5
 0.36 -0.23   0.5
 0.36 -0.23   0.5
 0.36 -0.23   0.5
 0.36 -0.23   0.5
 0.36 -0.23   0.5
 0.36 -0.23   0.5
 0.36 -0.23   0.5
 0.36 -0.23   0.5
 0.36 -0.23   0.5
 0.36 -0.23   0.5
 0.36 -0.23   0.5
 0.36 -0.23   0.5
 0.36 -0.23   0.5
 0.36 -0.23   0.5
 0.36 -0.23   0.5
 0.36 -0.23   0.5
 0.36 -0.23   0.5
 0.36 -0.23   0.5
 0.36 -0.23   0.5
 0.36 -0.23   0.5
 0.36 -0.23   0.5
 0.36 -0.23   0.5
 0.36 -0.23   0.5
 0.36 -0.23   0.5
 0.36 -0.23   0.5
 0.36 -0.23   0.5
 0.36 -0.23   0.5
 0.36 -0.23   0.5
 0.36 -0.23   0.5
 0.36 -0.23   0.5
 0.36 -0.23   0.5
 0.36 -0.23   0.5
 0.36 -0.23   0.5
 0.36 -0.23   0.5
 0.36 -0.23   0.5
 0.36 -0.23   0.5
 0.36 -0.23   0.5
 0.36 -0.23   0.5
 0.36 -0.23   0.5
 0.36 -0.23   0.5
 0.36 -0.23   0.5
 0.36 -0.23   0.5
 0.36 -0.23   0.5
 0.36 -0.23   0.5
 0.36 -0.23   0.5
 0.36 -0.23   0.5
 0.36 -0.23   0.5
 0.36 -0.23   0.5
 0.36 -0.23   0.5
 0.36 -0.23   0.5
 0.36 -0.23   0.5
 0.36 -0.23   0.5
 0.36 -0.23   0.5
 0.36 -0.23   0.5
 0.36 -0.23   0.5
 0.36 -0.23   0.5
 0.36 -0.23   0.5
 0.36 -0.23   0.5
 0.36 -0.23   0.5
 0.36 -0.23   0.5
 0.36 -0.23   0.5
 0.36 -0.23   0.5
