5.96046e-06
0.00956082
0.0196159
0.0296829
0.0397389
0.049804
0.0598719
0.0699399
0.0799959
0.0900519
0.100108
0.110161
0.120219
0.130277
0.140334
0.150392
0.16045
0.170504
0.180572
0.190639
0.200706
0.210764
0.220819
0.230884
0.240938
0.250993
0.261048
0.271114
0.281171
0.29124
0.301295
0.311363
0.321419
0.331486
0.341542
0.351602
0.361663
0.371723
0.381783
0.391842
0.401896
0.411957
0.422017
0.432077
0.442144
0.452203
0.462259
0.472316
0.482374
0.492432
0.50249
0.512557
0.522623
0.53269
0.542757
0.552825
0.562893
0.572953
0.58301
0.593064
0.60312
0.613175
0.623232
0.633299
0.643355
0.653411
0.663467
0.673533
0.683597
0.693653
0.703709
0.713763
0.723817
0.733886
0.743953
0.754039
0.764093
0.77415
0.78421
0.794266
0.804334
0.81439
0.824447
0.834512
0.844569
0.854626
0.864689
0.874745
0.884803
0.894862
0.904918
0.914975
0.925054
0.935112
0.945174
0.955231
0.965287
0.975345
0.985402
0.99546
1.00552
1.01557
1.02563
1.03569
1.04574
1.0558
1.06586
1.07591
1.08597
1.09603
1.10608
1.11614
1.12622
1.13627
1.14633
1.15639
1.16645
1.17651
1.18658
1.19664
1.20669
1.21676
1.22684
1.2369
1.24697
1.25706
1.26711
1.27717
1.28723
1.29729
1.30734
1.31738
1.32744
1.33751
1.34765
1.35768
1.36774
1.37779
1.38785
1.39789
1.40795
1.41803
1.42809
1.43817
1.44824
1.45829
1.46835
1.47841
1.48847
1.49852
1.50859
1.51861
1.52867
1.53872
1.54879
1.55886
1.56892
1.57898
1.58904
1.5991
1.60918
1.61924
1.6293
1.63935
1.64941
1.65946
1.66952
1.67958
1.68964
1.69969
1.70975
1.71982
1.72987
1.73993
1.75005
1.76011
1.77018
1.78025
1.7903
1.80037
1.81043
1.82049
1.83055
1.8406
1.85066
1.86071
1.87077
1.8808
1.89086
1.90097
1.91103
1.92109
1.93114
1.9412
1.95125
1.96132
1.97139
1.98144
1.9915
2.00156
2.01161
2.02167
2.03173
2.04178
2.05184
2.06189
2.07196
2.08202
2.09207
2.10214
2.1122
2.12225
2.13232
2.14238
2.15244
2.16249
2.17255
2.18261
2.19267
2.20272
2.21278
2.22284
2.2329
2.24296
2.25303
2.26308
2.27314
2.2832
2.29326
2.30331
2.31337
2.32342
2.33348
2.34354
2.3536
2.36366
2.37372
2.38377
2.39383
2.40388
2.41394
2.42399
2.43405
2.44412
2.45417
2.46423
2.47429
2.48436
2.49441
2.50447
2.51453
2.52458
2.53464
2.54469
2.55475
2.56481
2.57488
2.58493
2.59499
2.60505
2.6151
2.62516
2.63521
2.64527
2.65533
2.66539
2.67546
2.68551
2.69557
2.70563
2.7157
2.72576
2.73581
2.74587
2.75593
2.76599
2.77604
2.7861
2.79616
2.80622
2.81628
2.82633
2.83639
2.84645
2.8565
2.86656
2.87661
2.88667
2.89673
2.90679
2.91684
2.9269
2.93695
2.94706
2.95713
2.96719
2.97724
2.9873
2.9974
3.00745
3.01751
3.02758
3.03763
3.04769
3.05775
3.0678
3.07786
3.08792
3.09797
3.10803
3.11809
3.12814
3.1382
3.14826
3.15831
3.16837
3.17842
3.18848
3.19853
3.20859
3.21865
3.22871
3.23877
3.2488
3.25889
3.26894
3.27896
3.28902
3.29909
3.30916
3.31923
3.3293
3.33938
3.34943
3.35949
3.36954
3.3796
3.38966
3.39972
3.40977
3.41983
3.42989
3.43994
3.45
3.46006
3.47019
3.48025
3.4903
3.50038
3.51047
3.52053
3.53063
3.54068
3.55074
3.5608
3.57085
3.58091
3.59101
3.60104
3.61118
3.62124
3.63129
3.64135
3.6514
3.66146
3.67151
3.68157
3.69163
3.70168
3.71174
3.72179
3.73189
3.74195
3.752
3.76206
3.77212
3.78218
3.79224
3.80231
3.81237
3.82243
3.83249
3.84255
3.85261
3.86266
3.87271
3.88277
3.8928
3.90294
3.91299
3.92305
3.93313
3.94325
3.95331
3.96336
3.97342
3.98348
3.99353
4.00359
4.01365
4.0237
4.03376
4.04382
4.05389
4.06394
4.07405
4.08412
4.09417
4.10422
4.11428
4.12434
4.13439
4.14443
4.15447
4.16453
4.1746
4.18465
4.19471
4.20477
4.21483
4.22488
4.23493
4.24498
4.25504
4.26511
4.27517
4.28524
4.2953
4.30536
4.31545
4.32551
4.33556
4.34562
4.35568
4.36573
4.3758
4.38586
4.39592
4.40603
4.41609
4.42615
4.4362
4.44625
4.45631
4.46634
4.4764
4.48645
4.49652
4.5066
4.51665
4.52672
4.53681
4.54686
4.55692
4.56699
4.57704
4.58711
4.59717
4.60727
4.61737
4.62742
4.63748
4.64755
4.65761
4.66767
4.67771
4.68777
4.69779
4.70785
4.71792
4.72796
4.73803
4.74809
4.75815
4.76821
4.77827
4.78833
4.79839
4.80844
4.81851
4.82857
4.83863
4.8487
4.85874
4.8688
4.87889
4.88897
4.89905
4.90912
4.91918
4.92925
4.9393
4.94937
4.95942
4.96948
4.97953
4.98959
4.99965
5.00973
5.0198
5.02988
5.03994
5.05
5.06007
5.07012
5.08018
5.09024
5.10032
5.11042
5.12049
5.13054
5.14061
5.15067
5.16073
5.1708
5.18086
5.19092
5.20098
5.21101
5.22106
5.23111
5.24123
5.25128
5.26136
5.27141
5.28147
5.29154
5.30157
5.31163
5.32169
5.33175
5.3418
5.35186
5.36192
5.37195
5.382
5.39206
5.40213
5.41219
5.42225
5.4323
5.44237
5.45243
5.46249
5.47253
5.48259
5.49265
5.5027
5.51276
5.52282
5.53293
5.54299
5.55305
5.5631
5.57316
5.5832
5.59328
5.60334
5.61339
5.62345
5.63351
5.64356
5.65362
5.66367
5.67373
5.6838
5.69386
5.70398
5.71407
5.72413
5.7342
5.74425
5.75432
5.76438
5.77444
5.7845
5.79456
5.80461
5.81467
5.82473
5.83479
5.84489
5.85494
5.86502
5.87513
5.88519
5.89525
5.90531
5.91536
5.92548
5.93554
5.9456
5.95565
5.96571
5.97576
5.98582
5.99587
6.00592
6.01598
6.02604
6.0361
6.04616
6.05633
6.06638
6.07644
6.0865
6.09656
6.10662
6.11668
6.12674
6.13683
6.14689
6.15696
6.16702
6.17707
6.18713
6.19719
6.20724
6.2173
6.22735
6.23741
6.24746
6.25752
6.26758
6.27763
6.28769
6.29775
6.3078
6.31786
6.32792
6.33797
6.34803
6.35808
6.36814
6.3782
6.38826
6.39831
6.40837
6.41843
6.42848
6.43854
6.4486
6.45865
6.46871
6.47876
6.48882
6.49887
6.50894
6.51901
6.52906
6.53913
6.54919
6.55925
6.5693
6.57936
6.58941
6.59947
6.60953
6.61966
6.62972
6.63978
6.64983
6.65989
6.66994
6.68
6.69005
6.70011
6.71017
6.72022
6.73033
6.74039
6.75044
6.7605
6.77052
6.78058
6.79063
6.80069
6.81075
6.82083
6.83089
6.84096
6.85103
6.86109
6.87114
6.88119
6.89122
6.90128
6.91138
6.92144
6.93149
6.94152
6.9516
6.96167
6.97174
6.98178
6.99184
7.00192
7.01197
7.02203
7.03209
7.04217
7.05226
7.06231
7.07237
7.08239
7.09248
7.10254
7.11257
7.12263
7.13269
7.14275
7.15282
7.16288
7.17294
7.18299
7.19304
7.2031
7.21316
7.22321
7.23327
7.24332
7.25339
7.26345
7.27352
7.28358
7.29366
7.30371
7.3138
7.32385
7.33393
7.34399
7.35404
7.36413
7.37419
7.38424
7.3943
7.40436
7.41441
7.42447
7.43457
7.44463
7.45472
7.46484
7.4749
7.48496
7.49501
7.50507
7.51513
7.52518
7.53524
7.5453
7.55535
7.56541
7.57547
7.58553
7.59558
7.60564
7.6157
7.62575
7.63581
7.64587
7.65593
7.66599
7.67604
7.6861
7.69616
7.70623
7.71628
7.72634
7.73641
7.74651
7.75658
7.76665
7.77671
7.78676
7.79681
7.80686
7.81692
7.82697
7.83703
7.84709
7.85715
7.86721
7.87726
