0.0165551 -0.105385  0.508552
0.0165525 -0.105385  0.508553
0.0165449 -0.105386  0.508557
0.0165323 -0.105388  0.508563
0.0165146  -0.10539  0.508572
0.0164919 -0.105393  0.508583
 0.016464 -0.105396  0.508596
0.0164312   -0.1054  0.508612
0.0163933 -0.105405   0.50863
0.0163503  -0.10541   0.50865
0.0163023 -0.105416  0.508673
0.0162491 -0.105423  0.508699
0.016191 -0.10543 0.508727
0.0161278 -0.105438  0.508757
0.0160595 -0.105447   0.50879
0.0159862 -0.105456  0.508825
0.0159078 -0.105466  0.508862
0.0158244 -0.105476  0.508902
0.0157359 -0.105487  0.508945
0.0156424 -0.105499  0.508989
0.0155438 -0.105511  0.509037
0.0154401 -0.105524  0.509086
0.0153313 -0.105538  0.509138
0.0152176 -0.105552  0.509193
0.0150987 -0.105567   0.50925
0.0149748 -0.105583  0.509309
0.0148458 -0.105599  0.509371
0.0147118 -0.105615  0.509435
0.0145727 -0.105633  0.509502
0.0144286 -0.105651  0.509571
0.0142794  -0.10567  0.509642
0.0141252 -0.105689  0.509716
0.0139659 -0.105709  0.509792
0.0138015 -0.105729  0.509871
0.0138015 -0.105729  0.509871
0.0136271 -0.105751  0.509954
0.0134525 -0.105773  0.510038
0.0132728 -0.105796  0.510124
0.0130881 -0.105819  0.510213
0.0128984 -0.105842  0.510303
0.0127035 -0.105867  0.510397
0.0125036 -0.105892  0.510492
0.0122986 -0.105918  0.510591
0.0120886 -0.105944  0.510691
0.0118736 -0.105971  0.510794
0.0116535 -0.105998    0.5109
0.0114283 -0.106026  0.511007
0.0111981 -0.106055  0.511118
0.0109628 -0.106085   0.51123
0.0107225 -0.106115  0.511345
0.0104771 -0.106146  0.511463
0.0102319 -0.106176   0.51158
0.00999184  -0.106206   0.511695
0.00975682  -0.106236   0.511808
0.00952688  -0.106264   0.511918
 0.009302 -0.106293  0.512026
0.00908216   -0.10632   0.512131
0.00886734  -0.106347   0.512234
0.00865761  -0.106373   0.512334
0.00845294  -0.106399   0.512432
0.00825332  -0.106424   0.512528
0.0080587 -0.106448  0.512621
0.00786922  -0.106472   0.512712
0.00768478  -0.106495     0.5128
0.00750539  -0.106517   0.512886
0.00733106  -0.106539   0.512969
0.0071618  -0.10656  0.513051
0.00699759  -0.106581   0.513129
0.00668433   -0.10662   0.513279
0.00668433   -0.10662   0.513279
0.00653528  -0.106639   0.513351
0.00639131  -0.106657    0.51342
0.00625238  -0.106674   0.513486
0.00611852  -0.106691    0.51355
0.00598972  -0.106707   0.513612
0.00586598  -0.106723   0.513671
0.00574728  -0.106738   0.513728
0.00563365  -0.106752   0.513782
0.00552506  -0.106765   0.513834
0.00542154  -0.106778   0.513884
0.00532307  -0.106791   0.513931
0.00522967  -0.106802   0.513976
0.00514131  -0.106813   0.514018
0.00505801  -0.106824   0.514058
0.00497978  -0.106834   0.514095
0.00490659  -0.106843   0.514131
0.00483851  -0.106851   0.514163
0.00477536  -0.106859   0.514193
0.00471733  -0.106866   0.514221
0.00466437  -0.106873   0.514247
0.00461647  -0.106879   0.514269
0.00457361  -0.106884    0.51429
0.00453581  -0.106889   0.514308
0.00450307  -0.106893   0.514324
0.00447539  -0.106897   0.514337
0.00445277    -0.1069   0.514348
0.00443521  -0.106902   0.514356
0.0044227 -0.106903  0.514362
0.00441524  -0.106904   0.514366
0.00441284  -0.106905   0.514367
0.00441284  -0.106905   0.514367
0.00441284  -0.106905   0.514367
0.00441284  -0.106905   0.514367
0.00441284  -0.106905   0.514367
0.00441284  -0.106905   0.514367
0.00441284  -0.106905   0.514367
0.00441284  -0.106905   0.514367
0.00441284  -0.106905   0.514367
0.00441284  -0.106905   0.514367
0.00441284  -0.106905   0.514367
0.00441284  -0.106905   0.514367
0.00441284  -0.106905   0.514367
0.00441284  -0.106905   0.514367
0.00441284  -0.106905   0.514367
0.00441284  -0.106905   0.514367
0.00441284  -0.106905   0.514367
0.00441284  -0.106905   0.514367
0.00441284  -0.106905   0.514367
0.00441284  -0.106905   0.514367
0.00441284  -0.106905   0.514367
0.00441284  -0.106905   0.514367
0.00441284  -0.106905   0.514367
0.00441284  -0.106905   0.514367
0.00441284  -0.106905   0.514367
0.00441284  -0.106905   0.514367
0.00441284  -0.106905   0.514367
0.00441284  -0.106905   0.514367
0.00441284  -0.106905   0.514367
0.00441284  -0.106905   0.514367
0.00441284  -0.106905   0.514367
0.00441284  -0.106905   0.514367
0.00441284  -0.106905   0.514367
0.00441284  -0.106905   0.514367
0.00441284  -0.106905   0.514367
0.00441284  -0.106905   0.514367
0.00441284  -0.106905   0.514367
0.00441284  -0.106905   0.514367
0.00441284  -0.106905   0.514367
0.00441284  -0.106905   0.514367
0.00441284  -0.106905   0.514367
0.00441284  -0.106905   0.514367
0.00441284  -0.106905   0.514367
0.00441284  -0.106905   0.514367
0.00441284  -0.106905   0.514367
0.00441284  -0.106905   0.514367
0.00441284  -0.106905   0.514367
0.00441284  -0.106905   0.514367
0.00441284  -0.106905   0.514367
0.00441284  -0.106905   0.514367
0.00441284  -0.106905   0.514367
0.00441284  -0.106905   0.514367
0.00441284  -0.106905   0.514367
0.00441284  -0.106905   0.514367
0.00441284  -0.106905   0.514367
0.00441284  -0.106905   0.514367
0.00441284  -0.106905   0.514367
0.00441284  -0.106905   0.514367
0.00441284  -0.106905   0.514367
0.00441284  -0.106905   0.514367
0.00441284  -0.106905   0.514367
0.00441284  -0.106905   0.514367
0.00441284  -0.106905   0.514367
0.00441284  -0.106905   0.514367
0.00441284  -0.106905   0.514367
0.00441284  -0.106905   0.514367
0.00441284  -0.106905   0.514367
0.00441284  -0.106905   0.514367
0.00441284  -0.106905   0.514367
0.00441284  -0.106905   0.514367
0.00441284  -0.106905   0.514367
0.00441284  -0.106905   0.514367
0.00441284  -0.106905   0.514367
0.00441284  -0.106905   0.514367
0.00441284  -0.106905   0.514367
0.00441284  -0.106905   0.514367
0.00441284  -0.106905   0.514367
0.00441284  -0.106905   0.514367
0.00441284  -0.106905   0.514367
0.00441284  -0.106905   0.514367
0.00441284  -0.106905   0.514367
0.00441284  -0.106905   0.514367
0.00441284  -0.106905   0.514367
0.00441284  -0.106905   0.514367
0.00441284  -0.106905   0.514367
0.00441284  -0.106905   0.514367
0.00441284  -0.106905   0.514367
0.00441284  -0.106905   0.514367
0.00441284  -0.106905   0.514367
0.00441284  -0.106905   0.514367
0.00441284  -0.106905   0.514367
0.00441284  -0.106905   0.514367
0.00441284  -0.106905   0.514367
0.00441284  -0.106905   0.514367
0.00441284  -0.106905   0.514367
0.00441284  -0.106905   0.514367
0.00441284  -0.106905   0.514367
0.00441284  -0.106905   0.514367
0.00441284  -0.106905   0.514367
0.00441284  -0.106905   0.514367
0.00441284  -0.106905   0.514367
0.00441284  -0.106905   0.514367
0.00441284  -0.106905   0.514367
0.00441284  -0.106905   0.514367
0.00441284  -0.106905   0.514367
0.00441284  -0.106905   0.514367
0.00441284  -0.106905   0.514367
0.00441284  -0.106905   0.514367
0.00441284  -0.106905   0.514367
0.00441284  -0.106905   0.514367
0.00441284  -0.106905   0.514367
0.00441284  -0.106905   0.514367
0.00441284  -0.106905   0.514367
0.00441284  -0.106905   0.514367
0.00441284  -0.106905   0.514367
0.00441284  -0.106905   0.514367
0.00441284  -0.106905   0.514367
0.00441284  -0.106905   0.514367
0.00441284  -0.106905   0.514367
0.00441284  -0.106905   0.514367
0.00441284  -0.106905   0.514367
0.00441284  -0.106905   0.514367
0.00441284  -0.106905   0.514367
0.00441284  -0.106905   0.514367
0.00441284  -0.106905   0.514367
0.00441284  -0.106905   0.514367
0.00441284  -0.106905   0.514367
0.00441284  -0.106905   0.514367
0.00441284  -0.106905   0.514367
0.00441284  -0.106905   0.514367
0.00441284  -0.106905   0.514367
0.00441284  -0.106905   0.514367
0.00441284  -0.106905   0.514367
0.00441284  -0.106905   0.514367
0.00441284  -0.106905   0.514367
0.00441284  -0.106905   0.514367
0.00441284  -0.106905   0.514367
0.00441284  -0.106905   0.514367
0.00441284  -0.106905   0.514367
0.00441284  -0.106905   0.514367
0.00441284  -0.106905   0.514367
0.00441284  -0.106905   0.514367
0.00441284  -0.106905   0.514367
0.00441284  -0.106905   0.514367
0.00441284  -0.106905   0.514367
0.00441284  -0.106905   0.514367
0.00441284  -0.106905   0.514367
0.00441284  -0.106905   0.514367
0.00441284  -0.106905   0.514367
0.00441284  -0.106905   0.514367
0.00441284  -0.106905   0.514367
0.00441284  -0.106905   0.514367
0.00441284  -0.106905   0.514367
0.00441284  -0.106905   0.514367
0.00441284  -0.106905   0.514367
0.00441284  -0.106905   0.514367
0.00441284  -0.106905   0.514367
0.00441284  -0.106905   0.514367
0.00441284  -0.106905   0.514367
0.00441284  -0.106905   0.514367
0.00441284  -0.106905   0.514367
0.00441284  -0.106905   0.514367
0.00441284  -0.106905   0.514367
0.00441284  -0.106905   0.514367
0.00441284  -0.106905   0.514367
0.00441284  -0.106905   0.514367
0.00441284  -0.106905   0.514367
0.00441284  -0.106905   0.514367
0.00441284  -0.106905   0.514367
0.00441284  -0.106905   0.514367
0.00441284  -0.106905   0.514367
0.00441284  -0.106905   0.514367
0.00441284  -0.106905   0.514367
0.00441284  -0.106905   0.514367
0.00441284  -0.106905   0.514367
0.00441284  -0.106905   0.514367
0.00441284  -0.106905   0.514367
0.00441284  -0.106905   0.514367
0.00441284  -0.106905   0.514367
0.00441284  -0.106905   0.514367
0.00441284  -0.106905   0.514367
0.00441284  -0.106905   0.514367
0.00441284  -0.106905   0.514367
0.00441284  -0.106905   0.514367
0.00441284  -0.106905   0.514367
0.00441284  -0.106905   0.514367
0.00441284  -0.106905   0.514367
0.00441284  -0.106905   0.514367
0.00441284  -0.106905   0.514367
0.00441284  -0.106905   0.514367
0.00441284  -0.106905   0.514367
0.00441284  -0.106905   0.514367
0.00441284  -0.106905   0.514367
0.00441284  -0.106905   0.514367
0.00441284  -0.106905   0.514367
0.00441284  -0.106905   0.514367
0.00441284  -0.106905   0.514367
0.00441284  -0.106905   0.514367
0.00441284  -0.106905   0.514367
0.00441284  -0.106905   0.514367
0.00441284  -0.106905   0.514367
0.00441284  -0.106905   0.514367
0.00441284  -0.106905   0.514367
0.00441284  -0.106905   0.514367
0.00441284  -0.106905   0.514367
0.00441284  -0.106905   0.514367
0.00441284  -0.106905   0.514367
0.00441284  -0.106905   0.514367
0.00441284  -0.106905   0.514367
0.00441284  -0.106905   0.514367
0.00441284  -0.106905   0.514367
0.00441284  -0.106905   0.514367
0.00441284  -0.106905   0.514367
0.00441284  -0.106905   0.514367
0.00441284  -0.106905   0.514367
0.00441284  -0.106905   0.514367
0.00441284  -0.106905   0.514367
0.00441284  -0.106905   0.514367
0.00441284  -0.106905   0.514367
0.00441284  -0.106905   0.514367
0.00441284  -0.106905   0.514367
0.00441284  -0.106905   0.514367
0.00441284  -0.106905   0.514367
0.00441284  -0.106905   0.514367
0.00441284  -0.106905   0.514367
0.00441284  -0.106905   0.514367
0.00441284  -0.106905   0.514367
0.00441284  -0.106905   0.514367
0.00441284  -0.106905   0.514367
0.00441284  -0.106905   0.514367
0.00441284  -0.106905   0.514367
0.00441284  -0.106905   0.514367
0.00441284  -0.106905   0.514367
0.00441284  -0.106905   0.514367
0.00441284  -0.106905   0.514367
0.00441284  -0.106905   0.514367
0.00441284  -0.106905   0.514367
0.00441284  -0.106905   0.514367
0.00441284  -0.106905   0.514367
0.00441284  -0.106905   0.514367
0.00441284  -0.106905   0.514367
0.00441284  -0.106905   0.514367
0.00441284  -0.106905   0.514367
0.00441284  -0.106905   0.514367
0.00441284  -0.106905   0.514367
0.00441284  -0.106905   0.514367
0.00441284  -0.106905   0.514367
0.00441284  -0.106905   0.514367
0.00441284  -0.106905   0.514367
0.00441284  -0.106905   0.514367
0.00441284  -0.106905   0.514367
0.00441284  -0.106905   0.514367
0.00441284  -0.106905   0.514367
0.00441284  -0.106905   0.514367
0.00441284  -0.106905   0.514367
0.00441284  -0.106905   0.514367
0.00441284  -0.106905   0.514367
0.00441284  -0.106905   0.514367
0.00441284  -0.106905   0.514367
0.00441284  -0.106905   0.514367
0.00441284  -0.106905   0.514367
0.00441284  -0.106905   0.514367
0.00441284  -0.106905   0.514367
0.00441284  -0.106905   0.514367
0.00441284  -0.106905   0.514367
0.00441284  -0.106905   0.514367
0.00441284  -0.106905   0.514367
0.00441284  -0.106905   0.514367
0.00441284  -0.106905   0.514367
0.00441284  -0.106905   0.514367
0.00441284  -0.106905   0.514367
0.00441284  -0.106905   0.514367
0.00441284  -0.106905   0.514367
0.00441284  -0.106905   0.514367
0.00441284  -0.106905   0.514367
0.00441284  -0.106905   0.514367
0.00441284  -0.106905   0.514367
0.00441284  -0.106905   0.514367
0.00441284  -0.106905   0.514367
0.00441284  -0.106905   0.514367
0.00441284  -0.106905   0.514367
0.00441284  -0.106905   0.514367
0.00441284  -0.106905   0.514367
0.00441284  -0.106905   0.514367
0.00441284  -0.106905   0.514367
0.00441284  -0.106905   0.514367
0.00441284  -0.106905   0.514367
0.00441284  -0.106905   0.514367
0.00441284  -0.106905   0.514367
0.00441284  -0.106905   0.514367
0.00441284  -0.106905   0.514367
0.00441284  -0.106905   0.514367
0.00441284  -0.106905   0.514367
0.00441284  -0.106905   0.514367
0.00441284  -0.106905   0.514367
0.00441284  -0.106905   0.514367
0.00441284  -0.106905   0.514367
0.00441284  -0.106905   0.514367
0.00441284  -0.106905   0.514367
0.00441284  -0.106905   0.514367
0.00441284  -0.106905   0.514367
0.00441284  -0.106905   0.514367
0.00441284  -0.106905   0.514367
0.00441284  -0.106905   0.514367
0.00441284  -0.106905   0.514367
0.00441284  -0.106905   0.514367
0.00441284  -0.106905   0.514367
0.00441284  -0.106905   0.514367
0.00441284  -0.106905   0.514367
0.00441284  -0.106905   0.514367
0.00441284  -0.106905   0.514367
0.00441284  -0.106905   0.514367
0.00441284  -0.106905   0.514367
0.00441284  -0.106905   0.514367
0.00441284  -0.106905   0.514367
0.00441284  -0.106905   0.514367
0.00441284  -0.106905   0.514367
0.00441284  -0.106905   0.514367
0.00441284  -0.106905   0.514367
0.00441284  -0.106905   0.514367
0.00441284  -0.106905   0.514367
0.00441284  -0.106905   0.514367
0.00441284  -0.106905   0.514367
0.00441284  -0.106905   0.514367
0.00441284  -0.106905   0.514367
0.00441284  -0.106905   0.514367
0.00441284  -0.106905   0.514367
0.00441284  -0.106905   0.514367
0.00441284  -0.106905   0.514367
0.00441284  -0.106905   0.514367
0.00441284  -0.106905   0.514367
0.00441284  -0.106905   0.514367
0.00441284  -0.106905   0.514367
0.00441284  -0.106905   0.514367
0.00441284  -0.106905   0.514367
0.00441284  -0.106905   0.514367
0.00441284  -0.106905   0.514367
0.00441284  -0.106905   0.514367
0.00441284  -0.106905   0.514367
0.00441284  -0.106905   0.514367
0.00441284  -0.106905   0.514367
0.00441284  -0.106905   0.514367
0.00441284  -0.106905   0.514367
0.00441284  -0.106905   0.514367
0.00441284  -0.106905   0.514367
0.00441284  -0.106905   0.514367
0.00441284  -0.106905   0.514367
0.00441284  -0.106905   0.514367
0.00441284  -0.106905   0.514367
0.00441284  -0.106905   0.514367
0.00441284  -0.106905   0.514367
0.00441284  -0.106905   0.514367
0.00441284  -0.106905   0.514367
0.00441284  -0.106905   0.514367
0.00441284  -0.106905   0.514367
0.00441284  -0.106905   0.514367
0.00441284  -0.106905   0.514367
0.00441284  -0.106905   0.514367
0.00441284  -0.106905   0.514367
0.00441284  -0.106905   0.514367
0.00441284  -0.106905   0.514367
0.00441284  -0.106905   0.514367
0.00441284  -0.106905   0.514367
0.00441284  -0.106905   0.514367
0.00441284  -0.106905   0.514367
0.00441284  -0.106905   0.514367
0.00441284  -0.106905   0.514367
0.00441284  -0.106905   0.514367
0.00441284  -0.106905   0.514367
0.00441284  -0.106905   0.514367
0.00441284  -0.106905   0.514367
0.00441284  -0.106905   0.514367
0.00441284  -0.106905   0.514367
0.00441284  -0.106905   0.514367
0.00441284  -0.106905   0.514367
0.00441284  -0.106905   0.514367
0.00441284  -0.106905   0.514367
0.00441284  -0.106905   0.514367
0.00441284  -0.106905   0.514367
0.00441284  -0.106905   0.514367
0.00441284  -0.106905   0.514367
0.00441284  -0.106905   0.514367
0.00441284  -0.106905   0.514367
0.00441284  -0.106905   0.514367
0.00441284  -0.106905   0.514367
0.00441284  -0.106905   0.514367
0.00441284  -0.106905   0.514367
0.00441284  -0.106905   0.514367
0.00441284  -0.106905   0.514367
0.00441284  -0.106905   0.514367
0.00441284  -0.106905   0.514367
0.00441284  -0.106905   0.514367
0.00441284  -0.106905   0.514367
0.00441284  -0.106905   0.514367
0.00441284  -0.106905   0.514367
0.00441284  -0.106905   0.514367
0.00441284  -0.106905   0.514367
0.00441284  -0.106905   0.514367
0.00441284  -0.106905   0.514367
0.00441284  -0.106905   0.514367
0.00441284  -0.106905   0.514367
0.00441284  -0.106905   0.514367
0.00441284  -0.106905   0.514367
0.00441284  -0.106905   0.514367
0.00441284  -0.106905   0.514367
0.00441284  -0.106905   0.514367
0.00441284  -0.106905   0.514367
0.00441284  -0.106905   0.514367
0.00441284  -0.106905   0.514367
0.00441284  -0.106905   0.514367
0.00441284  -0.106905   0.514367
0.00441284  -0.106905   0.514367
0.00441284  -0.106905   0.514367
0.00441284  -0.106905   0.514367
0.00441284  -0.106905   0.514367
0.00441284  -0.106905   0.514367
0.00441284  -0.106905   0.514367
0.00441284  -0.106905   0.514367
0.00441284  -0.106905   0.514367
0.00441284  -0.106905   0.514367
0.00441284  -0.106905   0.514367
0.00441284  -0.106905   0.514367
0.00441284  -0.106905   0.514367
0.00441284  -0.106905   0.514367
0.00441284  -0.106905   0.514367
0.00441284  -0.106905   0.514367
0.00441284  -0.106905   0.514367
0.00441284  -0.106905   0.514367
0.00441284  -0.106905   0.514367
0.00441284  -0.106905   0.514367
0.00441284  -0.106905   0.514367
0.00441284  -0.106905   0.514367
0.00441284  -0.106905   0.514367
0.00441284  -0.106905   0.514367
0.00441284  -0.106905   0.514367
0.00441284  -0.106905   0.514367
0.00441284  -0.106905   0.514367
0.00441284  -0.106905   0.514367
0.00441284  -0.106905   0.514367
0.00441284  -0.106905   0.514367
0.00441284  -0.106905   0.514367
0.00441284  -0.106905   0.514367
0.00441284  -0.106905   0.514367
0.00441284  -0.106905   0.514367
0.00441284  -0.106905   0.514367
0.00441284  -0.106905   0.514367
0.00441284  -0.106905   0.514367
0.00441284  -0.106905   0.514367
0.00441284  -0.106905   0.514367
0.00441284  -0.106905   0.514367
0.00441284  -0.106905   0.514367
0.00441284  -0.106905   0.514367
0.00441284  -0.106905   0.514367
0.00441284  -0.106905   0.514367
0.00441284  -0.106905   0.514367
0.00441284  -0.106905   0.514367
0.00441284  -0.106905   0.514367
0.00441284  -0.106905   0.514367
0.00441284  -0.106905   0.514367
0.00441284  -0.106905   0.514367
0.00441284  -0.106905   0.514367
0.00441284  -0.106905   0.514367
0.00441284  -0.106905   0.514367
0.00441284  -0.106905   0.514367
0.00441284  -0.106905   0.514367
0.00441284  -0.106905   0.514367
0.00441284  -0.106905   0.514367
0.00441284  -0.106905   0.514367
0.00441284  -0.106905   0.514367
0.00441284  -0.106905   0.514367
0.00441284  -0.106905   0.514367
0.00441284  -0.106905   0.514367
0.00441284  -0.106905   0.514367
0.00441284  -0.106905   0.514367
0.00441284  -0.106905   0.514367
0.00441284  -0.106905   0.514367
0.00441284  -0.106905   0.514367
0.00441284  -0.106905   0.514367
0.00441284  -0.106905   0.514367
0.00441284  -0.106905   0.514367
0.00441284  -0.106905   0.514367
0.00441284  -0.106905   0.514367
0.00441284  -0.106905   0.514367
0.00441284  -0.106905   0.514367
0.00441284  -0.106905   0.514367
0.00441284  -0.106905   0.514367
0.00441284  -0.106905   0.514367
0.00441284  -0.106905   0.514367
0.00441284  -0.106905   0.514367
0.00441284  -0.106905   0.514367
0.00441284  -0.106905   0.514367
0.00441284  -0.106905   0.514367
0.00441284  -0.106905   0.514367
0.00441284  -0.106905   0.514367
0.00441284  -0.106905   0.514367
0.00441284  -0.106905   0.514367
0.00441284  -0.106905   0.514367
0.00441284  -0.106905   0.514367
0.00441284  -0.106905   0.514367
0.00441284  -0.106905   0.514367
0.00441284  -0.106905   0.514367
0.00441284  -0.106905   0.514367
0.00441284  -0.106905   0.514367
0.00441284  -0.106905   0.514367
0.00441284  -0.106905   0.514367
0.00441284  -0.106905   0.514367
0.00441284  -0.106905   0.514367
0.00441284  -0.106905   0.514367
0.00441284  -0.106905   0.514367
0.00441284  -0.106905   0.514367
0.00441284  -0.106905   0.514367
0.00441284  -0.106905   0.514367
0.00441284  -0.106905   0.514367
0.00441284  -0.106905   0.514367
0.00441284  -0.106905   0.514367
0.00441284  -0.106905   0.514367
0.00441284  -0.106905   0.514367
0.00441284  -0.106905   0.514367
0.00441284  -0.106905   0.514367
0.00441284  -0.106905   0.514367
0.00441284  -0.106905   0.514367
0.00441284  -0.106905   0.514367
0.00441284  -0.106905   0.514367
0.00441284  -0.106905   0.514367
0.00441284  -0.106905   0.514367
0.00441284  -0.106905   0.514367
0.00441284  -0.106905   0.514367
0.00441284  -0.106905   0.514367
0.00441284  -0.106905   0.514367
0.00441284  -0.106905   0.514367
0.00441284  -0.106905   0.514367
0.00441284  -0.106905   0.514367
0.00441284  -0.106905   0.514367
0.00441284  -0.106905   0.514367
0.00441284  -0.106905   0.514367
0.00441284  -0.106905   0.514367
0.00441284  -0.106905   0.514367
0.00441284  -0.106905   0.514367
0.00441284  -0.106905   0.514367
0.00441284  -0.106905   0.514367
0.00441284  -0.106905   0.514367
0.00441284  -0.106905   0.514367
0.00441284  -0.106905   0.514367
0.00441284  -0.106905   0.514367
0.00441284  -0.106905   0.514367
0.00441284  -0.106905   0.514367
0.00441284  -0.106905   0.514367
0.00441284  -0.106905   0.514367
0.00441284  -0.106905   0.514367
0.00441284  -0.106905   0.514367
0.00441284  -0.106905   0.514367
0.00441284  -0.106905   0.514367
0.00441284  -0.106905   0.514367
0.00441284  -0.106905   0.514367
0.00441284  -0.106905   0.514367
0.00441284  -0.106905   0.514367
0.00441284  -0.106905   0.514367
0.00441284  -0.106905   0.514367
0.00441284  -0.106905   0.514367
0.00441284  -0.106905   0.514367
0.00441284  -0.106905   0.514367
0.00441284  -0.106905   0.514367
0.00441284  -0.106905   0.514367
0.00441284  -0.106905   0.514367
0.00441284  -0.106905   0.514367
0.00441284  -0.106905   0.514367
0.00441284  -0.106905   0.514367
0.00441284  -0.106905   0.514367
0.00441284  -0.106905   0.514367
0.00441284  -0.106905   0.514367
0.00441284  -0.106905   0.514367
0.00441284  -0.106905   0.514367
0.00441284  -0.106905   0.514367
0.00441284  -0.106905   0.514367
0.00441284  -0.106905   0.514367
0.00441284  -0.106905   0.514367
0.00441284  -0.106905   0.514367
0.00441284  -0.106905   0.514367
0.00441284  -0.106905   0.514367
0.00441284  -0.106905   0.514367
0.00441284  -0.106905   0.514367
0.00441284  -0.106905   0.514367
0.00441284  -0.106905   0.514367
0.00441284  -0.106905   0.514367
0.00441284  -0.106905   0.514367
0.00441284  -0.106905   0.514367
0.00441284  -0.106905   0.514367
0.00441284  -0.106905   0.514367
0.00441284  -0.106905   0.514367
0.00441284  -0.106905   0.514367
0.00441284  -0.106905   0.514367
0.00441284  -0.106905   0.514367
0.00441284  -0.106905   0.514367
0.00441284  -0.106905   0.514367
0.00441284  -0.106905   0.514367
0.00441284  -0.106905   0.514367
0.00441284  -0.106905   0.514367
0.00441284  -0.106905   0.514367
0.00441284  -0.106905   0.514367
0.00441284  -0.106905   0.514367
0.00441284  -0.106905   0.514367
0.00441284  -0.106905   0.514367
0.00441284  -0.106905   0.514367
0.00441284  -0.106905   0.514367
0.00441284  -0.106905   0.514367
0.00441284  -0.106905   0.514367
0.00441284  -0.106905   0.514367
0.00441284  -0.106905   0.514367
0.00441284  -0.106905   0.514367
0.00441284  -0.106905   0.514367
0.00441284  -0.106905   0.514367
0.00441284  -0.106905   0.514367
0.00441284  -0.106905   0.514367
0.00441284  -0.106905   0.514367
0.00441284  -0.106905   0.514367
0.00441284  -0.106905   0.514367
0.00441284  -0.106905   0.514367
0.00441284  -0.106905   0.514367
0.00441284  -0.106905   0.514367
0.00441284  -0.106905   0.514367
0.00441284  -0.106905   0.514367
0.00441284  -0.106905   0.514367
0.00441284  -0.106905   0.514367
0.00441284  -0.106905   0.514367
0.00441284  -0.106905   0.514367
0.00441284  -0.106905   0.514367
0.00441284  -0.106905   0.514367
0.00441284  -0.106905   0.514367
0.00441284  -0.106905   0.514367
0.00441284  -0.106905   0.514367
0.00441284  -0.106905   0.514367
0.00441284  -0.106905   0.514367
0.00441284  -0.106905   0.514367
0.00441284  -0.106905   0.514367
0.00441284  -0.106905   0.514367
0.00441284  -0.106905   0.514367
0.00441284  -0.106905   0.514367
0.00441284  -0.106905   0.514367
0.00441284  -0.106905   0.514367
0.00441284  -0.106905   0.514367
0.00441284  -0.106905   0.514367
0.00441284  -0.106905   0.514367
0.00441284  -0.106905   0.514367
0.00441284  -0.106905   0.514367
0.00441284  -0.106905   0.514367
0.00441284  -0.106905   0.514367
0.00441284  -0.106905   0.514367
0.00441284  -0.106905   0.514367
0.00441284  -0.106905   0.514367
0.00441284  -0.106905   0.514367
0.00441284  -0.106905   0.514367
0.00441284  -0.106905   0.514367
0.00441284  -0.106905   0.514367
0.00441284  -0.106905   0.514367
0.00441284  -0.106905   0.514367
0.00441284  -0.106905   0.514367
0.00441284  -0.106905   0.514367
0.00441284  -0.106905   0.514367
0.00441284  -0.106905   0.514367
0.00441284  -0.106905   0.514367
0.00441284  -0.106905   0.514367
0.00441284  -0.106905   0.514367
0.00441284  -0.106905   0.514367
0.00441284  -0.106905   0.514367
0.00441284  -0.106905   0.514367
0.00441284  -0.106905   0.514367
0.00441284  -0.106905   0.514367
0.00441284  -0.106905   0.514367
0.00441284  -0.106905   0.514367
0.00441284  -0.106905   0.514367
0.00441284  -0.106905   0.514367
0.00441284  -0.106905   0.514367
0.00441284  -0.106905   0.514367
0.00441284  -0.106905   0.514367
0.00441284  -0.106905   0.514367
0.00441284  -0.106905   0.514367
0.00441284  -0.106905   0.514367
0.00441284  -0.106905   0.514367
0.00441284  -0.106905   0.514367
0.00441284  -0.106905   0.514367
0.00441284  -0.106905   0.514367
0.00441284  -0.106905   0.514367
0.00441284  -0.106905   0.514367
0.00441284  -0.106905   0.514367
0.00441284  -0.106905   0.514367
0.00441284  -0.106905   0.514367
0.00441284  -0.106905   0.514367
0.00441284  -0.106905   0.514367
