0.0165569 -0.105387  0.508552
0.0165587  -0.10539  0.508552
0.0165602 -0.105387  0.508552
0.0165599 -0.105389  0.508552
0.0165572 -0.105393  0.508551
0.0165555 -0.105395   0.50855
0.0165515 -0.105394   0.50855
0.0165485 -0.105395   0.50855
0.0165431 -0.105392   0.50855
0.0165377 -0.105394  0.508549
 0.016532 -0.105393  0.508549
0.0165245  -0.10539  0.508549
0.0165181 -0.105389  0.508549
0.0165098  -0.10539  0.508549
0.0165027  -0.10539  0.508549
0.0164938 -0.105389  0.508548
0.0164842 -0.105391  0.508548
0.0164735  -0.10539  0.508548
0.0164592 -0.105396  0.508547
0.0164467 -0.105397  0.508547
 0.016433 -0.105397  0.508547
0.0164178 -0.105398  0.508547
0.0164014   -0.1054  0.508546
0.0163836 -0.105401  0.508546
0.0163639 -0.105403  0.508546
0.0163423 -0.105405  0.508546
0.0163187 -0.105408  0.508546
0.0162937 -0.105409  0.508545
0.0162658 -0.105412  0.508545
0.0162355 -0.105414  0.508545
0.0162027 -0.105418  0.508544
0.0161671  -0.10542  0.508543
0.0161288 -0.105423  0.508543
0.0160877 -0.105427  0.508542
0.0160435  -0.10543  0.508541
0.0160633 -0.105423  0.508539
0.0159469 -0.105437   0.50854
0.0158931 -0.105441  0.508539
 0.015837 -0.105447  0.508537
0.0157762 -0.105452  0.508536
0.0157119 -0.105459  0.508534
 0.015644 -0.105464  0.508532
0.0155725  -0.10547   0.50853
0.0154974 -0.105478  0.508527
0.0154185 -0.105485  0.508524
 0.015336 -0.105495  0.508521
0.0152489 -0.105504  0.508518
0.0151599 -0.105513  0.508515
0.0150657 -0.105523  0.508511
 0.014954 -0.105539  0.508507
0.0148536 -0.105552  0.508502
0.0147479 -0.105561  0.508498
0.0146397 -0.105574  0.508493
0.0145281 -0.105585  0.508489
0.0144128 -0.105596  0.508484
0.0142963  -0.10561  0.508479
0.0141754 -0.105624  0.508473
0.0140494 -0.105637  0.508467
0.0139223 -0.105651  0.508461
0.0137904 -0.105665  0.508455
0.0136568 -0.105679  0.508449
0.0135205 -0.105695  0.508442
0.0133819 -0.105709  0.508436
0.0132412 -0.105725  0.508429
0.0130985 -0.105739  0.508422
0.0129538 -0.105756  0.508414
0.0128075 -0.105771  0.508407
0.0126632 -0.105786  0.508398
0.0125144 -0.105801   0.50839
0.0123645 -0.105818  0.508382
0.0122139 -0.105833  0.508374
0.0120628  -0.10585  0.508366
0.0119112 -0.105865  0.508358
0.0117595  -0.10588   0.50835
0.0116076 -0.105896  0.508342
0.0114558 -0.105911  0.508335
0.0113044 -0.105927  0.508327
0.0111536 -0.105942  0.508319
0.0110037 -0.105958  0.508312
0.0108548 -0.105972  0.508305
 0.010707 -0.105987  0.508297
0.0105606 -0.106001  0.508291
0.0104156 -0.106016  0.508284
0.0102721 -0.106029  0.508278
0.0101303 -0.106043  0.508272
0.00999119  -0.106054   0.508266
0.00985283  -0.106068   0.508261
0.0096998  -0.10608  0.508257
0.00956608  -0.106091   0.508253
0.00943471  -0.106104   0.508249
0.00930577  -0.106115   0.508245
0.00917951  -0.106126   0.508242
0.0090556 -0.106136  0.508239
0.00893422  -0.106147   0.508236
0.00881565  -0.106156   0.508235
0.00869978  -0.106166   0.508232
0.00858808  -0.106173   0.508231
0.00847747  -0.106182    0.50823
0.00836958   -0.10619    0.50823
0.00826448  -0.106198    0.50823
0.00816218  -0.106205    0.50823
0.00806269  -0.106213   0.508231
0.00796597  -0.106219   0.508232
0.00787203  -0.106227   0.508233
0.00778083  -0.106232   0.508235
0.00769233  -0.106239   0.508237
0.0076057 -0.106243   0.50824
0.00760201  -0.106227   0.508235
0.00744185  -0.106254   0.508245
0.0073635  -0.10626  0.508248
0.00728062   -0.10627   0.508252
0.00720715  -0.106274   0.508256
0.0071361 -0.106279   0.50826
0.00706759  -0.106282   0.508264
0.00700133  -0.106288   0.508268
0.00693729   -0.10629   0.508272
0.00687553  -0.106295   0.508277
0.00681595  -0.106297   0.508281
0.00675854  -0.106302   0.508286
0.00670292  -0.106304    0.50829
0.00664969  -0.106308   0.508295
0.00659828  -0.106309     0.5083
0.00654898  -0.106313   0.508305
0.00650161  -0.106315    0.50831
0.00645604  -0.106318   0.508315
0.00641219   -0.10632    0.50832
0.00636992  -0.106323   0.508324
0.00632915  -0.106325    0.50833
0.00628986  -0.106329   0.508334
0.00625053   -0.10633   0.508339
0.00621394  -0.106333   0.508344
0.0061786 -0.106337  0.508348
0.00614447  -0.106338   0.508353
0.00611152  -0.106342   0.508357
0.00607972  -0.106344   0.508361
0.00604899  -0.106348   0.508365
0.00601833  -0.106346   0.508371
0.00598975  -0.106349   0.508375
0.00596234  -0.106352   0.508378
0.00593574  -0.106354   0.508382
0.00591012  -0.106357   0.508385
0.00588547  -0.106359   0.508389
0.00586174  -0.106363   0.508391
0.00583893  -0.106364   0.508394
0.00581708  -0.106368   0.508397
0.00579608   -0.10637   0.508399
 0.005776 -0.106373  0.508401
0.00575671  -0.106375   0.508404
0.00573832  -0.106378   0.508406
0.00572084   -0.10638   0.508408
0.00570415  -0.106383   0.508409
0.00568831  -0.106385   0.508411
0.00567325  -0.106389   0.508412
0.00565899  -0.106392   0.508413
0.00564551  -0.106394   0.508414
0.00563277  -0.106397   0.508415
0.0056208 -0.106399  0.508416
0.00560955  -0.106402   0.508417
0.00559904  -0.106403   0.508417
0.00558921  -0.106406   0.508418
0.00557897  -0.106407   0.508418
0.00557048   -0.10641   0.508418
0.00556263  -0.106411   0.508418
0.00555504  -0.106414   0.508417
0.00554843  -0.106415   0.508417
0.00554246  -0.106418   0.508417
0.00553703  -0.106419   0.508416
0.00553218  -0.106421   0.508415
0.00552783  -0.106424   0.508414
0.00552404  -0.106425   0.508414
0.00552069  -0.106428   0.508413
0.00551783  -0.106428   0.508412
0.00551546  -0.106431    0.50841
0.00551352  -0.106431   0.508409
0.00551309  -0.106437   0.508407
0.00551205  -0.106439   0.508405
0.00551142   -0.10644   0.508404
0.00551119  -0.106442   0.508402
0.00551135  -0.106442     0.5084
0.00551108  -0.106444   0.508397
0.00551202  -0.106446   0.508395
0.00551333  -0.106447   0.508393
0.00551455  -0.106448   0.508389
0.00551647  -0.106448   0.508387
0.00551892   -0.10645   0.508384
0.00552145   -0.10645   0.508381
0.00552425  -0.106452   0.508378
0.0055273 -0.106451  0.508375
0.00553064  -0.106453   0.508371
0.00553418  -0.106452   0.508368
0.00553799  -0.106453   0.508364
0.00554196  -0.106455    0.50836
0.0055462 -0.106454  0.508357
0.0055506 -0.106455  0.508353
0.00555519  -0.106454   0.508349
0.00556019  -0.106455   0.508345
0.00556517  -0.106454   0.508341
0.00557037  -0.106455   0.508336
0.00557573  -0.106455   0.508332
0.00558061  -0.106455   0.508327
0.00558732  -0.106451   0.508323
0.00559321  -0.106452   0.508318
0.00559919  -0.106451   0.508313
0.00560532  -0.106452   0.508308
0.00561125  -0.106451   0.508303
0.00561767  -0.106452   0.508297
0.0056247 -0.106451  0.508292
0.00563146  -0.106452   0.508286
0.00563837  -0.106451   0.508281
0.00564542  -0.106452   0.508275
0.00565263  -0.106454   0.508269
0.00565992  -0.106453   0.508264
0.00566736  -0.106454   0.508258
0.00567494  -0.106453   0.508252
0.00568264  -0.106454   0.508246
0.00569051  -0.106454    0.50824
0.00569848  -0.106455   0.508234
0.0057066 -0.106454  0.508228
0.00571481  -0.106455   0.508221
0.00572315  -0.106456   0.508214
0.00573157  -0.106455   0.508208
0.0057401 -0.106456  0.508201
0.00574872  -0.106455   0.508195
0.00575764  -0.106456   0.508188
0.00576615  -0.106454   0.508182
0.00577516  -0.106455   0.508175
0.00578379  -0.106453   0.508168
0.0057927 -0.106454  0.508161
0.00580167  -0.106454   0.508154
0.00581071  -0.106453   0.508147
0.00581978  -0.106453   0.508139
0.00582891  -0.106451   0.508133
0.00583804  -0.106451   0.508125
0.00584729  -0.106449   0.508118
0.0058566 -0.106449  0.508111
0.00586596  -0.106447   0.508104
0.00587537  -0.106447   0.508096
0.00588482  -0.106447   0.508088
0.00589437  -0.106445   0.508081
0.00590395  -0.106444   0.508074
0.00591386  -0.106442   0.508067
0.00592354  -0.106442   0.508059
0.00593324   -0.10644   0.508052
0.00594304   -0.10644   0.508044
0.00595289   -0.10644   0.508036
0.00596239  -0.106437   0.508029
0.0059723 -0.106437  0.508021
0.00598227  -0.106435   0.508014
0.00599253  -0.106436   0.508007
0.00600212  -0.106434   0.507999
0.00601206  -0.106434   0.507992
0.00602202  -0.106434   0.507984
0.00603293  -0.106437   0.507976
0.00604285  -0.106435   0.507968
0.0060528 -0.106435  0.507961
0.00606272  -0.106434   0.507953
0.00607266  -0.106434   0.507946
0.00608299  -0.106436   0.507938
0.0060925 -0.106434  0.507931
0.00610278  -0.106435   0.507923
0.00611239  -0.106434   0.507916
0.00612229  -0.106434   0.507908
0.00613217  -0.106433   0.507901
0.00614207  -0.106433   0.507893
0.00615193  -0.106434   0.507886
0.00616176  -0.106433   0.507879
0.00617153  -0.106433   0.507871
0.00618127  -0.106432   0.507864
0.00619102  -0.106432   0.507857
0.00620073  -0.106431    0.50785
0.0062104 -0.106432  0.507843
0.00621997  -0.106433   0.507835
0.00622952  -0.106431   0.507828
0.00623928  -0.106432   0.507821
0.0062487 -0.106431  0.507814
0.00625804  -0.106431   0.507807
0.00626701  -0.106429     0.5078
0.00627616   -0.10643   0.507793
0.00628518  -0.106431   0.507786
0.00629414   -0.10643   0.507779
0.00630293   -0.10643   0.507772
0.00631164  -0.106429   0.507765
0.00632022  -0.106429   0.507758
0.00632868  -0.106428   0.507752
0.00633704  -0.106429   0.507745
0.00634524   -0.10643   0.507738
0.00635423  -0.106426   0.507732
0.00636211  -0.106425   0.507725
0.0063699 -0.106426  0.507718
0.00637737  -0.106427   0.507712
0.00638524  -0.106427   0.507705
0.0063928 -0.106428  0.507699
0.00640026  -0.106427   0.507693
0.0064077 -0.106428  0.507686
0.00641504  -0.106427    0.50768
0.00642208  -0.106428   0.507674
0.00642875  -0.106433   0.507667
0.00643638  -0.106429   0.507662
0.00644342  -0.106431   0.507656
0.00645037  -0.106431    0.50765
0.00645729  -0.106433   0.507644
0.00646412  -0.106435   0.507638
0.00647093  -0.106435   0.507632
0.0064778 -0.106437  0.507627
0.00648438  -0.106437   0.507621
0.00649086  -0.106439   0.507616
0.00649749   -0.10644    0.50761
0.0065038 -0.106443  0.507605
0.00650998  -0.106444   0.507599
0.00651588  -0.106444   0.507594
0.00652181  -0.106446   0.507589
0.00652764  -0.106446   0.507584
0.00653335  -0.106448   0.507579
0.00653895   -0.10645   0.507574
0.00654441   -0.10645   0.507569
0.00654976  -0.106452   0.507564
0.00655497  -0.106452    0.50756
0.00656003  -0.106454   0.507555
0.00656497  -0.106456    0.50755
0.00656971  -0.106456   0.507546
0.00657436  -0.106458   0.507542
0.00657885  -0.106457   0.507538
0.00658322  -0.106459   0.507534
0.00658835  -0.106456   0.507531
0.00659176  -0.106465   0.507524
0.00659553  -0.106463   0.507522
0.00659936  -0.106463   0.507518
0.00660327  -0.106466   0.507513
0.00660691   -0.10647    0.50751
0.00661037  -0.106472   0.507506
0.00661369  -0.106472   0.507503
0.00661672   -0.10647     0.5075
0.00661985  -0.106472   0.507497
0.00662279  -0.106472   0.507494
0.00662563  -0.106475    0.50749
0.00662835  -0.106478   0.507487
0.00663094  -0.106478   0.507484
0.00663341   -0.10648   0.507481
0.00663572  -0.106481   0.507478
0.00663795  -0.106483   0.507475
0.00664001  -0.106484   0.507473
0.00664198  -0.106487    0.50747
0.00664377   -0.10649   0.507467
0.00664551  -0.106494   0.507463
0.00664705  -0.106494   0.507461
0.00664837  -0.106494   0.507459
0.00664894  -0.106498   0.507457
0.00665081  -0.106502   0.507453
0.00665184  -0.106505   0.507451
0.00665267  -0.106504   0.507449
0.00665343  -0.106504   0.507447
0.0066541 -0.106509  0.507444
0.00665464  -0.106512   0.507442
0.00665504  -0.106512   0.507441
0.00665547  -0.106515   0.507438
0.00665575  -0.106517   0.507436
0.0066559 -0.106518  0.507434
0.00665598   -0.10652   0.507433
0.00665597  -0.106523   0.507431
0.0066559 -0.106523  0.507429
0.00665576  -0.106525   0.507428
0.00665552  -0.106525   0.507427
0.00665523  -0.106527   0.507425
0.00665515  -0.106528   0.507424
0.00665438   -0.10653   0.507423
0.00665383  -0.106533   0.507421
0.00665321  -0.106533   0.507421
0.00665254  -0.106535   0.507419
0.0066518 -0.106535  0.507419
0.00665099  -0.106537   0.507418
0.00665009  -0.106539   0.507416
0.0066491 -0.106539  0.507416
0.00664801  -0.106541   0.507415
0.00664688  -0.106541   0.507414
0.0066457 -0.106544  0.507413
0.00664445  -0.106544   0.507413
0.00664361  -0.106546   0.507412
0.00664181  -0.106549   0.507411
0.00664041  -0.106549   0.507411
0.00663892  -0.106552    0.50741
0.0066374 -0.106552   0.50741
0.00663586  -0.106555   0.507409
0.00663427  -0.106558   0.507408
0.00663265  -0.106558   0.507408
0.00663099  -0.106561   0.507408
0.00662931  -0.106561   0.507408
0.00662758  -0.106564   0.507407
0.00662592  -0.106565   0.507407
0.00662412  -0.106567   0.507407
0.00662231   -0.10657   0.507407
0.00662048   -0.10657   0.507407
0.0066186 -0.106573  0.507406
0.00661671  -0.106573   0.507407
0.00661478  -0.106575   0.507406
0.00661285  -0.106576   0.507407
0.00661099  -0.106574   0.507407
0.00660876  -0.106582   0.507407
0.00660688  -0.106577   0.507407
0.00660484  -0.106577   0.507408
0.0066028 -0.106579  0.507408
0.00660074   -0.10658   0.507408
 0.006599 -0.106582  0.507408
0.00659692  -0.106585   0.507408
0.00659426  -0.106585   0.507409
0.00659214  -0.106587   0.507409
0.00659002  -0.106587    0.50741
0.00658798  -0.106589    0.50741
0.00658586  -0.106592    0.50741
0.00658373  -0.106592   0.507411
0.0065816 -0.106594  0.507411
0.00657947  -0.106594   0.507412
0.0065773 -0.106596  0.507412
0.00657512  -0.106597   0.507413
0.00657292  -0.106599   0.507413
0.00657071  -0.106601   0.507414
0.00656848  -0.106601   0.507414
0.00656622  -0.106603   0.507415
0.00656396  -0.106604   0.507416
0.00656167  -0.106606   0.507416
0.00655941  -0.106606   0.507417
0.00655709  -0.106608   0.507417
0.00655473  -0.106612   0.507418
0.00655254  -0.106614   0.507418
0.00655023  -0.106614   0.507418
0.00654793  -0.106616   0.507419
0.00654561  -0.106616    0.50742
0.00654333  -0.106618    0.50742
 0.006541 -0.106621   0.50742
0.0065387  -0.10662  0.507421
0.0065364 -0.106622  0.507422
0.00653411  -0.106622   0.507423
0.00653183  -0.106624   0.507423
0.00652955  -0.106626   0.507424
0.00652732  -0.106626   0.507425
0.00652507  -0.106627   0.507425
0.00652284  -0.106627   0.507426
0.00652064  -0.106629   0.507427
0.00651843  -0.106628   0.507428
0.00651625   -0.10663   0.507428
0.00651407  -0.106632   0.507429
0.00651178  -0.106631    0.50743
0.00650978  -0.106633   0.507431
0.00650767  -0.106632   0.507432
0.0065055 -0.106634  0.507432
0.00650336  -0.106634   0.507433
0.00650123  -0.106635   0.507434
0.00649837  -0.106638   0.507434
0.00649623  -0.106637   0.507435
0.00649435  -0.106639   0.507436
0.00649223  -0.106639   0.507437
0.00649005   -0.10664   0.507437
0.0064879  -0.10664  0.507438
0.00648574  -0.106642   0.507439
0.00648357  -0.106644   0.507439
0.0064814 -0.106644   0.50744
0.0064792 -0.106646  0.507441
0.00647704  -0.106645   0.507442
0.00647484  -0.106647   0.507442
0.00647265  -0.106647   0.507443
0.00647047  -0.106649   0.507444
0.00646828  -0.106651   0.507444
0.00646612  -0.106651   0.507445
0.00646399  -0.106653   0.507446
0.00646184  -0.106653   0.507447
0.00645968  -0.106655   0.507447
0.00645757  -0.106655   0.507448
0.00645541  -0.106656   0.507449
0.00645329  -0.106659   0.507449
0.00645119  -0.106658    0.50745
0.0064491  -0.10666   0.50745
0.00644702   -0.10666   0.507451
0.00644494  -0.106661   0.507452
0.00644307  -0.106656   0.507454
0.0064411 -0.106656  0.507455
0.00643909  -0.106658   0.507455
0.00643635   -0.10666   0.507455
0.00643512  -0.106659   0.507456
0.00643242  -0.106661   0.507457
0.00643109  -0.106667   0.507457
0.00642937  -0.106662   0.507458
0.00642672  -0.106661   0.507459
0.00642512  -0.106663    0.50746
0.00642328  -0.106665    0.50746
0.00642145  -0.106664   0.507461
0.00641966  -0.106666   0.507462
0.00641785  -0.106665   0.507463
0.00641607  -0.106667   0.507463
0.00641428  -0.106666   0.507464
0.0064125 -0.106668  0.507465
0.00641073   -0.10667   0.507465
0.00640895   -0.10667   0.507466
0.00640721  -0.106671   0.507467
0.0064054 -0.106671  0.507467
0.00640361  -0.106672   0.507468
0.00640184  -0.106672   0.507469
0.00640005  -0.106673   0.507469
0.00639828  -0.106675    0.50747
0.00639647  -0.106675    0.50747
0.00639468  -0.106676   0.507471
0.00639287  -0.106676   0.507472
0.00639107  -0.106677   0.507472
0.00638927  -0.106677   0.507473
0.00638747  -0.106679   0.507473
0.00638569  -0.106678   0.507474
0.00638387   -0.10668   0.507474
0.00638208  -0.106682   0.507475
0.00638029  -0.106681   0.507475
0.00637854  -0.106683   0.507476
0.00637676  -0.106682   0.507477
0.00637497  -0.106684   0.507477
0.00637322  -0.106683   0.507478
0.00637161  -0.106685   0.507478
0.00636961  -0.106684   0.507479
0.00636786  -0.106685   0.507479
0.00636612  -0.106687   0.507479
0.00636441  -0.106686    0.50748
0.00636266  -0.106687    0.50748
0.00636094  -0.106687   0.507481
0.00635923  -0.106688   0.507482
0.00635753  -0.106687   0.507482
0.00635586  -0.106688   0.507483
0.00635419  -0.106688   0.507483
0.00635256  -0.106689   0.507484
0.00635094  -0.106691   0.507484
0.00634934   -0.10669   0.507485
0.00634776  -0.106691   0.507485
0.00634618   -0.10669   0.507486
0.0063449 -0.106692  0.507486
0.00634332  -0.106691   0.507487
0.00634179  -0.106693   0.507487
0.00634025  -0.106692   0.507488
0.00633872  -0.106693   0.507488
0.00633722  -0.106695   0.507489
0.00633568  -0.106694   0.507489
0.00633448  -0.106697    0.50749
0.00633298  -0.106699    0.50749
0.00633146  -0.106698    0.50749
0.00632918    -0.1067   0.507491
0.00632764    -0.1067   0.507491
0.00632614  -0.106701   0.507492
0.0063246 -0.106702  0.507492
0.00632308  -0.106702   0.507492
0.00632156  -0.106703   0.507493
0.00632006  -0.106702   0.507493
0.00631855  -0.106703   0.507494
0.00631703  -0.106702   0.507494
0.00631556  -0.106704   0.507495
0.00631403  -0.106703   0.507495
0.00631252  -0.106704   0.507496
0.00631103  -0.106705   0.507496
0.00630954  -0.106705   0.507496
0.0063083 -0.106706  0.507497
0.00630707  -0.106706   0.507497
0.00630558  -0.106707   0.507497
0.00630409  -0.106706   0.507498
0.00630271  -0.106701   0.507499
0.00630113  -0.106706   0.507499
0.00629964  -0.106707   0.507499
0.00629826  -0.106702     0.5075
0.0062968 -0.106703  0.507501
0.00629533  -0.106703   0.507501
0.00629311  -0.106704   0.507502
0.00629167  -0.106703   0.507502
0.00629023  -0.106704   0.507502
0.00628839  -0.106701   0.507503
0.00628737  -0.106705   0.507503
0.00628597  -0.106706   0.507503
0.00628456  -0.106705   0.507504
0.00628318  -0.106707   0.507504
0.0062818 -0.106706  0.507505
0.00628046  -0.106707   0.507505
0.00627908  -0.106707   0.507506
0.00627772  -0.106708   0.507506
0.00627662  -0.106708   0.507506
0.00627527  -0.106709   0.507507
0.00627393  -0.106711   0.507507
0.00627289  -0.106711   0.507507
0.00627155  -0.106712   0.507507
0.0062702 -0.106711  0.507508
0.00626889  -0.106714   0.507508
0.00626676  -0.106716   0.507508
0.00626538  -0.106715   0.507509
0.00626402  -0.106716   0.507509
0.00626263  -0.106718   0.507509
0.00626087  -0.106714   0.507509
0.00625988  -0.106718   0.507509
0.00625851  -0.106717    0.50751
0.00625715  -0.106718    0.50751
0.00625578  -0.106717   0.507511
0.00625447  -0.106718   0.507511
0.00625309  -0.106717   0.507512
0.00625174  -0.106718   0.507512
0.00625025  -0.106717   0.507511
0.00624933  -0.106719   0.507512
0.00624836   -0.10672   0.507512
0.00624706  -0.106715   0.507514
0.00624576  -0.106714   0.507514
0.00624375  -0.106715   0.507515
0.00624246  -0.106714   0.507515
0.0062412 -0.106715  0.507515
0.00623954  -0.106714   0.507515
0.00623826  -0.106713   0.507516
0.0062374 -0.106717  0.507516
0.00623615  -0.106716   0.507517
0.00623491  -0.106717   0.507517
0.00623367  -0.106716   0.507517
0.00623247  -0.106717   0.507518
0.00623123  -0.106716   0.507518
  0.00623 -0.106717  0.507518
0.00622879  -0.106719   0.507518
0.00622757  -0.106718   0.507519
0.00622636  -0.106719   0.507519
0.00622513  -0.106719    0.50752
0.0062239  -0.10672   0.50752
0.0062234 -0.106719   0.50752
0.00622217   -0.10672    0.50752
0.00622095  -0.106719   0.507521
0.0062197  -0.10672  0.507521
0.00621776  -0.106722   0.507521
0.00621651  -0.106722   0.507521
0.00621526  -0.106723   0.507522
0.00621402  -0.106722   0.507522
0.00621277  -0.106723   0.507522
0.00621153  -0.106722   0.507523
0.0062103 -0.106723  0.507523
0.00620908  -0.106722   0.507523
0.00620782  -0.106723   0.507524
0.00620659  -0.106725   0.507524
0.00620536  -0.106724   0.507524
0.00620413  -0.106725   0.507524
0.00620293  -0.106724   0.507525
0.00620171  -0.106725   0.507525
0.00620073  -0.106724   0.507525
0.00619991  -0.106726   0.507525
0.00619871  -0.106725   0.507526
0.00619749  -0.106729   0.507525
0.0061963 -0.106728  0.507526
0.00619514  -0.106729   0.507526
0.00619395  -0.106728   0.507526
0.00619278  -0.106729   0.507527
0.0061909 -0.106728  0.507527
0.00618976  -0.106729   0.507527
0.00618868  -0.106728   0.507528
0.00618756  -0.106729   0.507528
0.00618648   -0.10673   0.507528
0.00618536  -0.106729   0.507529
0.00618426   -0.10673   0.507529
0.00618317  -0.106729   0.507529
0.00618229   -0.10673   0.507529
0.00618121  -0.106729    0.50753
0.00617988   -0.10673    0.50753
0.00617878  -0.106728   0.507531
0.0061779  -0.10673  0.507531
0.00617679  -0.106731   0.507531
0.00617609   -0.10673   0.507531
0.00617494  -0.106725   0.507532
0.00617387   -0.10673   0.507532
0.00617268  -0.106725   0.507533
0.00617152  -0.106726   0.507533
0.00617037  -0.106725   0.507534
0.00616849  -0.106727   0.507534
0.00616736  -0.106728   0.507534
0.00616586  -0.106725   0.507534
0.00616505  -0.106728   0.507534
0.00616356  -0.106725   0.507534
0.00616282  -0.106729   0.507535
0.00616171  -0.106728   0.507535
0.0061606 -0.106729  0.507536
0.00615954  -0.106728   0.507536
0.00615864   -0.10673   0.507536
0.00615758  -0.106731   0.507536
0.00615693  -0.106731   0.507536
0.00615588  -0.106732   0.507537
0.00615484  -0.106731   0.507537
0.00615379  -0.106732   0.507537
0.00615274  -0.106732   0.507538
0.00615168  -0.106733   0.507538
0.00615054  -0.106735   0.507538
0.00614947  -0.106734   0.507538
0.00614839  -0.106735   0.507538
0.00614734  -0.106737   0.507538
0.00614624  -0.106736   0.507539
0.00614524  -0.106733    0.50754
0.0061441 -0.106735  0.507539
0.00614303  -0.106736   0.507539
0.00614196  -0.106735    0.50754
0.00614019  -0.106736    0.50754
0.00613914  -0.106735   0.507541
0.0061381 -0.106736  0.507541
0.0061371 -0.106737  0.507541
0.00613608  -0.106736   0.507541
0.00613525  -0.106737   0.507541
0.00613425  -0.106736   0.507542
0.00613116  -0.106734   0.507543
0.00613059  -0.106733   0.507543
0.00613164  -0.106736   0.507542
0.0061286 -0.106732  0.507544
0.00612961   -0.10673   0.507544
0.00612659  -0.106728   0.507545
0.00612566  -0.106729   0.507545
0.00612397  -0.106729   0.507545
0.00612374  -0.106729   0.507546
0.00612282  -0.106728   0.507546
0.00612327  -0.106733   0.507546
0.00612039  -0.106729   0.507547
0.00612156  -0.106733   0.507546
0.00612073  -0.106733   0.507547
0.00611991  -0.106734   0.507547
0.0061191 -0.106733  0.507547
0.00611829  -0.106735   0.507547
0.00611746  -0.106737   0.507547
0.00611685  -0.106736   0.507548
0.00611596  -0.106738   0.507548
0.00611507  -0.106737   0.507548
0.0061142 -0.106738  0.507548
0.00611325  -0.106738   0.507549
0.0061103 -0.106736  0.507549
0.00611127  -0.106738   0.507549
0.00611024  -0.106739   0.507549
0.00610964  -0.106739    0.50755
0.00610858   -0.10674    0.50755
0.00610751  -0.106741    0.50755
0.0061064  -0.10674   0.50755
0.00610532  -0.106741    0.50755
0.00610405  -0.106743    0.50755
0.00610292  -0.106742    0.50755
0.00610191  -0.106739   0.507551
0.00610067  -0.106741   0.507551
0.00609888  -0.106742   0.507551
0.00609777  -0.106741   0.507551
0.00609668  -0.106742   0.507551
0.00609559  -0.106742   0.507551
0.00609454  -0.106741   0.507552
0.0060935 -0.106742  0.507552
0.00609248   -0.10674   0.507552
0.0060915 -0.106741  0.507553
0.00609052   -0.10674   0.507553
0.00608957   -0.10674   0.507553
0.00608865  -0.106739   0.507554
0.00608774   -0.10674   0.507554
0.00608705  -0.106739   0.507554
0.00608598  -0.106739   0.507555
0.00608532  -0.106741   0.507554
0.00608428  -0.106739   0.507555
0.00608345   -0.10674   0.507555
0.00608263  -0.106739   0.507556
0.0060818  -0.10674  0.507556
0.00608101  -0.106739   0.507556
0.00607823  -0.106738   0.507557
0.00607741  -0.106737   0.507557
0.0060766 -0.106738  0.507557
0.00607646  -0.106737   0.507558
0.00607502  -0.106738   0.507558
0.00607488  -0.106737   0.507559
0.00607411  -0.106738   0.507559
0.00607346  -0.106736   0.507559
0.00607261  -0.106739   0.507559
0.00607189   -0.10674   0.507559
0.00607117  -0.106739    0.50756
0.0060705  -0.10674   0.50756
0.00606988  -0.106738    0.50756
0.0060692 -0.106737  0.507561
0.00606853  -0.106738   0.507561
0.00606775  -0.106741   0.507561
0.00606708   -0.10674   0.507561
0.00606638  -0.106742   0.507561
0.00606577  -0.106739   0.507562
0.00606692   -0.10674   0.507562
0.0060662 -0.106742  0.507562
0.00606359   -0.10674   0.507563
0.00606467  -0.106742   0.507563
0.00606387  -0.106743   0.507563
0.00606301  -0.106742   0.507563
0.00606215  -0.106743   0.507563
0.00606125  -0.106742   0.507564
0.00605952  -0.106745   0.507563
0.0060587 -0.106742  0.507564
0.00605833  -0.106742   0.507564
0.00605652  -0.106745   0.507564
0.00605626  -0.106742   0.507564
0.00605519  -0.106743   0.507564
0.00605345  -0.106742   0.507565
0.00605219  -0.106745   0.507564
0.0060511 -0.106745  0.507565
0.00604996  -0.106744   0.507565
0.00604887  -0.106745   0.507565
0.0060478 -0.106744  0.507565
