 0.268897 -0.326523   0.60797
  0.26889 -0.326534  0.607963
 0.26888 -0.32654 0.607956
 0.268865 -0.326554  0.607942
 0.268851 -0.326569  0.607936
  0.26884 -0.326581  0.607928
 0.268828 -0.326588  0.607927
 0.268822 -0.326596   0.60793
 0.268816 -0.326598  0.607937
 0.268814 -0.326602  0.607946
0.268815  -0.3266 0.607957
 0.268819 -0.326593  0.607974
 0.268827 -0.326586  0.607989
 0.268837 -0.326577  0.608012
 0.268853 -0.326563  0.608033
 0.268871 -0.326546  0.608055
 0.268891 -0.326527  0.608079
 0.268914 -0.326502  0.608103
 0.268939 -0.326478  0.608127
 0.268966 -0.326447   0.60815
 0.268996 -0.326411  0.608176
 0.269025 -0.326373  0.608197
 0.269057 -0.326332  0.608222
 0.269088 -0.326287  0.608237
 0.269119 -0.326242  0.608253
  0.26915 -0.326191  0.608268
 0.26918 -0.32614 0.608277
 0.269213 -0.326081  0.608288
  0.26924 -0.326025  0.608289
 0.269267 -0.325964  0.608291
  0.26929 -0.325904  0.608283
 0.269311 -0.325839  0.608275
  0.26933 -0.325773  0.608262
 0.269346 -0.325706  0.608243
 0.269361 -0.325635  0.608221
 0.269403 -0.325595  0.608215
 0.269369 -0.325506  0.608178
 0.269375 -0.325429  0.608139
 0.269384 -0.325345  0.608093
 0.269387 -0.325261  0.608049
 0.269389 -0.325175  0.607997
  0.26939 -0.325082  0.607944
  0.26939 -0.324985  0.607883
  0.26939 -0.324886  0.607821
0.269388 -0.32478 0.607751
0.269386 -0.32467 0.607677
 0.269384 -0.324555  0.607601
 0.269384 -0.324433  0.607519
 0.269383 -0.324306  0.607435
 0.269374 -0.324171  0.607341
 0.269377 -0.324034   0.60725
 0.269377 -0.323886  0.607155
 0.269381 -0.323734   0.60706
 0.269383 -0.323576  0.606955
 0.269388 -0.323411  0.606851
 0.269393 -0.323243  0.606745
 0.269401 -0.323068  0.606634
 0.269407 -0.322886  0.606525
0.269416  -0.3227 0.606408
 0.269425 -0.322507  0.606296
 0.269436 -0.322308  0.606179
 0.269445 -0.322107  0.606055
 0.269458 -0.321898  0.605937
  0.26947 -0.321686  0.605813
 0.269483 -0.321467   0.60569
 0.269496 -0.321248  0.605561
 0.269511 -0.321021  0.605436
 0.269538 -0.320777  0.605292
0.269555 -0.32054 0.605167
  0.26957 -0.320304  0.605033
0.269587 -0.32006 0.604903
 0.269605 -0.319816  0.604772
 0.269624 -0.319565  0.604641
 0.269645 -0.319311  0.604512
 0.269666 -0.319056  0.604378
  0.26969 -0.318794  0.604252
 0.269714 -0.318532  0.604118
 0.269741 -0.318263  0.603988
  0.26977 -0.317993  0.603859
 0.269801 -0.317716  0.603731
 0.269836 -0.317437  0.603604
 0.269872 -0.317152  0.603475
 0.269913 -0.316864  0.603351
0.269956 -0.31657 0.603224
 0.270002 -0.316272  0.603098
 0.270053 -0.315968  0.602975
0.270108 -0.31566 0.602851
 0.270159 -0.315331  0.602734
0.270222 -0.31501 0.602611
  0.27029 -0.314686  0.602491
 0.270362 -0.314355  0.602368
 0.270439 -0.314019  0.602251
 0.270518 -0.313677  0.602127
0.270599 -0.31333 0.601999
 0.270689 -0.312978  0.601883
0.270781 -0.31262 0.601757
 0.270893 -0.312234  0.601629
 0.270994 -0.311867  0.601506
 0.271099 -0.311492  0.601387
 0.271207 -0.311116  0.601262
 0.271318 -0.310733  0.601139
 0.271433 -0.310347  0.601015
 0.271551 -0.309955  0.600889
 0.271672 -0.309561  0.600763
 0.271795 -0.309162  0.600634
0.271922 -0.30876 0.600506
 0.272051 -0.308353  0.600373
 0.272151 -0.308089  0.600184
0.272315 -0.30753 0.600104
  0.27245 -0.307114  0.599965
 0.272593 -0.306683   0.59983
 0.272733 -0.306259  0.599687
 0.272875 -0.305833  0.599542
 0.273017 -0.305403  0.599393
 0.273163 -0.304971  0.599244
 0.273308 -0.304536  0.599088
0.273456  -0.3041  0.59893
 0.273604 -0.303659  0.598771
 0.273754 -0.303218  0.598606
 0.273896 -0.302769  0.598422
 0.274048 -0.302324  0.598251
0.274217 -0.30185 0.598076
 0.274369 -0.301401  0.597897
 0.274525 -0.300947  0.597723
 0.274679 -0.300496  0.597536
0.274835 -0.30004 0.597351
 0.274992 -0.299584  0.597162
 0.275149 -0.299125  0.596971
 0.275307 -0.298667  0.596777
 0.275465 -0.298205  0.596578
 0.275625 -0.297743   0.59638
 0.275784 -0.297282  0.596172
 0.275944 -0.296815  0.595966
0.276104 -0.29635 0.595756
 0.276264 -0.295881  0.595542
 0.276426 -0.295413  0.595326
 0.276598 -0.294917  0.595113
 0.276761 -0.294445  0.594892
 0.276922 -0.293973  0.594662
 0.277084 -0.293496  0.594433
0.277246 -0.29302 0.594201
 0.277409 -0.292541  0.593965
 0.277572 -0.292062  0.593727
0.277734 -0.29158 0.593485
 0.277898 -0.291098  0.593242
 0.278061 -0.290613  0.592994
 0.278225 -0.290129  0.592748
 0.278388 -0.289642  0.592493
 0.278551 -0.289156  0.592238
 0.278715 -0.288667  0.591982
 0.278879 -0.288179  0.591722
 0.279044 -0.287687  0.591462
 0.279208 -0.287198  0.591197
 0.279373 -0.286707  0.590935
 0.279536 -0.286214  0.590665
   0.2797 -0.285722  0.590395
 0.279865 -0.285227  0.590125
 0.280029 -0.284733  0.589852
 0.280194 -0.284237  0.589579
 0.280357 -0.283743  0.589302
 0.280522 -0.283246  0.589028
 0.280685 -0.282752  0.588747
 0.280849 -0.282254  0.588468
    0.281 -0.281757  0.588163
 0.281178 -0.281233  0.587874
 0.281341 -0.280737   0.58759
0.281503 -0.28024 0.587305
 0.281665 -0.279745   0.58702
 0.281826 -0.279251  0.586731
 0.281988 -0.278755  0.586446
 0.282147 -0.278262  0.586153
 0.282307 -0.277767  0.585864
 0.282466 -0.277274  0.585573
0.282624 -0.27678 0.585281
 0.282796 -0.276271  0.584988
0.282953 -0.27578 0.584693
 0.283111 -0.275286  0.584402
 0.283267 -0.274796  0.584104
 0.283423 -0.274302  0.583808
 0.283579 -0.273812  0.583511
 0.283734 -0.273321  0.583212
  0.28389 -0.272827  0.582915
 0.284032 -0.272335  0.582592
0.284188 -0.27184 0.582294
0.284355 -0.27132 0.581982
 0.284511 -0.270823  0.581684
0.284664 -0.27033 0.581378
 0.284818 -0.269833  0.581075
 0.284972 -0.269338  0.580772
 0.285125 -0.268841  0.580468
 0.285279 -0.268345  0.580164
0.285432 -0.26785 0.579857
0.285586 -0.26735 0.579555
 0.285737 -0.266855  0.579247
 0.285889 -0.266357  0.578942
0.286042 -0.26586 0.578636
 0.286193 -0.265361   0.57833
 0.286345 -0.264864  0.578024
 0.286495 -0.264366  0.577717
 0.286646 -0.263868  0.577412
 0.286809 -0.263344  0.577104
 0.286961 -0.262847    0.5768
 0.287108 -0.262349   0.57649
 0.287257 -0.261852  0.576182
 0.287394 -0.261356  0.575856
0.287541 -0.26086 0.575548
 0.287702 -0.260334  0.575233
0.287848 -0.25984 0.574924
 0.287994 -0.259343   0.57462
 0.288138 -0.258851   0.57431
0.288283 -0.25836 0.574003
 0.288426 -0.257867  0.573698
 0.288569 -0.257377  0.573391
 0.288712 -0.256886  0.573087
 0.288853 -0.256398  0.572781
 0.288995 -0.255908  0.572479
 0.289135 -0.255422  0.572172
 0.289277 -0.254933  0.571873
 0.289416 -0.254449  0.571565
 0.289555 -0.253964  0.571261
 0.289694 -0.253477  0.570959
 0.289832 -0.252993  0.570655
 0.289971 -0.252505  0.570354
 0.290109 -0.252021   0.57005
 0.290248 -0.251534  0.569752
0.290384 -0.25105 0.569447
 0.290521 -0.250563  0.569146
 0.290658 -0.250079  0.568846
 0.290794 -0.249596  0.568545
0.290931 -0.24911 0.568247
 0.291066 -0.248628  0.567946
 0.291201 -0.248144  0.567651
 0.291335 -0.247665  0.567352
 0.291468 -0.247184  0.567056
 0.291601 -0.246708   0.56676
 0.291732 -0.246232  0.566466
0.291863 -0.24576 0.566173
 0.291992 -0.245293   0.56588
 0.292121 -0.244825  0.565592
 0.292247 -0.244363    0.5653
 0.292375 -0.243902  0.565017
 0.292498 -0.243449  0.564727
  0.29262 -0.242997  0.564442
 0.292742 -0.242552   0.56416
 0.292862 -0.242112  0.563877
 0.292981 -0.241673  0.563599
 0.293098 -0.241242  0.563319
 0.293215 -0.240813  0.563046
 0.293328 -0.240392  0.562769
 0.293441 -0.239973  0.562496
 0.293553 -0.239561  0.562225
 0.293663 -0.239155  0.561955
 0.293783 -0.238734  0.561684
  0.29389 -0.238334  0.561418
 0.293998 -0.237941  0.561157
0.294103 -0.23755 0.560893
 0.294207 -0.237166  0.560633
0.294321 -0.23676 0.560366
 0.294414 -0.236408  0.560119
0.294525 -0.23601 0.559856
 0.294618 -0.235649  0.559591
 0.294719 -0.235285  0.559342
 0.294818 -0.234923  0.559094
 0.294919 -0.234565   0.55885
 0.295016 -0.234214  0.558603
 0.295114 -0.233862  0.558362
 0.295212 -0.233516  0.558123
 0.295309 -0.233171  0.557885
 0.295407 -0.232832  0.557651
 0.295503 -0.232494  0.557417
   0.2956 -0.232161  0.557188
 0.295694 -0.231833  0.556957
 0.295789 -0.231505   0.55673
 0.295884 -0.231183  0.556506
 0.295978 -0.230862  0.556284
 0.296072 -0.230547  0.556064
 0.296164 -0.230233  0.555845
 0.296257 -0.229925   0.55563
 0.296347 -0.229623  0.555414
0.296439 -0.22932 0.555206
 0.296527 -0.229026  0.554991
 0.296616 -0.228734  0.554784
 0.296704 -0.228448  0.554578
  0.29679 -0.228165  0.554373
 0.296876 -0.227889  0.554172
  0.29696 -0.227619   0.55397
 0.297058 -0.227309  0.553767
 0.297138 -0.227048  0.553568
 0.297219 -0.226794  0.553374
 0.297292 -0.226566   0.55319
 0.297376 -0.226301  0.552994
 0.297453 -0.226063  0.552808
0.297529 -0.22583 0.552623
 0.297604 -0.225604  0.552443
 0.297677 -0.225383  0.552261
 0.297744 -0.225187   0.55209
  0.29781 -0.224996  0.551917
 0.297887 -0.224772  0.551742
 0.297957 -0.224574  0.551572
 0.298026 -0.224378  0.551404
 0.298096 -0.224188   0.55124
 0.298164 -0.224004  0.551074
0.298233 -0.22382 0.550917
 0.298304 -0.223628  0.550748
  0.29837 -0.223453  0.550592
 0.298438 -0.223283  0.550438
   0.2985 -0.223129   0.55028
 0.298567 -0.222967  0.550131
 0.298632 -0.222809  0.549982
 0.298699 -0.222651  0.549839
 0.298763 -0.222501  0.549694
 0.298828 -0.222351  0.549554
 0.298893 -0.222207  0.549416
 0.298957 -0.222068   0.54928
 0.299021 -0.221929  0.549148
 0.299083 -0.221798  0.549015
 0.299146 -0.221667  0.548889
 0.299207 -0.221545   0.54876
  0.29927 -0.221425   0.54864
0.299329 -0.22131 0.548515
0.299388  -0.2212 0.548395
 0.299447 -0.221093  0.548278
 0.299505 -0.220993  0.548162
 0.299567 -0.220884  0.548058
0.299621  -0.2208 0.547933
 0.299674 -0.220719  0.547832
 0.299727 -0.220637  0.547723
 0.299783 -0.220553  0.547613
 0.299839 -0.220471  0.547506
  0.29989 -0.220404  0.547404
 0.299941 -0.220338  0.547307
 0.299985 -0.220293  0.547218
 0.300036 -0.220237  0.547124
 0.300083 -0.220182   0.54703
 0.300132 -0.220133  0.546937
  0.30018 -0.220086  0.546847
0.300228 -0.22004 0.546759
 0.300276 -0.219997  0.546673
 0.300323 -0.219954  0.546587
 0.300371 -0.219915  0.546505
 0.300417 -0.219875  0.546421
 0.300466 -0.219838  0.546344
 0.300512 -0.219803   0.54626
0.300562 -0.21976 0.546179
  0.30061 -0.219723  0.546103
 0.300654 -0.219693  0.546031
 0.300703 -0.219651  0.545956
 0.300754 -0.219611  0.545876
 0.300803 -0.219576  0.545806
 0.300846 -0.219556  0.545741
 0.300894 -0.219521  0.545672
 0.300946 -0.219474  0.545598
 0.300994 -0.219443   0.54553
  0.30104 -0.219416  0.545469
 0.30109 -0.21938 0.545401
0.301138 -0.21935  0.54534
0.301185 -0.21932 0.545277
 0.301232 -0.219294  0.545216
 0.301279 -0.219269  0.545156
 0.301325 -0.219243  0.545098
 0.301371 -0.219221  0.545042
 0.301416 -0.219199  0.544985
 0.301461 -0.219179  0.544932
 0.301505 -0.219161  0.544877
 0.301551 -0.219158  0.544825
 0.301592 -0.219147   0.54477
 0.301635 -0.219133  0.544719
 0.301677 -0.219123  0.544669
 0.301719 -0.219113   0.54462
 0.301761 -0.219106  0.544572
 0.301801 -0.219102  0.544523
 0.301842 -0.219082  0.544479
0.301881 -0.21908  0.54443
  0.30192 -0.219076  0.544385
  0.30196 -0.219075   0.54434
 0.301999 -0.219073  0.544296
 0.302039 -0.219073  0.544253
 0.302077 -0.219075  0.544208
 0.302116 -0.219073  0.544169
 0.302154 -0.219075  0.544125
 0.302192 -0.219075  0.544084
 0.302231 -0.219077  0.544044
 0.302269 -0.219079  0.544003
 0.302308 -0.219079  0.543965
 0.302346 -0.219081  0.543925
0.302386 -0.21908 0.543889
 0.302423 -0.219081   0.54385
 0.302464 -0.219092  0.543816
 0.302501 -0.219094  0.543777
  0.30254 -0.219094   0.54374
 0.302579 -0.219092  0.543706
 0.302617 -0.219092   0.54367
 0.302657 -0.219089  0.543637
 0.302695 -0.219089  0.543602
 0.302735 -0.219085  0.543572
 0.302775 -0.219075  0.543537
 0.302811 -0.219081    0.5435
 0.302852 -0.219067  0.543471
  0.30289 -0.219064  0.543439
 0.302929 -0.219064  0.543409
 0.302966 -0.219063  0.543378
 0.303004 -0.219064  0.543349
 0.303041 -0.219067  0.543317
 0.303079 -0.219066  0.543292
 0.303114 -0.219071  0.543259
  0.30315 -0.219074  0.543231
 0.303186 -0.219091  0.543202
 0.303221 -0.219099  0.543173
 0.303257 -0.219104  0.543147
 0.303291 -0.219113  0.543119
 0.303326 -0.219119  0.543094
0.303359 -0.21913 0.543065
 0.303392 -0.219138  0.543039
 0.303425 -0.219149  0.543013
 0.303458 -0.219161  0.542986
0.303491 -0.21917 0.542961
 0.303524 -0.219181  0.542934
0.303557 -0.21919 0.542911
 0.303588 -0.219202  0.542883
0.303622 -0.21921 0.542862
 0.303653 -0.219222  0.542833
0.303685 -0.21923 0.542805
  0.30372 -0.219236   0.54278
 0.303752 -0.219244  0.542755
 0.303785 -0.219253  0.542732
0.303816 -0.21926 0.542707
  0.30385 -0.219268  0.542685
 0.303881 -0.219278  0.542658
 0.303913 -0.219284  0.542635
 0.303946 -0.219292  0.542612
 0.303978 -0.219298  0.542589
 0.304011 -0.219305  0.542567
 0.304042 -0.219313  0.542542
 0.304076 -0.219317  0.542523
 0.304107 -0.219325  0.542498
0.304139 -0.21933 0.542476
 0.304171 -0.219337  0.542454
 0.304203 -0.219342  0.542433
0.304235 -0.21935 0.542411
 0.304266 -0.219358  0.542389
 0.304296 -0.219368   0.54237
 0.304328 -0.219372  0.542346
 0.304361 -0.219377   0.54233
  0.30439 -0.219387  0.542305
 0.304421 -0.219394  0.542284
 0.304451 -0.219403  0.542264
 0.304481 -0.219414  0.542242
 0.304511 -0.219421  0.542224
  0.30454 -0.219432  0.542202
0.304571 -0.21944 0.542185
 0.304599 -0.219452  0.542161
 0.304628 -0.219461  0.542141
 0.304657 -0.219472  0.542121
 0.304685 -0.219485    0.5421
 0.304714 -0.219494  0.542082
 0.304742 -0.219507  0.542061
 0.304771 -0.219516  0.542043
 0.304798 -0.219529  0.542021
 0.304826 -0.219539  0.542002
 0.304854 -0.219551  0.541982
 0.304882 -0.219563  0.541961
  0.30491 -0.219573  0.541943
 0.304938 -0.219595  0.541922
 0.304967 -0.219604  0.541904
 0.304994 -0.219615  0.541883
 0.305023 -0.219622  0.541867
 0.305049 -0.219633  0.541845
 0.305077 -0.219644  0.541825
 0.305105 -0.219651  0.541807
0.305133 -0.21966 0.541787
 0.305161 -0.219665  0.541769
 0.305189 -0.219674  0.541749
  0.30522 -0.219668  0.541735
 0.305247 -0.219672  0.541712
0.305275 -0.21968 0.541693
 0.305303 -0.219686  0.541674
 0.305331 -0.219691  0.541656
 0.305359 -0.219698  0.541638
 0.305384 -0.219716  0.541616
0.305415 -0.21971 0.541604
 0.305441 -0.219717  0.541584
 0.305468 -0.219725  0.541565
 0.305495 -0.219734  0.541548
 0.305522 -0.219741   0.54153
0.305549 -0.21975 0.541514
 0.305575 -0.219758  0.541495
 0.305601 -0.219768  0.541477
 0.305627 -0.219777  0.541461
 0.305653 -0.219788  0.541443
0.305679  -0.2198 0.541426
0.305704 -0.21981 0.541408
 0.305731 -0.219821  0.541393
 0.305754 -0.219831  0.541374
 0.305779 -0.219844  0.541356
 0.305805 -0.219853   0.54134
 0.305829 -0.219866  0.541322
 0.305855 -0.219877  0.541306
 0.305879 -0.219888  0.541287
 0.305903 -0.219899   0.54127
 0.305928 -0.219908  0.541253
 0.305952 -0.219919  0.541235
 0.305978 -0.219927   0.54122
 0.306002 -0.219938  0.541201
 0.306028 -0.219945  0.541187
 0.306051 -0.219955  0.541167
 0.306076 -0.219965  0.541149
 0.306101 -0.219971  0.541133
 0.306126 -0.219989  0.541115
 0.306152 -0.219994    0.5411
 0.306176 -0.220003  0.541081
 0.306203 -0.220007  0.541068
 0.306226 -0.220013  0.541044
 0.30625 -0.22001 0.541031
 0.306276 -0.220016  0.541015
   0.3063 -0.220024  0.540997
 0.306326 -0.220027  0.540984
  0.30635 -0.220034  0.540964
 0.306374 -0.220038  0.540948
 0.306399 -0.220045  0.540932
 0.306423 -0.220049  0.540915
 0.306449 -0.220056    0.5409
 0.306472 -0.220061  0.540883
 0.306496 -0.220069  0.540867
  0.30652 -0.220077   0.54085
 0.306544 -0.220083  0.540835
 0.306568 -0.220092  0.540819
 0.306591 -0.220099  0.540803
 0.306616 -0.220107   0.54079
 0.306638 -0.220116  0.540772
  0.30666 -0.220126  0.540756
 0.306684 -0.220133  0.540741
 0.306706 -0.220144  0.540725
  0.30673 -0.220154  0.540711
 0.306751 -0.220163  0.540694
 0.306776 -0.220179  0.540678
 0.306799 -0.220187   0.54066
 0.306821 -0.220195  0.540645
 0.306844 -0.220205   0.54063
 0.306866 -0.220213  0.540614
 0.306889 -0.220222    0.5406
 0.306911 -0.220232  0.540582
 0.306933 -0.220239  0.540567
 0.306956 -0.220247  0.540552
 0.306978 -0.220254  0.540537
 0.307001 -0.220261  0.540523
 0.307023 -0.220267  0.540507
 0.307047 -0.220273  0.540495
 0.307068 -0.220279  0.540477
  0.30709 -0.220286  0.540461
 0.307113 -0.220292  0.540446
 0.307136 -0.220297  0.540431
 0.307159 -0.220302  0.540417
  0.30718 -0.220305  0.540398
 0.307203 -0.220311  0.540382
 0.307225 -0.220315  0.540368
  0.30725 -0.220319  0.540356
  0.30727 -0.220325   0.54034
 0.307292 -0.220332  0.540323
 0.307318 -0.220326  0.540316
 0.307339 -0.220342  0.540297
  0.30736 -0.220347  0.540283
 0.307383 -0.220353  0.540269
 0.307404 -0.220359  0.540255
 0.307426 -0.220365  0.540242
 0.307443 -0.220285  0.540231
 0.307468 -0.220379  0.540212
  0.30749 -0.220387  0.540198
 0.307511 -0.220394  0.540184
 0.307532 -0.220402  0.540171
 0.307552 -0.220409  0.540156
 0.307575 -0.220418  0.540145
 0.307594 -0.220426  0.540129
 0.307614 -0.220435  0.540114
 0.307635 -0.220442  0.540101
 0.307655 -0.220452  0.540087
 0.307677 -0.220461  0.540074
 0.307696 -0.220466  0.540055
 0.307716 -0.220475  0.540041
 0.307737 -0.220481  0.540028
 0.307759 -0.220494  0.540014
  0.30778 -0.220501  0.540001
 0.307801 -0.220506  0.539987
 0.307822 -0.220511  0.539975
 0.307842 -0.220519  0.539958
 0.307858 -0.220439  0.539947
 0.307884 -0.220527  0.539931
0.307905 -0.22053 0.539917
 0.307926 -0.220535  0.539905
 0.307946 -0.220539   0.53989
 0.307969 -0.220543   0.53988
 0.307988 -0.220547  0.539864
 0.308008 -0.220552   0.53985
 0.308024 -0.220477  0.539838
 0.308049 -0.220561  0.539823
 0.308071 -0.220564  0.539808
0.308091 -0.22056 0.539796
 0.308111 -0.220564  0.539784
 0.308132 -0.220578   0.53977
 0.308152 -0.220583  0.539757
 0.308172 -0.220589  0.539745
 0.308187 -0.220516  0.539734
 0.308206 -0.220521   0.53972
 0.308231 -0.220609  0.539705
  0.30825 -0.220614  0.539692
  0.30827 -0.220621  0.539679
 0.308288 -0.220628  0.539667
 0.308308 -0.220636  0.539655
 0.308327 -0.220642  0.539641
 0.308345 -0.220651  0.539628
 0.308365 -0.220659  0.539615
 0.308384 -0.220665  0.539603
 0.308403 -0.220672  0.539591
 0.308422 -0.220678  0.539577
 0.308442 -0.220675  0.539568
  0.30846 -0.220681  0.539552
 0.308479 -0.220687  0.539539
0.308499 -0.22069 0.539528
 0.308517 -0.220695  0.539514
 0.308538 -0.220708  0.539502
0.308557 -0.22071 0.539488
 0.308576 -0.220714  0.539475
 0.308596 -0.220716  0.539463
0.308616 -0.22072  0.53945
 0.308636 -0.220721  0.539439
 0.308655 -0.220725  0.539425
 0.308676 -0.220725  0.539415
0.308694 -0.22073   0.5394
 0.308713 -0.220734  0.539387
 0.308733 -0.220736  0.539375
0.308752 -0.22074 0.539362
 0.308772 -0.220741  0.539352
  0.30879 -0.220746  0.539338
 0.308809 -0.220748  0.539326
 0.308828 -0.220751   0.53931
 0.308846 -0.220754  0.539298
 0.308867 -0.220759  0.539287
 0.308885 -0.220763  0.539275
 0.308904 -0.220768  0.539265
 0.308921 -0.220773  0.539251
 0.308939 -0.220779  0.539239
 0.308958 -0.220783  0.539228
0.308975 -0.22079 0.539215
 0.308994 -0.220802  0.539205
0.309011 -0.22081 0.539191
 0.309031 -0.220816  0.539183
 0.309047 -0.220822  0.539168
 0.309064 -0.220829  0.539156
 0.309082 -0.220834  0.539145
 0.309099 -0.220841  0.539133
 0.309118 -0.220845  0.539124
 0.309135 -0.220852   0.53911
 0.309152 -0.220857  0.539098
  0.30917 -0.220863  0.539087
 0.309188 -0.220869  0.539074
 0.309206 -0.220871  0.539061
 0.309225 -0.220865  0.539052
 0.309243 -0.220878   0.53904
  0.30926 -0.220873  0.539029
 0.309278 -0.220877  0.539017
 0.309297 -0.220879  0.539007
 0.309314 -0.220883  0.538994
 0.309333 -0.220887  0.538985
 0.309347 -0.220815  0.538976
 0.309368 -0.220893   0.53896
 0.309382 -0.220822  0.538952
 0.309404 -0.220907  0.538937
 0.309423 -0.220909  0.538928
 0.309439 -0.220915  0.538915
 0.309458 -0.220917  0.538908
 0.309474 -0.220924  0.538894
 0.309491 -0.220931  0.538882
 0.309509 -0.220933  0.538869
 0.309526 -0.220939  0.538857
 0.309543 -0.220943  0.538848
 0.30956 -0.22095 0.538836
 0.309576 -0.220954  0.538825
 0.309594 -0.220959  0.538814
 0.309612 -0.220963  0.538804
 0.309629 -0.220965  0.538795
0.309646 -0.22097 0.538782
 0.309665 -0.220974  0.538773
  0.30968 -0.220977   0.53876
 0.309696 -0.220981  0.538748
 0.309715 -0.220981  0.538739
 0.309732 -0.220985  0.538727
  0.30975 -0.220986  0.538719
 0.309766 -0.220989  0.538706
0.309783 -0.22099 0.538695
 0.309801 -0.220993  0.538685
 0.309818 -0.221004  0.538673
 0.309836 -0.221005  0.538663
 0.309852 -0.221008  0.538651
  0.30987 -0.221009  0.538643
 0.309886 -0.221013   0.53863
 0.309902 -0.221013  0.538617
 0.309919 -0.221017  0.538606
 0.309936 -0.221019  0.538595
 0.309954 -0.221013   0.53859
  0.30997 -0.221018  0.538578
 0.309988 -0.221022   0.53857
 0.310003 -0.221026  0.538557
 0.310018 -0.221032  0.538546
 0.310035 -0.221035  0.538537
  0.31005 -0.221042  0.538526
 0.310067 -0.221045  0.538518
 0.310082 -0.221053  0.538505
 0.310097 -0.221057  0.538496
 0.310113 -0.221064  0.538485
0.310128 -0.22107 0.538475
 0.310145 -0.221076  0.538466
  0.31016 -0.221084  0.538454
 0.310177 -0.221088  0.538448
 0.310191 -0.221096  0.538434
0.310206  -0.2211 0.538424
 0.310223 -0.221113  0.538414
 0.310238 -0.221116  0.538403
 0.310255 -0.221121  0.538394
 0.310271 -0.221124  0.538382
 0.310287 -0.221128  0.538371
 0.310303 -0.221127  0.538358
0.310319 -0.22113 0.538347
 0.310336 -0.221133  0.538337
 0.310352 -0.221133  0.538326
  0.31037 -0.221134  0.538317
 0.310386 -0.221133  0.538305
 0.310403 -0.221132  0.538295
 0.310418 -0.221133  0.538284
 0.310436 -0.221132  0.538274
 0.310453 -0.221132  0.538265
 0.310469 -0.221131  0.538254
 0.310485 -0.221132  0.538243
 0.310502 -0.221133  0.538233
 0.310518 -0.221133  0.538223
 0.310534 -0.221134  0.538213
  0.31055 -0.221135  0.538203
 0.310567 -0.221137  0.538196
 0.310581 -0.221139  0.538184
 0.310597 -0.221143  0.538173
 0.310612 -0.221145  0.538165
0.310627 -0.22115 0.538154
 0.310643 -0.221152  0.538147
 0.310657 -0.221159  0.538135
 0.310672 -0.221165  0.538125
 0.310686 -0.221169  0.538117
 0.310701 -0.221176  0.538106
 0.310716 -0.221181  0.538099
  0.31073 -0.221188  0.538088
 0.310746 -0.221192  0.538082
0.310759  -0.2212 0.538069
 0.310773 -0.221205   0.53806
 0.310788 -0.221211  0.538051
 0.310802 -0.221216  0.538042
 0.310817 -0.221222  0.538034
 0.310831 -0.221226  0.538023
 0.310845 -0.221232  0.538013
 0.310859 -0.221237  0.538004
 0.310875 -0.221241  0.537995
  0.31089 -0.221246  0.537986
 0.310905 -0.221249  0.537976
 0.310921 -0.221252   0.53797
 0.310933 -0.221257  0.537957
 0.310948 -0.221258  0.537948
 0.310964 -0.221261  0.537939
  0.31098 -0.221263   0.53793
 0.310996 -0.221263  0.537923
 0.311011 -0.221266  0.537911
 0.311025 -0.221268  0.537901
  0.31104 -0.221268  0.537893
 0.311055 -0.221271  0.537883
 0.311071 -0.221273  0.537874
 0.311086 -0.221273  0.537864
 0.311103 -0.221274  0.537857
 0.311117 -0.221275  0.537845
 0.311132 -0.221277  0.537835
 0.311147 -0.221276  0.537826
 0.311163 -0.221277  0.537817
 0.311178 -0.221278  0.537809
0.311192 -0.22128 0.537797
 0.311208 -0.221281  0.537788
 0.311222 -0.221282  0.537778
 0.311237 -0.221285  0.537767
 0.311252 -0.221285  0.537759
 0.311267 -0.221286   0.53775
 0.311283 -0.221288  0.537742
0.311296 -0.22129 0.537731
  0.31131 -0.221293  0.537721
 0.311324 -0.221295  0.537712
