 0.269514 -0.328306  0.604554
 0.268897 -0.326523   0.60797
 0.268899 -0.326521  0.607968
 0.268905 -0.326514   0.60796
 0.268916 -0.326503  0.607947
 0.268931 -0.326487   0.60793
  0.26895 -0.326467  0.607907
 0.268973 -0.326442  0.607879
 0.269001 -0.326413  0.607846
 0.269033 -0.326379  0.607808
0.269069 -0.32634 0.607765
  0.26911 -0.326298  0.607717
0.269155 -0.32625 0.607664
 0.269204 -0.326198  0.607606
 0.269257 -0.326142  0.607543
0.269315 -0.32608 0.607475
 0.269376 -0.326015  0.607402
 0.269443 -0.325945  0.607323
0.269513 -0.32587  0.60724
 0.269588 -0.325791  0.607151
 0.269666 -0.325708  0.607058
 0.26975 -0.32562 0.606959
 0.269837 -0.325527  0.606856
0.269929 -0.32543 0.606747
 0.270025 -0.325328  0.606633
 0.270125 -0.325222  0.606514
  0.27023 -0.325111   0.60639
 0.270338 -0.324996  0.606262
 0.270451 -0.324876  0.606128
 0.270569 -0.324752  0.605989
  0.27069 -0.324623  0.605844
0.270816 -0.32449 0.605695
 0.270946 -0.324352  0.605541
0.271081 -0.32421 0.605382
 0.271262 -0.324018  0.605167
 0.271406 -0.323865  0.604996
 0.271555 -0.323707   0.60482
 0.271708 -0.323545  0.604639
 0.271865 -0.323379  0.604453
 0.272026 -0.323208  0.604261
 0.272192 -0.323032  0.604064
 0.272363 -0.322851  0.603862
 0.272537 -0.322666  0.603656
 0.272716 -0.322477  0.603444
 0.272899 -0.322283  0.603227
 0.273086 -0.322085  0.603005
 0.273277 -0.321882  0.602778
 0.273473 -0.321675  0.602547
 0.273673 -0.321463   0.60231
 0.273877 -0.321247  0.602068
 0.274085 -0.321026  0.601821
 0.274298 -0.320801  0.601569
 0.274515 -0.320571  0.601312
 0.274736 -0.320337   0.60105
 0.274961 -0.320098  0.600783
 0.275191 -0.319855  0.600511
 0.275424 -0.319607  0.600234
 0.275663 -0.319355  0.599951
 0.275905 -0.319098  0.599664
 0.276152 -0.318836  0.599372
 0.276403 -0.318571  0.599074
0.276658  -0.3183 0.598772
 0.276918 -0.318025  0.598464
 0.277182 -0.317746  0.598151
  0.27745 -0.317462  0.597834
 0.277722 -0.317173  0.597511
0.277999 -0.31688 0.597183
  0.27828 -0.316582   0.59685
0.278565 -0.31628 0.596512
 0.278855 -0.315973  0.596168
 0.27915 -0.31566 0.595819
 0.279448 -0.315344  0.595465
  0.27975 -0.315024  0.595107
0.280056  -0.3147 0.594745
0.280367 -0.31437 0.594376
 0.280683 -0.314036  0.594002
 0.281003 -0.313697  0.593622
 0.281327 -0.313353  0.593238
 0.281655 -0.313006   0.59285
 0.281987 -0.312654  0.592456
 0.282323 -0.312298  0.592058
 0.282664 -0.311937  0.591654
 0.283009 -0.311571  0.591245
 0.283359 -0.311201   0.59083
 0.283712 -0.310826  0.590411
  0.28407 -0.310447  0.589987
 0.284432 -0.310064  0.589558
 0.284798 -0.309676  0.589124
 0.285169 -0.309283  0.588685
 0.285544 -0.308886  0.588241
 0.285923 -0.308485  0.587792
 0.286306 -0.308078  0.587338
 0.286694 -0.307668  0.586878
 0.287085 -0.307253  0.586414
 0.287481 -0.306833  0.585945
 0.287882 -0.306409   0.58547
0.288286 -0.30598 0.584991
 0.288695 -0.305547  0.584506
 0.289109 -0.305108  0.584015
 0.289528 -0.304664  0.583519
 0.289951 -0.304217  0.583018
 0.290375 -0.303767  0.582515
 0.290799 -0.303318  0.582012
 0.291224 -0.302868  0.581509
 0.291648 -0.302419  0.581007
 0.292073 -0.301968  0.580503
 0.292497 -0.301519      0.58
 0.292921 -0.301069  0.579497
0.293346 -0.30062 0.578994
 0.293771 -0.300169  0.578491
0.294195 -0.29972 0.577988
0.294619 -0.29927 0.577485
 0.295043 -0.298821  0.576982
 0.295468 -0.298371   0.57648
 0.295892 -0.297922  0.575977
 0.296317 -0.297472  0.575473
 0.296741 -0.297022  0.574971
 0.297165 -0.296573  0.574468
  0.29759 -0.296123  0.573965
 0.298014 -0.295674  0.573462
 0.298438 -0.295224  0.572959
 0.298862 -0.294775  0.572456
 0.299288 -0.294324  0.571952
 0.299712 -0.293875   0.57145
 0.300137 -0.293424  0.570945
 0.300562 -0.292974  0.570442
 0.300987 -0.292524  0.569939
 0.301411 -0.292075  0.569436
 0.301836 -0.291625  0.568933
  0.30226 -0.291175   0.56843
 0.302685 -0.290725  0.567926
 0.303109 -0.290275  0.567423
 0.303533 -0.289826  0.566921
 0.303958 -0.289376  0.566418
 0.304382 -0.288927  0.565915
 0.304807 -0.288477  0.565412
 0.305231 -0.288028  0.564909
 0.305655 -0.287578  0.564406
 0.306079 -0.287129  0.563903
 0.306504 -0.286679  0.563401
0.306928 -0.28623 0.562898
0.307352 -0.28578 0.562395
 0.307776 -0.285331  0.561892
 0.308201 -0.284881   0.56139
 0.308625 -0.284432  0.560887
 0.309049 -0.283982  0.560384
 0.309473 -0.283533  0.559881
 0.309897 -0.283083  0.559378
 0.310322 -0.282634  0.558876
 0.310746 -0.282184  0.558372
 0.311171 -0.281734   0.55787
 0.311595 -0.281285  0.557367
 0.312019 -0.280835  0.556864
 0.312444 -0.280385  0.556361
 0.312868 -0.279936  0.555857
 0.313293 -0.279486  0.555355
 0.313717 -0.279036  0.554852
 0.314142 -0.278586  0.554348
 0.314566 -0.278137  0.553845
  0.31499 -0.277687  0.553343
 0.315415 -0.277238   0.55284
 0.315839 -0.276788  0.552337
 0.316263 -0.276339  0.551834
 0.316687 -0.275889  0.551331
 0.317112 -0.275439  0.550828
0.317536 -0.27499 0.550325
0.317961 -0.27454 0.549822
 0.318385 -0.274091   0.54932
  0.31881 -0.273641  0.548816
 0.319234 -0.273191  0.548313
 0.319659 -0.272741   0.54781
 0.320083 -0.272292  0.547307
 0.320507 -0.271842  0.546804
 0.320931 -0.271393  0.546302
 0.321356 -0.270943  0.545799
  0.32178 -0.270494  0.545296
 0.322205 -0.270044  0.544793
 0.322629 -0.269594   0.54429
 0.323053 -0.269145  0.543787
 0.323478 -0.268695  0.543284
 0.323902 -0.268245  0.542781
 0.324327 -0.267796  0.542278
 0.324751 -0.267346  0.541775
 0.325176 -0.266896  0.541272
   0.3256 -0.266447  0.540769
 0.326024 -0.265997  0.540266
 0.326448 -0.265548  0.539763
 0.326873 -0.265098   0.53926
 0.327298 -0.264648  0.538757
 0.327722 -0.264198  0.538254
 0.328147 -0.263748   0.53775
 0.328571 -0.263298  0.537247
 0.328995 -0.262849  0.536745
  0.32942 -0.262399  0.536242
0.329844 -0.26195 0.535739
0.330269  -0.2615 0.535236
0.330693 -0.26105 0.534732
0.331118  -0.2606 0.534229
0.331543 -0.26015 0.533726
 0.331967 -0.259701  0.533223
 0.332391 -0.259251   0.53272
 0.332815 -0.258802  0.532218
 0.333239 -0.258353  0.531715
 0.333664 -0.257903  0.531212
 0.334088 -0.257453  0.530709
 0.334512 -0.257004  0.530206
 0.334937 -0.256554  0.529703
 0.335362 -0.256104    0.5292
 0.335786 -0.255655  0.528697
  0.33621 -0.255205  0.528195
 0.336635 -0.254755  0.527691
  0.33706 -0.254305  0.527187
 0.337484 -0.253856  0.526685
 0.337908 -0.253406  0.526182
 0.338332 -0.252957  0.525679
 0.338757 -0.252507  0.525176
 0.339181 -0.252058  0.524674
 0.339601 -0.251613  0.524176
 0.340016 -0.251173  0.523683
 0.340427 -0.250737  0.523197
 0.340834 -0.250306  0.522714
0.341236 -0.24988 0.522238
 0.341635 -0.249458  0.521765
 0.342028 -0.249041  0.521299
 0.342418 -0.248628  0.520837
0.342803 -0.24822 0.520381
 0.343184 -0.247816  0.519929
  0.34356 -0.247418  0.519484
 0.343932 -0.247023  0.519042
 0.344301 -0.246633  0.518606
 0.344664 -0.246248  0.518175
 0.345024 -0.245867  0.517748
0.345379 -0.24549 0.517327
 0.345731 -0.245118  0.516911
 0.346077 -0.244751    0.5165
  0.34642 -0.244388  0.516094
 0.346759 -0.244029  0.515693
 0.347093 -0.243675  0.515296
 0.347423 -0.243325  0.514906
0.347749 -0.24298 0.514519
 0.34807 -0.24264 0.514139
 0.348387 -0.242304  0.513763
   0.3487 -0.241973  0.513392
 0.349008 -0.241646  0.513027
 0.349312 -0.241323  0.512666
 0.349612 -0.241006  0.512311
 0.349908 -0.240692   0.51196
   0.3502 -0.240384  0.511615
 0.350487 -0.240079  0.511275
0.350769 -0.23978 0.510939
 0.351048 -0.239485  0.510609
 0.351322 -0.239194  0.510284
 0.351592 -0.238908  0.509964
 0.351858 -0.238626  0.509649
  0.35212 -0.238348  0.509338
 0.352378 -0.238075  0.509033
 0.352631 -0.237807  0.508733
  0.35288 -0.237544  0.508438
 0.353124 -0.237285  0.508149
0.353364 -0.23703 0.507864
   0.3536 -0.236781  0.507585
 0.353832 -0.236535   0.50731
 0.354059 -0.236294  0.507041
 0.354282 -0.236058  0.506777
 0.354501 -0.235826  0.506517
 0.354715 -0.235599  0.506263
 0.354925 -0.235376  0.506014
 0.355131 -0.235158   0.50577
 0.355333 -0.234945  0.505531
  0.35553 -0.234735  0.505297
 0.355724 -0.234531  0.505068
 0.355912 -0.234331  0.504844
 0.356097 -0.234135  0.504625
 0.356277 -0.233944  0.504412
 0.356454 -0.233757  0.504203
 0.356625 -0.233575  0.503999
 0.356793 -0.233398  0.503801
 0.356956 -0.233225  0.503607
 0.357115 -0.233056  0.503419
  0.35727 -0.232892  0.503235
 0.357421 -0.232733  0.503057
 0.357567 -0.232578  0.502884
 0.357709 -0.232428  0.502715
 0.357846 -0.232282  0.502552
 0.35798 -0.23214 0.502394
 0.358109 -0.232003  0.502241
 0.358234 -0.231871  0.502093
 0.358355 -0.231743   0.50195
0.358471 -0.23162 0.501812
 0.358583 -0.231501  0.501679
 0.358691 -0.231387  0.501551
 0.358795 -0.231277  0.501428
 0.358894 -0.231172  0.501311
 0.358989 -0.231071  0.501198
  0.35908 -0.230975  0.501091
 0.359166 -0.230883  0.500988
 0.359249 -0.230796  0.500891
 0.359327 -0.230713  0.500798
   0.3594 -0.230635  0.500711
  0.35947 -0.230562  0.500628
 0.359535 -0.230493  0.500551
 0.359596 -0.230428  0.500479
 0.359652 -0.230368  0.500412
 0.359705 -0.230313   0.50035
 0.359753 -0.230262  0.500293
 0.359797 -0.230215  0.500241
 0.359836 -0.230173  0.500194
 0.359871 -0.230136  0.500152
 0.359902 -0.230103  0.500116
 0.359929 -0.230075  0.500084
 0.359952 -0.230051  0.500057
  0.35997 -0.230032  0.500036
 0.359984 -0.230017  0.500019
 0.359993 -0.230007  0.500008
 0.359999 -0.230001  0.500001
 0.36 -0.23   0.5
 0.36 -0.23   0.5
 0.36 -0.23   0.5
 0.36 -0.23   0.5
 0.36 -0.23   0.5
 0.36 -0.23   0.5
 0.36 -0.23   0.5
 0.36 -0.23   0.5
 0.36 -0.23   0.5
 0.36 -0.23   0.5
 0.36 -0.23   0.5
 0.36 -0.23   0.5
 0.36 -0.23   0.5
 0.36 -0.23   0.5
 0.36 -0.23   0.5
 0.36 -0.23   0.5
 0.36 -0.23   0.5
 0.36 -0.23   0.5
 0.36 -0.23   0.5
 0.36 -0.23   0.5
 0.36 -0.23   0.5
 0.36 -0.23   0.5
 0.36 -0.23   0.5
 0.36 -0.23   0.5
 0.36 -0.23   0.5
 0.36 -0.23   0.5
 0.36 -0.23   0.5
 0.36 -0.23   0.5
 0.36 -0.23   0.5
 0.36 -0.23   0.5
 0.36 -0.23   0.5
 0.36 -0.23   0.5
 0.36 -0.23   0.5
 0.36 -0.23   0.5
 0.36 -0.23   0.5
 0.36 -0.23   0.5
 0.36 -0.23   0.5
 0.36 -0.23   0.5
 0.36 -0.23   0.5
 0.36 -0.23   0.5
 0.36 -0.23   0.5
 0.36 -0.23   0.5
 0.36 -0.23   0.5
 0.36 -0.23   0.5
 0.36 -0.23   0.5
 0.36 -0.23   0.5
 0.36 -0.23   0.5
 0.36 -0.23   0.5
 0.36 -0.23   0.5
 0.36 -0.23   0.5
 0.36 -0.23   0.5
 0.36 -0.23   0.5
 0.36 -0.23   0.5
 0.36 -0.23   0.5
 0.36 -0.23   0.5
 0.36 -0.23   0.5
 0.36 -0.23   0.5
 0.36 -0.23   0.5
 0.36 -0.23   0.5
 0.36 -0.23   0.5
 0.36 -0.23   0.5
 0.36 -0.23   0.5
 0.36 -0.23   0.5
 0.36 -0.23   0.5
 0.36 -0.23   0.5
 0.36 -0.23   0.5
 0.36 -0.23   0.5
 0.36 -0.23   0.5
 0.36 -0.23   0.5
 0.36 -0.23   0.5
 0.36 -0.23   0.5
 0.36 -0.23   0.5
 0.36 -0.23   0.5
 0.36 -0.23   0.5
 0.36 -0.23   0.5
 0.36 -0.23   0.5
 0.36 -0.23   0.5
 0.36 -0.23   0.5
 0.36 -0.23   0.5
 0.36 -0.23   0.5
 0.36 -0.23   0.5
 0.36 -0.23   0.5
 0.36 -0.23   0.5
 0.36 -0.23   0.5
 0.36 -0.23   0.5
 0.36 -0.23   0.5
 0.36 -0.23   0.5
 0.36 -0.23   0.5
 0.36 -0.23   0.5
 0.36 -0.23   0.5
 0.36 -0.23   0.5
 0.36 -0.23   0.5
 0.36 -0.23   0.5
 0.36 -0.23   0.5
 0.36 -0.23   0.5
 0.36 -0.23   0.5
 0.36 -0.23   0.5
 0.36 -0.23   0.5
 0.36 -0.23   0.5
 0.36 -0.23   0.5
 0.36 -0.23   0.5
 0.36 -0.23   0.5
 0.36 -0.23   0.5
 0.36 -0.23   0.5
 0.36 -0.23   0.5
 0.36 -0.23   0.5
 0.36 -0.23   0.5
 0.36 -0.23   0.5
 0.36 -0.23   0.5
 0.36 -0.23   0.5
 0.36 -0.23   0.5
 0.36 -0.23   0.5
 0.36 -0.23   0.5
 0.36 -0.23   0.5
 0.36 -0.23   0.5
 0.36 -0.23   0.5
 0.36 -0.23   0.5
 0.36 -0.23   0.5
 0.36 -0.23   0.5
 0.36 -0.23   0.5
 0.36 -0.23   0.5
 0.36 -0.23   0.5
 0.36 -0.23   0.5
 0.36 -0.23   0.5
 0.36 -0.23   0.5
 0.36 -0.23   0.5
 0.36 -0.23   0.5
 0.36 -0.23   0.5
 0.36 -0.23   0.5
 0.36 -0.23   0.5
 0.36 -0.23   0.5
 0.36 -0.23   0.5
 0.36 -0.23   0.5
 0.36 -0.23   0.5
 0.36 -0.23   0.5
 0.36 -0.23   0.5
 0.36 -0.23   0.5
 0.36 -0.23   0.5
 0.36 -0.23   0.5
 0.36 -0.23   0.5
 0.36 -0.23   0.5
 0.36 -0.23   0.5
 0.36 -0.23   0.5
 0.36 -0.23   0.5
 0.36 -0.23   0.5
 0.36 -0.23   0.5
 0.36 -0.23   0.5
 0.36 -0.23   0.5
 0.36 -0.23   0.5
 0.36 -0.23   0.5
 0.36 -0.23   0.5
 0.36 -0.23   0.5
 0.36 -0.23   0.5
 0.36 -0.23   0.5
 0.36 -0.23   0.5
 0.36 -0.23   0.5
 0.36 -0.23   0.5
 0.36 -0.23   0.5
 0.36 -0.23   0.5
 0.36 -0.23   0.5
 0.36 -0.23   0.5
 0.36 -0.23   0.5
 0.36 -0.23   0.5
 0.36 -0.23   0.5
 0.36 -0.23   0.5
 0.36 -0.23   0.5
 0.36 -0.23   0.5
 0.36 -0.23   0.5
 0.36 -0.23   0.5
 0.36 -0.23   0.5
 0.36 -0.23   0.5
 0.36 -0.23   0.5
 0.36 -0.23   0.5
 0.36 -0.23   0.5
 0.36 -0.23   0.5
 0.36 -0.23   0.5
 0.36 -0.23   0.5
 0.36 -0.23   0.5
 0.36 -0.23   0.5
 0.36 -0.23   0.5
 0.36 -0.23   0.5
 0.36 -0.23   0.5
 0.36 -0.23   0.5
 0.36 -0.23   0.5
 0.36 -0.23   0.5
 0.36 -0.23   0.5
 0.36 -0.23   0.5
 0.36 -0.23   0.5
 0.36 -0.23   0.5
 0.36 -0.23   0.5
 0.36 -0.23   0.5
 0.36 -0.23   0.5
 0.36 -0.23   0.5
 0.36 -0.23   0.5
 0.36 -0.23   0.5
 0.36 -0.23   0.5
 0.36 -0.23   0.5
 0.36 -0.23   0.5
 0.36 -0.23   0.5
 0.36 -0.23   0.5
 0.36 -0.23   0.5
 0.36 -0.23   0.5
 0.36 -0.23   0.5
 0.36 -0.23   0.5
 0.36 -0.23   0.5
 0.36 -0.23   0.5
 0.36 -0.23   0.5
 0.36 -0.23   0.5
 0.36 -0.23   0.5
 0.36 -0.23   0.5
 0.36 -0.23   0.5
 0.36 -0.23   0.5
 0.36 -0.23   0.5
 0.36 -0.23   0.5
 0.36 -0.23   0.5
 0.36 -0.23   0.5
 0.36 -0.23   0.5
 0.36 -0.23   0.5
 0.36 -0.23   0.5
 0.36 -0.23   0.5
 0.36 -0.23   0.5
 0.36 -0.23   0.5
 0.36 -0.23   0.5
 0.36 -0.23   0.5
 0.36 -0.23   0.5
 0.36 -0.23   0.5
 0.36 -0.23   0.5
 0.36 -0.23   0.5
 0.36 -0.23   0.5
 0.36 -0.23   0.5
 0.36 -0.23   0.5
 0.36 -0.23   0.5
 0.36 -0.23   0.5
 0.36 -0.23   0.5
 0.36 -0.23   0.5
 0.36 -0.23   0.5
 0.36 -0.23   0.5
 0.36 -0.23   0.5
 0.36 -0.23   0.5
 0.36 -0.23   0.5
 0.36 -0.23   0.5
 0.36 -0.23   0.5
 0.36 -0.23   0.5
 0.36 -0.23   0.5
 0.36 -0.23   0.5
 0.36 -0.23   0.5
 0.36 -0.23   0.5
 0.36 -0.23   0.5
 0.36 -0.23   0.5
 0.36 -0.23   0.5
 0.36 -0.23   0.5
 0.36 -0.23   0.5
 0.36 -0.23   0.5
 0.36 -0.23   0.5
 0.36 -0.23   0.5
 0.36 -0.23   0.5
 0.36 -0.23   0.5
 0.36 -0.23   0.5
 0.36 -0.23   0.5
 0.36 -0.23   0.5
 0.36 -0.23   0.5
 0.36 -0.23   0.5
 0.36 -0.23   0.5
 0.36 -0.23   0.5
 0.36 -0.23   0.5
 0.36 -0.23   0.5
 0.36 -0.23   0.5
 0.36 -0.23   0.5
 0.36 -0.23   0.5
 0.36 -0.23   0.5
 0.36 -0.23   0.5
 0.36 -0.23   0.5
 0.36 -0.23   0.5
 0.36 -0.23   0.5
 0.36 -0.23   0.5
 0.36 -0.23   0.5
 0.36 -0.23   0.5
 0.36 -0.23   0.5
 0.36 -0.23   0.5
 0.36 -0.23   0.5
 0.36 -0.23   0.5
 0.36 -0.23   0.5
 0.36 -0.23   0.5
 0.36 -0.23   0.5
 0.36 -0.23   0.5
 0.36 -0.23   0.5
 0.36 -0.23   0.5
 0.36 -0.23   0.5
 0.36 -0.23   0.5
 0.36 -0.23   0.5
 0.36 -0.23   0.5
 0.36 -0.23   0.5
 0.36 -0.23   0.5
 0.36 -0.23   0.5
 0.36 -0.23   0.5
 0.36 -0.23   0.5
 0.36 -0.23   0.5
 0.36 -0.23   0.5
 0.36 -0.23   0.5
 0.36 -0.23   0.5
 0.36 -0.23   0.5
 0.36 -0.23   0.5
 0.36 -0.23   0.5
 0.36 -0.23   0.5
 0.36 -0.23   0.5
 0.36 -0.23   0.5
 0.36 -0.23   0.5
 0.36 -0.23   0.5
 0.36 -0.23   0.5
 0.36 -0.23   0.5
 0.36 -0.23   0.5
 0.36 -0.23   0.5
 0.36 -0.23   0.5
 0.36 -0.23   0.5
 0.36 -0.23   0.5
 0.36 -0.23   0.5
 0.36 -0.23   0.5
 0.36 -0.23   0.5
 0.36 -0.23   0.5
 0.36 -0.23   0.5
 0.36 -0.23   0.5
 0.36 -0.23   0.5
 0.36 -0.23   0.5
 0.36 -0.23   0.5
 0.36 -0.23   0.5
 0.36 -0.23   0.5
 0.36 -0.23   0.5
 0.36 -0.23   0.5
 0.36 -0.23   0.5
 0.36 -0.23   0.5
 0.36 -0.23   0.5
 0.36 -0.23   0.5
 0.36 -0.23   0.5
 0.36 -0.23   0.5
 0.36 -0.23   0.5
 0.36 -0.23   0.5
 0.36 -0.23   0.5
 0.36 -0.23   0.5
 0.36 -0.23   0.5
 0.36 -0.23   0.5
 0.36 -0.23   0.5
 0.36 -0.23   0.5
 0.36 -0.23   0.5
 0.36 -0.23   0.5
 0.36 -0.23   0.5
 0.36 -0.23   0.5
 0.36 -0.23   0.5
 0.36 -0.23   0.5
 0.36 -0.23   0.5
 0.36 -0.23   0.5
 0.36 -0.23   0.5
 0.36 -0.23   0.5
 0.36 -0.23   0.5
 0.36 -0.23   0.5
 0.36 -0.23   0.5
 0.36 -0.23   0.5
 0.36 -0.23   0.5
 0.36 -0.23   0.5
 0.36 -0.23   0.5
 0.36 -0.23   0.5
 0.36 -0.23   0.5
 0.36 -0.23   0.5
 0.36 -0.23   0.5
 0.36 -0.23   0.5
 0.36 -0.23   0.5
 0.36 -0.23   0.5
 0.36 -0.23   0.5
 0.36 -0.23   0.5
 0.36 -0.23   0.5
 0.36 -0.23   0.5
 0.36 -0.23   0.5
 0.36 -0.23   0.5
 0.36 -0.23   0.5
 0.36 -0.23   0.5
 0.36 -0.23   0.5
 0.36 -0.23   0.5
 0.36 -0.23   0.5
 0.36 -0.23   0.5
 0.36 -0.23   0.5
 0.36 -0.23   0.5
 0.36 -0.23   0.5
 0.36 -0.23   0.5
 0.36 -0.23   0.5
 0.36 -0.23   0.5
 0.36 -0.23   0.5
 0.36 -0.23   0.5
 0.36 -0.23   0.5
 0.36 -0.23   0.5
 0.36 -0.23   0.5
 0.36 -0.23   0.5
 0.36 -0.23   0.5
 0.36 -0.23   0.5
 0.36 -0.23   0.5
 0.36 -0.23   0.5
 0.36 -0.23   0.5
 0.36 -0.23   0.5
 0.36 -0.23   0.5
 0.36 -0.23   0.5
 0.36 -0.23   0.5
 0.36 -0.23   0.5
 0.36 -0.23   0.5
 0.36 -0.23   0.5
 0.36 -0.23   0.5
 0.36 -0.23   0.5
 0.36 -0.23   0.5
 0.36 -0.23   0.5
 0.36 -0.23   0.5
 0.36 -0.23   0.5
 0.36 -0.23   0.5
 0.36 -0.23   0.5
 0.36 -0.23   0.5
 0.36 -0.23   0.5
 0.36 -0.23   0.5
 0.36 -0.23   0.5
 0.36 -0.23   0.5
 0.36 -0.23   0.5
 0.36 -0.23   0.5
 0.36 -0.23   0.5
 0.36 -0.23   0.5
 0.36 -0.23   0.5
 0.36 -0.23   0.5
 0.36 -0.23   0.5
 0.36 -0.23   0.5
 0.36 -0.23   0.5
 0.36 -0.23   0.5
 0.36 -0.23   0.5
 0.36 -0.23   0.5
 0.36 -0.23   0.5
 0.36 -0.23   0.5
 0.36 -0.23   0.5
 0.36 -0.23   0.5
 0.36 -0.23   0.5
 0.36 -0.23   0.5
 0.36 -0.23   0.5
 0.36 -0.23   0.5
 0.36 -0.23   0.5
 0.36 -0.23   0.5
 0.36 -0.23   0.5
 0.36 -0.23   0.5
 0.36 -0.23   0.5
 0.36 -0.23   0.5
 0.36 -0.23   0.5
 0.36 -0.23   0.5
 0.36 -0.23   0.5
 0.36 -0.23   0.5
 0.36 -0.23   0.5
 0.36 -0.23   0.5
 0.36 -0.23   0.5
 0.36 -0.23   0.5
 0.36 -0.23   0.5
 0.36 -0.23   0.5
 0.36 -0.23   0.5
 0.36 -0.23   0.5
 0.36 -0.23   0.5
 0.36 -0.23   0.5
 0.36 -0.23   0.5
 0.36 -0.23   0.5
 0.36 -0.23   0.5
 0.36 -0.23   0.5
 0.36 -0.23   0.5
 0.36 -0.23   0.5
 0.36 -0.23   0.5
 0.36 -0.23   0.5
 0.36 -0.23   0.5
 0.36 -0.23   0.5
 0.36 -0.23   0.5
 0.36 -0.23   0.5
 0.36 -0.23   0.5
 0.36 -0.23   0.5
 0.36 -0.23   0.5
 0.36 -0.23   0.5
 0.36 -0.23   0.5
