5.00679e-06
0.00965095
0.019706
0.029774
0.03983
0.049886
0.059942
0.0699971
0.0800531
0.0901091
0.100166
0.110222
0.120278
0.130334
0.140389
0.150444
0.160501
0.170574
0.180629
0.190687
0.200745
0.210801
0.220858
0.230914
0.240969
0.251026
0.261082
0.271139
0.281194
0.29125
0.301318
0.311375
0.321432
0.331493
0.341556
0.351611
0.361667
0.371722
0.381776
0.391833
0.401888
0.411944
0.422
0.432055
0.442114
0.452174
0.46224
0.472295
0.48235
0.492406
0.502462
0.512517
0.522572
0.532628
0.542684
0.552741
0.562809
0.572864
0.58293
0.592984
0.603056
0.613112
0.623167
0.633222
0.643278
0.653333
0.663389
0.673444
0.683499
0.693553
0.70361
0.713666
0.723723
0.733779
0.743836
0.753892
0.763948
0.774005
0.784072
0.794129
0.804184
0.814251
0.824305
0.834361
0.844417
0.854472
0.864527
0.874582
0.884637
0.894708
0.904763
0.914838
0.924892
0.934951
0.945007
0.955064
0.965121
0.975178
0.985232
0.995285
1.00534
1.0154
1.02545
1.03551
1.04557
1.05563
1.06569
1.07575
1.0858
1.09585
1.10591
1.11596
1.12603
1.13607
1.14613
1.15619
1.16626
1.17631
1.18637
1.19642
1.20648
1.21653
1.22659
1.23665
1.24671
1.25676
1.26682
1.27687
1.28693
1.29698
1.30704
1.31709
1.32715
1.3372
1.34726
1.35731
1.36737
1.37742
1.38748
1.39753
1.4076
1.41766
1.42773
1.43776
1.44782
1.45789
1.46795
1.47802
1.48809
1.49813
1.5082
1.51826
1.52831
1.53838
1.54845
1.5585
1.56857
1.57863
1.5887
1.59876
1.60882
1.61888
1.62894
1.639
1.64906
1.65912
1.66918
1.67931
1.68936
1.69942
1.70948
1.71954
1.72961
1.73966
1.74972
1.75978
1.76983
1.77989
1.78994
1.80002
1.81007
1.82013
1.83022
1.84028
1.85033
1.86039
1.87044
1.8805
1.89055
1.90061
1.91073
1.92079
1.93085
1.9409
1.95096
1.96102
1.97108
1.98113
1.99119
2.00125
2.0113
2.02136
2.03141
2.04147
2.05156
2.06162
2.07168
2.08173
2.09179
2.10185
2.1119
2.12196
2.13202
2.14207
2.15213
2.16218
2.17224
2.18229
2.19235
2.2024
2.21246
2.22251
2.23256
2.24262
2.25267
2.26273
2.27278
2.28282
2.29285
2.30292
2.31301
2.32307
2.33313
2.34319
2.35324
2.3633
2.37335
2.38341
2.39348
2.4035
2.41356
2.42361
2.43367
2.44372
2.45378
2.46383
2.47389
2.48395
2.49401
2.50406
2.51412
2.52417
2.53423
2.54428
2.55434
2.56486
2.57491
2.58497
2.59503
2.60509
2.61515
2.62521
2.63527
2.64533
2.65539
2.66544
2.6755
2.68555
2.69561
2.70567
2.71572
2.72578
2.73583
2.7459
2.75596
2.76601
2.77607
2.78612
2.79619
2.80624
2.81629
2.82634
2.8364
2.84645
2.85651
2.86657
2.87663
2.88668
2.89674
2.90679
2.91685
2.92691
2.93696
2.94702
2.95708
2.96713
2.97719
2.98725
2.99731
3.00736
3.01742
3.02748
3.03754
3.04759
3.05765
3.0677
3.07776
3.08781
3.09787
3.10792
3.11798
3.12803
3.13808
3.14814
3.1582
3.16825
3.1783
3.18836
3.19842
3.20848
3.21853
3.22859
3.23864
3.2487
3.25875
3.26881
3.27886
3.28892
3.29897
3.30903
3.31908
3.32915
3.33921
3.34926
3.35932
3.36937
3.37943
3.38949
3.39955
3.40961
3.41967
3.42972
3.43978
3.44984
3.45989
3.46995
3.48
3.49006
3.50012
3.51017
3.52023
3.53029
3.54034
3.55041
3.56047
3.57053
3.58059
3.59065
3.60071
3.61077
3.62082
3.63088
3.64093
3.651
3.66105
3.67111
3.68116
3.69122
3.70128
3.71133
3.72139
3.73144
3.7415
3.75155
3.76161
3.77166
3.78172
3.79177
3.80183
3.81188
3.82193
3.83199
3.84204
3.8521
3.86216
3.87221
3.88227
3.89233
3.90238
3.91244
3.9225
3.93255
3.94261
3.95266
3.96272
3.97278
3.9828
3.99285
4.00291
4.01297
4.02302
4.03308
4.04314
4.05319
4.06325
4.0733
4.08336
4.09341
4.10347
4.11352
4.12358
4.13363
4.14369
4.15375
4.1638
4.17386
4.18391
4.19397
4.20402
4.21408
4.22413
4.23419
4.24424
4.2543
4.26435
4.27441
4.28447
4.29453
4.30459
4.31464
4.3247
4.33475
4.34571
4.35578
4.36585
4.3759
4.38596
4.39601
4.40606
4.41612
4.42617
4.43625
4.4463
4.45636
4.46641
4.47647
4.48652
4.49658
4.50663
4.51668
4.52675
4.53681
4.54686
4.55692
4.56698
4.57703
4.58709
4.59714
4.60721
4.61726
4.62732
4.63738
4.64743
4.65749
4.66755
4.6776
4.68765
4.69771
4.70776
4.71782
4.72787
4.73793
4.74799
4.75804
4.7681
4.77815
4.78821
4.79827
4.80832
4.81839
4.82846
4.83854
4.84859
4.85865
4.8687
4.87876
4.88881
4.89888
4.90893
4.91899
4.92904
4.9391
4.94916
4.95923
4.96928
4.97934
4.98939
4.99946
5.00951
5.01957
5.02963
5.03969
5.04974
5.0598
5.06985
5.07991
5.08997
5.10004
5.11009
5.12015
5.1302
5.14027
5.15032
5.16038
5.17043
5.18059
5.19065
5.20071
5.21076
5.22081
5.23087
5.24092
5.25098
5.26103
5.27109
5.28115
5.2912
5.30125
5.31131
5.32136
5.33142
5.34148
5.35153
5.36158
5.37164
5.38171
5.39178
5.40185
5.41191
5.42196
5.43201
5.44207
5.45213
5.46218
5.47223
5.48229
5.49235
5.5024
5.51245
5.52251
5.53256
5.54262
5.55267
5.56273
5.57278
5.58284
5.5929
5.60295
5.61301
5.62308
5.63315
5.64323
5.65328
5.66334
5.67339
5.68345
5.6935
5.70356
5.71361
5.72367
5.73372
5.74378
5.75383
5.76389
5.77394
5.784
5.79405
5.80411
5.81416
5.82423
5.8343
5.84436
5.85441
5.86447
5.87452
5.88458
5.89463
5.90469
5.91474
5.9248
5.93485
5.94491
5.95496
5.96502
5.97507
5.98513
5.9952
6.00525
6.01532
6.02538
6.03544
6.0455
6.05555
6.0656
6.07566
6.08572
6.09577
6.10583
6.11588
6.12594
6.136
6.14605
6.15611
6.16617
6.17622
6.18628
6.19633
6.2064
6.21647
6.22653
6.23659
6.24664
6.2567
6.26675
6.27681
6.28687
6.29692
6.30698
6.31703
6.32709
6.33715
6.3472
6.35725
6.36731
6.37736
6.38742
6.39747
6.40753
6.41758
6.42763
6.43771
6.44778
6.45785
6.46791
6.47796
6.48802
6.49807
6.50813
6.51818
6.52824
6.53829
6.54835
6.5584
6.56846
6.57852
6.58859
6.59864
6.6087
6.61875
6.6288
6.63886
6.64892
6.65897
6.66906
6.67913
6.68919
6.69924
6.7093
6.71935
6.72941
6.73946
6.74952
6.75957
6.76963
6.77968
6.78974
6.79979
6.80985
6.8199
6.82996
6.84001
6.85007
6.86013
6.87019
6.88024
6.8903
6.90036
6.91042
6.92047
6.93053
6.94058
6.95064
6.96069
6.97075
6.98081
6.99086
7.00092
7.01097
7.02104
7.03109
7.04115
7.05121
7.06126
7.07132
7.08137
7.09143
7.10148
7.11154
7.12159
7.13165
7.1417
7.15176
7.16182
7.17188
7.18193
7.19199
7.20205
7.2121
7.22216
7.23221
7.24227
7.25232
7.26238
7.27243
7.2825
7.29256
7.30261
7.31266
7.32272
7.33278
7.34283
7.35289
7.36294
7.37299
7.38305
7.39311
7.40318
7.41324
7.4233
7.43335
7.44341
7.45347
7.46353
7.4736
7.48366
7.49372
7.50377
7.51383
7.52388
7.53394
7.54399
7.55405
7.5641
7.57416
7.58421
7.59423
7.60429
7.61435
7.6244
7.63446
7.64451
7.65457
7.66462
7.67468
7.68474
7.69479
7.70485
7.7149
7.72496
7.73503
7.74509
7.75515
7.7652
7.77526
7.78532
7.79537
7.80543
7.81548
7.82554
7.83559
7.84565
7.8557
7.86576
7.87581
7.88587
7.89593
7.90598
