0.0167494 -0.105375  0.508363
0.0167487 -0.105373  0.508362
0.0167488 -0.105373  0.508362
0.0167494 -0.105372  0.508362
0.0167501 -0.105371  0.508361
0.0167504 -0.105369  0.508361
0.0167505 -0.105368  0.508361
0.0167501 -0.105369  0.508361
0.0167499 -0.105368  0.508362
0.0167493 -0.105365  0.508363
0.0167493 -0.105364  0.508363
0.0167474 -0.105364  0.508364
0.0167472 -0.105364  0.508364
0.0167451 -0.105365  0.508364
0.0167448 -0.105366  0.508364
0.0167435 -0.105366  0.508365
0.0167424 -0.105368  0.508364
0.0167402 -0.105369  0.508364
0.0167392  -0.10537  0.508363
0.0167392 -0.105369  0.508363
0.0167377  -0.10537  0.508362
0.0167383  -0.10537  0.508361
0.0167384  -0.10537   0.50836
0.0167389 -0.105371  0.508358
0.0167389 -0.105371  0.508356
0.0167413 -0.105371  0.508353
0.0167433 -0.105369  0.508351
0.0167459  -0.10537  0.508348
0.0167484 -0.105369  0.508344
0.0167535 -0.105367  0.508341
0.0167586 -0.105366  0.508336
0.0167656 -0.105361  0.508332
0.0167709  -0.10536  0.508327
0.0167784 -0.105362   0.50832
0.0167881 -0.105359  0.508314
0.0167969 -0.105356  0.508308
0.0168096  -0.10535  0.508301
0.0168216 -0.105347  0.508294
0.0168347 -0.105342  0.508286
 0.016849 -0.105338  0.508278
0.0168627 -0.105333  0.508271
0.0168796 -0.105328  0.508262
0.0168977 -0.105323  0.508252
0.0169194 -0.105317  0.508241
 0.016938 -0.105311  0.508232
0.0169599 -0.105306  0.508221
0.0169857 -0.105297  0.508209
0.0170082 -0.105291  0.508198
0.0170339 -0.105286  0.508186
0.0170613 -0.105279  0.508173
0.0170903 -0.105272   0.50816
0.0171229 -0.105265  0.508144
0.0171517 -0.105259  0.508131
0.0171857  -0.10525  0.508114
0.0172205 -0.105243  0.508097
0.0172548 -0.105237  0.508083
0.0172918 -0.105231  0.508065
  0.01733 -0.105223  0.508047
0.0173735 -0.105218  0.508026
0.0174151 -0.105205  0.508007
0.0174576 -0.105195  0.507984
0.0175006 -0.105189  0.507965
0.0175468 -0.105182  0.507942
0.0175926 -0.105172  0.507916
0.0176405 -0.105166  0.507892
0.0176888 -0.105158  0.507866
0.0177404  -0.10515  0.507839
0.0177947 -0.105143  0.507815
0.0178469 -0.105135  0.507783
0.0179017 -0.105127  0.507753
0.0179622 -0.105121  0.507725
0.0180185  -0.10511  0.507689
0.0180781 -0.105102  0.507656
0.0181411 -0.105093  0.507621
0.0182048 -0.105084  0.507585
0.0182703 -0.105076  0.507547
0.0183367 -0.105067  0.507508
0.0184067 -0.105057  0.507468
0.0184816  -0.10505  0.507431
0.0185501 -0.105039  0.507383
0.0186243 -0.105028  0.507338
0.0187001 -0.105019  0.507292
0.0187774 -0.105008  0.507244
0.0188564 -0.104997  0.507195
0.0189431  -0.10499   0.50715
0.0190258 -0.104979  0.507097
0.0191109 -0.104969  0.507043
0.0192006 -0.104961  0.506982
 0.019288 -0.104948  0.506925
0.0193767 -0.104937  0.506866
0.0194669 -0.104924  0.506805
0.0195622 -0.104911  0.506742
0.0196456 -0.104895   0.50667
0.0197446 -0.104886  0.506613
  0.01984 -0.104872  0.506545
0.0199415 -0.104857  0.506473
0.0200401 -0.104844    0.5064
0.0201403 -0.104829  0.506325
0.0202422 -0.104814  0.506247
0.0203457 -0.104799  0.506167
 0.020451 -0.104785  0.506085
0.0205445 -0.104765   0.50599
0.0206533 -0.104751  0.505902
 0.020764 -0.104734  0.505811
0.0208769 -0.104719  0.505716
0.0209923 -0.104702  0.505618
0.0211101 -0.104685  0.505517
0.0212491 -0.104671  0.505416
0.0213731 -0.104657  0.505309
0.0214835 -0.104634  0.505184
0.0216101  -0.10462   0.50507
0.0217522 -0.104609  0.504968
0.0218819 -0.104595  0.504848
0.0220128 -0.104579  0.504725
0.0221302 -0.104558  0.504584
0.0222714 -0.104541  0.504453
0.0224211 -0.104532  0.504337
0.0225559 -0.104517  0.504202
 0.022674 -0.104496  0.504046
0.0228093  -0.10448  0.503906
0.0229444 -0.104466  0.503761
0.0230798  -0.10445  0.503613
0.0232171 -0.104436   0.50346
0.0233524 -0.104421  0.503304
0.0234893 -0.104406  0.503144
0.0236267 -0.104391  0.502979
0.0237851 -0.104386  0.502832
0.0239023 -0.104363  0.502639
0.0240397 -0.104349  0.502463
0.0241771 -0.104335  0.502284
0.0243138 -0.104322  0.502101
0.0244503 -0.104308  0.501914
0.0245752 -0.104301  0.501743
0.0247322 -0.104297   0.50157
0.0248447 -0.104273  0.501347
0.0250034 -0.104271  0.501169
0.0251379 -0.104257  0.500964
0.0252703 -0.104241   0.50074
0.0254024 -0.104228  0.500528
0.0255335 -0.104214  0.500314
0.0256384 -0.104193  0.500069
0.0257662 -0.104179  0.499849
0.0259184 -0.104173  0.499654
0.0260445  -0.10416  0.499427
0.0261696 -0.104146  0.499196
0.0262938 -0.104131  0.498962
0.0264319 -0.104114  0.498718
0.0265538   -0.1041  0.498479
0.0266746 -0.104084  0.498236
0.0267941  -0.10407  0.497991
0.0269123 -0.104054  0.497743
0.0270294  -0.10404  0.497491
0.0271459 -0.104024  0.497238
0.0272332 -0.104002  0.496949
0.0273466 -0.103986  0.496688
0.0274863 -0.103981  0.496457
 0.027598 -0.103966  0.496189
0.0277095 -0.103953  0.495918
0.0278187 -0.103937  0.495643
0.0279269 -0.103924  0.495366
0.0280224 -0.103914  0.495059
 0.028102 -0.103892   0.49474
0.0282322 -0.103887   0.49449
0.0283376 -0.103876  0.494205
0.0284393 -0.103864  0.493913
 0.02854 -0.10385 0.493621
0.0286391 -0.103838  0.493326
0.0287364 -0.103826   0.49303
0.0288322 -0.103813  0.492733
0.0289263 -0.103801  0.492436
0.0289944  -0.10378  0.492101
0.0290852 -0.103769  0.491802
0.0291909 -0.103753  0.491495
0.0293036 -0.103749  0.491232
0.0293898 -0.103738  0.490928
0.0294503 -0.103716  0.490585
0.0295333 -0.103705   0.49028
0.0296145 -0.103695  0.489975
0.0297167 -0.103694  0.489707
0.0297708 -0.103672  0.489361
0.0298468 -0.103663  0.489052
  0.02992 -0.103654  0.488744
 0.029992 -0.103644  0.488436
0.0300619 -0.103636  0.488127
0.0301299 -0.103628  0.487818
0.0301959 -0.103619  0.487509
0.0302814 -0.103624  0.487239
0.0303106 -0.103605  0.486864
0.0303709 -0.103598  0.486557
 0.030431 -0.103593  0.486256
0.0305067 -0.103598  0.485991
0.0305417  -0.10358  0.485651
0.0306129 -0.103586  0.485389
0.0306629 -0.103579  0.485093
0.0307121 -0.103573  0.484801
0.0307399 -0.103556  0.484474
 0.030802 -0.103559  0.484226
0.0308261 -0.103543  0.483909
0.0308847 -0.103546  0.483666
0.0309239 -0.103538  0.483393
 0.030974 -0.103527  0.483113
0.0310089 -0.103519  0.482845
0.0310421  -0.10351  0.482582
0.0310561 -0.103492  0.482288
 0.031086 -0.103484  0.482032
0.0311319 -0.103485  0.481812
0.0311589 -0.103477   0.48156
0.0311849 -0.103469   0.48131
0.0312092  -0.10346  0.481062
0.0312323 -0.103451  0.480817
0.0312541 -0.103443  0.480575
0.0312613 -0.103438  0.480312
0.0312824 -0.103431  0.480078
0.0313009 -0.103423  0.479843
0.0313181 -0.103414  0.479611
0.0313345 -0.103407  0.479382
0.0313363 -0.103388  0.479124
0.0313516  -0.10338    0.4789
0.0313661 -0.103373  0.478677
0.0313802 -0.103366  0.478456
0.0314071 -0.103371  0.478268
0.0314084 -0.103352   0.47802
0.0314324 -0.103359  0.477833
0.0314442 -0.103354  0.477619
0.0314555 -0.103348  0.477407
0.0314668 -0.103343  0.477197
0.0314671 -0.103326  0.476962
0.0314943 -0.103331   0.47678
0.0315023 -0.103328  0.476578
0.0315101 -0.103325  0.476378
 0.031517 -0.103322  0.476181
0.0315232 -0.103318  0.475988
0.0315206 -0.103316  0.475781
0.0315253 -0.103312  0.475595
 0.03153 -0.10331 0.475415
0.0315254 -0.103295  0.475211
 0.031528 -0.103292  0.475035
0.0315302 -0.103289  0.474863
 0.031532 -0.103286  0.474693
0.0315412 -0.103297  0.474549
0.0315423 -0.103294  0.474383
0.0315432 -0.103292  0.474219
0.0315438  -0.10329  0.474057
 0.031545 -0.103288  0.473898
0.0315383 -0.103271  0.473719
0.0315383  -0.10327  0.473565
0.0315379 -0.103268  0.473413
0.0315377 -0.103266  0.473262
 0.031543 -0.103279  0.473136
0.0315425 -0.103278  0.472988
0.0315419 -0.103277  0.472843
0.0315368 -0.103261  0.472678
0.0315403 -0.103257  0.472534
0.0315392 -0.103257  0.472396
 0.031538 -0.103256   0.47226
0.0315368 -0.103256  0.472125
0.0315394 -0.103271  0.472012
0.0315379 -0.103271   0.47188
0.0315362 -0.103271   0.47175
0.0315345 -0.103272  0.471622
0.0315321 -0.103271  0.471497
0.0315259 -0.103256  0.471355
0.0315168 -0.103257  0.471222
0.0315137 -0.103258  0.471104
0.0315104 -0.103258  0.470989
0.0315071 -0.103258  0.470875
0.0315034 -0.103257  0.470763
0.0315035 -0.103275  0.470671
0.0315006 -0.103276  0.470562
0.0314975 -0.103278  0.470456
0.0314908  -0.10326  0.470334
0.0314872  -0.10326  0.470232
0.0314865 -0.103278  0.470148
0.0314827 -0.103277  0.470049
0.0314789 -0.103278  0.469951
0.0314721  -0.10326  0.469839
 0.031472 -0.103277  0.469761
0.0314681 -0.103277  0.469669
0.0314639 -0.103276  0.469578
0.0314598 -0.103276  0.469489
0.0314558 -0.103275  0.469402
0.0314511 -0.103274  0.469317
0.0314424  -0.10327  0.469225
0.0314381  -0.10327  0.469143
0.0314335 -0.103269  0.469063
0.0314391 -0.103271  0.468989
0.0314256 -0.103268  0.468905
0.0314208 -0.103268  0.468829
0.0314126  -0.10325  0.468741
0.0314078  -0.10325  0.468667
0.0314062 -0.103266  0.468608
0.0314017 -0.103267  0.468536
0.0313973 -0.103266  0.468465
0.0313933 -0.103269  0.468395
0.0313862 -0.103251  0.468312
0.0313852  -0.10327  0.468256
0.0313815  -0.10327  0.468188
0.0313751 -0.103253  0.468107
0.0313742 -0.103272  0.468054
0.0313707 -0.103273  0.467988
0.0313644 -0.103257   0.46791
0.0313638 -0.103276  0.467859
0.0313578 -0.103259  0.467783
0.0313545 -0.103261  0.467721
0.0313541 -0.103281  0.467672
 0.031348 -0.103264    0.4676
0.0313451 -0.103266   0.46754
0.0313416 -0.103267  0.467482
0.0313387 -0.103269  0.467425
0.0313383 -0.103287  0.467381
0.0313355 -0.103289  0.467325
0.0313326  -0.10329   0.46727
0.0313297 -0.103291  0.467216
0.0313235 -0.103274  0.467152
0.0313203 -0.103275  0.467101
0.0313169 -0.103276  0.467051
0.0313136 -0.103276  0.467002
0.0313104 -0.103277  0.466954
0.0313071 -0.103277  0.466907
0.0313073 -0.103294  0.466871
0.0313033 -0.103294  0.466821
0.0313027 -0.103295  0.466783
0.0312966 -0.103292  0.466733
0.0312938 -0.103291  0.466691
0.0312903  -0.10329  0.466649
0.0312868  -0.10329  0.466608
0.0312833 -0.103289  0.466568
0.0312794 -0.103288  0.466529
0.0312757 -0.103288  0.466491
0.0312721 -0.103289  0.466454
 0.031268 -0.103288  0.466417
0.0312639 -0.103288  0.466381
0.0312599 -0.103289  0.466347
0.0312557 -0.103289  0.466312
0.0312512 -0.103289  0.466278
 0.031245 -0.103287  0.466243
0.0312425 -0.103289  0.466212
0.0312382 -0.103289  0.466179
 0.031234 -0.103289  0.466147
0.0312298 -0.103291  0.466114
0.0312257 -0.103291  0.466083
0.0312218 -0.103292  0.466051
0.0312179 -0.103293   0.46602
0.0312138 -0.103292  0.465988
  0.03121 -0.103293  0.465958
0.0312063 -0.103295  0.465927
0.0312027 -0.103297  0.465897
0.0311992 -0.103297  0.465867
0.0311962 -0.103301  0.465839
0.0311927 -0.103301   0.46581
0.0311891 -0.103301   0.46578
0.0311861 -0.103304  0.465752
0.0311829 -0.103305  0.465724
0.0311795 -0.103306  0.465696
 0.031174 -0.103303  0.465666
0.0311726 -0.103306  0.465641
0.0311691 -0.103306  0.465614
 0.031166 -0.103307  0.465588
 0.031161 -0.103306  0.465561
0.0311579 -0.103307  0.465536
0.0311562 -0.103308  0.465514
0.0311511 -0.103306  0.465488
0.0311476 -0.103306  0.465464
0.0311458 -0.103307  0.465443
0.0311384 -0.103291  0.465413
0.0311372 -0.103304  0.465397
 0.031134 -0.103303  0.465376
0.0311304 -0.103302  0.465354
 0.031127 -0.103302  0.465333
0.0311237   -0.1033  0.465312
0.0311205 -0.103297  0.465292
0.0311171 -0.103298  0.465272
0.0311136 -0.103297  0.465253
0.0311117 -0.103297  0.465234
0.0311086 -0.103294  0.465215
0.0311055 -0.103297  0.465197
0.0311021 -0.103296  0.465179
0.0310988 -0.103296   0.46516
0.0310897 -0.103278  0.465133
0.0310902 -0.103293  0.465122
0.0310884 -0.103295  0.465106
0.0310847 -0.103294  0.465088
0.0310796 -0.103292  0.465069
0.0310776 -0.103294  0.465053
0.0310723 -0.103292  0.465034
0.0310684 -0.103288  0.465015
0.0310646 -0.103288  0.464998
0.0310604 -0.103288  0.464981
0.0310563 -0.103289  0.464964
0.0310527 -0.103289  0.464947
0.0310502 -0.103291  0.464932
0.0310451 -0.103289  0.464915
0.0310434 -0.103292  0.464901
0.0310397 -0.103292  0.464885
0.0310348 -0.103291  0.464869
0.0310327 -0.103293  0.464855
0.0310272 -0.103294  0.464839
0.0310252 -0.103296  0.464826
0.0310217 -0.103296  0.464811
0.0310181 -0.103296  0.464797
0.0310147 -0.103295  0.464783
0.0310112 -0.103295  0.464769
0.0310078 -0.103294  0.464756
0.0310043 -0.103293  0.464742
0.0310009 -0.103293  0.464729
0.0309974 -0.103292  0.464716
0.0309937 -0.103285  0.464701
0.0309905 -0.103285  0.464688
0.0309872 -0.103283  0.464675
0.0309838 -0.103282  0.464663
0.0309805 -0.103281  0.464651
0.0309758 -0.103277  0.464637
 0.030974 -0.103278  0.464627
0.0309708 -0.103276  0.464615
0.0309677 -0.103275  0.464603
0.0309632 -0.103272   0.46459
0.0309615 -0.103273   0.46458
0.0309585 -0.103271  0.464569
0.0309558  -0.10327  0.464558
0.0309529  -0.10327  0.464547
  0.03095 -0.103269  0.464536
0.0309473 -0.103268  0.464525
0.0309444 -0.103267  0.464515
0.0309418 -0.103267  0.464504
 0.030939 -0.103266  0.464494
0.0309367 -0.103266  0.464484
0.0309339 -0.103267  0.464474
0.0309312 -0.103265  0.464464
0.0309232 -0.103249  0.464447
 0.030926 -0.103266  0.464444
 0.030923 -0.103266  0.464435
0.0309186 -0.103265  0.464423
0.0309156 -0.103264  0.464413
0.0309128 -0.103264  0.464403
0.0309099 -0.103264  0.464394
0.0309071 -0.103264  0.464385
0.0309041 -0.103263  0.464376
0.0309013 -0.103263  0.464366
0.0308984 -0.103262  0.464358
0.0308956 -0.103261  0.464348
0.0308927  -0.10326   0.46434
0.0308899  -0.10326  0.464331
0.0308871 -0.103259  0.464323
0.0308842 -0.103258  0.464314
0.0308814 -0.103257  0.464306
0.0308786 -0.103256  0.464298
0.0308758 -0.103255   0.46429
0.0308729 -0.103254  0.464282
0.0308702 -0.103252  0.464274
0.0308675 -0.103251  0.464267
0.0308649  -0.10325  0.464259
0.0308622 -0.103248  0.464251
0.0308598 -0.103247  0.464244
 0.030857 -0.103246  0.464237
0.0308547 -0.103244  0.464229
0.0308523 -0.103243  0.464222
0.0308496 -0.103241  0.464215
0.0308472  -0.10324  0.464208
0.0308447 -0.103239  0.464201
0.0308425 -0.103238  0.464194
  0.03084 -0.103236  0.464187
0.0308378 -0.103235   0.46418
0.0308354 -0.103234  0.464173
0.0308331 -0.103233  0.464166
0.0308306 -0.103231  0.464159
0.0308284 -0.103231  0.464153
0.0308262  -0.10323  0.464146
0.0308238 -0.103229   0.46414
0.0308219 -0.103229  0.464133
0.0308199 -0.103229  0.464127
0.0308172 -0.103227   0.46412
0.0308152 -0.103227  0.464115
0.0308129 -0.103227  0.464108
0.0308105 -0.103226  0.464102
0.0308082 -0.103225  0.464096
0.0308057 -0.103225   0.46409
0.0308036  -0.10322  0.464082
0.0308007  -0.10322  0.464077
0.0307984  -0.10322  0.464071
0.0307959 -0.103219  0.464065
0.0307936 -0.103219   0.46406
0.0307912 -0.103218  0.464054
0.0307889 -0.103217  0.464048
0.0307864 -0.103216  0.464043
0.0307841 -0.103216  0.464038
0.0307818 -0.103215  0.464032
0.0307796 -0.103215  0.464027
0.0307775 -0.103214  0.464022
0.0307751 -0.103213  0.464016
0.0307731 -0.103212  0.464011
0.0307708 -0.103211  0.464006
0.0307687 -0.103209  0.464001
0.0307666 -0.103209  0.463996
0.0307647 -0.103207  0.463991
0.0307629 -0.103207  0.463986
0.0307612 -0.103206  0.463981
0.0307579 -0.103203  0.463975
0.0307556 -0.103203   0.46397
0.0307536 -0.103202  0.463966
0.0307517 -0.103201  0.463961
0.0307496   -0.1032  0.463956
0.0307477 -0.103198  0.463952
0.0307457 -0.103197  0.463947
0.0307438 -0.103196  0.463942
0.0307418 -0.103195  0.463938
  0.03074 -0.103194  0.463934
0.0307382 -0.103193  0.463929
0.0307362 -0.103192  0.463925
0.0307344 -0.103191   0.46392
0.0307325  -0.10319  0.463916
0.0307307 -0.103189  0.463912
0.0307288 -0.103187  0.463908
0.0307272 -0.103187  0.463904
0.0307252 -0.103186    0.4639
0.0307234 -0.103185  0.463896
0.0307216 -0.103185  0.463891
0.0307201 -0.103184  0.463888
0.0307183 -0.103184  0.463884
0.0307163 -0.103183   0.46388
0.0307149 -0.103178  0.463875
0.0307131 -0.103178  0.463871
0.0307111 -0.103177  0.463867
0.0307093 -0.103176  0.463863
0.0307026 -0.103164  0.463855
0.0307047 -0.103173  0.463855
0.0307029 -0.103172  0.463851
 0.030701 -0.103176  0.463849
 0.030699 -0.103174  0.463845
0.0306937 -0.103164  0.463838
0.030695 -0.10317 0.463837
 0.030693 -0.103171  0.463834
0.0306911 -0.103169   0.46383
0.0306895 -0.103169  0.463827
 0.030688 -0.103168  0.463823
0.0306863 -0.103167   0.46382
0.0306849 -0.103166  0.463816
0.0306832 -0.103165  0.463813
0.0306818 -0.103164   0.46381
0.0306803 -0.103162  0.463807
 0.030679 -0.103162  0.463803
0.0306774  -0.10316    0.4638
0.030676 -0.10316 0.463797
 0.030675 -0.103159  0.463794
0.0306735 -0.103158  0.463791
0.0306724 -0.103154  0.463788
 0.030671 -0.103153  0.463785
0.0306696 -0.103152  0.463782
0.0306641 -0.103143  0.463776
0.0306665 -0.103151  0.463777
0.0306649  -0.10315  0.463774
0.0306627 -0.103153  0.463772
0.0306611 -0.103152  0.463769
0.0306594 -0.103151  0.463766
0.0306578 -0.103151  0.463763
0.0306562 -0.103146  0.463759
0.0306545 -0.103146  0.463757
0.0306528 -0.103145  0.463754
0.0306511 -0.103145  0.463751
0.0306494 -0.103145  0.463748
0.0306476 -0.103144  0.463745
0.0306453 -0.103144  0.463743
0.0306435 -0.103144   0.46374
0.0306416 -0.103143  0.463737
0.0306398 -0.103143  0.463734
0.0306378 -0.103142  0.463731
0.0306361 -0.103141  0.463729
0.0306342 -0.103141  0.463726
0.0306324  -0.10314  0.463723
0.0306308  -0.10314   0.46372
0.030624 -0.10313 0.463713
0.0306238 -0.103131  0.463712
0.0306259 -0.103138  0.463713
0.0306233 -0.103136  0.463709
0.0306217 -0.103135  0.463706
0.0306201 -0.103134  0.463704
0.0306187 -0.103133  0.463701
0.0306176 -0.103132  0.463698
0.0306161 -0.103131  0.463696
0.0306146  -0.10313  0.463693
0.0306145 -0.103129  0.463692
0.0306121 -0.103127  0.463688
0.0306107 -0.103125  0.463686
0.0306095 -0.103125  0.463684
0.0306081 -0.103123  0.463682
0.0306069 -0.103122  0.463679
0.0306057 -0.103121  0.463677
0.0306043  -0.10312  0.463675
0.0306031 -0.103119  0.463673
0.0306018 -0.103118  0.463671
0.0306006 -0.103117   0.46367
0.0305991 -0.103116  0.463668
0.0305978 -0.103116  0.463666
0.0305963 -0.103115  0.463664
 0.030595 -0.103114  0.463662
0.0305934 -0.103115   0.46366
0.0305881 -0.103106  0.463656
0.0305868 -0.103106  0.463654
 0.030589 -0.103113  0.463655
0.0305877 -0.103112  0.463653
0.0305824 -0.103104  0.463648
0.0305848 -0.103111  0.463648
0.0305833  -0.10311  0.463646
0.030582 -0.10311 0.463644
0.0305807 -0.103109  0.463642
0.0305756 -0.103101  0.463637
0.0305779 -0.103108  0.463637
0.0305764 -0.103107  0.463635
0.0305752 -0.103106  0.463633
0.0305737 -0.103105  0.463631
0.0305724 -0.103105  0.463629
0.0305713 -0.103104  0.463627
  0.03057 -0.103104  0.463625
0.0305686 -0.103103  0.463623
0.0305675 -0.103099   0.46362
 0.030566 -0.103098  0.463618
0.0305646 -0.103097  0.463617
 0.030563 -0.103096  0.463615
0.0305616 -0.103095  0.463613
0.0305603 -0.103094  0.463612
0.0305587 -0.103094   0.46361
0.0305536 -0.103086  0.463606
0.0305558 -0.103092  0.463607
0.0305545 -0.103091  0.463606
0.030553 -0.10309 0.463604
0.0305514  -0.10309  0.463603
 0.03055 -0.10309 0.463602
0.0305487 -0.103089    0.4636
0.0305476 -0.103088  0.463599
0.0305425 -0.103081  0.463595
 0.030545 -0.103087  0.463596
0.0305437 -0.103086  0.463594
0.0305426 -0.103086  0.463593
0.0305412 -0.103085  0.463591
0.0305401 -0.103084  0.463589
 0.030539 -0.103084  0.463588
0.0305377 -0.103083  0.463586
0.0305366 -0.103083  0.463584
0.0305353 -0.103083  0.463583
0.0305341 -0.103082  0.463581
0.0305328 -0.103081  0.463579
0.0305317 -0.103081  0.463578
0.0305269 -0.103074  0.463573
0.0305291  -0.10308  0.463574
0.0305271  -0.10308  0.463572
0.0305259  -0.10308   0.46357
0.0305245 -0.103079  0.463569
0.0305232 -0.103079  0.463567
 0.030522 -0.103078  0.463566
0.0305206 -0.103077  0.463565
