0.0167503 -0.105375  0.508363
 0.016751 -0.105375  0.508361
0.0167532 -0.105374  0.508353
0.0167532 -0.105374  0.508353
0.0167567 -0.105374  0.508341
0.0167616 -0.105373  0.508323
 0.016768 -0.105371    0.5083
0.0167758  -0.10537  0.508272
0.0167956 -0.105366  0.508201
0.0167956 -0.105366  0.508201
0.0168076 -0.105364  0.508158
0.0168359 -0.105358  0.508057
0.0168521 -0.105355  0.507999
0.0168698 -0.105352  0.507936
0.0168698 -0.105352  0.507936
0.0169094 -0.105344  0.507794
0.0169313  -0.10534  0.507716
0.0169547 -0.105335  0.507632
0.0169794  -0.10533  0.507544
0.0170056 -0.105325   0.50745
0.0170056 -0.105325   0.50745
0.0170622 -0.105314  0.507248
0.0170926 -0.105308  0.507139
0.0171244 -0.105302  0.507025
0.0171577 -0.105296  0.506906
0.0171923 -0.105289  0.506783
0.0172284 -0.105282  0.506654
0.0172658 -0.105275   0.50652
0.0173047 -0.105267  0.506381
 0.017345 -0.105259  0.506236
0.0173866 -0.105251  0.506088
0.0174297 -0.105243  0.505934
0.0174742 -0.105234  0.505774
0.0175202 -0.105225   0.50561
0.0175676 -0.105216  0.505441
0.0176163 -0.105207  0.505266
0.0176665 -0.105197  0.505087
0.0177181 -0.105187  0.504902
0.0177711 -0.105177  0.504712
0.0178256 -0.105166  0.504518
0.0178814 -0.105155  0.504318
0.0179387 -0.105144  0.504113
0.0179974 -0.105133  0.503903
0.0180576 -0.105121  0.503688
0.0181191 -0.105109  0.503468
0.0181821 -0.105097  0.503243
0.0182464 -0.105084  0.503013
0.0183122 -0.105072  0.502778
0.0183793 -0.105059  0.502537
0.0184479 -0.105045  0.502292
0.0185179 -0.105032  0.502042
0.0185894 -0.105018  0.501786
0.0186622 -0.105004  0.501526
0.0187364 -0.104989   0.50126
0.0188121 -0.104974   0.50099
0.0188892  -0.10496  0.500714
0.0189677 -0.104944  0.500433
0.0190476 -0.104929  0.500147
0.0191289 -0.104913  0.499857
0.0192116 -0.104897  0.499561
0.0192957 -0.104881   0.49926
0.0193813 -0.104864  0.498954
0.0194682 -0.104847  0.498643
0.0195566  -0.10483  0.498327
0.0196463 -0.104812  0.498006
0.0197376 -0.104795  0.497679
0.0198303 -0.104777  0.497348
0.0199245 -0.104758  0.497011
0.0200201  -0.10474  0.496669
0.0201166 -0.104721  0.496324
 0.020215 -0.104702  0.495972
0.0203148 -0.104683  0.495615
0.0204159 -0.104663  0.495254
0.0205185 -0.104643  0.494887
0.0206225 -0.104623  0.494515
0.0207278 -0.104602  0.494138
0.0208347 -0.104582  0.493756
0.0209429 -0.104561  0.493369
0.0210524 -0.104539  0.492977
0.0211635 -0.104518   0.49258
0.0212759 -0.104496  0.492178
0.0213898 -0.104474   0.49177
0.0215051 -0.104452  0.491358
0.0216217 -0.104429  0.490941
0.0217398 -0.104406  0.490519
0.0218592 -0.104383  0.490092
0.0219797 -0.104359  0.489661
0.0221022 -0.104336  0.489223
 0.022226 -0.104312   0.48878
0.0223513 -0.104287  0.488332
0.0224778 -0.104263  0.487879
0.0226058 -0.104238  0.487422
0.0227352 -0.104213  0.486959
 0.022866 -0.104187  0.486491
0.0229982 -0.104162  0.486018
0.0231318 -0.104136   0.48554
0.0232663 -0.104109  0.485059
0.0233996 -0.104084  0.484583
0.0235314 -0.104058  0.484111
 0.023662 -0.104033  0.483644
0.0237911 -0.104008  0.483182
0.0239187 -0.103983  0.482726
0.0240449 -0.103958  0.482275
0.0241696 -0.103934  0.481829
0.024293 -0.10391 0.481388
0.0244149 -0.103886  0.480951
0.0245356 -0.103863   0.48052
0.0246548  -0.10384  0.480093
0.0247727 -0.103817  0.479672
 0.024889 -0.103794  0.479256
 0.025004 -0.103772  0.478845
0.0251174  -0.10375  0.478439
 0.025231 -0.103728  0.478033
0.0253416 -0.103706  0.477637
0.0254508 -0.103685  0.477247
0.0255586 -0.103664  0.476861
0.0256651 -0.103644   0.47648
0.0257702 -0.103623  0.476105
0.0258737 -0.103603  0.475734
0.0259756 -0.103583   0.47537
0.0260763 -0.103564   0.47501
0.0261756 -0.103545  0.474655
0.0262735 -0.103526  0.474305
0.0263699 -0.103507  0.473959
 0.026465 -0.103488  0.473619
0.0265586  -0.10347  0.473285
0.0266505 -0.103452  0.472956
0.0267414 -0.103435  0.472631
0.0268308 -0.103417  0.472311
0.0269187   -0.1034  0.471997
0.0270053 -0.103383  0.471687
0.0270905 -0.103367  0.471382
0.0271742 -0.103351  0.471083
0.0272567 -0.103335  0.470788
0.0273376 -0.103319  0.470499
0.0274171 -0.103303  0.470214
0.0274952 -0.103288  0.469935
 0.027572 -0.103273   0.46966
0.0276472 -0.103259  0.469391
0.0277211 -0.103244  0.469127
0.0277935  -0.10323  0.468868
0.0278645 -0.103217  0.468614
0.0279342 -0.103203  0.468365
0.0280023  -0.10319  0.468121
0.0280691 -0.103177  0.467882
0.0281346 -0.103164  0.467648
0.0281985 -0.103152   0.46742
0.0282611  -0.10314  0.467196
0.0283222 -0.103128  0.466977
0.0283819 -0.103116  0.466764
0.0284403 -0.103105  0.466555
0.0284971 -0.103094  0.466352
0.0285526 -0.103083  0.466153
0.0286067 -0.103072   0.46596
0.0286593 -0.103062  0.465772
0.0287106 -0.103052  0.465588
0.0287604 -0.103043   0.46541
0.0288088 -0.103033  0.465237
0.0288558 -0.103024  0.465069
0.0289013 -0.103015  0.464906
0.0289455 -0.103007  0.464748
0.0289882 -0.102998  0.464595
0.0290296  -0.10299  0.464448
0.0290695 -0.102983  0.464305
 0.029108 -0.102975  0.464167
0.0291451 -0.102968  0.464034
0.0291808 -0.102961  0.463907
 0.029215 -0.102954  0.463784
0.0292479 -0.102948  0.463667
0.0292793 -0.102942  0.463554
0.0293093 -0.102936  0.463447
0.0293379  -0.10293  0.463345
0.0293651 -0.102925  0.463248
0.0293908  -0.10292  0.463155
0.0294152 -0.102915  0.463068
0.0294382 -0.102911  0.462986
0.0294597 -0.102907  0.462909
0.0294799 -0.102903  0.462837
0.0294986 -0.102899   0.46277
0.0295159 -0.102896  0.462708
0.0295318 -0.102893  0.462651
0.0295462  -0.10289    0.4626
0.0295593 -0.102887  0.462553
0.0295709 -0.102885  0.462511
0.0295812 -0.102883  0.462475
  0.02959 -0.102881  0.462443
0.0295974  -0.10288  0.462417
0.0296033 -0.102879  0.462395
0.0296079 -0.102878  0.462379
0.0296111 -0.102877  0.462368
0.0296128 -0.102877  0.462362
0.0296132 -0.102877   0.46236
0.0296132 -0.102877   0.46236
0.0296132 -0.102877   0.46236
0.0296132 -0.102877   0.46236
0.0296132 -0.102877   0.46236
0.0296132 -0.102877   0.46236
0.0296132 -0.102877   0.46236
0.0296132 -0.102877   0.46236
0.0296132 -0.102877   0.46236
0.0296132 -0.102877   0.46236
0.0296132 -0.102877   0.46236
0.0296132 -0.102877   0.46236
0.0296132 -0.102877   0.46236
0.0296132 -0.102877   0.46236
0.0296132 -0.102877   0.46236
0.0296132 -0.102877   0.46236
0.0296132 -0.102877   0.46236
0.0296132 -0.102877   0.46236
0.0296132 -0.102877   0.46236
0.0296132 -0.102877   0.46236
0.0296132 -0.102877   0.46236
0.0296132 -0.102877   0.46236
0.0296132 -0.102877   0.46236
0.0296132 -0.102877   0.46236
0.0296132 -0.102877   0.46236
0.0296132 -0.102877   0.46236
0.0296132 -0.102877   0.46236
0.0296132 -0.102877   0.46236
0.0296132 -0.102877   0.46236
0.0296132 -0.102877   0.46236
0.0296132 -0.102877   0.46236
0.0296132 -0.102877   0.46236
0.0296132 -0.102877   0.46236
0.0296132 -0.102877   0.46236
0.0296132 -0.102877   0.46236
0.0296132 -0.102877   0.46236
0.0296132 -0.102877   0.46236
0.0296132 -0.102877   0.46236
0.0296132 -0.102877   0.46236
0.0296132 -0.102877   0.46236
0.0296132 -0.102877   0.46236
0.0296132 -0.102877   0.46236
0.0296132 -0.102877   0.46236
0.0296132 -0.102877   0.46236
0.0296132 -0.102877   0.46236
0.0296132 -0.102877   0.46236
0.0296132 -0.102877   0.46236
0.0296132 -0.102877   0.46236
0.0296132 -0.102877   0.46236
0.0296132 -0.102877   0.46236
0.0296132 -0.102877   0.46236
0.0296132 -0.102877   0.46236
0.0296132 -0.102877   0.46236
0.0296132 -0.102877   0.46236
0.0296132 -0.102877   0.46236
0.0296132 -0.102877   0.46236
0.0296132 -0.102877   0.46236
0.0296132 -0.102877   0.46236
0.0296132 -0.102877   0.46236
0.0296132 -0.102877   0.46236
0.0296132 -0.102877   0.46236
0.0296132 -0.102877   0.46236
0.0296132 -0.102877   0.46236
0.0296132 -0.102877   0.46236
0.0296132 -0.102877   0.46236
0.0296132 -0.102877   0.46236
0.0296132 -0.102877   0.46236
0.0296132 -0.102877   0.46236
0.0296132 -0.102877   0.46236
0.0296132 -0.102877   0.46236
0.0296132 -0.102877   0.46236
0.0296132 -0.102877   0.46236
0.0296132 -0.102877   0.46236
0.0296132 -0.102877   0.46236
0.0296132 -0.102877   0.46236
0.0296132 -0.102877   0.46236
0.0296132 -0.102877   0.46236
0.0296132 -0.102877   0.46236
0.0296132 -0.102877   0.46236
0.0296132 -0.102877   0.46236
0.0296132 -0.102877   0.46236
0.0296132 -0.102877   0.46236
0.0296132 -0.102877   0.46236
0.0296132 -0.102877   0.46236
0.0296132 -0.102877   0.46236
0.0296132 -0.102877   0.46236
0.0296132 -0.102877   0.46236
0.0296132 -0.102877   0.46236
0.0296132 -0.102877   0.46236
0.0296132 -0.102877   0.46236
0.0296132 -0.102877   0.46236
0.0296132 -0.102877   0.46236
0.0296132 -0.102877   0.46236
0.0296132 -0.102877   0.46236
0.0296132 -0.102877   0.46236
0.0296132 -0.102877   0.46236
0.0296132 -0.102877   0.46236
0.0296132 -0.102877   0.46236
0.0296132 -0.102877   0.46236
0.0296132 -0.102877   0.46236
0.0296132 -0.102877   0.46236
0.0296132 -0.102877   0.46236
0.0296132 -0.102877   0.46236
0.0296132 -0.102877   0.46236
0.0296132 -0.102877   0.46236
0.0296132 -0.102877   0.46236
0.0296132 -0.102877   0.46236
0.0296132 -0.102877   0.46236
0.0296132 -0.102877   0.46236
0.0296132 -0.102877   0.46236
0.0296132 -0.102877   0.46236
0.0296132 -0.102877   0.46236
0.0296132 -0.102877   0.46236
0.0296132 -0.102877   0.46236
0.0296132 -0.102877   0.46236
0.0296132 -0.102877   0.46236
0.0296132 -0.102877   0.46236
0.0296132 -0.102877   0.46236
0.0296132 -0.102877   0.46236
0.0296132 -0.102877   0.46236
0.0296132 -0.102877   0.46236
0.0296132 -0.102877   0.46236
0.0296132 -0.102877   0.46236
0.0296132 -0.102877   0.46236
0.0296132 -0.102877   0.46236
0.0296132 -0.102877   0.46236
0.0296132 -0.102877   0.46236
0.0296132 -0.102877   0.46236
0.0296132 -0.102877   0.46236
0.0296132 -0.102877   0.46236
0.0296132 -0.102877   0.46236
0.0296132 -0.102877   0.46236
0.0296132 -0.102877   0.46236
0.0296132 -0.102877   0.46236
0.0296132 -0.102877   0.46236
0.0296132 -0.102877   0.46236
0.0296132 -0.102877   0.46236
0.0296132 -0.102877   0.46236
0.0296132 -0.102877   0.46236
0.0296132 -0.102877   0.46236
0.0296132 -0.102877   0.46236
0.0296132 -0.102877   0.46236
0.0296132 -0.102877   0.46236
0.0296132 -0.102877   0.46236
0.0296132 -0.102877   0.46236
0.0296132 -0.102877   0.46236
0.0296132 -0.102877   0.46236
0.0296132 -0.102877   0.46236
0.0296132 -0.102877   0.46236
0.0296132 -0.102877   0.46236
0.0296132 -0.102877   0.46236
0.0296132 -0.102877   0.46236
0.0296132 -0.102877   0.46236
0.0296132 -0.102877   0.46236
0.0296132 -0.102877   0.46236
0.0296132 -0.102877   0.46236
0.0296132 -0.102877   0.46236
0.0296132 -0.102877   0.46236
0.0296132 -0.102877   0.46236
0.0296132 -0.102877   0.46236
0.0296132 -0.102877   0.46236
0.0296132 -0.102877   0.46236
0.0296132 -0.102877   0.46236
0.0296132 -0.102877   0.46236
0.0296132 -0.102877   0.46236
0.0296132 -0.102877   0.46236
0.0296132 -0.102877   0.46236
0.0296132 -0.102877   0.46236
0.0296132 -0.102877   0.46236
0.0296132 -0.102877   0.46236
0.0296132 -0.102877   0.46236
0.0296132 -0.102877   0.46236
0.0296132 -0.102877   0.46236
0.0296132 -0.102877   0.46236
0.0296132 -0.102877   0.46236
0.0296132 -0.102877   0.46236
0.0296132 -0.102877   0.46236
0.0296132 -0.102877   0.46236
0.0296132 -0.102877   0.46236
0.0296132 -0.102877   0.46236
0.0296132 -0.102877   0.46236
0.0296132 -0.102877   0.46236
0.0296132 -0.102877   0.46236
0.0296132 -0.102877   0.46236
0.0296132 -0.102877   0.46236
0.0296132 -0.102877   0.46236
0.0296132 -0.102877   0.46236
0.0296132 -0.102877   0.46236
0.0296132 -0.102877   0.46236
0.0296132 -0.102877   0.46236
0.0296132 -0.102877   0.46236
0.0296132 -0.102877   0.46236
0.0296132 -0.102877   0.46236
0.0296132 -0.102877   0.46236
0.0296132 -0.102877   0.46236
0.0296132 -0.102877   0.46236
0.0296132 -0.102877   0.46236
0.0296132 -0.102877   0.46236
0.0296132 -0.102877   0.46236
0.0296132 -0.102877   0.46236
0.0296132 -0.102877   0.46236
0.0296132 -0.102877   0.46236
0.0296132 -0.102877   0.46236
0.0296132 -0.102877   0.46236
0.0296132 -0.102877   0.46236
0.0296132 -0.102877   0.46236
0.0296132 -0.102877   0.46236
0.0296132 -0.102877   0.46236
0.0296132 -0.102877   0.46236
0.0296132 -0.102877   0.46236
0.0296132 -0.102877   0.46236
0.0296132 -0.102877   0.46236
0.0296132 -0.102877   0.46236
0.0296132 -0.102877   0.46236
0.0296132 -0.102877   0.46236
0.0296132 -0.102877   0.46236
0.0296132 -0.102877   0.46236
0.0296132 -0.102877   0.46236
0.0296132 -0.102877   0.46236
0.0296132 -0.102877   0.46236
0.0296132 -0.102877   0.46236
0.0296132 -0.102877   0.46236
0.0296132 -0.102877   0.46236
0.0296132 -0.102877   0.46236
0.0296132 -0.102877   0.46236
0.0296132 -0.102877   0.46236
0.0296132 -0.102877   0.46236
0.0296132 -0.102877   0.46236
0.0296132 -0.102877   0.46236
0.0296132 -0.102877   0.46236
0.0296132 -0.102877   0.46236
0.0296132 -0.102877   0.46236
0.0296132 -0.102877   0.46236
0.0296132 -0.102877   0.46236
0.0296132 -0.102877   0.46236
0.0296132 -0.102877   0.46236
0.0296132 -0.102877   0.46236
0.0296132 -0.102877   0.46236
0.0296132 -0.102877   0.46236
0.0296132 -0.102877   0.46236
0.0296132 -0.102877   0.46236
0.0296132 -0.102877   0.46236
0.0296132 -0.102877   0.46236
0.0296132 -0.102877   0.46236
0.0296132 -0.102877   0.46236
0.0296132 -0.102877   0.46236
0.0296132 -0.102877   0.46236
0.0296132 -0.102877   0.46236
0.0296132 -0.102877   0.46236
0.0296132 -0.102877   0.46236
0.0296132 -0.102877   0.46236
0.0296132 -0.102877   0.46236
0.0296132 -0.102877   0.46236
0.0296132 -0.102877   0.46236
0.0296132 -0.102877   0.46236
0.0296132 -0.102877   0.46236
0.0296132 -0.102877   0.46236
0.0296132 -0.102877   0.46236
0.0296132 -0.102877   0.46236
0.0296132 -0.102877   0.46236
0.0296132 -0.102877   0.46236
0.0296132 -0.102877   0.46236
0.0296132 -0.102877   0.46236
0.0296132 -0.102877   0.46236
0.0296132 -0.102877   0.46236
0.0296132 -0.102877   0.46236
0.0296132 -0.102877   0.46236
0.0296132 -0.102877   0.46236
0.0296132 -0.102877   0.46236
0.0296132 -0.102877   0.46236
0.0296132 -0.102877   0.46236
0.0296132 -0.102877   0.46236
0.0296132 -0.102877   0.46236
0.0296132 -0.102877   0.46236
0.0296132 -0.102877   0.46236
0.0296132 -0.102877   0.46236
0.0296132 -0.102877   0.46236
0.0296132 -0.102877   0.46236
0.0296132 -0.102877   0.46236
0.0296132 -0.102877   0.46236
0.0296132 -0.102877   0.46236
0.0296132 -0.102877   0.46236
0.0296132 -0.102877   0.46236
0.0296132 -0.102877   0.46236
0.0296132 -0.102877   0.46236
0.0296132 -0.102877   0.46236
0.0296132 -0.102877   0.46236
0.0296132 -0.102877   0.46236
0.0296132 -0.102877   0.46236
0.0296132 -0.102877   0.46236
0.0296132 -0.102877   0.46236
0.0296132 -0.102877   0.46236
0.0296132 -0.102877   0.46236
0.0296132 -0.102877   0.46236
0.0296132 -0.102877   0.46236
0.0296132 -0.102877   0.46236
0.0296132 -0.102877   0.46236
0.0296132 -0.102877   0.46236
0.0296132 -0.102877   0.46236
0.0296132 -0.102877   0.46236
0.0296132 -0.102877   0.46236
0.0296132 -0.102877   0.46236
0.0296132 -0.102877   0.46236
0.0296132 -0.102877   0.46236
0.0296132 -0.102877   0.46236
0.0296132 -0.102877   0.46236
0.0296132 -0.102877   0.46236
0.0296132 -0.102877   0.46236
0.0296132 -0.102877   0.46236
0.0296132 -0.102877   0.46236
0.0296132 -0.102877   0.46236
0.0296132 -0.102877   0.46236
0.0296132 -0.102877   0.46236
0.0296132 -0.102877   0.46236
0.0296132 -0.102877   0.46236
0.0296132 -0.102877   0.46236
0.0296132 -0.102877   0.46236
0.0296132 -0.102877   0.46236
0.0296132 -0.102877   0.46236
0.0296132 -0.102877   0.46236
0.0296132 -0.102877   0.46236
0.0296132 -0.102877   0.46236
0.0296132 -0.102877   0.46236
0.0296132 -0.102877   0.46236
0.0296132 -0.102877   0.46236
0.0296132 -0.102877   0.46236
0.0296132 -0.102877   0.46236
0.0296132 -0.102877   0.46236
0.0296132 -0.102877   0.46236
0.0296132 -0.102877   0.46236
0.0296132 -0.102877   0.46236
0.0296132 -0.102877   0.46236
0.0296132 -0.102877   0.46236
0.0296132 -0.102877   0.46236
0.0296132 -0.102877   0.46236
0.0296132 -0.102877   0.46236
0.0296132 -0.102877   0.46236
0.0296132 -0.102877   0.46236
0.0296132 -0.102877   0.46236
0.0296132 -0.102877   0.46236
0.0296132 -0.102877   0.46236
0.0296132 -0.102877   0.46236
0.0296132 -0.102877   0.46236
0.0296132 -0.102877   0.46236
0.0296132 -0.102877   0.46236
0.0296132 -0.102877   0.46236
0.0296132 -0.102877   0.46236
0.0296132 -0.102877   0.46236
0.0296132 -0.102877   0.46236
0.0296132 -0.102877   0.46236
0.0296132 -0.102877   0.46236
0.0296132 -0.102877   0.46236
0.0296132 -0.102877   0.46236
0.0296132 -0.102877   0.46236
0.0296132 -0.102877   0.46236
0.0296132 -0.102877   0.46236
0.0296132 -0.102877   0.46236
0.0296132 -0.102877   0.46236
0.0296132 -0.102877   0.46236
0.0296132 -0.102877   0.46236
0.0296132 -0.102877   0.46236
0.0296132 -0.102877   0.46236
0.0296132 -0.102877   0.46236
0.0296132 -0.102877   0.46236
0.0296132 -0.102877   0.46236
0.0296132 -0.102877   0.46236
0.0296132 -0.102877   0.46236
0.0296132 -0.102877   0.46236
0.0296132 -0.102877   0.46236
0.0296132 -0.102877   0.46236
0.0296132 -0.102877   0.46236
0.0296132 -0.102877   0.46236
0.0296132 -0.102877   0.46236
0.0296132 -0.102877   0.46236
0.0296132 -0.102877   0.46236
0.0296132 -0.102877   0.46236
0.0296132 -0.102877   0.46236
0.0296132 -0.102877   0.46236
0.0296132 -0.102877   0.46236
0.0296132 -0.102877   0.46236
0.0296132 -0.102877   0.46236
0.0296132 -0.102877   0.46236
0.0296132 -0.102877   0.46236
0.0296132 -0.102877   0.46236
0.0296132 -0.102877   0.46236
0.0296132 -0.102877   0.46236
0.0296132 -0.102877   0.46236
0.0296132 -0.102877   0.46236
0.0296132 -0.102877   0.46236
0.0296132 -0.102877   0.46236
0.0296132 -0.102877   0.46236
0.0296132 -0.102877   0.46236
0.0296132 -0.102877   0.46236
0.0296132 -0.102877   0.46236
0.0296132 -0.102877   0.46236
0.0296132 -0.102877   0.46236
0.0296132 -0.102877   0.46236
0.0296132 -0.102877   0.46236
0.0296132 -0.102877   0.46236
0.0296132 -0.102877   0.46236
0.0296132 -0.102877   0.46236
0.0296132 -0.102877   0.46236
0.0296132 -0.102877   0.46236
0.0296132 -0.102877   0.46236
0.0296132 -0.102877   0.46236
0.0296132 -0.102877   0.46236
0.0296132 -0.102877   0.46236
0.0296132 -0.102877   0.46236
0.0296132 -0.102877   0.46236
0.0296132 -0.102877   0.46236
0.0296132 -0.102877   0.46236
0.0296132 -0.102877   0.46236
0.0296132 -0.102877   0.46236
0.0296132 -0.102877   0.46236
0.0296132 -0.102877   0.46236
0.0296132 -0.102877   0.46236
0.0296132 -0.102877   0.46236
0.0296132 -0.102877   0.46236
0.0296132 -0.102877   0.46236
0.0296132 -0.102877   0.46236
0.0296132 -0.102877   0.46236
0.0296132 -0.102877   0.46236
0.0296132 -0.102877   0.46236
0.0296132 -0.102877   0.46236
0.0296132 -0.102877   0.46236
0.0296132 -0.102877   0.46236
0.0296132 -0.102877   0.46236
0.0296132 -0.102877   0.46236
0.0296132 -0.102877   0.46236
0.0296132 -0.102877   0.46236
0.0296132 -0.102877   0.46236
0.0296132 -0.102877   0.46236
0.0296132 -0.102877   0.46236
0.0296132 -0.102877   0.46236
0.0296132 -0.102877   0.46236
0.0296132 -0.102877   0.46236
0.0296132 -0.102877   0.46236
0.0296132 -0.102877   0.46236
0.0296132 -0.102877   0.46236
0.0296132 -0.102877   0.46236
0.0296132 -0.102877   0.46236
0.0296132 -0.102877   0.46236
0.0296132 -0.102877   0.46236
0.0296132 -0.102877   0.46236
0.0296132 -0.102877   0.46236
0.0296132 -0.102877   0.46236
0.0296132 -0.102877   0.46236
0.0296132 -0.102877   0.46236
0.0296132 -0.102877   0.46236
0.0296132 -0.102877   0.46236
0.0296132 -0.102877   0.46236
0.0296132 -0.102877   0.46236
0.0296132 -0.102877   0.46236
0.0296132 -0.102877   0.46236
0.0296132 -0.102877   0.46236
0.0296132 -0.102877   0.46236
0.0296132 -0.102877   0.46236
0.0296132 -0.102877   0.46236
