 0.269468 -0.328139  0.602774
 0.268612 -0.326627  0.605967
 0.268614 -0.326625  0.605965
 0.268621 -0.326618  0.605957
 0.268632 -0.326606  0.605945
0.268647 -0.32659 0.605927
 0.268667 -0.326569  0.605904
 0.268691 -0.326544  0.605876
 0.268719 -0.326514  0.605843
 0.268752 -0.326479  0.605806
0.268789 -0.32644 0.605763
  0.26883 -0.326396  0.605714
 0.268876 -0.326348  0.605661
 0.268926 -0.326295  0.605603
 0.268981 -0.326237   0.60554
  0.26904 -0.326175  0.605472
 0.269103 -0.326108  0.605398
  0.26917 -0.326037   0.60532
0.269242 -0.32596 0.605236
0.269319 -0.32588 0.605148
   0.2694 -0.325794  0.605054
 0.269485 -0.325704  0.604956
0.269574 -0.32561 0.604852
 0.269668 -0.325511  0.604743
 0.269766 -0.325407  0.604629
 0.269869 -0.325298   0.60451
 0.269976 -0.325185  0.604386
 0.270087 -0.325068  0.604257
 0.270202 -0.324945  0.604123
 0.270322 -0.324818  0.603984
 0.270447 -0.324687   0.60384
 0.270575 -0.324551  0.603691
0.270709 -0.32441 0.603536
 0.270846 -0.324265  0.603377
 0.270988 -0.324115  0.603212
0.271134 -0.32396 0.603043
 0.271285 -0.323801  0.602868
  0.27144 -0.323637  0.602688
 0.271599 -0.323468  0.602504
 0.271763 -0.323295  0.602314
 0.271931 -0.323118  0.602119
 0.272103 -0.322936  0.601919
  0.27228 -0.322749  0.601714
 0.272461 -0.322557  0.601504
 0.272647 -0.322361  0.601289
0.272837 -0.32216 0.601069
 0.273031 -0.321955  0.600844
 0.273229 -0.321745  0.600614
 0.273432 -0.321531  0.600378
 0.273639 -0.321311  0.600138
 0.273851 -0.321088  0.599893
0.274067 -0.32086 0.599643
 0.274287 -0.320627  0.599387
 0.274512 -0.320389  0.599127
 0.274741 -0.320147  0.598861
0.274974  -0.3199 0.598591
 0.275212 -0.319649  0.598315
 0.275454 -0.319393  0.598034
 0.275701 -0.319132  0.597748
 0.275952 -0.318866  0.597457
 0.276206 -0.318597  0.597162
 0.276466 -0.318323   0.59686
  0.27673 -0.318044  0.596554
0.276998 -0.31776 0.596243
 0.277271 -0.317472  0.595927
 0.277548 -0.317179  0.595606
 0.277829 -0.316881   0.59528
 0.278115 -0.316579  0.594948
 0.278406 -0.316272  0.594611
   0.2787 -0.315961   0.59427
 0.278999 -0.315645  0.593924
 0.279302 -0.315324  0.593572
 0.279609 -0.314999  0.593216
 0.279921 -0.314669  0.592854
 0.280238 -0.314335  0.592487
 0.280558 -0.313996  0.592115
 0.280883 -0.313652  0.591738
 0.281213 -0.313304  0.591356
 0.281547 -0.312951  0.590969
 0.281885 -0.312593  0.590577
 0.282228 -0.312231  0.590179
 0.282575 -0.311864  0.589777
 0.282926 -0.311493   0.58937
 0.283282 -0.311116  0.588958
 0.283641 -0.310736   0.58854
 0.284006 -0.310351  0.588118
 0.284374 -0.309961  0.587691
 0.284747 -0.309567  0.587258
 0.285125 -0.309168  0.586821
 0.285507 -0.308764  0.586378
 0.285893 -0.308355  0.585929
 0.286284 -0.307942  0.585477
 0.286678 -0.307525  0.585019
 0.287077 -0.307103  0.584556
 0.287481 -0.306676  0.584088
 0.287889 -0.306245  0.583615
 0.288302 -0.305809  0.583137
 0.288719 -0.305368  0.582653
  0.28914 -0.304922  0.582165
 0.289566 -0.304472  0.581671
 0.289996 -0.304017  0.581172
  0.29043 -0.303558  0.580669
0.290864  -0.3031 0.580166
 0.291297 -0.302641  0.579663
 0.291731 -0.302183   0.57916
 0.292165 -0.301724  0.578657
 0.292599 -0.301265  0.578154
 0.293032 -0.300807  0.577651
 0.293467 -0.300348  0.577148
 0.293901 -0.299889  0.576644
0.294334 -0.29943 0.576142
 0.294768 -0.298972  0.575639
 0.295202 -0.298513  0.575135
 0.295636 -0.298054  0.574633
  0.29607 -0.297595  0.574129
 0.296504 -0.297136  0.573626
 0.296938 -0.296677  0.573123
 0.297372 -0.296218   0.57262
0.297806 -0.29576 0.572116
 0.298239 -0.295301  0.571614
 0.298673 -0.294842   0.57111
 0.299107 -0.294384  0.570607
 0.299541 -0.293925  0.570104
 0.299975 -0.293466  0.569601
 0.300409 -0.293007  0.569098
 0.300843 -0.292549  0.568595
0.301277 -0.29209 0.568091
  0.30171 -0.291631  0.567589
 0.302145 -0.291172  0.567085
 0.302579 -0.290713  0.566582
 0.303012 -0.290255  0.566079
 0.303446 -0.289796  0.565577
  0.30388 -0.289337  0.565073
 0.304314 -0.288879   0.56457
0.304747 -0.28842 0.564068
 0.305181 -0.287961  0.563564
 0.305615 -0.287502  0.563061
  0.30605 -0.287043  0.562557
 0.306484 -0.286584  0.562054
 0.306917 -0.286126  0.561551
 0.307351 -0.285667  0.561049
 0.307784 -0.285209  0.560546
0.308219 -0.28475 0.560042
 0.308652 -0.284291   0.55954
 0.309086 -0.283833  0.559037
  0.30952 -0.283374  0.558533
 0.309954 -0.282915   0.55803
 0.310388 -0.282456  0.557527
 0.310821 -0.281998  0.557024
 0.311256 -0.281539  0.556521
0.311689 -0.28108 0.556018
 0.312123 -0.280622  0.555515
 0.312556 -0.280163  0.555012
  0.31299 -0.279705   0.55451
 0.313424 -0.279246  0.554007
 0.313857 -0.278788  0.553504
 0.314291 -0.278329  0.553001
0.314726 -0.27787 0.552497
 0.315159 -0.277411  0.551994
 0.315593 -0.276953  0.551491
 0.316027 -0.276494  0.550989
  0.31646 -0.276036  0.550486
 0.316894 -0.275577  0.549983
 0.317327 -0.275119   0.54948
 0.317761 -0.274661  0.548978
 0.318195 -0.274202  0.548475
 0.318629 -0.273743  0.547971
 0.319062 -0.273285  0.547469
 0.319496 -0.272826  0.546965
  0.31993 -0.272367  0.546463
 0.320364 -0.271908  0.545959
 0.320798 -0.271449  0.545456
0.321233 -0.27099 0.544952
 0.321667 -0.270531  0.544449
   0.3221 -0.270072  0.543946
 0.322534 -0.269613  0.543443
 0.322968 -0.269155   0.54294
 0.323402 -0.268696  0.542437
 0.323836 -0.268237  0.541934
  0.32427 -0.267779   0.54143
0.324703 -0.26732 0.540928
 0.325137 -0.266862  0.540425
 0.325571 -0.266402  0.539921
 0.326006 -0.265943  0.539418
  0.32644 -0.265484  0.538914
 0.326874 -0.265025  0.538411
 0.327308 -0.264566  0.537907
 0.327742 -0.264108  0.537405
 0.328175 -0.263649  0.536902
 0.328609 -0.263191  0.536399
 0.329043 -0.262732  0.535896
 0.329477 -0.262273  0.535393
 0.329911 -0.261814  0.534889
 0.330345 -0.261355  0.534386
 0.330779 -0.260896  0.533883
 0.331213 -0.260437  0.533379
 0.331647 -0.259978  0.532876
0.332081 -0.25952 0.532373
 0.332515 -0.259061   0.53187
 0.332949 -0.258602  0.531367
 0.333383 -0.258143  0.530863
 0.333817 -0.257684   0.53036
 0.334251 -0.257225  0.529857
 0.334685 -0.256767  0.529354
 0.335118 -0.256308  0.528851
0.335552 -0.25585 0.528349
 0.335986 -0.255391  0.527845
  0.33642 -0.254932  0.527342
 0.336854 -0.254473  0.526839
 0.337288 -0.254015  0.526336
 0.337721 -0.253556  0.525833
 0.338155 -0.253098   0.52533
0.338588 -0.25264 0.524828
 0.339018 -0.252184  0.524329
 0.339444 -0.251734  0.523835
 0.339866 -0.251289  0.523347
 0.340283 -0.250847  0.522863
 0.340696 -0.250411  0.522384
 0.341104 -0.249979   0.52191
 0.341509 -0.249552  0.521441
 0.341908 -0.249129  0.520978
 0.342303 -0.248712   0.52052
 0.342694 -0.248299  0.520067
 0.34308 -0.24789 0.519619
 0.343462 -0.247486  0.519176
  0.34384 -0.247087  0.518738
 0.344213 -0.246692  0.518306
 0.344582 -0.246302  0.517878
 0.344946 -0.245917  0.517455
 0.345306 -0.245536  0.517038
0.345662 -0.24516 0.516625
 0.346014 -0.244788  0.516217
0.346362 -0.24442 0.515814
 0.346704 -0.244058  0.515417
0.347043  -0.2437 0.515024
 0.347377 -0.243347  0.514637
 0.347707 -0.242998  0.514255
 0.348032 -0.242654  0.513877
 0.348353 -0.242314  0.513505
  0.34867 -0.241979  0.513137
 0.348983 -0.241649  0.512775
 0.349291 -0.241323  0.512418
 0.349594 -0.241002  0.512066
 0.349894 -0.240686  0.511718
 0.350189 -0.240374  0.511377
 0.350479 -0.240067   0.51104
 0.350765 -0.239765  0.510709
 0.351046 -0.239467  0.510382
 0.351324 -0.239174  0.510061
 0.351596 -0.238885  0.509744
 0.351865 -0.238601  0.509433
 0.352129 -0.238322  0.509126
 0.352389 -0.238047  0.508825
 0.352644 -0.237777  0.508529
 0.352896 -0.237512  0.508238
 0.353142 -0.237251  0.507952
 0.353385 -0.236995  0.507671
 0.353623 -0.236743  0.507395
 0.353856 -0.236496  0.507124
 0.354086 -0.236254  0.506858
 0.354311 -0.236016  0.506597
 0.354531 -0.235782  0.506341
 0.354747 -0.235554  0.506091
0.354959 -0.23533 0.505845
0.355167 -0.23511 0.505604
  0.35537 -0.234896  0.505369
 0.355568 -0.234686  0.505139
0.355763 -0.23448 0.504913
 0.355953 -0.234279  0.504693
 0.356139 -0.234083  0.504477
  0.35632 -0.233891  0.504267
 0.356497 -0.233704  0.504062
 0.356669 -0.233522  0.503862
 0.356838 -0.233344  0.503667
0.357002 -0.23317 0.503477
 0.357161 -0.233002  0.503292
 0.357316 -0.232838  0.503112
 0.357467 -0.232678  0.502937
 0.357613 -0.232524  0.502768
 0.357755 -0.232374  0.502603
 0.357893 -0.232228  0.502443
 0.358026 -0.232087  0.502289
0.358156 -0.23195 0.502139
  0.35828 -0.231818  0.501994
 0.358401 -0.231691  0.501854
 0.358517 -0.231568   0.50172
0.358628 -0.23145 0.501591
 0.358735 -0.231337  0.501466
 0.358838 -0.231228  0.501347
 0.358937 -0.231124  0.501233
 0.359031 -0.231025  0.501124
0.359121 -0.23093 0.501019
 0.359206 -0.230839   0.50092
 0.359287 -0.230754  0.500827
 0.359364 -0.230673  0.500738
 0.359436 -0.230596  0.500654
 0.359504 -0.230524  0.500575
 0.359568 -0.230457  0.500501
 0.359627 -0.230395  0.500433
 0.359682 -0.230336  0.500369
 0.359732 -0.230283   0.50031
 0.359778 -0.230234  0.500257
 0.35982 -0.23019 0.500208
 0.359858 -0.230151  0.500165
 0.359891 -0.230116  0.500127
 0.359919 -0.230085  0.500093
 0.359944 -0.230059  0.500065
 0.359964 -0.230038  0.500042
 0.359979 -0.230022  0.500024
0.359991 -0.23001 0.500011
 0.359997 -0.230003  0.500003
 0.36 -0.23   0.5
 0.36 -0.23   0.5
 0.36 -0.23   0.5
 0.36 -0.23   0.5
 0.36 -0.23   0.5
 0.36 -0.23   0.5
 0.36 -0.23   0.5
 0.36 -0.23   0.5
 0.36 -0.23   0.5
 0.36 -0.23   0.5
 0.36 -0.23   0.5
 0.36 -0.23   0.5
 0.36 -0.23   0.5
 0.36 -0.23   0.5
 0.36 -0.23   0.5
 0.36 -0.23   0.5
 0.36 -0.23   0.5
 0.36 -0.23   0.5
 0.36 -0.23   0.5
 0.36 -0.23   0.5
 0.36 -0.23   0.5
 0.36 -0.23   0.5
 0.36 -0.23   0.5
 0.36 -0.23   0.5
 0.36 -0.23   0.5
 0.36 -0.23   0.5
 0.36 -0.23   0.5
 0.36 -0.23   0.5
 0.36 -0.23   0.5
 0.36 -0.23   0.5
 0.36 -0.23   0.5
 0.36 -0.23   0.5
 0.36 -0.23   0.5
 0.36 -0.23   0.5
 0.36 -0.23   0.5
 0.36 -0.23   0.5
 0.36 -0.23   0.5
 0.36 -0.23   0.5
 0.36 -0.23   0.5
 0.36 -0.23   0.5
 0.36 -0.23   0.5
 0.36 -0.23   0.5
 0.36 -0.23   0.5
 0.36 -0.23   0.5
 0.36 -0.23   0.5
 0.36 -0.23   0.5
 0.36 -0.23   0.5
 0.36 -0.23   0.5
 0.36 -0.23   0.5
 0.36 -0.23   0.5
 0.36 -0.23   0.5
 0.36 -0.23   0.5
 0.36 -0.23   0.5
 0.36 -0.23   0.5
 0.36 -0.23   0.5
 0.36 -0.23   0.5
 0.36 -0.23   0.5
 0.36 -0.23   0.5
 0.36 -0.23   0.5
 0.36 -0.23   0.5
 0.36 -0.23   0.5
 0.36 -0.23   0.5
 0.36 -0.23   0.5
 0.36 -0.23   0.5
 0.36 -0.23   0.5
 0.36 -0.23   0.5
 0.36 -0.23   0.5
 0.36 -0.23   0.5
 0.36 -0.23   0.5
 0.36 -0.23   0.5
 0.36 -0.23   0.5
 0.36 -0.23   0.5
 0.36 -0.23   0.5
 0.36 -0.23   0.5
 0.36 -0.23   0.5
 0.36 -0.23   0.5
 0.36 -0.23   0.5
 0.36 -0.23   0.5
 0.36 -0.23   0.5
 0.36 -0.23   0.5
 0.36 -0.23   0.5
 0.36 -0.23   0.5
 0.36 -0.23   0.5
 0.36 -0.23   0.5
 0.36 -0.23   0.5
 0.36 -0.23   0.5
 0.36 -0.23   0.5
 0.36 -0.23   0.5
 0.36 -0.23   0.5
 0.36 -0.23   0.5
 0.36 -0.23   0.5
 0.36 -0.23   0.5
 0.36 -0.23   0.5
 0.36 -0.23   0.5
 0.36 -0.23   0.5
 0.36 -0.23   0.5
 0.36 -0.23   0.5
 0.36 -0.23   0.5
 0.36 -0.23   0.5
 0.36 -0.23   0.5
 0.36 -0.23   0.5
 0.36 -0.23   0.5
 0.36 -0.23   0.5
 0.36 -0.23   0.5
 0.36 -0.23   0.5
 0.36 -0.23   0.5
 0.36 -0.23   0.5
 0.36 -0.23   0.5
 0.36 -0.23   0.5
 0.36 -0.23   0.5
 0.36 -0.23   0.5
 0.36 -0.23   0.5
 0.36 -0.23   0.5
 0.36 -0.23   0.5
 0.36 -0.23   0.5
 0.36 -0.23   0.5
 0.36 -0.23   0.5
 0.36 -0.23   0.5
 0.36 -0.23   0.5
 0.36 -0.23   0.5
 0.36 -0.23   0.5
 0.36 -0.23   0.5
 0.36 -0.23   0.5
 0.36 -0.23   0.5
 0.36 -0.23   0.5
 0.36 -0.23   0.5
 0.36 -0.23   0.5
 0.36 -0.23   0.5
 0.36 -0.23   0.5
 0.36 -0.23   0.5
 0.36 -0.23   0.5
 0.36 -0.23   0.5
 0.36 -0.23   0.5
 0.36 -0.23   0.5
 0.36 -0.23   0.5
 0.36 -0.23   0.5
 0.36 -0.23   0.5
 0.36 -0.23   0.5
 0.36 -0.23   0.5
 0.36 -0.23   0.5
 0.36 -0.23   0.5
 0.36 -0.23   0.5
 0.36 -0.23   0.5
 0.36 -0.23   0.5
 0.36 -0.23   0.5
 0.36 -0.23   0.5
 0.36 -0.23   0.5
 0.36 -0.23   0.5
 0.36 -0.23   0.5
 0.36 -0.23   0.5
 0.36 -0.23   0.5
 0.36 -0.23   0.5
 0.36 -0.23   0.5
 0.36 -0.23   0.5
 0.36 -0.23   0.5
 0.36 -0.23   0.5
 0.36 -0.23   0.5
 0.36 -0.23   0.5
 0.36 -0.23   0.5
 0.36 -0.23   0.5
 0.36 -0.23   0.5
 0.36 -0.23   0.5
 0.36 -0.23   0.5
 0.36 -0.23   0.5
 0.36 -0.23   0.5
 0.36 -0.23   0.5
 0.36 -0.23   0.5
 0.36 -0.23   0.5
 0.36 -0.23   0.5
 0.36 -0.23   0.5
 0.36 -0.23   0.5
 0.36 -0.23   0.5
 0.36 -0.23   0.5
 0.36 -0.23   0.5
 0.36 -0.23   0.5
 0.36 -0.23   0.5
 0.36 -0.23   0.5
 0.36 -0.23   0.5
 0.36 -0.23   0.5
 0.36 -0.23   0.5
 0.36 -0.23   0.5
 0.36 -0.23   0.5
 0.36 -0.23   0.5
 0.36 -0.23   0.5
 0.36 -0.23   0.5
 0.36 -0.23   0.5
 0.36 -0.23   0.5
 0.36 -0.23   0.5
 0.36 -0.23   0.5
 0.36 -0.23   0.5
 0.36 -0.23   0.5
 0.36 -0.23   0.5
 0.36 -0.23   0.5
 0.36 -0.23   0.5
 0.36 -0.23   0.5
 0.36 -0.23   0.5
 0.36 -0.23   0.5
 0.36 -0.23   0.5
 0.36 -0.23   0.5
 0.36 -0.23   0.5
 0.36 -0.23   0.5
 0.36 -0.23   0.5
 0.36 -0.23   0.5
 0.36 -0.23   0.5
 0.36 -0.23   0.5
 0.36 -0.23   0.5
 0.36 -0.23   0.5
 0.36 -0.23   0.5
 0.36 -0.23   0.5
 0.36 -0.23   0.5
 0.36 -0.23   0.5
 0.36 -0.23   0.5
 0.36 -0.23   0.5
 0.36 -0.23   0.5
 0.36 -0.23   0.5
 0.36 -0.23   0.5
 0.36 -0.23   0.5
 0.36 -0.23   0.5
 0.36 -0.23   0.5
 0.36 -0.23   0.5
 0.36 -0.23   0.5
 0.36 -0.23   0.5
 0.36 -0.23   0.5
 0.36 -0.23   0.5
 0.36 -0.23   0.5
 0.36 -0.23   0.5
 0.36 -0.23   0.5
 0.36 -0.23   0.5
 0.36 -0.23   0.5
 0.36 -0.23   0.5
 0.36 -0.23   0.5
 0.36 -0.23   0.5
 0.36 -0.23   0.5
 0.36 -0.23   0.5
 0.36 -0.23   0.5
 0.36 -0.23   0.5
 0.36 -0.23   0.5
 0.36 -0.23   0.5
 0.36 -0.23   0.5
 0.36 -0.23   0.5
 0.36 -0.23   0.5
 0.36 -0.23   0.5
 0.36 -0.23   0.5
 0.36 -0.23   0.5
 0.36 -0.23   0.5
 0.36 -0.23   0.5
 0.36 -0.23   0.5
 0.36 -0.23   0.5
 0.36 -0.23   0.5
 0.36 -0.23   0.5
 0.36 -0.23   0.5
 0.36 -0.23   0.5
 0.36 -0.23   0.5
 0.36 -0.23   0.5
 0.36 -0.23   0.5
 0.36 -0.23   0.5
 0.36 -0.23   0.5
 0.36 -0.23   0.5
 0.36 -0.23   0.5
 0.36 -0.23   0.5
 0.36 -0.23   0.5
 0.36 -0.23   0.5
 0.36 -0.23   0.5
 0.36 -0.23   0.5
 0.36 -0.23   0.5
 0.36 -0.23   0.5
 0.36 -0.23   0.5
 0.36 -0.23   0.5
 0.36 -0.23   0.5
 0.36 -0.23   0.5
 0.36 -0.23   0.5
 0.36 -0.23   0.5
 0.36 -0.23   0.5
 0.36 -0.23   0.5
 0.36 -0.23   0.5
 0.36 -0.23   0.5
 0.36 -0.23   0.5
 0.36 -0.23   0.5
 0.36 -0.23   0.5
 0.36 -0.23   0.5
 0.36 -0.23   0.5
 0.36 -0.23   0.5
 0.36 -0.23   0.5
 0.36 -0.23   0.5
 0.36 -0.23   0.5
 0.36 -0.23   0.5
 0.36 -0.23   0.5
 0.36 -0.23   0.5
 0.36 -0.23   0.5
 0.36 -0.23   0.5
 0.36 -0.23   0.5
 0.36 -0.23   0.5
 0.36 -0.23   0.5
 0.36 -0.23   0.5
 0.36 -0.23   0.5
 0.36 -0.23   0.5
 0.36 -0.23   0.5
 0.36 -0.23   0.5
 0.36 -0.23   0.5
 0.36 -0.23   0.5
 0.36 -0.23   0.5
 0.36 -0.23   0.5
 0.36 -0.23   0.5
 0.36 -0.23   0.5
 0.36 -0.23   0.5
 0.36 -0.23   0.5
 0.36 -0.23   0.5
 0.36 -0.23   0.5
 0.36 -0.23   0.5
 0.36 -0.23   0.5
 0.36 -0.23   0.5
 0.36 -0.23   0.5
 0.36 -0.23   0.5
 0.36 -0.23   0.5
 0.36 -0.23   0.5
 0.36 -0.23   0.5
 0.36 -0.23   0.5
 0.36 -0.23   0.5
 0.36 -0.23   0.5
 0.36 -0.23   0.5
 0.36 -0.23   0.5
 0.36 -0.23   0.5
 0.36 -0.23   0.5
 0.36 -0.23   0.5
 0.36 -0.23   0.5
 0.36 -0.23   0.5
 0.36 -0.23   0.5
 0.36 -0.23   0.5
 0.36 -0.23   0.5
 0.36 -0.23   0.5
 0.36 -0.23   0.5
 0.36 -0.23   0.5
 0.36 -0.23   0.5
 0.36 -0.23   0.5
 0.36 -0.23   0.5
 0.36 -0.23   0.5
 0.36 -0.23   0.5
 0.36 -0.23   0.5
