7.15256e-06
0.00898409
0.0190392
0.0290961
0.0391521
0.0492082
0.0592632
0.0693481
0.0794041
0.0894592
0.0995162
0.109583
0.119649
0.129704
0.139759
0.149814
0.15988
0.169947
0.180015
0.190083
0.20014
0.210199
0.220258
0.230315
0.240381
0.250437
0.260493
0.270549
0.280604
0.290661
0.300717
0.310783
0.320839
0.330896
0.340963
0.351027
0.361094
0.37115
0.381217
0.391283
0.401342
0.411401
0.421458
0.431517
0.441576
0.451642
0.461707
0.471762
0.481818
0.491873
0.501941
0.511996
0.52205
0.532104
0.54217
0.552238
0.562306
0.572364
0.582408
0.592464
0.602518
0.612586
0.622642
0.632696
0.642751
0.652806
0.662873
0.672919
0.682974
0.69303
0.703097
0.713154
0.72321
0.733268
0.743324
0.753379
0.763446
0.773501
0.783569
0.793626
0.803694
0.81375
0.823816
0.833881
0.843937
0.854002
0.864058
0.874125
0.884192
0.894249
0.904308
0.914376
0.924443
0.934509
0.944576
0.954645
0.964713
0.974781
0.984847
0.994914
1.00497
1.01503
1.02509
1.03515
1.0452
1.05526
1.06532
1.07538
1.08544
1.09549
1.10555
1.11561
1.12567
1.13572
1.14578
1.15584
1.16589
1.17595
1.18601
1.19606
1.20612
1.21618
1.22623
1.23629
1.24635
1.25641
1.26646
1.27652
1.28658
1.29664
1.30669
1.31675
1.3268
1.33686
1.34692
1.35697
1.36703
1.37708
1.38714
1.39721
1.40726
1.41732
1.42738
1.43743
1.44749
1.45755
1.4676
1.47766
1.48772
1.49778
1.50785
1.5179
1.52796
1.53802
1.54807
1.55813
1.56819
1.57825
1.58832
1.59838
1.60844
1.6185
1.62856
1.63862
1.64868
1.65873
1.66879
1.67885
1.6889
1.69896
1.70902
1.71908
1.72914
1.73921
1.74926
1.75932
1.76937
1.77945
1.78951
1.79956
1.80962
1.81968
1.82973
1.8398
1.84986
1.85991
1.86998
1.88004
1.89009
1.90015
1.91021
1.92026
1.93032
1.94037
1.95043
1.96048
1.97054
1.9806
1.99066
2.00075
2.01081
2.02087
2.03093
2.04098
2.05104
2.06109
2.07115
2.08121
2.09128
2.10134
2.1114
2.12147
2.13153
2.14159
2.15165
2.16171
2.17178
2.18184
2.1919
2.20196
2.21202
2.22208
2.23214
2.24221
2.25228
2.26234
2.27239
2.28246
2.29255
2.30262
2.31264
2.3227
2.33276
2.34282
2.35287
2.36293
2.37299
2.38305
2.39311
2.40316
2.41322
2.42328
2.43333
2.44339
2.45345
2.4635
2.47356
2.48362
2.49367
2.50373
2.51378
2.52384
2.5339
2.54395
2.55401
2.56407
2.57413
2.58419
2.59425
2.6043
2.61434
2.6244
2.63445
2.64451
2.65457
2.66463
2.67469
2.68475
2.69481
2.70487
2.71493
2.72499
2.73505
2.74511
2.75515
2.7652
2.77526
2.78532
2.79538
2.80545
2.81551
2.82558
2.83563
2.84564
2.8557
2.86575
2.87582
2.88587
2.89594
2.90599
2.91605
2.92611
2.93616
2.94621
2.95627
2.96632
2.97638
2.98645
2.99651
3.00658
3.01664
3.0267
3.03675
3.04681
3.05686
3.06692
3.07698
3.08704
3.09709
3.10715
3.11721
3.12727
3.13732
3.14738
3.15743
3.16749
3.17755
3.1876
3.19766
3.20772
3.21777
3.22783
3.23789
3.24795
3.258
3.26806
3.27812
3.28818
3.29828
3.30831
3.31837
3.32843
3.33849
3.34854
3.3586
3.36866
3.37872
3.38878
3.39884
3.4089
3.41897
3.42902
3.43908
3.44913
3.45919
3.46924
3.4793
3.48935
3.49941
3.50947
3.51952
3.52958
3.53963
3.54969
3.55977
3.56983
3.5799
3.58996
3.60002
3.61008
3.62014
3.63019
3.64025
3.65031
3.66037
3.67043
3.68048
3.69055
3.7006
3.71068
3.7208
3.73086
3.74092
3.75098
3.76103
3.77109
3.78115
3.7912
3.80126
3.81132
3.82138
3.83143
3.84149
3.85155
3.86161
3.87166
3.88172
3.89178
3.90183
3.91189
3.92196
3.93202
3.94209
3.95216
3.96222
3.97229
3.98236
3.99242
4.00247
4.01253
4.02258
4.03264
4.0427
4.05275
4.06281
4.07287
4.08292
4.09298
4.10303
4.11305
4.12312
4.13318
4.14323
4.1533
4.16336
4.17341
4.18347
4.19352
4.20358
4.21364
4.22369
4.23375
4.2438
4.25386
4.26392
4.27397
4.28403
4.29409
4.30414
4.3142
4.32426
4.33432
4.34438
4.35444
4.3645
4.37456
4.38462
4.39468
4.40474
4.4148
4.42485
4.43491
4.44497
4.45502
4.46508
4.47514
4.4852
4.49526
4.50532
4.51537
4.52543
4.53544
4.5455
4.55555
4.56561
4.57567
4.58572
4.59578
4.60582
4.61588
4.62593
4.63599
4.64605
4.6561
4.66617
4.67622
4.68628
4.69633
4.70639
4.71644
4.7265
4.73655
4.74661
4.75667
4.76672
4.77678
4.78684
4.79689
4.80695
4.81701
4.82707
4.83712
4.84718
4.85724
4.8673
4.87735
4.88741
4.89746
4.90752
4.91757
4.92763
4.93769
4.94775
4.9578
4.96786
4.97792
4.98798
4.99803
5.00809
5.01814
5.0282
5.03826
5.04831
5.05837
5.06843
5.0785
5.08855
5.09861
5.10866
5.11872
5.12878
5.13883
5.14889
5.15898
5.16904
5.1791
5.18915
5.19921
5.20926
5.21927
5.22933
5.23938
5.24944
5.2595
5.26955
5.27959
5.28964
5.2997
5.30977
5.31985
5.32991
5.33996
5.35002
5.36008
5.37013
5.38019
5.39025
5.4003
5.41037
5.42042
5.43048
5.44054
5.45059
5.46065
5.47071
5.48076
5.49083
5.50089
5.51095
5.52105
5.53109
5.54112
5.55118
5.56124
5.57129
5.58135
5.59141
5.60147
5.61152
5.62158
5.63164
5.6417
5.65176
5.66181
5.67187
5.68193
5.69198
5.70204
5.71211
5.72217
5.73222
5.74228
5.75234
5.76239
5.77245
5.78251
5.79257
5.80263
5.81269
5.82274
5.83279
5.84285
5.8529
5.86296
5.87301
5.88306
5.89312
5.90317
5.91323
5.92329
5.93334
5.9434
5.95345
5.96351
5.97358
5.98364
5.9937
6.00375
6.01382
6.02388
6.03393
6.04399
6.05406
6.06412
6.07417
6.08423
6.09429
6.10434
6.1144
6.12447
6.13452
6.14458
6.15464
6.16469
6.17474
6.18476
6.19482
6.20487
6.21493
6.22498
6.23504
6.2451
6.25515
6.26521
6.27526
6.28532
6.29539
6.30544
6.3155
6.32556
6.33562
6.34569
6.35575
6.36582
6.37587
6.38595
6.39602
6.40607
6.41613
6.42619
6.4363
6.44637
6.45639
6.46645
6.47651
6.48657
6.49658
6.50664
6.5167
