0.0167931 -0.105414  0.508461
0.0167936 -0.105416  0.508461
0.0167913 -0.105418  0.508461
0.0167865 -0.105417  0.508461
0.0167865 -0.105417  0.508461
0.0167712 -0.105417  0.508459
0.0167616 -0.105417  0.508458
0.0167616 -0.105417  0.508458
0.0167512 -0.105415  0.508457
0.0167282 -0.105413  0.508454
0.0167169 -0.105412  0.508452
0.0167066 -0.105407  0.508451
0.0166948 -0.105405  0.508449
0.0166853 -0.105402  0.508447
0.0166754 -0.105397  0.508445
0.0166663 -0.105394  0.508443
 0.016657 -0.105389  0.508441
0.0166496 -0.105384  0.508438
0.0166427 -0.105376  0.508437
0.0166379 -0.105368  0.508434
0.0166318  -0.10536  0.508432
0.0166282 -0.105348   0.50843
0.0166241 -0.105336  0.508428
0.0166217 -0.105322  0.508426
 0.016619 -0.105305  0.508423
0.0166158 -0.105287  0.508421
0.0166158 -0.105287  0.508421
0.0166127 -0.105243  0.508416
0.0166108 -0.105219  0.508413
 0.016608 -0.105192   0.50841
0.0166068 -0.105162  0.508407
0.0166046 -0.105127  0.508404
0.0166018 -0.105092    0.5084
0.0165987 -0.105053  0.508396
 0.016595 -0.105011  0.508391
0.0165907 -0.104965  0.508386
0.0165857 -0.104916  0.508381
0.0165801 -0.104864  0.508375
0.0165728 -0.104807  0.508369
0.0165664 -0.104751  0.508362
0.0165583 -0.104688  0.508355
0.0165495 -0.104624  0.508348
0.0165397 -0.104554  0.508339
0.0165291 -0.104483   0.50833
0.0165203 -0.104406   0.50832
0.0165054 -0.104327  0.508311
0.0164922 -0.104243    0.5083
0.0164736 -0.104146  0.508287
0.0164587 -0.104055  0.508275
 0.016443 -0.103961  0.508262
0.0164266 -0.103863  0.508248
0.0164094 -0.103762  0.508234
0.0163917 -0.103656  0.508219
0.0163733 -0.103546  0.508203
0.0163543 -0.103434  0.508186
0.0163348 -0.103317  0.508169
0.0163147 -0.103198  0.508151
0.0162942 -0.103074  0.508132
0.0162731 -0.102947  0.508111
0.0162515 -0.102814  0.508091
0.0162294 -0.102678  0.508069
0.0162069  -0.10254  0.508046
0.0161839 -0.102396  0.508023
0.0161627 -0.102251  0.507997
0.0161389 -0.102101  0.507971
0.0161146 -0.101945  0.507945
0.0160873 -0.101783  0.507917
0.0160619 -0.101618  0.507889
0.016036 -0.10145 0.507859
0.0160097 -0.101279  0.507827
0.0159829 -0.101103  0.507795
0.0159556 -0.100923  0.507762
0.0159279 -0.100742  0.507727
0.0158941 -0.100543  0.507689
 0.015877 -0.100404  0.507662
0.0158482 -0.100214  0.507623
0.0158191  -0.10002  0.507584
 0.0157896 -0.0998229   0.507544
0.0157598 -0.099625  0.507502
 0.0157295 -0.0994233   0.507459
  0.015699 -0.0992192   0.507415
 0.0156681 -0.0990149   0.507369
 0.0156481 -0.0988367   0.507328
 0.0156168 -0.0986277    0.50728
 0.0155853 -0.0984178   0.507231
 0.0155535 -0.0982066   0.507181
 0.0155215 -0.0979965   0.507129
0.0154774 -0.097754  0.507071
 0.0154448 -0.0975431   0.507017
 0.0154121 -0.0973303   0.506962
 0.0153792 -0.0971179   0.506906
 0.0153463 -0.0969082   0.506849
 0.0153134 -0.0966975   0.506792
 0.0152806 -0.0964881   0.506733
 0.0152478 -0.0962804   0.506674
 0.0152152 -0.0960741   0.506613
 0.0151827 -0.0958711   0.506552
0.0151503 -0.095668   0.50649
 0.0151181 -0.0954676   0.506428
 0.0150861 -0.0952691   0.506365
0.0150544 -0.095075    0.5063
  0.015023 -0.0948811   0.506236
 0.0149919 -0.0946898   0.506171
  0.014961 -0.0945013   0.506105
 0.0149303 -0.0943146   0.506039
    0.0149 -0.0941308   0.505972
0.0148697 -0.093952  0.505905
 0.0148402 -0.0937727   0.505837
 0.0148106 -0.0935976   0.505769
 0.0147816 -0.0934242   0.505701
 0.0147528 -0.0932532   0.505632
 0.0147245 -0.0930855   0.505563
 0.0146965 -0.0929222   0.505493
 0.0146686 -0.0927605   0.505423
 0.0146415 -0.0926002   0.505353
 0.0146144 -0.0924441   0.505283
  0.014588 -0.0922893   0.505212
 0.0145618 -0.0921388   0.505141
 0.0145363 -0.0919899    0.50507
 0.0145109 -0.0918453   0.504999
 0.0144863 -0.0917042   0.504927
 0.0144619 -0.0915657   0.504856
 0.0144383 -0.0914286   0.504784
 0.0144149 -0.0912964   0.504713
 0.0143924 -0.0911662   0.504642
  0.01437 -0.091041   0.50457
 0.0143486 -0.0909175   0.504499
 0.0143275 -0.0907988   0.504428
 0.0143073 -0.0906822   0.504358
 0.0142874 -0.0905702   0.504287
 0.0142685 -0.0904624   0.504217
 0.0142498 -0.0903574   0.504147
 0.0142321 -0.0902544   0.504077
 0.0142148 -0.0901563   0.504007
 0.0141983 -0.0900599   0.503938
  0.014182 -0.0899677   0.503869
 0.0141668 -0.0898777     0.5038
 0.0141517 -0.0897923   0.503731
 0.0141375 -0.0897081   0.503663
 0.0141235 -0.0896282   0.503594
 0.0141104 -0.0895497   0.503526
 0.0140974 -0.0894753   0.503458
 0.0140853 -0.0894016   0.503391
 0.0140733 -0.0893323   0.503324
 0.0140621 -0.0892637   0.503257
 0.0140511 -0.0892008   0.503189
 0.0140407 -0.0891365   0.503123
0.0140308 -0.089076  0.503056
 0.0140212 -0.0890157    0.50299
 0.0140116 -0.0889588   0.502923
 0.0140027 -0.0889022   0.502857
 0.0139938 -0.0888485   0.502791
 0.0139856 -0.0887952   0.502725
 0.0139771 -0.0887447   0.502658
 0.0139695 -0.0886945   0.502593
 0.0139622 -0.0886472   0.502527
0.0139552   -0.0886  0.502462
 0.0139479 -0.0885549   0.502396
 0.0139479 -0.0885549   0.502396
 0.0139419 -0.0885098    0.50233
 0.0139356 -0.0884674   0.502264
 0.0139301 -0.0884249   0.502199
  0.013924 -0.0883844   0.502133
 0.0139226 -0.0883454   0.502068
 0.0139222 -0.0883067      0.502
 0.0139069 -0.0882618   0.501929
  0.013903 -0.0882242   0.501863
 0.0138971 -0.0881906   0.501797
0.0138925 -0.088156  0.501732
 0.0138881 -0.0881227   0.501667
 0.0138839 -0.0880906   0.501602
   0.01388 -0.0880597   0.501537
0.0138767  -0.08803  0.501473
 0.0138733 -0.0880013   0.501408
 0.0138714 -0.0879482   0.501281
 0.0138287 -0.0879124   0.501205
 0.0138624 -0.0879042   0.501157
 0.0138602 -0.0878808   0.501093
 0.0138582 -0.0878584    0.50103
0.0138564 -0.087837  0.500966
 0.0138549 -0.0878165   0.500903
 0.0138535 -0.0877972    0.50084
 0.0138524 -0.0877776   0.500777
 0.0138512 -0.0877602   0.500714
 0.0138505 -0.0877421   0.500651
 0.0138495 -0.0877262   0.500589
 0.0138491 -0.0877097   0.500527
 0.0138484 -0.0876953   0.500465
 0.0138482 -0.0876801   0.500403
0.0138478 -0.087667  0.500341
 0.0138479 -0.0876551   0.500279
 0.0138477 -0.0876429   0.500218
 0.0138478 -0.0876308   0.500157
  0.013848 -0.0876193   0.500096
 0.0138484 -0.0876084   0.500036
  0.013849 -0.0875981   0.499975
 0.0138499 -0.0875883   0.499915
0.0138507 -0.087579  0.499855
 0.0138517 -0.0875702   0.499796
 0.0138529 -0.0875619   0.499736
 0.0138543 -0.0875544   0.499677
  0.013856 -0.0875461   0.499618
 0.0138621 -0.0875389   0.499557
 0.0138642 -0.0875314   0.499499
 0.0138654 -0.0875255    0.49944
 0.0138717 -0.0875197   0.499383
 0.0138744 -0.0875153   0.499325
 0.0138771 -0.0875095   0.499268
 0.0138713 -0.0875019   0.499205
 0.0138741 -0.0874975   0.499148
 0.0138769 -0.0874934   0.499091
 0.0138799 -0.0874898   0.499035
  0.013883 -0.0874865   0.498979
 0.0138863 -0.0874838   0.498923
 0.0138896 -0.0874814   0.498867
 0.0138931 -0.0874795   0.498812
 0.0138968 -0.0874801   0.498756
 0.0139015 -0.0874774   0.498701
 0.0139041 -0.0874778   0.498646
 0.013909 -0.087476  0.498592
 0.0139116 -0.0874772   0.498537
 0.0139167 -0.0874762   0.498483
 0.0139194 -0.0874782   0.498429
 0.0139243 -0.0874776   0.498376
 0.0139268 -0.0874797   0.498322
 0.0139319 -0.0874799   0.498269
 0.0139345 -0.0874827   0.498216
  0.013943 -0.0874842   0.498165
 0.0139455 -0.0874875   0.498112
 0.0139502 -0.0874902   0.498059
 0.0139526 -0.0874936   0.498007
 0.0139571 -0.0874946   0.497956
 0.0139595 -0.0874983   0.497904
  0.013964 -0.0874995   0.497853
 0.0139692 -0.0875028     0.4978
 0.0139744 -0.0875047    0.49775
 0.0139699 -0.0875129   0.497693
 0.0139814 -0.0875097    0.49765
 0.0139771 -0.0875182   0.497594
 0.0139812 -0.0875204   0.497544
 0.0139848 -0.0875237   0.497495
 0.0139889 -0.0875253   0.497446
 0.0139928 -0.0875282   0.497397
 0.0139974 -0.0875298   0.497349
 0.0140018 -0.0875346   0.497301
 0.0140069 -0.0875362   0.497253
0.0140118 -0.087539  0.497206
 0.0140211 -0.0875412    0.49716
0.0140266 -0.087544  0.497113
 0.0140328 -0.0875459   0.497067
 0.0140387 -0.0875487   0.497022
 0.0140454 -0.0875505   0.496976
 0.0140518 -0.0875534   0.496931
 0.0140587 -0.0875571   0.496886
 0.0140654 -0.0875601   0.496841
 0.0140727 -0.0875621   0.496797
 0.0140796 -0.0875659   0.496753
 0.0140886 -0.0875681   0.496709
 0.0140954 -0.0875724   0.496665
 0.0141026 -0.0875748   0.496623
 0.0141093 -0.0875791    0.49658
 0.0141164 -0.0875825   0.496538
  0.014123 -0.0875892   0.496495
 0.0141241 -0.0875875    0.49645
 0.0141315 -0.0875906   0.496408
 0.0141372 -0.0875967   0.496367
 0.0141443 -0.0876001   0.496327
 0.0141484 -0.0876079   0.496285
  0.014156 -0.0876121   0.496245
 0.0141598 -0.0876181   0.496204
0.0141664 -0.087622  0.496165
 0.0141714 -0.0876293   0.496126
 0.0141779 -0.0876336   0.496086
  0.014182 -0.0876403   0.496047
 0.0141882 -0.0876444   0.496009
 0.0141922 -0.0876531    0.49597
 0.0141983 -0.0876574   0.495932
0.0142022 -0.087664  0.495894
 0.0142082 -0.0876679   0.495857
 0.0142154 -0.0876751    0.49582
 0.0142214 -0.0876791   0.495783
 0.0142252 -0.0876851   0.495746
 0.0142311 -0.0876885    0.49571
  0.014235 -0.0876965   0.495674
  0.014241 -0.0876997   0.495638
 0.0142447 -0.0877052   0.495603
 0.0142507 -0.0877078   0.495568
0.0142544 -0.087713  0.495533
 0.0142606 -0.0877155   0.495498
 0.0142644 -0.0877202   0.495464
 0.0142705 -0.0877243    0.49543
 0.0142744 -0.0877285   0.495396
 0.0142805 -0.0877304   0.495362
 0.0142843 -0.0877345   0.495329
 0.0142903 -0.0877362   0.495297
 0.0142942 -0.0877406   0.495264
 0.0143007 -0.0877428   0.495231
 0.0143044 -0.0877468   0.495199
 0.0143103 -0.0877501   0.495167
  0.014314 -0.0877543   0.495136
 0.0143198 -0.0877558   0.495105
0.0143233  -0.08776  0.495074
  0.014329 -0.0877618   0.495043
 0.0143323 -0.0877659   0.495013
 0.0143328 -0.0877711   0.494978
 0.0143377 -0.0877749   0.494948
 0.0143419 -0.0877779   0.494919
  0.014346 -0.0877813    0.49489
 0.0143498 -0.0877871    0.49486
 0.0143538 -0.0877896   0.494832
 0.0143606 -0.0877943   0.494804
 0.0143646 -0.0877974   0.494776
 0.0143682 -0.0878011   0.494749
 0.0143718 -0.0878043   0.494721
0.0143752 -0.087808  0.494694
 0.0143787 -0.0878143   0.494667
  0.014382 -0.0878181   0.494641
  0.014385 -0.0878225   0.494614
 0.0143881 -0.0878251   0.494588
 0.0143908 -0.0878292   0.494563
 0.0143916 -0.0878259   0.494534
0.0143943 -0.087829  0.494509
 0.0143958 -0.0878337   0.494484
 0.0143993 -0.0878351    0.49446
 0.0144005 -0.0878393   0.494435
 0.014404 -0.087843  0.494411
 0.0144092 -0.0878461   0.494387
 0.0144113 -0.0878486   0.494364
0.0144123 -0.087853   0.49434
 0.0144153 -0.0878539   0.494317
 0.0144161 -0.0878576   0.494294
 0.0144191 -0.0878589   0.494271
 0.0144207 -0.0878632   0.494249
 0.0144223 -0.0878653   0.494227
 0.0144238 -0.0878677   0.494205
 0.0144251 -0.0878705   0.494183
 0.0144255 -0.0878743   0.494161
 0.0144271 -0.0878769    0.49414
0.0144269 -0.087881  0.494119
 0.0144291 -0.0878844   0.494098
 0.0144295 -0.0878866   0.494077
 0.0144297 -0.0878893   0.494057
0.0144297 -0.087892  0.494036
 0.0144283 -0.0878956   0.494016
 0.014429 -0.087897  0.493996
 0.0144272 -0.0879008   0.493975
 0.0144275 -0.0879041   0.493956
 0.0144223 -0.0879077   0.493932
 0.0144237 -0.0879108   0.493913
 0.0144222 -0.0879155   0.493893
 0.0144204 -0.0879178   0.493874
 0.0144182 -0.0879209   0.493855
 0.0144164 -0.0879233   0.493836
 0.0144142 -0.0879254   0.493817
 0.0144119 -0.0879275   0.493798
 0.0144095 -0.0879321    0.49378
0.0144069 -0.087934  0.493762
 0.0144043 -0.0879367   0.493744
 0.0144019 -0.0879382   0.493726
 0.0143992 -0.0879404   0.493709
 0.0143965 -0.0879418   0.493692
 0.0143938 -0.0879435   0.493674
 0.0143911 -0.0879471   0.493657
 0.0143876 -0.0879498   0.493641
 0.0143847 -0.0879519   0.493625
 0.0143826 -0.0879526   0.493609
 0.0143799 -0.0879539   0.493593
 0.0143754 -0.0879477   0.493574
 0.0143728 -0.0879482   0.493559
 0.0143702 -0.0879493   0.493543
   0.01437 -0.0879503   0.493528
 0.0143674 -0.0879506   0.493513
 0.0143649 -0.0879536   0.493498
 0.0143599 -0.0879532   0.493482
 0.0143596 -0.0879541   0.493468
 0.0143571 -0.0879553   0.493454
 0.0143544 -0.0879555    0.49344
0.0143516 -0.087956  0.493426
 0.0143489 -0.0879568   0.493412
  0.014346 -0.0879597   0.493397
  0.014343 -0.0879603   0.493384
   0.01434 -0.0879611    0.49337
 0.0143371 -0.0879628   0.493357
 0.0143339 -0.0879637   0.493344
 0.0143306 -0.0879649   0.493331
 0.0143272 -0.0879665   0.493317
0.0143237  -0.08797  0.493304
   0.01432 -0.0879713   0.493291
0.0143163 -0.087973  0.493278
 0.0143124 -0.0879748   0.493266
 0.0143084 -0.0879764   0.493253
 0.0143044 -0.0879782   0.493241
 0.0143002 -0.0879799   0.493228
 0.0142963 -0.0879839   0.493216
0.0142922 -0.087986  0.493204
 0.0142877 -0.0879875   0.493192
 0.0142831 -0.0879892    0.49318
0.0142785 -0.087991  0.493167
0.0142727 -0.087994  0.493156
 0.0142699 -0.0879982   0.493145
 0.0142621 -0.0880002    0.49313
 0.0142573 -0.0880012   0.493118
 0.0142525 -0.0880046   0.493106
 0.0142476 -0.0880051   0.493095
 0.0142428 -0.0880056   0.493083
 0.0142382 -0.0880064   0.493072
0.0142335 -0.088007  0.493061
 0.0142289 -0.0880069    0.49305
 0.0142245 -0.0880071   0.493039
 0.0142201 -0.0880092   0.493028
 0.0142157 -0.0880088   0.493018
 0.0142116 -0.0880087   0.493007
 0.0142074 -0.0880084   0.492997
 0.0142033 -0.0880081   0.492987
 0.0141994 -0.0880076   0.492977
 0.0141954 -0.0880071   0.492967
 0.0141915 -0.0880085   0.492957
 0.0141877 -0.0880077   0.492948
 0.0141844 -0.0880076   0.492938
 0.0141798 -0.0880092    0.49293
 0.0141772 -0.0880071   0.492919
 0.0141742 -0.0880091   0.492911
 0.0141704 -0.0880086   0.492902
 0.0141667 -0.0880103   0.492893
  0.014163 -0.0880102   0.492883
 0.0141592 -0.0880099   0.492874
 0.0141554 -0.0880097   0.492865
 0.0141535 -0.0880098   0.492855
0.0141471 -0.088003  0.492846
 0.0141432 -0.0880033   0.492837
 0.0141391 -0.0880036   0.492828
 0.0141349 -0.0880038    0.49282
 0.0141308 -0.0880043   0.492811
 0.0141264 -0.0880046   0.492802
 0.0141221 -0.0880073   0.492793
 0.0141177 -0.0880079   0.492784
 0.0140975 -0.0880033   0.492772
  0.014109 -0.0880097   0.492768
 0.0141062 -0.0880112    0.49276
 0.0141016 -0.0880119   0.492751
 0.0140958 -0.0880142   0.492744
 0.0140912 -0.0880173   0.492735
 0.0140865 -0.0880178   0.492727
 0.0140818 -0.0880184   0.492719
 0.0140773 -0.0880194    0.49271
 0.0140727 -0.0880199   0.492702
 0.0140682 -0.0880204   0.492694
 0.0140637 -0.0880208   0.492687
 0.0140572 -0.0880249   0.492675
 0.0140529 -0.0880252   0.492668
 0.0140486 -0.0880253    0.49266
 0.0140443 -0.0880276   0.492652
 0.0140401 -0.0880274   0.492645
 0.0140361 -0.0880276   0.492637
 0.0140322 -0.0880274    0.49263
 0.0140297 -0.0880278   0.492623
  0.014026 -0.0880279   0.492616
 0.0140222 -0.0880274   0.492608
 0.0140189 -0.0880273   0.492601
 0.0140154 -0.0880292   0.492594
  0.014012 -0.0880288   0.492587
 0.0140086 -0.0880283    0.49258
 0.0140048 -0.0880274   0.492573
 0.0140015 -0.0880271   0.492566
 0.0139982 -0.0880263    0.49256
 0.013995 -0.088026  0.492553
 0.0139916 -0.0880277   0.492546
 0.0139883 -0.0880269    0.49254
 0.0139853 -0.0880268   0.492533
  0.013982 -0.0880265   0.492527
 0.0139787 -0.0880265    0.49252
 0.0139754 -0.0880262   0.492514
 0.013972 -0.088026  0.492507
 0.0139685 -0.0880256   0.492501
  0.013965 -0.0880274   0.492494
 0.0139616 -0.0880274   0.492488
  0.013958 -0.0880272   0.492481
 0.0139532 -0.0880286   0.492476
 0.0139496 -0.0880289   0.492469
 0.0139459 -0.0880287   0.492463
 0.0139422 -0.0880284   0.492457
 0.0139385 -0.0880305    0.49245
 0.0139347 -0.0880305   0.492444
  0.013931 -0.0880302   0.492438
 0.0139272 -0.0880299   0.492432
 0.0139235 -0.0880305   0.492425
 0.0139198 -0.0880299   0.492419
 0.0139162 -0.0880231   0.492412
 0.0139126 -0.0880228   0.492406
  0.013909 -0.0880225     0.4924
 0.0139054 -0.0880221   0.492394
 0.0139019 -0.0880217   0.492388
 0.0138996 -0.0880216   0.492383
 0.0138963 -0.0880236   0.492376
 0.0138929 -0.0880229   0.492371
 0.0138896 -0.0880224   0.492365
 0.0138865 -0.0880226   0.492359
 0.0138833 -0.0880221   0.492354
 0.0138802 -0.0880217   0.492349
 0.0138772 -0.0880216   0.492343
 0.0138745 -0.0880243   0.492337
 0.0138715 -0.0880239   0.492332
 0.0138686 -0.0880237   0.492327
0.0138658 -0.088024  0.492322
  0.013863 -0.0880244   0.492317
   0.01386 -0.0880243   0.492312
 0.0138561 -0.0880262   0.492307
 0.0138534 -0.0880267   0.492302
 0.0138506 -0.0880291   0.492297
 0.0138477 -0.0880293   0.492292
  0.013845 -0.0880297   0.492287
0.0138421  -0.08803  0.492282
 0.0138379 -0.0880341   0.492274
  0.013835 -0.0880343   0.492269
 0.0138321 -0.0880345   0.492264
0.0138293 -0.088035  0.492259
 0.0138264 -0.0880354   0.492254
 0.0138244 -0.0880357    0.49225
 0.0138215 -0.0880359   0.492245
 0.0138186 -0.0880381   0.492239
 0.0138156 -0.0880377   0.492235
 0.0138126 -0.0880375    0.49223
   0.01381 -0.0880377   0.492225
  0.013807 -0.0880372    0.49222
 0.0138041 -0.0880371   0.492216
 0.0138012 -0.0880366   0.492211
 0.0137982 -0.0880358   0.492206
 0.0137953 -0.0880375   0.492201
 0.0137925 -0.0880367   0.492197
 0.0137896 -0.0880357   0.492192
 0.0137868 -0.0880351   0.492188
  0.013784 -0.0880341   0.492183
 0.0137813 -0.0880336   0.492179
 0.0137785 -0.0880324   0.492174
 0.0137758 -0.0880314    0.49217
 0.0137722 -0.0880342   0.492166
 0.0137695 -0.0880328   0.492162
 0.0137669 -0.0880318   0.492158
 0.0137643 -0.0880307   0.492153
 0.0137619 -0.0880299   0.492149
 0.0137595 -0.0880293   0.492145
0.0137576 -0.088022   0.49214
 0.0137561 -0.0880215   0.492136
 0.0137537 -0.0880209   0.492132
0.0137514  -0.08802  0.492128
 0.0137491 -0.0880193   0.492124
 0.0137467 -0.0880186    0.49212
 0.0137445 -0.0880183   0.492116
 0.0137424 -0.0880205   0.492112
0.0137401  -0.08802  0.492108
 0.0137378 -0.0880197   0.492104
 0.0137355 -0.0880199   0.492101
 0.0137331 -0.0880202   0.492097
 0.0137307 -0.0880202   0.492093
 0.0137284 -0.0880208   0.492089
  0.013726 -0.0880213   0.492086
 0.0137236 -0.0880241   0.492082
  0.013721 -0.0880243   0.492078
 0.0137183 -0.0880246   0.492074
 0.0137157 -0.0880252   0.492071
 0.0137131 -0.0880259   0.492067
 0.0137106 -0.0880267   0.492063
 0.0137082 -0.0880275    0.49206
 0.0137055 -0.0880279   0.492056
 0.0137029 -0.0880285   0.492052
 0.0137004 -0.0880313   0.492048
 0.0136979 -0.0880317   0.492045
0.0136952 -0.088032  0.492041
 0.0136926 -0.0880326   0.492038
 0.0136901 -0.0880326   0.492034
0.0136873 -0.088034  0.492032
 0.0136847 -0.0880339   0.492028
0.0136823 -0.088034  0.492025
0.0136799 -0.088036  0.492021
 0.0136775 -0.0880355   0.492017
0.0136752 -0.088035  0.492014
 0.0136729 -0.0880347   0.492011
0.0136695 -0.088038  0.492005
 0.0136684 -0.0880335   0.492004
 0.0136663 -0.0880329   0.492001
0.0136642 -0.088032  0.491998
 0.0136621 -0.0880335   0.491994
 0.0136601 -0.0880324   0.491991
 0.0136582 -0.0880315   0.491988
  0.013656 -0.0880305   0.491985
 0.0136543 -0.0880297   0.491982
 0.0136515 -0.0880325   0.491976
 0.0136496 -0.0880313   0.491973
 0.0136478 -0.0880304    0.49197
  0.013646 -0.0880297   0.491967
 0.0136444 -0.0880291   0.491964
 0.0136426 -0.0880282   0.491961
  0.013641 -0.0880274   0.491958
 0.0136392 -0.0880289   0.491955
 0.0136375 -0.0880279   0.491952
 0.0136357 -0.0880271    0.49195
  0.013634 -0.0880265   0.491947
0.0136323 -0.088026  0.491944
 0.0136305 -0.0880258   0.491941
 0.0136287 -0.0880249   0.491938
 0.0136269 -0.0880244   0.491935
 0.0136251 -0.0880239   0.491933
 0.0136233 -0.0880257    0.49193
 0.0136214 -0.0880253   0.491927
 0.0136196 -0.0880249   0.491924
 0.0136176 -0.0880245   0.491922
 0.0136157 -0.0880243   0.491919
 0.0136139 -0.0880246   0.491916
 0.0136124 -0.0880245   0.491914
 0.0136099 -0.0880237   0.491911
 0.0136083 -0.0880237   0.491909
 0.0136055 -0.0880268   0.491906
 0.0136043 -0.0880187   0.491904
 0.0136023 -0.0880185   0.491901
 0.0136003 -0.0880182   0.491898
 0.0135983 -0.0880183   0.491896
 0.0135963 -0.0880201   0.491893
 0.0135943 -0.0880199    0.49189
 0.0135923 -0.0880196   0.491888
 0.0135903 -0.0880193   0.491885
 0.0135884 -0.0880195   0.491883
 0.0135865 -0.0880193    0.49188
0.0135846 -0.088019  0.491878
 0.0135827 -0.0880188   0.491876
 0.0135809 -0.0880215   0.491873
  0.013579 -0.0880211   0.491871
 0.0135773 -0.0880208   0.491868
 0.0135759 -0.0880209   0.491866
 0.0135742 -0.0880214   0.491864
 0.0135725 -0.0880211   0.491862
 0.0135708 -0.0880209   0.491859
 0.0135691 -0.0880207   0.491857
 0.0135675 -0.0880209   0.491855
 0.0135658 -0.0880232   0.491852
 0.0135642 -0.0880229    0.49185
 0.0135625 -0.0880226   0.491848
  0.013561 -0.0880226   0.491846
 0.0135593 -0.0880226   0.491844
 0.0135578 -0.0880226   0.491842
 0.0135561 -0.0880223    0.49184
 0.0135545 -0.0880222   0.491838
 0.013552 -0.088023  0.491836
 0.0135497 -0.0880277   0.491832
  0.013548 -0.0880272    0.49183
 0.0135463 -0.0880269   0.491828
 0.0135447 -0.0880266   0.491826
  0.013543 -0.0880286   0.491823
 0.0135414 -0.0880281   0.491821
 0.0135397 -0.0880276    0.49182
0.0135381 -0.088027  0.491818
 0.0135365 -0.0880267   0.491815
 0.0135349 -0.0880265   0.491813
 0.0135333 -0.0880256   0.491811
 0.0135317 -0.0880247    0.49181
 0.0135302 -0.0880242   0.491808
 0.0135287 -0.0880255   0.491805
 0.0135272 -0.0880245   0.491803
 0.0135261 -0.0880238   0.491802
 0.0135247 -0.0880232     0.4918
 0.0135232 -0.0880222   0.491798
 0.0135217 -0.0880215   0.491796
 0.0135203 -0.0880205   0.491794
  0.013519 -0.0880196   0.491792
 0.0135176 -0.0880185   0.491791
 0.0135162 -0.0880201   0.491789
0.0135148 -0.088019  0.491787
  0.013513 -0.0880178   0.491785
 0.0135117 -0.0880171   0.491783
 0.0135104 -0.0880164   0.491782
 0.0135095 -0.0880164    0.49178
 0.0135081 -0.0880156   0.491779
0.0135069 -0.088015  0.491777
 0.0135055 -0.0880143   0.491775
 0.0135042 -0.0880162   0.491773
 0.0135029 -0.0880155   0.491772
 0.0135016 -0.0880151    0.49177
 0.0135003 -0.0880147   0.491768
  0.013499 -0.0880144   0.491767
 0.0134978 -0.0880143   0.491765
 0.0134965 -0.0880144   0.491764
 0.0134962 -0.0880087   0.491762
 0.0134941 -0.0880094   0.491761
0.0134926 -0.088009  0.491759
 0.0134912 -0.0880092   0.491758
 0.0134898 -0.0880088   0.491756
 0.0134883 -0.0880086   0.491755
 0.0134869 -0.0880087   0.491753
 0.0134855 -0.0880087   0.491752
  0.013484 -0.0880109    0.49175
 0.0134825 -0.0880108   0.491748
  0.013481 -0.0880109   0.491747
 0.0134795 -0.0880108   0.491745
 0.0134783 -0.0880113   0.491744
 0.0134765 -0.0880111   0.491742
 0.0134754 -0.0880114   0.491741
 0.0134735 -0.0880112   0.491739
 0.0134723 -0.0880114   0.491738
 0.0134709 -0.0880138   0.491736
 0.0134694 -0.0880134   0.491735
 0.0134678 -0.0880133   0.491733
 0.0134667 -0.0880133   0.491732
  0.013465 -0.0880129    0.49173
 0.0134636 -0.0880128   0.491729
 0.0134623 -0.0880125   0.491727
  0.013461 -0.0880122   0.491726
 0.0134598 -0.0880118   0.491725
 0.0134585 -0.0880114   0.491724
 0.0134574 -0.0880133   0.491722
 0.0134562 -0.0880129   0.491721
 0.0134551 -0.0880123   0.491719
  0.013454 -0.0880118   0.491718
 0.0134536 -0.0880108   0.491717
 0.0134526 -0.0880103   0.491715
 0.0134508 -0.0880106   0.491715
 0.0134497 -0.0880101   0.491713
 0.0134487 -0.0880095   0.491712
 0.0134477 -0.0880117   0.491711
  0.013447 -0.0880114    0.49171
 0.0134459 -0.0880107   0.491708
 0.0134449 -0.0880102   0.491707
 0.0134438 -0.0880099   0.491706
 0.0134428 -0.0880098   0.491705
 0.0134417 -0.0880093   0.491704
 0.0134406 -0.0880089   0.491703
 0.0134395 -0.0880085   0.491702
 0.0134384 -0.0880081   0.491701
 0.0134373 -0.0880104   0.491699
 0.0134361 -0.0880098   0.491698
  0.013435 -0.0880094   0.491697
 0.0134338 -0.0880091   0.491696
 0.0134326 -0.0880091   0.491695
 0.0134315 -0.0880088   0.491693
 0.0134303 -0.0880085   0.491692
0.0134291 -0.088008  0.491691
 0.0134278 -0.0880076    0.49169
 0.0134266 -0.0880074   0.491689
0.0134248 -0.088012  0.491686
 0.0134236 -0.0880114   0.491685
 0.0134224 -0.0880112   0.491684
 0.0134214 -0.0880108   0.491683
 0.0134202 -0.0880128   0.491682
 0.0134178 -0.0880115    0.49168
 0.0134168 -0.0880112   0.491678
 0.0134157 -0.0880106   0.491677
 0.0134146 -0.0880102   0.491677
 0.0134146 -0.0880102   0.491677
 0.0134137 -0.0880098   0.491676
 0.0134128 -0.0880091   0.491675
 0.0134119 -0.0880087   0.491674
  0.013411 -0.0880082   0.491673
 0.0134093 -0.0880105   0.491672
 0.0134091 -0.0880091   0.491671
 0.0134075 -0.0880093   0.491671
 0.0134074 -0.0880086   0.491669
 0.0134057 -0.0880082   0.491669
 0.0134055 -0.0880075   0.491668
 0.0134039 -0.0880073   0.491667
 0.0134029 -0.0880066   0.491667
 0.0134012 -0.0880056   0.491665
 0.0134003 -0.0880072   0.491664
 0.0134003 -0.0880072   0.491664
 0.0133985 -0.0880058   0.491662
 0.0133977 -0.0880053   0.491661
0.0133969 -0.088005  0.491661
 0.0133961 -0.0880049    0.49166
 0.0133953 -0.0880041   0.491659
 0.0133945 -0.0880036   0.491658
 0.0133937 -0.0880033   0.491657
 0.0133928 -0.0880029   0.491657
0.0133921 -0.088005  0.491656
 0.0133912 -0.0880046   0.491655
 0.0133904 -0.0880042   0.491654
 0.0133895 -0.0880042   0.491653
0.0133886 -0.088004  0.491653
 0.0133877 -0.0880042   0.491652
 0.0133869 -0.0880038   0.491651
 0.0133858 -0.0880034   0.491651
 0.0133849 -0.0880033    0.49165
 0.0133841 -0.0880031   0.491649
 0.0133831 -0.0880053   0.491648
0.0133834 -0.087998  0.491648
 0.0133824 -0.0879976   0.491648
 0.0133814 -0.0879975   0.491647
 0.0133804 -0.0879973   0.491647
 0.0133794 -0.0879995   0.491645
 0.0133785 -0.0879993   0.491645
