0.0167834 -0.105407  0.508459
0.0167828 -0.105405  0.508457
0.0167811 -0.105397   0.50845
0.0167782 -0.105385  0.508438
0.0167743 -0.105367  0.508421
0.0167691 -0.105344  0.508399
0.0167629 -0.105316  0.508372
0.0167555 -0.105284  0.508341
 0.016747 -0.105246  0.508304
0.0167373 -0.105203  0.508263
0.0167265 -0.105155  0.508217
0.0167145 -0.105102  0.508166
0.0167015 -0.105043   0.50811
0.0166872  -0.10498  0.508049
0.0166719 -0.104912  0.507984
0.0166554 -0.104838  0.507914
0.0166377  -0.10476  0.507838
 0.016619 -0.104677  0.507758
 0.016599 -0.104588  0.507673
 0.016578 -0.104495  0.507584
0.0165558 -0.104396  0.507489
0.0165325 -0.104292  0.507389
 0.016508 -0.104183  0.507285
0.0164824  -0.10407  0.507176
0.0164556 -0.103951  0.507062
0.0164278 -0.103827  0.506943
0.0163988 -0.103698  0.506819
0.0163686 -0.103564   0.50669
0.0163372 -0.103424  0.506557
0.0163048  -0.10328  0.506418
0.0162712 -0.103131  0.506275
0.0162365 -0.102977  0.506127
0.0162007 -0.102817  0.505974
0.0161637 -0.102653  0.505817
0.0161256 -0.102483  0.505654
0.0160862 -0.102309  0.505486
0.0160459 -0.102129  0.505314
0.0160043 -0.101944  0.505137
0.0159616 -0.101754  0.504955
0.0159176 -0.101559  0.504767
0.0158727 -0.101359  0.504575
0.0158266 -0.101154  0.504379
0.0157794 -0.100944  0.504178
 0.015731 -0.100729  0.503971
0.0156815 -0.100509   0.50376
0.0156308 -0.100284  0.503544
0.0155791 -0.100054  0.503323
 0.0155262 -0.0998189   0.503098
 0.0154721 -0.0995784   0.502867
 0.0154167 -0.0993323   0.502631
 0.0153604 -0.0990819   0.502391
 0.0153029 -0.0988264   0.502146
 0.0152442 -0.0985653   0.501895
 0.0151844 -0.0982997    0.50164
 0.0151235 -0.0980291   0.501381
 0.0150615 -0.0977534   0.501116
 0.0149984 -0.0974727   0.500847
 0.0149341 -0.0971869   0.500573
0.0148686 -0.096896  0.500294
 0.0148021 -0.0966001    0.50001
 0.0147347 -0.0963008   0.499722
 0.0146683 -0.0960054   0.499439
 0.0146029 -0.0957146    0.49916
 0.0145385 -0.0954284   0.498886
 0.0144755 -0.0951485   0.498617
 0.0144137 -0.0948737   0.498353
 0.014353 -0.094604  0.498094
 0.0142935 -0.0943393   0.497841
 0.0142351 -0.0940796   0.497591
0.0141778 -0.093825  0.497347
0.0141216 -0.093575  0.497107
 0.0140666 -0.0933305   0.496873
 0.0140127 -0.0930911   0.496643
   0.01396 -0.0928567   0.496418
 0.0139083 -0.0926272   0.496198
 0.0138571 -0.0923996    0.49598
 0.0138078 -0.0921804   0.495769
 0.0137597 -0.0919664   0.495564
 0.0137127 -0.0917574   0.495363
 0.0136666 -0.0915527   0.495167
 0.0136219 -0.0913538   0.494976
 0.0135783 -0.0911599    0.49479
 0.0135358 -0.0909712   0.494609
 0.0134945 -0.0907875   0.494433
 0.0134543 -0.0906089   0.494262
 0.0134152 -0.0904351   0.494095
 0.0133772 -0.0902662   0.493933
 0.0133772 -0.0902662   0.493933
 0.0133045 -0.0899432   0.493623
 0.0132701 -0.0897899   0.493476
 0.0132701 -0.0897899   0.493476
 0.0132367 -0.0896416   0.493334
 0.0131734 -0.0893603   0.493064
 0.0131435 -0.0892272   0.492936
 0.0131147 -0.0890991   0.492813
  0.013087 -0.0889762   0.492695
 0.0130605 -0.0888583   0.492582
 0.0130351 -0.0887454   0.492474
 0.0130108 -0.0886376    0.49237
 0.0129877 -0.0885349   0.492272
 0.0129658 -0.0884372   0.492178
 0.0129449 -0.0883446   0.492089
0.0129252 -0.088257  0.492005
 0.0129067 -0.0881745   0.491926
0.0128892 -0.088097  0.491852
 0.0128729 -0.0880246   0.491782
 0.0128578 -0.0879573   0.491718
0.0128438 -0.087895  0.491658
 0.0128309 -0.0878378   0.491603
 0.0128192 -0.0877856   0.491553
 0.0128086 -0.0877385   0.491508
 0.0127991 -0.0876964   0.491467
 0.0127908 -0.0876594   0.491432
 0.0127836 -0.0876275   0.491401
 0.0127776 -0.0876006   0.491375
 0.0127727 -0.0875788   0.491355
 0.0127689 -0.0875621   0.491338
 0.0127662 -0.0875503   0.491327
 0.0127648 -0.0875437   0.491321
0.0127644 -0.087542  0.491319
0.0127644 -0.087542  0.491319
0.0127644 -0.087542  0.491319
0.0127644 -0.087542  0.491319
0.0127644 -0.087542  0.491319
0.0127644 -0.087542  0.491319
0.0127644 -0.087542  0.491319
0.0127644 -0.087542  0.491319
0.0127644 -0.087542  0.491319
0.0127644 -0.087542  0.491319
0.0127644 -0.087542  0.491319
0.0127644 -0.087542  0.491319
0.0127644 -0.087542  0.491319
0.0127644 -0.087542  0.491319
0.0127644 -0.087542  0.491319
0.0127644 -0.087542  0.491319
0.0127644 -0.087542  0.491319
0.0127644 -0.087542  0.491319
0.0127644 -0.087542  0.491319
0.0127644 -0.087542  0.491319
0.0127644 -0.087542  0.491319
0.0127644 -0.087542  0.491319
0.0127644 -0.087542  0.491319
0.0127644 -0.087542  0.491319
0.0127644 -0.087542  0.491319
0.0127644 -0.087542  0.491319
0.0127644 -0.087542  0.491319
0.0127644 -0.087542  0.491319
0.0127644 -0.087542  0.491319
0.0127644 -0.087542  0.491319
0.0127644 -0.087542  0.491319
0.0127644 -0.087542  0.491319
0.0127644 -0.087542  0.491319
0.0127644 -0.087542  0.491319
0.0127644 -0.087542  0.491319
0.0127644 -0.087542  0.491319
0.0127644 -0.087542  0.491319
0.0127644 -0.087542  0.491319
0.0127644 -0.087542  0.491319
0.0127644 -0.087542  0.491319
0.0127644 -0.087542  0.491319
0.0127644 -0.087542  0.491319
0.0127644 -0.087542  0.491319
0.0127644 -0.087542  0.491319
0.0127644 -0.087542  0.491319
0.0127644 -0.087542  0.491319
0.0127644 -0.087542  0.491319
0.0127644 -0.087542  0.491319
0.0127644 -0.087542  0.491319
0.0127644 -0.087542  0.491319
0.0127644 -0.087542  0.491319
0.0127644 -0.087542  0.491319
0.0127644 -0.087542  0.491319
0.0127644 -0.087542  0.491319
0.0127644 -0.087542  0.491319
0.0127644 -0.087542  0.491319
0.0127644 -0.087542  0.491319
0.0127644 -0.087542  0.491319
0.0127644 -0.087542  0.491319
0.0127644 -0.087542  0.491319
0.0127644 -0.087542  0.491319
0.0127644 -0.087542  0.491319
0.0127644 -0.087542  0.491319
0.0127644 -0.087542  0.491319
0.0127644 -0.087542  0.491319
0.0127644 -0.087542  0.491319
0.0127644 -0.087542  0.491319
0.0127644 -0.087542  0.491319
0.0127644 -0.087542  0.491319
0.0127644 -0.087542  0.491319
0.0127644 -0.087542  0.491319
0.0127644 -0.087542  0.491319
0.0127644 -0.087542  0.491319
0.0127644 -0.087542  0.491319
0.0127644 -0.087542  0.491319
0.0127644 -0.087542  0.491319
0.0127644 -0.087542  0.491319
0.0127644 -0.087542  0.491319
0.0127644 -0.087542  0.491319
0.0127644 -0.087542  0.491319
0.0127644 -0.087542  0.491319
0.0127644 -0.087542  0.491319
0.0127644 -0.087542  0.491319
0.0127644 -0.087542  0.491319
0.0127644 -0.087542  0.491319
0.0127644 -0.087542  0.491319
0.0127644 -0.087542  0.491319
0.0127644 -0.087542  0.491319
0.0127644 -0.087542  0.491319
0.0127644 -0.087542  0.491319
0.0127644 -0.087542  0.491319
0.0127644 -0.087542  0.491319
0.0127644 -0.087542  0.491319
0.0127644 -0.087542  0.491319
0.0127644 -0.087542  0.491319
0.0127644 -0.087542  0.491319
0.0127644 -0.087542  0.491319
0.0127644 -0.087542  0.491319
0.0127644 -0.087542  0.491319
0.0127644 -0.087542  0.491319
0.0127644 -0.087542  0.491319
0.0127644 -0.087542  0.491319
0.0127644 -0.087542  0.491319
0.0127644 -0.087542  0.491319
0.0127644 -0.087542  0.491319
0.0127644 -0.087542  0.491319
0.0127644 -0.087542  0.491319
0.0127644 -0.087542  0.491319
0.0127644 -0.087542  0.491319
0.0127644 -0.087542  0.491319
0.0127644 -0.087542  0.491319
0.0127644 -0.087542  0.491319
0.0127644 -0.087542  0.491319
0.0127644 -0.087542  0.491319
0.0127644 -0.087542  0.491319
0.0127644 -0.087542  0.491319
0.0127644 -0.087542  0.491319
0.0127644 -0.087542  0.491319
0.0127644 -0.087542  0.491319
0.0127644 -0.087542  0.491319
0.0127644 -0.087542  0.491319
0.0127644 -0.087542  0.491319
0.0127644 -0.087542  0.491319
0.0127644 -0.087542  0.491319
0.0127644 -0.087542  0.491319
0.0127644 -0.087542  0.491319
0.0127644 -0.087542  0.491319
0.0127644 -0.087542  0.491319
0.0127644 -0.087542  0.491319
0.0127644 -0.087542  0.491319
0.0127644 -0.087542  0.491319
0.0127644 -0.087542  0.491319
0.0127644 -0.087542  0.491319
0.0127644 -0.087542  0.491319
0.0127644 -0.087542  0.491319
0.0127644 -0.087542  0.491319
0.0127644 -0.087542  0.491319
0.0127644 -0.087542  0.491319
0.0127644 -0.087542  0.491319
0.0127644 -0.087542  0.491319
0.0127644 -0.087542  0.491319
0.0127644 -0.087542  0.491319
0.0127644 -0.087542  0.491319
0.0127644 -0.087542  0.491319
0.0127644 -0.087542  0.491319
0.0127644 -0.087542  0.491319
0.0127644 -0.087542  0.491319
0.0127644 -0.087542  0.491319
0.0127644 -0.087542  0.491319
0.0127644 -0.087542  0.491319
0.0127644 -0.087542  0.491319
0.0127644 -0.087542  0.491319
0.0127644 -0.087542  0.491319
0.0127644 -0.087542  0.491319
0.0127644 -0.087542  0.491319
0.0127644 -0.087542  0.491319
0.0127644 -0.087542  0.491319
0.0127644 -0.087542  0.491319
0.0127644 -0.087542  0.491319
0.0127644 -0.087542  0.491319
0.0127644 -0.087542  0.491319
0.0127644 -0.087542  0.491319
0.0127644 -0.087542  0.491319
0.0127644 -0.087542  0.491319
0.0127644 -0.087542  0.491319
0.0127644 -0.087542  0.491319
0.0127644 -0.087542  0.491319
0.0127644 -0.087542  0.491319
0.0127644 -0.087542  0.491319
0.0127644 -0.087542  0.491319
0.0127644 -0.087542  0.491319
0.0127644 -0.087542  0.491319
0.0127644 -0.087542  0.491319
0.0127644 -0.087542  0.491319
0.0127644 -0.087542  0.491319
0.0127644 -0.087542  0.491319
0.0127644 -0.087542  0.491319
0.0127644 -0.087542  0.491319
0.0127644 -0.087542  0.491319
0.0127644 -0.087542  0.491319
0.0127644 -0.087542  0.491319
0.0127644 -0.087542  0.491319
0.0127644 -0.087542  0.491319
0.0127644 -0.087542  0.491319
0.0127644 -0.087542  0.491319
0.0127644 -0.087542  0.491319
0.0127644 -0.087542  0.491319
0.0127644 -0.087542  0.491319
0.0127644 -0.087542  0.491319
0.0127644 -0.087542  0.491319
0.0127644 -0.087542  0.491319
0.0127644 -0.087542  0.491319
0.0127644 -0.087542  0.491319
0.0127644 -0.087542  0.491319
0.0127644 -0.087542  0.491319
0.0127644 -0.087542  0.491319
0.0127644 -0.087542  0.491319
0.0127644 -0.087542  0.491319
0.0127644 -0.087542  0.491319
0.0127644 -0.087542  0.491319
0.0127644 -0.087542  0.491319
0.0127644 -0.087542  0.491319
0.0127644 -0.087542  0.491319
0.0127644 -0.087542  0.491319
0.0127644 -0.087542  0.491319
0.0127644 -0.087542  0.491319
0.0127644 -0.087542  0.491319
0.0127644 -0.087542  0.491319
0.0127644 -0.087542  0.491319
0.0127644 -0.087542  0.491319
0.0127644 -0.087542  0.491319
0.0127644 -0.087542  0.491319
0.0127644 -0.087542  0.491319
0.0127644 -0.087542  0.491319
0.0127644 -0.087542  0.491319
0.0127644 -0.087542  0.491319
0.0127644 -0.087542  0.491319
0.0127644 -0.087542  0.491319
0.0127644 -0.087542  0.491319
0.0127644 -0.087542  0.491319
0.0127644 -0.087542  0.491319
0.0127644 -0.087542  0.491319
0.0127644 -0.087542  0.491319
0.0127644 -0.087542  0.491319
0.0127644 -0.087542  0.491319
0.0127644 -0.087542  0.491319
0.0127644 -0.087542  0.491319
0.0127644 -0.087542  0.491319
0.0127644 -0.087542  0.491319
0.0127644 -0.087542  0.491319
0.0127644 -0.087542  0.491319
0.0127644 -0.087542  0.491319
0.0127644 -0.087542  0.491319
0.0127644 -0.087542  0.491319
0.0127644 -0.087542  0.491319
0.0127644 -0.087542  0.491319
0.0127644 -0.087542  0.491319
0.0127644 -0.087542  0.491319
0.0127644 -0.087542  0.491319
0.0127644 -0.087542  0.491319
0.0127644 -0.087542  0.491319
0.0127644 -0.087542  0.491319
0.0127644 -0.087542  0.491319
0.0127644 -0.087542  0.491319
0.0127644 -0.087542  0.491319
0.0127644 -0.087542  0.491319
0.0127644 -0.087542  0.491319
0.0127644 -0.087542  0.491319
0.0127644 -0.087542  0.491319
0.0127644 -0.087542  0.491319
0.0127644 -0.087542  0.491319
0.0127644 -0.087542  0.491319
0.0127644 -0.087542  0.491319
0.0127644 -0.087542  0.491319
0.0127644 -0.087542  0.491319
0.0127644 -0.087542  0.491319
0.0127644 -0.087542  0.491319
0.0127644 -0.087542  0.491319
0.0127644 -0.087542  0.491319
0.0127644 -0.087542  0.491319
0.0127644 -0.087542  0.491319
0.0127644 -0.087542  0.491319
0.0127644 -0.087542  0.491319
0.0127644 -0.087542  0.491319
0.0127644 -0.087542  0.491319
0.0127644 -0.087542  0.491319
0.0127644 -0.087542  0.491319
0.0127644 -0.087542  0.491319
0.0127644 -0.087542  0.491319
0.0127644 -0.087542  0.491319
0.0127644 -0.087542  0.491319
0.0127644 -0.087542  0.491319
0.0127644 -0.087542  0.491319
0.0127644 -0.087542  0.491319
0.0127644 -0.087542  0.491319
0.0127644 -0.087542  0.491319
0.0127644 -0.087542  0.491319
0.0127644 -0.087542  0.491319
0.0127644 -0.087542  0.491319
0.0127644 -0.087542  0.491319
0.0127644 -0.087542  0.491319
0.0127644 -0.087542  0.491319
0.0127644 -0.087542  0.491319
0.0127644 -0.087542  0.491319
0.0127644 -0.087542  0.491319
0.0127644 -0.087542  0.491319
0.0127644 -0.087542  0.491319
0.0127644 -0.087542  0.491319
0.0127644 -0.087542  0.491319
0.0127644 -0.087542  0.491319
0.0127644 -0.087542  0.491319
0.0127644 -0.087542  0.491319
0.0127644 -0.087542  0.491319
0.0127644 -0.087542  0.491319
0.0127644 -0.087542  0.491319
0.0127644 -0.087542  0.491319
0.0127644 -0.087542  0.491319
0.0127644 -0.087542  0.491319
0.0127644 -0.087542  0.491319
0.0127644 -0.087542  0.491319
0.0127644 -0.087542  0.491319
0.0127644 -0.087542  0.491319
0.0127644 -0.087542  0.491319
0.0127644 -0.087542  0.491319
0.0127644 -0.087542  0.491319
0.0127644 -0.087542  0.491319
0.0127644 -0.087542  0.491319
0.0127644 -0.087542  0.491319
0.0127644 -0.087542  0.491319
0.0127644 -0.087542  0.491319
0.0127644 -0.087542  0.491319
0.0127644 -0.087542  0.491319
0.0127644 -0.087542  0.491319
0.0127644 -0.087542  0.491319
0.0127644 -0.087542  0.491319
0.0127644 -0.087542  0.491319
0.0127644 -0.087542  0.491319
0.0127644 -0.087542  0.491319
0.0127644 -0.087542  0.491319
0.0127644 -0.087542  0.491319
0.0127644 -0.087542  0.491319
0.0127644 -0.087542  0.491319
0.0127644 -0.087542  0.491319
0.0127644 -0.087542  0.491319
0.0127644 -0.087542  0.491319
0.0127644 -0.087542  0.491319
0.0127644 -0.087542  0.491319
0.0127644 -0.087542  0.491319
0.0127644 -0.087542  0.491319
0.0127644 -0.087542  0.491319
0.0127644 -0.087542  0.491319
0.0127644 -0.087542  0.491319
0.0127644 -0.087542  0.491319
0.0127644 -0.087542  0.491319
0.0127644 -0.087542  0.491319
0.0127644 -0.087542  0.491319
0.0127644 -0.087542  0.491319
0.0127644 -0.087542  0.491319
0.0127644 -0.087542  0.491319
0.0127644 -0.087542  0.491319
0.0127644 -0.087542  0.491319
0.0127644 -0.087542  0.491319
0.0127644 -0.087542  0.491319
0.0127644 -0.087542  0.491319
0.0127644 -0.087542  0.491319
0.0127644 -0.087542  0.491319
0.0127644 -0.087542  0.491319
0.0127644 -0.087542  0.491319
0.0127644 -0.087542  0.491319
0.0127644 -0.087542  0.491319
0.0127644 -0.087542  0.491319
0.0127644 -0.087542  0.491319
0.0127644 -0.087542  0.491319
0.0127644 -0.087542  0.491319
0.0127644 -0.087542  0.491319
0.0127644 -0.087542  0.491319
0.0127644 -0.087542  0.491319
0.0127644 -0.087542  0.491319
0.0127644 -0.087542  0.491319
0.0127644 -0.087542  0.491319
0.0127644 -0.087542  0.491319
0.0127644 -0.087542  0.491319
0.0127644 -0.087542  0.491319
0.0127644 -0.087542  0.491319
0.0127644 -0.087542  0.491319
0.0127644 -0.087542  0.491319
0.0127644 -0.087542  0.491319
0.0127644 -0.087542  0.491319
0.0127644 -0.087542  0.491319
0.0127644 -0.087542  0.491319
0.0127644 -0.087542  0.491319
0.0127644 -0.087542  0.491319
0.0127644 -0.087542  0.491319
0.0127644 -0.087542  0.491319
0.0127644 -0.087542  0.491319
0.0127644 -0.087542  0.491319
0.0127644 -0.087542  0.491319
0.0127644 -0.087542  0.491319
0.0127644 -0.087542  0.491319
0.0127644 -0.087542  0.491319
0.0127644 -0.087542  0.491319
0.0127644 -0.087542  0.491319
0.0127644 -0.087542  0.491319
0.0127644 -0.087542  0.491319
0.0127644 -0.087542  0.491319
0.0127644 -0.087542  0.491319
0.0127644 -0.087542  0.491319
0.0127644 -0.087542  0.491319
0.0127644 -0.087542  0.491319
0.0127644 -0.087542  0.491319
0.0127644 -0.087542  0.491319
0.0127644 -0.087542  0.491319
0.0127644 -0.087542  0.491319
0.0127644 -0.087542  0.491319
0.0127644 -0.087542  0.491319
0.0127644 -0.087542  0.491319
0.0127644 -0.087542  0.491319
0.0127644 -0.087542  0.491319
0.0127644 -0.087542  0.491319
0.0127644 -0.087542  0.491319
0.0127644 -0.087542  0.491319
0.0127644 -0.087542  0.491319
0.0127644 -0.087542  0.491319
0.0127644 -0.087542  0.491319
0.0127644 -0.087542  0.491319
0.0127644 -0.087542  0.491319
0.0127644 -0.087542  0.491319
0.0127644 -0.087542  0.491319
0.0127644 -0.087542  0.491319
0.0127644 -0.087542  0.491319
0.0127644 -0.087542  0.491319
0.0127644 -0.087542  0.491319
0.0127644 -0.087542  0.491319
0.0127644 -0.087542  0.491319
0.0127644 -0.087542  0.491319
0.0127644 -0.087542  0.491319
0.0127644 -0.087542  0.491319
0.0127644 -0.087542  0.491319
0.0127644 -0.087542  0.491319
0.0127644 -0.087542  0.491319
0.0127644 -0.087542  0.491319
0.0127644 -0.087542  0.491319
0.0127644 -0.087542  0.491319
0.0127644 -0.087542  0.491319
0.0127644 -0.087542  0.491319
0.0127644 -0.087542  0.491319
0.0127644 -0.087542  0.491319
0.0127644 -0.087542  0.491319
0.0127644 -0.087542  0.491319
0.0127644 -0.087542  0.491319
0.0127644 -0.087542  0.491319
0.0127644 -0.087542  0.491319
0.0127644 -0.087542  0.491319
0.0127644 -0.087542  0.491319
0.0127644 -0.087542  0.491319
0.0127644 -0.087542  0.491319
0.0127644 -0.087542  0.491319
0.0127644 -0.087542  0.491319
0.0127644 -0.087542  0.491319
0.0127644 -0.087542  0.491319
0.0127644 -0.087542  0.491319
0.0127644 -0.087542  0.491319
0.0127644 -0.087542  0.491319
0.0127644 -0.087542  0.491319
0.0127644 -0.087542  0.491319
0.0127644 -0.087542  0.491319
0.0127644 -0.087542  0.491319
0.0127644 -0.087542  0.491319
0.0127644 -0.087542  0.491319
0.0127644 -0.087542  0.491319
0.0127644 -0.087542  0.491319
0.0127644 -0.087542  0.491319
0.0127644 -0.087542  0.491319
0.0127644 -0.087542  0.491319
0.0127644 -0.087542  0.491319
0.0127644 -0.087542  0.491319
0.0127644 -0.087542  0.491319
0.0127644 -0.087542  0.491319
0.0127644 -0.087542  0.491319
0.0127644 -0.087542  0.491319
0.0127644 -0.087542  0.491319
0.0127644 -0.087542  0.491319
0.0127644 -0.087542  0.491319
0.0127644 -0.087542  0.491319
0.0127644 -0.087542  0.491319
0.0127644 -0.087542  0.491319
0.0127644 -0.087542  0.491319
0.0127644 -0.087542  0.491319
0.0127644 -0.087542  0.491319
0.0127644 -0.087542  0.491319
0.0127644 -0.087542  0.491319
0.0127644 -0.087542  0.491319
0.0127644 -0.087542  0.491319
0.0127644 -0.087542  0.491319
0.0127644 -0.087542  0.491319
0.0127644 -0.087542  0.491319
0.0127644 -0.087542  0.491319
0.0127644 -0.087542  0.491319
0.0127644 -0.087542  0.491319
0.0127644 -0.087542  0.491319
0.0127644 -0.087542  0.491319
0.0127644 -0.087542  0.491319
0.0127644 -0.087542  0.491319
0.0127644 -0.087542  0.491319
0.0127644 -0.087542  0.491319
0.0127644 -0.087542  0.491319
0.0127644 -0.087542  0.491319
0.0127644 -0.087542  0.491319
0.0127644 -0.087542  0.491319
0.0127644 -0.087542  0.491319
0.0127644 -0.087542  0.491319
0.0127644 -0.087542  0.491319
0.0127644 -0.087542  0.491319
0.0127644 -0.087542  0.491319
0.0127644 -0.087542  0.491319
0.0127644 -0.087542  0.491319
0.0127644 -0.087542  0.491319
0.0127644 -0.087542  0.491319
0.0127644 -0.087542  0.491319
0.0127644 -0.087542  0.491319
0.0127644 -0.087542  0.491319
0.0127644 -0.087542  0.491319
0.0127644 -0.087542  0.491319
0.0127644 -0.087542  0.491319
0.0127644 -0.087542  0.491319
0.0127644 -0.087542  0.491319
0.0127644 -0.087542  0.491319
0.0127644 -0.087542  0.491319
0.0127644 -0.087542  0.491319
0.0127644 -0.087542  0.491319
0.0127644 -0.087542  0.491319
0.0127644 -0.087542  0.491319
0.0127644 -0.087542  0.491319
0.0127644 -0.087542  0.491319
0.0127644 -0.087542  0.491319
0.0127644 -0.087542  0.491319
0.0127644 -0.087542  0.491319
0.0127644 -0.087542  0.491319
0.0127644 -0.087542  0.491319
0.0127644 -0.087542  0.491319
0.0127644 -0.087542  0.491319
0.0127644 -0.087542  0.491319
0.0127644 -0.087542  0.491319
0.0127644 -0.087542  0.491319
0.0127644 -0.087542  0.491319
0.0127644 -0.087542  0.491319
0.0127644 -0.087542  0.491319
0.0127644 -0.087542  0.491319
0.0127644 -0.087542  0.491319
0.0127644 -0.087542  0.491319
0.0127644 -0.087542  0.491319
0.0127644 -0.087542  0.491319
0.0127644 -0.087542  0.491319
0.0127644 -0.087542  0.491319
0.0127644 -0.087542  0.491319
0.0127644 -0.087542  0.491319
0.0127644 -0.087542  0.491319
0.0127644 -0.087542  0.491319
0.0127644 -0.087542  0.491319
0.0127644 -0.087542  0.491319
0.0127644 -0.087542  0.491319
0.0127644 -0.087542  0.491319
0.0127644 -0.087542  0.491319
0.0127644 -0.087542  0.491319
0.0127644 -0.087542  0.491319
0.0127644 -0.087542  0.491319
0.0127644 -0.087542  0.491319
0.0127644 -0.087542  0.491319
0.0127644 -0.087542  0.491319
0.0127644 -0.087542  0.491319
0.0127644 -0.087542  0.491319
0.0127644 -0.087542  0.491319
0.0127644 -0.087542  0.491319
0.0127644 -0.087542  0.491319
0.0127644 -0.087542  0.491319
0.0127644 -0.087542  0.491319
0.0127644 -0.087542  0.491319
0.0127644 -0.087542  0.491319
0.0127644 -0.087542  0.491319
0.0127644 -0.087542  0.491319
0.0127644 -0.087542  0.491319
0.0127644 -0.087542  0.491319
0.0127644 -0.087542  0.491319
0.0127644 -0.087542  0.491319
0.0127644 -0.087542  0.491319
0.0127644 -0.087542  0.491319
0.0127644 -0.087542  0.491319
0.0127644 -0.087542  0.491319
0.0127644 -0.087542  0.491319
0.0127644 -0.087542  0.491319
0.0127644 -0.087542  0.491319
0.0127644 -0.087542  0.491319
0.0127644 -0.087542  0.491319
0.0127644 -0.087542  0.491319
0.0127644 -0.087542  0.491319
0.0127644 -0.087542  0.491319
0.0127644 -0.087542  0.491319
0.0127644 -0.087542  0.491319
0.0127644 -0.087542  0.491319
0.0127644 -0.087542  0.491319
0.0127644 -0.087542  0.491319
0.0127644 -0.087542  0.491319
0.0127644 -0.087542  0.491319
0.0127644 -0.087542  0.491319
0.0127644 -0.087542  0.491319
0.0127644 -0.087542  0.491319
0.0127644 -0.087542  0.491319
0.0127644 -0.087542  0.491319
0.0127644 -0.087542  0.491319
0.0127644 -0.087542  0.491319
0.0127644 -0.087542  0.491319
0.0127644 -0.087542  0.491319
0.0127644 -0.087542  0.491319
0.0127644 -0.087542  0.491319
0.0127644 -0.087542  0.491319
0.0127644 -0.087542  0.491319
0.0127644 -0.087542  0.491319
0.0127644 -0.087542  0.491319
0.0127644 -0.087542  0.491319
0.0127644 -0.087542  0.491319
0.0127644 -0.087542  0.491319
0.0127644 -0.087542  0.491319
0.0127644 -0.087542  0.491319
0.0127644 -0.087542  0.491319
0.0127644 -0.087542  0.491319
0.0127644 -0.087542  0.491319
0.0127644 -0.087542  0.491319
0.0127644 -0.087542  0.491319
0.0127644 -0.087542  0.491319
0.0127644 -0.087542  0.491319
0.0127644 -0.087542  0.491319
0.0127644 -0.087542  0.491319
0.0127644 -0.087542  0.491319
0.0127644 -0.087542  0.491319
0.0127644 -0.087542  0.491319
0.0127644 -0.087542  0.491319
0.0127644 -0.087542  0.491319
0.0127644 -0.087542  0.491319
0.0127644 -0.087542  0.491319
0.0127644 -0.087542  0.491319
0.0127644 -0.087542  0.491319
0.0127644 -0.087542  0.491319
0.0127644 -0.087542  0.491319
0.0127644 -0.087542  0.491319
0.0127644 -0.087542  0.491319
0.0127644 -0.087542  0.491319
0.0127644 -0.087542  0.491319
0.0127644 -0.087542  0.491319
0.0127644 -0.087542  0.491319
0.0127644 -0.087542  0.491319
0.0127644 -0.087542  0.491319
0.0127644 -0.087542  0.491319
0.0127644 -0.087542  0.491319
0.0127644 -0.087542  0.491319
0.0127644 -0.087542  0.491319
0.0127644 -0.087542  0.491319
0.0127644 -0.087542  0.491319
0.0127644 -0.087542  0.491319
0.0127644 -0.087542  0.491319
0.0127644 -0.087542  0.491319
0.0127644 -0.087542  0.491319
0.0127644 -0.087542  0.491319
0.0127644 -0.087542  0.491319
0.0127644 -0.087542  0.491319
0.0127644 -0.087542  0.491319
0.0127644 -0.087542  0.491319
0.0127644 -0.087542  0.491319
0.0127644 -0.087542  0.491319
0.0127644 -0.087542  0.491319
0.0127644 -0.087542  0.491319
0.0127644 -0.087542  0.491319
0.0127644 -0.087542  0.491319
0.0127644 -0.087542  0.491319
0.0127644 -0.087542  0.491319
0.0127644 -0.087542  0.491319
0.0127644 -0.087542  0.491319
0.0127644 -0.087542  0.491319
0.0127644 -0.087542  0.491319
0.0127644 -0.087542  0.491319
0.0127644 -0.087542  0.491319
0.0127644 -0.087542  0.491319
0.0127644 -0.087542  0.491319
0.0127644 -0.087542  0.491319
0.0127644 -0.087542  0.491319
0.0127644 -0.087542  0.491319
0.0127644 -0.087542  0.491319
0.0127644 -0.087542  0.491319
