 0.268951 -0.326176  0.607929
 0.268951 -0.326176  0.607929
 0.268916 -0.326203  0.607895
 0.268873 -0.326235  0.607858
 0.268826 -0.326267  0.607817
 0.268778 -0.326301  0.607779
 0.268731 -0.326333  0.607746
 0.268686 -0.326364  0.607715
0.268646 -0.32639 0.607691
 0.268609 -0.326415  0.607667
 0.268555 -0.326429  0.607638
 0.268553 -0.326449  0.607639
 0.268537 -0.326455  0.607637
 0.268525 -0.326458  0.607631
 0.268524 -0.326453  0.607633
 0.268529 -0.326441  0.607661
 0.268567 -0.326395  0.607668
 0.268596 -0.326362  0.607684
 0.268634 -0.326318  0.607709
0.268678 -0.32627 0.607728
 0.268726 -0.326215  0.607751
 0.268769 -0.326198  0.607786
 0.268839 -0.326083  0.607797
 0.268901 -0.326009  0.607822
 0.268963 -0.325931  0.607842
 0.268963 -0.325931  0.607842
 0.269025 -0.325849  0.607864
 0.269096 -0.325707  0.607861
 0.269207 -0.325588  0.607897
 0.269209 -0.325527  0.607876
 0.269314 -0.325406  0.607898
 0.269314 -0.325406  0.607898
 0.269361 -0.325312   0.60789
0.269404 -0.32522 0.607877
  0.26944 -0.325126  0.607854
 0.269498 -0.324939  0.607792
 0.269518 -0.324844  0.607751
 0.269533 -0.324751  0.607702
 0.269543 -0.324655  0.607646
0.269548 -0.32456 0.607583
 0.269548 -0.324461  0.607511
 0.269549 -0.324362  0.607443
 0.269542 -0.324258  0.607357
 0.269533 -0.324152  0.607265
0.269526 -0.32403 0.607153
  0.26951 -0.323925  0.607062
 0.269498 -0.323802  0.606952
  0.26948 -0.323664  0.606824
 0.269468 -0.323527  0.606703
 0.269457 -0.323385  0.606571
 0.269449 -0.323219  0.606432
 0.269442 -0.323075  0.606296
 0.269438 -0.322906   0.60615
 0.269438 -0.322728  0.606001
 0.269441 -0.322543  0.605844
 0.269448 -0.322347  0.605686
 0.269457 -0.322144  0.605519
 0.269472 -0.321929  0.605353
 0.269488 -0.321708  0.605176
 0.269508 -0.321475  0.604998
 0.269531 -0.321235  0.604815
 0.269557 -0.320988  0.604627
 0.269586 -0.320731  0.604436
 0.269617 -0.320465  0.604215
 0.269649 -0.320196  0.604014
 0.269681 -0.319919  0.603805
0.269714 -0.31964 0.603617
 0.269748 -0.319351  0.603402
 0.269782 -0.319058   0.60318
 0.269815 -0.318762  0.602954
0.269847 -0.31846 0.602722
 0.269879 -0.318155  0.602489
 0.269909 -0.317849  0.602245
 0.269939 -0.317538  0.602004
 0.269961 -0.317287  0.601801
 0.269987 -0.316974  0.601546
 0.270013 -0.316657   0.60129
 0.270038 -0.316338  0.601027
 0.270062 -0.316018  0.600762
 0.270086 -0.315694  0.600489
 0.270109 -0.315367  0.600214
0.270134 -0.31504 0.599935
 0.270168 -0.314743  0.599675
 0.270194 -0.314407  0.599391
 0.270222 -0.314068  0.599101
 0.270253 -0.313725  0.598812
 0.270285 -0.313381  0.598515
 0.270314 -0.312991  0.598198
 0.270353 -0.312638  0.597894
 0.270397 -0.312278  0.597594
 0.270445 -0.311913  0.597294
 0.270498 -0.311547  0.596991
 0.270557 -0.311174  0.596691
 0.270619 -0.310797  0.596387
 0.270689 -0.310416  0.596089
 0.270763 -0.310032  0.595785
 0.270843 -0.309645  0.595483
 0.270929 -0.309252  0.595185
 0.271021 -0.308856  0.594885
 0.271119 -0.308457  0.594588
 0.271222 -0.308056  0.594289
 0.271332 -0.307649  0.593996
0.271446 -0.30724 0.593698
 0.271566 -0.306828  0.593403
 0.271691 -0.306413  0.593111
 0.271821 -0.305995  0.592817
 0.271955 -0.305577  0.592523
0.271983 -0.30514 0.592061
 0.272238 -0.304729  0.591939
 0.272385 -0.304303  0.591645
 0.272536 -0.303874  0.591357
  0.27269 -0.303444   0.59106
 0.272847 -0.303016  0.590766
 0.273008 -0.302585  0.590472
 0.273171 -0.302152  0.590178
 0.273336 -0.301719  0.589884
 0.273504 -0.301285  0.589588
 0.273675 -0.300851  0.589295
 0.273846 -0.300417  0.588996
  0.27402 -0.299984  0.588698
 0.274197 -0.299551  0.588401
 0.274375 -0.299118  0.588102
 0.274556 -0.298683  0.587806
 0.274737 -0.298251  0.587507
 0.274923 -0.297817  0.587211
 0.275108 -0.297385  0.586911
 0.275297 -0.296952  0.586613
0.275488 -0.29652 0.586316
 0.275681 -0.296087  0.586019
 0.275877 -0.295656  0.585724
 0.276075 -0.295225  0.585426
 0.276277 -0.294793  0.585133
 0.27648 -0.29436 0.584837
 0.276688 -0.293928  0.584547
 0.276897 -0.293495   0.58425
 0.277109 -0.293061  0.583957
 0.277325 -0.292626  0.583665
 0.277542 -0.292192  0.583371
 0.277764 -0.291755  0.583081
 0.277987 -0.291318  0.582787
 0.278214 -0.290879  0.582498
0.278441 -0.29044 0.582202
 0.278672 -0.289998  0.581911
 0.278905 -0.289557  0.581618
  0.27914 -0.289113  0.581323
  0.27936 -0.288965  0.581236
 0.279615 -0.288225  0.580732
 0.279864 -0.287784  0.580457
 0.279864 -0.287784  0.580457
 0.280348 -0.286886  0.579861
  0.28059 -0.286436  0.579557
 0.280833 -0.285986  0.579255
 0.281078 -0.285533  0.578952
 0.281078 -0.285533  0.578952
 0.281559 -0.284623  0.578323
 0.281811 -0.284175  0.578029
0.282057 -0.28372 0.577721
0.282057 -0.28372 0.577721
 0.282292 -0.283263  0.577388
 0.282537 -0.282808  0.577075
 0.282782 -0.282354   0.57676
 0.283034 -0.281903  0.576458
 0.283278 -0.281449   0.57614
 0.283521 -0.280993  0.575818
 0.283779 -0.280517  0.575472
 0.284025 -0.280032  0.575123
 0.284269 -0.279577  0.574797
  0.28451 -0.279124   0.57447
0.284752 -0.27867 0.574142
 0.284994 -0.278216  0.573814
 0.285235 -0.277763  0.573484
0.285476 -0.27731 0.573156
 0.285723 -0.276861  0.572839
 0.285964 -0.276409  0.572512
 0.286444 -0.275506  0.571845
 0.286678 -0.275052  0.571499
 0.286894 -0.274651  0.571197
 0.287136 -0.274199  0.570866
 0.287377 -0.273747  0.570531
  0.28762 -0.273293  0.570201
 0.287862 -0.272838  0.569862
0.288106 -0.27238 0.569525
 0.288352 -0.271918   0.56919
 0.288598 -0.271456  0.568852
 0.288846 -0.270989  0.568515
 0.289095 -0.270521  0.568174
 0.289346 -0.270048  0.567837
 0.289596 -0.269575  0.567493
 0.289848 -0.269097  0.567152
 0.290101 -0.268619  0.566811
0.290354 -0.26814 0.566467
 0.290608 -0.267658  0.566126
 0.290861 -0.267175  0.565782
 0.291115 -0.266691  0.565442
 0.291368 -0.266208  0.565096
  0.29162 -0.265724  0.564753
 0.291878 -0.265245  0.564422
 0.292128 -0.264762  0.564078
 0.292377 -0.264281  0.563735
 0.292625 -0.263801  0.563391
 0.292872 -0.263323  0.563049
 0.293116 -0.262846  0.562704
 0.293374 -0.262345  0.562341
 0.293614 -0.261871  0.561994
0.293854  -0.2614  0.56165
0.294092 -0.26093 0.561308
 0.294328 -0.260464  0.560964
 0.294563 -0.259998  0.560622
   0.2948 -0.259508  0.560256
 0.295033 -0.259046  0.559916
 0.295262 -0.258586  0.559571
 0.295491 -0.258127  0.559229
 0.29572 -0.25767 0.558888
 0.295947 -0.257214  0.558547
 0.296174 -0.256758  0.558208
   0.2964 -0.256303  0.557867
0.296627 -0.25585 0.557528
 0.296854 -0.255393  0.557187
  0.29708 -0.254938  0.556852
0.297306 -0.25448  0.55651
 0.297532 -0.254023  0.556171
 0.297766 -0.253566  0.555844
 0.297993 -0.253105  0.555505
 0.298222 -0.252639  0.555169
0.298444 -0.25217  0.55482
 0.298681 -0.251704  0.554495
 0.298909 -0.251235  0.554155
  0.29914 -0.250762  0.553817
 0.299369 -0.250289   0.55348
   0.2996 -0.249814  0.553142
 0.299829 -0.249339  0.552807
 0.300058 -0.248861   0.55247
 0.300286 -0.248385  0.552136
 0.300514 -0.247908    0.5518
 0.300752 -0.247406  0.551451
 0.300977 -0.246932  0.551113
 0.301203 -0.246443  0.550756
 0.301421 -0.245993  0.550452
 0.301643 -0.245511  0.550096
 0.30186 -0.24505  0.54977
 0.302073 -0.244596  0.549443
 0.302285 -0.244145  0.549122
 0.302493 -0.243702  0.548796
 0.302698 -0.243263  0.548476
 0.302901 -0.242834  0.548157
 0.303101 -0.242408   0.54784
0.303298 -0.24199 0.547528
 0.303492 -0.241577  0.547215
 0.303685 -0.241171   0.54691
 0.303879 -0.240778  0.546609
 0.304065 -0.240385  0.546304
 0.304251 -0.239996  0.546002
 0.304433 -0.239615  0.545701
 0.304615 -0.239238  0.545404
 0.304794 -0.238865  0.545107
 0.304972 -0.238495  0.544813
 0.30515 -0.23813 0.544521
 0.305334 -0.237745  0.544216
  0.30551 -0.237387  0.543929
 0.305684 -0.237029  0.543642
 0.305859 -0.236674  0.543361
 0.306032 -0.236321  0.543076
 0.306205 -0.235973  0.542795
 0.306381 -0.235596  0.542496
 0.306555 -0.235247  0.542218
 0.306726 -0.234901  0.541946
 0.306898 -0.234555  0.541671
 0.307068 -0.234216  0.541399
 0.307241 -0.233873   0.54113
 0.307409 -0.233536  0.540864
  0.30758 -0.233198  0.540601
 0.307747 -0.232866  0.540338
 0.307917 -0.232533  0.540081
 0.308081 -0.232207  0.539821
 0.308247 -0.231881  0.539566
  0.30841 -0.231564  0.539312
 0.308574 -0.231246   0.53906
 0.308734 -0.230935  0.538814
 0.308894 -0.230626  0.538566
  0.30905 -0.230326  0.538322
 0.309207 -0.230027  0.538081
 0.309359 -0.229737  0.537842
 0.309511 -0.229449  0.537607
 0.309666 -0.229183  0.537381
 0.309815 -0.228908  0.537151
 0.309958 -0.228642  0.536919
 0.310101 -0.228379  0.536692
  0.31024 -0.228126  0.536469
 0.310379 -0.227876  0.536246
 0.310515 -0.227636  0.536029
 0.310649 -0.227401  0.535809
 0.310781 -0.227172  0.535599
 0.310911 -0.226947  0.535383
 0.311038 -0.226731  0.535173
 0.311166 -0.226517  0.534967
  0.31129 -0.226311  0.534762
  0.31142 -0.226093  0.534553
  0.31154 -0.225898  0.534352
 0.311663 -0.225705  0.534154
 0.311782 -0.225518   0.53396
 0.311903 -0.225332  0.533768
  0.31202 -0.225154   0.53358
 0.312139 -0.224976  0.533392
 0.312256 -0.224804  0.533213
 0.312373 -0.224624  0.533003
 0.312488 -0.224458  0.532824
 0.312604 -0.224296  0.532649
 0.312719 -0.224137  0.532475
 0.312833 -0.223985  0.532307
 0.312946 -0.223832  0.532137
 0.313058 -0.223685  0.531972
 0.313171 -0.223539  0.531811
 0.313282 -0.223399  0.531652
 0.313393 -0.223262  0.531497
 0.313502 -0.223129  0.531342
 0.313619 -0.223014  0.531206
0.313728 -0.22288  0.53105
 0.313834 -0.222761  0.530904
  0.31394 -0.222645  0.530763
 0.314043 -0.222536  0.530623
 0.314147 -0.222412  0.530468
 0.314247 -0.222312  0.530332
 0.314345 -0.222219  0.530199
 0.314444 -0.222128   0.53007
 0.314538 -0.222045  0.529943
 0.314634 -0.221966  0.529817
 0.314726 -0.221892  0.529694
 0.314818 -0.221823  0.529577
0.314905 -0.22176 0.529456
 0.314993 -0.221699   0.52934
 0.315079 -0.221645  0.529228
 0.315165 -0.221592  0.529115
  0.31525 -0.221547  0.529007
 0.315332 -0.221503  0.528899
 0.315414 -0.221462  0.528794
 0.315496 -0.221424  0.528691
 0.315583 -0.221402  0.528603
 0.315665 -0.221363  0.528501
 0.315744 -0.221333  0.528403
 0.315825 -0.221303  0.528309
 0.315904 -0.221274  0.528212
 0.315983 -0.221245  0.528119
 0.316062 -0.221216  0.528028
 0.316139 -0.221189  0.527938
  0.31622 -0.221159   0.52785
 0.316297 -0.221132  0.527762
 0.316378 -0.221103  0.527679
 0.316454 -0.221067   0.52757
 0.316533 -0.221037  0.527487
 0.316612 -0.221009  0.527404
  0.31669 -0.220979  0.527322
  0.31677 -0.220949  0.527245
 0.316848 -0.220919  0.527164
 0.316926 -0.220889  0.527087
0.317004 -0.22086 0.527013
 0.317082 -0.220834  0.526937
 0.317159 -0.220806  0.526866
 0.317243 -0.220793  0.526806
 0.317321 -0.220767   0.52674
 0.317395 -0.220745  0.526669
  0.31747 -0.220724  0.526603
 0.317544 -0.220705  0.526539
0.317617 -0.22069 0.526474
  0.31769 -0.220672  0.526414
 0.317761 -0.220661   0.52635
0.317831 -0.22065 0.526291
   0.3179 -0.220642  0.526233
 0.317968 -0.220623   0.52616
 0.318036 -0.220619  0.526106
 0.318102 -0.220618   0.52605
 0.318169 -0.220618  0.525999
0.318232 -0.22062 0.525944
 0.318296 -0.220627  0.525891
  0.31836 -0.220632  0.525841
0.318422 -0.22064 0.525792
 0.318485 -0.220649  0.525745
 0.318546 -0.220658  0.525697
 0.318607 -0.220669  0.525651
0.318668 -0.22068 0.525606
 0.318729 -0.220694  0.525561
  0.31879 -0.220705  0.525519
  0.31885 -0.220717  0.525476
 0.318912 -0.220729  0.525437
0.318971 -0.22074 0.525394
0.319032 -0.22075 0.525354
0.319093 -0.22076 0.525315
 0.319153 -0.220771  0.525274
 0.319215 -0.220779  0.525238
 0.319275 -0.220786  0.525198
 0.319336 -0.220792  0.525161
 0.319397 -0.220797  0.525125
 0.319458 -0.220802  0.525088
  0.31952 -0.220805  0.525053
 0.31958 -0.22081 0.525016
 0.319648 -0.220822  0.524993
 0.319708 -0.220824  0.524956
 0.319768 -0.220825  0.524922
 0.319829 -0.220826  0.524888
 0.319888 -0.220825  0.524855
 0.319948 -0.220828  0.524822
 0.320004 -0.220825  0.524772
 0.320064 -0.220826  0.524744
  0.32012 -0.220831  0.524706
 0.320177 -0.220833  0.524674
 0.320233 -0.220836  0.524644
 0.320288 -0.220841  0.524612
 0.320343 -0.220847  0.524584
 0.320396 -0.220854  0.524552
  0.32045 -0.220862  0.524523
 0.320502 -0.220873  0.524494
 0.320554 -0.220884  0.524466
 0.320606 -0.220896   0.52444
 0.320656 -0.220909  0.524413
 0.320708 -0.220924  0.524391
0.320756 -0.22094 0.524362
 0.320806 -0.220956  0.524338
 0.320855 -0.220976  0.524314
 0.320903 -0.220994   0.52429
 0.320953 -0.221012   0.52427
 0.321005 -0.221041  0.524256
0.321054 -0.22106 0.524232
 0.321102 -0.221079  0.524212
  0.32115 -0.221097  0.524191
 0.321198 -0.221118   0.52417
 0.321245 -0.221135  0.524148
 0.321294 -0.221152  0.524131
 0.321341 -0.221168  0.524108
 0.321393 -0.221179   0.52408
 0.321439 -0.221186  0.524056
 0.321487 -0.221199  0.524035
 0.321536 -0.221211  0.524017
 0.321584 -0.221222  0.523996
 0.321632 -0.221232  0.523975
  0.32168 -0.221241  0.523956
 0.321729 -0.221252  0.523935
0.321777 -0.22126 0.523916
 0.321825 -0.221268  0.523896
 0.321874 -0.221275   0.52388
 0.321925 -0.221291  0.523864
 0.321973 -0.221298  0.523845
  0.32202 -0.221304  0.523829
 0.322067 -0.221313  0.523808
0.322114 -0.22132 0.523792
 0.322159 -0.221328  0.523772
 0.322206 -0.221336  0.523757
  0.32225 -0.221344  0.523735
 0.322294 -0.221353  0.523717
 0.322339 -0.221363    0.5237
 0.322381 -0.221373  0.523668
 0.322425 -0.221384  0.523653
 0.322466 -0.221396  0.523634
 0.322508 -0.221411  0.523616
  0.32255 -0.221425    0.5236
 0.322591 -0.221439  0.523583
 0.322632 -0.221454  0.523569
0.322672 -0.22147 0.523552
 0.322713 -0.221486   0.52354
 0.322752 -0.221503  0.523521
0.322791 -0.22152 0.523507
 0.322831 -0.221539  0.523491
 0.322874 -0.221565  0.523483
 0.322914 -0.221582  0.523471
 0.322949 -0.221591  0.523449
 0.322988 -0.221608  0.523435
 0.323028 -0.221624  0.523422
0.323067 -0.22164 0.523408
 0.323107 -0.221657  0.523396
 0.323146 -0.221671  0.523381
 0.323186 -0.221685  0.523373
 0.323225 -0.221699  0.523355
 0.323264 -0.221711  0.523342
 0.323308 -0.221731  0.523335
 0.323347 -0.221742  0.523321
 0.323388 -0.221752   0.52331
 0.323427 -0.221763  0.523294
 0.323467 -0.221772  0.523281
0.323507 -0.22178 0.523268
 0.323546 -0.221787  0.523257
 0.323586 -0.221794  0.523244
 0.323625 -0.221801   0.52323
 0.323665 -0.221807   0.52322
 0.323703 -0.221816  0.523202
 0.323741 -0.221821  0.523188
  0.32378 -0.221827  0.523175
 0.323818 -0.221834   0.52316
0.323856 -0.22184 0.523147
 0.323892 -0.221847  0.523132
  0.32393 -0.221843   0.52311
 0.323967 -0.221851  0.523097
 0.324002 -0.221859  0.523083
 0.324039 -0.221868   0.52307
 0.324073 -0.221877  0.523056
 0.324109 -0.221888  0.523046
 0.324143 -0.221901  0.523028
 0.324177 -0.221913  0.523015
  0.32421 -0.221925  0.523004
 0.324244 -0.221938   0.52299
 0.324277 -0.221952  0.522981
  0.32431 -0.221966  0.522967
 0.324342 -0.221981  0.522956
 0.324375 -0.221999  0.522943
 0.324407 -0.222014  0.522932
 0.32444 -0.22203 0.522923
 0.324472 -0.222046  0.522911
 0.324505 -0.222062  0.522904
 0.324536 -0.222077  0.522891
 0.324569 -0.222092  0.522883
 0.324604 -0.222114  0.522878
0.324636 -0.22213 0.522866
 0.324669 -0.222143  0.522858
 0.324702 -0.222156  0.522846
 0.324736 -0.222168   0.52284
0.324767 -0.22218 0.522816
   0.3248 -0.222189  0.522805
 0.324833 -0.222198  0.522796
 0.324866 -0.222206  0.522783
   0.3249 -0.222214  0.522775
0.324932 -0.22222 0.522762
 0.324965 -0.222225   0.52275
 0.324999 -0.222233  0.522739
 0.325031 -0.222237  0.522727
 0.325065 -0.222241  0.522718
 0.325097 -0.222244  0.522704
 0.325131 -0.222248  0.522697
 0.325162 -0.222251  0.522682
 0.325194 -0.222255   0.52267
 0.325226 -0.222258   0.52266
 0.325258 -0.222265  0.522647
  0.32529 -0.222269  0.522639
  0.32532 -0.222274  0.522626
 0.325353 -0.222286  0.522618
 0.325383 -0.222292  0.522608
 0.325413 -0.222299  0.522597
 0.325443 -0.222306  0.522588
 0.325472 -0.222313  0.522577
 0.325502 -0.222324  0.522571
  0.32553 -0.222333  0.522559
 0.325558 -0.222343  0.522549
 0.325586 -0.222353   0.52254
 0.325614 -0.222363  0.522529
 0.325642 -0.222375  0.522521
  0.32567 -0.222376  0.522504
 0.325697 -0.222388  0.522495
0.325725  -0.2224 0.522486
 0.325752 -0.222411  0.522476
 0.325779 -0.222422  0.522468
 0.325805 -0.222434  0.522458
 0.325833 -0.222445  0.522452
 0.325859 -0.222459  0.522439
0.325886 -0.22247  0.52243
 0.325914 -0.222481  0.522422
  0.32594 -0.222491  0.522412
 0.325968 -0.222502  0.522406
 0.325995 -0.222511  0.522395
0.326022 -0.22252 0.522386
 0.326051 -0.222536  0.522381
 0.326079 -0.222546  0.522372
 0.326106 -0.222554  0.522364
 0.326132 -0.222555  0.522352
 0.326161 -0.222562  0.522347
 0.326188 -0.222568  0.522336
 0.326215 -0.222574  0.522327
 0.326243 -0.222579  0.522319
 0.326271 -0.222584   0.52231
 0.326299 -0.222588  0.522303
 0.326326 -0.222595  0.522291
 0.326356 -0.222605  0.522289
 0.326382 -0.222609  0.522277
 0.326409 -0.222613  0.522267
 0.326436 -0.222616  0.522259
 0.326463 -0.222619  0.522252
  0.32649 -0.222623  0.522246
 0.326515 -0.222627  0.522234
 0.326541 -0.222634  0.522224
 0.326567 -0.222638  0.522215
 0.326592 -0.222643  0.522206
 0.326618 -0.222649  0.522198
 0.326642 -0.222656   0.52218
0.326668 -0.22266 0.522183
 0.326691 -0.222666   0.52217
 0.326715 -0.222673  0.522161
 0.326739 -0.222682  0.522152
 0.326763 -0.222689  0.522142
 0.326787 -0.222696  0.522136
  0.32681 -0.222704  0.522126
 0.326833 -0.222712  0.522117
 0.326856 -0.222722  0.522101
0.326879 -0.22273 0.522092
 0.326903 -0.222739  0.522086
 0.326926 -0.222747  0.522076
  0.32695 -0.222755  0.522072
 0.326972 -0.222763   0.52206
 0.326995 -0.222771  0.522051
 0.327019 -0.222781  0.522043
 0.327042 -0.222788  0.522035
 0.327066 -0.222795   0.52203
 0.327088 -0.222802   0.52202
 0.327112 -0.222809  0.522012
 0.327136 -0.222815  0.522005
0.327159 -0.22282 0.521997
 0.327183 -0.222826  0.521991
 0.327206 -0.222831  0.521982
 0.327231 -0.222837  0.521978
 0.327254 -0.222842  0.521966
 0.327277 -0.222846  0.521959
 0.327301 -0.222849  0.521953
 0.327326 -0.222858  0.521946
  0.32735 -0.222862   0.52194
 0.327373 -0.222865   0.52193
 0.327396 -0.222868  0.521923
 0.327419 -0.222871  0.521916
 0.327443 -0.222875  0.521909
 0.327468 -0.222868  0.521901
  0.32749 -0.222871  0.521892
 0.327514 -0.222874  0.521887
 0.327535 -0.222878  0.521877
 0.327557 -0.222884  0.521868
 0.327579 -0.222888   0.52186
 0.327601 -0.222892  0.521852
 0.327623 -0.222897  0.521847
 0.327643 -0.222902  0.521837
 0.327664 -0.222907  0.521829
 0.327685 -0.222913  0.521822
 0.327706 -0.222919  0.521815
 0.327727 -0.222928  0.521807
 0.327747 -0.222935  0.521799
 0.327768 -0.222942  0.521795
 0.327787 -0.222949  0.521785
 0.327807 -0.222957  0.521777
 0.327827 -0.222964  0.521771
 0.327846 -0.222972  0.521763
 0.327867 -0.222979  0.521759
 0.327886 -0.222986   0.52175
 0.327906 -0.222996  0.521741
 0.327927 -0.223008  0.521736
 0.327946 -0.223009  0.521728
 0.327966 -0.223015  0.521722
 0.327986 -0.223021  0.521715
 0.328007 -0.223032  0.521711
 0.328027 -0.223037  0.521702
 0.328047 -0.223042  0.521695
 0.328068 -0.223045  0.521692
 0.328088 -0.223052  0.521678
 0.328109 -0.223055  0.521673
 0.328129 -0.223058  0.521664
 0.328151 -0.223061  0.521662
 0.328171 -0.223066  0.521649
 0.328191 -0.223067  0.521642
 0.328212 -0.223069  0.521636
 0.328232 -0.223071  0.521628
 0.328253 -0.223072  0.521624
 0.328273 -0.223074  0.521614
 0.328293 -0.223075  0.521607
 0.328314 -0.223076    0.5216
 0.328333 -0.223077  0.521592
 0.328354 -0.223081  0.521586
 0.328373 -0.223082  0.521577
 0.328394 -0.223084  0.521575
 0.328412 -0.223086  0.521563
 0.328431 -0.223089  0.521556
 0.328451 -0.223092   0.52155
 0.328469 -0.223095  0.521543
 0.328489 -0.223098  0.521538
 0.328506 -0.223102  0.521529
 0.328525 -0.223109  0.521521
 0.328543 -0.223113  0.521515
 0.328561 -0.223118  0.521508
 0.328579 -0.223124  0.521503
 0.328597 -0.223129  0.521495
 0.328615 -0.223136  0.521493
 0.328632 -0.223142  0.521483
 0.328649 -0.223148  0.521476
 0.328667 -0.223154  0.521471
 0.328684 -0.223162  0.521463
 0.328703 -0.223168  0.521459
 0.328719 -0.223174   0.52145
0.328737 -0.22318 0.521444
 0.328754 -0.223186  0.521439
 0.328772 -0.223191  0.521432
  0.32879 -0.223196  0.521427
 0.328809 -0.223198  0.521417
 0.328829 -0.223201  0.521417
 0.328846 -0.223205  0.521407
 0.328863 -0.223209  0.521401
 0.328881 -0.223212  0.521395
 0.328899 -0.223215  0.521388
 0.328918 -0.223218  0.521384
0.328935 -0.22322 0.521375
 0.328953 -0.223225  0.521368
 0.328971 -0.223227  0.521362
 0.328989 -0.223229  0.521355
0.329008 -0.22323 0.521349
 0.329025 -0.223232  0.521342
 0.329044 -0.223234  0.521339
 0.329061 -0.223235  0.521329
 0.329078 -0.223237  0.521322
 0.329096 -0.223238  0.521316
 0.329113 -0.223243  0.521308
 0.329131 -0.223244  0.521304
 0.329148 -0.223246  0.521295
 0.329165 -0.223249  0.521288
 0.329182 -0.223251  0.521282
 0.329198 -0.223254  0.521276
 0.329216 -0.223257   0.52127
0.329232 -0.22326 0.521263
 0.329249 -0.223264   0.52126
 0.329264 -0.223268  0.521251
  0.32928 -0.223274  0.521243
 0.329297 -0.223278  0.521237
 0.329312 -0.223282  0.521231
 0.329329 -0.223287  0.521227
 0.329343 -0.223292  0.521216
 0.329359 -0.223297   0.52121
0.329375  -0.2233 0.521207
 0.329391 -0.223305    0.5212
0.329407 -0.22331 0.521196
 0.329422 -0.223317  0.521187
 0.329439 -0.223321  0.521184
 0.329454 -0.223325  0.521175
 0.329469 -0.223329  0.521169
 0.329485 -0.223333  0.521164
 0.329501 -0.223337  0.521157
 0.329517 -0.223341  0.521154
 0.329532 -0.223344  0.521146
 0.329548 -0.223347  0.521139
0.329564 -0.22335 0.521134
  0.32958 -0.223355  0.521126
 0.329596 -0.223357  0.521122
 0.329612 -0.223359  0.521114
 0.329629 -0.223361  0.521112
 0.329644 -0.223364  0.521102
  0.32966 -0.223365  0.521096
 0.329676 -0.223367  0.521091
 0.329691 -0.223368  0.521084
 0.329708 -0.223369   0.52108
 0.329723 -0.223371  0.521072
 0.329739 -0.223376   0.52106
 0.329755 -0.223377  0.521055
  0.32977 -0.223378  0.521048
0.329786 -0.22338 0.521043
 0.329801 -0.223384  0.521035
 0.329801 -0.223384  0.521035
 0.329842 -0.223356  0.520997
 0.329846 -0.223389  0.521017
 0.329862 -0.223391  0.521011
 0.329876 -0.223398  0.521004
0.329892  -0.2234    0.521
 0.329906 -0.223403  0.520993
 0.329922 -0.223405  0.520991
 0.329935 -0.223409  0.520982
  0.32995 -0.223413  0.520977
 0.329964 -0.223417  0.520971
0.329979 -0.22342 0.520967
 0.329993 -0.223423  0.520959
 0.330008 -0.223427  0.520956
 0.330021 -0.223431  0.520948
 0.330036 -0.223434  0.520945
  0.33005 -0.223437   0.52094
  0.33005 -0.223437   0.52094
 0.330079 -0.223443  0.520929
 0.330094 -0.223449  0.520926
 0.330107 -0.223452  0.520917
 0.330121 -0.223454  0.520911
 0.330136 -0.223457  0.520906
 0.33015 -0.22346   0.5209
 0.330165 -0.223463  0.520897
 0.330179 -0.223465  0.520889
0.330197 -0.22344 0.520846
 0.330217 -0.223441  0.520857
 0.330226 -0.223447  0.520835
 0.330249 -0.223477   0.52086
 0.330259 -0.223476  0.520818
 0.330274 -0.223452  0.520838
 0.330281 -0.223455  0.520812
 0.330305 -0.223485  0.520838
 0.330305 -0.223485  0.520838
0.330328 -0.22346 0.520812
 0.330342 -0.223461  0.520809
 0.330355 -0.223463  0.520801
 0.330366 -0.223507  0.520788
0.330379 -0.22346 0.520773
 0.330397 -0.223462  0.520784
 0.330411 -0.223465   0.52078
 0.330415 -0.223492  0.520792
0.330441  -0.2235  0.52078
 0.330451 -0.223474  0.520761
