 0.269492 -0.328225  0.603716
 0.268976 -0.326155  0.607954
 0.268978 -0.326153  0.607951
 0.268984 -0.326146  0.607944
 0.268995 -0.326135  0.607931
  0.26901 -0.326119  0.607913
 0.269029 -0.326099  0.607891
 0.269052 -0.326074  0.607863
  0.26908 -0.326045   0.60783
 0.269112 -0.326011  0.607792
 0.269148 -0.325973  0.607749
0.269189 -0.32593 0.607701
 0.269234 -0.325883  0.607648
 0.269283 -0.325831   0.60759
 0.269336 -0.325775  0.607526
 0.269394 -0.325714  0.607458
 0.269456 -0.325649  0.607385
 0.269522 -0.325579  0.607306
 0.269592 -0.325504  0.607223
 0.269667 -0.325426  0.607134
 0.269746 -0.325342  0.607041
 0.269829 -0.325254  0.606942
 0.269916 -0.325162  0.606838
 0.270008 -0.325065   0.60673
 0.270104 -0.324964  0.606616
 0.270204 -0.324858  0.606497
 0.270309 -0.324747  0.606373
 0.270417 -0.324632  0.606244
  0.27053 -0.324513   0.60611
 0.270648 -0.324389  0.605971
 0.270769 -0.324261  0.605827
 0.270895 -0.324128  0.605678
0.271025 -0.32399 0.605523
 0.271159 -0.323849  0.605364
 0.271298 -0.323702    0.6052
 0.271441 -0.323551   0.60503
 0.271588 -0.323396  0.604856
  0.27174 -0.323236  0.604676
 0.271896 -0.323071  0.604491
 0.272056 -0.322902  0.604301
  0.27222 -0.322728  0.604106
0.272389 -0.32255 0.603906
 0.272561 -0.322367  0.603701
0.272739 -0.32218 0.603491
  0.27292 -0.321989  0.603276
 0.273105 -0.321793  0.603056
 0.273295 -0.321592  0.602831
 0.273489 -0.321387  0.602601
 0.273688 -0.321178  0.602366
  0.27389 -0.320964  0.602125
 0.274097 -0.320745   0.60188
 0.274308 -0.320522   0.60163
 0.274524 -0.320295  0.601374
 0.274743 -0.320063  0.601113
 0.274967 -0.319826  0.600848
 0.275195 -0.319585  0.600577
 0.275428 -0.319339  0.600302
 0.275665 -0.319089  0.600021
 0.275906 -0.318835  0.599735
 0.276151 -0.318576  0.599444
   0.2764 -0.318312  0.599148
 0.276654 -0.318044  0.598847
 0.276912 -0.317771  0.598541
 0.277175 -0.317494   0.59823
 0.277441 -0.317213  0.597914
 0.277712 -0.316927  0.597593
 0.277988 -0.316636  0.597266
0.278267 -0.31634 0.596934
0.278551 -0.31604 0.596598
 0.278839 -0.315736  0.596256
 0.279132 -0.315427  0.595909
 0.279427 -0.315115  0.595558
 0.279728 -0.314797  0.595202
 0.280033 -0.314475   0.59484
 0.280342 -0.314148  0.594473
 0.280656 -0.313817  0.594102
 0.280974 -0.313481  0.593724
 0.281296 -0.313141  0.593342
 0.281623 -0.312795  0.592954
 0.281954 -0.312446  0.592562
 0.282294 -0.312086  0.592159
 0.282632 -0.311729  0.591758
 0.282975 -0.311367   0.59135
 0.283323 -0.310999  0.590938
 0.283675 -0.310628  0.590521
 0.284031 -0.310251  0.590098
 0.284392 -0.309871  0.589671
 0.284756 -0.309485  0.589238
 0.285125 -0.309095  0.588801
  0.2855  -0.3087 0.588357
 0.285878 -0.308301  0.587908
 0.286258 -0.307899  0.587457
 0.286644 -0.307491  0.586999
 0.287035 -0.307079  0.586536
 0.287429 -0.306662  0.586068
0.287829 -0.30624 0.585595
 0.288232 -0.305814  0.585117
 0.288639 -0.305384  0.584633
 0.289051 -0.304948  0.584145
 0.289467 -0.304509  0.583651
 0.289887 -0.304065  0.583153
 0.290311 -0.303618  0.582651
0.290735 -0.30317 0.582148
 0.291159 -0.302722  0.581645
 0.291583 -0.302274  0.581142
 0.292007 -0.301826  0.580639
 0.292431 -0.301378  0.580137
0.292855 -0.30093 0.579634
 0.293279 -0.300483  0.579131
 0.293703 -0.300034  0.578628
 0.294128 -0.299586  0.578124
 0.294552 -0.299138  0.577621
0.294976 -0.29869 0.577118
   0.2954 -0.298242  0.576615
 0.295824 -0.297794  0.576112
 0.296248 -0.297346  0.575609
 0.296672 -0.296898  0.575107
0.297096 -0.29645 0.574604
  0.29752 -0.296002  0.574101
 0.297944 -0.295554  0.573598
 0.298368 -0.295106  0.573095
 0.298792 -0.294659  0.572592
 0.299216 -0.294211  0.572089
  0.29964 -0.293763  0.571587
 0.300064 -0.293315  0.571084
 0.300488 -0.292867  0.570581
 0.300912 -0.292419  0.570078
 0.301336 -0.291971  0.569575
  0.30176 -0.291523  0.569073
 0.302184 -0.291075   0.56857
 0.302608 -0.290628  0.568067
0.303032 -0.29018 0.567564
 0.303456 -0.289732  0.567061
  0.30388 -0.289284  0.566558
 0.304304 -0.288836  0.566055
 0.304728 -0.288388  0.565553
 0.305152 -0.287939  0.565049
 0.305576 -0.287492  0.564547
    0.306 -0.287045  0.564044
 0.306424 -0.286597  0.563541
 0.306848 -0.286149  0.563038
 0.307272 -0.285701  0.562535
 0.307695 -0.285253  0.562033
 0.308119 -0.284805   0.56153
 0.308543 -0.284357  0.561027
 0.308967 -0.283909  0.560524
 0.309391 -0.283462  0.560022
 0.309815 -0.283014  0.559519
 0.310239 -0.282566  0.559015
 0.310665 -0.282116  0.558511
 0.311091 -0.281666  0.558006
 0.311515 -0.281218  0.557503
 0.311939 -0.280771     0.557
 0.312363 -0.280322  0.556497
 0.312787 -0.279874  0.555994
 0.313211 -0.279427  0.555491
 0.313635 -0.278978  0.554988
0.314486 -0.27808 0.553979
 0.314909 -0.277633  0.553478
 0.315333 -0.277185  0.552975
 0.315757 -0.276737  0.552472
0.316181 -0.27629 0.551969
 0.316604 -0.275842  0.551467
 0.317028 -0.275394  0.550964
 0.317452 -0.274946  0.550461
 0.317876 -0.274498  0.549958
  0.3183 -0.27405 0.549456
 0.318724 -0.273603  0.548953
 0.319148 -0.273155   0.54845
 0.319572 -0.272707  0.547947
 0.319996 -0.272259  0.547444
  0.32042 -0.271811  0.546942
 0.320844 -0.271364  0.546439
 0.321268 -0.270916  0.545936
0.321728 -0.27043 0.545391
 0.322151 -0.269982  0.544888
 0.322575 -0.269534  0.544385
 0.322999 -0.269086  0.543882
 0.323423 -0.268638  0.543379
 0.323847 -0.268191  0.542877
 0.324271 -0.267743  0.542374
 0.324695 -0.267295  0.541871
 0.325119 -0.266847  0.541368
 0.325543 -0.266399  0.540865
 0.325967 -0.265951  0.540363
 0.326391 -0.265503   0.53986
 0.326816 -0.265055  0.539356
 0.327239 -0.264607  0.538854
 0.327664 -0.264159   0.53835
 0.328088 -0.263711  0.537848
 0.328512 -0.263263  0.537344
 0.328937 -0.262814  0.536841
 0.329361 -0.262366  0.536338
 0.329785 -0.261918  0.535835
0.330209 -0.26147 0.535332
 0.330633 -0.261022  0.534829
 0.331057 -0.260574  0.534326
 0.331481 -0.260127  0.533823
 0.331905 -0.259678   0.53332
 0.33233 -0.25923 0.532816
 0.332754 -0.258782  0.532314
 0.333178 -0.258334  0.531811
 0.333602 -0.257886  0.531308
 0.334026 -0.257438  0.530805
 0.33445 -0.25699 0.530302
 0.334874 -0.256542  0.529799
 0.335298 -0.256095  0.529296
 0.335722 -0.255647  0.528794
 0.336146 -0.255199  0.528291
  0.33657 -0.254751  0.527788
 0.336994 -0.254303  0.527285
 0.337418 -0.253855  0.526782
 0.337842 -0.253407   0.52628
0.338266 -0.25296 0.525777
  0.33869 -0.252511  0.525273
 0.339114 -0.252063   0.52477
0.339534 -0.25162 0.524272
  0.33995 -0.251181  0.523779
 0.340361 -0.250746  0.523292
 0.340768 -0.250316  0.522809
0.341171 -0.24989 0.522331
  0.34157 -0.249469  0.521858
 0.341964 -0.249052   0.52139
0.342354 -0.24864 0.520928
  0.34274 -0.248233   0.52047
0.343121 -0.24783 0.520018
 0.343499 -0.247432   0.51957
 0.343872 -0.247038  0.519128
  0.34424 -0.246648  0.518691
 0.344605 -0.246263  0.518258
 0.344965 -0.245882  0.517831
 0.345321 -0.245506  0.517409
 0.345673 -0.245135  0.516992
 0.346021 -0.244767  0.516579
 0.346364 -0.244405  0.516172
 0.346703 -0.244047   0.51577
 0.347038 -0.243693  0.515373
 0.347368 -0.243344  0.514981
 0.347694 -0.242999  0.514594
 0.348017 -0.242659  0.514212
 0.348334 -0.242323  0.513835
 0.348648 -0.241992  0.513464
 0.348957 -0.241665  0.513097
 0.349262 -0.241343  0.512735
 0.349563 -0.241025  0.512378
 0.349859 -0.240712  0.512027
 0.350151 -0.240404   0.51168
0.350439  -0.2401 0.511339
 0.350722 -0.239801  0.511003
 0.351002 -0.239505  0.510672
 0.351277 -0.239215  0.510346
 0.351547 -0.238929  0.510025
 0.351814 -0.238648  0.509709
 0.352076 -0.238371  0.509398
 0.352333 -0.238099  0.509092
 0.352587 -0.237831  0.508792
 0.352836 -0.237568  0.508496
 0.353081 -0.237309  0.508205
 0.353322 -0.237054   0.50792
 0.353559 -0.236805  0.507639
 0.353791 -0.236559  0.507364
 0.354019 -0.236318  0.507094
 0.354243 -0.236082  0.506828
0.354462 -0.23585 0.506568
 0.354677 -0.235623  0.506313
0.354888  -0.2354 0.506062
 0.355095 -0.235182  0.505817
 0.355297 -0.234968  0.505577
 0.355496 -0.234758  0.505342
 0.355689 -0.234554  0.505113
 0.355879 -0.234354  0.504888
 0.356064 -0.234158  0.504668
 0.356245 -0.233967  0.504453
0.356422 -0.23378 0.504244
 0.356594 -0.233598  0.504039
0.356763 -0.23342 0.503839
 0.356927 -0.233246  0.503645
 0.357087 -0.233077  0.503455
 0.357242 -0.232913  0.503271
 0.357394 -0.232753  0.503091
 0.357541 -0.232598  0.502917
 0.357683 -0.232447  0.502748
 0.357822 -0.232301  0.502583
 0.357956 -0.232159  0.502424
 0.358086 -0.232022   0.50227
 0.358212 -0.231889  0.502121
 0.358333 -0.231761  0.501977
  0.35845 -0.231637  0.501838
 0.358563 -0.231518  0.501704
 0.358672 -0.231403  0.501575
 0.358776 -0.231293  0.501451
 0.358876 -0.231187  0.501333
 0.358972 -0.231086  0.501219
 0.359064 -0.230989  0.501111
 0.359151 -0.230897  0.501007
 0.359234 -0.230809  0.500909
 0.359313 -0.230726  0.500815
 0.359387 -0.230648  0.500727
 0.359457 -0.230573  0.500644
 0.359523 -0.230504  0.500565
 0.359585 -0.230439  0.500492
 0.359642 -0.230378  0.500424
 0.359695 -0.230322  0.500361
0.359744 -0.23027 0.500303
 0.359789 -0.230223   0.50025
 0.359829 -0.230181  0.500203
 0.359865 -0.230142   0.50016
 0.359897 -0.230109  0.500122
0.359925 -0.23008  0.50009
 0.359948 -0.230055  0.500062
 0.359967 -0.230035  0.500039
0.359981 -0.23002 0.500022
 0.359992 -0.230009   0.50001
 0.359998 -0.230002  0.500002
 0.36 -0.23   0.5
 0.36 -0.23   0.5
 0.36 -0.23   0.5
 0.36 -0.23   0.5
 0.36 -0.23   0.5
 0.36 -0.23   0.5
 0.36 -0.23   0.5
 0.36 -0.23   0.5
 0.36 -0.23   0.5
 0.36 -0.23   0.5
 0.36 -0.23   0.5
 0.36 -0.23   0.5
 0.36 -0.23   0.5
 0.36 -0.23   0.5
 0.36 -0.23   0.5
 0.36 -0.23   0.5
 0.36 -0.23   0.5
 0.36 -0.23   0.5
 0.36 -0.23   0.5
 0.36 -0.23   0.5
 0.36 -0.23   0.5
 0.36 -0.23   0.5
 0.36 -0.23   0.5
 0.36 -0.23   0.5
 0.36 -0.23   0.5
 0.36 -0.23   0.5
 0.36 -0.23   0.5
 0.36 -0.23   0.5
 0.36 -0.23   0.5
 0.36 -0.23   0.5
 0.36 -0.23   0.5
 0.36 -0.23   0.5
 0.36 -0.23   0.5
 0.36 -0.23   0.5
 0.36 -0.23   0.5
 0.36 -0.23   0.5
 0.36 -0.23   0.5
 0.36 -0.23   0.5
 0.36 -0.23   0.5
 0.36 -0.23   0.5
 0.36 -0.23   0.5
 0.36 -0.23   0.5
 0.36 -0.23   0.5
 0.36 -0.23   0.5
 0.36 -0.23   0.5
 0.36 -0.23   0.5
 0.36 -0.23   0.5
 0.36 -0.23   0.5
 0.36 -0.23   0.5
 0.36 -0.23   0.5
 0.36 -0.23   0.5
 0.36 -0.23   0.5
 0.36 -0.23   0.5
 0.36 -0.23   0.5
 0.36 -0.23   0.5
 0.36 -0.23   0.5
 0.36 -0.23   0.5
 0.36 -0.23   0.5
 0.36 -0.23   0.5
 0.36 -0.23   0.5
 0.36 -0.23   0.5
 0.36 -0.23   0.5
 0.36 -0.23   0.5
 0.36 -0.23   0.5
 0.36 -0.23   0.5
 0.36 -0.23   0.5
 0.36 -0.23   0.5
 0.36 -0.23   0.5
 0.36 -0.23   0.5
 0.36 -0.23   0.5
 0.36 -0.23   0.5
 0.36 -0.23   0.5
 0.36 -0.23   0.5
 0.36 -0.23   0.5
 0.36 -0.23   0.5
 0.36 -0.23   0.5
 0.36 -0.23   0.5
 0.36 -0.23   0.5
 0.36 -0.23   0.5
 0.36 -0.23   0.5
 0.36 -0.23   0.5
 0.36 -0.23   0.5
 0.36 -0.23   0.5
 0.36 -0.23   0.5
 0.36 -0.23   0.5
 0.36 -0.23   0.5
 0.36 -0.23   0.5
 0.36 -0.23   0.5
 0.36 -0.23   0.5
 0.36 -0.23   0.5
 0.36 -0.23   0.5
 0.36 -0.23   0.5
 0.36 -0.23   0.5
 0.36 -0.23   0.5
 0.36 -0.23   0.5
 0.36 -0.23   0.5
 0.36 -0.23   0.5
 0.36 -0.23   0.5
 0.36 -0.23   0.5
 0.36 -0.23   0.5
 0.36 -0.23   0.5
 0.36 -0.23   0.5
 0.36 -0.23   0.5
 0.36 -0.23   0.5
 0.36 -0.23   0.5
 0.36 -0.23   0.5
 0.36 -0.23   0.5
 0.36 -0.23   0.5
 0.36 -0.23   0.5
 0.36 -0.23   0.5
 0.36 -0.23   0.5
 0.36 -0.23   0.5
 0.36 -0.23   0.5
 0.36 -0.23   0.5
 0.36 -0.23   0.5
 0.36 -0.23   0.5
 0.36 -0.23   0.5
 0.36 -0.23   0.5
 0.36 -0.23   0.5
 0.36 -0.23   0.5
 0.36 -0.23   0.5
 0.36 -0.23   0.5
 0.36 -0.23   0.5
 0.36 -0.23   0.5
 0.36 -0.23   0.5
 0.36 -0.23   0.5
 0.36 -0.23   0.5
 0.36 -0.23   0.5
 0.36 -0.23   0.5
 0.36 -0.23   0.5
 0.36 -0.23   0.5
 0.36 -0.23   0.5
 0.36 -0.23   0.5
 0.36 -0.23   0.5
 0.36 -0.23   0.5
 0.36 -0.23   0.5
 0.36 -0.23   0.5
 0.36 -0.23   0.5
 0.36 -0.23   0.5
 0.36 -0.23   0.5
 0.36 -0.23   0.5
 0.36 -0.23   0.5
 0.36 -0.23   0.5
 0.36 -0.23   0.5
 0.36 -0.23   0.5
 0.36 -0.23   0.5
 0.36 -0.23   0.5
 0.36 -0.23   0.5
 0.36 -0.23   0.5
 0.36 -0.23   0.5
 0.36 -0.23   0.5
 0.36 -0.23   0.5
 0.36 -0.23   0.5
 0.36 -0.23   0.5
 0.36 -0.23   0.5
 0.36 -0.23   0.5
 0.36 -0.23   0.5
 0.36 -0.23   0.5
 0.36 -0.23   0.5
 0.36 -0.23   0.5
 0.36 -0.23   0.5
 0.36 -0.23   0.5
 0.36 -0.23   0.5
 0.36 -0.23   0.5
 0.36 -0.23   0.5
 0.36 -0.23   0.5
 0.36 -0.23   0.5
 0.36 -0.23   0.5
 0.36 -0.23   0.5
 0.36 -0.23   0.5
 0.36 -0.23   0.5
 0.36 -0.23   0.5
 0.36 -0.23   0.5
 0.36 -0.23   0.5
 0.36 -0.23   0.5
 0.36 -0.23   0.5
 0.36 -0.23   0.5
 0.36 -0.23   0.5
 0.36 -0.23   0.5
 0.36 -0.23   0.5
 0.36 -0.23   0.5
 0.36 -0.23   0.5
 0.36 -0.23   0.5
 0.36 -0.23   0.5
 0.36 -0.23   0.5
 0.36 -0.23   0.5
 0.36 -0.23   0.5
 0.36 -0.23   0.5
 0.36 -0.23   0.5
 0.36 -0.23   0.5
 0.36 -0.23   0.5
 0.36 -0.23   0.5
 0.36 -0.23   0.5
 0.36 -0.23   0.5
 0.36 -0.23   0.5
 0.36 -0.23   0.5
 0.36 -0.23   0.5
 0.36 -0.23   0.5
 0.36 -0.23   0.5
 0.36 -0.23   0.5
 0.36 -0.23   0.5
 0.36 -0.23   0.5
 0.36 -0.23   0.5
 0.36 -0.23   0.5
 0.36 -0.23   0.5
 0.36 -0.23   0.5
 0.36 -0.23   0.5
 0.36 -0.23   0.5
 0.36 -0.23   0.5
 0.36 -0.23   0.5
 0.36 -0.23   0.5
 0.36 -0.23   0.5
 0.36 -0.23   0.5
 0.36 -0.23   0.5
 0.36 -0.23   0.5
 0.36 -0.23   0.5
 0.36 -0.23   0.5
 0.36 -0.23   0.5
 0.36 -0.23   0.5
 0.36 -0.23   0.5
 0.36 -0.23   0.5
 0.36 -0.23   0.5
 0.36 -0.23   0.5
 0.36 -0.23   0.5
 0.36 -0.23   0.5
 0.36 -0.23   0.5
 0.36 -0.23   0.5
 0.36 -0.23   0.5
 0.36 -0.23   0.5
 0.36 -0.23   0.5
 0.36 -0.23   0.5
 0.36 -0.23   0.5
 0.36 -0.23   0.5
 0.36 -0.23   0.5
 0.36 -0.23   0.5
 0.36 -0.23   0.5
 0.36 -0.23   0.5
 0.36 -0.23   0.5
 0.36 -0.23   0.5
 0.36 -0.23   0.5
 0.36 -0.23   0.5
 0.36 -0.23   0.5
 0.36 -0.23   0.5
 0.36 -0.23   0.5
 0.36 -0.23   0.5
 0.36 -0.23   0.5
 0.36 -0.23   0.5
 0.36 -0.23   0.5
 0.36 -0.23   0.5
 0.36 -0.23   0.5
 0.36 -0.23   0.5
 0.36 -0.23   0.5
 0.36 -0.23   0.5
 0.36 -0.23   0.5
 0.36 -0.23   0.5
 0.36 -0.23   0.5
 0.36 -0.23   0.5
 0.36 -0.23   0.5
 0.36 -0.23   0.5
 0.36 -0.23   0.5
 0.36 -0.23   0.5
 0.36 -0.23   0.5
 0.36 -0.23   0.5
 0.36 -0.23   0.5
 0.36 -0.23   0.5
 0.36 -0.23   0.5
 0.36 -0.23   0.5
 0.36 -0.23   0.5
 0.36 -0.23   0.5
 0.36 -0.23   0.5
 0.36 -0.23   0.5
 0.36 -0.23   0.5
 0.36 -0.23   0.5
 0.36 -0.23   0.5
 0.36 -0.23   0.5
 0.36 -0.23   0.5
 0.36 -0.23   0.5
 0.36 -0.23   0.5
 0.36 -0.23   0.5
 0.36 -0.23   0.5
 0.36 -0.23   0.5
 0.36 -0.23   0.5
 0.36 -0.23   0.5
 0.36 -0.23   0.5
 0.36 -0.23   0.5
 0.36 -0.23   0.5
 0.36 -0.23   0.5
 0.36 -0.23   0.5
 0.36 -0.23   0.5
 0.36 -0.23   0.5
 0.36 -0.23   0.5
 0.36 -0.23   0.5
 0.36 -0.23   0.5
 0.36 -0.23   0.5
 0.36 -0.23   0.5
 0.36 -0.23   0.5
 0.36 -0.23   0.5
 0.36 -0.23   0.5
 0.36 -0.23   0.5
 0.36 -0.23   0.5
 0.36 -0.23   0.5
 0.36 -0.23   0.5
 0.36 -0.23   0.5
 0.36 -0.23   0.5
 0.36 -0.23   0.5
 0.36 -0.23   0.5
 0.36 -0.23   0.5
 0.36 -0.23   0.5
 0.36 -0.23   0.5
 0.36 -0.23   0.5
 0.36 -0.23   0.5
 0.36 -0.23   0.5
 0.36 -0.23   0.5
 0.36 -0.23   0.5
 0.36 -0.23   0.5
 0.36 -0.23   0.5
 0.36 -0.23   0.5
 0.36 -0.23   0.5
 0.36 -0.23   0.5
 0.36 -0.23   0.5
 0.36 -0.23   0.5
 0.36 -0.23   0.5
 0.36 -0.23   0.5
 0.36 -0.23   0.5
 0.36 -0.23   0.5
 0.36 -0.23   0.5
 0.36 -0.23   0.5
 0.36 -0.23   0.5
 0.36 -0.23   0.5
 0.36 -0.23   0.5
 0.36 -0.23   0.5
 0.36 -0.23   0.5
 0.36 -0.23   0.5
 0.36 -0.23   0.5
 0.36 -0.23   0.5
 0.36 -0.23   0.5
 0.36 -0.23   0.5
 0.36 -0.23   0.5
 0.36 -0.23   0.5
 0.36 -0.23   0.5
 0.36 -0.23   0.5
 0.36 -0.23   0.5
 0.36 -0.23   0.5
 0.36 -0.23   0.5
 0.36 -0.23   0.5
 0.36 -0.23   0.5
 0.36 -0.23   0.5
 0.36 -0.23   0.5
 0.36 -0.23   0.5
 0.36 -0.23   0.5
 0.36 -0.23   0.5
 0.36 -0.23   0.5
 0.36 -0.23   0.5
 0.36 -0.23   0.5
 0.36 -0.23   0.5
 0.36 -0.23   0.5
 0.36 -0.23   0.5
 0.36 -0.23   0.5
 0.36 -0.23   0.5
 0.36 -0.23   0.5
 0.36 -0.23   0.5
 0.36 -0.23   0.5
 0.36 -0.23   0.5
 0.36 -0.23   0.5
 0.36 -0.23   0.5
 0.36 -0.23   0.5
 0.36 -0.23   0.5
 0.36 -0.23   0.5
 0.36 -0.23   0.5
 0.36 -0.23   0.5
 0.36 -0.23   0.5
 0.36 -0.23   0.5
 0.36 -0.23   0.5
 0.36 -0.23   0.5
 0.36 -0.23   0.5
 0.36 -0.23   0.5
 0.36 -0.23   0.5
 0.36 -0.23   0.5
 0.36 -0.23   0.5
 0.36 -0.23   0.5
 0.36 -0.23   0.5
 0.36 -0.23   0.5
 0.36 -0.23   0.5
 0.36 -0.23   0.5
 0.36 -0.23   0.5
 0.36 -0.23   0.5
 0.36 -0.23   0.5
 0.36 -0.23   0.5
 0.36 -0.23   0.5
 0.36 -0.23   0.5
 0.36 -0.23   0.5
 0.36 -0.23   0.5
 0.36 -0.23   0.5
 0.36 -0.23   0.5
 0.36 -0.23   0.5
 0.36 -0.23   0.5
 0.36 -0.23   0.5
 0.36 -0.23   0.5
 0.36 -0.23   0.5
 0.36 -0.23   0.5
 0.36 -0.23   0.5
 0.36 -0.23   0.5
 0.36 -0.23   0.5
 0.36 -0.23   0.5
 0.36 -0.23   0.5
 0.36 -0.23   0.5
 0.36 -0.23   0.5
 0.36 -0.23   0.5
 0.36 -0.23   0.5
 0.36 -0.23   0.5
 0.36 -0.23   0.5
 0.36 -0.23   0.5
 0.36 -0.23   0.5
 0.36 -0.23   0.5
 0.36 -0.23   0.5
 0.36 -0.23   0.5
 0.36 -0.23   0.5
 0.36 -0.23   0.5
 0.36 -0.23   0.5
 0.36 -0.23   0.5
 0.36 -0.23   0.5
 0.36 -0.23   0.5
 0.36 -0.23   0.5
 0.36 -0.23   0.5
 0.36 -0.23   0.5
 0.36 -0.23   0.5
 0.36 -0.23   0.5
 0.36 -0.23   0.5
 0.36 -0.23   0.5
 0.36 -0.23   0.5
 0.36 -0.23   0.5
 0.36 -0.23   0.5
 0.36 -0.23   0.5
 0.36 -0.23   0.5
 0.36 -0.23   0.5
 0.36 -0.23   0.5
 0.36 -0.23   0.5
 0.36 -0.23   0.5
 0.36 -0.23   0.5
 0.36 -0.23   0.5
 0.36 -0.23   0.5
 0.36 -0.23   0.5
 0.36 -0.23   0.5
 0.36 -0.23   0.5
 0.36 -0.23   0.5
 0.36 -0.23   0.5
 0.36 -0.23   0.5
 0.36 -0.23   0.5
 0.36 -0.23   0.5
 0.36 -0.23   0.5
 0.36 -0.23   0.5
 0.36 -0.23   0.5
 0.36 -0.23   0.5
 0.36 -0.23   0.5
 0.36 -0.23   0.5
 0.36 -0.23   0.5
 0.36 -0.23   0.5
 0.36 -0.23   0.5
 0.36 -0.23   0.5
 0.36 -0.23   0.5
 0.36 -0.23   0.5
 0.36 -0.23   0.5
 0.36 -0.23   0.5
 0.36 -0.23   0.5
 0.36 -0.23   0.5
 0.36 -0.23   0.5
 0.36 -0.23   0.5
 0.36 -0.23   0.5
 0.36 -0.23   0.5
 0.36 -0.23   0.5
 0.36 -0.23   0.5
 0.36 -0.23   0.5
