5.96046e-06
0.00958204
0.019639
0.0296969
0.039753
0.0498099
0.0598669
0.0699241
0.0799811
0.0900381
0.100095
0.110153
0.120218
0.130276
0.140328
0.150448
0.160506
0.170563
0.180622
0.190685
0.200741
0.210769
0.220851
0.230908
0.240965
0.251021
0.26105
0.271125
0.281186
0.291245
0.301303
0.311393
0.321454
0.331513
0.34157
0.351629
0.361741
0.371943
0.382
0.392077
0.402134
0.412192
0.422249
0.432307
0.442363
0.452419
0.462476
0.472532
0.482596
0.492653
0.50271
0.512767
0.522824
0.532889
0.542957
0.55302
0.563077
0.573134
0.583191
0.593263
0.603319
0.613381
0.623447
0.633522
0.643579
0.653645
0.663718
0.673786
0.683843
0.6939
0.703955
0.714013
0.724069
0.734135
0.744191
0.754247
0.764303
0.774358
0.784415
0.794476
0.804485
0.814593
0.824649
0.834705
0.844761
0.854817
0.864887
0.874948
0.885005
0.895062
0.905119
0.915182
0.925249
0.935306
0.945363
0.95542
0.965476
0.975537
0.985589
0.99566
1.00572
1.01578
1.02586
1.03592
1.04598
1.05603
1.06609
1.07614
1.0862
1.09626
1.10632
1.11638
1.12644
1.1365
1.14656
1.15662
1.16667
1.17673
1.1868
1.19686
1.20695
1.21701
1.22706
1.23712
1.24718
1.25723
1.26729
1.27735
1.28741
1.29747
1.30753
1.31759
1.32765
1.3377
1.34776
1.35782
1.36788
1.37794
1.38799
1.39805
1.40811
1.41816
1.42822
1.43827
1.44833
1.45839
1.46844
1.4785
1.48856
1.49864
1.50872
1.51877
1.52883
1.53891
1.54896
1.55903
1.56909
1.58173
1.59178
1.60184
1.61191
1.62196
1.63203
1.64208
1.65214
1.6622
1.67226
1.68232
1.69237
1.70243
1.71248
1.72254
1.73259
1.74265
1.75514
1.76521
1.77528
1.78534
1.7954
1.80546
1.81552
1.82557
1.83564
1.8457
1.85576
1.86583
1.87588
1.88594
1.896
1.90606
1.91613
1.92619
1.93625
1.94631
1.95638
1.96643
1.9765
1.98656
1.99662
2.00668
2.0167
2.02676
2.03682
2.04688
2.05693
2.06699
2.07705
2.08711
2.09717
2.10722
2.11728
2.12734
2.1374
2.14746
2.15752
2.1676
2.17766
2.18772
2.19778
2.20783
2.21789
2.22795
2.23801
2.24806
2.25812
2.26818
2.27824
2.28831
2.29837
2.30844
2.3185
2.32857
2.33862
2.34869
2.35875
2.3688
2.37886
2.38892
2.39898
2.40904
2.4191
2.42916
2.43922
2.44929
2.45936
2.46941
2.47946
2.48953
2.49959
2.50964
2.51971
2.52977
2.53983
2.54988
2.55995
2.57
2.58006
2.59012
2.60018
2.61024
2.6203
2.63037
2.64044
2.65049
2.66055
2.67061
2.68067
2.69073
2.70078
2.71084
2.7209
2.73097
2.74102
2.75108
2.76114
2.7712
2.78126
2.79132
2.80138
2.81145
2.82152
2.83159
2.84164
2.8517
2.86175
2.87182
2.88188
2.89194
2.902
2.91206
2.92212
2.93219
2.94225
2.9523
2.96236
2.97242
2.98249
2.99256
3.00262
3.01269
3.02275
3.0328
3.04287
3.05293
3.06299
3.07305
3.08311
3.09318
3.10325
3.11332
3.12341
3.13343
3.14349
3.15355
3.16363
3.17369
3.18375
3.19381
3.20388
3.21394
3.224
3.23407
3.24414
3.25419
3.26425
3.27431
3.28437
3.29442
3.30452
3.31455
3.32461
3.33467
3.34474
3.3548
3.36486
3.37491
3.38498
3.39505
3.40512
3.41517
3.42523
3.43528
3.44535
3.45541
3.46548
3.47555
3.48561
3.49567
3.50573
3.51579
3.52585
3.53591
3.54597
3.55603
3.5661
3.57615
3.58622
3.59627
3.60633
3.61639
3.62646
3.63652
3.64659
3.65665
3.6667
3.67677
3.68682
3.69688
3.70694
3.71701
3.72708
3.73713
3.7472
3.75727
3.76732
3.77738
3.78744
3.79749
3.80755
3.81761
3.82767
3.83773
3.84778
3.85784
3.86791
3.87797
3.88803
3.89809
3.90816
3.91822
3.92828
3.93834
3.9484
3.95846
3.96852
3.97859
3.98864
3.9987
4.00876
4.01882
4.02889
4.03895
4.04901
4.05908
4.06914
4.07921
4.08928
4.09935
4.10942
4.11948
4.12955
4.13962
4.14968
4.15975
4.16982
4.17989
4.18995
4.20001
4.21008
4.22016
4.23022
4.24028
4.25034
4.26041
4.27048
4.28053
4.29059
4.30066
4.31073
4.32079
4.33085
4.34092
4.35098
4.36103
4.37108
4.38114
4.39121
4.40127
4.41133
4.4214
4.43146
4.44154
4.4516
4.46167
4.47174
4.4818
4.49186
4.50192
4.51197
4.52204
4.53211
4.54217
4.55223
4.5623
4.57236
4.58241
4.59247
4.60253
4.61259
4.62265
4.63271
4.64276
4.65282
4.66289
4.67296
4.68302
4.69309
4.70316
4.71322
4.72327
4.73334
4.7434
4.75346
4.76352
4.77357
4.78364
4.7937
4.80376
4.81379
4.82385
4.83392
4.84401
4.85407
4.86412
4.87418
4.88424
4.8943
4.90437
4.91443
4.92448
4.93455
4.94461
4.95467
4.96473
4.97479
4.98485
4.99491
5.00497
5.01503
5.02509
5.03513
5.0452
5.05526
5.06533
5.0754
5.08546
5.09552
5.10557
5.11564
5.12571
5.13577
5.14584
5.15591
5.16598
5.17604
5.18612
5.19618
5.20625
5.21632
5.22634
5.23641
5.24647
5.25653
5.2666
5.27666
5.28673
5.29679
5.30684
5.3169
5.32697
5.33703
5.34709
5.35716
5.36721
5.37727
5.38733
5.3974
5.40746
5.41753
5.42759
5.43766
5.44771
5.45777
5.46783
5.47789
5.48795
5.49797
5.50803
5.51809
5.52816
5.53823
5.54829
5.55835
5.56841
5.57847
5.58855
5.59861
5.60867
5.61874
5.6288
5.63886
5.64892
5.65898
5.66903
5.67909
5.68916
5.69921
5.70928
5.71935
5.72941
5.73947
5.74953
5.75958
5.76964
5.77971
5.78977
5.79982
5.80988
5.81995
5.83002
5.8401
5.85016
5.86021
5.87028
5.88034
5.8904
5.90046
5.91052
5.92058
5.93065
5.94072
5.95079
5.96084
5.9709
5.98097
5.99103
6.00109
6.01116
6.02129
6.03135
6.0414
6.05146
6.06152
6.07158
6.08163
6.09169
6.10175
6.11181
6.12186
6.13192
6.14199
6.15204
6.1621
6.17216
6.18222
6.19227
6.2026
6.21265
6.22272
6.23277
6.24283
6.25288
6.26294
6.27299
6.28305
6.2931
6.30316
6.31323
6.3233
6.33336
6.34342
6.35348
6.3635
6.37356
6.38362
6.39369
6.40374
6.4138
6.42386
6.43392
6.44398
6.45404
6.4641
6.47415
6.48422
6.49428
6.50434
6.5144
6.52447
6.53454
6.54461
6.55467
6.56473
6.5748
6.58486
6.59492
6.60497
6.61503
6.62509
6.63516
6.64522
6.65527
6.66533
6.6754
6.68546
6.69552
6.70558
6.71565
6.7257
6.73576
6.74582
6.75588
6.76594
6.77601
6.78608
6.79614
6.8062
6.81626
6.82631
6.83637
6.84643
6.8565
6.86657
6.87664
6.88671
6.89678
6.90684
6.9169
6.92696
6.93701
6.94707
6.95713
6.96719
6.97725
6.98731
6.99737
7.00742
7.01749
7.02757
7.03763
7.04768
7.05774
7.06781
7.07787
7.08793
7.09799
7.10805
7.1181
7.12817
7.13823
7.14828
7.15835
7.16842
7.17849
7.18855
7.1986
7.20868
7.21873
7.22879
7.23886
7.24891
7.25897
7.26904
7.27909
7.28915
7.2992
7.30927
7.31933
7.32938
7.33944
7.3495
7.35956
7.36962
7.37968
7.38974
7.3998
7.40986
7.41992
7.42999
7.44006
7.45014
7.4602
7.47026
7.48032
7.49037
7.50044
7.5105
7.52055
7.53061
7.54067
7.55073
7.56079
7.57085
7.58091
7.59098
7.60104
7.61111
7.62116
7.63122
7.64127
7.65133
7.66139
7.67145
7.68152
7.69157
7.70163
7.71169
7.72174
7.7318
7.74186
7.75192
7.76198
7.77203
7.78209
7.79215
7.80221
7.81227
7.82233
7.83239
7.84245
7.85251
7.86257
7.87263
7.8827
7.89275
7.90281
