0.269544 -0.32843  0.60579
 0.268917 -0.326608    0.6088
  0.26892 -0.326606  0.608798
 0.268926 -0.326599   0.60879
 0.268936 -0.326588  0.608778
 0.268951 -0.326572   0.60876
  0.26897 -0.326552  0.608737
 0.268994 -0.326527  0.608709
 0.269021 -0.326498  0.608677
 0.269053 -0.326465  0.608639
 0.269089 -0.326426  0.608596
 0.269129 -0.326384  0.608548
 0.269173 -0.326337  0.608495
 0.269222 -0.326285  0.608436
 0.269275 -0.326229  0.608373
 0.269332 -0.326168  0.608305
 0.269394 -0.326103  0.608232
 0.269459 -0.326034  0.608153
0.269529 -0.32596  0.60807
 0.269603 -0.325881  0.607981
 0.269681 -0.325798  0.607888
0.269764 -0.32571 0.607789
 0.269851 -0.325618  0.607686
 0.269942 -0.325522  0.607577
 0.270037 -0.325421  0.607463
 0.270136 -0.325315  0.607344
  0.27024 -0.325206  0.607221
 0.270348 -0.325091  0.607092
  0.27046 -0.324972  0.606958
 0.270576 -0.324849  0.606819
 0.270697 -0.324721  0.606675
 0.270822 -0.324588  0.606526
 0.270951 -0.324451  0.606371
0.271084 -0.32431 0.606212
 0.271222 -0.324164  0.606048
 0.271363 -0.324014  0.605879
 0.271509 -0.323859  0.605704
 0.27166  -0.3237 0.605525
 0.271813 -0.323537  0.605341
 0.271972 -0.323368  0.605152
 0.272135 -0.323196  0.604957
 0.272302 -0.323018  0.604757
 0.272473 -0.322837  0.604553
0.272649 -0.32265 0.604343
0.272829 -0.32246 0.604128
 0.273013 -0.322264  0.603908
 0.273201 -0.322065  0.603683
0.273394 -0.32186 0.603453
 0.273591 -0.321652  0.603218
 0.273792 -0.321438  0.602978
 0.273997 -0.321221  0.602733
 0.274206 -0.320999  0.602483
  0.27442 -0.320772  0.602227
 0.274638 -0.320541  0.601967
  0.27486 -0.320305  0.601702
 0.275087 -0.320065  0.601431
 0.275317 -0.319821  0.601156
 0.275552 -0.319572  0.600876
 0.275791 -0.319318   0.60059
0.276034 -0.31906 0.600299
 0.276282 -0.318797  0.600004
0.276533 -0.31853 0.599703
 0.276789 -0.318259  0.599397
  0.27705 -0.317983  0.599086
0.277325 -0.31769 0.598757
 0.277594 -0.317405  0.598436
 0.277867 -0.317115  0.598109
 0.278145 -0.316821  0.597778
 0.278426 -0.316522  0.597442
 0.278712 -0.316219    0.5971
 0.279002 -0.315912  0.596754
 0.279297 -0.315599  0.596402
 0.279595 -0.315283  0.596046
 0.279898 -0.314962  0.595684
 0.280205 -0.314636  0.595317
 0.280516 -0.314306  0.594946
 0.280832 -0.313971  0.594569
 0.281151 -0.313632  0.594187
 0.281475 -0.313289    0.5938
0.281804 -0.31294 0.593408
 0.282136 -0.312588  0.593011
 0.282473 -0.312231  0.592608
 0.282813 -0.311869  0.592201
 0.283158 -0.311503  0.591789
 0.283508 -0.311133  0.591372
 0.283861 -0.310758   0.59095
 0.284219 -0.310378  0.590522
 0.284581 -0.309994   0.59009
 0.284947 -0.309606  0.589652
 0.285318 -0.309213   0.58921
 0.285693 -0.308815  0.588762
 0.286072 -0.308414  0.588309
 0.286455 -0.308007  0.587852
 0.286842 -0.307596  0.587389
 0.287234 -0.307181  0.586921
  0.28763 -0.306761  0.586448
  0.28803 -0.306336   0.58597
 0.288434 -0.305907  0.585487
 0.288843 -0.305474  0.584999
 0.289256 -0.305036  0.584506
 0.289673 -0.304594  0.584008
 0.290093 -0.304148  0.583505
 0.290515 -0.303701  0.583002
 0.290934 -0.303256  0.582501
 0.291356 -0.302809  0.581997
 0.291776 -0.302363  0.581495
 0.292197 -0.301916  0.580992
 0.292617 -0.301471  0.580491
 0.293038 -0.301025  0.579988
  0.29346 -0.300577  0.579484
  0.29388 -0.300132  0.578982
   0.2943 -0.299686   0.57848
 0.294721 -0.299239  0.577977
 0.295142 -0.298793  0.577474
 0.295563 -0.298346  0.576971
 0.295984 -0.297899  0.576469
 0.296405 -0.297453  0.575966
 0.296826 -0.297007  0.575463
0.297247 -0.29656  0.57496
 0.297668 -0.296114  0.574457
 0.298089 -0.295667  0.573954
  0.29851 -0.295221  0.573451
 0.298931 -0.294774  0.572949
 0.299352 -0.294328  0.572446
 0.299773 -0.293881  0.571943
 0.300194 -0.293435   0.57144
 0.300614 -0.292988  0.570938
 0.301035 -0.292542  0.570435
 0.301456 -0.292095  0.569932
 0.301877 -0.291649  0.569429
 0.302298 -0.291203  0.568927
 0.302719 -0.290756  0.568424
 0.30314 -0.29031 0.567921
 0.303561 -0.289863  0.567418
 0.303981 -0.289417  0.566916
 0.304402 -0.288971  0.566413
 0.304823 -0.288524   0.56591
 0.305244 -0.288078  0.565407
 0.305665 -0.287631  0.564904
 0.306086 -0.287185  0.564402
 0.306507 -0.286738  0.563899
 0.306928 -0.286292  0.563396
 0.307349 -0.285845  0.562893
0.307769  -0.2854 0.562391
  0.30819 -0.284953  0.561888
 0.308611 -0.284507  0.561385
0.309032 -0.28406 0.560883
 0.309453 -0.283614   0.56038
 0.309874 -0.283167  0.559877
 0.310297 -0.282719  0.559372
 0.310718 -0.282272  0.558869
 0.311137 -0.281827  0.558368
 0.311558 -0.281381  0.557865
 0.311979 -0.280934  0.557362
   0.3124 -0.280488   0.55686
 0.312821 -0.280041  0.556357
 0.313242 -0.279595  0.555854
0.313661 -0.27915 0.555353
 0.314082 -0.278703   0.55485
 0.314503 -0.278257  0.554347
0.314924 -0.27781 0.553844
 0.315345 -0.277364  0.553341
 0.315766 -0.276918  0.552839
0.316188 -0.27647 0.552334
  0.31661 -0.276023  0.551831
 0.317031 -0.275576  0.551328
0.317452 -0.27513 0.550825
 0.317873 -0.274683  0.550322
 0.318294 -0.274237  0.549819
 0.318714 -0.273791  0.549317
 0.319135 -0.273344  0.548814
 0.319556 -0.272897  0.548311
 0.319977 -0.272451  0.547808
 0.320398 -0.272004  0.547305
 0.320819 -0.271558  0.546803
  0.32124 -0.271111    0.5463
 0.321662 -0.270664  0.545796
 0.322083 -0.270217  0.545293
 0.322504 -0.269771   0.54479
 0.322925 -0.269325  0.544288
 0.323346 -0.268878  0.543785
 0.323767 -0.268432  0.543282
 0.324188 -0.267985  0.542779
 0.324609 -0.267538  0.542276
  0.32503 -0.267092  0.541773
 0.325451 -0.266645   0.54127
 0.325872 -0.266199  0.540767
 0.326292 -0.265753  0.540265
 0.326713 -0.265306  0.539762
 0.327135 -0.264859  0.539258
 0.327555 -0.264413  0.538757
 0.327977 -0.263966  0.538252
0.328397 -0.26352 0.537751
 0.328818 -0.263074  0.537248
 0.329239 -0.262628  0.536745
 0.329659 -0.262181  0.536242
  0.33008 -0.261735   0.53574
 0.330501 -0.261288  0.535237
 0.330922 -0.260842  0.534734
 0.331343 -0.260395  0.534231
 0.331764 -0.259949  0.533728
 0.332185 -0.259502  0.533226
 0.332606 -0.259056  0.532723
0.333027 -0.25861  0.53222
 0.333448 -0.258163  0.531717
 0.333869 -0.257717  0.531215
 0.33429 -0.25727 0.530712
 0.334711 -0.256824  0.530209
 0.335131 -0.256377  0.529706
 0.335552 -0.255931  0.529203
 0.335973 -0.255484    0.5287
 0.336394 -0.255038  0.528198
 0.336815 -0.254591  0.527695
 0.337236 -0.254145  0.527192
 0.337657 -0.253699  0.526689
 0.338078 -0.253252  0.526187
   0.3385 -0.252804  0.525682
  0.33892 -0.252359  0.525181
  0.33934 -0.251913  0.524679
 0.339756 -0.251472  0.524182
 0.340168 -0.251035   0.52369
 0.340575 -0.250603  0.523203
 0.340979 -0.250175  0.522721
 0.341378 -0.249752  0.522244
 0.341773 -0.249333  0.521773
 0.342164 -0.248918  0.521306
  0.34255 -0.248508  0.520844
 0.342932 -0.248103  0.520388
 0.343311 -0.247702  0.519936
 0.343684 -0.247305  0.519489
 0.344054 -0.246914  0.519048
 0.344702 -0.246226  0.518274
  0.34506 -0.245847  0.517846
 0.345413 -0.245472  0.517424
 0.345763 -0.245101  0.517007
 0.346108 -0.244735  0.516595
 0.346449 -0.244374  0.516188
 0.346785 -0.244017  0.515786
 0.347117 -0.243664  0.515389
 0.347446 -0.243316  0.514997
  0.34777 -0.242972   0.51461
 0.348089 -0.242633  0.514228
 0.348405 -0.242299  0.513851
 0.348716 -0.241969  0.513479
 0.349023 -0.241643  0.513112
 0.349326 -0.241322  0.512751
 0.349624 -0.241005  0.512394
 0.349919 -0.240693  0.512043
  0.35026 -0.240331  0.511635
 0.350545 -0.240029  0.511294
 0.350825 -0.239731  0.510959
 0.351102 -0.239438  0.510629
 0.351374 -0.239149  0.510304
 0.351641 -0.238866  0.509985
 0.351905 -0.238586   0.50967
 0.352165 -0.238311  0.509359
 0.35242 -0.23804 0.509054
 0.352673 -0.237771  0.508752
  0.35292 -0.237509  0.508457
 0.353163 -0.237252  0.508167
 0.353401 -0.236999  0.507882
 0.353636 -0.236751  0.507602
 0.353866 -0.236507  0.507328
 0.354091 -0.236267  0.507058
 0.354313 -0.236032  0.506793
  0.35453 -0.235802  0.506534
 0.354743 -0.235576  0.506279
 0.354952 -0.235354   0.50603
 0.355157 -0.235137  0.505786
 0.355357 -0.234925  0.505546
 0.355553 -0.234717  0.505312
 0.355745 -0.234513  0.505083
 0.355933 -0.234314  0.504858
 0.356116 -0.234119  0.504639
 0.356295 -0.233929  0.504425
  0.35647 -0.233744  0.504216
 0.356641 -0.233563  0.504012
 0.356808 -0.233386  0.503813
  0.35697 -0.233214   0.50362
 0.357128 -0.233046  0.503431
 0.357282 -0.232883  0.503247
 0.357431 -0.232724  0.503068
0.357577 -0.23257 0.502895
 0.357718 -0.232421  0.502726
 0.357855 -0.232275  0.502563
 0.357987 -0.232135  0.502404
 0.358115 -0.231999  0.502251
  0.35824 -0.231867  0.502103
 0.35836 -0.23174 0.501959
 0.358475 -0.231617  0.501821
 0.358587 -0.231499  0.501688
 0.358694 -0.231385   0.50156
 0.358797 -0.231276  0.501437
 0.358896 -0.231171  0.501319
  0.35899 -0.231071  0.501206
 0.359081 -0.230975  0.501098
 0.359167 -0.230884  0.500995
 0.359249 -0.230797  0.500898
 0.359326 -0.230715  0.500805
   0.3594 -0.230637  0.500717
 0.359469 -0.230563  0.500634
 0.359534 -0.230494  0.500557
0.359595 -0.23043 0.500484
0.359651 -0.23037 0.500417
 0.359703 -0.230315  0.500355
 0.359751 -0.230264  0.500297
 0.359795 -0.230218  0.500245
 0.359834 -0.230176  0.500198
  0.35987 -0.230138  0.500156
 0.359901 -0.230105  0.500118
 0.359928 -0.230077  0.500086
  0.35995 -0.230053  0.500059
 0.359969 -0.230033  0.500037
 0.359983 -0.230018   0.50002
 0.359993 -0.230008  0.500009
 0.359998 -0.230002  0.500002
 0.36 -0.23   0.5
 0.36 -0.23   0.5
 0.36 -0.23   0.5
 0.36 -0.23   0.5
 0.36 -0.23   0.5
 0.36 -0.23   0.5
 0.36 -0.23   0.5
 0.36 -0.23   0.5
 0.36 -0.23   0.5
 0.36 -0.23   0.5
 0.36 -0.23   0.5
 0.36 -0.23   0.5
 0.36 -0.23   0.5
 0.36 -0.23   0.5
 0.36 -0.23   0.5
 0.36 -0.23   0.5
 0.36 -0.23   0.5
 0.36 -0.23   0.5
 0.36 -0.23   0.5
 0.36 -0.23   0.5
 0.36 -0.23   0.5
 0.36 -0.23   0.5
 0.36 -0.23   0.5
 0.36 -0.23   0.5
 0.36 -0.23   0.5
 0.36 -0.23   0.5
 0.36 -0.23   0.5
 0.36 -0.23   0.5
 0.36 -0.23   0.5
 0.36 -0.23   0.5
 0.36 -0.23   0.5
 0.36 -0.23   0.5
 0.36 -0.23   0.5
 0.36 -0.23   0.5
 0.36 -0.23   0.5
 0.36 -0.23   0.5
 0.36 -0.23   0.5
 0.36 -0.23   0.5
 0.36 -0.23   0.5
 0.36 -0.23   0.5
 0.36 -0.23   0.5
 0.36 -0.23   0.5
 0.36 -0.23   0.5
 0.36 -0.23   0.5
 0.36 -0.23   0.5
 0.36 -0.23   0.5
 0.36 -0.23   0.5
 0.36 -0.23   0.5
 0.36 -0.23   0.5
 0.36 -0.23   0.5
 0.36 -0.23   0.5
 0.36 -0.23   0.5
 0.36 -0.23   0.5
 0.36 -0.23   0.5
 0.36 -0.23   0.5
 0.36 -0.23   0.5
 0.36 -0.23   0.5
 0.36 -0.23   0.5
 0.36 -0.23   0.5
 0.36 -0.23   0.5
 0.36 -0.23   0.5
 0.36 -0.23   0.5
 0.36 -0.23   0.5
 0.36 -0.23   0.5
 0.36 -0.23   0.5
 0.36 -0.23   0.5
 0.36 -0.23   0.5
 0.36 -0.23   0.5
 0.36 -0.23   0.5
 0.36 -0.23   0.5
 0.36 -0.23   0.5
 0.36 -0.23   0.5
 0.36 -0.23   0.5
 0.36 -0.23   0.5
 0.36 -0.23   0.5
 0.36 -0.23   0.5
 0.36 -0.23   0.5
 0.36 -0.23   0.5
 0.36 -0.23   0.5
 0.36 -0.23   0.5
 0.36 -0.23   0.5
 0.36 -0.23   0.5
 0.36 -0.23   0.5
 0.36 -0.23   0.5
 0.36 -0.23   0.5
 0.36 -0.23   0.5
 0.36 -0.23   0.5
 0.36 -0.23   0.5
 0.36 -0.23   0.5
 0.36 -0.23   0.5
 0.36 -0.23   0.5
 0.36 -0.23   0.5
 0.36 -0.23   0.5
 0.36 -0.23   0.5
 0.36 -0.23   0.5
 0.36 -0.23   0.5
 0.36 -0.23   0.5
 0.36 -0.23   0.5
 0.36 -0.23   0.5
 0.36 -0.23   0.5
 0.36 -0.23   0.5
 0.36 -0.23   0.5
 0.36 -0.23   0.5
 0.36 -0.23   0.5
 0.36 -0.23   0.5
 0.36 -0.23   0.5
 0.36 -0.23   0.5
 0.36 -0.23   0.5
 0.36 -0.23   0.5
 0.36 -0.23   0.5
 0.36 -0.23   0.5
 0.36 -0.23   0.5
 0.36 -0.23   0.5
 0.36 -0.23   0.5
 0.36 -0.23   0.5
 0.36 -0.23   0.5
 0.36 -0.23   0.5
 0.36 -0.23   0.5
 0.36 -0.23   0.5
 0.36 -0.23   0.5
 0.36 -0.23   0.5
 0.36 -0.23   0.5
 0.36 -0.23   0.5
 0.36 -0.23   0.5
 0.36 -0.23   0.5
 0.36 -0.23   0.5
 0.36 -0.23   0.5
 0.36 -0.23   0.5
 0.36 -0.23   0.5
 0.36 -0.23   0.5
 0.36 -0.23   0.5
 0.36 -0.23   0.5
 0.36 -0.23   0.5
 0.36 -0.23   0.5
 0.36 -0.23   0.5
 0.36 -0.23   0.5
 0.36 -0.23   0.5
 0.36 -0.23   0.5
 0.36 -0.23   0.5
 0.36 -0.23   0.5
 0.36 -0.23   0.5
 0.36 -0.23   0.5
 0.36 -0.23   0.5
 0.36 -0.23   0.5
 0.36 -0.23   0.5
 0.36 -0.23   0.5
 0.36 -0.23   0.5
 0.36 -0.23   0.5
 0.36 -0.23   0.5
 0.36 -0.23   0.5
 0.36 -0.23   0.5
 0.36 -0.23   0.5
 0.36 -0.23   0.5
 0.36 -0.23   0.5
 0.36 -0.23   0.5
 0.36 -0.23   0.5
 0.36 -0.23   0.5
 0.36 -0.23   0.5
 0.36 -0.23   0.5
 0.36 -0.23   0.5
 0.36 -0.23   0.5
 0.36 -0.23   0.5
 0.36 -0.23   0.5
 0.36 -0.23   0.5
 0.36 -0.23   0.5
 0.36 -0.23   0.5
 0.36 -0.23   0.5
 0.36 -0.23   0.5
 0.36 -0.23   0.5
 0.36 -0.23   0.5
 0.36 -0.23   0.5
 0.36 -0.23   0.5
 0.36 -0.23   0.5
 0.36 -0.23   0.5
 0.36 -0.23   0.5
 0.36 -0.23   0.5
 0.36 -0.23   0.5
 0.36 -0.23   0.5
 0.36 -0.23   0.5
 0.36 -0.23   0.5
 0.36 -0.23   0.5
 0.36 -0.23   0.5
 0.36 -0.23   0.5
 0.36 -0.23   0.5
 0.36 -0.23   0.5
 0.36 -0.23   0.5
 0.36 -0.23   0.5
 0.36 -0.23   0.5
 0.36 -0.23   0.5
 0.36 -0.23   0.5
 0.36 -0.23   0.5
 0.36 -0.23   0.5
 0.36 -0.23   0.5
 0.36 -0.23   0.5
 0.36 -0.23   0.5
 0.36 -0.23   0.5
 0.36 -0.23   0.5
 0.36 -0.23   0.5
 0.36 -0.23   0.5
 0.36 -0.23   0.5
 0.36 -0.23   0.5
 0.36 -0.23   0.5
 0.36 -0.23   0.5
 0.36 -0.23   0.5
 0.36 -0.23   0.5
 0.36 -0.23   0.5
 0.36 -0.23   0.5
 0.36 -0.23   0.5
 0.36 -0.23   0.5
 0.36 -0.23   0.5
 0.36 -0.23   0.5
 0.36 -0.23   0.5
 0.36 -0.23   0.5
 0.36 -0.23   0.5
 0.36 -0.23   0.5
 0.36 -0.23   0.5
 0.36 -0.23   0.5
 0.36 -0.23   0.5
 0.36 -0.23   0.5
 0.36 -0.23   0.5
 0.36 -0.23   0.5
 0.36 -0.23   0.5
 0.36 -0.23   0.5
 0.36 -0.23   0.5
 0.36 -0.23   0.5
 0.36 -0.23   0.5
 0.36 -0.23   0.5
 0.36 -0.23   0.5
 0.36 -0.23   0.5
 0.36 -0.23   0.5
 0.36 -0.23   0.5
 0.36 -0.23   0.5
 0.36 -0.23   0.5
 0.36 -0.23   0.5
 0.36 -0.23   0.5
 0.36 -0.23   0.5
 0.36 -0.23   0.5
 0.36 -0.23   0.5
 0.36 -0.23   0.5
 0.36 -0.23   0.5
 0.36 -0.23   0.5
 0.36 -0.23   0.5
 0.36 -0.23   0.5
 0.36 -0.23   0.5
 0.36 -0.23   0.5
 0.36 -0.23   0.5
 0.36 -0.23   0.5
 0.36 -0.23   0.5
 0.36 -0.23   0.5
 0.36 -0.23   0.5
 0.36 -0.23   0.5
 0.36 -0.23   0.5
 0.36 -0.23   0.5
 0.36 -0.23   0.5
