 0.268917 -0.326608    0.6088
 0.268887 -0.326638   0.60879
 0.268852 -0.326668  0.608778
 0.268814 -0.326703  0.608767
 0.268777 -0.326733  0.608755
  0.26874 -0.326764  0.608749
  0.26871 -0.326793  0.608746
 0.268684 -0.326814  0.608748
 0.268664 -0.326834  0.608755
 0.268648 -0.326848  0.608764
  0.26864 -0.326857  0.608779
 0.268637 -0.326861  0.608795
 0.268641 -0.326861  0.608815
0.268654 -0.32685 0.608841
 0.268671 -0.326839  0.608868
 0.268698 -0.326815  0.608901
 0.268728 -0.326789  0.608934
 0.268768 -0.326756  0.608973
 0.268811 -0.326719   0.60901
 0.268863 -0.326675  0.609054
 0.268915 -0.326628  0.609092
 0.268975 -0.326576  0.609133
 0.269036 -0.326521  0.609178
 0.269102 -0.326462   0.60922
 0.269168 -0.326402  0.609264
 0.269236 -0.326339  0.609304
 0.269304 -0.326275  0.609349
 0.269373 -0.326209  0.609386
  0.26944 -0.326146  0.609423
 0.269505 -0.326083  0.609459
  0.26957 -0.326022  0.609491
 0.269632 -0.325959  0.609524
 0.269694 -0.325899   0.60955
 0.269752 -0.325839  0.609578
 0.269806 -0.325785  0.609597
  0.26986 -0.325728  0.609616
 0.269909 -0.325677  0.609631
 0.269959 -0.325623  0.609643
 0.270005 -0.325575  0.609652
 0.27005 -0.32552 0.609655
 0.270095 -0.325468  0.609658
 0.270138 -0.325419  0.609654
 0.270183 -0.325366  0.609652
 0.270227 -0.325315   0.60964
 0.270276 -0.325266  0.609627
 0.270326 -0.325208  0.609611
 0.270378 -0.325144  0.609593
 0.270433 -0.325077  0.609573
 0.270491 -0.325008  0.609547
 0.270554 -0.324931  0.609523
  0.27062 -0.324852  0.609489
 0.270693 -0.324763  0.609456
0.270771 -0.32467  0.60942
 0.270855 -0.324568  0.609381
 0.270945 -0.324461   0.60934
  0.27104 -0.324338  0.609291
 0.271142 -0.324217  0.609245
  0.27125 -0.324086  0.609194
 0.271366 -0.323949  0.609143
 0.271485 -0.323805  0.609085
 0.271611 -0.323655  0.609026
 0.27175 -0.32349  0.60897
0.271885 -0.32333 0.608904
 0.272027 -0.323158  0.608839
  0.27218 -0.322977  0.608764
  0.27233 -0.322797  0.608693
 0.272482 -0.322616  0.608613
 0.272637 -0.322429  0.608533
 0.272795 -0.322241  0.608448
 0.272954 -0.322049  0.608361
 0.273116 -0.321857  0.608269
 0.273278 -0.321661  0.608173
 0.273442 -0.321466  0.608076
 0.273605 -0.321268  0.607971
 0.273771 -0.321071  0.607867
 0.273934 -0.320873  0.607752
 0.274099 -0.320675  0.607635
 0.274265 -0.320475  0.607516
 0.274431 -0.320277   0.60739
 0.274598 -0.320076  0.607263
 0.274764 -0.319876  0.607127
 0.274933 -0.319673  0.606991
 0.275101 -0.319471  0.606844
 0.275272 -0.319265  0.606695
 0.275445 -0.319058  0.606542
0.275618 -0.31885 0.606383
 0.275796 -0.318635   0.60622
 0.275975 -0.318405  0.606043
 0.276159 -0.318184   0.60587
 0.276345 -0.317958   0.60569
 0.276537 -0.317728  0.605508
  0.27673 -0.317493  0.605315
 0.276929 -0.317252  0.605119
 0.277132 -0.317004   0.60492
 0.277341 -0.316766   0.60472
 0.277554 -0.316507  0.604511
 0.277773 -0.316225  0.604284
0.277997 -0.31595 0.604065
 0.278225 -0.315672  0.603833
 0.278468 -0.315393  0.603595
 0.278707 -0.315101  0.603355
0.278951  -0.3148 0.603109
 0.279199 -0.314495  0.602858
 0.279452 -0.314182  0.602599
  0.27971 -0.313864  0.602338
 0.27997 -0.31354 0.602066
 0.280235 -0.313212   0.60179
 0.280503 -0.312878  0.601509
 0.280774 -0.312541   0.60122
 0.281048 -0.312198  0.600926
 0.281324 -0.311854  0.600624
 0.281603 -0.311507  0.600319
 0.281881 -0.311158  0.600004
 0.282162 -0.310805   0.59969
 0.282459 -0.310431  0.599334
 0.282741 -0.310079     0.599
 0.283024 -0.309723  0.598662
 0.283306 -0.309369  0.598315
 0.283588 -0.309015  0.597964
0.283869 -0.30866 0.597605
 0.284151 -0.308306  0.597243
 0.284431 -0.307956  0.596868
 0.284709 -0.307602  0.596492
 0.284989 -0.307254  0.596107
 0.285267 -0.306905  0.595717
 0.285545 -0.306557  0.595321
 0.285821 -0.306211  0.594918
   0.2861 -0.305865   0.59451
0.286376 -0.30552 0.594091
 0.286652 -0.305176  0.593668
  0.28693 -0.304829  0.593239
 0.287207 -0.304484  0.592803
 0.287486 -0.304137  0.592362
 0.287765 -0.303788  0.591913
 0.288047 -0.303439  0.591458
 0.288329 -0.303088  0.590994
 0.288614 -0.302731   0.59053
 0.288899 -0.302376  0.590051
 0.289186 -0.302017  0.589569
 0.289477 -0.301655  0.589081
 0.289769 -0.301288  0.588586
 0.290064 -0.300919  0.588086
  0.29036 -0.300548  0.587577
  0.29066 -0.300171  0.587066
 0.290972 -0.299768  0.586556
 0.291276 -0.299386   0.58603
0.291581 -0.29901 0.585494
 0.291887 -0.298623  0.584956
 0.292195 -0.298235  0.584413
 0.292505 -0.297843  0.583863
 0.292816 -0.297451  0.583308
 0.293144 -0.297033  0.582678
 0.293457 -0.296639  0.582114
 0.293768 -0.296244  0.581537
 0.29408 -0.29585 0.580959
 0.294392 -0.295457  0.580378
 0.294703 -0.295065   0.57979
 0.295015 -0.294674    0.5792
 0.295325 -0.294285  0.578604
 0.295634 -0.293897  0.578009
 0.295942 -0.293512  0.577403
  0.29625 -0.293128  0.576798
 0.296556 -0.292746  0.576191
 0.296861 -0.292366  0.575579
 0.297166 -0.291988  0.574967
  0.29747 -0.291611  0.574349
 0.297773 -0.291235  0.573734
 0.298074 -0.290861  0.573112
 0.298375 -0.290487   0.57249
 0.298677 -0.290113  0.571866
0.298978 -0.28974  0.57124
 0.299279 -0.289365  0.570615
  0.29958 -0.288989  0.569986
 0.299883 -0.288611  0.569361
 0.300184 -0.288233   0.56873
 0.300503 -0.287841  0.568125
 0.300806 -0.287457  0.567493
 0.301111 -0.287069  0.566864
 0.301418 -0.286678  0.566235
 0.301741 -0.286258  0.565519
 0.302049 -0.285859  0.564892
 0.302358 -0.285457  0.564264
 0.302669 -0.285051   0.56364
 0.302979 -0.284643  0.563015
 0.303291 -0.284231  0.562393
 0.303603 -0.283815  0.561775
 0.303916 -0.283396  0.561157
 0.304229 -0.282974  0.560544
 0.304542 -0.282551  0.559933
 0.304856 -0.282124  0.559328
 0.305169 -0.281695  0.558724
 0.305482 -0.281263  0.558131
 0.305793 -0.280831  0.557534
 0.306105 -0.280395  0.556946
 0.306416 -0.279958  0.556363
0.306725 -0.27952 0.555785
0.307034 -0.27908 0.555213
 0.307341 -0.278639  0.554644
 0.307649 -0.278195  0.554085
 0.307952 -0.277751  0.553527
 0.308256 -0.277306  0.552976
0.308558 -0.27686  0.55243
 0.308859 -0.276413   0.55189
 0.309158 -0.275964  0.551357
 0.309456 -0.275515  0.550827
 0.309769 -0.275044   0.55033
 0.310063 -0.274593   0.54981
  0.31037 -0.274111  0.549229
 0.310661 -0.273657  0.548721
  0.31095 -0.273201  0.548222
 0.311238 -0.272744  0.547731
 0.311524 -0.272285  0.547245
 0.311809 -0.271825  0.546768
 0.312091 -0.271364  0.546294
0.312373  -0.2709 0.545833
 0.312651 -0.270436  0.545371
0.312928 -0.26997  0.54492
   0.3132 -0.269503  0.544465
 0.313475 -0.269032  0.544026
0.313767 -0.26854 0.543625
 0.314038 -0.268064  0.543199
  0.31432 -0.267559  0.542724
 0.314588 -0.267079  0.542311
 0.314856 -0.266592  0.541912
  0.31512 -0.266107  0.541509
 0.315384 -0.265618  0.541116
 0.315647 -0.265123  0.540731
 0.315895 -0.264632  0.540386
 0.316166 -0.264132  0.539974
 0.316422 -0.263631  0.539603
0.316677 -0.26313 0.539241
 0.316928 -0.262629  0.538878
0.317039 -0.26228 0.538311
 0.317424 -0.261619  0.538175
 0.317643 -0.261157  0.537854
0.317885 -0.26065 0.537515
 0.318136 -0.260132  0.537198
 0.318382 -0.259601  0.536827
 0.318614 -0.259096  0.536501
 0.318843 -0.258593   0.53618
 0.319068 -0.258091  0.535865
 0.319289 -0.257588  0.535555
0.319507 -0.25709 0.535249
 0.319719 -0.256593  0.534948
 0.319929 -0.256096  0.534654
 0.320133 -0.255606   0.53436
 0.320334 -0.255117  0.534078
 0.320528 -0.254632  0.533792
 0.320921 -0.253562  0.533167
 0.320921 -0.253562  0.533167
 0.321091 -0.253123  0.532939
 0.321262 -0.252663  0.532666
 0.321435 -0.252196  0.532408
0.321607 -0.25173 0.532161
 0.321773 -0.251271  0.531912
 0.321937 -0.250815  0.531673
0.322098 -0.25036 0.531442
 0.322256 -0.249911  0.531214
 0.322413 -0.249464  0.530993
 0.322719 -0.248578  0.530566
 0.322719 -0.248578  0.530566
 0.323016 -0.247704  0.530152
 0.323163 -0.247271  0.529952
 0.323163 -0.247271  0.529952
 0.323308 -0.246842  0.529754
 0.323451 -0.246413  0.529561
0.323592 -0.24599 0.529367
0.323732 -0.24557 0.529179
 0.324008 -0.244733  0.528809
 0.324008 -0.244733  0.528809
  0.32427 -0.243919  0.528431
 0.324315 -0.243763  0.528356
 0.324399 -0.243519  0.528245
 0.324524 -0.243123  0.528058
 0.324647 -0.242729  0.527874
 0.324884 -0.241961  0.527503
 0.324998 -0.241584  0.527315
 0.325108 -0.241214  0.527129
 0.325216 -0.240848  0.526944
 0.325321 -0.240487  0.526759
 0.325423 -0.240132  0.526575
 0.325525 -0.239768  0.526384
 0.325621 -0.239425  0.526204
 0.325713 -0.239089  0.526019
 0.325803 -0.238756   0.52584
 0.325895 -0.238416  0.525649
 0.325979 -0.238097  0.525473
 0.326062 -0.237781    0.5253
 0.326142 -0.237473  0.525127
  0.32622 -0.237171  0.524959
 0.326295 -0.236872  0.524791
 0.32637 -0.23658 0.524631
 0.326441 -0.236295  0.524465
 0.326509 -0.236029  0.524313
 0.326574 -0.235764  0.524168
 0.326642 -0.235493  0.524014
 0.326709 -0.235227  0.523866
 0.326774 -0.234963  0.523718
  0.32684 -0.234705  0.523577
 0.326902 -0.234453  0.523432
 0.326965 -0.234202  0.523293
 0.327028 -0.233957  0.523157
 0.327089 -0.233716  0.523022
  0.32715 -0.233477  0.522891
  0.32721 -0.233245  0.522759
  0.32727 -0.233015  0.522634
0.327327 -0.23279 0.522505
 0.327385 -0.232569  0.522381
 0.327442 -0.232353  0.522259
0.327497 -0.23214 0.522138
 0.327553 -0.231934  0.522021
 0.327606 -0.231732  0.521904
 0.327659 -0.231534  0.521792
 0.327717 -0.231339  0.521662
 0.327762 -0.231142  0.521564
 0.327807 -0.230976  0.521457
0.327855 -0.23079 0.521343
   0.3279 -0.230621  0.521239
 0.327943 -0.230459  0.521135
 0.327985 -0.230304  0.521035
 0.328024 -0.230153  0.520934
0.328063 -0.23001 0.520839
 0.328099 -0.229875  0.520741
 0.328133 -0.229743  0.520647
 0.328167 -0.229619  0.520556
 0.328199 -0.229501  0.520466
  0.32823 -0.229387  0.520379
 0.32826 -0.22928 0.520292
 0.328289 -0.229178  0.520211
0.328316 -0.22908 0.520126
 0.328342 -0.228987  0.520045
 0.328368 -0.228899  0.519967
 0.328393 -0.228814  0.519889
 0.328418 -0.228733  0.519814
 0.328441 -0.228666  0.519744
 0.328465 -0.228591  0.519673
  0.32849 -0.228507  0.519595
 0.328515 -0.228435  0.519528
 0.328538 -0.228365  0.519455
 0.328561 -0.228297  0.519387
 0.328586 -0.228231   0.51932
  0.32861 -0.228163  0.519254
 0.328635 -0.228098   0.51919
 0.328659 -0.228034  0.519124
 0.328685 -0.227968  0.519064
  0.32871 -0.227905  0.518998
 0.328735 -0.227843  0.518936
0.328761 -0.22778 0.518873
 0.328787 -0.227718  0.518812
 0.328813 -0.227657  0.518753
 0.328839 -0.227595  0.518694
 0.328866 -0.227534  0.518638
 0.328892 -0.227476  0.518578
 0.328918 -0.227416  0.518522
 0.328944 -0.227359  0.518467
 0.328969 -0.227304  0.518411
 0.328994 -0.227248  0.518358
 0.329019 -0.227197  0.518303
 0.329044 -0.227146  0.518252
 0.329067 -0.227097  0.518198
 0.329091 -0.227051  0.518151
 0.329113 -0.227008  0.518096
 0.329135 -0.226966  0.518046
 0.329156 -0.226928  0.517997
 0.329179 -0.226885  0.517946
   0.3292 -0.226852  0.517899
 0.329219 -0.226822   0.51785
 0.329238 -0.226791  0.517806
 0.329255 -0.226766  0.517757
 0.329273 -0.226743  0.517711
 0.32929 -0.22672 0.517667
 0.329307 -0.226701  0.517622
 0.329323 -0.226684   0.51758
 0.329339 -0.226667  0.517536
 0.329355 -0.226653  0.517495
 0.329369 -0.226645  0.517448
 0.329385 -0.226632  0.517411
   0.3294 -0.226622  0.517366
 0.329416 -0.226613  0.517325
 0.329432 -0.226602  0.517287
 0.329448 -0.226593  0.517246
 0.329465 -0.226584  0.517209
 0.329482 -0.226573  0.517169
   0.3295 -0.226563  0.517134
 0.329517 -0.226554  0.517094
 0.329535 -0.226541  0.517057
0.329554 -0.22653  0.51702
 0.329573 -0.226518  0.516983
 0.329594 -0.226503  0.516949
0.329614 -0.22649 0.516912
 0.329635 -0.226475  0.516879
 0.329655 -0.226459  0.516842
 0.329677 -0.226444  0.516807
 0.329698 -0.226429  0.516773
  0.32972 -0.226412  0.516738
 0.329742 -0.226396  0.516705
 0.329764 -0.226381  0.516671
 0.329786 -0.226363   0.51664
 0.329808 -0.226349  0.516604
  0.32983 -0.226334  0.516576
 0.329851 -0.226319  0.516539
 0.329872 -0.226307  0.516507
 0.329893 -0.226295  0.516475
 0.329914 -0.226283  0.516443
 0.329934 -0.226274  0.516413
 0.329954 -0.226266   0.51638
 0.329974 -0.226257  0.516352
 0.329992 -0.226253  0.516318
 0.330011 -0.226249  0.516288
 0.330029 -0.226245  0.516259
 0.330043 -0.226336  0.516278
 0.330065 -0.226243  0.516199
 0.330082 -0.226243  0.516169
   0.3301 -0.226244  0.516142
 0.330117 -0.226248   0.51611
0.330133 -0.22625 0.516082
  0.33015 -0.226254  0.516053
 0.330167 -0.226259  0.516024
 0.330184 -0.226262  0.515997
   0.3302 -0.226268  0.515968
 0.330218 -0.226273  0.515942
 0.330235 -0.226277  0.515913
 0.330253 -0.226282   0.51589
  0.33027 -0.226288  0.515859
 0.330288 -0.226292  0.515833
 0.330306 -0.226296  0.515807
 0.330325 -0.226301   0.51578
 0.330344 -0.226303  0.515756
 0.330363 -0.226307  0.515729
0.330383 -0.22631 0.515707
 0.330403 -0.226311  0.515679
 0.330423 -0.226313  0.515654
 0.330445 -0.226303  0.515626
 0.330466 -0.226304  0.515601
 0.330487 -0.226304  0.515578
 0.330509 -0.226303  0.515554
 0.330531 -0.226302  0.515533
 0.330555 -0.226307  0.515512
0.330574  -0.2263 0.515484
   0.3306 -0.226303  0.515466
 0.330622 -0.226303  0.515444
 0.330644 -0.226301  0.515422
 0.330666 -0.226301  0.515399
0.330688  -0.2263 0.515379
 0.330708 -0.226304  0.515353
0.330732  -0.2263 0.515337
 0.330751 -0.226306   0.51531
 0.330772 -0.226306  0.515288
 0.330794 -0.226308  0.515267
 0.330814 -0.226311  0.515244
 0.330835 -0.226312  0.515224
 0.330835 -0.226312  0.515224
0.330876 -0.22632 0.515182
 0.330896 -0.226316  0.515153
 0.330916 -0.226321  0.515132
 0.330936 -0.226325  0.515111
 0.330955 -0.226331  0.515089
 0.330975 -0.226338  0.515068
 0.330994 -0.226343  0.515047
 0.331017 -0.226355  0.515033
 0.331037 -0.226362   0.51501
 0.331057 -0.226368  0.514993
 0.331074 -0.226381  0.514967
 0.331094 -0.226389  0.514947
 0.331114 -0.226395  0.514927
 0.331131 -0.226394  0.514904
 0.331155 -0.226407   0.51489
 0.331171 -0.226408  0.514865
 0.331193 -0.226415  0.514848
 0.331215 -0.226427   0.51483
 0.331233 -0.226427  0.514806
 0.331254 -0.226434  0.514788
 0.331278 -0.226444  0.514773
 0.331296 -0.226443  0.514751
  0.33132 -0.226453  0.514736
 0.331343 -0.226458  0.514719
 0.331364 -0.226461  0.514699
 0.331387 -0.226465  0.514685
 0.331407 -0.226473  0.514661
  0.33143 -0.226471  0.514645
 0.331452 -0.226474  0.514628
 0.331469 -0.226564  0.514654
 0.331492 -0.226566  0.514638
 0.331518 -0.226486  0.514571
 0.331542 -0.226487  0.514556
 0.331563 -0.226488  0.514536
0.331586 -0.22649 0.514518
 0.331608 -0.226491    0.5145
 0.331629 -0.226483  0.514479
 0.331651 -0.226485  0.514463
 0.331676 -0.226492  0.514448
 0.331699 -0.226492  0.514434
  0.33172 -0.226495  0.514414
 0.331742 -0.226498  0.514396
0.331764  -0.2265 0.514379
 0.331785 -0.226505  0.514362
0.331807 -0.22651 0.514346
 0.331828 -0.226514  0.514328
0.331849 -0.22652 0.514314
  0.33187 -0.226527  0.514296
  0.33187 -0.226527  0.514296
 0.331887 -0.226529  0.514276
 0.331912 -0.226542  0.514265
0.331932 -0.22655 0.514249
 0.331953 -0.226558  0.514235
 0.331973 -0.226567  0.514219
 0.331994 -0.226577  0.514205
 0.332015 -0.226585  0.514189
 0.332036 -0.226595  0.514178
 0.332056 -0.226605  0.514159
 0.332074 -0.226608   0.51414
 0.332095 -0.226618  0.514126
 0.332119 -0.226631  0.514116
  0.33214 -0.226638  0.514103
  0.33216 -0.226651  0.514085
 0.332182 -0.226659  0.514073
 0.332203 -0.226665  0.514057
 0.332225 -0.226671  0.514042
 0.332248 -0.226668  0.514024
  0.33227 -0.226674  0.514009
 0.332293 -0.226679  0.513996
 0.332315 -0.226682  0.513981
 0.332338 -0.226685  0.513969
 0.332363 -0.226693  0.513957
 0.332387 -0.226694  0.513947
 0.332409 -0.226697  0.513929
0.332432  -0.2267 0.513915
 0.332454 -0.226704    0.5139
 0.332477 -0.226706  0.513886
 0.332501 -0.226708  0.513873
 0.332523 -0.226708  0.513858
0.332546 -0.22671 0.513846
 0.332569 -0.226712   0.51383
 0.332591 -0.226713  0.513816
 0.332614 -0.226715  0.513802
 0.332636 -0.226718  0.513788
 0.332659 -0.226719  0.513775
  0.33268 -0.226723  0.513761
 0.332703 -0.226726  0.513749
 0.332724 -0.226729  0.513734
 0.332746 -0.226733  0.513724
 0.332767 -0.226739  0.513707
 0.332789 -0.226736  0.513689
  0.33281 -0.226742  0.513677
 0.332831 -0.226747  0.513663
 0.332852 -0.226754  0.513652
 0.332873 -0.226761  0.513637
 0.332894 -0.226767  0.513628
0.332917 -0.22678 0.513617
 0.332938 -0.226788  0.513605
 0.332979 -0.226803   0.51358
 0.332979 -0.226803   0.51358
    0.333 -0.226811  0.513569
 0.333021 -0.226818  0.513557
  0.33304 -0.226821  0.513542
 0.333063 -0.226834  0.513532
 0.333081 -0.226836  0.513517
 0.333105 -0.226847  0.513509
 0.333126 -0.226854  0.513497
 0.333148 -0.226859  0.513487
 0.333169 -0.226866  0.513475
 0.333191 -0.226871  0.513464
 0.333213 -0.226875  0.513452
0.333235 -0.22688 0.513443
 0.333257 -0.226885  0.513428
 0.333279 -0.226887  0.513417
 0.333301 -0.226891  0.513406
 0.333323 -0.226894  0.513394
 0.333346 -0.226896  0.513384
 0.333368 -0.226898  0.513372
