6.91414e-06
0.00942898
0.019486
0.029541
0.039597
0.0496521
0.0597379
0.069808
0.079865
0.0899279
0.0999839
0.11004
0.120099
0.130156
0.140213
0.150269
0.160328
0.170384
0.180439
0.190497
0.200552
0.210609
0.220665
0.23072
0.240777
0.250833
0.260889
0.270945
0.281
0.291057
0.301115
0.311169
0.321233
0.331289
0.341343
0.351399
0.361455
0.371509
0.381566
0.39164
0.401694
0.411748
0.421803
0.431858
0.441929
0.451985
0.462051
0.472117
0.482174
0.492234
0.50229
0.512351
0.522411
0.532473
0.542504
0.55256
0.562615
0.572682
0.582738
0.592794
0.60285
0.612904
0.622965
0.63302
0.643076
0.653132
0.663188
0.673243
0.683298
0.693353
0.703411
0.713476
0.723531
0.733596
0.743652
0.753717
0.763762
0.773818
0.783871
0.793927
0.803986
0.814043
0.824098
0.834157
0.844213
0.85428
0.864333
0.874399
0.884457
0.894527
0.904584
0.914642
0.924702
0.93476
0.944814
0.954881
0.964948
0.975014
0.985092
0.995152
1.00523
1.0153
1.02536
1.03541
1.04548
1.05554
1.06561
1.07579
1.08585
1.09591
1.10597
1.11602
1.12611
1.13617
1.14622
1.15628
1.16634
1.17639
1.18645
1.19651
1.20656
1.21662
1.22668
1.23673
1.24679
1.25684
1.2669
1.27696
1.28697
1.29703
1.30708
1.31714
1.32719
1.33725
1.34731
1.35736
1.36742
1.37748
1.38753
1.39759
1.40764
1.4177
1.42776
1.43781
1.44787
1.45794
1.468
1.47805
1.48811
1.49818
1.50824
1.51831
1.52837
1.53842
1.54848
1.55856
1.56861
1.57867
1.58873
1.59878
1.60884
1.61897
1.62911
1.63917
1.64923
1.65928
1.66934
1.6794
1.68946
1.69952
1.70957
1.71963
1.72968
1.73977
1.74983
1.75989
1.76994
1.78
1.79005
1.80011
1.81017
1.82027
1.83034
1.8404
1.85046
1.86052
1.87057
1.88063
1.8907
1.90078
1.91084
1.9209
1.93095
1.94101
1.95108
1.96114
1.97119
1.98125
1.9913
2.00136
2.01142
2.02148
2.03154
2.04159
2.05165
2.06171
2.07176
2.08182
2.09187
2.10193
2.11198
2.12204
2.1321
2.14215
2.15221
2.16228
2.17233
2.18239
2.19244
2.2025
2.21255
2.22261
2.23266
2.24272
2.25278
2.26283
2.27289
2.28294
2.29303
2.30308
2.31322
2.32616
2.33619
2.34624
2.3563
2.36635
2.37641
2.38646
2.39651
2.40657
2.41662
2.42668
2.43673
2.44679
2.45684
2.4669
2.47695
2.48701
2.50057
2.51063
2.52068
2.53074
2.5408
2.55086
2.56092
2.571
2.58105
2.59111
2.60124
2.61129
2.62134
2.6314
2.64146
2.65152
2.66157
2.67163
2.6817
2.69176
2.70183
2.71188
2.72194
2.73199
2.74205
2.75211
2.76216
2.77237
2.78241
2.79247
2.80253
2.81261
2.82266
2.83272
2.84279
2.85284
2.8629
2.87297
2.88306
2.89312
2.90317
2.91323
2.92329
2.93339
2.94346
2.95353
2.96358
2.97372
2.98378
2.99385
3.00391
3.01397
3.02404
3.0341
3.04418
3.05425
3.06431
3.07437
3.08443
3.09448
3.10454
3.1146
3.12467
3.13475
3.14482
3.15488
3.16496
3.17501
3.18507
3.19513
3.20518
3.21524
3.2253
3.23536
3.24541
3.25549
3.26555
3.2756
3.28566
3.29572
3.30579
3.31585
3.32591
3.33596
3.34602
3.35609
3.36621
3.37628
3.38634
3.3964
3.40646
3.41651
3.42658
3.43666
3.44672
3.45677
3.46683
3.47688
3.48694
3.49701
3.50706
3.5171
3.52716
3.5373
3.54736
3.55741
3.56744
3.5775
3.58755
3.59761
3.60767
3.61772
3.62778
3.63784
3.64789
3.65795
3.66801
3.67806
3.68811
3.69818
3.70824
3.7183
3.72835
3.73843
3.74849
3.75858
3.76864
3.7787
3.78875
3.79882
3.80888
3.81895
3.82901
3.83907
3.84912
3.85918
3.86927
3.87932
3.88938
3.89945
3.90951
3.91956
3.92962
3.93968
3.94974
3.9598
3.96986
3.97992
3.98998
4.00004
4.01009
4.02015
4.03021
4.04027
4.05037
4.06043
4.07049
4.08055
4.0906
4.10066
4.11072
4.12078
4.13083
4.14089
4.15095
4.161
4.17106
4.18112
4.19119
4.20125
4.2113
4.22136
4.23142
4.24147
4.25153
4.26159
4.27166
4.28171
4.29177
4.30185
4.31195
4.32201
4.33205
4.3421
4.35216
4.36222
4.37228
4.38234
4.3924
4.40246
4.41253
4.42259
4.43264
4.4427
4.45276
4.46281
4.47288
4.48293
4.49296
4.50302
4.51307
4.52313
4.53319
4.54325
4.55331
4.56338
4.57344
4.58354
4.59359
4.60365
4.61371
4.62377
4.63383
4.64389
4.65395
4.66401
4.67406
4.68412
4.69418
4.70425
4.71431
4.72438
4.73445
4.74451
4.75457
4.76462
4.77468
4.78477
4.79483
4.80488
4.81494
4.825
4.83507
4.84516
4.85527
4.86535
4.8754
4.88547
4.89553
4.90559
4.91565
4.9257
4.93576
4.94582
4.95587
4.96593
4.97599
4.98605
4.9961
5.00616
5.01622
5.02627
5.03633
5.04639
5.05645
5.0665
5.07656
5.08662
5.09668
5.10673
5.1168
5.12686
5.13691
5.14699
5.15705
5.16711
5.17716
5.18724
5.19731
5.20737
5.21742
5.22748
5.23753
5.24759
5.25765
5.26771
5.27777
5.28783
5.29788
5.30794
5.318
5.32806
5.33813
5.34819
5.35824
5.36829
5.37835
5.38842
5.39848
5.40853
5.41859
5.42864
5.4387
5.44876
5.45881
5.46887
5.47893
5.48898
5.49904
5.5091
5.51915
5.52921
5.53927
5.54932
5.55938
5.56944
5.57945
5.58951
5.59957
5.60963
5.6197
5.62976
5.63982
5.64993
5.65999
5.67005
5.6801
5.69016
5.70022
5.71027
5.72035
5.73045
