0.0163098 -0.105356  0.508655
0.0163098 -0.105356  0.508655
0.0163107 -0.105355  0.508653
0.0163133 -0.105355  0.508645
0.0163178 -0.105354  0.508633
 0.016324 -0.105354  0.508615
0.0163417 -0.105351  0.508564
0.0163417 -0.105351  0.508564
0.0163666 -0.105348  0.508494
0.0163666 -0.105348  0.508494
0.0163817 -0.105346  0.508451
0.0163985 -0.105344  0.508403
0.0164172 -0.105341  0.508349
0.0164598 -0.105335  0.508228
0.0164837 -0.105332   0.50816
0.0164837 -0.105332   0.50816
 0.016537 -0.105325  0.508008
0.0165663 -0.105321  0.507925
0.0165973 -0.105317  0.507836
0.0166302 -0.105313  0.507743
0.0166648 -0.105308  0.507644
0.0167012 -0.105303   0.50754
0.0167393 -0.105298  0.507432
0.0167393 -0.105298  0.507432
 0.016821 -0.105287  0.507199
0.0168645 -0.105281  0.507075
0.0169097 -0.105275  0.506946
0.0169568 -0.105269  0.506812
0.0170056 -0.105262  0.506673
0.0170562 -0.105255  0.506529
0.0171087 -0.105248  0.506379
0.0171087 -0.105248  0.506379
0.0171628 -0.105241  0.506225
0.0172764 -0.105226  0.505901
0.0173359 -0.105218  0.505732
0.0173359 -0.105218  0.505732
0.0174602 -0.105201  0.505378
0.0175249 -0.105193  0.505193
0.0175915 -0.105184  0.505004
0.0176599 -0.105174  0.504809
  0.01773 -0.105165  0.504609
0.0178019 -0.105155  0.504404
0.0178756 -0.105146  0.504194
 0.017951 -0.105135  0.503979
0.0180282 -0.105125  0.503759
0.0181073 -0.105114  0.503534
 0.018188 -0.105104  0.503304
0.0182706 -0.105093  0.503069
0.0183549 -0.105081  0.502829
0.018441 -0.10507 0.502583
0.0185288 -0.105058  0.502333
0.0186186 -0.105046  0.502077
  0.01871 -0.105034  0.501817
0.0188031 -0.105021  0.501552
0.0188981 -0.105008  0.501281
0.0189948 -0.104995  0.501005
0.0190933 -0.104982  0.500725
0.0191936 -0.104969  0.500439
0.0192957 -0.104955  0.500148
0.0193996 -0.104941  0.499852
0.0195053 -0.104927  0.499551
0.0196128 -0.104913  0.499245
 0.019722 -0.104898  0.498934
0.0198329 -0.104883  0.498618
0.0199456 -0.104868  0.498296
0.0200601 -0.104853   0.49797
0.0201764 -0.104837  0.497639
0.0202944 -0.104821  0.497303
0.0204142 -0.104805  0.496961
0.0205358 -0.104789  0.496615
0.0206592 -0.104772  0.496263
0.0207845 -0.104755  0.495906
0.0209115 -0.104738  0.495545
0.0210403 -0.104721  0.495178
0.0211707 -0.104704  0.494806
 0.021303 -0.104686  0.494429
 0.021437 -0.104668  0.494048
0.0215727  -0.10465  0.493661
0.0217103 -0.104631  0.493269
0.0218498 -0.104613  0.492871
0.0219909 -0.104594  0.492469
0.0221339 -0.104574  0.492062
0.0222786 -0.104555   0.49165
0.0224251 -0.104535  0.491232
0.0225733 -0.104515   0.49081
 0.022723 -0.104495  0.490384
0.0228747 -0.104475  0.489951
0.0230285 -0.104454  0.489513
0.0231838 -0.104434  0.489071
0.0233409 -0.104413  0.488623
0.0234997 -0.104391  0.488171
0.0236603  -0.10437  0.487713
0.0238228 -0.104348   0.48725
0.0239868 -0.104326  0.486783
0.0241553 -0.104303  0.486303
0.0243231 -0.104281  0.485825
0.0244926 -0.104258  0.485342
0.0246641 -0.104235  0.484853
0.0248372 -0.104212   0.48436
0.0250121 -0.104188  0.483861
0.0251885 -0.104165  0.483359
 0.025365 -0.104141  0.482856
0.0255415 -0.104117  0.482353
0.0257179 -0.104094  0.481851
0.0258944  -0.10407  0.481348
0.0260708 -0.104046  0.480845
0.0262473 -0.104023  0.480342
0.0264238 -0.103999  0.479839
0.0266002 -0.103975  0.479337
0.0267767 -0.103952  0.478834
0.0269532 -0.103928  0.478331
0.0271297 -0.103904  0.477828
0.0273061 -0.103881  0.477326
0.0274827 -0.103857  0.476822
0.0276592 -0.103833   0.47632
0.0278357  -0.10381  0.475817
0.0280122 -0.103786  0.475314
0.0281887 -0.103762  0.474811
0.0283652 -0.103739  0.474308
0.0285416 -0.103715  0.473805
0.0287177 -0.103691  0.473304
0.0288942 -0.103668  0.472801
0.0290706 -0.103644  0.472299
0.0292473  -0.10362  0.471795
0.0294238 -0.103597  0.471292
0.0296003 -0.103573  0.470789
0.0297769 -0.103549  0.470286
0.0299534 -0.103526  0.469783
0.0301301 -0.103502   0.46928
0.0303065 -0.103478  0.468777
0.0304832 -0.103455  0.468274
0.0306596 -0.103431  0.467771
0.0308364 -0.103407  0.467267
0.0310129 -0.103383  0.466765
0.0311893  -0.10336  0.466262
0.0313658 -0.103336  0.465759
0.0315423 -0.103312  0.465256
0.0317188 -0.103289  0.464753
0.0318953 -0.103265   0.46425
0.0320709 -0.103242   0.46375
0.0322447 -0.103218  0.463255
0.0324171 -0.103195  0.462764
0.0325873 -0.103172  0.462279
0.0327558  -0.10315  0.461799
0.0329226 -0.103127  0.461324
0.0330875 -0.103105  0.460854
0.0332507 -0.103083  0.460389
 0.033412 -0.103062  0.459929
0.0335716  -0.10304  0.459474
0.0337296 -0.103019  0.459024
0.0338859 -0.102998  0.458579
0.0340401 -0.102977   0.45814
0.0341926 -0.102957  0.457705
0.0343435 -0.102937  0.457275
0.0344924 -0.102917  0.456851
0.0346397 -0.102897  0.456431
0.0347852 -0.102878  0.456017
 0.034929 -0.102858  0.455607
0.0350708 -0.102839  0.455203
0.0352109  -0.10282  0.454804
0.0353494 -0.102802  0.454409
 0.035486 -0.102784   0.45402
0.0356207 -0.102765  0.453636
0.0357537 -0.102748  0.453257
0.0358849  -0.10273  0.452883
0.0360144 -0.102713  0.452515
 0.036142 -0.102696  0.452151
0.0362679 -0.102679  0.451792
 0.036392 -0.102662  0.451439
0.0365143 -0.102646   0.45109
 0.036635 -0.102629  0.450747
0.0367538 -0.102613  0.450408
0.0368708 -0.102598  0.450075
0.0369861 -0.102582  0.449746
0.0370996 -0.102567  0.449423
0.0372113 -0.102552  0.449104
0.0373212 -0.102537  0.448791
0.0374293 -0.102523  0.448483
0.0375357 -0.102509   0.44818
0.0376403 -0.102495  0.447882
0.0377431 -0.102481  0.447589
0.0378441 -0.102467  0.447302
0.0379434 -0.102454  0.447019
0.0380409 -0.102441  0.446741
0.0381366 -0.102428  0.446468
0.0382306 -0.102415    0.4462
0.0383227 -0.102403  0.445938
0.0384131 -0.102391   0.44568
0.0385017 -0.102379  0.445428
0.0385886 -0.102367  0.445181
0.0386736 -0.102356  0.444938
0.0387569 -0.102345  0.444701
0.0388384 -0.102334  0.444469
0.0389182 -0.102323  0.444241
0.0389961 -0.102313  0.444019
0.0390723 -0.102302  0.443802
0.0391468 -0.102292   0.44359
0.0392195 -0.102283  0.443383
0.0392903 -0.102273  0.443181
0.0393594 -0.102264  0.442984
0.0394267 -0.102255  0.442792
0.0394923 -0.102246  0.442606
0.0395561 -0.102238  0.442424
0.0396181 -0.102229  0.442247
0.0396783 -0.102221  0.442076
0.0397367 -0.102213  0.441909
0.0397934 -0.102206  0.441748
0.0398484 -0.102198  0.441591
0.0399016 -0.102191   0.44144
 0.039953 -0.102184  0.441293
0.0400025 -0.102178  0.441152
0.0400503 -0.102171  0.441016
0.0400964 -0.102165  0.440885
0.0401406 -0.102159  0.440759
0.0401831 -0.102153  0.440638
0.0402238 -0.102148  0.440522
0.0402627 -0.102143  0.440411
0.0402999 -0.102138  0.440305
0.0403352 -0.102133  0.440204
0.0403688 -0.102129  0.440108
0.0404006 -0.102124  0.440018
0.0404307  -0.10212  0.439932
 0.040459 -0.102116  0.439851
0.0404855 -0.102113  0.439776
0.0405103  -0.10211  0.439705
0.0405332 -0.102107   0.43964
0.0405544 -0.102104   0.43958
0.0405738 -0.102101  0.439524
0.0405914 -0.102099  0.439474
0.0406073 -0.102097  0.439429
0.0406213 -0.102095  0.439389
0.0406336 -0.102093  0.439354
0.0406442 -0.102092  0.439324
0.0406529  -0.10209  0.439299
0.0406599  -0.10209  0.439279
0.0406651 -0.102089  0.439264
0.0406685 -0.102088  0.439255
0.0406701 -0.102088   0.43925
0.0406703 -0.102088  0.439249
0.0406703 -0.102088  0.439249
0.0406703 -0.102088  0.439249
0.0406703 -0.102088  0.439249
0.0406703 -0.102088  0.439249
0.0406703 -0.102088  0.439249
0.0406703 -0.102088  0.439249
0.0406703 -0.102088  0.439249
0.0406703 -0.102088  0.439249
0.0406703 -0.102088  0.439249
0.0406703 -0.102088  0.439249
0.0406703 -0.102088  0.439249
0.0406703 -0.102088  0.439249
0.0406703 -0.102088  0.439249
0.0406703 -0.102088  0.439249
0.0406703 -0.102088  0.439249
0.0406703 -0.102088  0.439249
0.0406703 -0.102088  0.439249
0.0406703 -0.102088  0.439249
0.0406703 -0.102088  0.439249
0.0406703 -0.102088  0.439249
0.0406703 -0.102088  0.439249
0.0406703 -0.102088  0.439249
0.0406703 -0.102088  0.439249
0.0406703 -0.102088  0.439249
0.0406703 -0.102088  0.439249
0.0406703 -0.102088  0.439249
0.0406703 -0.102088  0.439249
0.0406703 -0.102088  0.439249
0.0406703 -0.102088  0.439249
0.0406703 -0.102088  0.439249
0.0406703 -0.102088  0.439249
0.0406703 -0.102088  0.439249
0.0406703 -0.102088  0.439249
0.0406703 -0.102088  0.439249
0.0406703 -0.102088  0.439249
0.0406703 -0.102088  0.439249
0.0406703 -0.102088  0.439249
0.0406703 -0.102088  0.439249
0.0406703 -0.102088  0.439249
0.0406703 -0.102088  0.439249
0.0406703 -0.102088  0.439249
0.0406703 -0.102088  0.439249
0.0406703 -0.102088  0.439249
0.0406703 -0.102088  0.439249
0.0406703 -0.102088  0.439249
0.0406703 -0.102088  0.439249
0.0406703 -0.102088  0.439249
0.0406703 -0.102088  0.439249
0.0406703 -0.102088  0.439249
0.0406703 -0.102088  0.439249
0.0406703 -0.102088  0.439249
0.0406703 -0.102088  0.439249
0.0406703 -0.102088  0.439249
0.0406703 -0.102088  0.439249
0.0406703 -0.102088  0.439249
0.0406703 -0.102088  0.439249
0.0406703 -0.102088  0.439249
0.0406703 -0.102088  0.439249
0.0406703 -0.102088  0.439249
0.0406703 -0.102088  0.439249
0.0406703 -0.102088  0.439249
0.0406703 -0.102088  0.439249
0.0406703 -0.102088  0.439249
0.0406703 -0.102088  0.439249
0.0406703 -0.102088  0.439249
0.0406703 -0.102088  0.439249
0.0406703 -0.102088  0.439249
0.0406703 -0.102088  0.439249
0.0406703 -0.102088  0.439249
0.0406703 -0.102088  0.439249
0.0406703 -0.102088  0.439249
0.0406703 -0.102088  0.439249
0.0406703 -0.102088  0.439249
0.0406703 -0.102088  0.439249
0.0406703 -0.102088  0.439249
0.0406703 -0.102088  0.439249
0.0406703 -0.102088  0.439249
0.0406703 -0.102088  0.439249
0.0406703 -0.102088  0.439249
0.0406703 -0.102088  0.439249
0.0406703 -0.102088  0.439249
0.0406703 -0.102088  0.439249
0.0406703 -0.102088  0.439249
0.0406703 -0.102088  0.439249
0.0406703 -0.102088  0.439249
0.0406703 -0.102088  0.439249
0.0406703 -0.102088  0.439249
0.0406703 -0.102088  0.439249
0.0406703 -0.102088  0.439249
0.0406703 -0.102088  0.439249
0.0406703 -0.102088  0.439249
0.0406703 -0.102088  0.439249
0.0406703 -0.102088  0.439249
0.0406703 -0.102088  0.439249
0.0406703 -0.102088  0.439249
0.0406703 -0.102088  0.439249
0.0406703 -0.102088  0.439249
0.0406703 -0.102088  0.439249
0.0406703 -0.102088  0.439249
0.0406703 -0.102088  0.439249
0.0406703 -0.102088  0.439249
0.0406703 -0.102088  0.439249
0.0406703 -0.102088  0.439249
0.0406703 -0.102088  0.439249
0.0406703 -0.102088  0.439249
0.0406703 -0.102088  0.439249
0.0406703 -0.102088  0.439249
0.0406703 -0.102088  0.439249
0.0406703 -0.102088  0.439249
0.0406703 -0.102088  0.439249
0.0406703 -0.102088  0.439249
0.0406703 -0.102088  0.439249
0.0406703 -0.102088  0.439249
0.0406703 -0.102088  0.439249
0.0406703 -0.102088  0.439249
0.0406703 -0.102088  0.439249
0.0406703 -0.102088  0.439249
0.0406703 -0.102088  0.439249
0.0406703 -0.102088  0.439249
0.0406703 -0.102088  0.439249
0.0406703 -0.102088  0.439249
0.0406703 -0.102088  0.439249
0.0406703 -0.102088  0.439249
0.0406703 -0.102088  0.439249
0.0406703 -0.102088  0.439249
0.0406703 -0.102088  0.439249
0.0406703 -0.102088  0.439249
0.0406703 -0.102088  0.439249
0.0406703 -0.102088  0.439249
0.0406703 -0.102088  0.439249
0.0406703 -0.102088  0.439249
0.0406703 -0.102088  0.439249
0.0406703 -0.102088  0.439249
0.0406703 -0.102088  0.439249
0.0406703 -0.102088  0.439249
0.0406703 -0.102088  0.439249
0.0406703 -0.102088  0.439249
0.0406703 -0.102088  0.439249
0.0406703 -0.102088  0.439249
0.0406703 -0.102088  0.439249
0.0406703 -0.102088  0.439249
0.0406703 -0.102088  0.439249
0.0406703 -0.102088  0.439249
0.0406703 -0.102088  0.439249
0.0406703 -0.102088  0.439249
0.0406703 -0.102088  0.439249
0.0406703 -0.102088  0.439249
0.0406703 -0.102088  0.439249
0.0406703 -0.102088  0.439249
0.0406703 -0.102088  0.439249
0.0406703 -0.102088  0.439249
0.0406703 -0.102088  0.439249
0.0406703 -0.102088  0.439249
0.0406703 -0.102088  0.439249
0.0406703 -0.102088  0.439249
0.0406703 -0.102088  0.439249
0.0406703 -0.102088  0.439249
0.0406703 -0.102088  0.439249
0.0406703 -0.102088  0.439249
0.0406703 -0.102088  0.439249
0.0406703 -0.102088  0.439249
0.0406703 -0.102088  0.439249
0.0406703 -0.102088  0.439249
0.0406703 -0.102088  0.439249
0.0406703 -0.102088  0.439249
0.0406703 -0.102088  0.439249
0.0406703 -0.102088  0.439249
0.0406703 -0.102088  0.439249
0.0406703 -0.102088  0.439249
0.0406703 -0.102088  0.439249
0.0406703 -0.102088  0.439249
0.0406703 -0.102088  0.439249
0.0406703 -0.102088  0.439249
0.0406703 -0.102088  0.439249
0.0406703 -0.102088  0.439249
0.0406703 -0.102088  0.439249
0.0406703 -0.102088  0.439249
0.0406703 -0.102088  0.439249
