0.0163111 -0.105356  0.508655
0.0163114 -0.105357  0.508654
0.0163117 -0.105359  0.508654
0.0163109  -0.10536  0.508653
0.0163116 -0.105361  0.508652
0.0163111 -0.105362  0.508652
0.0163101 -0.105364  0.508652
0.0163081 -0.105365  0.508652
0.0163076 -0.105366  0.508651
0.0163059 -0.105366  0.508652
0.0163032 -0.105368  0.508651
0.0163022 -0.105368  0.508651
0.0163003 -0.105368  0.508651
0.0162984  -0.10537  0.508651
0.0162956 -0.105371   0.50865
0.0162948 -0.105371   0.50865
0.0162933  -0.10537   0.50865
0.0162911 -0.105372  0.508648
0.0162911  -0.10537  0.508648
0.0162897 -0.105371  0.508646
0.0162896  -0.10537  0.508645
0.0162902 -0.105368  0.508644
0.0162911 -0.105368  0.508642
0.0162929 -0.105365   0.50864
0.0162955 -0.105364  0.508638
0.0162987 -0.105362  0.508635
0.0163029 -0.105361  0.508632
0.0163076 -0.105358  0.508629
0.0163142 -0.105355  0.508626
0.0163201 -0.105352  0.508622
0.0163289 -0.105349  0.508618
0.0163368 -0.105346  0.508614
0.0163478 -0.105343   0.50861
0.0163592 -0.105344  0.508603
0.0163713 -0.105334    0.5086
0.0163854 -0.105334  0.508593
0.0164006  -0.10533  0.508587
0.0164167 -0.105326  0.508581
0.0164344 -0.105322  0.508574
0.0164533 -0.105318  0.508567
0.0164737 -0.105313   0.50856
0.0164953 -0.105309  0.508552
0.0165188 -0.105304  0.508544
0.0165433 -0.105299  0.508535
0.0165696 -0.105295  0.508526
 0.016597 -0.105289  0.508517
0.0165961 -0.105289  0.508516
0.0166567 -0.105279  0.508496
0.0166888 -0.105272  0.508485
0.0167225 -0.105268  0.508473
0.0167616 -0.105259   0.50846
0.0167997 -0.105251  0.508448
0.0168374 -0.105247  0.508434
0.0168786  -0.10524   0.50842
0.0169194 -0.105236  0.508405
0.0169637 -0.105228   0.50839
0.0170076 -0.105224  0.508373
 0.017055 -0.105216  0.508357
0.017102 -0.10521 0.508339
0.0171525 -0.105204  0.508321
0.0172028 -0.105198  0.508302
0.0172573 -0.105191  0.508281
0.0173109 -0.105185  0.508261
0.0173681 -0.105178  0.508239
0.0174251 -0.105171  0.508216
0.0174858 -0.105165  0.508192
0.0175463 -0.105158  0.508168
0.0176106 -0.105151  0.508142
0.0176756 -0.105143  0.508115
0.0177414 -0.105136  0.508088
0.0178099 -0.105128  0.508059
0.0178816 -0.105119  0.508029
0.0179538 -0.105113  0.507998
0.0180271 -0.105105  0.507966
0.0181041 -0.105097  0.507933
0.0181821 -0.105088  0.507899
0.018262 -0.10508 0.507863
0.0183438 -0.105071  0.507826
0.0184268 -0.105064  0.507787
0.0185135 -0.105053  0.507748
0.0186015 -0.105043  0.507707
0.0186915 -0.105035  0.507664
0.0187836 -0.105025   0.50762
0.0188777 -0.105016  0.507574
 0.018974 -0.105005  0.507527
0.0190724 -0.104996  0.507478
0.0191729 -0.104985  0.507428
0.0192757 -0.104976  0.507376
0.0193805 -0.104965  0.507322
0.0194875 -0.104955  0.507266
0.0195967 -0.104943  0.507209
 0.019708 -0.104931   0.50715
0.0198217 -0.104921  0.507088
0.0199375 -0.104909  0.507025
0.0200556 -0.104898  0.506959
0.0201757 -0.104885  0.506891
0.0202982 -0.104875  0.506821
0.0204228 -0.104862  0.506749
0.0205496 -0.104851  0.506675
0.0206787 -0.104838  0.506598
0.0208101 -0.104826  0.506519
0.0209437 -0.104813  0.506437
0.0210797 -0.104799  0.506353
 0.021218 -0.104787  0.506265
0.0213592 -0.104774  0.506177
 0.021502 -0.104762  0.506083
0.0216471 -0.104748  0.505988
0.0217943 -0.104736  0.505889
0.0219437 -0.104722  0.505788
0.0220954 -0.104709  0.505683
 0.022249 -0.104695  0.505575
0.0224047 -0.104682  0.505463
 0.022563 -0.104667  0.505348
0.0227229 -0.104654   0.50523
0.0228852 -0.104639  0.505108
0.0230491 -0.104626  0.504983
0.0232153 -0.104611  0.504854
0.0233831 -0.104595  0.504721
0.0235532 -0.104581  0.504584
0.0237249 -0.104566  0.504443
0.0238979 -0.104552  0.504298
0.0240745 -0.104536  0.504149
0.0242502 -0.104523  0.503995
0.0244363 -0.104511  0.503823
 0.024626 -0.104495  0.503656
0.0248074 -0.104479   0.50349
0.0249916 -0.104465  0.503317
0.0251765  -0.10445   0.50314
0.0253627 -0.104435  0.502959
0.0255503 -0.104419  0.502773
0.0257392 -0.104405  0.502581
0.0259293 -0.104389  0.502385
0.0261205 -0.104374  0.502183
0.0263129 -0.104358  0.501976
0.0265063 -0.104344  0.501764
0.0267009 -0.104328  0.501545
0.0268963 -0.104314  0.501322
0.0270927 -0.104298  0.501092
  0.02729 -0.104283  0.500857
0.0274882 -0.104267  0.500616
0.0276872 -0.104253  0.500369
0.0278872 -0.104237  0.500115
0.0280883 -0.104222  0.499855
  0.02829 -0.104206  0.499588
0.0284942 -0.104191  0.499315
0.0286974 -0.104176  0.499036
0.0289012  -0.10416   0.49875
0.0291062 -0.104146  0.498461
0.0293104 -0.104128  0.498157
0.0295157 -0.104113  0.497851
0.0297212 -0.104098  0.497538
0.0299268 -0.104081  0.497219
 0.030133 -0.104067  0.496897
0.0303386 -0.104051  0.496564
 0.030544 -0.104035  0.496224
0.0307493 -0.104018  0.495878
0.0309544 -0.104002  0.495526
0.0311593 -0.103986  0.495166
0.0313635 -0.103969    0.4948
0.0315671 -0.103952  0.494428
0.0317702 -0.103935  0.494051
0.0319717 -0.103918  0.493667
0.0321729 -0.103901  0.493277
0.0323722 -0.103884  0.492881
 0.032572 -0.103866  0.492481
0.0327687 -0.103848  0.492073
0.0329648 -0.103831   0.49166
0.0331603 -0.103812  0.491243
0.0333723 -0.103791  0.490811
0.0335643 -0.103773  0.490381
0.0337531 -0.103752  0.489905
0.0339416 -0.103734  0.489465
0.0341285 -0.103716  0.489019
0.0343144 -0.103698  0.488569
0.0344974 -0.103679  0.488115
0.0346786 -0.103661  0.487656
0.0348579 -0.103643  0.487193
0.0350351 -0.103625  0.486726
0.0352105 -0.103606  0.486256
0.0353836 -0.103588  0.485782
0.0355547 -0.103569  0.485305
0.0357234 -0.103551  0.484825
0.0358903 -0.103533  0.484342
0.0360551 -0.103515  0.483856
0.0362177 -0.103497  0.483367
 0.036378 -0.103479  0.482877
0.0365364  -0.10346  0.482383
0.0366927 -0.103442  0.481888
0.0368452 -0.103424  0.481396
0.0369981 -0.103407  0.480898
0.0371476 -0.103388  0.480398
0.0372963 -0.103369  0.479898
0.0374415  -0.10335  0.479396
0.0376025 -0.103328  0.478885
0.0377431 -0.103309  0.478381
0.0378813  -0.10329  0.477878
 0.038017 -0.103271  0.477374
0.0381503 -0.103251  0.476872
0.0382808 -0.103231  0.476371
0.0384087 -0.103212  0.475871
0.0385342 -0.103192  0.475372
 0.038657 -0.103173  0.474875
0.0387775 -0.103153  0.474379
0.0388956 -0.103134  0.473883
0.0390113 -0.103114  0.473389
0.0391247 -0.103094  0.472896
0.0392356 -0.103075  0.472404
0.0393442 -0.103055  0.471915
0.0394506 -0.103035  0.471427
0.0395546 -0.103016  0.470942
0.0396563 -0.102997   0.47046
0.0397556 -0.102978  0.469982
0.0398526 -0.102958  0.469506
0.0399475  -0.10294  0.469034
0.0400401 -0.102921  0.468565
0.0401306 -0.102902  0.468099
0.0402187 -0.102883  0.467637
0.0403047 -0.102865  0.467179
0.0403886 -0.102847  0.466725
0.0404671 -0.102831   0.46623
0.0405467 -0.102813  0.465785
0.0406243 -0.102796  0.465344
0.0406996 -0.102778  0.464908
0.0407728 -0.102761  0.464476
0.0408441 -0.102745  0.464049
0.0409133 -0.102728  0.463627
0.0409806 -0.102712   0.46321
0.0410458 -0.102696  0.462797
0.0411091  -0.10268   0.46239
0.0411703 -0.102664  0.461988
0.0412297 -0.102649  0.461591
 0.041287 -0.102635  0.461199
0.0413423  -0.10262  0.460813
0.0413957 -0.102605  0.460433
 0.041447 -0.102591  0.460058
0.0414964 -0.102577  0.459689
0.0415437 -0.102563  0.459326
0.0415892  -0.10255  0.458967
0.0416326 -0.102537  0.458615
0.0416751 -0.102524  0.458269
 0.041712 -0.102512  0.457931
0.0417571 -0.102498  0.457591
0.0417927 -0.102485  0.457261
0.0418271 -0.102474  0.456936
 0.041859 -0.102462  0.456617
0.0418891 -0.102451  0.456303
0.0419173  -0.10244  0.455996
0.0419415 -0.102428  0.455662
0.0419661 -0.102417  0.455366
0.0419889 -0.102407  0.455076
0.0420101 -0.102397  0.454791
0.0420296 -0.102388  0.454512
0.0420477 -0.102379  0.454239
0.0420642 -0.102369  0.453971
0.0420794 -0.102361  0.453709
0.0420933 -0.102353  0.453452
0.0421058 -0.102344    0.4532
0.0421174 -0.102337  0.452954
0.0421278 -0.102329  0.452712
0.0421374 -0.102322  0.452475
 0.042146 -0.102315  0.452242
0.0421541 -0.102309  0.452014
0.0421613 -0.102302   0.45179
 0.042168 -0.102297   0.45157
 0.042174 -0.102291  0.451353
0.0421796 -0.102285  0.451141
0.0421848  -0.10228  0.450931
0.0421894 -0.102275  0.450725
0.0421937 -0.102271  0.450523
0.0421975 -0.102267  0.450325
0.0422011 -0.102262  0.450129
0.0422042 -0.102258  0.449938
0.0422071 -0.102255  0.449749
0.0422095 -0.102251  0.449565
0.0422118 -0.102248  0.449383
0.0422138 -0.102245  0.449204
0.0422154 -0.102242  0.449029
0.0422167 -0.102239  0.448858
0.0422177 -0.102236   0.44869
0.0422184 -0.102234  0.448525
0.0422189 -0.102232  0.448363
0.0422189 -0.102229  0.448205
0.0422188 -0.102227  0.448049
0.0422183 -0.102225  0.447898
0.0422176 -0.102223  0.447749
0.0422165 -0.102222  0.447603
0.0422153  -0.10222  0.447461
0.0422145 -0.102218  0.447322
0.0422127 -0.102217  0.447186
 0.042209 -0.102217  0.447054
0.0422067 -0.102215  0.446923
0.0422048 -0.102215  0.446795
0.0422022 -0.102214   0.44667
0.0421994 -0.102213  0.446548
0.0421965 -0.102212  0.446428
0.0421934 -0.102211   0.44631
0.0421903  -0.10221  0.446195
0.0421871  -0.10221  0.446083
0.0421836 -0.102209  0.445973
0.0421803 -0.102208  0.445864
0.0421768 -0.102208  0.445758
0.0421732 -0.102208  0.445655
0.0421702 -0.102206  0.445541
0.0421667 -0.102206  0.445441
0.0421631 -0.102206  0.445344
0.0421595 -0.102205  0.445248
0.0421559 -0.102206  0.445155
0.0421523 -0.102206  0.445063
0.0421488 -0.102206  0.444973
 0.042146 -0.102206  0.444885
0.0421426 -0.102207  0.444799
0.0421381 -0.102209  0.444715
0.0421343 -0.102211  0.444632
0.0421312 -0.102212  0.444551
0.0421282 -0.102213  0.444471
0.0421251 -0.102213  0.444392
0.0421222 -0.102214  0.444316
0.0421194 -0.102215  0.444241
0.0421165 -0.102216  0.444167
0.0421137 -0.102217  0.444095
0.0421109 -0.102218  0.444024
0.0421083  -0.10222  0.443955
0.0421057 -0.102221  0.443888
 0.042103 -0.102222  0.443822
0.0421018 -0.102219  0.443748
0.0420992  -0.10222  0.443685
0.0420968 -0.102221  0.443623
0.0420943 -0.102222  0.443563
 0.042092 -0.102223  0.443503
0.0420897 -0.102224  0.443445
0.0420874 -0.102225  0.443389
0.0420857 -0.102226  0.443333
0.0420836 -0.102228  0.443279
0.0420804 -0.102229  0.443227
0.0420773 -0.102234  0.443175
0.0420751 -0.102234  0.443124
 0.042073 -0.102236  0.443073
0.0420708 -0.102238  0.443025
0.0420687 -0.102239  0.442976
0.0420667  -0.10224  0.442929
0.0420645 -0.102241  0.442884
0.0420624 -0.102242  0.442838
0.0420601 -0.102244  0.442794
0.0420579 -0.102245  0.442751
0.0420556 -0.102245  0.442709
0.0420534 -0.102248  0.442667
0.0420522 -0.102245   0.44262
0.0420499 -0.102246   0.44258
0.0420475 -0.102248  0.442541
0.0420453 -0.102249  0.442503
0.0420428 -0.102249  0.442465
0.0420405 -0.102252  0.442428
0.0420385 -0.102252  0.442393
0.0420362 -0.102253  0.442357
0.0420333 -0.102255  0.442322
0.0420311 -0.102256  0.442288
0.0420287 -0.102256  0.442254
0.0420264 -0.102259  0.442221
0.0420242  -0.10226  0.442189
0.0420219  -0.10226  0.442158
0.0420196 -0.102262  0.442127
0.0420173 -0.102263  0.442096
0.0420152 -0.102264  0.442067
 0.042013 -0.102264  0.442038
0.0420109 -0.102267  0.442009
0.0420091 -0.102267  0.441982
0.0420071 -0.102268  0.441954
0.0420049  -0.10227  0.441927
0.0420029  -0.10227  0.441901
0.0420009  -0.10227  0.441875
0.0419989 -0.102272   0.44185
0.0419954 -0.102276  0.441826
0.0419939 -0.102275  0.441801
 0.041992 -0.102277  0.441777
0.0419896 -0.102278  0.441755
0.0419878 -0.102278  0.441732
0.0419859  -0.10228  0.441709
0.0419842  -0.10228  0.441687
0.0419823  -0.10228  0.441666
0.0419806 -0.102281  0.441644
0.0419787 -0.102281  0.441623
0.0419771 -0.102281  0.441603
0.0419752 -0.102282  0.441583
0.0419735 -0.102282  0.441563
0.0419717 -0.102282  0.441544
  0.04197 -0.102283  0.441525
0.0419683 -0.102283  0.441507
0.0419666 -0.102283  0.441489
0.0419657  -0.10228  0.441468
0.0419641  -0.10228   0.44145
0.0419622 -0.102281  0.441433
0.0419609 -0.102281  0.441416
0.0419591  -0.10228    0.4414
0.0419571 -0.102283  0.441384
0.0419542 -0.102285  0.441369
0.0419526 -0.102285  0.441354
0.0419507 -0.102286  0.441338
0.0419491 -0.102286  0.441324
0.0419474 -0.102285  0.441309
0.0419457 -0.102287  0.441294
0.0419441 -0.102287   0.44128
0.0419424 -0.102286  0.441267
0.0419408 -0.102288  0.441253
0.0419391 -0.102287   0.44124
0.0419376 -0.102287  0.441226
0.0419359 -0.102288  0.441213
0.0419344 -0.102288  0.441201
0.0419328 -0.102287  0.441188
0.0419313 -0.102289  0.441176
0.0419298 -0.102288  0.441164
0.0419284 -0.102287  0.441152
0.0419268 -0.102288   0.44114
0.0419255 -0.102288  0.441129
0.0419241 -0.102287  0.441118
0.0419227 -0.102288  0.441107
0.0419213 -0.102287  0.441096
  0.04192 -0.102286  0.441085
