 0.269534 -0.328387  0.605365
 0.268873 -0.326797  0.608353
 0.268875 -0.326794   0.60835
 0.268881 -0.326788  0.608343
 0.268892 -0.326776   0.60833
 0.268907 -0.326761  0.608312
0.268926 -0.32674  0.60829
 0.268949 -0.326715  0.608262
 0.268977 -0.326686  0.608229
 0.269009 -0.326652  0.608191
 0.269045 -0.326614  0.608148
 0.269085 -0.326571    0.6081
  0.26913 -0.326523  0.608047
 0.269179 -0.326471  0.607989
 0.269232 -0.326415  0.607926
 0.269289 -0.326354  0.607857
 0.269351 -0.326288  0.607784
 0.269417 -0.326218  0.607706
 0.269487 -0.326144  0.607622
 0.269562 -0.326065  0.607534
  0.26964 -0.325981   0.60744
 0.269723 -0.325893  0.607341
  0.26981 -0.325801  0.607238
 0.269902 -0.325703  0.607129
     0.27 -0.325599  0.607013
   0.2701 -0.325493  0.606894
 0.270204 -0.325382   0.60677
 0.270313 -0.325267   0.60664
 0.270425 -0.325147  0.606506
 0.270543 -0.325022  0.606366
 0.270665 -0.324893  0.606222
 0.270791 -0.324759  0.606071
 0.270921 -0.324621  0.605917
 0.271055 -0.324478  0.605758
 0.271194 -0.324331  0.605593
0.271336 -0.32418 0.605423
 0.271483 -0.324023  0.605249
 0.271634 -0.323863  0.605069
  0.27179 -0.323698  0.604884
 0.271949 -0.323528  0.604694
 0.272115 -0.323352  0.604497
 0.272283 -0.323174  0.604298
 0.272456 -0.322991  0.604093
 0.272632 -0.322803  0.603882
 0.272813 -0.322611  0.603667
 0.272999 -0.322414  0.603447
 0.273216 -0.322183  0.603189
 0.273409 -0.321978  0.602958
 0.273608 -0.321767  0.602722
 0.273811 -0.321551  0.602481
 0.274018 -0.321331  0.602235
 0.274229 -0.321107  0.601984
 0.274445 -0.320878  0.601727
 0.274665 -0.320644  0.601466
 0.274889 -0.320406    0.6012
 0.275117 -0.320164  0.600928
  0.27535 -0.319916  0.600651
 0.275587 -0.319665   0.60037
 0.275827 -0.319409  0.600084
 0.276073 -0.319149  0.599792
 0.276322 -0.318884  0.599495
 0.276576 -0.318614  0.599193
0.276834 -0.31834 0.598886
 0.277097 -0.318061  0.598574
 0.277363 -0.317778  0.598257
0.277634 -0.31749 0.597935
 0.277909 -0.317198  0.597608
 0.278188 -0.316901  0.597276
0.278472  -0.3166 0.596939
  0.27876 -0.316294  0.596597
 0.279052 -0.315984  0.596249
 0.279348 -0.315669  0.595897
0.279649 -0.31535  0.59554
 0.279954 -0.315026  0.595177
 0.280263 -0.314698   0.59481
 0.280575 -0.314366  0.594438
 0.280892 -0.314029  0.594061
 0.281215 -0.313687  0.593678
0.281541 -0.31334  0.59329
 0.281871 -0.312989  0.592897
 0.282206 -0.312634  0.592499
 0.282545 -0.312274  0.592096
 0.282888 -0.311909  0.591688
0.283236 -0.31154 0.591275
 0.283587 -0.311166  0.590856
 0.283943 -0.310788  0.590433
 0.284304 -0.310405  0.590005
0.284666 -0.31002 0.589573
 0.285035 -0.309629  0.589135
 0.285408 -0.309233  0.588692
 0.285785 -0.308832  0.588243
 0.286166 -0.308427   0.58779
 0.286552 -0.308017  0.587331
 0.286942 -0.307603  0.586868
 0.287336 -0.307184  0.586399
 0.287733 -0.306762  0.585927
 0.288136 -0.306335  0.585448
 0.288543 -0.305903  0.584964
 0.288954 -0.305466  0.584476
 0.289369 -0.305025  0.583982
 0.289789 -0.304579  0.583483
0.290212 -0.30413  0.58298
 0.290635 -0.303681  0.582477
 0.291057 -0.303232  0.581974
  0.29148 -0.302783  0.581472
 0.291903 -0.302333  0.580969
 0.292326 -0.301884  0.580466
 0.292749 -0.301435  0.579963
 0.293172 -0.300986  0.579461
 0.293594 -0.300537  0.578958
 0.294017 -0.300088  0.578455
  0.29444 -0.299639  0.577952
 0.294863 -0.299189   0.57745
0.295286 -0.29874 0.576947
 0.295708 -0.298291  0.576444
 0.296131 -0.297842  0.575941
 0.296554 -0.297393  0.575439
 0.296977 -0.296944  0.574936
   0.2974 -0.296495  0.574433
 0.297823 -0.296046   0.57393
 0.298245 -0.295596  0.573428
 0.298668 -0.295147  0.572925
 0.299091 -0.294698  0.572422
 0.299514 -0.294249  0.571919
0.299937  -0.2938 0.571416
 0.30036 -0.29335 0.570913
 0.300783 -0.292901   0.57041
 0.301206 -0.292451  0.569907
 0.301629 -0.292002  0.569405
 0.302052 -0.291553  0.568902
 0.302475 -0.291104  0.568399
 0.302897 -0.290655  0.567896
 0.303319 -0.290207  0.567395
 0.303742 -0.289758  0.566893
 0.304165 -0.289309   0.56639
0.304587 -0.28886 0.565887
  0.30501 -0.288411  0.565384
 0.305433 -0.287962  0.564882
 0.305856 -0.287513  0.564379
 0.306279 -0.287064  0.563876
 0.306701 -0.286614  0.563373
 0.307124 -0.286165   0.56287
 0.307547 -0.285716  0.562368
  0.30797 -0.285267  0.561865
 0.308393 -0.284818  0.561362
 0.308816 -0.284369  0.560859
 0.309239 -0.283919  0.560357
  0.30966 -0.283471  0.559855
 0.310083 -0.283022  0.559352
 0.310506 -0.282573   0.55885
 0.310929 -0.282124  0.558347
 0.311351 -0.281675  0.557844
 0.311774 -0.281226  0.557342
 0.312197 -0.280777  0.556839
  0.31262 -0.280328  0.556336
 0.313043 -0.279879  0.555833
0.313465 -0.27943 0.555331
0.313888 -0.27898 0.554828
 0.314311 -0.278531  0.554325
 0.314734 -0.278082  0.553823
 0.315157 -0.277633   0.55332
 0.315579 -0.277184  0.552817
 0.316002 -0.276735  0.552314
 0.316425 -0.276286  0.551812
 0.316848 -0.275837  0.551309
 0.317271 -0.275388  0.550806
 0.317694 -0.274938  0.550303
 0.318116 -0.274489  0.549801
0.318539 -0.27404 0.549298
 0.318962 -0.273591  0.548795
 0.319385 -0.273142  0.548292
 0.319808 -0.272693   0.54779
  0.32023 -0.272244  0.547287
 0.320653 -0.271795  0.546784
 0.321076 -0.271346  0.546282
 0.321499 -0.270897  0.545779
 0.321922 -0.270447  0.545276
 0.322344 -0.269998  0.544774
 0.322767 -0.269549  0.544271
 0.32319  -0.2691 0.543768
 0.323613 -0.268651  0.543265
 0.324035 -0.268202  0.542763
 0.324459 -0.267752  0.542259
 0.324883 -0.267302  0.541755
 0.325305 -0.266853  0.541253
 0.325728 -0.266404  0.540751
 0.326151 -0.265955  0.540248
 0.326573 -0.265506  0.539745
 0.326996 -0.265057  0.539242
 0.327419 -0.264608   0.53874
 0.327842 -0.264159  0.538237
0.328265 -0.26371 0.537734
 0.328687 -0.263261  0.537231
  0.32911 -0.262811  0.536729
 0.329533 -0.262362  0.536226
 0.329956 -0.261913  0.535723
 0.330379 -0.261464   0.53522
 0.330802 -0.261015  0.534718
 0.331224 -0.260566  0.534215
 0.331647 -0.260117  0.533712
  0.33207 -0.259668   0.53321
 0.332493 -0.259219  0.532707
 0.332916 -0.258769  0.532204
0.333338 -0.25832 0.531701
 0.333761 -0.257871  0.531199
 0.334184 -0.257422  0.530696
 0.334607 -0.256973  0.530193
 0.335029 -0.256524  0.529691
 0.335452 -0.256075  0.529188
 0.335875 -0.255626  0.528685
 0.336298 -0.255177  0.528182
 0.336721 -0.254728   0.52768
 0.337144 -0.254278  0.527177
 0.337566 -0.253829  0.526674
0.337989 -0.25338 0.526171
 0.338412 -0.252931  0.525669
 0.338835 -0.252482  0.525166
 0.339256 -0.252034  0.524665
 0.339674 -0.251591  0.524168
 0.340088 -0.251151  0.523676
 0.340497 -0.250716   0.52319
 0.340902 -0.250286  0.522708
0.341303 -0.24986 0.522232
 0.341699 -0.249439   0.52176
 0.342092 -0.249022  0.521294
 0.34248 -0.24861 0.520832
 0.342864 -0.248203  0.520376
 0.343243 -0.247799  0.519924
 0.343619 -0.247401  0.519478
  0.34399 -0.247006  0.519037
 0.344356 -0.246617  0.518601
 0.344719 -0.246232  0.518169
0.345078 -0.24585 0.517743
 0.345432 -0.245474  0.517322
 0.345782 -0.245103  0.516906
 0.346128 -0.244736  0.516495
 0.346469 -0.244373  0.516089
 0.346806 -0.244015  0.515688
 0.347139 -0.243661  0.515292
 0.347467 -0.243312  0.514902
 0.347792 -0.242967  0.514515
 0.348112 -0.242627  0.514135
 0.348427 -0.242293   0.51376
 0.348739 -0.241962   0.51339
 0.349046 -0.241635  0.513024
 0.349349 -0.241313  0.512664
 0.349648 -0.240996  0.512309
 0.349943 -0.240683  0.511958
 0.350233 -0.240375  0.511613
 0.350519 -0.240071  0.511273
 0.350801 -0.239771  0.510938
 0.351079 -0.239477  0.510608
 0.351352 -0.239186  0.510283
0.351621  -0.2389 0.509963
 0.351886 -0.238619  0.509648
 0.352146 -0.238342  0.509338
0.352403 -0.23807 0.509033
 0.352655 -0.237802  0.508733
 0.352903 -0.237539  0.508439
 0.353146 -0.237281   0.50815
 0.353385 -0.237027  0.507865
  0.35362 -0.236777  0.507586
 0.353851 -0.236531  0.507311
 0.354078 -0.236291  0.507042
   0.3543 -0.236055  0.506778
 0.354518 -0.235823  0.506518
 0.354732 -0.235596  0.506264
 0.354941 -0.235374  0.506015
 0.355146 -0.235156  0.505771
 0.355347 -0.234942  0.505532
 0.355544 -0.234733  0.505298
 0.355737 -0.234528  0.505069
 0.355925 -0.234328  0.504845
 0.356109 -0.234133  0.504626
 0.356289 -0.233942  0.504413
 0.356464 -0.233756  0.504204
 0.356636 -0.233574     0.504
 0.356803 -0.233396  0.503802
 0.356965 -0.233224  0.503609
 0.357123 -0.233056  0.503421
 0.357278 -0.232892  0.503237
 0.357428 -0.232732  0.503059
 0.357573 -0.232578  0.502885
 0.357715 -0.232427  0.502717
 0.357852 -0.232281  0.502554
0.357985 -0.23214 0.502396
 0.358114 -0.232003  0.502243
 0.358239 -0.231871  0.502094
 0.358359 -0.231743  0.501951
0.358475 -0.23162 0.501813
 0.358587 -0.231501  0.501681
 0.358694 -0.231387  0.501553
 0.358797 -0.231277   0.50143
 0.358896 -0.231172  0.501312
 0.358991 -0.231072  0.501199
 0.359082 -0.230976  0.501092
 0.359168 -0.230884   0.50099
  0.35925 -0.230797  0.500892
 0.359328 -0.230714    0.5008
 0.359401 -0.230636  0.500712
  0.35947 -0.230563   0.50063
 0.359535 -0.230494  0.500553
 0.359596 -0.230429   0.50048
 0.359652 -0.230369  0.500413
 0.359705 -0.230314  0.500351
 0.359753 -0.230263  0.500294
 0.359796 -0.230216  0.500242
 0.359836 -0.230174  0.500195
 0.359871 -0.230137  0.500153
 0.359902 -0.230104  0.500116
 0.359929 -0.230076  0.500085
 0.359951 -0.230052  0.500058
  0.35997 -0.230032  0.500036
 0.359983 -0.230018   0.50002
 0.359993 -0.230007  0.500008
 0.359999 -0.230001  0.500002
 0.36 -0.23   0.5
 0.36 -0.23   0.5
 0.36 -0.23   0.5
 0.36 -0.23   0.5
 0.36 -0.23   0.5
 0.36 -0.23   0.5
 0.36 -0.23   0.5
 0.36 -0.23   0.5
 0.36 -0.23   0.5
 0.36 -0.23   0.5
 0.36 -0.23   0.5
 0.36 -0.23   0.5
 0.36 -0.23   0.5
 0.36 -0.23   0.5
 0.36 -0.23   0.5
 0.36 -0.23   0.5
 0.36 -0.23   0.5
 0.36 -0.23   0.5
 0.36 -0.23   0.5
 0.36 -0.23   0.5
 0.36 -0.23   0.5
 0.36 -0.23   0.5
 0.36 -0.23   0.5
 0.36 -0.23   0.5
 0.36 -0.23   0.5
 0.36 -0.23   0.5
 0.36 -0.23   0.5
 0.36 -0.23   0.5
 0.36 -0.23   0.5
 0.36 -0.23   0.5
 0.36 -0.23   0.5
 0.36 -0.23   0.5
 0.36 -0.23   0.5
 0.36 -0.23   0.5
 0.36 -0.23   0.5
 0.36 -0.23   0.5
 0.36 -0.23   0.5
 0.36 -0.23   0.5
 0.36 -0.23   0.5
 0.36 -0.23   0.5
 0.36 -0.23   0.5
 0.36 -0.23   0.5
 0.36 -0.23   0.5
 0.36 -0.23   0.5
 0.36 -0.23   0.5
 0.36 -0.23   0.5
 0.36 -0.23   0.5
 0.36 -0.23   0.5
 0.36 -0.23   0.5
 0.36 -0.23   0.5
 0.36 -0.23   0.5
 0.36 -0.23   0.5
 0.36 -0.23   0.5
 0.36 -0.23   0.5
 0.36 -0.23   0.5
 0.36 -0.23   0.5
 0.36 -0.23   0.5
 0.36 -0.23   0.5
 0.36 -0.23   0.5
 0.36 -0.23   0.5
 0.36 -0.23   0.5
 0.36 -0.23   0.5
 0.36 -0.23   0.5
 0.36 -0.23   0.5
 0.36 -0.23   0.5
 0.36 -0.23   0.5
 0.36 -0.23   0.5
 0.36 -0.23   0.5
 0.36 -0.23   0.5
 0.36 -0.23   0.5
 0.36 -0.23   0.5
 0.36 -0.23   0.5
 0.36 -0.23   0.5
 0.36 -0.23   0.5
 0.36 -0.23   0.5
 0.36 -0.23   0.5
 0.36 -0.23   0.5
 0.36 -0.23   0.5
 0.36 -0.23   0.5
 0.36 -0.23   0.5
 0.36 -0.23   0.5
 0.36 -0.23   0.5
 0.36 -0.23   0.5
 0.36 -0.23   0.5
 0.36 -0.23   0.5
 0.36 -0.23   0.5
 0.36 -0.23   0.5
 0.36 -0.23   0.5
 0.36 -0.23   0.5
 0.36 -0.23   0.5
 0.36 -0.23   0.5
 0.36 -0.23   0.5
 0.36 -0.23   0.5
 0.36 -0.23   0.5
 0.36 -0.23   0.5
 0.36 -0.23   0.5
 0.36 -0.23   0.5
 0.36 -0.23   0.5
 0.36 -0.23   0.5
 0.36 -0.23   0.5
 0.36 -0.23   0.5
