 0.268867 -0.326806  0.608358
 0.268861 -0.326815   0.60836
 0.268856 -0.326825  0.608367
  0.26885 -0.326833  0.608368
  0.26885 -0.326838  0.608376
 0.268854 -0.326839   0.60839
  0.26886 -0.326839  0.608405
  0.26887 -0.326836  0.608427
 0.268884 -0.326829  0.608448
 0.268902 -0.326818  0.608477
  0.26892 -0.326807  0.608502
 0.268943 -0.326792  0.608532
 0.268968 -0.326774  0.608564
 0.268995 -0.326755  0.608596
 0.269024 -0.326734  0.608631
 0.269055 -0.326709  0.608664
 0.269088 -0.326682  0.608701
 0.269119 -0.326657  0.608732
 0.269154 -0.326625  0.608767
 0.269187 -0.326596  0.608799
 0.269222 -0.326563  0.608831
 0.269258 -0.326527  0.608863
  0.26929 -0.326495  0.608891
 0.269325 -0.326458   0.60892
 0.269359 -0.326422  0.608943
 0.269393 -0.326383  0.608971
 0.269425 -0.326348  0.608987
 0.269457 -0.326308  0.609006
 0.269491 -0.326267  0.609022
 0.269523 -0.326225  0.609037
 0.269557 -0.326183  0.609049
0.269588 -0.32614 0.609058
 0.269623 -0.326094  0.609067
 0.269658 -0.326051  0.609068
 0.269693 -0.325995  0.609072
 0.269731 -0.325947  0.609072
 0.269771 -0.325893  0.609069
 0.269812 -0.325835  0.609066
 0.269856 -0.325775  0.609058
0.269903 -0.32571 0.609051
 0.269952 -0.325643  0.609038
0.270006 -0.32557  0.60903
 0.270063 -0.325492  0.609009
 0.270123 -0.325412  0.608992
 0.270187 -0.325327  0.608972
 0.270254 -0.325236   0.60895
 0.270278 -0.325208  0.608938
 0.270401 -0.325043  0.608899
 0.270482 -0.324933  0.608871
 0.270564 -0.324826  0.608836
 0.270657 -0.324703  0.608803
  0.27075 -0.324582  0.608767
 0.270844 -0.324461  0.608725
0.270944 -0.32433 0.608683
0.271045  -0.3242 0.608635
 0.271152 -0.324061  0.608588
 0.271258 -0.323923  0.608533
 0.271372 -0.323775  0.608481
 0.271483 -0.323629  0.608418
   0.2716 -0.323477  0.608354
 0.271718 -0.323323  0.608288
0.271844 -0.32316 0.608213
0.271966   -0.323  0.60814
 0.272091 -0.322836  0.608059
0.272217 -0.32267  0.60798
 0.272346 -0.322502   0.60789
 0.272474 -0.322331  0.607798
 0.272608 -0.322156  0.607703
 0.272741 -0.321978  0.607603
 0.272876 -0.321798    0.6075
  0.27301 -0.321621  0.607394
 0.273156 -0.321427  0.607279
 0.273297 -0.321239  0.607158
  0.27344 -0.321047  0.607036
0.273589 -0.32085 0.606908
 0.273738 -0.320649  0.606777
 0.273891 -0.320446   0.60664
 0.274047 -0.320237  0.606499
 0.274205 -0.320026  0.606354
 0.274368 -0.319807  0.606202
 0.274535 -0.319584  0.606051
0.274703 -0.31936 0.605886
 0.274875 -0.319128   0.60572
 0.275052 -0.318894   0.60555
 0.275232 -0.318652  0.605374
 0.275417 -0.318407  0.605195
 0.275604 -0.318156  0.605009
 0.275797 -0.317901  0.604821
0.275992 -0.31764 0.604622
 0.276192 -0.317375  0.604421
 0.276395 -0.317102  0.604216
 0.276602 -0.316826  0.604005
 0.276814 -0.316546  0.603789
0.277028 -0.31626 0.603566
 0.277246 -0.315971  0.603341
 0.277467 -0.315676  0.603106
 0.277691 -0.315378  0.602867
 0.277919 -0.315074  0.602624
  0.27815 -0.314768  0.602373
 0.278384 -0.314456  0.602119
  0.27862 -0.314142  0.601856
  0.27886 -0.313822  0.601592
 0.279102 -0.313499  0.601317
 0.279348 -0.313173  0.601042
 0.279594 -0.312844  0.600753
 0.279844 -0.312512  0.600461
 0.280096 -0.312174  0.600164
 0.280351 -0.311836  0.599859
 0.280608 -0.311492  0.599551
 0.280871 -0.311135  0.599233
 0.281133 -0.310784  0.598913
 0.281396 -0.310434  0.598581
 0.281662 -0.310079  0.598245
 0.281926 -0.309736  0.597902
 0.282195 -0.309376  0.597553
 0.282467 -0.309014  0.597198
0.282739 -0.30865 0.596835
 0.283015 -0.308281   0.59647
0.283296  -0.3079 0.596095
 0.283576 -0.307528  0.595719
 0.283855 -0.307156  0.595327
0.284138 -0.30678 0.594932
  0.28442 -0.306404  0.594531
0.284716 -0.30602  0.59411
 0.285014 -0.305627  0.593659
 0.285301 -0.305244  0.593237
 0.285592 -0.304862   0.59281
 0.285881 -0.304477  0.592372
 0.286173 -0.304093   0.59193
 0.286466 -0.303705  0.591483
 0.286759 -0.303319  0.591028
0.287054 -0.30293 0.590569
  0.28735 -0.302543  0.590101
 0.287647 -0.302153  0.589631
 0.287944 -0.301764  0.589149
 0.288243 -0.301374  0.588663
 0.288543 -0.300984  0.588171
 0.288844 -0.300592  0.587673
 0.289146 -0.300201  0.587169
 0.289448 -0.299808  0.586658
 0.289753 -0.299415  0.586143
 0.290057 -0.299021  0.585617
 0.290365 -0.298627   0.58509
 0.290671 -0.298232  0.584549
 0.290981 -0.297838  0.584006
 0.291291 -0.297442  0.583457
 0.291602 -0.297045  0.582901
 0.291915 -0.296647   0.58234
 0.292228 -0.296249   0.58177
0.292543 -0.29585 0.581199
 0.292858 -0.295452  0.580616
 0.293175 -0.295051   0.58003
 0.293493 -0.294651  0.579439
0.293812 -0.29425 0.578842
 0.294132 -0.293849  0.578241
 0.294452 -0.293447  0.577633
 0.294775 -0.293045  0.577023
 0.295097 -0.292643  0.576403
 0.295421 -0.292241  0.575781
 0.295745 -0.291837  0.575156
  0.29607 -0.291434  0.574525
0.296396 -0.29103 0.573892
 0.296722 -0.290627  0.573254
 0.297049 -0.290222  0.572615
 0.297398 -0.289807  0.572005
 0.297705 -0.289413  0.571326
 0.298033 -0.289009  0.570672
 0.298384 -0.288593  0.570057
 0.298723 -0.288172   0.56932
 0.299052 -0.287766  0.568662
 0.299382 -0.287343  0.567985
 0.299711 -0.286938  0.567322
 0.300042 -0.286532  0.566661
 0.300372 -0.286127  0.565995
 0.300702 -0.285721  0.565331
 0.301032 -0.285316  0.564667
 0.301362 -0.284911  0.564002
 0.301693 -0.284505   0.56334
0.302023  -0.2841 0.562676
 0.302355 -0.283693  0.562016
 0.302685 -0.283287  0.561354
0.303018 -0.28288 0.560699
 0.303349 -0.282473  0.560039
 0.303681 -0.282065  0.559383
 0.304014 -0.281655  0.558731
 0.304347 -0.281245   0.55808
 0.304682 -0.280832  0.557433
 0.305016 -0.280417  0.556785
 0.305352 -0.280001  0.556146
 0.305688 -0.279584  0.555504
 0.306024 -0.279164  0.554868
 0.306387 -0.278735  0.554281
 0.306724 -0.278311  0.553653
 0.307072 -0.277866  0.552943
  0.30741 -0.277438  0.552322
 0.307748 -0.277008  0.551708
 0.308084 -0.276576  0.551096
 0.308423 -0.276141  0.550495
 0.308757 -0.275706  0.549892
 0.309092 -0.275269  0.549299
 0.309427 -0.274831  0.548711
  0.30976 -0.274392   0.54813
 0.310093 -0.273951  0.547556
0.310424 -0.27351 0.546985
 0.310755 -0.273067  0.546425
 0.311084 -0.272624  0.545864
0.311412 -0.27218 0.545313
 0.311738 -0.271734  0.544769
 0.312064 -0.271288   0.54423
0.312388 -0.27084   0.5437
 0.312711 -0.270391  0.543173
 0.313033 -0.269941  0.542658
 0.313352 -0.269489  0.542145
 0.313671 -0.269035   0.54164
0.313989 -0.26858 0.541143
 0.314305 -0.268123  0.540652
  0.31462 -0.267664   0.54017
 0.314932 -0.267203  0.539692
0.315245 -0.26674 0.539224
 0.315556 -0.266258  0.538741
0.315866 -0.26579  0.53829
 0.316173 -0.265322  0.537836
 0.316479 -0.264851  0.537394
 0.316784 -0.264378  0.536961
 0.317086 -0.263904  0.536532
 0.317388 -0.263428  0.536113
0.317687 -0.26295 0.535697
 0.317985 -0.262471  0.535294
  0.31828 -0.261992   0.53489
 0.318572 -0.261511  0.534496
 0.318863 -0.261029   0.53411
  0.31915 -0.260548  0.533729
 0.319435 -0.260066  0.533358
 0.319717 -0.259585   0.53299
 0.319996 -0.259103  0.532633
  0.32027 -0.258623  0.532277
 0.320542 -0.258144   0.53193
  0.32081 -0.257665   0.53159
 0.321074 -0.257188  0.531256
 0.321334 -0.256713  0.530928
 0.32159 -0.25624 0.530605
 0.321854 -0.255744  0.530249
 0.322101 -0.255275  0.529938
 0.322358 -0.254803  0.529658
 0.322597 -0.254338  0.529356
 0.322832 -0.253876  0.529062
 0.323063 -0.253416  0.528775
 0.323292 -0.252939  0.528481
 0.323515 -0.252485  0.528205
 0.323732 -0.252034  0.527933
 0.323947 -0.251587   0.52767
 0.324155 -0.251144  0.527408
  0.32436 -0.250705  0.527152
 0.324561 -0.250269  0.526904
 0.324758 -0.249836  0.526659
 0.324951 -0.249408  0.526422
  0.32514 -0.248983  0.526188
 0.325327 -0.248561  0.525961
 0.325509 -0.248143  0.525736
 0.325689 -0.247728  0.525521
 0.325865 -0.247316  0.525303
 0.326039 -0.246908  0.525092
  0.32621 -0.246501  0.524887
 0.326379 -0.246098  0.524684
 0.326545 -0.245697  0.524488
0.326709  -0.2453 0.524292
 0.326872 -0.244904  0.524104
 0.327031 -0.244512  0.523914
 0.327189 -0.244123  0.523729
 0.327344 -0.243736   0.52355
 0.327497 -0.243351  0.523372
0.327648 -0.24297 0.523199
 0.327797 -0.242591  0.523027
 0.327944 -0.242216  0.522861
 0.328088 -0.241844  0.522694
  0.32823 -0.241475  0.522531
 0.328369 -0.241111  0.522373
0.328506 -0.24075 0.522216
 0.328641 -0.240393  0.522064
 0.328773 -0.240041  0.521912
 0.328902 -0.239692  0.521767
 0.329028 -0.239349   0.52162
0.329153 -0.23901 0.521482
 0.329273 -0.238677  0.521338
  0.32939 -0.238349  0.521201
 0.329506 -0.238026  0.521068
 0.329618 -0.237708  0.520935
 0.329728 -0.237396  0.520807
0.329834 -0.23709 0.520678
 0.329938 -0.236789  0.520557
 0.330038 -0.236494  0.520432
 0.330141 -0.236191  0.520304
 0.330237 -0.235907  0.520187
 0.330329 -0.235629  0.520071
  0.33042 -0.235356  0.519958
0.330508 -0.23509 0.519847
 0.330594 -0.234829  0.519739
 0.330677 -0.234573   0.51963
 0.330759 -0.234322  0.519529
 0.330837 -0.234077  0.519421
 0.330914 -0.233837  0.519319
 0.330988 -0.233602   0.51922
 0.331065 -0.233359  0.519115
 0.331137 -0.233133   0.51902
 0.331206 -0.232912  0.518924
 0.331274 -0.232696  0.518835
  0.33134 -0.232484   0.51874
 0.331405 -0.232277   0.51865
 0.331469 -0.232073  0.518563
 0.331531 -0.231874  0.518475
 0.331592 -0.231679  0.518392
 0.331651 -0.231488  0.518308
 0.331712 -0.231295  0.518227
 0.331769 -0.231113  0.518145
 0.331825 -0.230935  0.518066
  0.33188 -0.230761  0.517991
 0.331933 -0.230592  0.517915
0.331985 -0.23043 0.517842
0.332035 -0.23027 0.517771
 0.332085 -0.230115  0.517703
 0.332132 -0.229965  0.517634
0.332179 -0.22982 0.517571
0.332224 -0.22968 0.517503
 0.332267 -0.229545  0.517441
 0.332312 -0.229402  0.517376
 0.332352 -0.229278  0.517316
 0.332392 -0.229157   0.51726
 0.332428 -0.229043  0.517202
 0.332465 -0.228932   0.51715
   0.3325 -0.228826  0.517094
 0.332533 -0.228725  0.517041
 0.332566 -0.228628  0.516991
 0.332597 -0.228535   0.51694
 0.332627 -0.228445  0.516893
 0.332656 -0.228359  0.516844
 0.332684 -0.228276    0.5168
 0.332712 -0.228199  0.516752
 0.332739 -0.228122  0.516712
 0.332764 -0.228049  0.516664
  0.33279 -0.227978   0.51662
 0.332815 -0.227911  0.516578
 0.332839 -0.227843  0.516536
 0.332863 -0.227779  0.516496
 0.332887 -0.227714  0.516454
0.332911 -0.22765 0.516417
0.332934 -0.22759 0.516375
  0.33296 -0.227518  0.516332
 0.332983 -0.227458  0.516294
0.333006  -0.2274 0.516256
 0.333029 -0.227341   0.51622
 0.333052 -0.227282  0.516182
 0.333075 -0.227227  0.516147
0.333097 -0.22717  0.51611
  0.33312 -0.227114  0.516079
 0.333141 -0.227062  0.516039
 0.333163 -0.227009  0.516004
 0.333185 -0.226956  0.515971
 0.333206 -0.226907  0.515936
 0.333227 -0.226857  0.515905
0.333247 -0.22681 0.515871
 0.333268 -0.226764  0.515841
 0.333287 -0.226721  0.515806
 0.333307 -0.226678  0.515774
 0.333325 -0.226637  0.515744
 0.333344 -0.226599  0.515712
 0.333362 -0.226562  0.515683
 0.333379 -0.226526  0.515652
 0.333396 -0.226494  0.515625
 0.333412 -0.226462  0.515593
 0.333428 -0.226431  0.515565
 0.333443 -0.226405  0.515536
0.333457 -0.22638 0.515509
 0.333472 -0.226355  0.515483
 0.333486 -0.226333  0.515454
  0.3335 -0.22631 0.515429
 0.333514 -0.226289    0.5154
 0.333527 -0.226271  0.515378
  0.33354 -0.226252  0.515347
 0.333553 -0.226234  0.515321
 0.333566 -0.226219  0.515296
 0.333579 -0.226202   0.51527
 0.333592 -0.226185  0.515246
 0.333605 -0.226172  0.515219
 0.333618 -0.226156  0.515197
 0.333631 -0.226145  0.515169
 0.333644 -0.226132  0.515143
 0.333658 -0.226117  0.515119
 0.333671 -0.226102  0.515095
 0.333687 -0.226079  0.515068
 0.333701 -0.226064  0.515043
 0.333715 -0.226051  0.515021
 0.333728 -0.226036  0.514996
0.333743 -0.22602 0.514978
 0.333757 -0.226008   0.51495
 0.333769 -0.225996  0.514929
 0.333784 -0.225981  0.514907
 0.333798 -0.225969  0.514883
 0.333813 -0.225954  0.514863
 0.333827 -0.225941   0.51484
 0.333842 -0.225929   0.51482
 0.333856 -0.225916  0.514795
  0.33387 -0.225904  0.514774
 0.333884 -0.225895  0.514752
 0.333898 -0.225884  0.514731
 0.333912 -0.225874  0.514711
 0.333925 -0.225867  0.514688
 0.333939 -0.225858   0.51467
0.333952 -0.22585 0.514647
 0.333965 -0.225845  0.514625
 0.333978 -0.225839  0.514605
  0.33399 -0.225833  0.514584
0.334003 -0.22583 0.514564
 0.334015 -0.225826  0.514543
 0.334028 -0.225822  0.514525
  0.33404 -0.225821  0.514502
 0.334053 -0.225818  0.514487
 0.334064 -0.225817  0.514462
