5.00679e-06
0.0095582
0.019624
0.02968
0.0397482
0.049814
0.05988
0.0699441
0.0800111
0.0900681
0.100125
0.110182
0.120239
0.130307
0.140361
0.150418
0.160474
0.17053
0.180587
0.190644
0.200701
0.210758
0.220815
0.230872
0.24093
0.250988
0.261058
0.271112
0.281183
0.291252
0.301306
0.31136
0.321424
0.331489
0.341545
0.3516
0.361656
0.37171
0.381764
0.391829
0.401892
0.411969
0.422036
0.432103
0.442158
0.452215
0.462272
0.472328
0.482382
0.492446
0.502525
0.512579
0.522643
0.532698
0.542752
0.552817
0.562873
0.572928
0.582994
0.593062
0.603118
0.613173
0.623239
0.633305
0.64337
0.653436
0.663502
0.673569
0.683626
0.693681
0.703737
0.713792
0.723847
0.733902
0.743957
0.754013
0.764068
0.77413
0.784195
0.79426
0.804327
0.814393
0.824452
0.83451
0.844566
0.854631
0.864703
0.874759
0.884816
0.894871
0.904927
0.914983
0.92504
0.935159
0.945215
0.955276
0.965333
0.975399
0.985458
0.995524
1.00558
1.01564
1.0257
1.03577
1.04582
1.05587
1.06593
1.076
1.08605
1.0961
1.10616
1.11623
1.12629
1.13635
1.1464
1.15646
1.16652
1.17659
1.18665
1.19672
1.20678
1.21683
1.22689
1.23694
1.24701
1.25707
1.26713
1.27723
1.28726
1.29732
1.30737
1.31744
1.3275
1.33757
1.34764
1.35769
1.36773
1.37778
1.38786
1.39791
1.40797
1.41803
1.42809
1.43814
1.4482
1.45825
1.46832
1.47837
1.48843
1.49848
1.50854
1.5186
1.52865
1.53871
1.54877
1.55883
1.56888
1.57894
1.58901
1.59907
1.60914
1.61919
1.62926
1.63932
1.64938
1.65943
1.66949
1.67956
1.68963
1.69973
1.70978
1.71984
1.7299
1.73995
1.75001
1.76006
1.77012
1.78018
1.79026
1.80032
1.81038
1.82043
1.83049
1.84054
1.85059
1.86065
1.87071
1.88078
1.89083
1.90089
1.91094
1.92101
1.93106
1.94112
1.95118
1.96124
1.97129
1.98135
1.99141
2.00146
2.01152
2.02157
2.03163
2.04168
2.05175
2.06181
2.07186
2.08192
2.09197
2.10203
2.11209
2.12214
2.1322
2.14226
2.15233
2.16238
2.17245
2.18252
2.19259
2.20276
2.21282
2.22287
2.23293
2.24299
2.25304
2.2631
2.27315
2.28321
2.29326
2.30332
2.31338
2.32343
2.33349
2.34354
2.3536
2.36393
2.37398
2.38404
2.39409
2.40415
2.4142
2.42425
2.43427
2.44433
2.45439
2.46453
2.47458
2.48464
2.49469
2.50475
2.5148
2.52486
2.53492
2.54497
2.55503
2.56508
2.57513
2.58519
2.59525
2.6053
2.61536
2.62541
2.63547
2.64552
2.65558
2.66564
2.67569
2.68575
2.6958
2.70586
2.71591
2.72597
2.73602
2.74607
2.75613
2.76618
2.77624
2.78629
2.79635
2.8064
2.81646
2.82651
2.83658
2.84664
2.85669
2.86675
2.8768
2.88686
2.89691
2.90697
2.91702
2.92708
2.93713
2.9472
2.95726
2.96731
2.97737
2.98743
2.99753
3.00759
3.01764
3.0277
3.03776
3.04781
3.05787
3.06792
3.07797
3.08803
3.09808
3.10814
3.11819
3.12825
3.13831
3.14836
3.15842
3.16847
3.17853
3.18858
3.19864
3.20869
3.21875
3.2288
3.23886
3.24891
3.25897
3.26903
3.27908
3.28926
3.29932
3.30937
3.31943
3.32948
3.33954
3.34959
3.35965
3.36971
3.37977
3.38983
3.39989
3.40994
3.42
3.43005
3.44011
3.45016
3.46022
3.47027
3.48033
3.49039
3.50044
3.5105
3.52055
3.53061
3.54066
3.55072
3.56077
3.57083
3.58088
3.59094
3.60099
3.61105
3.6211
3.63116
3.64121
3.65127
3.66132
3.67138
3.68147
3.69153
3.70158
3.71164
3.72169
3.73175
3.74182
3.75187
3.76193
3.77198
3.78209
3.79214
3.8022
3.81225
3.82232
3.83238
3.84244
3.8525
3.86255
3.87261
3.88266
3.89272
3.90277
3.91283
3.92288
3.93294
3.943
3.95305
3.96312
3.97318
3.98324
3.99329
4.00336
4.01342
4.02347
4.03353
4.04358
4.05364
4.06369
4.07375
4.0838
4.09386
4.10391
4.11397
4.12402
4.13408
4.14413
4.15419
4.16424
4.1743
4.18435
