0.0163907 -0.105367  0.508565
0.0163909 -0.105369  0.508565
0.0163914 -0.105368  0.508564
0.0163917 -0.105369  0.508563
0.0163917 -0.105368  0.508563
0.0163915 -0.105368  0.508563
0.0163908  -0.10537  0.508563
0.0163901 -0.105369  0.508563
0.0163888 -0.105371  0.508562
0.0163875  -0.10537  0.508562
0.0163859 -0.105372  0.508562
0.0163841 -0.105372  0.508562
 0.016382 -0.105373  0.508562
  0.01638 -0.105373  0.508562
0.0163777 -0.105374  0.508562
0.0163753 -0.105373  0.508562
0.0163732 -0.105372  0.508561
0.0163709 -0.105373  0.508561
0.0163687 -0.105372   0.50856
0.0163664 -0.105373  0.508559
0.0163647 -0.105371  0.508558
 0.016363 -0.105371  0.508556
0.0163623  -0.10537  0.508554
0.0163603 -0.105368  0.508553
0.0163603 -0.105366   0.50855
0.0163601 -0.105364  0.508547
0.0163592 -0.105359  0.508545
0.0163606 -0.105358  0.508541
0.0163606 -0.105352  0.508538
 0.016363 -0.105348  0.508534
0.0163641 -0.105343   0.50853
0.0163668 -0.105337  0.508526
0.0163703 -0.105331  0.508521
0.0163751 -0.105326  0.508515
0.0163788 -0.105319   0.50851
0.0163844 -0.105307  0.508504
0.0163917 -0.105298  0.508498
0.0163978 -0.105291  0.508491
0.0164067 -0.105281  0.508484
0.0164145 -0.105274  0.508476
0.0164252 -0.105262  0.508468
0.0164347 -0.105252  0.508459
0.0164472 -0.105241   0.50845
0.0164586 -0.105231  0.508441
0.0164729 -0.105219  0.508431
0.0164862 -0.105208   0.50842
0.0165024 -0.105195  0.508409
0.0165178 -0.105183  0.508398
0.0165359  -0.10517  0.508386
 0.016554 -0.105157  0.508373
0.0165742 -0.105143  0.508359
0.0165935 -0.105129  0.508345
0.0166157 -0.105113  0.508331
0.0166369   -0.1051  0.508316
0.0166611 -0.105083    0.5083
0.0166843 -0.105069  0.508283
0.0167105 -0.105051  0.508266
0.0167358 -0.105037  0.508247
 0.016764 -0.105018  0.508229
0.0167916 -0.105003  0.508209
0.0168218 -0.104984  0.508189
0.0168508 -0.104966  0.508167
0.0168833 -0.104946  0.508145
0.0169146 -0.104927  0.508122
0.0169488 -0.104907  0.508098
0.0169834 -0.104889   0.50807
0.0170187 -0.104867  0.508044
0.0170547 -0.104847  0.508017
 0.017092 -0.104824  0.507989
0.0171301 -0.104803   0.50796
0.0171692 -0.104779   0.50793
0.0172092 -0.104757  0.507898
0.0172504 -0.104732  0.507866
0.0172925 -0.104708  0.507832
0.0173355 -0.104683  0.507797
0.0173799 -0.104656  0.507761
0.0174279  -0.10463  0.507722
0.0174744 -0.104603  0.507684
0.0175219 -0.104577  0.507643
0.0175707 -0.104548  0.507602
0.0176206  -0.10452  0.507558
0.0176716 -0.104491  0.507514
 0.017724 -0.104462  0.507468
0.0177774 -0.104431   0.50742
0.0178322 -0.104399  0.507371
 0.017888 -0.104368   0.50732
0.0179449 -0.104336  0.507267
0.0180032 -0.104304  0.507213
0.0180627  -0.10427  0.507157
0.0181234 -0.104236  0.507098
0.0181854 -0.104201  0.507039
0.0182487 -0.104167  0.506977
0.0183149 -0.104131  0.506914
0.0183815 -0.104086  0.506843
0.0184486 -0.104048  0.506775
0.0185173  -0.10401  0.506705
0.0185871 -0.103971  0.506633
 0.018658 -0.103933  0.506558
0.0187303 -0.103892  0.506481
0.0188039 -0.103853  0.506402
0.0188788 -0.103811   0.50632
0.0189549 -0.103768  0.506236
0.0190386 -0.103727  0.506147
0.0191176 -0.103683  0.506057
0.0191978 -0.103641  0.505964
0.0192793 -0.103596  0.505869
0.0193621 -0.103552   0.50577
0.0194462 -0.103506  0.505669
0.0195316  -0.10346  0.505565
0.0196183 -0.103414  0.505457
 0.019706 -0.103366  0.505346
0.0197951  -0.10332  0.505231
0.0198854 -0.103271  0.505113
0.0199767 -0.103223  0.504992
0.0200694 -0.103173  0.504867
0.0201632 -0.103123  0.504738
0.0202572 -0.103072  0.504595
0.0203572 -0.103023  0.504471
0.0204498 -0.102969  0.504317
 0.020548 -0.102918  0.504172
0.0206465 -0.102864  0.504024
0.0207459  -0.10281  0.503872
 0.020846 -0.102757  0.503715
0.0209468 -0.102703  0.503554
0.0210482 -0.102649  0.503389
0.0211502 -0.102594   0.50322
0.0212527 -0.102538  0.503047
0.0213681 -0.102483  0.502864
0.0214721 -0.102426  0.502681
0.0215766 -0.102371  0.502493
0.0216814 -0.102314    0.5023
0.0217863 -0.102258  0.502102
0.0218915 -0.102202    0.5019
0.0219967 -0.102145  0.501692
0.022102 -0.10209  0.50148
0.0222072 -0.102032  0.501262
0.0223122 -0.101975   0.50104
0.0224173 -0.101921  0.500812
0.0225225 -0.101865  0.500579
0.0226256 -0.101807  0.500342
0.0227293 -0.101751  0.500099
0.0228324 -0.101694  0.499851
0.0229356  -0.10164  0.499599
0.0230366 -0.101583  0.499341
0.0231386 -0.101527  0.499079
0.0232382 -0.101471  0.498812
 0.023338 -0.101416   0.49854
0.0234371 -0.101362  0.498262
0.0235364 -0.101308   0.49798
0.0236333 -0.101253  0.497692
0.0237299 -0.101198    0.4974
0.0238266 -0.101145  0.497103
 0.023921 -0.101091  0.496802
 0.024015 -0.101037  0.496495
0.0240907 -0.100989  0.496192
0.0241817 -0.100934  0.495877
0.0242727 -0.100882  0.495558
0.0243639 -0.100832  0.495234
0.0244714 -0.100776  0.494897
0.0245597 -0.100726  0.494565
0.0246491 -0.100676  0.494228
0.0247355 -0.100625  0.493887
0.0248214 -0.100575  0.493542
0.0249075 -0.100525  0.493193
0.0249912 -0.100476   0.49284
0.0250745 -0.100427  0.492483
0.0251569  -0.10038  0.492123
0.0252381 -0.100331  0.491759
0.0253182 -0.100284  0.491392
0.0253972 -0.100236  0.491022
0.0254749  -0.10019  0.490649
0.0255515 -0.100144  0.490274
0.0256266 -0.100098  0.489896
0.0256877 -0.100048  0.489486
0.0257602 -0.100004  0.489103
 0.0258286 -0.0999576   0.488714
0.0259013 -0.099917  0.488332
 0.0259711 -0.0998739   0.487946
 0.0260384 -0.0998319   0.487558
 0.0261044 -0.0997896   0.487169
 0.0261691 -0.0997488   0.486779
 0.0262326 -0.0997077   0.486388
 0.026295 -0.099668  0.485997
 0.0263562 -0.0996281   0.485604
0.0264165  -0.09959   0.48521
 0.0264753 -0.0995512   0.484817
 0.0265509 -0.0995101   0.484414
  0.026607 -0.0994723   0.484021
 0.0266617 -0.0994351   0.483629
  0.026716 -0.0993997   0.483238
 0.0267498 -0.0993674   0.482857
 0.0268178 -0.0993292   0.482457
  0.026868 -0.0992946    0.48207
 0.0269159 -0.0992611   0.481683
 0.0269458 -0.0992313   0.481307
   0.02699 -0.0991992   0.480922
 0.0270336 -0.0991668    0.48054
  0.027076 -0.0991356    0.48016
  0.027117 -0.0991044   0.479782
 0.0271568 -0.0990736   0.479407
 0.0271954 -0.0990447   0.479032
 0.0272327 -0.0990151   0.478661
0.0272688 -0.098987  0.478292
 0.0273036 -0.0989587   0.477926
 0.0273373 -0.0989316   0.477562
 0.0273701 -0.0989051   0.477201
 0.0274017 -0.0988791   0.476844
0.0274322 -0.098853  0.476489
 0.0274616 -0.0988275   0.476138
 0.0274899 -0.0988037   0.475791
  0.027517 -0.0987795   0.475447
 0.0275428 -0.0987565   0.475107
 0.0275676 -0.0987336   0.474772
 0.0275912 -0.0987123   0.474441
 0.0276135 -0.0986906   0.474114
 0.0276345 -0.0986695   0.473793
 0.0276543 -0.0986499   0.473476
 0.0276732 -0.0986307   0.473164
 0.0276907 -0.0986124   0.472857
 0.0277073 -0.0985941   0.472554
 0.0277227 -0.0985765   0.472256
 0.0277474 -0.0985575   0.471956
 0.0277605 -0.0985413   0.471667
 0.0277728 -0.0985265   0.471383
 0.0277842 -0.0985118   0.471103
 0.0277949 -0.0984985   0.470828
0.0278047 -0.098485  0.470556
 0.0278147 -0.0984721    0.47029
 0.0278231 -0.0984608   0.470027
 0.0278296 -0.0984494   0.469768
 0.0278361 -0.0984387   0.469513
 0.0278438 -0.0984285   0.469263
 0.0278492 -0.0984188   0.469016
 0.0278549 -0.0984097   0.468773
 0.0278505 -0.0984049   0.468512
  0.027855 -0.0983963   0.468277
  0.027859 -0.0983883   0.468045
 0.0278634 -0.0983812   0.467817
0.0278668 -0.098374  0.467592
 0.0278699 -0.0983671   0.467371
  0.027873 -0.0983608   0.467153
 0.0278755 -0.0983545   0.466939
  0.027878 -0.0983484   0.466728
 0.0278804 -0.0983428   0.466521
 0.0278879 -0.0983349   0.466313
 0.0278897 -0.0983293   0.466112
 0.0278913 -0.0983242   0.465915
  0.027893 -0.0983192   0.465721
 0.0278943 -0.0983143    0.46553
 0.0278956 -0.0983095   0.465343
0.0278977 -0.098305  0.465159
 0.0278986 -0.0983004   0.464978
 0.0278993 -0.0982959   0.464799
    0.0279 -0.0982919   0.464624
 0.0279004 -0.0982878   0.464451
 0.0278997 -0.0982842   0.464281
  0.027901 -0.0982807   0.464114
 0.0279008 -0.0982772    0.46395
    0.0279 -0.0982758   0.463791
 0.0278997 -0.0982731   0.463632
  0.027899 -0.0982702   0.463476
 0.0278948 -0.0982652   0.463306
 0.0278938 -0.0982628   0.463156
 0.0278929 -0.0982608   0.463008
 0.0278916 -0.0982587   0.462863
 0.0278902 -0.0982569   0.462721
 0.0278888 -0.0982556   0.462581
 0.0278875 -0.0982542   0.462444
 0.0278858 -0.0982533    0.46231
  0.027884 -0.0982516   0.462178
 0.0278821 -0.0982514   0.462049
 0.0278802 -0.0982511   0.461922
 0.0278782 -0.0982506   0.461798
 0.0278761 -0.0982501   0.461677
 0.0278741 -0.0982502   0.461557
  0.027872 -0.0982502    0.46144
   0.02787 -0.0982502   0.461325
  0.027868 -0.0982508   0.461211
  0.027866 -0.0982512     0.4611
 0.0278642 -0.0982518   0.460991
  0.027858 -0.0982728   0.460901
 0.0278562 -0.0982732   0.460796
 0.0278546 -0.0982742   0.460692
  0.027853 -0.0982738    0.46059
 0.0278524 -0.0982754   0.460489
 0.0278504 -0.0982764   0.460391
 0.0278482 -0.0982772   0.460296
 0.0278466 -0.0982782   0.460204
 0.0278439 -0.0982789   0.460113
 0.0278411 -0.0982796   0.460024
 0.0278374 -0.0982806   0.459937
 0.0278333 -0.0982806   0.459854
 0.0278321 -0.0982616   0.459757
0.0278276 -0.098283  0.459691
  0.027824 -0.0982836   0.459612
 0.0278206 -0.0982847   0.459535
 0.0278174 -0.0982854   0.459459
 0.0278144 -0.0982856   0.459385
 0.0278114 -0.0982864   0.459311
 0.0278093 -0.0982878   0.459239
 0.0278067 -0.0982911   0.459168
0.0278044 -0.098292  0.459096
 0.0278024 -0.0982934   0.459025
 0.0278004 -0.0982721   0.458933
 0.0277974 -0.0982936   0.458877
 0.0277973 -0.0982748   0.458796
 0.0277948 -0.0982948    0.45874
 0.0277953 -0.0982978   0.458682
 0.0278014 -0.0983009   0.458623
 0.0278009 -0.0983018   0.458557
 0.0278006 -0.0983045   0.458493
 0.0278003 -0.0983055    0.45843
 0.0277935 -0.0983073   0.458361
 0.0277934 -0.0983114   0.458301
 0.0277998 -0.0983139   0.458247
 0.0277997 -0.0983161   0.458188
 0.0277995 -0.0983173    0.45813
 0.0277994 -0.0983195   0.458073
  0.027799 -0.0983201   0.458016
 0.0277985 -0.0983237   0.457963
 0.0277918 -0.0983244   0.457905
 0.0277911 -0.0983267   0.457854
 0.0277904 -0.0983285   0.457803
 0.0277894 -0.0983293   0.457755
 0.0277884 -0.0983308   0.457708
 0.0277875 -0.0983323   0.457661
 0.0277865 -0.0983342   0.457617
 0.0277857 -0.0983355   0.457573
 0.0277848 -0.0983364    0.45753
 0.0277842 -0.0983366   0.457489
 0.0277836 -0.0983334   0.457447
 0.0277826 -0.0983338   0.457406
 0.0277883 -0.0983356   0.457373
0.0277881 -0.098336  0.457335
 0.0277881 -0.0983363   0.457297
 0.0277885 -0.0983369   0.457261
 0.0277887 -0.0983373   0.457225
 0.0277896 -0.0983404    0.45719
 0.0277843 -0.0983395    0.45715
0.0277847  -0.09834  0.457115
 0.0277853 -0.0983407   0.457081
  0.027786 -0.0983432   0.457048
 0.0277921 -0.0983454   0.457019
0.0277924 -0.098346  0.456986
0.0277927 -0.098347  0.456953
 0.0277931 -0.0983488    0.45692
0.0277871 -0.098345  0.456879
 0.0277924 -0.0983476   0.456852
  0.027787 -0.0983476   0.456816
 0.0277867 -0.0983488   0.456786
0.0277862  -0.09835  0.456756
 0.0277858 -0.0983516   0.456726
  0.027785 -0.0983529   0.456697
 0.0277844 -0.0983546   0.456669
0.0277833 -0.098356  0.456641
 0.0277822 -0.0983573   0.456614
 0.0277812 -0.0983589   0.456587
  0.027785 -0.0983644   0.456566
 0.0277838 -0.0983659    0.45654
 0.0277775 -0.0983655   0.456511
  0.027781 -0.0983681   0.456491
 0.0277751 -0.0983695   0.456463
 0.0277736 -0.0983703    0.45644
0.0277772 -0.098373  0.456421
 0.0277757 -0.0983734   0.456398
 0.0277742 -0.0983738   0.456376
 0.0277729 -0.0983742   0.456353
 0.0277714 -0.0983744   0.456332
 0.0277701 -0.0983745   0.456311
 0.0277686 -0.0983743    0.45629
 0.0277626 -0.0983725   0.456266
 0.0277612 -0.0983724   0.456245
 0.0277595 -0.0983655   0.456222
 0.0277625 -0.0983666   0.456206
 0.0277612 -0.0983661   0.456186
 0.0277597 -0.0983654   0.456167
 0.0277583 -0.0983646   0.456148
0.0277571 -0.098364   0.45613
 0.0277512 -0.0983612   0.456108
 0.0277549 -0.0983629   0.456094
 0.0277535 -0.0983622   0.456076
 0.0277521 -0.0983616   0.456059
 0.0277504 -0.0983637   0.456042
  0.027749 -0.0983633   0.456025
 0.0277478 -0.0983631   0.456008
 0.0277463 -0.0983627   0.455992
 0.0277452 -0.0983641   0.455977
 0.0277438 -0.0983643   0.455961
 0.0277422 -0.0983641   0.455945
 0.0277407 -0.0983642   0.455929
 0.0277389 -0.0983643   0.455914
 0.0277371 -0.0983643   0.455899
 0.0277354 -0.0983646   0.455884
 0.0277334 -0.0983647    0.45587
0.0277314 -0.098365  0.455855
 0.0277296 -0.0983656   0.455841
 0.0277274 -0.0983658   0.455828
 0.0277202 -0.0983612   0.455808
 0.0277221 -0.0983638   0.455797
 0.0277198 -0.0983639   0.455784
 0.0277175 -0.0983639   0.455771
 0.0277154 -0.0983641   0.455759
 0.0277135 -0.0983643   0.455746
 0.0277109 -0.0983667   0.455735
 0.0277052 -0.0983659    0.45572
  0.027703 -0.0983655   0.455709
 0.0277049 -0.0983673   0.455699
 0.0277028 -0.0983668   0.455688
  0.027701 -0.0983665   0.455677
  0.027699 -0.0983656   0.455665
 0.0276972 -0.0983648   0.455654
 0.0276957 -0.0983643   0.455644
  0.027694 -0.0983633   0.455633
 0.0276924 -0.0983624   0.455622
 0.0276908 -0.0983611   0.455612
 0.0276892 -0.0983597   0.455602
 0.0276878 -0.0983587   0.455591
 0.0276861 -0.0983515   0.455579
  0.027681 -0.0983477   0.455567
  0.027683 -0.0983484    0.45556
 0.0276816 -0.0983473    0.45555
 0.0276803 -0.0983459   0.455541
 0.0276754 -0.0983424   0.455529
0.0276738 -0.098341   0.45552
 0.0276756 -0.0983421   0.455513
  0.027674 -0.0983411   0.455504
 0.0276719 -0.0983397   0.455495
 0.0276704 -0.0983389   0.455486
0.0276685 -0.098338  0.455478
 0.0276667 -0.0983371   0.455469
 0.0276653 -0.0983367   0.455461
  0.027663 -0.0983357   0.455452
 0.0276611 -0.0983353   0.455444
  0.027659 -0.0983348   0.455436
 0.0276569 -0.0983344   0.455428
 0.0276548 -0.0983342    0.45542
 0.0276529 -0.0983339   0.455413
 0.0276511 -0.0983351   0.455406
 0.0276483 -0.0983368   0.455398
  0.027646 -0.0983367   0.455391
 0.0276437 -0.0983365   0.455383
 0.0276349 -0.0982986   0.455356
 0.0276387 -0.0983356   0.455369
   0.02763 -0.0982984   0.455342
 0.0276339 -0.0983346   0.455354
 0.0276316 -0.0983344   0.455347
 0.0276292 -0.0983337   0.455341
 0.0276269 -0.0983332   0.455334
0.0276248 -0.098333  0.455327
 0.0276226 -0.0983323   0.455321
 0.0276147 -0.0982955   0.455296
 0.0276156 -0.0983289   0.455306
 0.0276135 -0.0983279     0.4553
 0.0276147 -0.0983293   0.455295
 0.0276128 -0.0983284   0.455289
 0.0276112 -0.0983278   0.455283
 0.0276039 -0.0982902   0.455259
 0.0276024 -0.0982892   0.455253
0.0276007 -0.098288  0.455248
 0.0275993 -0.0982871   0.455242
0.0275976 -0.098286  0.455237
0.0275961 -0.098285  0.455231
 0.0275949 -0.0982844   0.455226
 0.0275985 -0.0983182   0.455237
 0.0275947 -0.0983131    0.45523
 0.0275954 -0.0983133   0.455226
 0.0275941 -0.0983127   0.455221
 0.0275929 -0.0983124   0.455216
0.0275867 -0.098283  0.455196
 0.0275851 -0.0982777    0.45519
 0.0275885 -0.0983108   0.455201
 0.0275872 -0.0983106   0.455196
0.0275855  -0.09831  0.455192
 0.0275787 -0.0982769   0.455171
 0.0275821 -0.0983094   0.455182
 0.0275747 -0.0982762   0.455162
 0.0275724 -0.0982756   0.455157
 0.0275705 -0.0982755   0.455152
 0.0275681 -0.0982749   0.455148
 0.0275656 -0.0982743   0.455144
 0.0275638 -0.0982753    0.45514
 0.0275613 -0.0982747   0.455135
 0.0275589 -0.0982742   0.455131
0.0275567 -0.098274  0.455126
 0.0275544 -0.0982736   0.455122
 0.0275518 -0.0982748   0.455118
 0.0275496 -0.0982743   0.455114
 0.0275475 -0.0982738    0.45511
 0.0275455 -0.0982736   0.455106
  0.027549 -0.0983025   0.455116
 0.0275417 -0.0982728   0.455098
 0.0275398 -0.0982722   0.455094
 0.0275379 -0.0982715    0.45509
 0.0275362 -0.0982709   0.455086
 0.0275343 -0.0982699   0.455082
 0.0275326 -0.0982692   0.455078
 0.0275307 -0.0982682   0.455075
 0.0275341 -0.0982967   0.455085
 0.0275271 -0.0982662   0.455068
 0.0275253 -0.0982649   0.455064
 0.0275235 -0.0982639   0.455061
 0.0275216 -0.0982626   0.455057
 0.0275197 -0.0982612   0.455054
 0.0275179 -0.0982601    0.45505
 0.0275189 -0.0982856   0.455059
 0.0275194 -0.0982866   0.455056
 0.0275122 -0.0982564    0.45504
 0.0275102 -0.0982549   0.455037
 0.0275083 -0.0982538   0.455033
 0.0275062 -0.0982525    0.45503
  0.027504 -0.0982511   0.455027
0.027502 -0.09825 0.455024
 0.0274989 -0.0982477   0.455019
 0.0274967 -0.0982464   0.455016
 0.027495 -0.098246  0.455012
 0.0274933 -0.0982459    0.45501
 0.0274911 -0.0982448   0.455007
0.0274891 -0.098244  0.455003
  0.027487 -0.0982431      0.455
 0.0274851 -0.0982423   0.454997
 0.0274825 -0.0982425   0.454994
 0.0274805 -0.0982416   0.454991
 0.0274837 -0.0982667      0.455
 0.0274768 -0.0982402   0.454985
 0.0274748 -0.0982392   0.454982
 0.0274731 -0.0982385   0.454979
 0.0274711 -0.0982376   0.454976
 0.0274671 -0.0982344   0.454973
 0.0274652 -0.0982334    0.45497
 0.0274635 -0.0982326   0.454967
 0.0274618 -0.0982318   0.454965
 0.0274599 -0.0982307   0.454962
 0.0274583 -0.0982297   0.454959
 0.0274615 -0.0982536   0.454968
 0.0274548 -0.0982235   0.454953
 0.0274532 -0.0982223   0.454951
 0.0274517 -0.0982252   0.454949
 0.02745 -0.09822 0.454946
 0.0274486 -0.0982192   0.454943
  0.027447 -0.0982179   0.454941
 0.0274454 -0.0982168   0.454938
 0.0274441 -0.0982159   0.454936
0.0274426 -0.098215  0.454934
 0.0274417 -0.0982152   0.454931
 0.0274402 -0.0982142   0.454929
 0.0274387 -0.0982132   0.454927
 0.0274373 -0.0982126   0.454925
 0.0274356 -0.0982264   0.454929
 0.0274337 -0.0982266   0.454927
 0.0274325 -0.0982115   0.454918
 0.0274309 -0.0982105   0.454916
 0.0274293 -0.0982098   0.454913
 0.0274274 -0.0982089   0.454911
 0.0274258 -0.0982082   0.454909
 0.0274239 -0.0982072   0.454907
  0.027422 -0.0982062   0.454904
 0.0274203 -0.0982056   0.454902
 0.0274183 -0.0982046     0.4549
 0.0274166 -0.0982039   0.454897
 0.0274146 -0.0982029   0.454895
0.0274127 -0.098202  0.454893
 0.0274109 -0.0982013   0.454891
  0.027409 -0.0982003   0.454889
 0.0274072 -0.0981997   0.454886
 0.0274043 -0.0981981   0.454883
  0.027402 -0.0982091   0.454886
 0.0274005 -0.0982087   0.454884
 0.0273982 -0.0982085   0.454883
 0.0273966 -0.0982077    0.45488
 0.0273948 -0.0982066   0.454878
 0.0273931 -0.0982054   0.454876
 0.0273915 -0.0982044   0.454874
0.0273897 -0.098203  0.454872
0.0273871 -0.098201  0.454868
 0.0273853 -0.0981993   0.454866
0.0273838 -0.098198  0.454864
  0.027382 -0.0981962   0.454861
 0.0273805 -0.0981944   0.454859
 0.0273787 -0.0981924   0.454856
 0.0273775 -0.0981912   0.454854
  0.027376 -0.0981896   0.454852
 0.0273743 -0.0981875   0.454849
 0.0273729 -0.0981856   0.454847
 0.0273712 -0.0981835   0.454844
 0.0273696 -0.0981815   0.454842
 0.0273683 -0.0981798    0.45484
 0.0273668 -0.0981779   0.454838
 0.0273654 -0.0981762   0.454836
 0.0273636 -0.0981751   0.454834
 0.0273622 -0.0981734   0.454833
 0.027361 -0.098172  0.454831
 0.0273596 -0.0981703   0.454829
 0.0273585 -0.0981691   0.454828
 0.0273571 -0.0981677   0.454826
 0.0273559 -0.0981663   0.454825
  0.027355 -0.0981654   0.454824
 0.0273537 -0.0981643   0.454822
 0.0273527 -0.0981633   0.454821
 0.0273515 -0.0981622    0.45482
 0.0273503 -0.0981578   0.454818
 0.0273492 -0.0981604   0.454817
