 0.269525 -0.328348  0.604932
  0.26887 -0.326786   0.60794
 0.268872 -0.326783  0.607937
 0.268878 -0.326777   0.60793
 0.268889 -0.326765  0.607917
 0.268904 -0.326749  0.607899
 0.268923 -0.326729  0.607877
 0.268947 -0.326704  0.607849
 0.268975 -0.326675  0.607816
0.269007 -0.32664 0.607778
 0.269043 -0.326602  0.607735
 0.269083 -0.326559  0.607687
 0.269128 -0.326511  0.607634
 0.269177 -0.326459  0.607576
 0.269231 -0.326402  0.607512
 0.269288 -0.326341  0.607444
  0.26935 -0.326275  0.607371
 0.269416 -0.326205  0.607293
0.269487 -0.32613 0.607209
 0.269562 -0.326051  0.607121
 0.269641 -0.325967  0.607027
 0.269724 -0.325879  0.606928
 0.269811 -0.325786  0.606825
 0.269903 -0.325688  0.606716
 0.269999 -0.325586  0.606602
0.270099 -0.32548 0.606484
 0.270204 -0.325369   0.60636
 0.270313 -0.325253  0.606231
 0.270426 -0.325133  0.606097
 0.270543 -0.325008  0.605958
 0.270665 -0.324879  0.605814
 0.270791 -0.324745  0.605664
 0.270921 -0.324607   0.60551
 0.271056 -0.324464  0.605351
 0.271195 -0.324317  0.605186
 0.271338 -0.324165  0.605017
 0.271485 -0.324008  0.604842
 0.271637 -0.323847  0.604663
 0.271792 -0.323682  0.604478
 0.271953 -0.323512  0.604289
 0.272117 -0.323337  0.604094
 0.272285 -0.323158  0.603894
 0.272458 -0.322974  0.603689
 0.272636 -0.322786   0.60348
 0.272817 -0.322594  0.603265
 0.273003 -0.322396  0.603045
 0.273193 -0.322195   0.60282
 0.273387 -0.321988   0.60259
 0.273586 -0.321777  0.602354
 0.273788 -0.321562  0.602114
 0.273995 -0.321342  0.601869
 0.274207 -0.321118  0.601619
 0.274422 -0.320888  0.601363
 0.274642 -0.320655  0.601103
 0.274867 -0.320417  0.600837
 0.275095 -0.320174  0.600567
 0.275328 -0.319927  0.600291
 0.275565 -0.319675   0.60001
 0.275806 -0.319419  0.599724
 0.276051 -0.319158  0.599434
 0.276301 -0.318893  0.599138
 0.276555 -0.318623  0.598837
 0.276814 -0.318349  0.598531
0.277076 -0.31807  0.59822
 0.277343 -0.317787  0.597904
 0.277614 -0.317499  0.597583
 0.277889 -0.317207  0.597257
0.278169 -0.31691 0.596926
 0.278453 -0.316608   0.59659
 0.278742 -0.316301  0.596247
0.279035 -0.31599   0.5959
 0.279331 -0.315675  0.595549
 0.279632 -0.315355  0.595192
 0.279938 -0.315031  0.594831
 0.280247 -0.314702  0.594464
 0.280561 -0.314369  0.594092
 0.280879 -0.314031  0.593716
 0.281201 -0.313689  0.593334
 0.281528 -0.313342  0.592947
0.281859 -0.31299 0.592555
 0.282194 -0.312634  0.592158
 0.282534 -0.312274  0.591755
 0.282878 -0.311909  0.591348
 0.283226 -0.311539  0.590936
 0.283578 -0.311165  0.590519
 0.283934 -0.310786  0.590097
 0.284295 -0.310403  0.589669
  0.28466 -0.310015  0.589237
  0.28503 -0.309622  0.588799
 0.285404 -0.309225  0.588356
 0.285782 -0.308824  0.587908
 0.286164 -0.308418  0.587456
 0.286551 -0.308008  0.586998
 0.286942 -0.307592  0.586535
 0.287337 -0.307173  0.586067
 0.287736 -0.306749  0.585594
0.288139 -0.30632 0.585116
 0.288548 -0.305887  0.584633
  0.28896 -0.305449  0.584144
 0.289376 -0.305007  0.583651
0.289797 -0.30456 0.583153
0.290221 -0.30411 0.582651
 0.290645 -0.303659  0.582148
  0.29107 -0.303208  0.581645
 0.291494 -0.302757  0.581142
 0.291919 -0.302306   0.58064
 0.292343 -0.301856  0.580137
 0.292768 -0.301405  0.579634
 0.293192 -0.300954  0.579131
 0.293617 -0.300503  0.578628
 0.294041 -0.300052  0.578125
 0.294466 -0.299601  0.577623
 0.29489 -0.29915  0.57712
 0.295315 -0.298699  0.576617
 0.295739 -0.298249  0.576114
 0.296164 -0.297798  0.575611
 0.296589 -0.297347  0.575108
 0.297013 -0.296896  0.574605
 0.297438 -0.296445  0.574102
 0.297862 -0.295994    0.5736
 0.298287 -0.295543  0.573097
 0.298711 -0.295092  0.572594
 0.299136 -0.294641  0.572091
0.299561 -0.29419 0.571588
 0.299985 -0.293739  0.571085
  0.30041 -0.293289  0.570583
 0.300834 -0.292838   0.57008
 0.301259 -0.292387  0.569577
 0.301685 -0.291934  0.569072
  0.30211 -0.291483  0.568568
 0.302534 -0.291032  0.568066
 0.302959 -0.290581  0.567563
0.303384 -0.29013  0.56706
 0.303808 -0.289679  0.566557
 0.304233 -0.289228  0.566053
 0.304658 -0.288777   0.56555
 0.305082 -0.288326  0.565048
 0.305507 -0.287875  0.564545
 0.305933 -0.287423   0.56404
 0.306357 -0.286972  0.563537
 0.306782 -0.286521  0.563035
0.307206 -0.28607 0.562532
 0.307631 -0.285619  0.562029
 0.308055 -0.285168  0.561526
  0.30848 -0.284717  0.561023
 0.308904 -0.284267  0.560521
 0.309329 -0.283816  0.560018
 0.309753 -0.283365  0.559515
 0.310178 -0.282914  0.559012
 0.310602 -0.282463   0.55851
 0.311027 -0.282013  0.558007
 0.311452 -0.281561  0.557504
0.311876 -0.28111 0.557001
 0.312301 -0.280659  0.556498
 0.312726 -0.280208  0.555994
  0.31315 -0.279757  0.555491
 0.313575 -0.279306  0.554989
    0.314 -0.278855  0.554486
 0.314424 -0.278404  0.553983
 0.314849 -0.277953   0.55348
 0.315274 -0.277502  0.552977
 0.315698 -0.277051  0.552474
 0.316123 -0.276601  0.551971
0.316547 -0.27615 0.551468
 0.316972 -0.275699  0.550965
 0.317396 -0.275248  0.550463
 0.317821 -0.274797   0.54996
 0.318248 -0.274343  0.549454
 0.318672 -0.273893  0.548951
 0.319097 -0.273441  0.548448
 0.319522 -0.272991  0.547945
0.319946 -0.27254 0.547442
 0.320371 -0.272089  0.546939
 0.320795 -0.271638  0.546436
  0.32122 -0.271187  0.545934
 0.321644 -0.270736  0.545431
 0.322069 -0.270285  0.544928
 0.322494 -0.269834  0.544425
 0.322918 -0.269383  0.543922
 0.323343 -0.268932  0.543419
 0.323767 -0.268481  0.542916
0.324192 -0.26803 0.542413
0.324616 -0.26758 0.541911
 0.325041 -0.267129  0.541408
 0.325465 -0.266678  0.540905
  0.32589 -0.266227  0.540402
 0.326315 -0.265776  0.539899
 0.326739 -0.265325  0.539396
 0.327164 -0.264874  0.538893
 0.327588 -0.264423   0.53839
 0.328013 -0.263972  0.537887
 0.328438 -0.263521  0.537384
0.328862 -0.26307 0.536882
 0.329287 -0.262619  0.536379
 0.329711 -0.262169  0.535876
 0.330136 -0.261718  0.535373
 0.330559 -0.261268  0.534872
 0.331407 -0.260368  0.533868
 0.331831 -0.259917  0.533365
 0.332256 -0.259466  0.532862
  0.33268 -0.259015  0.532359
 0.333105 -0.258564  0.531856
  0.33353 -0.258112  0.531352
 0.333954 -0.257663  0.530851
 0.334379 -0.257211  0.530347
0.334804 -0.25676 0.529844
 0.335228 -0.256309  0.529341
 0.335653 -0.255858  0.528838
 0.336078 -0.255407  0.528335
 0.336502 -0.254956  0.527832
 0.336927 -0.254505  0.527329
 0.337352 -0.254054  0.526826
 0.337776 -0.253603  0.526323
 0.338201 -0.253152   0.52582
 0.338625 -0.252701  0.525318
 0.33905 -0.25225 0.524814
 0.339471 -0.251803  0.524315
 0.339889 -0.251359  0.523821
   0.3403 -0.250923  0.523334
 0.340707 -0.250491  0.522852
  0.34111 -0.250062  0.522374
  0.34151 -0.249638  0.521901
 0.341905 -0.249218  0.521432
 0.342297 -0.248802  0.520969
 0.342684 -0.248391  0.520511
 0.343066 -0.247985  0.520057
 0.343444 -0.247583  0.519609
 0.343819 -0.247186  0.519166
 0.344188 -0.246793  0.518729
 0.344554 -0.246405  0.518296
 0.344915 -0.246022  0.517868
 0.345271 -0.245643  0.517445
 0.345624 -0.245268  0.517028
 0.345973 -0.244898  0.516615
 0.346317 -0.244532  0.516207
 0.346317 -0.244532  0.516207
 0.346992 -0.243815  0.515407
 0.347324 -0.243463  0.515015
  0.34765 -0.243116  0.514628
 0.347973 -0.242773  0.514245
 0.348291 -0.242435  0.513868
 0.348605 -0.242102  0.513497
 0.348915 -0.241773   0.51313
 0.349221 -0.241448  0.512768
 0.349522 -0.241129  0.512411
 0.349819 -0.240813  0.512059
 0.350111 -0.240502  0.511713
   0.3504 -0.240196  0.511371
 0.350684 -0.239894  0.511035
 0.350964 -0.239597  0.510703
 0.351239 -0.239304  0.510377
 0.351511 -0.239016  0.510055
 0.351778 -0.238733  0.509739
 0.352041 -0.238453  0.509427
 0.352299 -0.238178  0.509121
 0.352554 -0.237908   0.50882
 0.352804 -0.237643  0.508523
  0.35305 -0.237382  0.508232
 0.353291 -0.237125  0.507946
 0.353529 -0.236873  0.507665
 0.353762 -0.236626  0.507389
  0.35399 -0.236383  0.507118
 0.354215 -0.236144  0.506853
 0.354435 -0.235911  0.506592
 0.354651 -0.235681  0.506336
 0.354862 -0.235457  0.506086
 0.355069 -0.235237   0.50584
 0.355272 -0.235021    0.5056
0.355471 -0.23481 0.505364
 0.355666 -0.234603  0.505134
 0.355856 -0.234401  0.504908
 0.356042 -0.234203  0.504688
0.356224 -0.23401 0.504472
 0.356402 -0.233822  0.504262
 0.356575 -0.233638  0.504057
 0.356744 -0.233458  0.503857
 0.356908 -0.233283  0.503662
 0.357069 -0.233113  0.503472
 0.357225 -0.232947  0.503287
 0.357377 -0.232786  0.503107
0.357524 -0.23263 0.502933
 0.357667 -0.232477  0.502763
0.357806 -0.23233 0.502598
 0.357941 -0.232187  0.502439
 0.358072 -0.232048  0.502284
 0.358198 -0.231914  0.502135
  0.35832 -0.231784   0.50199
0.358437 -0.23166 0.501851
 0.358551 -0.231539  0.501717
  0.35866 -0.231423  0.501587
 0.358765 -0.231312  0.501463
 0.358865 -0.231205  0.501344
 0.358962 -0.231103   0.50123
 0.359054 -0.231005  0.501121
 0.359141 -0.230912  0.501017
 0.359225 -0.230823  0.500918
 0.359304 -0.230739  0.500824
 0.359379 -0.230659  0.500735
  0.35945 -0.230584  0.500652
 0.359516 -0.230514  0.500573
 0.359578 -0.230448  0.500499
 0.359636 -0.230386  0.500431
  0.35969 -0.230329  0.500367
 0.359739 -0.230277  0.500309
 0.359784 -0.230229  0.500256
 0.359825 -0.230186  0.500207
 0.359862 -0.230147  0.500164
 0.359894 -0.230113  0.500126
 0.359922 -0.230083  0.500093
 0.359945 -0.230058  0.500065
 0.359965 -0.230037  0.500042
  0.35998 -0.230021  0.500024
0.359991 -0.23001 0.500011
 0.359998 -0.230003  0.500003
 0.36 -0.23   0.5
 0.36 -0.23   0.5
 0.36 -0.23   0.5
 0.36 -0.23   0.5
 0.36 -0.23   0.5
 0.36 -0.23   0.5
 0.36 -0.23   0.5
 0.36 -0.23   0.5
 0.36 -0.23   0.5
 0.36 -0.23   0.5
 0.36 -0.23   0.5
 0.36 -0.23   0.5
 0.36 -0.23   0.5
 0.36 -0.23   0.5
 0.36 -0.23   0.5
 0.36 -0.23   0.5
 0.36 -0.23   0.5
 0.36 -0.23   0.5
 0.36 -0.23   0.5
 0.36 -0.23   0.5
 0.36 -0.23   0.5
 0.36 -0.23   0.5
 0.36 -0.23   0.5
 0.36 -0.23   0.5
 0.36 -0.23   0.5
 0.36 -0.23   0.5
 0.36 -0.23   0.5
 0.36 -0.23   0.5
 0.36 -0.23   0.5
 0.36 -0.23   0.5
 0.36 -0.23   0.5
 0.36 -0.23   0.5
 0.36 -0.23   0.5
 0.36 -0.23   0.5
 0.36 -0.23   0.5
 0.36 -0.23   0.5
 0.36 -0.23   0.5
 0.36 -0.23   0.5
 0.36 -0.23   0.5
 0.36 -0.23   0.5
 0.36 -0.23   0.5
 0.36 -0.23   0.5
 0.36 -0.23   0.5
 0.36 -0.23   0.5
 0.36 -0.23   0.5
 0.36 -0.23   0.5
 0.36 -0.23   0.5
 0.36 -0.23   0.5
 0.36 -0.23   0.5
 0.36 -0.23   0.5
 0.36 -0.23   0.5
 0.36 -0.23   0.5
 0.36 -0.23   0.5
 0.36 -0.23   0.5
 0.36 -0.23   0.5
 0.36 -0.23   0.5
 0.36 -0.23   0.5
 0.36 -0.23   0.5
 0.36 -0.23   0.5
 0.36 -0.23   0.5
 0.36 -0.23   0.5
 0.36 -0.23   0.5
 0.36 -0.23   0.5
 0.36 -0.23   0.5
 0.36 -0.23   0.5
 0.36 -0.23   0.5
 0.36 -0.23   0.5
 0.36 -0.23   0.5
 0.36 -0.23   0.5
 0.36 -0.23   0.5
 0.36 -0.23   0.5
 0.36 -0.23   0.5
 0.36 -0.23   0.5
 0.36 -0.23   0.5
 0.36 -0.23   0.5
 0.36 -0.23   0.5
 0.36 -0.23   0.5
 0.36 -0.23   0.5
 0.36 -0.23   0.5
 0.36 -0.23   0.5
 0.36 -0.23   0.5
 0.36 -0.23   0.5
 0.36 -0.23   0.5
 0.36 -0.23   0.5
 0.36 -0.23   0.5
 0.36 -0.23   0.5
 0.36 -0.23   0.5
 0.36 -0.23   0.5
 0.36 -0.23   0.5
 0.36 -0.23   0.5
 0.36 -0.23   0.5
 0.36 -0.23   0.5
 0.36 -0.23   0.5
 0.36 -0.23   0.5
 0.36 -0.23   0.5
 0.36 -0.23   0.5
 0.36 -0.23   0.5
 0.36 -0.23   0.5
 0.36 -0.23   0.5
 0.36 -0.23   0.5
 0.36 -0.23   0.5
 0.36 -0.23   0.5
 0.36 -0.23   0.5
 0.36 -0.23   0.5
 0.36 -0.23   0.5
 0.36 -0.23   0.5
 0.36 -0.23   0.5
 0.36 -0.23   0.5
 0.36 -0.23   0.5
 0.36 -0.23   0.5
 0.36 -0.23   0.5
 0.36 -0.23   0.5
 0.36 -0.23   0.5
 0.36 -0.23   0.5
 0.36 -0.23   0.5
 0.36 -0.23   0.5
 0.36 -0.23   0.5
 0.36 -0.23   0.5
 0.36 -0.23   0.5
 0.36 -0.23   0.5
 0.36 -0.23   0.5
 0.36 -0.23   0.5
 0.36 -0.23   0.5
 0.36 -0.23   0.5
 0.36 -0.23   0.5
 0.36 -0.23   0.5
 0.36 -0.23   0.5
 0.36 -0.23   0.5
 0.36 -0.23   0.5
 0.36 -0.23   0.5
 0.36 -0.23   0.5
 0.36 -0.23   0.5
 0.36 -0.23   0.5
 0.36 -0.23   0.5
 0.36 -0.23   0.5
 0.36 -0.23   0.5
 0.36 -0.23   0.5
 0.36 -0.23   0.5
 0.36 -0.23   0.5
 0.36 -0.23   0.5
 0.36 -0.23   0.5
 0.36 -0.23   0.5
 0.36 -0.23   0.5
 0.36 -0.23   0.5
 0.36 -0.23   0.5
 0.36 -0.23   0.5
 0.36 -0.23   0.5
 0.36 -0.23   0.5
 0.36 -0.23   0.5
 0.36 -0.23   0.5
 0.36 -0.23   0.5
 0.36 -0.23   0.5
 0.36 -0.23   0.5
 0.36 -0.23   0.5
 0.36 -0.23   0.5
 0.36 -0.23   0.5
 0.36 -0.23   0.5
 0.36 -0.23   0.5
 0.36 -0.23   0.5
 0.36 -0.23   0.5
 0.36 -0.23   0.5
 0.36 -0.23   0.5
 0.36 -0.23   0.5
 0.36 -0.23   0.5
 0.36 -0.23   0.5
 0.36 -0.23   0.5
 0.36 -0.23   0.5
 0.36 -0.23   0.5
 0.36 -0.23   0.5
 0.36 -0.23   0.5
 0.36 -0.23   0.5
 0.36 -0.23   0.5
 0.36 -0.23   0.5
 0.36 -0.23   0.5
 0.36 -0.23   0.5
 0.36 -0.23   0.5
 0.36 -0.23   0.5
 0.36 -0.23   0.5
 0.36 -0.23   0.5
 0.36 -0.23   0.5
 0.36 -0.23   0.5
 0.36 -0.23   0.5
 0.36 -0.23   0.5
 0.36 -0.23   0.5
 0.36 -0.23   0.5
 0.36 -0.23   0.5
 0.36 -0.23   0.5
 0.36 -0.23   0.5
 0.36 -0.23   0.5
 0.36 -0.23   0.5
 0.36 -0.23   0.5
 0.36 -0.23   0.5
 0.36 -0.23   0.5
 0.36 -0.23   0.5
 0.36 -0.23   0.5
 0.36 -0.23   0.5
 0.36 -0.23   0.5
 0.36 -0.23   0.5
 0.36 -0.23   0.5
 0.36 -0.23   0.5
 0.36 -0.23   0.5
 0.36 -0.23   0.5
 0.36 -0.23   0.5
 0.36 -0.23   0.5
 0.36 -0.23   0.5
 0.36 -0.23   0.5
 0.36 -0.23   0.5
 0.36 -0.23   0.5
 0.36 -0.23   0.5
 0.36 -0.23   0.5
 0.36 -0.23   0.5
 0.36 -0.23   0.5
 0.36 -0.23   0.5
 0.36 -0.23   0.5
 0.36 -0.23   0.5
 0.36 -0.23   0.5
 0.36 -0.23   0.5
 0.36 -0.23   0.5
 0.36 -0.23   0.5
 0.36 -0.23   0.5
 0.36 -0.23   0.5
 0.36 -0.23   0.5
 0.36 -0.23   0.5
 0.36 -0.23   0.5
 0.36 -0.23   0.5
 0.36 -0.23   0.5
 0.36 -0.23   0.5
 0.36 -0.23   0.5
 0.36 -0.23   0.5
 0.36 -0.23   0.5
 0.36 -0.23   0.5
 0.36 -0.23   0.5
 0.36 -0.23   0.5
 0.36 -0.23   0.5
 0.36 -0.23   0.5
 0.36 -0.23   0.5
 0.36 -0.23   0.5
 0.36 -0.23   0.5
 0.36 -0.23   0.5
 0.36 -0.23   0.5
 0.36 -0.23   0.5
 0.36 -0.23   0.5
 0.36 -0.23   0.5
 0.36 -0.23   0.5
 0.36 -0.23   0.5
 0.36 -0.23   0.5
 0.36 -0.23   0.5
 0.36 -0.23   0.5
 0.36 -0.23   0.5
 0.36 -0.23   0.5
 0.36 -0.23   0.5
 0.36 -0.23   0.5
 0.36 -0.23   0.5
 0.36 -0.23   0.5
 0.36 -0.23   0.5
 0.36 -0.23   0.5
 0.36 -0.23   0.5
 0.36 -0.23   0.5
 0.36 -0.23   0.5
 0.36 -0.23   0.5
 0.36 -0.23   0.5
 0.36 -0.23   0.5
 0.36 -0.23   0.5
 0.36 -0.23   0.5
 0.36 -0.23   0.5
 0.36 -0.23   0.5
 0.36 -0.23   0.5
 0.36 -0.23   0.5
 0.36 -0.23   0.5
 0.36 -0.23   0.5
 0.36 -0.23   0.5
 0.36 -0.23   0.5
 0.36 -0.23   0.5
 0.36 -0.23   0.5
 0.36 -0.23   0.5
 0.36 -0.23   0.5
 0.36 -0.23   0.5
 0.36 -0.23   0.5
 0.36 -0.23   0.5
 0.36 -0.23   0.5
 0.36 -0.23   0.5
 0.36 -0.23   0.5
 0.36 -0.23   0.5
 0.36 -0.23   0.5
 0.36 -0.23   0.5
 0.36 -0.23   0.5
 0.36 -0.23   0.5
