  0.26887 -0.326786   0.60794
 0.268861 -0.326799  0.607946
0.268851 -0.32681 0.607945
 0.268841 -0.326822  0.607946
 0.268835 -0.326829  0.607955
 0.268833 -0.326835  0.607965
0.268834 -0.32684  0.60798
0.268839 -0.32684 0.607998
 0.268848 -0.326839  0.608021
  0.26886 -0.326832  0.608043
 0.268876 -0.326825  0.608069
 0.268895 -0.326813  0.608099
0.268917  -0.3268 0.608129
 0.268943 -0.326781  0.608164
 0.268971 -0.326762  0.608196
 0.269002 -0.326737  0.608233
 0.269034 -0.326709  0.608267
 0.269069 -0.326681  0.608301
 0.269104 -0.326649  0.608337
 0.269141 -0.326617   0.60837
0.269179 -0.32658 0.608404
 0.269216 -0.326544  0.608434
 0.269255 -0.326506  0.608464
 0.269291 -0.326464  0.608491
 0.269329 -0.326423  0.608519
0.269366 -0.32638 0.608536
   0.2694 -0.326333  0.608557
 0.269435 -0.326291  0.608573
 0.269467 -0.326243  0.608588
   0.2695 -0.326197    0.6086
  0.26953 -0.326149  0.608606
 0.269561 -0.326098  0.608615
  0.26959 -0.326049  0.608613
  0.26962 -0.325999   0.60861
 0.269648 -0.325946  0.608606
 0.269677 -0.325885    0.6086
 0.269708 -0.325826  0.608591
 0.269737 -0.325769  0.608575
  0.26977 -0.325704  0.608561
 0.269802 -0.325639  0.608539
 0.269839 -0.325568  0.608521
 0.269873 -0.325496  0.608492
0.269914 -0.32542 0.608463
0.269955 -0.32534 0.608433
 0.270001 -0.325254  0.608399
 0.270049 -0.325164  0.608364
 0.270102 -0.325069  0.608323
 0.270158 -0.324969  0.608285
 0.270218 -0.324863  0.608237
 0.270283 -0.324749  0.608185
 0.270353 -0.324631  0.608135
 0.270423 -0.324509  0.608082
 0.270501 -0.324378  0.608027
 0.270579 -0.324246  0.607966
 0.270665 -0.324103  0.607907
 0.270751 -0.323961  0.607837
 0.270843 -0.323808  0.607769
 0.270936 -0.323655  0.607696
 0.271035 -0.323492  0.607619
 0.271134 -0.323329   0.60754
 0.271238 -0.323157  0.607455
 0.271342 -0.322986  0.607369
  0.27145 -0.322806  0.607276
 0.271559 -0.322624  0.607184
 0.27167 -0.32244 0.607079
0.271785 -0.32225 0.606969
 0.271899 -0.322057  0.606861
 0.272012 -0.321864  0.606745
 0.272128 -0.321666  0.606629
 0.272244 -0.321468  0.606503
 0.272363 -0.321259  0.606378
 0.272479 -0.321056  0.606242
 0.272598 -0.320847  0.606104
 0.272717 -0.320639  0.605961
 0.272836 -0.320425  0.605812
 0.272958 -0.320209   0.60566
 0.273085 -0.319984  0.605488
 0.273209 -0.319762  0.605325
 0.273333 -0.319539  0.605153
 0.273461 -0.319309  0.604983
 0.273588 -0.319079  0.604798
 0.273718 -0.318842  0.604612
 0.273851 -0.318603  0.604421
 0.273985 -0.318358  0.604225
 0.274123 -0.318107  0.604025
 0.274263 -0.317855  0.603816
 0.274408 -0.317594  0.603607
 0.274554 -0.317331  0.603386
0.274704 -0.31706 0.603162
 0.274859 -0.316785  0.602934
 0.275016 -0.316503  0.602699
 0.275178 -0.316216   0.60246
 0.275343 -0.315921  0.602214
 0.275518 -0.315603  0.601957
  0.27569 -0.315296  0.601698
 0.275874 -0.314976  0.601445
 0.276053 -0.314657  0.601173
 0.276237 -0.314334  0.600897
 0.276425 -0.314004  0.600618
0.276616 -0.31367  0.60033
 0.276811 -0.313329   0.60004
 0.277007 -0.312983   0.59974
 0.277217 -0.312623  0.599409
 0.277418 -0.312268  0.599094
 0.277623 -0.311911  0.598775
 0.277829 -0.311549  0.598451
 0.278037 -0.311185  0.598118
 0.278248 -0.310815  0.597781
 0.278459 -0.310443  0.597435
0.278672 -0.31007 0.597086
 0.278885 -0.309693  0.596725
 0.279099 -0.309315  0.596359
 0.279315 -0.308934  0.595988
 0.279531 -0.308552  0.595609
 0.279749 -0.308167  0.595224
0.279966 -0.30778 0.594831
0.280185 -0.30738 0.594415
 0.280403 -0.307005  0.594024
 0.280623 -0.306601  0.593596
 0.280853 -0.306203  0.593189
0.281074 -0.30581 0.592762
 0.281295 -0.305415  0.592329
 0.281516 -0.305022  0.591887
 0.281739 -0.304625  0.591441
 0.281961 -0.304229  0.590985
0.282186 -0.30383 0.590527
 0.282409 -0.303431  0.590057
 0.282645 -0.303019  0.589526
 0.282871 -0.302617  0.589044
 0.283099 -0.302216  0.588552
 0.283328 -0.301812  0.588057
 0.283557 -0.301407  0.587552
 0.283788 -0.301002  0.587044
 0.284019 -0.300595  0.586526
 0.284254 -0.300188  0.586007
 0.284487 -0.299778  0.585474
 0.284723 -0.299367  0.584939
 0.284961 -0.298956  0.584397
   0.2852 -0.298543   0.58385
  0.28544 -0.298126    0.5833
 0.285681 -0.297711   0.58274
 0.285925 -0.297292  0.582181
  0.28617 -0.296875  0.581608
 0.286415 -0.296453  0.581036
 0.286663 -0.296032  0.580458
 0.286911 -0.295609  0.579875
 0.287162 -0.295184  0.579289
0.287413 -0.29476 0.578695
 0.287668 -0.294335  0.578099
  0.28792 -0.293909  0.577497
0.288175 -0.29348 0.576892
 0.288433 -0.293053  0.576284
 0.288689 -0.292625  0.575672
 0.288948 -0.292196  0.575058
 0.289198 -0.291786  0.574523
 0.289467 -0.291342  0.573905
 0.289718 -0.290928  0.573282
 0.289982 -0.290501   0.57266
 0.290252 -0.290057  0.571943
0.290515 -0.28963 0.571313
  0.29078 -0.289204  0.570682
 0.291044 -0.288778  0.570049
  0.29131 -0.288351  0.569417
 0.291578 -0.287926  0.568779
 0.291845 -0.287501  0.568147
 0.292113 -0.287077  0.567507
 0.292382 -0.286655  0.566871
 0.292652 -0.286232  0.566237
0.292923 -0.28581 0.565601
 0.293196 -0.285387  0.564969
 0.293469 -0.284965  0.564336
 0.293744 -0.284544  0.563708
 0.294019 -0.284122  0.563077
 0.294284 -0.283673  0.562425
 0.294563 -0.283252  0.561801
 0.294842 -0.282829   0.56118
 0.295123 -0.282406  0.560562
 0.295437 -0.281983  0.560005
 0.295721 -0.281559  0.559396
 0.296006 -0.281133  0.558787
 0.296294 -0.280707  0.558187
 0.296581 -0.280279  0.557585
  0.29687 -0.279851  0.556989
 0.297162 -0.279421  0.556397
0.297454 -0.27899 0.555807
 0.297748 -0.278558  0.555224
 0.298049 -0.278105  0.554552
 0.298345 -0.277669   0.55398
 0.298641 -0.277231  0.553408
 0.298937 -0.276793  0.552844
 0.299227 -0.276372  0.552373
 0.299533 -0.275912   0.55173
 0.299832 -0.275468  0.551184
 0.300131 -0.275025   0.55064
 0.300423 -0.274599  0.550192
 0.300723 -0.274153  0.549659
 0.301024 -0.273705   0.54914
 0.301324 -0.273256   0.54862
 0.301625 -0.272805  0.548109
 0.301927 -0.272352  0.547606
0.302228  -0.2719 0.547107
  0.30253 -0.271444  0.546616
  0.30283 -0.270988  0.546129
0.303132 -0.27053 0.545653
 0.303432 -0.270071  0.545176
0.303732 -0.26961 0.544707
 0.304032 -0.269147  0.544246
 0.304331 -0.268682  0.543791
  0.30463 -0.268216  0.543343
 0.304928 -0.267749  0.542899
0.305226 -0.26728 0.542466
0.305522 -0.26681 0.542035
 0.305817 -0.266338  0.541613
 0.306112 -0.265866  0.541198
 0.306406 -0.265392   0.54079
 0.306698 -0.264916  0.540391
0.306989 -0.26444 0.539998
  0.30728 -0.263962  0.539613
 0.307569 -0.263485  0.539233
 0.307858 -0.263004  0.538866
 0.308144 -0.262524  0.538497
0.308439 -0.26202 0.538082
 0.308723 -0.261537  0.537732
 0.309006 -0.261054  0.537387
0.309288 -0.26057 0.537052
 0.309568 -0.260086  0.536718
 0.309847 -0.259602  0.536396
 0.310123 -0.259117  0.536074
 0.310398 -0.258634  0.535759
0.310671 -0.25815 0.535452
 0.310941 -0.257666  0.535149
  0.31121 -0.257184  0.534853
 0.311476 -0.256702  0.534559
 0.311742 -0.256222  0.534275
0.312003 -0.25572 0.533973
 0.312262 -0.255243  0.533696
 0.312519 -0.254767  0.533422
 0.312786 -0.254295  0.533172
 0.313039 -0.253821  0.532915
 0.313287 -0.253351  0.532652
 0.313532 -0.252884  0.532395
 0.313774 -0.252419  0.532139
 0.314013 -0.251956  0.531891
 0.314249 -0.251497   0.53164
  0.31449 -0.251018  0.531361
 0.314719 -0.250565  0.531122
 0.314945 -0.250115  0.530884
 0.315169 -0.249667   0.53065
 0.315388 -0.249224  0.530419
 0.315605 -0.248784  0.530193
 0.315819 -0.248348  0.529966
 0.316029 -0.247915  0.529744
 0.316237 -0.247485  0.529525
 0.316442 -0.247059  0.529309
 0.316644 -0.246636  0.529097
 0.316843 -0.246218  0.528886
  0.31704 -0.245802   0.52868
0.317234 -0.24539 0.528473
0.317427 -0.24498 0.528276
 0.317615 -0.244575  0.528072
 0.317802 -0.244172  0.527876
 0.317991 -0.243748   0.52767
 0.318173 -0.243352  0.527478
 0.318354 -0.242958   0.52729
 0.318531 -0.242567  0.527102
0.318707 -0.24218 0.526921
  0.31888 -0.241796  0.526736
 0.319058 -0.241417  0.526569
0.319227 -0.24104 0.526392
 0.319393 -0.240666  0.526217
 0.319558 -0.240296  0.526045
0.319719 -0.23993 0.525873
 0.319879 -0.239568  0.525706
0.320036 -0.23921 0.525538
 0.320192 -0.238855  0.525378
 0.320344 -0.238505  0.525212
 0.320494 -0.238159  0.525051
 0.320642 -0.237818  0.524893
 0.320787 -0.237481  0.524735
 0.320931 -0.237149  0.524581
 0.321072 -0.236821  0.524426
 0.321211 -0.236498  0.524279
 0.321346 -0.236181  0.524124
  0.32148 -0.235867  0.523976
 0.321615 -0.235547  0.523817
 0.321744 -0.235245  0.523671
 0.321869 -0.234949  0.523531
0.321991 -0.23466 0.523389
  0.32211 -0.234378  0.523252
 0.322226 -0.234101  0.523118
 0.322339 -0.233832  0.522984
0.322446 -0.23358 0.522866
 0.322553 -0.233322  0.522736
 0.322662 -0.233062  0.522603
 0.322763 -0.232818  0.522475
0.322863 -0.23258 0.522352
 0.322962 -0.232346  0.522231
 0.323059 -0.232116   0.52211
 0.323155 -0.231891  0.521993
 0.323248 -0.231671  0.521873
 0.323342 -0.231453  0.521755
 0.323434 -0.231239  0.521639
 0.323526 -0.231028  0.521522
 0.323623 -0.230807  0.521406
 0.323713 -0.230602   0.52129
 0.323799 -0.230395  0.521174
 0.323886 -0.230197  0.521059
  0.32397 -0.230016  0.520959
 0.324057 -0.229824  0.520849
 0.324143 -0.229633   0.52074
 0.324229 -0.229446  0.520634
 0.324313 -0.229262  0.520527
 0.324396 -0.229082  0.520423
 0.324478 -0.228905   0.52032
 0.324559 -0.228732  0.520218
 0.324639 -0.228563  0.520119
 0.324717 -0.228398  0.520021
 0.324795 -0.228239  0.519927
 0.324869 -0.228086   0.51983
 0.324942 -0.227938  0.519738
 0.325013 -0.227794  0.519649
 0.325081 -0.227659  0.519561
 0.325148 -0.227529  0.519477
 0.325212 -0.227406  0.519392
 0.325274 -0.227289  0.519312
 0.325334 -0.227179  0.519233
 0.325392 -0.227077  0.519155
0.325448 -0.22698 0.519082
 0.325501 -0.226889  0.519008
 0.325553 -0.226804  0.518941
 0.325604 -0.226725  0.518874
 0.325653 -0.226651  0.518807
 0.325701 -0.226583  0.518742
 0.325747 -0.226519  0.518677
 0.325792 -0.226459  0.518617
 0.325836 -0.226402  0.518553
  0.32588 -0.226349  0.518493
 0.325922 -0.226301  0.518431
 0.325965 -0.226252  0.518372
 0.326009 -0.226204  0.518317
 0.326052 -0.226158  0.518258
 0.326096 -0.226111  0.518206
 0.326139 -0.226065  0.518147
 0.326183 -0.226019  0.518091
 0.326228 -0.225972  0.518038
 0.326272 -0.225925  0.517982
0.326324 -0.22587 0.517928
 0.326369 -0.225821  0.517873
 0.326416 -0.225771  0.517824
 0.326461 -0.225721  0.517767
0.326507 -0.22567 0.517715
 0.326554 -0.225618  0.517664
   0.3266 -0.225567  0.517612
 0.326647 -0.225515  0.517563
 0.326692 -0.225464  0.517511
 0.326738 -0.225413  0.517461
 0.326783 -0.225364  0.517412
 0.326825 -0.225318  0.517361
  0.32687 -0.225272  0.517314
 0.326912 -0.225227  0.517266
 0.326955 -0.225185  0.517224
 0.326995 -0.225145  0.517174
 0.327035 -0.225108  0.517128
 0.327075 -0.225073  0.517084
 0.327113 -0.225041   0.51704
 0.327151 -0.225012     0.517
 0.327186 -0.224986  0.516955
 0.327221 -0.224964  0.516913
 0.327256 -0.224943  0.516873
 0.327289 -0.224926  0.516832
 0.327325 -0.224919    0.5168
 0.327357 -0.224907   0.51676
 0.327391 -0.224883  0.516717
 0.327421 -0.224876  0.516676
0.327451 -0.22487 0.516638
  0.32748 -0.224866  0.516603
 0.327509 -0.224864  0.516566
 0.327538 -0.224863  0.516532
 0.327566 -0.224862  0.516495
 0.327594 -0.224862  0.516459
 0.327623 -0.224863  0.516425
 0.327651 -0.224865  0.516391
 0.327678 -0.224868  0.516357
 0.327707 -0.224868  0.516322
 0.327737 -0.224867  0.516293
 0.327767 -0.224865  0.516257
 0.327797 -0.224862  0.516225
 0.327828 -0.224857  0.516194
  0.32786 -0.224852  0.516162
 0.327892 -0.224845  0.516132
 0.327925 -0.224837    0.5161
 0.327957 -0.224828  0.516069
 0.327991 -0.224817  0.516039
 0.328025 -0.224806  0.516009
 0.328059 -0.224794  0.515981
 0.328097 -0.224788  0.515957
 0.328132 -0.224775  0.515931
 0.328167 -0.224751  0.515891
 0.328202 -0.224738  0.515862
 0.328236 -0.224725  0.515835
 0.328269 -0.224713  0.515807
 0.328303 -0.224701   0.51578
 0.328335 -0.224691  0.515752
 0.328367 -0.224686  0.515728
 0.328398 -0.224678  0.515697
 0.328429 -0.224672   0.51567
  0.32846 -0.224667  0.515645
 0.328489 -0.224664  0.515618
 0.328519 -0.224663  0.515595
 0.328547 -0.224663  0.515567
 0.328575 -0.224666  0.515542
 0.328606 -0.224676  0.515523
 0.328632 -0.224682  0.515498
 0.328659 -0.224689  0.515475
 0.328685 -0.224698   0.51545
 0.328711 -0.224707   0.51543
 0.328736 -0.224718  0.515403
 0.328763 -0.224716  0.515373
 0.328788 -0.224728  0.515351
0.328812 -0.22474 0.515327
 0.328838 -0.224752  0.515306
 0.328862 -0.224764  0.515281
 0.328888 -0.224776  0.515258
 0.328913 -0.224787  0.515237
 0.328938 -0.224798  0.515214
 0.328964 -0.224808  0.515193
  0.32899 -0.224817   0.51517
 0.329017 -0.224825  0.515152
 0.329043 -0.224833  0.515127
 0.32907 -0.22484 0.515105
 0.329098 -0.224845  0.515084
 0.329126 -0.224849  0.515062
 0.329155 -0.224853  0.515043
 0.329183 -0.224855  0.515021
 0.329212 -0.224857     0.515
 0.329242 -0.224857  0.514979
 0.329271 -0.224857  0.514958
 0.329301 -0.224857  0.514939
0.329328 -0.22486 0.514917
 0.329359 -0.224858  0.514901
 0.329388 -0.224857  0.514877
 0.329437 -0.224745  0.514785
 0.329448 -0.224853  0.514838
 0.329496 -0.224744  0.514746
0.329507 -0.22485 0.514799
0.329536 -0.22485 0.514778
 0.329564 -0.224851  0.514759
 0.329592 -0.224854  0.514742
  0.32962 -0.224857  0.514723
 0.329648 -0.224862  0.514707
 0.329692 -0.224766  0.514618
 0.329702 -0.224875  0.514674
 0.329727 -0.224883  0.514653
 0.329753 -0.224891  0.514635
 0.329779 -0.224901   0.51462
 0.329804 -0.224913  0.514602
 0.329845 -0.224825  0.514519
  0.32987 -0.224838    0.5145
 0.329894 -0.224851  0.514484
 0.329918 -0.224865  0.514468
 0.329942 -0.224879  0.514452
 0.329966 -0.224894  0.514439
  0.32999 -0.224909  0.514422
 0.329998 -0.225018  0.514476
 0.330023 -0.225029  0.514459
 0.330046 -0.225045  0.514445
 0.330068 -0.225054  0.514427
 0.330095 -0.225075  0.514418
 0.330133 -0.224997  0.514341
  0.33016 -0.224998  0.514318
 0.330167 -0.225108  0.514372
 0.330195 -0.225125  0.514363
 0.330221 -0.225135  0.514349
 0.330266 -0.225044  0.514268
 0.330274 -0.225151   0.51432
  0.33032 -0.225056  0.514241
0.330346 -0.22506 0.514223
 0.330373 -0.225063  0.514207
 0.330401 -0.225065  0.514193
 0.330428 -0.225067  0.514177
 0.330455 -0.225068  0.514164
 0.330482 -0.225069  0.514147
0.330509 -0.22507 0.514132
 0.330536 -0.225071  0.514118
 0.330563 -0.225073  0.514104
 0.330588 -0.225079  0.514091
 0.330614 -0.225082  0.514076
 0.330641 -0.225086  0.514067
 0.330666 -0.225091   0.51405
 0.330676 -0.225187  0.514101
 0.330717 -0.225105  0.514026
 0.330742 -0.225112  0.514013
0.330767 -0.22512 0.514003
 0.330791 -0.225129  0.513989
 0.330815 -0.225139  0.513978
 0.330839 -0.225149  0.513966
0.330863 -0.22516 0.513955
 0.330871 -0.225259  0.514007
 0.330909 -0.225182  0.513932
 0.330933 -0.225193  0.513924
 0.330956 -0.225204  0.513909
 0.330979 -0.225216  0.513897
 0.331002 -0.225227  0.513887
 0.331025 -0.225237  0.513874
 0.331033 -0.225336  0.513927
 0.331055 -0.225346  0.513913
 0.331095 -0.225267  0.513839
 0.331118 -0.225275  0.513827
 0.331142 -0.225283  0.513814
0.331166 -0.22529 0.513804
 0.331189 -0.225297  0.513791
 0.331214 -0.225303  0.513782
 0.331239 -0.225301   0.51376
 0.331263 -0.225306  0.513747
  0.33129 -0.225316  0.513739
0.331314 -0.22532 0.513727
 0.331339 -0.225324  0.513717
 0.331364 -0.225327  0.513704
 0.331389 -0.225331  0.513697
 0.331413 -0.225334  0.513681
 0.331436 -0.225341  0.513671
 0.331461 -0.225345  0.513661
 0.331469 -0.225435   0.51371
 0.331511 -0.225354  0.513642
 0.331535 -0.225358  0.513629
  0.33156 -0.225362  0.513618
 0.331584 -0.225367  0.513609
 0.331608 -0.225372  0.513598
 0.331633 -0.225377   0.51359
 0.331656 -0.225382  0.513578
 0.331681 -0.225387  0.513572
 0.331704 -0.225393  0.513559
 0.331728 -0.225399  0.513548
 0.331735 -0.225488  0.513599
 0.331776 -0.225403  0.513524
0.331799 -0.22541 0.513516
  0.33182 -0.225427   0.51351
 0.331845 -0.225425  0.513494
 0.331867 -0.225433  0.513485
 0.331889 -0.225441  0.513475
0.331912 -0.22545 0.513467
 0.331934 -0.225459  0.513456
 0.331958 -0.225473  0.513454
  0.33198 -0.225482   0.51344
 0.332002 -0.225491  0.513431
0.332024  -0.2255 0.513423
 0.332046 -0.225509  0.513412
 0.332052 -0.225598  0.513462
0.332072 -0.22561 0.513453
 0.332111 -0.225538  0.513384
 0.332134 -0.225545  0.513375
 0.332157 -0.225552  0.513365
 0.332179 -0.225558  0.513356
 0.332202 -0.225564  0.513345
 0.332226 -0.225568  0.513338
 0.332248 -0.225572  0.513324
 0.332271 -0.225576  0.513313
 0.332295 -0.225578  0.513304
 0.332318 -0.225581  0.513292
 0.332342 -0.225583  0.513283
 0.332365 -0.225584  0.513271
 0.332389 -0.225586   0.51326
 0.332412 -0.225588   0.51325
0.332436 -0.22559 0.513239
  0.33246 -0.225587  0.513225
 0.332491 -0.225674   0.51327
 0.332513 -0.225678  0.513257
 0.332535 -0.225684  0.513249
 0.332558 -0.225687   0.51324
 0.332581 -0.225691  0.513229
 0.332604 -0.225693  0.513221
 0.332627 -0.225695  0.513209
  0.33265 -0.225696  0.513198
 0.332674 -0.225691  0.513181
0.332697 -0.22569 0.513169
 0.332721 -0.225689  0.513158
 0.332744 -0.225687  0.513144
 0.332768 -0.225685  0.513135
  0.33279 -0.225682  0.513119
 0.332813 -0.225679  0.513106
 0.332838 -0.225681  0.513097
 0.332861 -0.225678  0.513083
 0.332885 -0.225676  0.513072
 0.332907 -0.225674  0.513059
  0.33293 -0.225673  0.513052
 0.332952 -0.225674  0.513036
 0.332974 -0.225675  0.513025
 0.332996 -0.225677  0.513016
 0.333016 -0.225683  0.513006
 0.333038 -0.225687     0.513
 0.333059 -0.225692  0.512988
 0.333079 -0.225699   0.51298
 0.333101 -0.225706  0.512972
 0.333121 -0.225714  0.512963
 0.333141 -0.225722  0.512958
 0.333162 -0.225732  0.512948
 0.333183 -0.225741  0.512946
 0.333203 -0.225751  0.512934
 0.333223 -0.225761  0.512927
 0.333245 -0.225762  0.512917
 0.333264 -0.225781  0.512914
