5.96046e-06
0.00954413
0.019598
0.0296559
0.039712
0.049772
0.059829
0.069885
0.079941
0.090009
0.100077
0.110133
0.120191
0.130248
0.140305
0.150373
0.16043
0.170498
0.180564
0.19062
0.200688
0.210755
0.220822
0.230878
0.240945
0.251002
0.261077
0.271133
0.2812
0.291257
0.301312
0.311381
0.32145
0.331517
0.341585
0.351654
0.36172
0.371776
0.381833
0.39189
0.401947
0.412004
0.422073
0.432129
0.442184
0.45225
0.462316
0.472372
0.482429
0.492495
0.502562
0.512617
0.522674
0.532729
0.542785
0.55285
0.562908
0.572976
0.583031
0.593086
0.603141
0.613198
0.623254
0.633308
0.643364
0.653419
0.663475
0.67353
0.683585
0.693656
0.703725
0.713782
0.723866
0.733923
0.743993
0.754058
0.764129
0.774189
0.784249
0.794305
0.804372
0.814427
0.824483
0.83454
0.844596
0.854661
0.864729
0.874801
0.884858
0.894917
0.904974
0.915034
0.925094
0.935149
0.945205
0.955291
0.965357
0.975442
0.985527
0.995593
1.00565
1.01571
1.02578
1.03585
1.04591
1.05596
1.06602
1.0761
1.08615
1.09621
1.10627
1.11634
1.12639
1.13645
1.14651
1.15657
1.16663
1.17669
1.18674
1.1968
1.20686
1.21692
1.22698
1.23704
1.24706
1.25712
1.26717
1.27723
1.2873
1.29736
1.30742
1.31748
1.32753
1.33759
1.34764
1.3577
1.36777
1.37784
1.38791
1.39797
1.40803
1.4181
1.42816
1.43823
1.44829
1.45834
1.4684
1.47847
1.48852
1.49859
1.50865
1.5187
1.52876
1.53883
1.54887
1.55893
1.56899
1.57906
1.58913
1.59919
1.60925
1.61932
1.62937
1.63944
1.64949
1.65956
1.66963
1.67968
1.68975
1.6998
1.70988
1.71994
1.73
1.74005
1.75012
1.76019
1.77024
1.7803
1.79035
1.8004
1.81046
1.82052
1.83058
1.84064
1.8507
1.86075
1.87082
1.88087
1.89093
1.90099
1.91105
1.92111
1.93116
1.94123
1.95129
1.96135
1.97141
1.9815
1.99155
2.00161
2.01167
2.02172
2.03178
2.04184
2.0519
2.06196
2.07206
2.08213
2.09218
2.10224
2.1123
2.12235
2.13241
2.14247
2.15252
2.16258
2.17264
2.1827
2.19276
2.20282
2.21287
2.22293
2.23299
2.24305
2.2531
2.26316
2.27322
2.28327
2.29333
2.30339
2.31345
2.32351
2.33356
2.34362
2.35368
2.36374
2.3738
2.38392
2.39398
2.40403
2.41409
2.42415
2.43421
2.44427
2.45432
2.46438
2.47444
2.48449
2.49455
2.5046
2.51466
2.52471
2.53477
2.54483
2.55489
2.56494
2.575
2.58507
2.59514
2.60521
2.61527
2.62534
2.63541
2.64547
2.65554
2.66559
2.67566
2.68573
2.69579
2.70585
2.7159
2.72596
2.73602
2.74607
2.75613
2.76619
2.77624
2.7863
2.79633
2.80638
2.81644
2.8265
2.83656
2.84661
2.85667
2.86673
2.87678
2.88684
2.8969
2.90695
2.91701
2.92707
2.93712
2.94718
2.95724
2.96729
2.97736
2.98742
2.99747
3.00753
3.01759
3.02764
3.03768
3.04774
3.0578
3.06786
3.07793
3.08799
3.09805
3.10811
3.11816
3.12822
3.13834
3.1484
3.15846
3.16852
3.17857
3.18863
3.19869
3.20875
3.21881
3.22887
3.23892
3.24898
3.25903
3.2691
3.27916
3.28922
3.29928
3.30933
3.31939
3.32944
3.3395
3.34955
3.35961
3.36967
3.37973
3.38979
3.39984
3.4099
3.41995
3.43001
3.44007
3.45012
3.46018
3.47023
3.48029
3.49035
3.5004
3.51046
3.52051
3.53057
3.54063
3.55068
3.56074
3.57081
3.58086
3.59092
3.601
3.61105
3.6211
3.63116
3.64123
3.65128
3.66134
3.6714
3.68146
3.69151
3.70157
3.71164
3.72171
3.73178
3.74184
3.75189
3.76195
3.77201
3.7821
3.79216
3.80222
3.81227
3.82233
3.83238
3.84245
3.85255
3.86261
3.87266
3.88273
3.89279
3.90284
3.9129
3.92296
3.93302
3.94307
3.95313
3.96318
3.97324
3.98329
3.99336
4.00341
4.01347
4.02352
4.03354
4.0436
4.05366
4.06371
4.07377
4.08383
4.09388
4.10389
4.11394
4.124
4.13405
4.14411
4.15419
4.16425
4.17431
4.18438
4.19443
4.20449
4.21456
4.22462
4.23467
4.24473
4.25479
4.26484
4.27491
4.28497
4.29503
4.30508
4.31514
4.32521
4.33526
4.34532
4.35537
4.36543
4.37549
4.38556
4.39562
4.40568
4.41574
4.42579
4.43586
4.44592
4.456
4.46607
4.47613
4.48618
4.49625
4.50631
4.51636
4.52643
4.53648
4.54655
4.55661
4.56666
4.57672
4.58678
4.59683
4.60688
4.61694
4.627
4.63705
4.64712
4.65719
4.66725
4.6773
4.68737
4.69743
4.7075
4.71756
4.72761
4.73768
4.74774
4.7578
4.76787
4.77794
4.78799
4.79805
4.80807
4.81814
4.8282
4.83825
4.84831
4.85837
4.86843
4.87849
4.88855
4.8986
4.90865
4.91872
4.92878
4.93883
4.94889
4.95897
4.96902
4.97908
4.98913
4.99919
5.00926
5.01933
5.02938
5.03946
5.04951
5.05957
5.06963
5.0797
5.08978
5.09984
5.10991
5.11998
5.13004
5.14011
5.15018
5.16025
5.17031
5.18037
5.19042
5.20048
5.21054
5.2206
5.23066
5.24072
5.25079
5.26086
5.27091
5.28097
5.29103
5.30108
5.31114
5.32118
5.33124
5.3413
5.35135
5.36141
5.37148
5.38153
5.39159
5.40165
5.4117
5.42176
5.43182
5.44188
5.45193
5.46199
5.47205
5.48211
5.49245
5.50251
5.51256
5.52262
5.53268
5.54275
5.55281
5.56287
5.57294
5.58299
5.59305
5.6031
5.61317
5.62323
5.6333
5.64335
5.65342
5.66349
5.67357
5.68363
5.69368
5.70374
5.71381
5.72388
5.73393
5.74399
5.75405
5.76412
5.77418
5.78425
5.7943
5.80437
5.81444
5.8245
5.83456
5.84464
5.85471
5.86477
5.87482
5.88488
5.89494
5.905
5.91507
5.92513
5.93519
5.94525
5.95531
5.96537
5.97542
5.98548
5.99554
6.0056
6.01567
6.02573
6.03579
