0.0165626 -0.105374  0.508515
 0.016563 -0.105372  0.508514
0.0165643 -0.105364   0.50851
0.0165663 -0.105351  0.508502
0.0165663 -0.105351  0.508502
0.0165729 -0.105311  0.508479
0.0165774 -0.105283  0.508464
0.0165828  -0.10525  0.508445
0.0165889 -0.105212  0.508423
0.0165959 -0.105169  0.508399
0.0166038 -0.105121  0.508372
0.0166124 -0.105068  0.508341
0.0166219  -0.10501  0.508308
0.0166322 -0.104947  0.508272
0.0166433 -0.104879  0.508234
0.0166433 -0.104879  0.508234
 0.016668 -0.104727  0.508147
0.0166816 -0.104643    0.5081
 0.016696 -0.104555   0.50805
0.0167112 -0.104461  0.507996
0.0167272 -0.104363   0.50794
0.0167441 -0.104259  0.507881
0.0167618  -0.10415   0.50782
0.0167803 -0.104037  0.507755
0.0167997 -0.103918  0.507687
0.0168198 -0.103794  0.507617
0.0168408 -0.103665  0.507544
0.0168626 -0.103531  0.507468
0.0168853 -0.103392  0.507388
0.0169087 -0.103248  0.507307
 0.016933 -0.103098  0.507222
0.0169581 -0.102944  0.507134
0.0169841 -0.102785  0.507043
0.0170108 -0.102621   0.50695
0.0170383 -0.102452  0.506854
0.0170666 -0.102277  0.506755
0.0170959 -0.102098  0.506653
0.0171259 -0.101913  0.506548
0.0171568 -0.101724   0.50644
0.0171885 -0.101529   0.50633
 0.017221 -0.101329  0.506216
0.0172543 -0.101125    0.5061
0.0172885 -0.100915   0.50598
0.0173234   -0.1007  0.505858
0.0173592  -0.10048  0.505733
0.0173959 -0.100255  0.505605
0.0174333 -0.100025  0.505475
 0.0174716 -0.0997896   0.505341
 0.0175107 -0.0995495   0.505204
 0.0175506 -0.0993043   0.505065
0.0175913 -0.099054  0.504923
 0.0176329 -0.0987987   0.504778
 0.0176752 -0.0985383    0.50463
 0.0177184 -0.0982729   0.504479
 0.0177625 -0.0980024   0.504325
 0.0178073 -0.0977267   0.504168
  0.017853 -0.0974461   0.504009
 0.0178995 -0.0971604   0.503846
 0.0179468 -0.0968697   0.503681
  0.017995 -0.0965739   0.503513
 0.0180439 -0.0962731   0.503342
 0.0180937 -0.0959672   0.503168
 0.0181443 -0.0956563   0.502991
 0.0181958 -0.0953403   0.502812
  0.018248 -0.0950192   0.502629
 0.0183011 -0.0946931   0.502444
 0.0183551 -0.0943616   0.502256
 0.0184097 -0.0940257   0.502065
 0.0184653 -0.0936843   0.501871
 0.0185207 -0.0933439   0.501677
 0.0185753 -0.0930085   0.501486
 0.0186291 -0.0926782   0.501299
  0.018682 -0.0923528   0.501114
 0.0187342 -0.0920325   0.500932
 0.0187854 -0.0917174   0.500753
 0.0188359 -0.0914073   0.500576
 0.0188856 -0.0911023   0.500403
 0.0189344 -0.0908022   0.500232
 0.0189824 -0.0905073   0.500065
 0.0190296 -0.0902174     0.4999
 0.0190759 -0.0899326   0.499738
 0.0191215 -0.0896528   0.499579
0.0191662 -0.089378  0.499423
 0.0192101 -0.0891084    0.49927
 0.0192532 -0.0888437   0.499119
 0.0192954 -0.0885842   0.498972
 0.0193368 -0.0883297   0.498827
 0.0193775 -0.0880799   0.498685
 0.0194173 -0.0878356   0.498546
 0.0194562 -0.0875963    0.49841
0.0194943 -0.087362  0.498277
 0.0195316 -0.0871328   0.498147
 0.0195681 -0.0869087   0.498019
 0.0196038 -0.0866896   0.497895
 0.0196386 -0.0864755   0.497773
 0.0196726 -0.0862665   0.497654
 0.0197058 -0.0860626   0.497538
 0.0197382 -0.0858637   0.497425
 0.0197698 -0.0856697   0.497315
 0.0198005 -0.0854808   0.497208
 0.0198305 -0.0852969   0.497103
 0.0198595 -0.0851182   0.497001
 0.0198878 -0.0849446   0.496903
 0.0199152 -0.0847761   0.496807
 0.0199418 -0.0846126   0.496714
 0.0199677 -0.0844539   0.496624
 0.0199926 -0.0843006   0.496537
 0.0200168 -0.0841523   0.496452
0.0200401 -0.084009  0.496371
 0.0200626 -0.0838708   0.496292
 0.0200843 -0.0837376   0.496217
 0.0201051 -0.0836095   0.496144
 0.0201251 -0.0834865   0.496074
 0.0201443 -0.0833685   0.496007
 0.0201627 -0.0832556   0.495943
 0.0201803 -0.0831477   0.495881
  0.020197 -0.0830449   0.495823
 0.0202129 -0.0829472   0.495767
  0.020228 -0.0828545   0.495715
 0.0202423 -0.0827669   0.495665
 0.0202557 -0.0826843   0.495618
 0.0202683 -0.0826068   0.495574
 0.0202801 -0.0825343   0.495533
 0.0202911 -0.0824669   0.495494
 0.0203012 -0.0824046   0.495459
 0.0203106 -0.0823473   0.495426
0.0203191 -0.082295  0.495397
 0.0203267 -0.0822478    0.49537
 0.0203336 -0.0822057   0.495346
 0.0203396 -0.0821686   0.495325
 0.0203448 -0.0821366   0.495307
 0.0203492 -0.0821097   0.495291
 0.0203528 -0.0820878   0.495279
 0.0203555 -0.0820709   0.495269
 0.0203575 -0.0820591   0.495263
 0.0203586 -0.0820524   0.495259
 0.0203588 -0.0820506   0.495258
 0.0203588 -0.0820506   0.495258
 0.0203588 -0.0820506   0.495258
 0.0203588 -0.0820506   0.495258
 0.0203588 -0.0820506   0.495258
 0.0203588 -0.0820506   0.495258
 0.0203588 -0.0820506   0.495258
 0.0203588 -0.0820506   0.495258
 0.0203588 -0.0820506   0.495258
 0.0203588 -0.0820506   0.495258
 0.0203588 -0.0820506   0.495258
 0.0203588 -0.0820506   0.495258
 0.0203588 -0.0820506   0.495258
 0.0203588 -0.0820506   0.495258
 0.0203588 -0.0820506   0.495258
 0.0203588 -0.0820506   0.495258
 0.0203588 -0.0820506   0.495258
 0.0203588 -0.0820506   0.495258
 0.0203588 -0.0820506   0.495258
 0.0203588 -0.0820506   0.495258
 0.0203588 -0.0820506   0.495258
 0.0203588 -0.0820506   0.495258
 0.0203588 -0.0820506   0.495258
 0.0203588 -0.0820506   0.495258
 0.0203588 -0.0820506   0.495258
 0.0203588 -0.0820506   0.495258
 0.0203588 -0.0820506   0.495258
 0.0203588 -0.0820506   0.495258
 0.0203588 -0.0820506   0.495258
 0.0203588 -0.0820506   0.495258
 0.0203588 -0.0820506   0.495258
 0.0203588 -0.0820506   0.495258
 0.0203588 -0.0820506   0.495258
 0.0203588 -0.0820506   0.495258
 0.0203588 -0.0820506   0.495258
 0.0203588 -0.0820506   0.495258
 0.0203588 -0.0820506   0.495258
 0.0203588 -0.0820506   0.495258
 0.0203588 -0.0820506   0.495258
 0.0203588 -0.0820506   0.495258
 0.0203588 -0.0820506   0.495258
 0.0203588 -0.0820506   0.495258
 0.0203588 -0.0820506   0.495258
 0.0203588 -0.0820506   0.495258
 0.0203588 -0.0820506   0.495258
 0.0203588 -0.0820506   0.495258
 0.0203588 -0.0820506   0.495258
 0.0203588 -0.0820506   0.495258
 0.0203588 -0.0820506   0.495258
 0.0203588 -0.0820506   0.495258
 0.0203588 -0.0820506   0.495258
 0.0203588 -0.0820506   0.495258
 0.0203588 -0.0820506   0.495258
 0.0203588 -0.0820506   0.495258
 0.0203588 -0.0820506   0.495258
 0.0203588 -0.0820506   0.495258
 0.0203588 -0.0820506   0.495258
 0.0203588 -0.0820506   0.495258
 0.0203588 -0.0820506   0.495258
 0.0203588 -0.0820506   0.495258
 0.0203588 -0.0820506   0.495258
 0.0203588 -0.0820506   0.495258
 0.0203588 -0.0820506   0.495258
 0.0203588 -0.0820506   0.495258
 0.0203588 -0.0820506   0.495258
 0.0203588 -0.0820506   0.495258
 0.0203588 -0.0820506   0.495258
 0.0203588 -0.0820506   0.495258
 0.0203588 -0.0820506   0.495258
 0.0203588 -0.0820506   0.495258
 0.0203588 -0.0820506   0.495258
 0.0203588 -0.0820506   0.495258
 0.0203588 -0.0820506   0.495258
 0.0203588 -0.0820506   0.495258
 0.0203588 -0.0820506   0.495258
 0.0203588 -0.0820506   0.495258
 0.0203588 -0.0820506   0.495258
 0.0203588 -0.0820506   0.495258
 0.0203588 -0.0820506   0.495258
 0.0203588 -0.0820506   0.495258
 0.0203588 -0.0820506   0.495258
 0.0203588 -0.0820506   0.495258
 0.0203588 -0.0820506   0.495258
 0.0203588 -0.0820506   0.495258
 0.0203588 -0.0820506   0.495258
 0.0203588 -0.0820506   0.495258
 0.0203588 -0.0820506   0.495258
 0.0203588 -0.0820506   0.495258
 0.0203588 -0.0820506   0.495258
 0.0203588 -0.0820506   0.495258
 0.0203588 -0.0820506   0.495258
 0.0203588 -0.0820506   0.495258
 0.0203588 -0.0820506   0.495258
 0.0203588 -0.0820506   0.495258
 0.0203588 -0.0820506   0.495258
 0.0203588 -0.0820506   0.495258
 0.0203588 -0.0820506   0.495258
 0.0203588 -0.0820506   0.495258
 0.0203588 -0.0820506   0.495258
 0.0203588 -0.0820506   0.495258
 0.0203588 -0.0820506   0.495258
 0.0203588 -0.0820506   0.495258
 0.0203588 -0.0820506   0.495258
 0.0203588 -0.0820506   0.495258
 0.0203588 -0.0820506   0.495258
 0.0203588 -0.0820506   0.495258
 0.0203588 -0.0820506   0.495258
 0.0203588 -0.0820506   0.495258
 0.0203588 -0.0820506   0.495258
 0.0203588 -0.0820506   0.495258
 0.0203588 -0.0820506   0.495258
 0.0203588 -0.0820506   0.495258
 0.0203588 -0.0820506   0.495258
 0.0203588 -0.0820506   0.495258
 0.0203588 -0.0820506   0.495258
 0.0203588 -0.0820506   0.495258
 0.0203588 -0.0820506   0.495258
 0.0203588 -0.0820506   0.495258
 0.0203588 -0.0820506   0.495258
 0.0203588 -0.0820506   0.495258
 0.0203588 -0.0820506   0.495258
 0.0203588 -0.0820506   0.495258
 0.0203588 -0.0820506   0.495258
 0.0203588 -0.0820506   0.495258
 0.0203588 -0.0820506   0.495258
 0.0203588 -0.0820506   0.495258
 0.0203588 -0.0820506   0.495258
 0.0203588 -0.0820506   0.495258
 0.0203588 -0.0820506   0.495258
 0.0203588 -0.0820506   0.495258
 0.0203588 -0.0820506   0.495258
 0.0203588 -0.0820506   0.495258
 0.0203588 -0.0820506   0.495258
 0.0203588 -0.0820506   0.495258
 0.0203588 -0.0820506   0.495258
 0.0203588 -0.0820506   0.495258
 0.0203588 -0.0820506   0.495258
 0.0203588 -0.0820506   0.495258
 0.0203588 -0.0820506   0.495258
 0.0203588 -0.0820506   0.495258
 0.0203588 -0.0820506   0.495258
 0.0203588 -0.0820506   0.495258
 0.0203588 -0.0820506   0.495258
 0.0203588 -0.0820506   0.495258
 0.0203588 -0.0820506   0.495258
 0.0203588 -0.0820506   0.495258
 0.0203588 -0.0820506   0.495258
 0.0203588 -0.0820506   0.495258
 0.0203588 -0.0820506   0.495258
 0.0203588 -0.0820506   0.495258
 0.0203588 -0.0820506   0.495258
 0.0203588 -0.0820506   0.495258
 0.0203588 -0.0820506   0.495258
 0.0203588 -0.0820506   0.495258
 0.0203588 -0.0820506   0.495258
 0.0203588 -0.0820506   0.495258
 0.0203588 -0.0820506   0.495258
 0.0203588 -0.0820506   0.495258
 0.0203588 -0.0820506   0.495258
 0.0203588 -0.0820506   0.495258
 0.0203588 -0.0820506   0.495258
 0.0203588 -0.0820506   0.495258
 0.0203588 -0.0820506   0.495258
 0.0203588 -0.0820506   0.495258
 0.0203588 -0.0820506   0.495258
 0.0203588 -0.0820506   0.495258
 0.0203588 -0.0820506   0.495258
 0.0203588 -0.0820506   0.495258
 0.0203588 -0.0820506   0.495258
 0.0203588 -0.0820506   0.495258
 0.0203588 -0.0820506   0.495258
 0.0203588 -0.0820506   0.495258
 0.0203588 -0.0820506   0.495258
 0.0203588 -0.0820506   0.495258
 0.0203588 -0.0820506   0.495258
 0.0203588 -0.0820506   0.495258
 0.0203588 -0.0820506   0.495258
 0.0203588 -0.0820506   0.495258
 0.0203588 -0.0820506   0.495258
 0.0203588 -0.0820506   0.495258
 0.0203588 -0.0820506   0.495258
 0.0203588 -0.0820506   0.495258
 0.0203588 -0.0820506   0.495258
 0.0203588 -0.0820506   0.495258
 0.0203588 -0.0820506   0.495258
 0.0203588 -0.0820506   0.495258
 0.0203588 -0.0820506   0.495258
 0.0203588 -0.0820506   0.495258
 0.0203588 -0.0820506   0.495258
 0.0203588 -0.0820506   0.495258
 0.0203588 -0.0820506   0.495258
 0.0203588 -0.0820506   0.495258
 0.0203588 -0.0820506   0.495258
 0.0203588 -0.0820506   0.495258
 0.0203588 -0.0820506   0.495258
 0.0203588 -0.0820506   0.495258
 0.0203588 -0.0820506   0.495258
 0.0203588 -0.0820506   0.495258
 0.0203588 -0.0820506   0.495258
 0.0203588 -0.0820506   0.495258
 0.0203588 -0.0820506   0.495258
 0.0203588 -0.0820506   0.495258
 0.0203588 -0.0820506   0.495258
 0.0203588 -0.0820506   0.495258
 0.0203588 -0.0820506   0.495258
 0.0203588 -0.0820506   0.495258
 0.0203588 -0.0820506   0.495258
 0.0203588 -0.0820506   0.495258
 0.0203588 -0.0820506   0.495258
 0.0203588 -0.0820506   0.495258
 0.0203588 -0.0820506   0.495258
 0.0203588 -0.0820506   0.495258
 0.0203588 -0.0820506   0.495258
 0.0203588 -0.0820506   0.495258
 0.0203588 -0.0820506   0.495258
 0.0203588 -0.0820506   0.495258
 0.0203588 -0.0820506   0.495258
 0.0203588 -0.0820506   0.495258
 0.0203588 -0.0820506   0.495258
 0.0203588 -0.0820506   0.495258
 0.0203588 -0.0820506   0.495258
 0.0203588 -0.0820506   0.495258
 0.0203588 -0.0820506   0.495258
 0.0203588 -0.0820506   0.495258
 0.0203588 -0.0820506   0.495258
 0.0203588 -0.0820506   0.495258
 0.0203588 -0.0820506   0.495258
 0.0203588 -0.0820506   0.495258
 0.0203588 -0.0820506   0.495258
 0.0203588 -0.0820506   0.495258
 0.0203588 -0.0820506   0.495258
 0.0203588 -0.0820506   0.495258
 0.0203588 -0.0820506   0.495258
 0.0203588 -0.0820506   0.495258
 0.0203588 -0.0820506   0.495258
 0.0203588 -0.0820506   0.495258
 0.0203588 -0.0820506   0.495258
 0.0203588 -0.0820506   0.495258
 0.0203588 -0.0820506   0.495258
 0.0203588 -0.0820506   0.495258
 0.0203588 -0.0820506   0.495258
 0.0203588 -0.0820506   0.495258
 0.0203588 -0.0820506   0.495258
 0.0203588 -0.0820506   0.495258
 0.0203588 -0.0820506   0.495258
 0.0203588 -0.0820506   0.495258
 0.0203588 -0.0820506   0.495258
 0.0203588 -0.0820506   0.495258
 0.0203588 -0.0820506   0.495258
 0.0203588 -0.0820506   0.495258
 0.0203588 -0.0820506   0.495258
 0.0203588 -0.0820506   0.495258
 0.0203588 -0.0820506   0.495258
 0.0203588 -0.0820506   0.495258
 0.0203588 -0.0820506   0.495258
 0.0203588 -0.0820506   0.495258
 0.0203588 -0.0820506   0.495258
 0.0203588 -0.0820506   0.495258
 0.0203588 -0.0820506   0.495258
 0.0203588 -0.0820506   0.495258
 0.0203588 -0.0820506   0.495258
 0.0203588 -0.0820506   0.495258
 0.0203588 -0.0820506   0.495258
 0.0203588 -0.0820506   0.495258
 0.0203588 -0.0820506   0.495258
 0.0203588 -0.0820506   0.495258
 0.0203588 -0.0820506   0.495258
 0.0203588 -0.0820506   0.495258
 0.0203588 -0.0820506   0.495258
 0.0203588 -0.0820506   0.495258
 0.0203588 -0.0820506   0.495258
 0.0203588 -0.0820506   0.495258
 0.0203588 -0.0820506   0.495258
 0.0203588 -0.0820506   0.495258
 0.0203588 -0.0820506   0.495258
 0.0203588 -0.0820506   0.495258
 0.0203588 -0.0820506   0.495258
 0.0203588 -0.0820506   0.495258
 0.0203588 -0.0820506   0.495258
 0.0203588 -0.0820506   0.495258
 0.0203588 -0.0820506   0.495258
 0.0203588 -0.0820506   0.495258
 0.0203588 -0.0820506   0.495258
 0.0203588 -0.0820506   0.495258
 0.0203588 -0.0820506   0.495258
 0.0203588 -0.0820506   0.495258
 0.0203588 -0.0820506   0.495258
 0.0203588 -0.0820506   0.495258
 0.0203588 -0.0820506   0.495258
 0.0203588 -0.0820506   0.495258
 0.0203588 -0.0820506   0.495258
 0.0203588 -0.0820506   0.495258
 0.0203588 -0.0820506   0.495258
 0.0203588 -0.0820506   0.495258
 0.0203588 -0.0820506   0.495258
 0.0203588 -0.0820506   0.495258
 0.0203588 -0.0820506   0.495258
 0.0203588 -0.0820506   0.495258
 0.0203588 -0.0820506   0.495258
 0.0203588 -0.0820506   0.495258
 0.0203588 -0.0820506   0.495258
 0.0203588 -0.0820506   0.495258
 0.0203588 -0.0820506   0.495258
 0.0203588 -0.0820506   0.495258
 0.0203588 -0.0820506   0.495258
 0.0203588 -0.0820506   0.495258
 0.0203588 -0.0820506   0.495258
 0.0203588 -0.0820506   0.495258
 0.0203588 -0.0820506   0.495258
 0.0203588 -0.0820506   0.495258
 0.0203588 -0.0820506   0.495258
 0.0203588 -0.0820506   0.495258
 0.0203588 -0.0820506   0.495258
 0.0203588 -0.0820506   0.495258
 0.0203588 -0.0820506   0.495258
 0.0203588 -0.0820506   0.495258
 0.0203588 -0.0820506   0.495258
 0.0203588 -0.0820506   0.495258
 0.0203588 -0.0820506   0.495258
 0.0203588 -0.0820506   0.495258
 0.0203588 -0.0820506   0.495258
 0.0203588 -0.0820506   0.495258
 0.0203588 -0.0820506   0.495258
 0.0203588 -0.0820506   0.495258
 0.0203588 -0.0820506   0.495258
 0.0203588 -0.0820506   0.495258
 0.0203588 -0.0820506   0.495258
 0.0203588 -0.0820506   0.495258
 0.0203588 -0.0820506   0.495258
 0.0203588 -0.0820506   0.495258
 0.0203588 -0.0820506   0.495258
 0.0203588 -0.0820506   0.495258
 0.0203588 -0.0820506   0.495258
 0.0203588 -0.0820506   0.495258
 0.0203588 -0.0820506   0.495258
 0.0203588 -0.0820506   0.495258
 0.0203588 -0.0820506   0.495258
 0.0203588 -0.0820506   0.495258
 0.0203588 -0.0820506   0.495258
 0.0203588 -0.0820506   0.495258
 0.0203588 -0.0820506   0.495258
 0.0203588 -0.0820506   0.495258
 0.0203588 -0.0820506   0.495258
 0.0203588 -0.0820506   0.495258
 0.0203588 -0.0820506   0.495258
 0.0203588 -0.0820506   0.495258
 0.0203588 -0.0820506   0.495258
 0.0203588 -0.0820506   0.495258
 0.0203588 -0.0820506   0.495258
 0.0203588 -0.0820506   0.495258
 0.0203588 -0.0820506   0.495258
 0.0203588 -0.0820506   0.495258
 0.0203588 -0.0820506   0.495258
 0.0203588 -0.0820506   0.495258
 0.0203588 -0.0820506   0.495258
 0.0203588 -0.0820506   0.495258
 0.0203588 -0.0820506   0.495258
 0.0203588 -0.0820506   0.495258
 0.0203588 -0.0820506   0.495258
 0.0203588 -0.0820506   0.495258
 0.0203588 -0.0820506   0.495258
 0.0203588 -0.0820506   0.495258
 0.0203588 -0.0820506   0.495258
 0.0203588 -0.0820506   0.495258
 0.0203588 -0.0820506   0.495258
 0.0203588 -0.0820506   0.495258
 0.0203588 -0.0820506   0.495258
 0.0203588 -0.0820506   0.495258
 0.0203588 -0.0820506   0.495258
 0.0203588 -0.0820506   0.495258
 0.0203588 -0.0820506   0.495258
 0.0203588 -0.0820506   0.495258
 0.0203588 -0.0820506   0.495258
 0.0203588 -0.0820506   0.495258
 0.0203588 -0.0820506   0.495258
 0.0203588 -0.0820506   0.495258
 0.0203588 -0.0820506   0.495258
 0.0203588 -0.0820506   0.495258
 0.0203588 -0.0820506   0.495258
 0.0203588 -0.0820506   0.495258
 0.0203588 -0.0820506   0.495258
 0.0203588 -0.0820506   0.495258
 0.0203588 -0.0820506   0.495258
 0.0203588 -0.0820506   0.495258
 0.0203588 -0.0820506   0.495258
 0.0203588 -0.0820506   0.495258
 0.0203588 -0.0820506   0.495258
 0.0203588 -0.0820506   0.495258
 0.0203588 -0.0820506   0.495258
 0.0203588 -0.0820506   0.495258
 0.0203588 -0.0820506   0.495258
 0.0203588 -0.0820506   0.495258
 0.0203588 -0.0820506   0.495258
 0.0203588 -0.0820506   0.495258
 0.0203588 -0.0820506   0.495258
 0.0203588 -0.0820506   0.495258
 0.0203588 -0.0820506   0.495258
 0.0203588 -0.0820506   0.495258
 0.0203588 -0.0820506   0.495258
 0.0203588 -0.0820506   0.495258
 0.0203588 -0.0820506   0.495258
 0.0203588 -0.0820506   0.495258
 0.0203588 -0.0820506   0.495258
 0.0203588 -0.0820506   0.495258
 0.0203588 -0.0820506   0.495258
 0.0203588 -0.0820506   0.495258
 0.0203588 -0.0820506   0.495258
 0.0203588 -0.0820506   0.495258
 0.0203588 -0.0820506   0.495258
 0.0203588 -0.0820506   0.495258
 0.0203588 -0.0820506   0.495258
 0.0203588 -0.0820506   0.495258
 0.0203588 -0.0820506   0.495258
 0.0203588 -0.0820506   0.495258
 0.0203588 -0.0820506   0.495258
 0.0203588 -0.0820506   0.495258
 0.0203588 -0.0820506   0.495258
 0.0203588 -0.0820506   0.495258
 0.0203588 -0.0820506   0.495258
 0.0203588 -0.0820506   0.495258
 0.0203588 -0.0820506   0.495258
 0.0203588 -0.0820506   0.495258
 0.0203588 -0.0820506   0.495258
 0.0203588 -0.0820506   0.495258
 0.0203588 -0.0820506   0.495258
 0.0203588 -0.0820506   0.495258
 0.0203588 -0.0820506   0.495258
 0.0203588 -0.0820506   0.495258
 0.0203588 -0.0820506   0.495258
 0.0203588 -0.0820506   0.495258
 0.0203588 -0.0820506   0.495258
 0.0203588 -0.0820506   0.495258
 0.0203588 -0.0820506   0.495258
 0.0203588 -0.0820506   0.495258
 0.0203588 -0.0820506   0.495258
 0.0203588 -0.0820506   0.495258
 0.0203588 -0.0820506   0.495258
 0.0203588 -0.0820506   0.495258
 0.0203588 -0.0820506   0.495258
 0.0203588 -0.0820506   0.495258
 0.0203588 -0.0820506   0.495258
 0.0203588 -0.0820506   0.495258
 0.0203588 -0.0820506   0.495258
 0.0203588 -0.0820506   0.495258
 0.0203588 -0.0820506   0.495258
 0.0203588 -0.0820506   0.495258
 0.0203588 -0.0820506   0.495258
 0.0203588 -0.0820506   0.495258
 0.0203588 -0.0820506   0.495258
 0.0203588 -0.0820506   0.495258
 0.0203588 -0.0820506   0.495258
 0.0203588 -0.0820506   0.495258
 0.0203588 -0.0820506   0.495258
 0.0203588 -0.0820506   0.495258
 0.0203588 -0.0820506   0.495258
 0.0203588 -0.0820506   0.495258
 0.0203588 -0.0820506   0.495258
 0.0203588 -0.0820506   0.495258
 0.0203588 -0.0820506   0.495258
 0.0203588 -0.0820506   0.495258
 0.0203588 -0.0820506   0.495258
 0.0203588 -0.0820506   0.495258
 0.0203588 -0.0820506   0.495258
 0.0203588 -0.0820506   0.495258
 0.0203588 -0.0820506   0.495258
 0.0203588 -0.0820506   0.495258
 0.0203588 -0.0820506   0.495258
 0.0203588 -0.0820506   0.495258
 0.0203588 -0.0820506   0.495258
 0.0203588 -0.0820506   0.495258
 0.0203588 -0.0820506   0.495258
 0.0203588 -0.0820506   0.495258
 0.0203588 -0.0820506   0.495258
 0.0203588 -0.0820506   0.495258
 0.0203588 -0.0820506   0.495258
 0.0203588 -0.0820506   0.495258
 0.0203588 -0.0820506   0.495258
 0.0203588 -0.0820506   0.495258
 0.0203588 -0.0820506   0.495258
 0.0203588 -0.0820506   0.495258
 0.0203588 -0.0820506   0.495258
 0.0203588 -0.0820506   0.495258
 0.0203588 -0.0820506   0.495258
 0.0203588 -0.0820506   0.495258
 0.0203588 -0.0820506   0.495258
 0.0203588 -0.0820506   0.495258
 0.0203588 -0.0820506   0.495258
 0.0203588 -0.0820506   0.495258
 0.0203588 -0.0820506   0.495258
 0.0203588 -0.0820506   0.495258
 0.0203588 -0.0820506   0.495258
 0.0203588 -0.0820506   0.495258
 0.0203588 -0.0820506   0.495258
 0.0203588 -0.0820506   0.495258
 0.0203588 -0.0820506   0.495258
 0.0203588 -0.0820506   0.495258
 0.0203588 -0.0820506   0.495258
 0.0203588 -0.0820506   0.495258
 0.0203588 -0.0820506   0.495258
 0.0203588 -0.0820506   0.495258
 0.0203588 -0.0820506   0.495258
 0.0203588 -0.0820506   0.495258
 0.0203588 -0.0820506   0.495258
 0.0203588 -0.0820506   0.495258
 0.0203588 -0.0820506   0.495258
 0.0203588 -0.0820506   0.495258
 0.0203588 -0.0820506   0.495258
 0.0203588 -0.0820506   0.495258
 0.0203588 -0.0820506   0.495258
 0.0203588 -0.0820506   0.495258
 0.0203588 -0.0820506   0.495258
 0.0203588 -0.0820506   0.495258
 0.0203588 -0.0820506   0.495258
 0.0203588 -0.0820506   0.495258
 0.0203588 -0.0820506   0.495258
 0.0203588 -0.0820506   0.495258
 0.0203588 -0.0820506   0.495258
 0.0203588 -0.0820506   0.495258
 0.0203588 -0.0820506   0.495258
 0.0203588 -0.0820506   0.495258
 0.0203588 -0.0820506   0.495258
 0.0203588 -0.0820506   0.495258
 0.0203588 -0.0820506   0.495258
 0.0203588 -0.0820506   0.495258
 0.0203588 -0.0820506   0.495258
 0.0203588 -0.0820506   0.495258
 0.0203588 -0.0820506   0.495258
 0.0203588 -0.0820506   0.495258
 0.0203588 -0.0820506   0.495258
 0.0203588 -0.0820506   0.495258
 0.0203588 -0.0820506   0.495258
 0.0203588 -0.0820506   0.495258
 0.0203588 -0.0820506   0.495258
 0.0203588 -0.0820506   0.495258
 0.0203588 -0.0820506   0.495258
 0.0203588 -0.0820506   0.495258
 0.0203588 -0.0820506   0.495258
 0.0203588 -0.0820506   0.495258
 0.0203588 -0.0820506   0.495258
 0.0203588 -0.0820506   0.495258
 0.0203588 -0.0820506   0.495258
 0.0203588 -0.0820506   0.495258
 0.0203588 -0.0820506   0.495258
 0.0203588 -0.0820506   0.495258
 0.0203588 -0.0820506   0.495258
 0.0203588 -0.0820506   0.495258
 0.0203588 -0.0820506   0.495258
 0.0203588 -0.0820506   0.495258
 0.0203588 -0.0820506   0.495258
 0.0203588 -0.0820506   0.495258
 0.0203588 -0.0820506   0.495258
 0.0203588 -0.0820506   0.495258
 0.0203588 -0.0820506   0.495258
 0.0203588 -0.0820506   0.495258
 0.0203588 -0.0820506   0.495258
 0.0203588 -0.0820506   0.495258
 0.0203588 -0.0820506   0.495258
 0.0203588 -0.0820506   0.495258
 0.0203588 -0.0820506   0.495258
 0.0203588 -0.0820506   0.495258
 0.0203588 -0.0820506   0.495258
 0.0203588 -0.0820506   0.495258
 0.0203588 -0.0820506   0.495258
 0.0203588 -0.0820506   0.495258
 0.0203588 -0.0820506   0.495258
 0.0203588 -0.0820506   0.495258
 0.0203588 -0.0820506   0.495258
 0.0203588 -0.0820506   0.495258
 0.0203588 -0.0820506   0.495258
 0.0203588 -0.0820506   0.495258
 0.0203588 -0.0820506   0.495258
 0.0203588 -0.0820506   0.495258
 0.0203588 -0.0820506   0.495258
 0.0203588 -0.0820506   0.495258
 0.0203588 -0.0820506   0.495258
 0.0203588 -0.0820506   0.495258
 0.0203588 -0.0820506   0.495258
 0.0203588 -0.0820506   0.495258
 0.0203588 -0.0820506   0.495258
 0.0203588 -0.0820506   0.495258
 0.0203588 -0.0820506   0.495258
 0.0203588 -0.0820506   0.495258
 0.0203588 -0.0820506   0.495258
 0.0203588 -0.0820506   0.495258
 0.0203588 -0.0820506   0.495258
 0.0203588 -0.0820506   0.495258
 0.0203588 -0.0820506   0.495258
 0.0203588 -0.0820506   0.495258
 0.0203588 -0.0820506   0.495258
 0.0203588 -0.0820506   0.495258
 0.0203588 -0.0820506   0.495258
 0.0203588 -0.0820506   0.495258
 0.0203588 -0.0820506   0.495258
 0.0203588 -0.0820506   0.495258
 0.0203588 -0.0820506   0.495258
 0.0203588 -0.0820506   0.495258
 0.0203588 -0.0820506   0.495258
 0.0203588 -0.0820506   0.495258
 0.0203588 -0.0820506   0.495258
 0.0203588 -0.0820506   0.495258
 0.0203588 -0.0820506   0.495258
 0.0203588 -0.0820506   0.495258
 0.0203588 -0.0820506   0.495258
 0.0203588 -0.0820506   0.495258
 0.0203588 -0.0820506   0.495258
 0.0203588 -0.0820506   0.495258
 0.0203588 -0.0820506   0.495258
 0.0203588 -0.0820506   0.495258
 0.0203588 -0.0820506   0.495258
 0.0203588 -0.0820506   0.495258
 0.0203588 -0.0820506   0.495258
 0.0203588 -0.0820506   0.495258
 0.0203588 -0.0820506   0.495258
 0.0203588 -0.0820506   0.495258
 0.0203588 -0.0820506   0.495258
 0.0203588 -0.0820506   0.495258
 0.0203588 -0.0820506   0.495258
 0.0203588 -0.0820506   0.495258
 0.0203588 -0.0820506   0.495258
 0.0203588 -0.0820506   0.495258
 0.0203588 -0.0820506   0.495258
 0.0203588 -0.0820506   0.495258
 0.0203588 -0.0820506   0.495258
 0.0203588 -0.0820506   0.495258
 0.0203588 -0.0820506   0.495258
 0.0203588 -0.0820506   0.495258
 0.0203588 -0.0820506   0.495258
 0.0203588 -0.0820506   0.495258
 0.0203588 -0.0820506   0.495258
 0.0203588 -0.0820506   0.495258
 0.0203588 -0.0820506   0.495258
 0.0203588 -0.0820506   0.495258
 0.0203588 -0.0820506   0.495258
 0.0203588 -0.0820506   0.495258
 0.0203588 -0.0820506   0.495258
 0.0203588 -0.0820506   0.495258
 0.0203588 -0.0820506   0.495258
 0.0203588 -0.0820506   0.495258
 0.0203588 -0.0820506   0.495258
 0.0203588 -0.0820506   0.495258
 0.0203588 -0.0820506   0.495258
 0.0203588 -0.0820506   0.495258
 0.0203588 -0.0820506   0.495258
 0.0203588 -0.0820506   0.495258
 0.0203588 -0.0820506   0.495258
 0.0203588 -0.0820506   0.495258
 0.0203588 -0.0820506   0.495258
