 0.269503 -0.328262  0.604102
 0.268835 -0.326711  0.607107
 0.268837 -0.326709  0.607105
 0.268844 -0.326702  0.607097
0.268854 -0.32669 0.607084
  0.26887 -0.326674  0.607067
 0.268889 -0.326654  0.607044
 0.268913 -0.326629  0.607016
 0.268941 -0.326599  0.606983
 0.268973 -0.326565  0.606945
 0.269009 -0.326526  0.606902
  0.26905 -0.326483  0.606854
 0.269099 -0.326431  0.606798
 0.269148 -0.326379  0.606739
 0.269202 -0.326321  0.606676
 0.269261 -0.326259  0.606607
 0.269324 -0.326193  0.606533
 0.269391 -0.326122  0.606455
 0.269462 -0.326046  0.606371
 0.269537 -0.325966  0.606282
 0.269617 -0.325881  0.606188
 0.269702 -0.325792  0.606089
  0.26979 -0.325698  0.605985
 0.269883 -0.325599  0.605876
  0.26998 -0.325496  0.605762
 0.270082 -0.325389  0.605643
 0.270187 -0.325276  0.605519
0.270297 -0.32516 0.605389
 0.270412 -0.325038  0.605255
  0.27053 -0.324913  0.605116
 0.270653 -0.324782  0.604971
 0.270781 -0.324647  0.604821
 0.270912 -0.324507  0.604667
 0.271048 -0.324363  0.604507
 0.271188 -0.324215  0.604342
 0.271333 -0.324061  0.604173
 0.271482 -0.323903  0.603997
0.271635 -0.32374 0.603817
 0.271793 -0.323573  0.603632
 0.271955 -0.323402  0.603442
 0.272121 -0.323226  0.603247
 0.272291 -0.323045  0.603047
0.272466 -0.32286 0.602842
0.272645 -0.32267 0.602632
 0.272828 -0.322475  0.602416
 0.273015 -0.322276  0.602196
 0.273207 -0.322073   0.60197
 0.273403 -0.321865   0.60174
 0.273604 -0.321652  0.601504
 0.273809 -0.321435  0.601264
 0.274018 -0.321213  0.601018
 0.274231 -0.320986  0.600767
 0.274449 -0.320755  0.600511
0.274671 -0.32052 0.600251
0.274897 -0.32028 0.599985
 0.275128 -0.320035  0.599714
 0.275363 -0.319786  0.599438
 0.275602 -0.319532  0.599157
 0.275845 -0.319274  0.598871
 0.276093 -0.319011   0.59858
 0.276345 -0.318744  0.598284
 0.276602 -0.318472  0.597982
 0.276863 -0.318195  0.597676
 0.277128 -0.317914  0.597364
 0.277397 -0.317628  0.597048
 0.277671 -0.317338  0.596726
 0.277949 -0.317043    0.5964
 0.278231 -0.316743  0.596068
 0.278518 -0.316439  0.595731
 0.278809 -0.316131   0.59539
 0.279104 -0.315818  0.595043
0.279403  -0.3155 0.594691
 0.279707 -0.315178  0.594334
 0.280015 -0.314851  0.593972
0.280327 -0.31452 0.593605
 0.280644 -0.314184  0.593233
 0.280965 -0.313843  0.592856
  0.28129 -0.313498  0.592474
  0.28162 -0.313148  0.592087
 0.281954 -0.312794  0.591694
 0.282292 -0.312436  0.591297
 0.282634 -0.312072  0.590895
 0.282981 -0.311704  0.590488
 0.283332 -0.311332  0.590075
 0.283687 -0.310955  0.589658
 0.284047 -0.310574  0.589235
 0.284411 -0.310187  0.588807
 0.284779 -0.309797  0.588375
 0.285152 -0.309402  0.587937
 0.285529 -0.309002  0.587494
  0.28591 -0.308597  0.587046
 0.286296 -0.308188  0.586593
 0.286685 -0.307775  0.586135
  0.28708 -0.307357  0.585672
 0.287478 -0.306933  0.585204
 0.287882 -0.306506   0.58473
 0.288289 -0.306074  0.584252
   0.2887 -0.305638  0.583769
 0.289115 -0.305197   0.58328
 0.289536 -0.304751  0.582786
0.289961  -0.3043 0.582288
 0.290388 -0.303847  0.581785
 0.290816 -0.303393  0.581282
 0.291244 -0.302939   0.58078
 0.291672 -0.302485  0.580277
  0.2921 -0.30203 0.579773
 0.292529 -0.301576   0.57927
 0.292957 -0.301122  0.578768
 0.293384 -0.300668  0.578265
 0.293812 -0.300214  0.577762
 0.29424 -0.29976 0.577259
 0.294668 -0.299306  0.576757
 0.295096 -0.298852  0.576254
 0.295524 -0.298398  0.575751
 0.295952 -0.297944  0.575248
 0.29638 -0.29749 0.574745
 0.296808 -0.297036  0.574242
 0.297236 -0.296582   0.57374
 0.297664 -0.296128  0.573237
 0.298092 -0.295674  0.572734
 0.29852 -0.29522 0.572231
 0.298948 -0.294766  0.571728
 0.299376 -0.294312  0.571225
 0.299804 -0.293858  0.570723
 0.300232 -0.293404   0.57022
 0.30066 -0.29295 0.569717
 0.301088 -0.292496  0.569214
 0.301516 -0.292042  0.568712
 0.301944 -0.291588  0.568209
 0.302372 -0.291134  0.567706
0.302799 -0.29068 0.567203
 0.303227 -0.290227  0.566701
 0.303656 -0.289772  0.566197
 0.304084 -0.289318  0.565695
 0.304512 -0.288864  0.565192
 0.30494 -0.28841 0.564689
 0.305368 -0.287956  0.564186
 0.305795 -0.287502  0.563683
 0.306224 -0.287048   0.56318
 0.306652 -0.286593  0.562677
  0.30708 -0.286139  0.562174
 0.307509 -0.285685  0.561671
0.307937 -0.28523 0.561167
 0.308365 -0.284776  0.560665
 0.308793 -0.284322  0.560162
 0.309221 -0.283868  0.559659
 0.309649 -0.283414  0.559156
0.310077 -0.28296 0.558653
 0.310505 -0.282506  0.558151
 0.310933 -0.282052  0.557648
 0.311361 -0.281598  0.557145
  0.31179 -0.281143  0.556641
 0.312218 -0.280689  0.556138
 0.312646 -0.280235  0.555635
 0.313074 -0.279781  0.555132
 0.313502 -0.279327   0.55463
  0.31393 -0.278873  0.554127
 0.314358 -0.278419  0.553624
 0.314786 -0.277964   0.55312
0.315215 -0.27751 0.552617
 0.315642 -0.277056  0.552114
 0.316071 -0.276601  0.551611
   0.3165 -0.276147  0.551107
 0.316928 -0.275693  0.550605
 0.317355 -0.275239  0.550102
 0.317783 -0.274785  0.549599
 0.318211 -0.274331  0.549096
  0.31864 -0.273877  0.548593
 0.319068 -0.273423   0.54809
 0.319496 -0.272968  0.547587
 0.319924 -0.272514  0.547085
0.320352 -0.27206 0.546582
  0.32078 -0.271606  0.546079
 0.321208 -0.271152  0.545576
 0.321636 -0.270698  0.545073
 0.322064 -0.270244   0.54457
 0.322492 -0.269789  0.544067
  0.32292 -0.269335  0.543564
 0.323349 -0.268881  0.543061
 0.323777 -0.268427  0.542558
 0.324205 -0.267973  0.542055
 0.324633 -0.267519  0.541552
 0.325061 -0.267065  0.541049
 0.325489 -0.266611  0.540546
 0.325917 -0.266156  0.540043
 0.326345 -0.265702   0.53954
 0.326773 -0.265248  0.539037
 0.327201 -0.264794  0.538534
0.327629 -0.26434 0.538032
 0.328057 -0.263886  0.537529
 0.328486 -0.263431  0.537025
 0.328914 -0.262977  0.536522
 0.329342 -0.262523   0.53602
  0.32977 -0.262069  0.535517
 0.330198 -0.261615  0.535014
 0.330626 -0.261161  0.534511
 0.331053 -0.260708  0.534009
 0.331481 -0.260254  0.533506
0.331909  -0.2598 0.533003
 0.332337 -0.259346    0.5325
 0.332765 -0.258892  0.531998
 0.333193 -0.258438  0.531495
 0.333621 -0.257984  0.530992
0.334049 -0.25753  0.53049
 0.334477 -0.257076  0.529987
 0.334904 -0.256622  0.529484
 0.335332 -0.256168  0.528981
  0.33576 -0.255714  0.528478
0.336188 -0.25526 0.527976
 0.336616 -0.254806  0.527473
 0.337044 -0.254352   0.52697
 0.337472 -0.253898  0.526467
   0.3379 -0.253444  0.525965
0.338328 -0.25299 0.525462
 0.338756 -0.252536  0.524959
 0.339181 -0.252085  0.524459
 0.339603 -0.251638  0.523964
  0.34002 -0.251196  0.523474
 0.340432 -0.250758  0.522989
 0.340841 -0.250325   0.52251
 0.341245 -0.249896  0.522035
 0.341645 -0.249472  0.521565
  0.34204 -0.249052  0.521101
 0.342431 -0.248638  0.520641
 0.342818 -0.248227  0.520187
   0.3432 -0.247822  0.519738
 0.343578 -0.247421  0.519294
 0.343952 -0.247024  0.518855
 0.344321 -0.246633   0.51842
 0.344686 -0.246245  0.517991
 0.345047 -0.245862  0.517567
 0.345404 -0.245484  0.517148
0.345757 -0.24511 0.516734
 0.346105 -0.244741  0.516325
 0.346448 -0.244376  0.515922
 0.346788 -0.244016  0.515523
 0.347123 -0.243661  0.515129
0.347453 -0.24331 0.514741
  0.34778 -0.242963  0.514357
 0.348102 -0.242622  0.513978
  0.34842 -0.242284  0.513605
 0.348734 -0.241952  0.513237
 0.349043 -0.241624  0.512873
0.349348  -0.2413 0.512515
 0.349649 -0.240981  0.512162
 0.349945 -0.240667  0.511813
 0.350237 -0.240357   0.51147
 0.350525 -0.240052  0.511132
 0.350808 -0.239751  0.510799
 0.351087 -0.239455  0.510471
 0.351362 -0.239163  0.510149
 0.351633 -0.238876   0.50983
 0.351899 -0.238594  0.509518
 0.352161 -0.238316   0.50921
 0.352418 -0.238043  0.508907
 0.352672 -0.237774   0.50861
0.352921 -0.23751 0.508317
0.353165 -0.23725  0.50803
 0.353406 -0.236995  0.507747
 0.353642 -0.236745   0.50747
 0.353874 -0.236498  0.507197
 0.354102 -0.236257  0.506929
 0.354326 -0.236019  0.506666
 0.354545 -0.235787  0.506409
  0.35476 -0.235559  0.506157
  0.35497 -0.235336   0.50591
 0.355176 -0.235118  0.505668
 0.355377 -0.234904  0.505431
 0.355575 -0.234695  0.505199
0.355768 -0.23449 0.504972
0.355956 -0.23429 0.504751
 0.356141 -0.234094  0.504534
 0.356321 -0.233903  0.504323
 0.356497 -0.233716  0.504116
 0.356668 -0.233535  0.503915
 0.356835 -0.233357  0.503718
 0.356998 -0.233184  0.503527
 0.357157 -0.233016   0.50334
 0.357311 -0.232852  0.503159
 0.357461 -0.232693  0.502983
 0.357607 -0.232539  0.502812
 0.357748 -0.232389  0.502646
 0.357885 -0.232243  0.502485
 0.358018 -0.232103  0.502329
 0.358146 -0.231966  0.502178
 0.358271 -0.231835  0.502032
  0.35839 -0.231707  0.501891
 0.358506 -0.231585  0.501755
 0.358617 -0.231467  0.501625
 0.358724 -0.231354  0.501499
 0.358827 -0.231245  0.501378
 0.358925 -0.231141  0.501263
 0.359019 -0.231041  0.501153
 0.359108 -0.230946  0.501047
 0.359194 -0.230855  0.500947
 0.359275 -0.230769  0.500852
 0.359352 -0.230688  0.500761
 0.359424 -0.230611  0.500676
 0.359493 -0.230538  0.500596
0.359557 -0.23047 0.500521
 0.359616 -0.230407  0.500451
 0.359672 -0.230348  0.500386
 0.359723 -0.230294  0.500326
 0.359769 -0.230245  0.500271
0.359812  -0.2302 0.500221
  0.35985 -0.230159  0.500176
 0.359884 -0.230123  0.500137
 0.359913 -0.230092  0.500102
 0.359938 -0.230065  0.500072
 0.359959 -0.230043  0.500048
 0.359976 -0.230026  0.500028
 0.359988 -0.230013  0.500014
 0.359996 -0.230004  0.500005
 0.36 -0.23   0.5
 0.36 -0.23   0.5
 0.36 -0.23   0.5
 0.36 -0.23   0.5
 0.36 -0.23   0.5
 0.36 -0.23   0.5
 0.36 -0.23   0.5
 0.36 -0.23   0.5
 0.36 -0.23   0.5
 0.36 -0.23   0.5
 0.36 -0.23   0.5
 0.36 -0.23   0.5
 0.36 -0.23   0.5
 0.36 -0.23   0.5
 0.36 -0.23   0.5
 0.36 -0.23   0.5
 0.36 -0.23   0.5
 0.36 -0.23   0.5
 0.36 -0.23   0.5
 0.36 -0.23   0.5
 0.36 -0.23   0.5
 0.36 -0.23   0.5
 0.36 -0.23   0.5
 0.36 -0.23   0.5
 0.36 -0.23   0.5
 0.36 -0.23   0.5
 0.36 -0.23   0.5
 0.36 -0.23   0.5
 0.36 -0.23   0.5
 0.36 -0.23   0.5
 0.36 -0.23   0.5
 0.36 -0.23   0.5
 0.36 -0.23   0.5
 0.36 -0.23   0.5
 0.36 -0.23   0.5
 0.36 -0.23   0.5
 0.36 -0.23   0.5
 0.36 -0.23   0.5
 0.36 -0.23   0.5
 0.36 -0.23   0.5
 0.36 -0.23   0.5
 0.36 -0.23   0.5
 0.36 -0.23   0.5
 0.36 -0.23   0.5
 0.36 -0.23   0.5
 0.36 -0.23   0.5
 0.36 -0.23   0.5
 0.36 -0.23   0.5
 0.36 -0.23   0.5
 0.36 -0.23   0.5
 0.36 -0.23   0.5
 0.36 -0.23   0.5
 0.36 -0.23   0.5
 0.36 -0.23   0.5
 0.36 -0.23   0.5
 0.36 -0.23   0.5
 0.36 -0.23   0.5
 0.36 -0.23   0.5
 0.36 -0.23   0.5
 0.36 -0.23   0.5
 0.36 -0.23   0.5
 0.36 -0.23   0.5
 0.36 -0.23   0.5
 0.36 -0.23   0.5
 0.36 -0.23   0.5
 0.36 -0.23   0.5
 0.36 -0.23   0.5
 0.36 -0.23   0.5
 0.36 -0.23   0.5
 0.36 -0.23   0.5
 0.36 -0.23   0.5
 0.36 -0.23   0.5
 0.36 -0.23   0.5
 0.36 -0.23   0.5
 0.36 -0.23   0.5
 0.36 -0.23   0.5
 0.36 -0.23   0.5
 0.36 -0.23   0.5
 0.36 -0.23   0.5
 0.36 -0.23   0.5
 0.36 -0.23   0.5
 0.36 -0.23   0.5
 0.36 -0.23   0.5
 0.36 -0.23   0.5
 0.36 -0.23   0.5
 0.36 -0.23   0.5
 0.36 -0.23   0.5
 0.36 -0.23   0.5
 0.36 -0.23   0.5
 0.36 -0.23   0.5
 0.36 -0.23   0.5
 0.36 -0.23   0.5
 0.36 -0.23   0.5
 0.36 -0.23   0.5
 0.36 -0.23   0.5
 0.36 -0.23   0.5
 0.36 -0.23   0.5
 0.36 -0.23   0.5
 0.36 -0.23   0.5
 0.36 -0.23   0.5
 0.36 -0.23   0.5
 0.36 -0.23   0.5
 0.36 -0.23   0.5
 0.36 -0.23   0.5
 0.36 -0.23   0.5
 0.36 -0.23   0.5
 0.36 -0.23   0.5
 0.36 -0.23   0.5
 0.36 -0.23   0.5
 0.36 -0.23   0.5
 0.36 -0.23   0.5
 0.36 -0.23   0.5
 0.36 -0.23   0.5
 0.36 -0.23   0.5
 0.36 -0.23   0.5
 0.36 -0.23   0.5
 0.36 -0.23   0.5
 0.36 -0.23   0.5
 0.36 -0.23   0.5
 0.36 -0.23   0.5
 0.36 -0.23   0.5
 0.36 -0.23   0.5
 0.36 -0.23   0.5
 0.36 -0.23   0.5
 0.36 -0.23   0.5
 0.36 -0.23   0.5
 0.36 -0.23   0.5
 0.36 -0.23   0.5
 0.36 -0.23   0.5
 0.36 -0.23   0.5
 0.36 -0.23   0.5
 0.36 -0.23   0.5
 0.36 -0.23   0.5
 0.36 -0.23   0.5
 0.36 -0.23   0.5
 0.36 -0.23   0.5
 0.36 -0.23   0.5
 0.36 -0.23   0.5
 0.36 -0.23   0.5
 0.36 -0.23   0.5
 0.36 -0.23   0.5
 0.36 -0.23   0.5
 0.36 -0.23   0.5
 0.36 -0.23   0.5
 0.36 -0.23   0.5
 0.36 -0.23   0.5
 0.36 -0.23   0.5
 0.36 -0.23   0.5
 0.36 -0.23   0.5
 0.36 -0.23   0.5
 0.36 -0.23   0.5
 0.36 -0.23   0.5
 0.36 -0.23   0.5
 0.36 -0.23   0.5
 0.36 -0.23   0.5
 0.36 -0.23   0.5
 0.36 -0.23   0.5
 0.36 -0.23   0.5
 0.36 -0.23   0.5
 0.36 -0.23   0.5
 0.36 -0.23   0.5
 0.36 -0.23   0.5
 0.36 -0.23   0.5
 0.36 -0.23   0.5
 0.36 -0.23   0.5
 0.36 -0.23   0.5
 0.36 -0.23   0.5
 0.36 -0.23   0.5
 0.36 -0.23   0.5
 0.36 -0.23   0.5
 0.36 -0.23   0.5
 0.36 -0.23   0.5
 0.36 -0.23   0.5
 0.36 -0.23   0.5
 0.36 -0.23   0.5
 0.36 -0.23   0.5
 0.36 -0.23   0.5
 0.36 -0.23   0.5
 0.36 -0.23   0.5
 0.36 -0.23   0.5
 0.36 -0.23   0.5
 0.36 -0.23   0.5
 0.36 -0.23   0.5
 0.36 -0.23   0.5
 0.36 -0.23   0.5
 0.36 -0.23   0.5
 0.36 -0.23   0.5
 0.36 -0.23   0.5
 0.36 -0.23   0.5
 0.36 -0.23   0.5
 0.36 -0.23   0.5
 0.36 -0.23   0.5
 0.36 -0.23   0.5
 0.36 -0.23   0.5
 0.36 -0.23   0.5
 0.36 -0.23   0.5
 0.36 -0.23   0.5
 0.36 -0.23   0.5
 0.36 -0.23   0.5
 0.36 -0.23   0.5
 0.36 -0.23   0.5
 0.36 -0.23   0.5
 0.36 -0.23   0.5
 0.36 -0.23   0.5
 0.36 -0.23   0.5
 0.36 -0.23   0.5
 0.36 -0.23   0.5
 0.36 -0.23   0.5
 0.36 -0.23   0.5
 0.36 -0.23   0.5
 0.36 -0.23   0.5
 0.36 -0.23   0.5
 0.36 -0.23   0.5
 0.36 -0.23   0.5
 0.36 -0.23   0.5
 0.36 -0.23   0.5
 0.36 -0.23   0.5
 0.36 -0.23   0.5
 0.36 -0.23   0.5
 0.36 -0.23   0.5
 0.36 -0.23   0.5
 0.36 -0.23   0.5
 0.36 -0.23   0.5
 0.36 -0.23   0.5
 0.36 -0.23   0.5
 0.36 -0.23   0.5
 0.36 -0.23   0.5
 0.36 -0.23   0.5
 0.36 -0.23   0.5
 0.36 -0.23   0.5
 0.36 -0.23   0.5
 0.36 -0.23   0.5
 0.36 -0.23   0.5
 0.36 -0.23   0.5
 0.36 -0.23   0.5
 0.36 -0.23   0.5
 0.36 -0.23   0.5
 0.36 -0.23   0.5
 0.36 -0.23   0.5
 0.36 -0.23   0.5
 0.36 -0.23   0.5
 0.36 -0.23   0.5
 0.36 -0.23   0.5
 0.36 -0.23   0.5
 0.36 -0.23   0.5
 0.36 -0.23   0.5
 0.36 -0.23   0.5
 0.36 -0.23   0.5
 0.36 -0.23   0.5
 0.36 -0.23   0.5
 0.36 -0.23   0.5
 0.36 -0.23   0.5
 0.36 -0.23   0.5
 0.36 -0.23   0.5
 0.36 -0.23   0.5
 0.36 -0.23   0.5
 0.36 -0.23   0.5
 0.36 -0.23   0.5
 0.36 -0.23   0.5
 0.36 -0.23   0.5
 0.36 -0.23   0.5
 0.36 -0.23   0.5
 0.36 -0.23   0.5
 0.36 -0.23   0.5
 0.36 -0.23   0.5
 0.36 -0.23   0.5
 0.36 -0.23   0.5
 0.36 -0.23   0.5
 0.36 -0.23   0.5
 0.36 -0.23   0.5
 0.36 -0.23   0.5
 0.36 -0.23   0.5
 0.36 -0.23   0.5
 0.36 -0.23   0.5
 0.36 -0.23   0.5
 0.36 -0.23   0.5
 0.36 -0.23   0.5
 0.36 -0.23   0.5
 0.36 -0.23   0.5
 0.36 -0.23   0.5
 0.36 -0.23   0.5
 0.36 -0.23   0.5
 0.36 -0.23   0.5
 0.36 -0.23   0.5
 0.36 -0.23   0.5
 0.36 -0.23   0.5
 0.36 -0.23   0.5
 0.36 -0.23   0.5
 0.36 -0.23   0.5
 0.36 -0.23   0.5
 0.36 -0.23   0.5
 0.36 -0.23   0.5
 0.36 -0.23   0.5
 0.36 -0.23   0.5
 0.36 -0.23   0.5
 0.36 -0.23   0.5
 0.36 -0.23   0.5
 0.36 -0.23   0.5
 0.36 -0.23   0.5
 0.36 -0.23   0.5
 0.36 -0.23   0.5
 0.36 -0.23   0.5
 0.36 -0.23   0.5
 0.36 -0.23   0.5
 0.36 -0.23   0.5
 0.36 -0.23   0.5
 0.36 -0.23   0.5
 0.36 -0.23   0.5
 0.36 -0.23   0.5
 0.36 -0.23   0.5
 0.36 -0.23   0.5
 0.36 -0.23   0.5
 0.36 -0.23   0.5
 0.36 -0.23   0.5
 0.36 -0.23   0.5
 0.36 -0.23   0.5
 0.36 -0.23   0.5
 0.36 -0.23   0.5
 0.36 -0.23   0.5
 0.36 -0.23   0.5
 0.36 -0.23   0.5
 0.36 -0.23   0.5
 0.36 -0.23   0.5
 0.36 -0.23   0.5
 0.36 -0.23   0.5
 0.36 -0.23   0.5
 0.36 -0.23   0.5
 0.36 -0.23   0.5
 0.36 -0.23   0.5
 0.36 -0.23   0.5
 0.36 -0.23   0.5
 0.36 -0.23   0.5
 0.36 -0.23   0.5
 0.36 -0.23   0.5
 0.36 -0.23   0.5
 0.36 -0.23   0.5
 0.36 -0.23   0.5
 0.36 -0.23   0.5
 0.36 -0.23   0.5
 0.36 -0.23   0.5
 0.36 -0.23   0.5
 0.36 -0.23   0.5
 0.36 -0.23   0.5
 0.36 -0.23   0.5
 0.36 -0.23   0.5
 0.36 -0.23   0.5
 0.36 -0.23   0.5
 0.36 -0.23   0.5
 0.36 -0.23   0.5
 0.36 -0.23   0.5
 0.36 -0.23   0.5
 0.36 -0.23   0.5
 0.36 -0.23   0.5
 0.36 -0.23   0.5
 0.36 -0.23   0.5
 0.36 -0.23   0.5
 0.36 -0.23   0.5
 0.36 -0.23   0.5
 0.36 -0.23   0.5
 0.36 -0.23   0.5
 0.36 -0.23   0.5
 0.36 -0.23   0.5
 0.36 -0.23   0.5
 0.36 -0.23   0.5
 0.36 -0.23   0.5
 0.36 -0.23   0.5
 0.36 -0.23   0.5
 0.36 -0.23   0.5
 0.36 -0.23   0.5
 0.36 -0.23   0.5
 0.36 -0.23   0.5
 0.36 -0.23   0.5
 0.36 -0.23   0.5
 0.36 -0.23   0.5
 0.36 -0.23   0.5
 0.36 -0.23   0.5
 0.36 -0.23   0.5
 0.36 -0.23   0.5
 0.36 -0.23   0.5
 0.36 -0.23   0.5
 0.36 -0.23   0.5
 0.36 -0.23   0.5
 0.36 -0.23   0.5
 0.36 -0.23   0.5
 0.36 -0.23   0.5
 0.36 -0.23   0.5
 0.36 -0.23   0.5
 0.36 -0.23   0.5
 0.36 -0.23   0.5
 0.36 -0.23   0.5
 0.36 -0.23   0.5
 0.36 -0.23   0.5
 0.36 -0.23   0.5
 0.36 -0.23   0.5
 0.36 -0.23   0.5
 0.36 -0.23   0.5
 0.36 -0.23   0.5
 0.36 -0.23   0.5
 0.36 -0.23   0.5
 0.36 -0.23   0.5
 0.36 -0.23   0.5
 0.36 -0.23   0.5
 0.36 -0.23   0.5
 0.36 -0.23   0.5
 0.36 -0.23   0.5
 0.36 -0.23   0.5
 0.36 -0.23   0.5
 0.36 -0.23   0.5
 0.36 -0.23   0.5
 0.36 -0.23   0.5
 0.36 -0.23   0.5
 0.36 -0.23   0.5
 0.36 -0.23   0.5
 0.36 -0.23   0.5
 0.36 -0.23   0.5
 0.36 -0.23   0.5
 0.36 -0.23   0.5
 0.36 -0.23   0.5
 0.36 -0.23   0.5
 0.36 -0.23   0.5
 0.36 -0.23   0.5
 0.36 -0.23   0.5
 0.36 -0.23   0.5
 0.36 -0.23   0.5
 0.36 -0.23   0.5
 0.36 -0.23   0.5
 0.36 -0.23   0.5
 0.36 -0.23   0.5
 0.36 -0.23   0.5
 0.36 -0.23   0.5
 0.36 -0.23   0.5
 0.36 -0.23   0.5
 0.36 -0.23   0.5
 0.36 -0.23   0.5
 0.36 -0.23   0.5
 0.36 -0.23   0.5
 0.36 -0.23   0.5
 0.36 -0.23   0.5
 0.36 -0.23   0.5
 0.36 -0.23   0.5
 0.36 -0.23   0.5
 0.36 -0.23   0.5
 0.36 -0.23   0.5
 0.36 -0.23   0.5
 0.36 -0.23   0.5
 0.36 -0.23   0.5
 0.36 -0.23   0.5
 0.36 -0.23   0.5
 0.36 -0.23   0.5
 0.36 -0.23   0.5
 0.36 -0.23   0.5
 0.36 -0.23   0.5
 0.36 -0.23   0.5
 0.36 -0.23   0.5
 0.36 -0.23   0.5
 0.36 -0.23   0.5
 0.36 -0.23   0.5
 0.36 -0.23   0.5
 0.36 -0.23   0.5
 0.36 -0.23   0.5
 0.36 -0.23   0.5
 0.36 -0.23   0.5
 0.36 -0.23   0.5
 0.36 -0.23   0.5
 0.36 -0.23   0.5
 0.36 -0.23   0.5
 0.36 -0.23   0.5
 0.36 -0.23   0.5
 0.36 -0.23   0.5
 0.36 -0.23   0.5
