 0.268835 -0.326711  0.607107
  0.26884 -0.326697  0.607107
 0.268845 -0.326687  0.607107
0.268848 -0.32668 0.607103
0.268855 -0.32667 0.607109
 0.268864 -0.326659   0.60711
 0.268875 -0.326647  0.607121
 0.268889 -0.326636  0.607135
 0.268902 -0.326624  0.607153
  0.26892 -0.326611  0.607175
 0.268939 -0.326596  0.607199
0.268959 -0.32658 0.607231
 0.268979 -0.326568  0.607256
    0.269 -0.326553  0.607288
 0.269022 -0.326539  0.607321
 0.269043 -0.326524  0.607355
 0.269067 -0.326507  0.607389
 0.269089 -0.326489  0.607423
 0.269112 -0.326471  0.607458
 0.269133 -0.326451  0.607488
 0.269156 -0.326429  0.607518
 0.269178 -0.326403  0.607546
 0.269197 -0.326378  0.607571
 0.269218 -0.326349  0.607594
 0.269237 -0.326316  0.607612
 0.269256 -0.326283  0.607628
 0.269273 -0.326246  0.607637
 0.269294 -0.326203  0.607649
 0.269309 -0.326158  0.607644
 0.269326 -0.326107   0.60764
 0.269343 -0.326054  0.607631
  0.26936 -0.325992  0.607618
 0.269377 -0.325928  0.607599
 0.269394 -0.325857  0.607575
 0.269413 -0.325779  0.607548
 0.269431 -0.325698  0.607511
0.269451 -0.32561 0.607472
 0.269472 -0.325518  0.607427
 0.269493 -0.325417  0.607378
 0.269517 -0.325313  0.607324
0.269541  -0.3252 0.607264
 0.269567 -0.325084  0.607202
 0.269594 -0.324959  0.607133
 0.269624 -0.324828  0.607065
 0.269654 -0.324694  0.606984
 0.269686 -0.324552  0.606903
  0.26972 -0.324407  0.606818
 0.269755 -0.324253   0.60672
 0.269793 -0.324096  0.606628
 0.269831 -0.323932   0.60653
 0.269873 -0.323766  0.606436
 0.269914 -0.323592   0.60633
  0.26996 -0.323389  0.606217
 0.270004 -0.323205  0.606106
 0.270049 -0.323018  0.605989
 0.270095 -0.322825   0.60587
0.270141 -0.32263 0.605745
 0.270189 -0.322428   0.60562
 0.270237 -0.322223  0.605487
 0.270286 -0.322015  0.605355
 0.270334 -0.321802  0.605211
 0.270383 -0.321587  0.605066
 0.270434 -0.321365  0.604918
0.270484 -0.32114 0.604765
 0.270536 -0.320911  0.604608
 0.270587 -0.320677  0.604444
  0.27064 -0.320439  0.604279
  0.27069 -0.320197  0.604086
 0.270744 -0.319949  0.603907
 0.270802 -0.319702  0.603733
 0.270858 -0.319443  0.603544
 0.270911 -0.319173  0.603338
 0.270969 -0.318904  0.603136
 0.271033 -0.318634  0.602944
 0.271093 -0.318351   0.60273
 0.271157 -0.318064  0.602515
  0.27122 -0.317769  0.602287
 0.271286 -0.317468  0.602058
 0.271354 -0.317161  0.601822
 0.271424 -0.316847   0.60158
 0.271503 -0.316489  0.601317
 0.271577 -0.316161  0.601063
 0.271655 -0.315825  0.600808
 0.271734 -0.315486  0.600541
  0.27181 -0.315179  0.600292
 0.271901 -0.314785       0.6
 0.271988 -0.314428  0.599721
 0.272078 -0.314063  0.599442
 0.272164 -0.313737  0.599175
  0.27226 -0.313363   0.59889
 0.272364 -0.312944  0.598575
 0.272465 -0.312561   0.59828
 0.272569 -0.312174  0.597983
 0.272676 -0.311783  0.597683
 0.272786 -0.311389  0.597382
 0.272898 -0.310995  0.597077
 0.273014 -0.310595  0.596773
 0.273132 -0.310193  0.596464
 0.273254 -0.309788   0.59616
 0.273377 -0.309381  0.595846
 0.273503 -0.308975  0.595534
 0.273633 -0.308564  0.595223
 0.273766 -0.308151   0.59491
 0.273902 -0.307736  0.594599
  0.27404 -0.307319  0.594284
0.274182  -0.3069 0.593973
0.274326 -0.30648 0.593654
 0.274474 -0.306057  0.593338
 0.274624 -0.305631   0.59299
 0.274779 -0.305203  0.592672
 0.274936 -0.304774  0.592356
 0.275096 -0.304342  0.592036
 0.275267 -0.303918  0.591741
 0.275433 -0.303483   0.59142
 0.275604 -0.303044  0.591105
 0.275785 -0.302551  0.590762
 0.275961 -0.302109  0.590442
 0.276139 -0.301665  0.590123
  0.27632 -0.301219  0.589803
 0.276504 -0.300772  0.589484
  0.27668 -0.300377  0.589181
 0.276878 -0.299875  0.588843
 0.277067 -0.299424  0.588519
  0.27726 -0.298973  0.588197
0.277454 -0.29852 0.587876
  0.27765 -0.298066  0.587554
 0.277848 -0.297611  0.587232
 0.278047 -0.297156  0.586908
 0.278249 -0.296701  0.586588
 0.278451 -0.296244  0.586263
 0.278655 -0.295788   0.58594
  0.27886 -0.295331  0.585618
 0.279067 -0.294874  0.585295
 0.279276 -0.294417  0.584974
 0.279485 -0.293959  0.584651
 0.279696 -0.293502  0.584331
 0.279908 -0.293043  0.584009
 0.280122 -0.292586  0.583693
 0.280336 -0.292128  0.583371
 0.280552 -0.291672  0.583052
 0.280769 -0.291215  0.582736
 0.280988 -0.290758   0.58242
 0.281208 -0.290302  0.582107
 0.281429 -0.289847  0.581792
0.281652 -0.28939 0.581484
 0.281875 -0.288936   0.58117
   0.2821 -0.288479  0.580863
 0.282327 -0.288025  0.580555
 0.282554 -0.287571   0.58025
 0.282784 -0.287118  0.579947
 0.283013 -0.286664  0.579643
 0.283256 -0.286195  0.579318
 0.283488 -0.285742  0.579016
 0.283722 -0.285289  0.578717
 0.283957 -0.284835  0.578419
 0.284193 -0.284382  0.578121
 0.284429 -0.283929  0.577826
 0.284666 -0.283476  0.577529
 0.284904 -0.283022  0.577236
 0.285142 -0.282569  0.576939
 0.285382 -0.282112   0.57665
 0.285623 -0.281664   0.57636
 0.285862 -0.281208  0.576065
 0.286102 -0.280754   0.57577
 0.286341 -0.280298  0.575474
 0.286581 -0.279842  0.575179
  0.28682 -0.279384  0.574881
  0.28706 -0.278927  0.574585
 0.287307 -0.278444  0.574266
 0.287545 -0.277982  0.573967
 0.287785 -0.277522  0.573664
 0.288023 -0.277058  0.573363
 0.288263 -0.276596  0.573059
   0.2885 -0.276129  0.572754
  0.28874 -0.275665  0.572449
 0.288976 -0.275197  0.572141
 0.289217 -0.274728  0.571836
 0.289452 -0.274258  0.571524
  0.28969 -0.273789  0.571213
 0.289927 -0.273317  0.570903
 0.290165 -0.272847   0.57059
   0.2904 -0.272374   0.57028
 0.290638 -0.271903  0.569964
 0.290873 -0.271428  0.569657
  0.29111 -0.270956  0.569338
0.291344 -0.27048 0.569025
  0.29158 -0.270005  0.568711
 0.291814 -0.269529  0.568397
  0.29205 -0.269055  0.568082
 0.292283 -0.268578  0.567768
 0.292518 -0.268104  0.567454
 0.292764 -0.267603  0.567118
0.293143 -0.26689 0.566605
 0.293374 -0.266412  0.566293
 0.293607 -0.265937  0.565978
 0.293837 -0.265459  0.565669
 0.294066 -0.264988  0.565356
 0.294292 -0.264521  0.565051
 0.294525 -0.264026  0.564726
 0.294606 -0.263799  0.564604
 0.294965 -0.263104  0.564114
 0.295043 -0.262886  0.563985
 0.295259 -0.262435   0.56368
 0.295472 -0.261986  0.563374
 0.295685 -0.261539  0.563071
 0.295896 -0.261091  0.562765
 0.296109 -0.260644  0.562461
 0.296468 -0.259934   0.56196
 0.296546 -0.259716  0.561829
 0.296883 -0.259042  0.561363
 0.296964 -0.258821  0.561226
 0.297319 -0.258109  0.560742
  0.29754 -0.257635  0.560427
 0.297624 -0.257404  0.560288
 0.297846 -0.256923  0.559969
 0.298071 -0.256437  0.559658
 0.298296 -0.255946  0.559338
 0.298522 -0.255453  0.559022
  0.29875 -0.254956  0.558705
 0.299139 -0.254162  0.558203
  0.29937 -0.253656  0.557887
   0.2996 -0.253147  0.557569
 0.299832 -0.252637  0.557255
  0.30006 -0.252127  0.556936
 0.300288 -0.251619  0.556619
 0.300512 -0.251116  0.556303
 0.300734 -0.250613  0.555989
 0.300953 -0.250116  0.555677
 0.301169 -0.249627  0.555363
  0.30138 -0.249143  0.555055
 0.301586 -0.248669  0.554744
 0.301789 -0.248202  0.554442
 0.301984 -0.247746  0.554132
 0.302046 -0.247551  0.553975
 0.302237 -0.247108  0.553672
 0.302547 -0.246425  0.553223
 0.302729 -0.245996  0.552924
 0.302908 -0.245572  0.552621
 0.303086 -0.245153   0.55232
 0.303269 -0.244719  0.552003
 0.303443 -0.244302  0.551704
 0.303619 -0.243888  0.551406
 0.303803 -0.243453  0.551094
 0.303978 -0.243044    0.5508
  0.30404 -0.242861  0.550639
 0.304208 -0.242471  0.550359
  0.30448 -0.241857  0.549944
 0.304654 -0.241448  0.549652
 0.304837 -0.241019  0.549346
 0.305014 -0.240609  0.549052
  0.30519 -0.240196  0.548765
  0.30526 -0.240013  0.548607
 0.305556 -0.239346  0.548181
 0.305737 -0.238935  0.547897
0.305914 -0.23852 0.547614
 0.306097 -0.238107  0.547336
 0.306274 -0.237692  0.547055
 0.306454 -0.237282  0.546775
 0.306631 -0.236871  0.546502
 0.306808 -0.236468  0.546225
 0.306982 -0.236072  0.545957
 0.307048 -0.235911    0.5458
 0.307218 -0.235517  0.545534
 0.307491 -0.234897  0.545151
 0.307552 -0.234754  0.545003
 0.307718 -0.234381  0.544739
 0.307975 -0.233792  0.544364
 0.308134 -0.233434  0.544106
 0.308285 -0.233081  0.543846
 0.308438 -0.232736  0.543588
 0.308586 -0.232395  0.543335
 0.308733 -0.232064  0.543079
 0.308876 -0.231737   0.54283
0.309016 -0.23142 0.542577
 0.309152 -0.231106  0.542331
 0.309288 -0.230805  0.542084
 0.309418 -0.230509  0.541842
 0.309549 -0.230222    0.5416
 0.309681 -0.229924  0.541351
  0.3098 -0.22967 0.541127
 0.309919 -0.229404  0.540891
 0.310051 -0.229105  0.540635
 0.310171 -0.228852  0.540405
 0.310288 -0.228605  0.540177
 0.310342 -0.228517  0.540049
0.310518 -0.22812 0.539731
 0.310633 -0.227884   0.53951
 0.310745 -0.227672  0.539305
  0.31086 -0.227439  0.539088
 0.310977 -0.227207  0.538874
 0.311097 -0.226951  0.538648
 0.311215 -0.226721  0.538441
 0.311276 -0.226638  0.538315
 0.311449 -0.226263  0.538024
0.311512 -0.22618 0.537905
 0.311686 -0.225806   0.53762
0.311808 -0.22558 0.537421
 0.311925 -0.225355  0.537223
 0.312045 -0.225131  0.537029
 0.312166 -0.224908  0.536835
 0.312283 -0.224689  0.536645
 0.312402 -0.224473  0.536458
 0.312521 -0.224273  0.536276
 0.312637 -0.224066  0.536096
  0.31275 -0.223864  0.535913
 0.312862 -0.223669  0.535734
0.312972 -0.22348 0.535559
  0.31308 -0.223298  0.535385
 0.313138 -0.223253  0.535285
 0.313287 -0.222955  0.535048
 0.313387 -0.222797  0.534888
 0.313485 -0.222648  0.534719
 0.313577 -0.222507  0.534558
 0.313669 -0.222373  0.534402
0.313758 -0.22224 0.534227
 0.313845 -0.222123  0.534076
0.313928 -0.22202 0.533939
0.314011 -0.22191 0.533773
 0.314091 -0.221815  0.533626
 0.314168 -0.221735  0.533499
 0.314246 -0.221645   0.53334
 0.314322 -0.221563  0.533194
 0.314397 -0.221492  0.533062
 0.314468 -0.221427  0.532923
 0.314539 -0.221366  0.532791
 0.314611 -0.221308  0.532662
  0.31468 -0.221253  0.532535
 0.314753 -0.221202  0.532412
0.314822 -0.22115 0.532288
 0.314893 -0.221101  0.532167
 0.314966 -0.221053  0.532048
 0.315038 -0.221003  0.531932
 0.315111 -0.220954   0.53182
 0.315185 -0.220903  0.531705
 0.315248 -0.220907  0.531641
 0.315336 -0.220802  0.531485
 0.315412 -0.220751  0.531378
 0.315489 -0.220698  0.531273
 0.315566 -0.220643  0.531168
 0.315645 -0.220588  0.531068
 0.315723 -0.220532  0.530964
 0.315801 -0.220476  0.530865
0.315881 -0.22042 0.530766
 0.315959 -0.220363  0.530668
 0.316038 -0.220308  0.530575
 0.316115 -0.220254  0.530479
 0.316198 -0.220215  0.530398
 0.316273 -0.220165  0.530304
 0.316348 -0.220118  0.530214
 0.316422 -0.220073  0.530126
 0.316495 -0.220032  0.530039
 0.316566 -0.219991  0.529956
 0.316635 -0.219957   0.52987
 0.316703 -0.219927  0.529787
 0.316764 -0.219888  0.529698
 0.316834 -0.219879  0.529626
 0.316893 -0.219849   0.52954
 0.316954 -0.219835  0.529462
 0.317016 -0.219825   0.52939
 0.317074 -0.219819  0.529312
 0.317131 -0.219816  0.529239
 0.317189 -0.219817  0.529167
0.317245 -0.21982 0.529096
 0.317301 -0.219826   0.52903
 0.317356 -0.219834  0.528959
  0.31741 -0.219843  0.528893
 0.317465 -0.219854  0.528829
  0.31752 -0.219865  0.528765
 0.317575 -0.219877  0.528704
  0.31763 -0.219891  0.528658
 0.317687 -0.219902  0.528602
 0.317742 -0.219912  0.528539
 0.317799 -0.219921   0.52848
 0.317858 -0.219924  0.528409
 0.317916 -0.219929  0.528352
 0.317975 -0.219938  0.528314
0.318034 -0.21994 0.528257
 0.318095 -0.219939  0.528203
 0.318156 -0.219934  0.528151
0.318218 -0.21993 0.528097
 0.318281 -0.219924  0.528047
 0.318343 -0.219916  0.527994
 0.318408 -0.219904  0.527931
 0.318462 -0.219926  0.527886
 0.318524 -0.219916  0.527835
 0.318596 -0.219873  0.527779
 0.318657 -0.219863   0.52773
 0.318711 -0.219883  0.527693
  0.31878 -0.219841  0.527636
 0.318841 -0.219833  0.527588
   0.3189 -0.219826  0.527544
0.318959 -0.21982 0.527498
 0.319017 -0.219816  0.527455
 0.319074 -0.219815  0.527411
 0.319131 -0.219816  0.527372
 0.319184 -0.219819  0.527326
 0.319237 -0.219826  0.527284
  0.31929 -0.219834  0.527244
  0.31934 -0.219846  0.527203
 0.319391 -0.219859  0.527166
 0.319439 -0.219876  0.527125
 0.319487 -0.219894  0.527086
 0.319535 -0.219915   0.52705
 0.319581 -0.219937  0.527013
 0.319627 -0.219959  0.526979
 0.319672 -0.219984  0.526942
 0.319719 -0.220009  0.526912
 0.319763 -0.220035  0.526874
 0.319808 -0.220061  0.526839
 0.319853 -0.220087  0.526807
 0.319898 -0.220115  0.526787
 0.319945 -0.220137  0.526758
 0.31999 -0.22016 0.526723
 0.320037 -0.220182  0.526692
 0.320084 -0.220203  0.526661
 0.320132 -0.220221  0.526629
 0.320181 -0.220237    0.5266
 0.320229 -0.220251  0.526568
  0.32028 -0.220263  0.526542
 0.320329 -0.220274  0.526508
  0.32038 -0.220282  0.526478
 0.320431 -0.220288  0.526449
 0.320478 -0.220282  0.526412
 0.320531 -0.220286  0.526387
 0.320586 -0.220299  0.526361
 0.320637 -0.220301  0.526332
0.320689  -0.2203 0.526305
 0.320741 -0.220301  0.526277
 0.320792 -0.220302  0.526251
 0.320843 -0.220303  0.526222
 0.320894 -0.220305  0.526199
 0.320943 -0.220308  0.526168
 0.320991 -0.220312  0.526141
  0.32104 -0.220318  0.526117
 0.321087 -0.220325   0.52609
 0.321134 -0.220333  0.526068
 0.321175 -0.220333  0.526034
 0.321223 -0.220356  0.526015
0.321267 -0.22037 0.525991
  0.32131 -0.220386  0.525967
 0.321353 -0.220403  0.525944
 0.321393 -0.220422   0.52592
 0.321435 -0.220441  0.525902
 0.321474 -0.220463  0.525875
 0.321511 -0.220497  0.525841
0.321553 -0.22051  0.52583
  0.32159 -0.220544  0.525796
0.321631 -0.22056 0.525789
 0.321668 -0.220585  0.525764
0.321707 -0.22061 0.525743
 0.321746 -0.220635  0.525721
 0.321784 -0.220658  0.525701
0.321824 -0.22068 0.525682
 0.321863 -0.220702   0.52566
 0.321904 -0.220722  0.525644
 0.321943 -0.220741   0.52562
 0.321983 -0.220756    0.5256
 0.322022 -0.220783  0.525566
 0.322066 -0.220787  0.525559
0.322109  -0.2208 0.525542
  0.32215 -0.220812   0.52552
 0.322193 -0.220821  0.525488
0.322236 -0.22083 0.525469
 0.322279 -0.220834   0.52545
 0.322323 -0.220841  0.525432
 0.322365 -0.220847  0.525411
  0.32241 -0.220851  0.525396
 0.322452 -0.220856  0.525372
0.322494 -0.22086 0.525353
 0.322537 -0.220865  0.525335
 0.322579 -0.220869  0.525316
 0.322621 -0.220874    0.5253
0.322662 -0.22088 0.525279
 0.322702 -0.220887  0.525261
 0.322746 -0.220904  0.525247
 0.322785 -0.220912  0.525229
0.322824 -0.22092 0.525214
 0.322862 -0.220929  0.525197
   0.3229 -0.220943  0.525181
 0.322936 -0.220955  0.525162
0.322972 -0.22097 0.525145
 0.323008 -0.220986  0.525129
 0.323043 -0.221003  0.525111
 0.323078 -0.221021  0.525095
0.323111 -0.22104 0.525077
0.323144 -0.22106  0.52506
0.323178 -0.22108 0.525044
0.323211  -0.2211 0.525027
0.323244 -0.22112 0.525012
 0.323277 -0.221141  0.524995
 0.323309 -0.221149   0.52498
 0.323341 -0.221169   0.52496
 0.323373 -0.221188  0.524944
 0.323407 -0.221207  0.524929
 0.323443 -0.221233  0.524916
0.323477 -0.22125 0.524903
 0.323511 -0.221266  0.524886
 0.323543 -0.221272  0.524867
 0.323578 -0.221286  0.524852
 0.323612 -0.221299  0.524837
0.323648 -0.22131 0.524824
 0.323683 -0.221321  0.524807
  0.32372 -0.221331  0.524797
 0.323755 -0.221337  0.524779
 0.323791 -0.221345  0.524765
 0.323828 -0.221352  0.524751
 0.323863 -0.221359  0.524736
 0.323902 -0.221373  0.524728
 0.323938 -0.221379  0.524711
 0.323974 -0.221384  0.524697
0.324009 -0.22139 0.524683
 0.324038 -0.221411   0.52465
  0.32408 -0.221402  0.524656
 0.324114 -0.221408  0.524641
  0.32415 -0.221415  0.524631
 0.324183 -0.221421  0.524615
 0.324216 -0.221427    0.5246
 0.324249 -0.221436  0.524587
 0.324282 -0.221445  0.524573
 0.324315 -0.221454  0.524563
 0.324346 -0.221465  0.524548
 0.324376 -0.221478  0.524532
0.324407 -0.22149 0.524519
 0.324437 -0.221503  0.524505
 0.324467 -0.221517  0.524492
 0.324496 -0.221532  0.524478
 0.324527 -0.221547  0.524468
 0.324555 -0.221562  0.524454
 0.324583 -0.221575  0.524441
 0.324609 -0.221599  0.524408
  0.32464 -0.221608  0.524414
 0.324669 -0.221624  0.524403
0.324697 -0.22164 0.524389
 0.324725 -0.221656  0.524376
0.324754 -0.22167 0.524363
 0.324783 -0.221685   0.52435
 0.324812 -0.221699  0.524339
 0.324841 -0.221712  0.524325
 0.324872 -0.221725  0.524315
 0.324901 -0.221723  0.524297
 0.324931 -0.221734  0.524284
 0.324961 -0.221744  0.524273
 0.324991 -0.221753   0.52426
 0.325022 -0.221762   0.52425
0.325047 -0.22178 0.524215
 0.325082 -0.221777  0.524223
 0.325113 -0.221781  0.524213
 0.325143 -0.221788  0.524201
 0.325175 -0.221794  0.524189
 0.325206 -0.221807  0.524178
 0.325231 -0.221825  0.524149
  0.32526 -0.221831  0.524135
  0.32529 -0.221837  0.524123
 0.325321 -0.221842  0.524114
 0.325356 -0.221837  0.524124
 0.325386 -0.221844  0.524114
 0.325415 -0.221851  0.524102
 0.325445 -0.221855  0.524096
 0.325472 -0.221863  0.524081
 0.325502 -0.221874  0.524062
  0.32553 -0.221882  0.524052
 0.325557 -0.221891   0.52404
 0.325585 -0.221901  0.524032
 0.325611 -0.221912  0.524019
0.325637 -0.22192 0.524009
 0.325663 -0.221932  0.523999
 0.325689 -0.221952   0.52399
 0.325716 -0.221964  0.523982
  0.32574 -0.221978   0.52397
 0.325765 -0.221991  0.523963
 0.325789 -0.222006  0.523949
0.325813 -0.22202 0.523938
 0.325837 -0.222034  0.523929
 0.325861 -0.222048  0.523917
 0.325886 -0.222062  0.523909
  0.32591 -0.222073  0.523897
 0.325934 -0.222085  0.523886
 0.325959 -0.222097  0.523875
 0.325984 -0.222108  0.523863
 0.326009 -0.222118  0.523854
 0.326035 -0.222114  0.523839
 0.326062 -0.222122  0.523831
 0.326087 -0.222129  0.523817
 0.326113 -0.222135  0.523805
0.326139 -0.22214 0.523794
 0.326165 -0.222145  0.523782
 0.326192 -0.222149  0.523773
 0.326218 -0.222154   0.52376
 0.326245 -0.222158  0.523749
 0.326271 -0.222162  0.523738
 0.326298 -0.222165  0.523727
 0.326324 -0.222167  0.523719
  0.32635 -0.222171  0.523708
 0.326377 -0.222176  0.523701
0.326402 -0.22219 0.523683
 0.326426 -0.222198  0.523678
 0.326451 -0.222204  0.523669
0.326476 -0.22221 0.523658
 0.326501 -0.222214  0.523651
 0.326525 -0.222221  0.523639
 0.326549 -0.222229  0.523628
 0.326573 -0.222236  0.523619
 0.326596 -0.222244  0.523608
 0.326618 -0.222244  0.523604
 0.326641 -0.222256  0.523585
 0.326666 -0.222264  0.523581
 0.326687 -0.222273  0.523566
  0.32671 -0.222288  0.523556
 0.326733 -0.222296  0.523546
 0.326755 -0.222303  0.523535
 0.326778 -0.222312  0.523526
0.326799 -0.22232 0.523513
 0.326821 -0.222329  0.523503
 0.326845 -0.222328   0.52349
 0.326867 -0.222334   0.52348
  0.32689 -0.222342  0.523473
0.326911 -0.22235 0.523461
 0.326934 -0.222364  0.523454
 0.326956 -0.222372  0.523441
0.326978 -0.22238 0.523431
    0.327 -0.222387  0.523422
 0.327022 -0.222395  0.523411
 0.327044 -0.222397  0.523402
 0.327064 -0.222415   0.52339
 0.327086 -0.222415   0.52338
 0.327108 -0.222423  0.523369
 0.327131 -0.222428   0.52336
 0.327153 -0.222434  0.523352
 0.327176 -0.222446  0.523342
 0.327199 -0.222451  0.523336
 0.327221 -0.222454  0.523324
 0.327243 -0.222459  0.523314
 0.327265 -0.222464  0.523306
 0.327287 -0.222468  0.523295
  0.32731 -0.222473  0.523288
 0.327332 -0.222477  0.523276
0.327355 -0.22247 0.523267
 0.327377 -0.222475  0.523258
0.327398 -0.22248 0.523248
  0.32742 -0.222485  0.523239
0.327442 -0.22249 0.523231
 0.327464 -0.222495  0.523226
 0.327483 -0.222501  0.523213
 0.327504 -0.222507  0.523204
 0.327525 -0.222514  0.523196
 0.327545 -0.222526  0.523186
 0.327566 -0.222531   0.52318
 0.327585 -0.222538   0.52317
 0.327606 -0.222545  0.523165
 0.327625 -0.222553  0.523152
 0.327644 -0.222561  0.523142
 0.327664 -0.222568  0.523135
 0.327684 -0.222576  0.523125
 0.327704 -0.222583  0.523119
 0.327723 -0.222591  0.523108
 0.327742 -0.222599  0.523099
 0.327762 -0.222604  0.523092
 0.327781 -0.222611  0.523083
 0.327801 -0.222619  0.523076
 0.327819 -0.222626  0.523066
 0.327841 -0.222637  0.523056
 0.327858 -0.222641  0.523049
 0.327877 -0.222647  0.523041
 0.327897 -0.222654  0.523033
0.327916 -0.22266 0.523024
 0.327936 -0.222667  0.523019
0.327955 -0.22267 0.523009
 0.327974 -0.222676  0.523001
 0.327995 -0.222686  0.522987
 0.328013 -0.222687  0.522984
 0.328034 -0.222696  0.522971
 0.328053 -0.222701  0.522962
 0.328074 -0.222702  0.522961
 0.328092 -0.222707  0.522949
 0.328112 -0.222712  0.522939
 0.328131 -0.222716  0.522932
 0.32815 -0.22272 0.522923
  0.32817 -0.222724  0.522918
 0.328188 -0.222728  0.522907
 0.328207 -0.222732  0.522898
 0.328226 -0.222736  0.522891
 0.328244 -0.222741  0.522882
 0.328263 -0.222742  0.522877
 0.328281 -0.222747  0.522867
 0.328301 -0.222757  0.522865
 0.328318 -0.222762   0.52285
 0.328336 -0.222767  0.522842
 0.328354 -0.222771  0.522835
 0.328371 -0.222777  0.522827
  0.32839 -0.222782  0.522821
 0.328407 -0.222788  0.522811
 0.328424 -0.222793  0.522803
 0.328442 -0.222796  0.522797
 0.328459 -0.222802  0.522788
 0.328477 -0.222807  0.522782
 0.328494 -0.222813  0.522773
 0.328513 -0.222818  0.522768
 0.328529 -0.222823  0.522758
 0.328547 -0.222829   0.52275
 0.328564 -0.222834  0.522743
 0.328582 -0.222839  0.522735
   0.3286 -0.222843  0.522729
 0.328617 -0.222848   0.52272
0.328634 -0.22285 0.522713
 0.328652 -0.222854  0.522706
 0.328669 -0.222858  0.522698
 0.328688 -0.222862  0.522692
 0.328705 -0.222866  0.522683
 0.328723 -0.222869  0.522678
 0.328735 -0.222871  0.522647
 0.328759 -0.222865  0.522664
 0.328777 -0.222869  0.522657
 0.328793 -0.222873   0.52265
 0.328811 -0.222877  0.522644
 0.328828 -0.222882  0.522634
 0.328844 -0.222887  0.522627
 0.328861 -0.222891  0.522621
 0.328878 -0.222894  0.522615
 0.328895 -0.222899  0.522609
 0.328911 -0.222905  0.522601
 0.328928 -0.222911  0.522598
 0.328943 -0.222921  0.522587
 0.328958 -0.222927   0.52258
 0.328974 -0.222934  0.522574
 0.32899 -0.22294 0.522566
 0.329006 -0.222946  0.522561
 0.329021 -0.222953  0.522552
 0.329038 -0.222957   0.52255
 0.329052 -0.222964  0.522539
0.329067 -0.22297 0.522532
 0.329083 -0.222976  0.522526
 0.329098 -0.222983  0.522518
 0.329114 -0.222988  0.522514
 0.329129 -0.222995  0.522504
 0.329144 -0.223001  0.522497
 0.329159 -0.223006  0.522491
 0.329174 -0.223009  0.522484
  0.32919 -0.223014  0.522479
 0.329205 -0.223019   0.52247
 0.329222 -0.223023  0.522467
 0.329237 -0.223027  0.522456
 0.329252 -0.223031  0.522448
 0.329268 -0.223034  0.522442
 0.329284 -0.223037  0.522434
  0.3293 -0.22304  0.52243
 0.329315 -0.223043   0.52242
 0.329331 -0.223043  0.522414
 0.329347 -0.223046  0.522407
 0.329363 -0.223049    0.5224
 0.329379 -0.223051  0.522395
 0.329394 -0.223054  0.522386
 0.329411 -0.223056  0.522384
 0.329423 -0.223054  0.522375
 0.329438 -0.223057  0.522367
 0.329454 -0.223064  0.522361
 0.329469 -0.223067  0.522352
 0.329486 -0.223067  0.522353
 0.329501 -0.223075  0.522338
 0.329516 -0.223079   0.52233
  0.32953 -0.223088  0.522324
 0.329545 -0.223092  0.522316
  0.32956 -0.223094  0.522313
 0.329576 -0.223089  0.522306
  0.32959 -0.223094  0.522299
 0.329604 -0.223099  0.522293
 0.329618 -0.223104  0.522286
 0.329632 -0.223111   0.52228
 0.329646 -0.223116  0.522273
 0.329661 -0.223121  0.522269
 0.329674 -0.223127   0.52226
 0.329688 -0.223132  0.522253
 0.329702 -0.223137  0.522246
 0.329716 -0.223142  0.522239
  0.32973 -0.223147  0.522234
 0.329744 -0.223152  0.522226
 0.329759 -0.223154  0.522225
 0.329772 -0.223159  0.522214
 0.329786 -0.223159  0.522208
   0.3298 -0.223167  0.522202
 0.329813 -0.223171  0.522194
 0.329828 -0.223174  0.522191
 0.329842 -0.223178  0.522181
 0.329856 -0.223182  0.522175
