0.0168174 -0.105379  0.508501
0.0168097 -0.105379  0.508501
 0.016801 -0.105379    0.5085
0.0167915 -0.105378    0.5085
0.0167816 -0.105377    0.5085
0.0167714 -0.105377  0.508499
0.0167617 -0.105376  0.508498
0.0167529 -0.105378  0.508496
0.0167432 -0.105375  0.508496
0.0167347 -0.105376  0.508495
0.0167267 -0.105375  0.508493
0.0167193 -0.105377  0.508492
0.0167131 -0.105376   0.50849
0.0167075 -0.105377  0.508489
0.0167027 -0.105376  0.508487
 0.016699 -0.105375  0.508486
0.0166962 -0.105376  0.508484
0.0166942 -0.105376  0.508483
0.0166923 -0.105374  0.508482
0.0166929 -0.105376   0.50848
0.0166935 -0.105377  0.508478
0.0166949 -0.105377  0.508476
0.0166907 -0.105374  0.508476
0.0166995 -0.105378  0.508472
0.0167028 -0.105379   0.50847
0.0167064 -0.105378  0.508469
0.0167108 -0.105376  0.508467
0.0167153 -0.105378  0.508464
0.0167203 -0.105376  0.508462
0.0167253 -0.105378  0.508459
0.0167309 -0.105376  0.508456
0.0167364 -0.105376  0.508453
0.0167422 -0.105374   0.50845
0.0167401  -0.10537   0.50845
0.0167553 -0.105369  0.508442
0.0167604 -0.105368  0.508438
0.0167673 -0.105366  0.508433
0.0167688 -0.105361  0.508433
0.0167783 -0.105361  0.508423
0.0167851  -0.10536  0.508416
0.0167911 -0.105357  0.508409
 0.016797 -0.105356  0.508402
0.0168022 -0.105354  0.508394
0.0168091 -0.105351  0.508386
0.0168151 -0.105348  0.508377
0.0168259 -0.105344  0.508376
0.0168264 -0.105345  0.508357
0.0168336 -0.105342  0.508346
  0.01684 -0.105338  0.508334
0.0168456 -0.105336  0.508322
0.0168533 -0.105333  0.508309
0.0168604 -0.105329  0.508295
0.0168676 -0.105328   0.50828
0.0168743 -0.105325  0.508265
0.0168832 -0.105322  0.508249
0.0168916 -0.105318  0.508232
0.0169003 -0.105316  0.508214
0.0169086 -0.105314  0.508196
0.0169194 -0.105308  0.508178
0.0169295 -0.105304  0.508158
0.0169393 -0.105302  0.508136
0.0169488 -0.105301  0.508112
0.0169629 -0.105298  0.508088
0.0169753 -0.105295  0.508064
0.0169883 -0.105293  0.508039
0.0170021 -0.105288  0.508014
0.0170164 -0.105286  0.507987
0.0170324 -0.105282  0.507959
0.0170479 -0.105281   0.50793
0.0170643 -0.105276  0.507901
0.0170812 -0.105274   0.50787
0.0170985 -0.105273  0.507836
0.0171169 -0.105269  0.507803
0.0171357 -0.105266  0.507769
0.0171553  -0.10526  0.507735
0.0171751 -0.105261  0.507696
0.0171961 -0.105256  0.507659
0.0172175 -0.105254  0.507619
0.0172396 -0.105247  0.507581
0.0172621 -0.105248  0.507537
0.0172873 -0.105244  0.507496
0.0173095 -0.105241  0.507449
0.0173362 -0.105235  0.507407
0.0173616 -0.105233  0.507358
0.0173876 -0.105231  0.507309
0.0174141 -0.105226  0.507258
0.0174387 -0.105223  0.507202
0.0174696 -0.105214  0.507145
0.0174969 -0.105211  0.507089
0.0175265 -0.105207  0.507031
 0.017553 -0.105202  0.506968
0.0175856 -0.105199  0.506909
0.0176121 -0.105195  0.506842
0.0176499 -0.105193  0.506781
0.0176815 -0.105188  0.506713
0.0177128 -0.105185  0.506643
0.0177465 -0.105181  0.506571
0.0177798 -0.105177  0.506497
0.0178137 -0.105175  0.506421
0.0178473 -0.105172  0.506342
0.0178833 -0.105169  0.506261
0.0179182 -0.105166  0.506178
0.0179555 -0.105163  0.506092
0.0179925  -0.10516  0.506003
0.0180292  -0.10516  0.505911
0.0180639 -0.105155  0.505812
0.0181064 -0.105153   0.50572
0.0181469 -0.105151   0.50562
0.0181872 -0.105148  0.505518
0.0182281 -0.105147  0.505412
0.0182702 -0.105144  0.505303
0.0183223 -0.105142  0.505187
0.0183655 -0.105139  0.505072
0.0184038 -0.105139  0.504947
0.0184536 -0.105137  0.504832
0.0184859  -0.10514  0.504695
0.0185311  -0.10514  0.504566
0.0185769 -0.105138  0.504433
0.0186232 -0.105137  0.504298
0.0186753 -0.105138   0.50416
0.0187227 -0.105137  0.504017
 0.018764 -0.105137  0.503863
0.0188189 -0.105136   0.50372
0.0188609 -0.105137  0.503558
0.0189102 -0.105136  0.503399
  0.01896 -0.105137  0.503236
0.0190105 -0.105137  0.503069
0.0190615 -0.105138  0.502898
0.0191132 -0.105138  0.502723
0.0191655  -0.10514  0.502543
0.019227 -0.10514 0.502369
0.0192805 -0.105141  0.502181
0.0193347 -0.105143  0.501988
0.0193891 -0.105144  0.501791
0.0194584 -0.105143  0.501583
0.0195138 -0.105144  0.501377
 0.019569 -0.105147  0.501166
0.0196239 -0.105149  0.500951
0.0196606 -0.105149  0.500712
0.0197218 -0.105154   0.50049
0.0197756 -0.105155  0.500259
0.0198293 -0.105158  0.500024
0.0198825  -0.10516  0.499785
0.0199354 -0.105163   0.49954
0.0199881 -0.105165   0.49929
0.0200404 -0.105168  0.499036
0.0200924  -0.10517  0.498777
0.0201443 -0.105172  0.498513
 0.020196 -0.105175  0.498244
0.0202476 -0.105178  0.497971
 0.020299 -0.105181  0.497693
0.0203504 -0.105184  0.497411
0.0204017 -0.105187  0.497124
0.0204531 -0.105191  0.496832
0.0205044 -0.105195  0.496536
0.0205556 -0.105197  0.496236
 0.020625 -0.105197  0.495921
0.0206763   -0.1052  0.495612
0.0207286 -0.105205  0.495299
0.0207795 -0.105208  0.494982
0.0208304 -0.105211   0.49466
0.0208811 -0.105217  0.494335
0.0209314 -0.105221  0.494006
0.0209815 -0.105226  0.493673
0.0210313  -0.10523  0.493338
0.0210808 -0.105236  0.492999
0.0211298 -0.105241  0.492658
0.0211785 -0.105246  0.492313
0.0212269 -0.105251  0.491966
 0.021275 -0.105257  0.491615
0.0213314 -0.105264  0.491268
 0.021379 -0.105269  0.490912
0.0214262 -0.105274  0.490554
0.0214494 -0.105287  0.490159
0.0214963 -0.105292  0.489795
0.0215428 -0.105297  0.489429
0.0215892 -0.105301  0.489062
0.0216355 -0.105306  0.488693
0.0218801 -0.105258  0.488639
0.0217154 -0.105316  0.487939
0.0217606 -0.105319  0.487565
 0.021806 -0.105323  0.487187
 0.021851 -0.105325  0.486809
0.0218959 -0.105328  0.486431
0.0219407 -0.105331  0.486052
0.0219852 -0.105333  0.485673
0.0220295 -0.105336  0.485294
0.0220737 -0.105338  0.484914
0.0221175 -0.105341  0.484536
 0.022161 -0.105342  0.484157
0.0222194 -0.105338  0.483769
 0.022262 -0.105338  0.483391
0.0223041 -0.105338  0.483015
0.0223457  -0.10534  0.482639
0.0223866  -0.10534  0.482264
0.0224266  -0.10534   0.48189
0.0224658  -0.10534  0.481518
0.0225038  -0.10534  0.481146
0.0225408 -0.105339  0.480775
0.0225765 -0.105338  0.480406
0.0226111 -0.105336  0.480038
0.0226446 -0.105334  0.479672
0.0226767 -0.105332  0.479307
0.022713 -0.10533 0.478949
0.0227443 -0.105328  0.478588
0.0227726 -0.105325  0.478228
0.0227999 -0.105322  0.477869
0.0228086  -0.10532  0.477479
0.0228349 -0.105315  0.477126
0.0228586 -0.105309  0.476775
0.0228812 -0.105305  0.476425
0.0229025 -0.105299  0.476079
0.0229228 -0.105294  0.475736
 0.022942 -0.105287  0.475395
0.0229603 -0.105281  0.475056
0.0229775 -0.105274   0.47472
0.0230043 -0.105262  0.474379
0.0230196 -0.105255  0.474049
0.0230337 -0.105247  0.473723
0.0230471  -0.10524  0.473399
0.0230592 -0.105233  0.473079
0.0230706 -0.105225  0.472763
0.0230807 -0.105217  0.472451
0.0230899  -0.10521  0.472142
 0.023102 -0.105204  0.471842
0.0231092 -0.105196  0.471541
0.0231156 -0.105187  0.471244
0.0231209  -0.10518   0.47095
0.0231221  -0.10517  0.470656
0.0231251 -0.105162  0.470371
0.0231316 -0.105155  0.470093
0.0231343 -0.105147  0.469815
0.0231352 -0.105138   0.46954
0.0231366 -0.105128  0.469269
0.0231376  -0.10512  0.469002
0.0231377  -0.10511  0.468737
0.0231362 -0.105101  0.468476
0.0231351  -0.10509  0.468218
0.0231196 -0.105084  0.467938
0.0231185 -0.105073  0.467688
0.0231151 -0.105062  0.467441
0.0231115  -0.10505  0.467196
0.0231072 -0.105039  0.466955
0.0231026 -0.105027  0.466717
0.0230971 -0.105015  0.466482
0.0230914 -0.105002   0.46625
 0.023091 -0.104986  0.466016
0.0230842 -0.104973  0.465791
0.0230769  -0.10496  0.465568
 0.023069 -0.104947  0.465349
0.0230607 -0.104934  0.465132
0.0230517  -0.10492  0.464919
0.0230445 -0.104908  0.464712
0.0230345 -0.104894  0.464505
0.0230242  -0.10488    0.4643
0.0230132 -0.104867  0.464098
0.0230019 -0.104853    0.4639
0.0229901  -0.10484  0.463703
0.0229778 -0.104826   0.46351
0.0229653 -0.104813  0.463319
0.0229522   -0.1048  0.463131
 0.022939 -0.104788  0.462945
0.0229266 -0.104775  0.462763
0.0229127 -0.104763  0.462582
0.0228973 -0.104751  0.462403
0.0228842 -0.104739  0.462228
0.0228696 -0.104727  0.462054
0.0228548 -0.104716  0.461883
0.0228399 -0.104706  0.461714
 0.022815 -0.104692   0.46153
0.0227999 -0.104682  0.461366
0.0227857 -0.104672  0.461205
0.0227705 -0.104663  0.461045
0.0227552 -0.104654  0.460888
0.0227439 -0.104644  0.460729
0.0227297 -0.104637  0.460578
0.0227142 -0.104628  0.460427
0.0226988 -0.104621  0.460278
0.0226835 -0.104612  0.460131
0.0226679 -0.104604  0.459986
0.0226526 -0.104597  0.459843
 0.022637 -0.104589  0.459703
0.0226216 -0.104581  0.459565
0.0226063 -0.104574  0.459429
0.0225908 -0.104566  0.459295
0.0225754 -0.104558  0.459163
0.0225601 -0.104551  0.459033
0.0225446 -0.104542  0.458906
0.0225293 -0.104535   0.45878
0.0225139 -0.104526  0.458657
0.0224998 -0.104519  0.458536
0.0224847  -0.10451  0.458416
0.0224694 -0.104502  0.458298
0.0224476 -0.104492   0.45817
0.0224325 -0.104482  0.458056
