5.00679e-06
0.00957012
0.019639
0.0296941
0.0397611
0.0498171
0.0598762
0.069942
0.0800152
0.0900862
0.100172
0.110227
0.120283
0.130339
0.140405
0.150461
0.160517
0.170575
0.180631
0.190688
0.200746
0.210801
0.22087
0.230923
0.24098
0.251038
0.26112
0.271176
0.281233
0.291289
0.301347
0.311403
0.321458
0.331513
0.341572
0.351629
0.361685
0.371741
0.381797
0.391853
0.401921
0.411989
0.422046
0.432105
0.442164
0.452225
0.462281
0.472349
0.482414
0.492484
0.502539
0.512594
0.522661
0.532715
0.542769
0.552828
0.562886
0.572942
0.583006
0.593061
0.603117
0.613187
0.623241
0.633287
0.643342
0.653408
0.663473
0.673529
0.683587
0.693647
0.703706
0.713761
0.723816
0.733871
0.743956
0.754029
0.764097
0.774151
0.784205
0.79426
0.80432
0.814377
0.824436
0.834493
0.84456
0.854622
0.864676
0.874732
0.884788
0.894855
0.904912
0.914968
0.925024
0.935081
0.945152
0.955207
0.965277
0.975349
0.985405
0.995463
1.00552
1.01558
1.02563
1.03569
1.04575
1.0558
1.06586
1.07592
1.08597
1.09603
1.10609
1.11614
1.1262
1.13625
1.14631
1.15637
1.16642
1.17648
1.18654
1.19662
1.20667
1.21673
1.22678
1.23684
1.2469
1.25696
1.26701
1.27707
1.28713
1.29719
1.30724
1.3173
1.32736
1.33741
1.34747
1.35752
1.36758
1.37764
1.38769
1.39775
1.4078
1.41783
1.42788
1.43797
1.44802
1.45808
1.46813
1.47821
1.48827
1.49833
1.50839
1.51845
1.52852
1.53857
1.54863
1.55869
1.56874
1.5788
1.58886
1.59891
1.60897
1.61903
1.62908
1.63914
1.6492
1.65925
1.66931
1.67936
1.68942
1.69948
1.70953
1.7196
1.72965
1.73971
1.74976
1.75982
1.76987
1.77993
1.78998
1.80004
1.8101
1.82015
1.83021
1.84028
1.85035
1.86041
1.87046
1.88052
1.89059
1.90064
1.91071
1.92078
1.93083
1.94089
1.95095
1.961
1.97107
1.98112
1.99118
2.00124
2.0113
2.02136
2.03141
2.04147
2.05153
2.06158
2.07165
2.08172
2.09178
2.10184
2.11189
2.12195
2.132
2.14206
2.15212
2.16217
2.17222
2.18228
2.19234
2.20239
2.21245
2.22251
2.23256
2.24262
2.25267
2.26273
2.27278
2.28284
2.2929
2.30295
2.31301
2.32307
2.33314
2.34321
2.35326
2.36332
2.37338
2.38344
2.3935
2.40356
2.41362
2.42367
2.43373
2.44379
2.45385
2.46391
2.47396
2.48402
2.49408
2.50414
2.51419
2.52425
2.5343
2.54437
2.55443
2.56452
2.57458
2.58464
2.59469
2.60475
2.6148
2.62486
2.63492
2.64497
2.65503
2.66508
2.67513
2.6852
2.69527
2.70533
2.71539
2.72544
2.73551
2.74557
2.75564
2.76571
2.77576
2.78582
2.79588
2.80593
2.81599
2.82604
2.8361
2.84616
2.85623
2.86628
2.87634
2.8864
2.89646
2.90664
2.9167
2.92676
2.93682
2.94687
2.95693
2.96698
2.97704
2.98709
2.99715
3.0072
3.01726
3.02732
3.03737
3.04743
3.05748
3.06754
3.07759
3.08765
3.0977
3.10776
3.11782
3.12787
3.13793
3.14798
3.15804
3.16809
3.17815
3.18821
3.19825
3.2083
3.21836
3.22842
3.23848
3.24854
3.25859
3.26865
3.27871
3.28876
3.29882
3.30888
3.31894
3.329
3.33905
3.34911
3.35917
3.36922
3.37929
3.38934
3.3994
3.40946
3.41952
3.42958
3.43964
3.4497
3.45976
3.46982
3.47987
3.48993
3.49999
3.51005
3.52011
3.53016
3.54022
3.55028
3.56034
3.57039
3.58045
3.59051
3.60057
3.61063
3.62068
3.63074
3.6408
3.65085
3.66091
3.67097
3.68102
3.69108
3.70114
3.7112
3.72126
3.73131
3.74137
3.75143
3.76148
3.77154
3.78159
3.79165
3.80171
3.81177
3.82183
3.83189
3.84194
3.85195
3.86201
3.87208
3.88213
3.8922
3.90227
3.91233
3.9224
3.93246
3.94249
3.95255
3.96261
3.97267
3.98272
3.99279
4.00285
4.01291
4.02296
4.03302
4.04308
4.05313
4.06319
4.07325
4.0833
4.09336
4.10341
4.11347
4.12352
4.13358
4.14363
4.15369
4.16374
4.1738
4.18386
4.19391
4.20397
4.21402
4.22408
4.23414
4.24419
4.25425
4.26431
4.27436
4.28442
4.29447
4.30453
4.31459
4.32464
4.3347
4.34475
4.35483
4.36488
4.37494
4.385
4.39505
4.40511
4.41516
4.42522
4.43527
4.44533
4.45538
4.46544
4.47549
