   -6.02795    0.075727    0.022782    -1.77796     1.36736   -0.212421    0.829918 -0.00509614    -1.75586     1.37581   -0.224651    0.819037 -0.00552193      -3.629   -0.487406   0.0334735    -0.39063     2.12405    0.326777    -3.73586   -0.382381   0.0384382   -0.329265      2.1493    0.370763
   -6.02762   0.0762885   0.0246716    -1.77788     1.36689   -0.211905    0.829913 -0.00503099    -1.75586     1.37581   -0.224651    0.819037 -0.00552193    -3.63099   -0.487008   0.0347689   -0.392752     2.12745    0.326681    -3.73256   -0.383221   0.0372608   -0.322988      2.1516    0.370991
   -6.03014   0.0785908   0.0225474     -1.7779     1.36661   -0.211565    0.829958 -0.00498786    -1.75586     1.37581   -0.224651    0.819037 -0.00552193    -3.63233   -0.486709    0.035746   -0.394085      2.1292    0.326593    -3.73451   -0.384219   0.0379018   -0.320028      2.1521    0.371051
   -6.03525     0.08231   0.0166908    -1.77797     1.36662   -0.211865    0.829957 -0.00509008    -1.75586     1.37581   -0.224651    0.819037 -0.00552193    -3.63066   -0.485902   0.0351545   -0.393094     2.12884    0.326564    -3.74127    -0.38534    0.040243   -0.320042     2.15072    0.370947
   -6.04068    0.085308   0.0101056    -1.77811     1.36694   -0.212766    0.829929 -0.00532145    -1.75586     1.37581   -0.224651    0.819037 -0.00552193    -3.62616   -0.484642   0.0331345   -0.389879     2.12633    0.326592    -3.74897   -0.386148   0.0430271   -0.320927     2.14755    0.370762
   -6.04657   0.0876708  0.00246127     -1.7784     1.36756   -0.213819    0.829994    -0.00555    -1.75586     1.37581   -0.224651    0.819037 -0.00552193    -3.62117    -0.48353   0.0309551   -0.385932     2.12215    0.326624    -3.75793   -0.386711   0.0463865   -0.322783     2.14254    0.370481
   -6.05243   0.0895489 -0.00540347    -1.77884     1.36851   -0.215075    0.830143 -0.00578597    -1.75586     1.37581   -0.224651    0.819037 -0.00552193     -3.6154   -0.482481    0.028494   -0.381056     2.11624    0.326667    -3.76717   -0.387064   0.0499488   -0.324953     2.13622    0.370148
   -6.05781   0.0910974  -0.0126464    -1.77936     1.36958   -0.216386     0.83034 -0.00601573    -1.75586     1.37581   -0.224651    0.819037 -0.00552193    -3.60944   -0.481551    0.026031   -0.375721     2.10911    0.326711    -3.77569    -0.38729   0.0533268   -0.326866     2.12929    0.369809
   -6.06273   0.0923605  -0.0194347    -1.77988      1.3706   -0.217601    0.830545 -0.00622359    -1.75586     1.37581   -0.224651    0.819037 -0.00552193    -3.60393   -0.480762   0.0238279   -0.370459     2.10145    0.326751    -3.78365    -0.38738   0.0565656   -0.328569     2.12193    0.369469
   -6.06723   0.0933725  -0.0259113    -1.78038     1.37158    -0.21874    0.830747 -0.00641152    -1.75586     1.37581   -0.224651    0.819037 -0.00552193    -3.59869   -0.480119   0.0218157   -0.365221     2.09342    0.326786    -3.79119   -0.387384   0.0597045   -0.330132     2.11433    0.369129
    -6.0713   0.0941754   -0.032131    -1.78085     1.37253    -0.21983    0.830939 -0.00658675    -1.75586     1.37581   -0.224651    0.819037 -0.00552193    -3.59359    -0.47957   0.0199254   -0.359964      2.0852    0.326821    -3.79833   -0.387365   0.0627533   -0.331564     2.10662    0.368789
    -6.0749   0.0948066  -0.0381039    -1.78128     1.37344   -0.220878    0.831114 -0.00675371    -1.75586     1.37581   -0.224651    0.819037 -0.00552193    -3.58857   -0.479052   0.0181278   -0.354676     2.07695     0.32686    -3.80504   -0.387285   0.0656995    -0.33282     2.09895    0.368448
   -6.07802   0.0952853  -0.0438532    -1.78167     1.37428   -0.221874     0.83127 -0.00690902    -1.75586     1.37581   -0.224651    0.819037 -0.00552193    -3.58358   -0.478602   0.0164204   -0.349384     2.06876    0.326897    -3.81134   -0.387133    0.068538   -0.333906     2.09144    0.368112
   -6.08064    0.095612  -0.0493399      -1.782     1.37506   -0.222818      0.8314  -0.0070516    -1.75586     1.37581   -0.224651    0.819037 -0.00552193     -3.5786   -0.478231    0.014789    -0.34411     2.06076    0.326927    -3.81717   -0.386934   0.0712412   -0.334813     2.08424    0.367785
   -6.08274   0.0957941  -0.0545338    -1.78226     1.37577   -0.223702      0.8315 -0.00718224    -1.75586     1.37581   -0.224651    0.819037 -0.00552193    -3.57364   -0.477918   0.0132394    -0.33891     2.05308    0.326952    -3.82249   -0.386679   0.0737859   -0.335532     2.07746     0.36747
    -6.0843    0.095827  -0.0594026    -1.78245      1.3764    -0.22452    0.831567 -0.00730037    -1.75586     1.37581   -0.224651    0.819037 -0.00552193    -3.56873   -0.477672   0.0117775   -0.333837     2.04585    0.326967    -3.82726    -0.38633   0.0761483   -0.336039     2.07119    0.367173
   -6.08531   0.0957219  -0.0638925    -1.78257     1.37694   -0.225264      0.8316 -0.00740442    -1.75586     1.37581   -0.224651    0.819037 -0.00552193    -3.56388   -0.477533   0.0104145   -0.328942     2.03911    0.326965    -3.83141   -0.385924   0.0783012   -0.336336     2.06551    0.366897
   -6.08577   0.0954787  -0.0679654     -1.7826     1.37736   -0.225923      0.8316 -0.00749486    -1.75586     1.37581   -0.224651    0.819037 -0.00552193    -3.55916   -0.477467  0.00916144   -0.324286     2.03299    0.326947    -3.83492   -0.385437   0.0802216   -0.336413     2.06051    0.366645
   -6.08568   0.0951022  -0.0715932    -1.78254     1.37767    -0.22649    0.831564 -0.00757075    -1.75586     1.37581   -0.224651    0.819037 -0.00552193     -3.5546     -0.4775  0.00802997   -0.319927     2.02755    0.326909    -3.83775   -0.384865   0.0818959   -0.336257     2.05621    0.366419
    -6.0851   0.0946357  -0.0749093    -1.78241     1.37786    -0.22696    0.831496 -0.00763213    -1.75586     1.37581   -0.224651    0.819037 -0.00552193    -3.55023   -0.477636  0.00702982   -0.315894      2.0228    0.326849     -3.8401   -0.384254   0.0833563   -0.336068     2.05278    0.366231
     -6.084    0.094051  -0.0777643    -1.78217     1.37793   -0.227357    0.831385 -0.00768323    -1.75586     1.37581   -0.224651    0.819037 -0.00552193    -3.54598    -0.47782   0.0060885   -0.312309     2.01893    0.326772    -3.84177   -0.383583   0.0845661   -0.335655     2.05005    0.366063
   -6.08233   0.0933261  -0.0799904    -1.78186     1.37787   -0.227658    0.831241 -0.00772364    -1.75586     1.37581   -0.224651    0.819037 -0.00552193    -3.54194   -0.478083  0.00527975   -0.309063     2.01578    0.326675    -3.84254    -0.38283    0.085484   -0.334805     2.04783    0.365901
   -6.08019    0.092496     -0.0817    -1.78148     1.37765    -0.22784    0.831074 -0.00775201    -1.75586     1.37581   -0.224651    0.819037 -0.00552193    -3.53824   -0.478452  0.00468881   -0.306066     2.01315    0.326557    -3.84259   -0.382033   0.0861377   -0.333693     2.04623    0.365761
   -6.07767   0.0916011  -0.0831229    -1.78105     1.37729   -0.227919    0.830884 -0.00777059    -1.75586     1.37581   -0.224651    0.819037 -0.00552193    -3.53484   -0.478883  0.00425836   -0.303451     2.01115    0.326418    -3.84222    -0.38121   0.0866025   -0.332532      2.0453    0.365655
   -6.07473   0.0905916  -0.0840626    -1.78054     1.37682    -0.22793    0.830665 -0.00778023    -1.75586     1.37581   -0.224651    0.819037 -0.00552193    -3.53159   -0.479338  0.00389203   -0.301279     2.00982    0.326262    -3.84118   -0.380315   0.0868223   -0.331115      2.0449    0.365564
   -6.07131   0.0894286  -0.0842887    -1.77998     1.37621   -0.227839    0.830427 -0.00777295    -1.75586     1.37581   -0.224651    0.819037 -0.00552193    -3.52862   -0.479878  0.00368002   -0.299449     2.00904    0.326084     -3.8392   -0.379349    0.086733   -0.329213     2.04487    0.365473
   -6.06755   0.0881584  -0.0840025    -1.77938     1.37546    -0.22762    0.830181 -0.00774831    -1.75586     1.37581   -0.224651    0.819037 -0.00552193    -3.52612   -0.480516  0.00372648   -0.297883     2.00866    0.325883    -3.83655   -0.378377   0.0864054    -0.32702      2.0452    0.365387
   -6.06349   0.0867884  -0.0832205    -1.77876     1.37459    -0.22731    0.829926 -0.00771501    -1.75586     1.37581   -0.224651    0.819037 -0.00552193    -3.52398   -0.481169  0.00394843   -0.296654     2.00868    0.325669    -3.83326   -0.377446   0.0858545   -0.324549     2.04581    0.365299
   -6.05918   0.0853349   -0.082005     -1.7781     1.37359   -0.226919    0.829661 -0.00767622    -1.75586     1.37581   -0.224651    0.819037 -0.00552193     -3.5222   -0.481787  0.00434021   -0.295731     2.00906    0.325444    -3.82941   -0.376528   0.0851079   -0.321817     2.04666    0.365215
   -6.05465   0.0837975  -0.0803883    -1.77743     1.37249   -0.226453     0.82939 -0.00763039    -1.75586     1.37581   -0.224651    0.819037 -0.00552193    -3.52074   -0.482395  0.00488369   -0.295075     2.00971    0.325209    -3.82506   -0.375619   0.0841831   -0.318834     2.04768     0.36513
   -6.04996   0.0821802  -0.0784182    -1.77674     1.37129    -0.22592    0.829117 -0.00757831    -1.75586     1.37581   -0.224651    0.819037 -0.00552193    -3.51959   -0.482993  0.00557084   -0.294656     2.01058    0.324963    -3.82028   -0.374708   0.0831038    -0.31561     2.04882    0.365042
   -6.04515   0.0804921  -0.0761474    -1.77604        1.37    -0.22533    0.828844 -0.00752083    -1.75586     1.37581   -0.224651    0.819037 -0.00552193    -3.51871   -0.483591  0.00638904   -0.294432      2.0116    0.324706    -3.81512   -0.373799   0.0818959   -0.312166     2.05001    0.364954
   -6.04025   0.0787363   -0.073614    -1.77533     1.36864   -0.224686    0.828576 -0.00745671    -1.75586     1.37581   -0.224651    0.819037 -0.00552193    -3.51808   -0.484181  0.00732155   -0.294358     2.01271     0.32444    -3.80964   -0.372924    0.080581   -0.308527     2.05121    0.364854
   -6.03531   0.0769188  -0.0708747    -1.77463     1.36722   -0.224004    0.828312 -0.00738902    -1.75586     1.37581   -0.224651    0.819037 -0.00552193    -3.51767   -0.484729  0.00835386   -0.294394     2.01387    0.324169    -3.80391   -0.372068   0.0791851   -0.304709     2.05236    0.364743
   -6.03042   0.0750937   -0.068286    -1.77392     1.36576   -0.223294    0.828053 -0.00731878    -1.75586     1.37581   -0.224651    0.819037 -0.00552193    -3.51746   -0.485245  0.00946944   -0.294493     2.01502    0.323892    -3.79836    -0.37126   0.0778398   -0.300969     2.05346    0.364639
   -6.02557   0.0732498  -0.0656219     -1.7732     1.36429   -0.222612    0.827788 -0.00725356    -1.75586     1.37581   -0.224651    0.819037 -0.00552193    -3.51709   -0.485675   0.0105209   -0.294657     2.01612    0.323616    -3.79272   -0.370551   0.0764732   -0.297157      2.0545    0.364504
   -6.02073    0.071338  -0.0625767    -1.77248     1.36279   -0.221928    0.827524 -0.00719107    -1.75586     1.37581   -0.224651    0.819037 -0.00552193    -3.51685   -0.485992   0.0115952   -0.294754     2.01724    0.323346    -3.78664   -0.369925   0.0749866   -0.293009     2.05538    0.364317
   -6.01602   0.0694035  -0.0594855    -1.77178     1.36121   -0.221195    0.827277  -0.0071284    -1.75586     1.37581   -0.224651    0.819037 -0.00552193    -3.51701   -0.486232   0.0128288   -0.294706      2.0183    0.323077    -3.78055   -0.369334   0.0735003    -0.28873     2.05604    0.364116
   -6.01148    0.067514  -0.0567533     -1.7711     1.35962   -0.220468    0.827043 -0.00707305    -1.75586     1.37581   -0.224651    0.819037 -0.00552193    -3.51727   -0.486417   0.0140954   -0.294571     2.01917    0.322807     -3.7749   -0.368787   0.0721547   -0.284637     2.05658     0.36392
   -6.00712   0.0656392  -0.0542161    -1.77041     1.35805   -0.219808    0.826801 -0.00703161    -1.75586     1.37581   -0.224651    0.819037 -0.00552193    -3.51721    -0.48651   0.0152173   -0.294404      2.0199    0.322543     -3.7695   -0.368295   0.0709037    -0.28056     2.05692    0.363697
   -6.00296   0.0637521  -0.0516413    -1.76971      1.3565     -0.2192    0.826556  -0.0070027    -1.75586     1.37581   -0.224651    0.819037 -0.00552193    -3.51705    -0.48652   0.0162738   -0.293978     2.02046    0.322284    -3.76406   -0.367823   0.0696716   -0.276279     2.05699    0.363428
   -5.99905   0.0618938  -0.0493145    -1.76904     1.35494   -0.218598     0.82633 -0.00697833    -1.75586     1.37581   -0.224651    0.819037 -0.00552193    -3.51704   -0.486502   0.0173757   -0.293153     2.02077    0.322024    -3.75896   -0.367355   0.0685555   -0.272015     2.05682    0.363147
    -5.9954   0.0600542  -0.0472956    -1.76837     1.35341   -0.218039    0.826113 -0.00695956    -1.75586     1.37581   -0.224651    0.819037 -0.00552193    -3.51689   -0.486449   0.0184016   -0.292066     2.02083    0.321763    -3.75425   -0.366858    0.067578    -0.26778     2.05641    0.362852
   -5.99203   0.0582346  -0.0456302    -1.76772     1.35193    -0.21754    0.825903 -0.00694775    -1.75586     1.37581   -0.224651    0.819037 -0.00552193    -3.51653   -0.486392   0.0193333   -0.290671      2.0206    0.321499       -3.75   -0.366286   0.0667528   -0.263539     2.05574    0.362547
   -5.98896   0.0564494  -0.0443484    -1.76706     1.35051   -0.217107    0.825697 -0.00694478    -1.75586     1.37581   -0.224651    0.819037 -0.00552193    -3.51592   -0.486373   0.0201598   -0.288941     2.02006    0.321225    -3.74624   -0.365664   0.0660897   -0.259336     2.05487    0.362234
   -5.98621   0.0547087  -0.0434793     -1.7664     1.34916   -0.216746    0.825494 -0.00695177    -1.75586     1.37581   -0.224651    0.819037 -0.00552193    -3.51505   -0.486371   0.0208638    -0.28687     2.01925    0.320945      -3.743   -0.365016   0.0656017   -0.255242      2.0538     0.36191
   -5.98372    0.053043  -0.0433462    -1.76574     1.34786    -0.21646    0.825291 -0.00696982    -1.75586     1.37581   -0.224651    0.819037 -0.00552193    -3.51389    -0.48636    0.021428   -0.284444     2.01819    0.320661    -3.74069   -0.364311   0.0653865   -0.251561     2.05275      0.3616
   -5.98156   0.0514186  -0.0437069    -1.76502     1.34666   -0.216294    0.825061 -0.00700201    -1.75586     1.37581   -0.224651    0.819037 -0.00552193    -3.51205   -0.486351   0.0216942   -0.281896     2.01707    0.320373    -3.73898   -0.363524   0.0653725   -0.248001     2.05153    0.361281
    -5.9798   0.0498145  -0.0442725    -1.76427     1.34554   -0.216212    0.824828 -0.00704245    -1.75586     1.37581   -0.224651    0.819037 -0.00552193    -3.50986    -0.48639   0.0217966   -0.278894     2.01569    0.320078    -3.73753   -0.362673   0.0654743   -0.244266     2.04993    0.360925
   -5.97838   0.0482648  -0.0453001    -1.76357     1.34447   -0.216174    0.824617  -0.0070885    -1.75586     1.37581   -0.224651    0.819037 -0.00552193    -3.50772   -0.486478   0.0218815   -0.275186     2.01388    0.319771    -3.73668   -0.361779    0.065766    -0.24065     2.04817     0.36056
    -5.9773   0.0467862  -0.0468746    -1.76284     1.34346   -0.216216    0.824404 -0.00714352    -1.75586     1.37581   -0.224651    0.819037 -0.00552193    -3.50526   -0.486574   0.0218093   -0.271093     2.01185    0.319458     -3.7365   -0.360849   0.0662786     -0.2372     2.04627    0.360185
   -5.97657   0.0453898  -0.0489884    -1.76209     1.34254   -0.216349    0.824182 -0.00720877    -1.75586     1.37581   -0.224651    0.819037 -0.00552193     -3.5024   -0.486671   0.0215438   -0.266567     2.00961    0.319142    -3.73701   -0.359888   0.0670056   -0.233923     2.04427    0.359801
   -5.97618   0.0440645  -0.0515025    -1.76132     1.34169   -0.216572    0.823951 -0.00728445    -1.75586     1.37581   -0.224651    0.819037 -0.00552193    -3.49916   -0.486763   0.0210843   -0.261628     2.00721    0.318822    -3.73804   -0.358919   0.0678946   -0.230735     2.04218    0.359406
   -5.97614   0.0428088  -0.0543763    -1.76052     1.34088   -0.216862    0.823716 -0.00736895    -1.75586     1.37581   -0.224651    0.819037 -0.00552193    -3.49567   -0.486834   0.0204861   -0.256348     2.00467    0.318499    -3.73958   -0.357937   0.0689288   -0.227599        2.04    0.359003
   -5.97643   0.0416295  -0.0576666    -1.75971     1.34012   -0.217214    0.823479 -0.00746155    -1.75586     1.37581   -0.224651    0.819037 -0.00552193    -3.49197   -0.486891   0.0197663   -0.250745     2.00199    0.318171    -3.74166   -0.356939   0.0701231   -0.224563     2.03779    0.358594
   -5.97705   0.0405393  -0.0613271    -1.75887     1.33941   -0.217633    0.823232 -0.00756263    -1.75586     1.37581   -0.224651    0.819037 -0.00552193      -3.488   -0.486936   0.0188969   -0.244811     1.99923     0.31784    -3.74425   -0.355954   0.0714574    -0.22162      2.0356    0.358173
   -5.97798   0.0395309  -0.0652294    -1.75799     1.33872   -0.218113    0.822976 -0.00767487    -1.75586     1.37581   -0.224651    0.819037 -0.00552193    -3.48382   -0.486943   0.0178897   -0.238585     1.99644    0.317507    -3.74722   -0.355007   0.0728846   -0.218692     2.03341    0.357743
   -5.97923   0.0385954  -0.0693434     -1.7571     1.33804   -0.218636    0.822715 -0.00779694    -1.75586     1.37581   -0.224651    0.819037 -0.00552193    -3.47956   -0.486894   0.0167966   -0.232127     1.99363    0.317173    -3.75054   -0.354088   0.0743912   -0.215753     2.03124    0.357305
   -5.98081   0.0377326  -0.0736384    -1.75618     1.33736   -0.219193    0.822451 -0.00792537    -1.75586     1.37581   -0.224651    0.819037 -0.00552193    -3.47524   -0.486797   0.0156305   -0.225454     1.99082    0.316836    -3.75417   -0.353177   0.0759633    -0.21277     2.02908    0.356861
   -5.98267   0.0369142  -0.0780245    -1.75525     1.33669    -0.21978    0.822185 -0.00805935    -1.75586     1.37581   -0.224651    0.819037 -0.00552193    -3.47089   -0.486677   0.0144066   -0.218582     1.98798    0.316494    -3.75802   -0.352294   0.0775605   -0.209716     2.02698     0.35641
   -5.98481   0.0361549  -0.0824302    -1.75428     1.33602   -0.220391     0.82191 -0.00820241    -1.75586     1.37581   -0.224651    0.819037 -0.00552193     -3.4666   -0.486516   0.0131543    -0.21158      1.9852    0.316147    -3.76201    -0.35147   0.0791526   -0.206575     2.02501    0.355952
   -5.98724   0.0354796   -0.086834    -1.75328     1.33531   -0.221015    0.821624 -0.00835656    -1.75586     1.37581   -0.224651    0.819037 -0.00552193    -3.46245   -0.486287    0.011894   -0.204506     1.98255    0.315796    -3.76614   -0.350691   0.0807343   -0.203301     2.02311     0.35549
   -5.98998   0.0348693  -0.0912439    -1.75227     1.33454   -0.221633    0.821339 -0.00851758    -1.75586     1.37581   -0.224651    0.819037 -0.00552193    -3.45844   -0.486005   0.0106394    -0.19735     1.97996    0.315439    -3.77041   -0.349886   0.0822956   -0.199894     2.02137    0.355031
   -5.99309   0.0342966  -0.0955189    -1.75123     1.33373   -0.222245    0.821055 -0.00868157    -1.75586     1.37581   -0.224651    0.819037 -0.00552193    -3.45461   -0.485744  0.00939142   -0.190098     1.97749    0.315069    -3.77473   -0.349058    0.083772   -0.196338      2.0199     0.35458
   -5.99656   0.0337591  -0.0995429    -1.75018     1.33286   -0.222833    0.820776 -0.00884597    -1.75586     1.37581   -0.224651    0.819037 -0.00552193    -3.45113   -0.485507  0.00819562   -0.182901     1.97526    0.314685    -3.77899    -0.34827   0.0851271   -0.192575     2.01865    0.354133
   -6.00033   0.0332539   -0.103349    -1.74913     1.33191   -0.223381    0.820509  -0.0090103    -1.75586     1.37581   -0.224651    0.819037 -0.00552193    -3.44809   -0.485234  0.00709249   -0.175857     1.97325     0.31429    -3.78318   -0.347499   0.0863752   -0.188573     2.01756    0.353693
   -6.00438   0.0327749   -0.106915    -1.74807     1.33091   -0.223893    0.820252 -0.00917298    -1.75586     1.37581   -0.224651    0.819037 -0.00552193    -3.44542   -0.484945  0.00607697   -0.168912     1.97142    0.313883    -3.78728    -0.34675   0.0875061   -0.184322     2.01666    0.353256
   -6.00873   0.0323241   -0.110223    -1.74702     1.32983   -0.224364    0.820006 -0.00933311    -1.75586     1.37581   -0.224651    0.819037 -0.00552193    -3.44316   -0.484635  0.00515739   -0.162083     1.96977    0.313462    -3.79127   -0.346044    0.088515   -0.179819     2.01594    0.352822
   -6.01337   0.0318898   -0.113232    -1.74596     1.32869   -0.224793    0.819771 -0.00949054    -1.75586     1.37581   -0.224651    0.819037 -0.00552193    -3.44131   -0.484285  0.00433834   -0.155374     1.96832    0.313031    -3.79513   -0.345386   0.0893812   -0.174953     2.01542    0.352403
    -6.0183   0.0314629   -0.115914     -1.7449     1.32748   -0.225173    0.819547 -0.00964397    -1.75586     1.37581   -0.224651    0.819037 -0.00552193    -3.43993   -0.483892  0.00363803   -0.148807     1.96708     0.31259    -3.79883    -0.34477   0.0900939   -0.169716     2.01511    0.351993
   -6.02353   0.0310326   -0.118267    -1.74383     1.32619   -0.225501    0.819336 -0.00979239    -1.75586     1.37581   -0.224651    0.819037 -0.00552193    -3.43902   -0.483463  0.00306643   -0.142397     1.96607     0.31214    -3.80235   -0.344192   0.0906552   -0.164199     2.01497    0.351583
   -6.02905   0.0305894   -0.120294    -1.74276     1.32483   -0.225777    0.819138 -0.00993526    -1.75586     1.37581   -0.224651    0.819037 -0.00552193    -3.43863      -0.483  0.00262453   -0.136144     1.96526    0.311678     -3.8057   -0.343637    0.091065   -0.158396       2.015    0.351173
    -6.0349   0.0301417   -0.122057     -1.7417     1.32341      -0.226    0.818955  -0.0100718    -1.75586     1.37581   -0.224651    0.819037 -0.00552193    -3.43875   -0.482519  0.00231241   -0.130046     1.96465    0.311204    -3.80895   -0.343036   0.0913418    -0.15232     2.01524    0.350775
   -6.04107   0.0296703   -0.123575    -1.74065     1.32192   -0.226165    0.818796   -0.010194    -1.75586     1.37581   -0.224651    0.819037 -0.00552193    -3.43931   -0.482086  0.00211238   -0.124081     1.96421     0.31071    -3.81213   -0.342415   0.0914952   -0.145985     2.01566    0.350385
   -6.04758   0.0291362   -0.124824    -1.73961     1.32039   -0.226276    0.818663  -0.0102994    -1.75586     1.37581   -0.224651    0.819037 -0.00552193    -3.44032   -0.481676  0.00201656   -0.118229     1.96394    0.310198     -3.8152    -0.34179   0.0915169   -0.139383     2.01624    0.350001
   -6.05437    0.028537   -0.125726    -1.73857     1.31885    -0.22635    0.818543  -0.0103928    -1.75586     1.37581   -0.224651    0.819037 -0.00552193     -3.4418   -0.481271  0.00203446   -0.112495     1.96385    0.309673    -3.81807   -0.341217   0.0913844    -0.13248     2.01695    0.349614
   -6.06147   0.0279368   -0.126325     -1.7375     1.31727   -0.226393    0.818422  -0.0104872    -1.75586     1.37581   -0.224651    0.819037 -0.00552193    -3.44381   -0.480816  0.00219044   -0.106897     1.96395     0.30914     -3.8208   -0.340671   0.0911158   -0.125283     2.01781    0.349228
   -6.06889   0.0273522   -0.126699    -1.73641      1.3156    -0.22639    0.818306  -0.0105844    -1.75586     1.37581   -0.224651    0.819037 -0.00552193    -3.44631   -0.480332   0.0024672   -0.101414     1.96421    0.308597    -3.82348   -0.340117   0.0907399   -0.117819     2.01882    0.348847
   -6.07664    0.026736   -0.126821    -1.73534     1.31383   -0.226335    0.818207  -0.0106768    -1.75586     1.37581   -0.224651    0.819037 -0.00552193    -3.44921   -0.479857  0.00283822  -0.0960039     1.96462     0.30804    -3.82608   -0.339587   0.0902513   -0.110068     2.01992    0.348464
   -6.08473   0.0260676   -0.126597    -1.73424     1.31202   -0.226247    0.818114  -0.0107682    -1.75586     1.37581   -0.224651    0.819037 -0.00552193    -3.45257   -0.479356  0.00331656   -0.090652     1.96514    0.307474    -3.82849   -0.339118    0.089619   -0.101988     2.02111    0.348076
   -6.09319   0.0254026   -0.126068    -1.73313     1.31014   -0.226131    0.818019  -0.0108676    -1.75586     1.37581   -0.224651    0.819037 -0.00552193    -3.45647    -0.47879  0.00393428  -0.0853944     1.96581    0.306903    -3.83081   -0.338679   0.0888564  -0.0936008     2.02241    0.347689
   -6.10189   0.0246615    -0.12547      -1.732     1.30818   -0.225973    0.817934  -0.0109717    -1.75586     1.37581   -0.224651    0.819037 -0.00552193    -3.46089   -0.478194  0.00467477  -0.0802273     1.96661    0.306323    -3.83321   -0.338134   0.0880301  -0.0850296     2.02397    0.347314
   -6.11094   0.0238715   -0.124693    -1.73086     1.30615   -0.225772    0.817857  -0.0110669    -1.75586     1.37581   -0.224651    0.819037 -0.00552193    -3.46555   -0.477698  0.00545472   -0.075083      1.9676    0.305724    -3.83561   -0.337593   0.0871185   -0.076201     2.02565    0.346939
   -6.12032   0.0230072    -0.12367    -1.72971     1.30407   -0.225549    0.817785  -0.0111627    -1.75586     1.37581   -0.224651    0.819037 -0.00552193     -3.4706   -0.477194  0.00631369  -0.0699457     1.96873    0.305116    -3.83794   -0.337109   0.0861012  -0.0670853     2.02742    0.346558
   -6.12991   0.0220375   -0.122559    -1.72851     1.30196   -0.225314    0.817702  -0.0112686    -1.75586     1.37581   -0.224651    0.819037 -0.00552193     -3.4761   -0.476629  0.00727418  -0.0648314     1.97001    0.304505    -3.84031   -0.336612   0.0850214  -0.0577895     2.02943    0.346173
   -6.13988   0.0210787   -0.121348    -1.72726     1.29978   -0.225051    0.817612  -0.0113753    -1.75586     1.37581   -0.224651    0.819037 -0.00552193    -3.48188   -0.476069   0.0082725  -0.0597133     1.97152    0.303889    -3.84279   -0.336112   0.0838875  -0.0482667     2.03158    0.345791
   -6.15026   0.0200907   -0.119992    -1.72602     1.29751   -0.224751    0.817538  -0.0114787    -1.75586     1.37581   -0.224651    0.819037 -0.00552193    -3.48798   -0.475507  0.00931741  -0.0545563     1.97316    0.303265    -3.84534   -0.335648   0.0826886  -0.0384952     2.03383    0.345406
   -6.16131   0.0192387   -0.118468    -1.72476     1.29521   -0.224439    0.817468  -0.0115849    -1.75586     1.37581   -0.224651    0.819037 -0.00552193    -3.49447   -0.474902   0.0104259  -0.0493577     1.97493    0.302637    -3.84804   -0.335317   0.0814461  -0.0284354       2.036     0.34501
   -6.17315   0.0184159   -0.116592    -1.72353     1.29285   -0.224128    0.817413  -0.0117045    -1.75586     1.37581   -0.224651    0.819037 -0.00552193    -3.50142   -0.474161   0.0116042  -0.0440438     1.97667    0.302011    -3.85075   -0.335138   0.0800697  -0.0181113     2.03831    0.344598
   -6.18561   0.0174747   -0.114424    -1.72231     1.29044   -0.223789    0.817383  -0.0118278    -1.75586     1.37581   -0.224651    0.819037 -0.00552193    -3.50917   -0.473269   0.0129162  -0.0387497     1.97864    0.301389    -3.85347   -0.335019   0.0785579 -0.00756723     2.04088    0.344175
   -6.19862    0.016532   -0.112202     -1.7211     1.28801   -0.223415    0.817376  -0.0119426    -1.75586     1.37581   -0.224651    0.819037 -0.00552193    -3.51765   -0.472315   0.0143438  -0.0335205     1.98093    0.300764    -3.85641   -0.334922   0.0770201  0.00318573     2.04353    0.343755
    -6.2124   0.0158007   -0.109964    -1.71989      1.2856   -0.223048    0.817384  -0.0120563    -1.75586     1.37581   -0.224651    0.819037 -0.00552193    -3.52646   -0.471333   0.0158007  -0.0282124      1.9833    0.300135    -3.85973   -0.334992   0.0755105   0.0141353      2.0461    0.343322
   -6.22684   0.0151581   -0.107742    -1.71872     1.28315    -0.22271    0.817408  -0.0121878    -1.75586     1.37581   -0.224651    0.819037 -0.00552193     -3.5356   -0.470177   0.0172597  -0.0226967     1.98564    0.299514    -3.86339   -0.335129   0.0740162   0.0252593     2.04869    0.342886
   -6.24195   0.0145818    -0.10566    -1.71754     1.28068   -0.222394    0.817441  -0.0123294    -1.75586     1.37581   -0.224651    0.819037 -0.00552193    -3.54503   -0.468946    0.018717  -0.0170234     1.98801    0.298895    -3.86754   -0.335268   0.0725818   0.0365287     2.05129    0.342451
   -6.25773   0.0140588   -0.103717    -1.71637     1.27825   -0.222117    0.817485  -0.0124758    -1.75586     1.37581   -0.224651    0.819037 -0.00552193    -3.55463   -0.467704   0.0201357   -0.011108     1.99035    0.298271     -3.8722   -0.335399    0.071201    0.048122     2.05392    0.342023
   -6.27393   0.0134425   -0.101839    -1.71519     1.27586   -0.221876    0.817535  -0.0126263    -1.75586     1.37581   -0.224651    0.819037 -0.00552193    -3.56437   -0.466465   0.0215215  -0.0049369     1.99268    0.297641    -3.87721   -0.335471   0.0698194   0.0600151     2.05675    0.341606
   -6.29071   0.0128712   -0.100148    -1.71396     1.27346   -0.221645    0.817579  -0.0127771    -1.75586     1.37581   -0.224651    0.819037 -0.00552193    -3.57429   -0.465281   0.0228979  0.00136835     1.99518    0.297001     -3.8827   -0.335544   0.0685164   0.0720198     2.05957    0.341186
   -6.30802    0.012272  -0.0988107    -1.71272     1.27107   -0.221454    0.817624  -0.0129389    -1.75586     1.37581   -0.224651    0.819037 -0.00552193    -3.58431   -0.464088   0.0242204  0.00798161     1.99763    0.296359     -3.8888   -0.335526   0.0673384   0.0840647     2.06243     0.34077
   -6.32588   0.0116682  -0.0978788    -1.71145     1.26874   -0.221321    0.817666  -0.0131035    -1.75586     1.37581   -0.224651    0.819037 -0.00552193    -3.59424   -0.462979   0.0254342   0.0149687     2.00006    0.295707    -3.89558   -0.335435   0.0663074   0.0961094     2.06534    0.340355
   -6.34426    0.011092  -0.0973557    -1.71013     1.26648   -0.221254    0.817698  -0.0132729    -1.75586     1.37581   -0.224651    0.819037 -0.00552193    -3.60405   -0.461936   0.0265159   0.0223639     2.00247    0.295048    -3.90305   -0.335282    0.065431    0.108172     2.06828    0.339941
   -6.36308   0.0104808  -0.0973442    -1.70877     1.26425   -0.221254    0.817718  -0.0134548    -1.75586     1.37581   -0.224651    0.819037 -0.00552193    -3.61372   -0.460947   0.0274643   0.0301971     2.00484    0.294384    -3.91125   -0.334998   0.0647372    0.120231     2.07126    0.339529
   -6.38237  0.00981328  -0.0978937    -1.70735     1.26207   -0.221327    0.817718  -0.0136455    -1.75586     1.37581   -0.224651    0.819037 -0.00552193    -3.62312   -0.460082   0.0282505    0.038525     2.00715    0.293711    -3.92025   -0.334566   0.0642381    0.132259     2.07432    0.339124
   -6.40213  0.00909963  -0.0990079    -1.70586     1.25999   -0.221481    0.817701  -0.0138381    -1.75586     1.37581   -0.224651    0.819037 -0.00552193     -3.6322   -0.459358   0.0288576   0.0473626     2.00942    0.293026    -3.93006   -0.333992   0.0639358    0.144264     2.07745    0.338726
   -6.42253  0.00841512   -0.100622    -1.70431     1.25799   -0.221716    0.817667  -0.0140333    -1.75586     1.37581   -0.224651    0.819037 -0.00552193    -3.64099   -0.458775   0.0292845   0.0567227     2.01167    0.292331    -3.94069   -0.333327   0.0638183     0.15628     2.08063    0.338332
   -6.44362  0.00777511   -0.102589    -1.70272     1.25608   -0.222032    0.817621  -0.0142347    -1.75586     1.37581   -0.224651    0.819037 -0.00552193    -3.64958   -0.458284   0.0295516    0.066592     2.01387    0.291628    -3.95203   -0.332633   0.0638316    0.168345     2.08391    0.337941
   -6.46536  0.00711587   -0.104821     -1.7011     1.25421   -0.222408    0.817575  -0.0144423    -1.75586     1.37581   -0.224651    0.819037 -0.00552193    -3.65816    -0.45783   0.0297043   0.0768718     2.01612    0.290923    -3.96399   -0.331863    0.063931    0.180536     2.08733    0.337561
   -6.48809  0.00670841   -0.107486    -1.69947      1.2524   -0.222827    0.817536   -0.014652    -1.75586     1.37581   -0.224651    0.819037 -0.00552193    -3.66683   -0.457464   0.0297849   0.0874969     2.01844    0.290213    -3.97688   -0.331154   0.0642274    0.192792      2.0907    0.337179
   -6.51176  0.00641997   -0.110321    -1.69787     1.25065   -0.223336    0.817513   -0.014881    -1.75586     1.37581   -0.224651    0.819037 -0.00552193    -3.67548   -0.457055   0.0297186   0.0987001     2.02067    0.289509    -3.99043   -0.330508   0.0645994    0.205188     2.09419    0.336797
   -6.53601  0.00595143   -0.113049    -1.69629     1.24892   -0.223885    0.817507  -0.0151193    -1.75586     1.37581   -0.224651    0.819037 -0.00552193    -3.68441   -0.456602   0.0295983    0.110238     2.02299    0.288812    -4.00421   -0.329787   0.0648847    0.217864     2.09806    0.336434
   -6.56104  0.00550745    -0.11582    -1.69469      1.2472    -0.22441    0.817512  -0.0153466    -1.75586     1.37581   -0.224651    0.819037 -0.00552193    -3.69384   -0.456246   0.0295432    0.121805     2.02568    0.288111    -4.01846   -0.329095   0.0651796    0.230785     2.10212    0.336078
   -6.58689    0.005079   -0.118566     -1.6931     1.24549   -0.224948    0.817535  -0.0155768    -1.75586     1.37581   -0.224651    0.819037 -0.00552193    -3.70363   -0.455888   0.0294898    0.133617     2.02854    0.287413    -4.03312   -0.328403   0.0654534    0.244021     2.10638    0.335737
   -6.61338  0.00455354   -0.121179    -1.69155     1.24379   -0.225489    0.817582  -0.0158083    -1.75586     1.37581   -0.224651    0.819037 -0.00552193    -3.71387   -0.455558   0.0294721    0.145636     2.03158    0.286717    -4.04803   -0.327668   0.0656446     0.25765     2.11091    0.335417
   -6.64087  0.00393253   -0.123427    -1.69001     1.24209   -0.226007    0.817654   -0.016034    -1.75586     1.37581   -0.224651    0.819037 -0.00552193    -3.72463   -0.455302   0.0295386    0.157768     2.03487    0.286018    -4.06314   -0.326966   0.0656495    0.271577     2.11603    0.335122
   -6.66939   0.0032441   -0.125246    -1.68849     1.24035    -0.22647     0.81776  -0.0162525    -1.75586     1.37581   -0.224651    0.819037 -0.00552193    -3.73631   -0.455052   0.0297391    0.169694     2.03876    0.285321    -4.07842   -0.326324   0.0654462    0.285824     2.12175    0.334851
   -6.69904  0.00282097   -0.127003    -1.68702     1.23856   -0.226871    0.817908  -0.0164644    -1.75586     1.37581   -0.224651    0.819037 -0.00552193    -3.74901   -0.454783   0.0300929    0.181378     2.04331    0.284629    -4.09424   -0.325833    0.065254    0.300459      2.1275    0.334586
   -6.72957  0.00240389   -0.128461    -1.68565     1.23676   -0.227293    0.818104   -0.016692    -1.75586     1.37581   -0.224651    0.819037 -0.00552193    -3.76225     -0.4544   0.0304836    0.193396     2.04788    0.283949    -4.11025   -0.325395   0.0649353    0.315575     2.13349    0.334339
   -6.76069  0.00163706   -0.129258    -1.68433     1.23494   -0.227676    0.818342  -0.0169177    -1.75586     1.37581   -0.224651    0.819037 -0.00552193    -3.77625   -0.453998   0.0310122    0.205467      2.0527    0.283274     -4.1259   -0.324824   0.0643057    0.331504     2.13974    0.334115
    -6.7926 0.000744792   -0.129595    -1.68308     1.23308   -0.227943    0.818633  -0.0171188    -1.75586     1.37581   -0.224651    0.819037 -0.00552193    -3.79139   -0.453757     0.03188    0.217511     2.05778    0.282588    -4.14149   -0.324179   0.0634894    0.348244     2.14597    0.333908
     -6.8252 -0.000256512    -0.129548     -1.68193      1.23121    -0.228142     0.818988   -0.0173114     -1.75586      1.37581    -0.224651     0.819037  -0.00552193     -3.80745    -0.453616    0.0330138     0.229797      2.06279     0.281896      -4.1571     -0.32353    0.0625118     0.365616      2.15234     0.333719
   -6.85847  -0.0013626   -0.129116    -1.68083      1.2293   -0.228282    0.819381  -0.0174969    -1.75586     1.37581   -0.224651    0.819037 -0.00552193    -3.82424   -0.453505   0.0343358    0.242096     2.06795    0.281203     -4.1727   -0.322909   0.0613787    0.383617     2.15884    0.333547
   -6.89246 -0.00257295   -0.128301    -1.67977     1.22736   -0.228363    0.819809  -0.0176765    -1.75586     1.37581   -0.224651    0.819037 -0.00552193    -3.84174    -0.45339   0.0358435    0.254429     2.07325    0.280512    -4.18839   -0.322329   0.0600918    0.402561     2.16545    0.333406
   -6.92721 -0.00387946   -0.127114    -1.67876     1.22537   -0.228384    0.820273  -0.0178499    -1.75586     1.37581   -0.224651    0.819037 -0.00552193    -3.85994   -0.453272   0.0375466    0.266865     2.07867    0.279826    -4.20419   -0.321791   0.0586579    0.422417     2.17214    0.333294
   -6.96341 -0.00478019   -0.125992    -1.67781     1.22335    -0.22835    0.820774  -0.0180179    -1.75586     1.37581   -0.224651    0.819037 -0.00552193    -3.87884   -0.453155   0.0394427    0.279423      2.0842    0.279146    -4.22079   -0.321469   0.0573369    0.442643     2.17854    0.333179
   -7.00076 -0.00559159   -0.124682    -1.67698     1.22133   -0.228368    0.821328  -0.0182142    -1.75586     1.37581   -0.224651    0.819037 -0.00552193     -3.8982   -0.452865   0.0413358    0.292555     2.08944     0.27849     -4.2378   -0.321245   0.0559689    0.463314     2.18497    0.333073
   -7.03899  -0.0064548   -0.123162    -1.67623     1.21931   -0.228374    0.821923  -0.0184174    -1.75586     1.37581   -0.224651    0.819037 -0.00552193    -3.91826   -0.452517   0.0433317    0.305918     2.09472    0.277847     -4.2551   -0.321056   0.0545231    0.484479     2.19151    0.332984
   -7.07855 -0.00699985   -0.121814    -1.67553     1.21727   -0.228353     0.82255  -0.0186193    -1.75586     1.37581   -0.224651    0.819037 -0.00552193    -3.93898   -0.452173   0.0454489    0.319483     2.10012    0.277216    -4.27325    -0.32103   0.0532166    0.506002     2.19784    0.332896
   -7.11908 -0.00756687   -0.120374    -1.67492     1.21526   -0.228392    0.823216  -0.0188453    -1.75586     1.37581   -0.224651    0.819037 -0.00552193    -3.96003   -0.451717   0.0475292    0.333698     2.10531    0.276609    -4.29185    -0.32103   0.0518796    0.527976     2.20431    0.332824
   -7.16047 -0.00822646   -0.118843    -1.67435     1.21327   -0.228423    0.823907  -0.0190724    -1.75586     1.37581   -0.224651    0.819037 -0.00552193    -3.98164   -0.451277    0.049686    0.348205     2.11062    0.276015    -4.31084   -0.321039   0.0505034    0.550421     2.21095    0.332769
   -7.20268 -0.00902996   -0.117151     -1.6738     1.21129   -0.228442    0.824618  -0.0192973    -1.75586     1.37581   -0.224651    0.819037 -0.00552193     -4.0038   -0.450876   0.0519242    0.363007     2.11609    0.275434    -4.33015   -0.321054   0.0490451    0.573324     2.21793    0.332736
   -7.24571  -0.0100069   -0.115242    -1.67327     1.20933   -0.228435    0.825352  -0.0195158    -1.75586     1.37581   -0.224651    0.819037 -0.00552193    -4.02659   -0.450518   0.0542608    0.377996      2.1219    0.274867    -4.34976    -0.32108   0.0474707    0.596652     2.22539    0.332731
   -7.28974  -0.0110454   -0.113225    -1.67276     1.20738   -0.228393    0.826109  -0.0197255    -1.75586     1.37581   -0.224651    0.819037 -0.00552193    -4.05008     -0.4502   0.0567044    0.393075      2.1282    0.274314    -4.36984   -0.321154   0.0458413    0.620341     2.23327    0.332748
   -7.33407  -0.0126913   -0.110654    -1.67227     1.20546   -0.228343     0.82689  -0.0199335    -1.75586     1.37581   -0.224651    0.819037 -0.00552193    -4.07421   -0.449891   0.0592072    0.408352     2.13494    0.273779    -4.38963    -0.32107   0.0438788    0.644612     2.24201    0.332807
   -7.37819  -0.0152247   -0.107386    -1.67173     1.20353   -0.228173    0.827673  -0.0201039    -1.75586     1.37581   -0.224651    0.819037 -0.00552193    -4.09932   -0.449776   0.0619714    0.423284     2.14255    0.273245    -4.40872   -0.320725   0.0414891    0.669654     2.25167    0.332912
   -7.42258  -0.0182275    -0.10387     -1.6711      1.2016   -0.227839    0.828452  -0.0202211    -1.75586     1.37581   -0.224651    0.819037 -0.00552193    -4.12541   -0.449951    0.065085    0.437787     2.15108    0.272704    -4.42777   -0.320222   0.0389287    0.695372     2.26178    0.333053
   -7.46735  -0.0216404   -0.100169    -1.67045      1.1997   -0.227442    0.829241  -0.0203141    -1.75586     1.37581   -0.224651    0.819037 -0.00552193    -4.15207   -0.450325   0.0683775    0.452435     2.16003    0.272165    -4.44691   -0.319577   0.0362283     0.72172     2.27232     0.33323
   -7.51309  -0.0254378  -0.0960934    -1.66979     1.19784   -0.226996    0.830042  -0.0203863    -1.75586     1.37581   -0.224651    0.819037 -0.00552193    -4.17925   -0.450889   0.0718223    0.467269     2.16939    0.271631    -4.46626   -0.318914    0.033306    0.748428     2.28375    0.333447
   -7.55992  -0.0295409  -0.0916508     -1.6691     1.19598   -0.226487    0.830863  -0.0204418    -1.75586     1.37581   -0.224651    0.819037 -0.00552193    -4.20745   -0.451525   0.0754234    0.481925     2.17967    0.271111     -4.4859   -0.318275   0.0301705    0.775451      2.2961    0.333704
   -7.60748   -0.033865  -0.0870892    -1.66842     1.19412   -0.225917    0.831712   -0.020482    -1.75586     1.37581   -0.224651    0.819037 -0.00552193     -4.2367   -0.452199   0.0791657    0.496392     2.19092    0.270611    -4.50586   -0.317584   0.0269396    0.803004     2.30891    0.333995
    -7.6561  -0.0382186  -0.0825822    -1.66777     1.19231   -0.225316     0.83259  -0.0205081    -1.75586     1.37581   -0.224651    0.819037 -0.00552193    -4.26654    -0.45298    0.083016    0.511082     2.20259    0.270124    -4.52646   -0.316912   0.0237241    0.830992     2.32195    0.334309
   -7.70603   -0.042561  -0.0780703    -1.66718     1.19057   -0.224735    0.833498  -0.0205348    -1.75586     1.37581   -0.224651    0.819037 -0.00552193    -4.29685   -0.453803   0.0869012    0.526206     2.21448    0.269658    -4.54767   -0.316319   0.0205537    0.859625     2.33479     0.33462
   -7.75732  -0.0468694  -0.0736072    -1.66671     1.18891   -0.224177    0.834467  -0.0205675    -1.75586     1.37581   -0.224651    0.819037 -0.00552193    -4.32788   -0.454586   0.0908967    0.542222     2.22617    0.269221    -4.56963   -0.315777   0.0174523    0.889342     2.34733    0.334941
   -7.81012  -0.0509494  -0.0694882    -1.66636     1.18734    -0.22365    0.835498   -0.020607    -1.75586     1.37581   -0.224651    0.819037 -0.00552193    -4.35949   -0.455378   0.0950071    0.559219     2.23752    0.268809    -4.59283   -0.315297   0.0145378    0.919772     2.35966    0.335289
   -7.86445  -0.0547842  -0.0657914     -1.6661     1.18587   -0.223208     0.83657  -0.0206647    -1.75586     1.37581   -0.224651    0.819037 -0.00552193    -4.39128   -0.456197    0.099062    0.576991      2.2486     0.26842    -4.61725   -0.314862   0.0118471    0.950433     2.37175    0.335649
   -7.92032  -0.0583522  -0.0625934    -1.66594     1.18451   -0.222863    0.837682  -0.0207437    -1.75586     1.37581   -0.224651    0.819037 -0.00552193    -4.42325   -0.457038    0.103025    0.595551     2.25936    0.268056    -4.64295   -0.314485  0.00941647    0.981288     2.38353    0.336017
   -7.97774  -0.0616257  -0.0599675    -1.66586     1.18326   -0.222628     0.83883  -0.0208459    -1.75586     1.37581   -0.224651    0.819037 -0.00552193     -4.4553   -0.457893    0.106866    0.614971     2.26976    0.267718    -4.67003   -0.314174  0.00728053      1.0123     2.39499    0.336391
   -8.03671  -0.0645828   -0.057973    -1.66587     1.18213   -0.222516    0.840008   -0.020974    -1.75586     1.37581   -0.224651    0.819037 -0.00552193    -4.48737   -0.458756    0.110558    0.635322     2.27977    0.267409    -4.69852   -0.313931  0.00546616     1.04345     2.40609    0.336767
   -8.09723  -0.0672056  -0.0566654    -1.66594     1.18112   -0.222536    0.841213  -0.0211297    -1.75586     1.37581   -0.224651    0.819037 -0.00552193    -4.51939   -0.459626    0.114078    0.656661     2.28937    0.267131    -4.72849    -0.31376  0.00399928     1.07472     2.41682    0.337143
   -8.15881  -0.0697118  -0.0559703    -1.66609     1.18023   -0.222697    0.842441  -0.0213147    -1.75586     1.37581   -0.224651    0.819037 -0.00552193    -4.55129   -0.460502    0.117406    0.679047     2.29852    0.266885    -4.75961   -0.313585  0.00281143     1.10618     2.42725    0.337519
     -8.221  -0.0723073  -0.0557984    -1.66625     1.17945   -0.222966    0.843675  -0.0215168    -1.75586     1.37581   -0.224651    0.819037 -0.00552193    -4.58303   -0.461451    0.120595    0.702391     2.30731    0.266666    -4.79155   -0.313345   0.0018319     1.13794     2.43745    0.337896
   -8.28379  -0.0749775  -0.0561729    -1.66638     1.17877    -0.22331    0.844895  -0.0217239    -1.75586     1.37581   -0.224651    0.819037 -0.00552193    -4.61458   -0.462523    0.123699    0.726598     2.31584     0.26647    -4.82432   -0.313022  0.00106381        1.17     2.44745    0.338274
   -8.34715  -0.0777054  -0.0570981    -1.66647     1.17819   -0.223733    0.846102  -0.0219365    -1.75586     1.37581   -0.224651    0.819037 -0.00552193    -4.64589   -0.463741    0.126716    0.751673     2.32409    0.266294    -4.85794   -0.312609 0.000505498     1.20234     2.45724    0.338657
   -8.41118  -0.0804742  -0.0584662    -1.66652      1.1777   -0.224234    0.847292   -0.022155    -1.75586     1.37581   -0.224651    0.819037 -0.00552193    -4.67695   -0.465114    0.129643    0.777615     2.33207    0.266138    -4.89235   -0.312151 0.000109519     1.23492     2.46703    0.339045
    -8.47594   -0.0832788   -0.0601661     -1.66655       1.1773    -0.224801     0.848473     -0.02238     -1.75586      1.37581    -0.224651     0.819037  -0.00552193     -4.70792    -0.466598     0.132496     0.804272      2.34001     0.266004     -4.92751    -0.311698 -0.000173328      1.26764      2.47702     0.339442
    -8.54138   -0.0861181   -0.0621878     -1.66656      1.17696    -0.225417     0.849649   -0.0226097     -1.75586      1.37581    -0.224651     0.819037  -0.00552193     -4.73897    -0.468148      0.13529     0.831495      2.34813     0.265896     -4.96336    -0.311243 -0.000352534      1.30052      2.48723     0.339849
    -8.60745   -0.0889963   -0.0644948     -1.66653      1.17667    -0.226079     0.850813   -0.0228418     -1.75586      1.37581    -0.224651     0.819037  -0.00552193     -4.77009     -0.46977     0.138029     0.859271      2.35646     0.265812     -4.99986    -0.310776 -0.000449233      1.33357      2.49768     0.340268
    -8.67415   -0.0919191   -0.0670033     -1.66647      1.17643    -0.226779     0.851963    -0.023075     -1.75586      1.37581    -0.224651     0.819037  -0.00552193     -4.80129    -0.471475     0.140731     0.887565      2.36501     0.265749      -5.0369    -0.310313 -0.000484924      1.36688      2.50831     0.340696
     -8.7415   -0.0949075    -0.069599     -1.66639      1.17624    -0.227503     0.853105    -0.023309     -1.75586      1.37581    -0.224651     0.819037  -0.00552193     -4.83264    -0.473238     0.143432      0.91638      2.37373      0.26571     -5.07439    -0.309842 -0.000499945      1.40059      2.51903     0.341135
    -8.81014     -0.09802   -0.0719653     -1.66632      1.17607    -0.228235     0.854252   -0.0235423     -1.75586      1.37581    -0.224651     0.819037  -0.00552193     -4.86424    -0.475068     0.146192     0.945702      2.38252     0.265691     -5.11237    -0.309465 -0.000636258      1.43447      2.53044       0.3416
    -8.88001    -0.101263   -0.0740103     -1.66625      1.17588    -0.228939     0.855419   -0.0237745     -1.75586      1.37581    -0.224651     0.819037  -0.00552193     -4.89675    -0.476873     0.149054     0.975035      2.39205     0.265699     -5.15073    -0.309195 -0.000938464      1.46853      2.54264     0.342093
   -8.95035   -0.104676  -0.0758182    -1.66619     1.17567   -0.229602    0.856609  -0.0240038    -1.75586     1.37581   -0.224651    0.819037 -0.00552193    -4.93027   -0.478638    0.152043     1.00427     2.40244    0.265736    -5.18914   -0.308904 -0.00138425     1.50315     2.55516    0.342611
   -9.02107   -0.108291  -0.0773524    -1.66618     1.17545   -0.230214     0.85782  -0.0242222    -1.75586     1.37581   -0.224651    0.819037 -0.00552193    -4.96433   -0.480472    0.155218      1.0337     2.41315    0.265787     -5.2275   -0.308584 -0.00198726      1.5384     2.56793     0.34315
   -9.09213   -0.112068  -0.0786431    -1.66618     1.17523   -0.230766    0.859046  -0.0244277    -1.75586     1.37581   -0.224651    0.819037 -0.00552193    -4.99892   -0.482378    0.158602     1.06331      2.4241     0.26585    -5.26583    -0.30825 -0.00271802     1.57428     2.58084    0.343706
   -9.16349   -0.116021  -0.0796757    -1.66622     1.17498   -0.231264    0.860283  -0.0246232    -1.75586     1.37581   -0.224651    0.819037 -0.00552193    -5.03398   -0.484333    0.162184     1.09319      2.4352    0.265926    -5.30409   -0.307861  -0.0035915     1.61085     2.59383    0.344283
   -9.23511   -0.120163  -0.0804281    -1.66627     1.17472   -0.231705     0.86153  -0.0248072    -1.75586     1.37581   -0.224651    0.819037 -0.00552193    -5.06947   -0.486376    0.165988     1.12333     2.44636    0.266011    -5.34223   -0.307404 -0.00461674     1.64815     2.60685    0.344877
   -9.30692   -0.124509  -0.0808779    -1.66634     1.17443   -0.232082    0.862784  -0.0249786    -1.75586     1.37581   -0.224651    0.819037 -0.00552193    -5.10537   -0.488514     0.17003     1.15373     2.45752    0.266103    -5.38018   -0.306887 -0.00579716     1.68619     2.61983    0.345488
   -9.37888   -0.129072  -0.0810123    -1.66643     1.17411   -0.232392    0.864043  -0.0251371    -1.75586     1.37581   -0.224651    0.819037 -0.00552193    -5.14169   -0.490732    0.174323     1.18439     2.46863    0.266201     -5.4179   -0.306299 -0.00713864     1.72499     2.63272    0.346114
   -9.45094   -0.133858  -0.0808255    -1.66653     1.17376   -0.232632    0.865305  -0.0252821    -1.75586     1.37581   -0.224651    0.819037 -0.00552193     -5.1784   -0.493036    0.178878     1.21529     2.47963    0.266304    -5.45536   -0.305619 -0.00864659     1.76455     2.64547    0.346756
   -9.52304   -0.138875   -0.080313    -1.66663     1.17338     -0.2328    0.866568  -0.0254132    -1.75586     1.37581   -0.224651    0.819037 -0.00552193    -5.21547    -0.49544    0.183705     1.24642     2.49047     0.26641    -5.49253   -0.304835  -0.0103234     1.80489     2.65803    0.347411
   -9.59514   -0.144135  -0.0794681    -1.66675     1.17295   -0.232894    0.867832  -0.0255302    -1.75586     1.37581   -0.224651    0.819037 -0.00552193    -5.25288   -0.497948    0.188813     1.27777     2.50109    0.266516    -5.52936   -0.303951  -0.0121691       1.846     2.67035    0.348076
   -9.66719   -0.149644  -0.0782965    -1.66687     1.17249   -0.232914    0.869092  -0.0256329    -1.75586     1.37581   -0.224651    0.819037 -0.00552193     -5.2906   -0.500551    0.194206     1.30935     2.51145    0.266624    -5.56582   -0.302968  -0.0141807     1.88788      2.6824     0.34875
   -9.73913   -0.155406  -0.0768094    -1.66699     1.17199    -0.23286    0.870349  -0.0257212    -1.75586     1.37581   -0.224651    0.819037 -0.00552193     -5.3286   -0.503245    0.199886     1.34115     2.52152    0.266732    -5.60191   -0.301873   -0.016357     1.93052     2.69414    0.349433
   -9.81095   -0.161404  -0.0750205    -1.66711     1.17144   -0.232733    0.871598  -0.0257951    -1.75586     1.37581   -0.224651    0.819037 -0.00552193    -5.37022   -0.506335    0.206533     1.37613     2.53194    0.266846     -5.6377   -0.300685  -0.0187019      1.9744     2.70559    0.350144
   -9.88263   -0.167642  -0.0729299    -1.66723     1.17085   -0.232525    0.872833  -0.0258511    -1.75586     1.37581   -0.224651    0.819037 -0.00552193    -5.41143   -0.509487    0.213363      1.4109      2.5419    0.266955    -5.67316   -0.299415   -0.021207     2.01945     2.71669    0.350878
   -9.95429   -0.174126  -0.0704658    -1.66734     1.17022   -0.232237     0.87405  -0.0258888    -1.75586     1.37581   -0.224651    0.819037 -0.00552193    -5.44897   -0.512392    0.219715     1.44261     2.55074    0.267055    -5.70821   -0.298075  -0.0238966     2.06505     2.72761    0.351615
   -10.0264   -0.180865  -0.0674619    -1.66746     1.16954   -0.231875    0.875265  -0.0259125    -1.75586     1.37581   -0.224651    0.819037 -0.00552193    -5.48708    -0.51536    0.226388     1.47461     2.55945    0.267162    -5.74287    -0.29661  -0.0268328     2.11156     2.73817    0.352348
   -10.0987   -0.187879  -0.0639244     -1.6677     1.16887   -0.231428    0.876532  -0.0259239    -1.75586     1.37581   -0.224651    0.819037 -0.00552193    -5.52614   -0.518409     0.23353     1.50719      2.5678    0.267277    -5.77708    -0.29503  -0.0300122     2.15899     2.74839    0.353079
    -10.171   -0.195174  -0.0599922    -1.66805     1.16818   -0.230893     0.87785  -0.0259229    -1.75586     1.37581   -0.224651    0.819037 -0.00552193    -5.56608   -0.521522    0.241125     1.54026     2.57578      0.2674    -5.81082   -0.293444  -0.0333897     2.20682     2.75867    0.353818
    -10.243   -0.202739  -0.0557226    -1.66841     1.16744   -0.230284    0.879165  -0.0259092    -1.75586     1.37581   -0.224651    0.819037 -0.00552193    -5.60651   -0.524624    0.248983     1.57332      2.5839    0.267534     -5.8441   -0.291876  -0.0369373     2.25499     2.76904    0.354557
   -10.3147   -0.210557  -0.0511785    -1.66876     1.16666   -0.229607     0.88047  -0.0258845    -1.75586     1.37581   -0.224651    0.819037 -0.00552193    -5.64736   -0.527688    0.257066     1.60638     2.59218    0.267684    -5.87693   -0.290343  -0.0406275     2.30343     2.77953    0.355296
   -10.3837   -0.217987  -0.0482784    -1.66909     1.16584   -0.228873    0.881758  -0.0258502    -1.75586     1.37581   -0.224651    0.819037 -0.00552193    -5.68851   -0.530699    0.265338     1.63949     2.60066     0.26785    -5.91055   -0.289603  -0.0437268     2.34756     2.79304    0.356148
   -10.4536   -0.224741  -0.0461226    -1.66856     1.16492   -0.228456    0.882668  -0.0258754    -1.75586     1.37581   -0.224651    0.819037 -0.00552193    -5.72633   -0.533364    0.271948     1.66909     2.61272    0.268038    -5.94531   -0.289082  -0.0464173     2.39121     2.80624    0.356939
    -10.527   -0.231365  -0.0429382    -1.66819     1.16402   -0.228211    0.883618   -0.025961    -1.75586     1.37581   -0.224651    0.819037 -0.00552193    -5.76373   -0.535872    0.278331     1.70031     2.62449    0.268278    -5.98014    -0.28803  -0.0493492     2.43886     2.81612    0.357559
   -10.6001   -0.238091  -0.0397228    -1.66881     1.16323   -0.227788    0.884952  -0.0260405    -1.75586     1.37581   -0.224651    0.819037 -0.00552193    -5.80762   -0.538754    0.286998     1.73998     2.63318    0.268599    -6.01482   -0.286999  -0.0522969     2.48663     2.82593    0.358182
   -10.6729   -0.244985  -0.0364543    -1.66936     1.16242   -0.227351     0.88624  -0.0261122    -1.75586     1.37581   -0.224651    0.819037 -0.00552193    -5.85434   -0.541778    0.296354      1.7825     2.64249    0.268967    -6.04921   -0.285977  -0.0552906     2.53455     2.83578    0.358807
   -10.7451   -0.252115  -0.0331151    -1.66984     1.16161   -0.226888     0.88748   -0.026173    -1.75586     1.37581   -0.224651    0.819037 -0.00552193    -5.89991   -0.544693    0.305584     1.82412     2.65175    0.269347    -6.08317   -0.284979  -0.0583453      2.5826     2.84572    0.359431
   -10.8165   -0.259547  -0.0296976    -1.67022     1.16077   -0.226393    0.888667  -0.0262209    -1.75586     1.37581   -0.224651    0.819037 -0.00552193    -5.94447   -0.547546     0.31474     1.86492     2.66107    0.269735     -6.1166   -0.283966  -0.0614932     2.63078     2.85584    0.360056
   -10.8871   -0.267329  -0.0261925    -1.67052     1.15992   -0.225858    0.889801  -0.0262527    -1.75586     1.37581   -0.224651    0.819037 -0.00552193    -5.98815    -0.55035    0.323856     1.90497     2.67052    0.270133     -6.1494   -0.282929  -0.0647525     2.67906     2.86618     0.36068
   -10.9567   -0.275509    -0.02257    -1.67071     1.15906   -0.225277    0.890879  -0.0262662    -1.75586     1.37581   -0.224651    0.819037 -0.00552193     -6.0311   -0.553126    0.332983     1.94435     2.68014    0.270539    -6.18148   -0.281856  -0.0681491      2.7275     2.87674    0.361308
   -11.0252   -0.284119  -0.0188042     -1.6708     1.15817    -0.22464    0.891899   -0.026257    -1.75586     1.37581   -0.224651    0.819037 -0.00552193    -6.07344   -0.555902    0.342164     1.98312     2.68995    0.270952    -6.21278   -0.280723  -0.0717108     2.77615     2.88756     0.36194
   -11.0926    -0.29319  -0.0148982    -1.67077     1.15727   -0.223938    0.892859  -0.0262212    -1.75586     1.37581   -0.224651    0.819037 -0.00552193    -6.11521   -0.558691    0.351418     2.02132         2.7     0.27137    -6.24324   -0.279518  -0.0754485     2.82498     2.89864    0.362578
   -11.1587   -0.302759  -0.0108185    -1.67062     1.15636   -0.223167    0.893756  -0.0261575    -1.75586     1.37581   -0.224651    0.819037 -0.00552193    -6.15652   -0.561507    0.360791     2.05901      2.7102    0.271793    -6.27279   -0.278217  -0.0793762     2.87407     2.90989    0.363222
   -11.2243   -0.312938 -0.00627517    -1.67038     1.15543   -0.222321    0.894602  -0.0260651    -1.75586     1.37581   -0.224651    0.819037 -0.00552193    -6.19806   -0.564235    0.370327     2.09592     2.72103    0.272232    -6.30144   -0.276925  -0.0835873     2.92322     2.92171    0.363874
   -11.2892   -0.323723  -0.0012487    -1.67006     1.15445   -0.221369    0.895416  -0.0259453    -1.75586     1.37581   -0.224651    0.819037 -0.00552193    -6.23991   -0.566847    0.380029     2.13203     2.73258    0.272691    -6.32914   -0.275669  -0.0880902     2.97237     2.93416    0.364535
   -11.3527   -0.335018  0.00400774    -1.66966     1.15341   -0.220309    0.896202  -0.0257979    -1.75586     1.37581   -0.224651    0.819037 -0.00552193    -6.28149   -0.569448    0.389894      2.1677     2.74433    0.273156    -6.35577   -0.274343  -0.0928054     3.02178     2.94679    0.365197
   -11.4148   -0.346831  0.00944569    -1.66921     1.15237   -0.219163    0.896956  -0.0256212    -1.75586     1.37581   -0.224651    0.819037 -0.00552193    -6.32275   -0.572088    0.399935     2.20297     2.75621    0.273622    -6.38134   -0.272897  -0.0977331     3.07147     2.95955    0.365862
   -11.4754   -0.358795   0.0144133     -1.6687     1.15132   -0.217936    0.897672  -0.0254141    -1.75586     1.37581   -0.224651    0.819037 -0.00552193    -6.36304   -0.574763    0.409751      2.2378     2.76894    0.274096     -6.4065   -0.271446   -0.102647     3.12023     2.97311    0.366522
    -11.535    -0.37059   0.0186084    -1.66809     1.15027   -0.216763    0.898335  -0.0252159    -1.75586     1.37581   -0.224651    0.819037 -0.00552193     -6.4021    -0.57748    0.419212     2.27259     2.78222    0.274579    -6.43184   -0.270024   -0.107361     3.16783     2.98718    0.367168
    -11.594    -0.38226   0.0223425    -1.66742     1.14925   -0.215717    0.898949  -0.0250449    -1.75586     1.37581   -0.224651    0.819037 -0.00552193    -6.44028   -0.580273    0.428588      2.3078     2.79497    0.275066    -6.45724   -0.268528   -0.111912     3.21522     3.00076    0.367802
   -11.6524    -0.39381   0.0255932    -1.66672     1.14827   -0.214734    0.899529  -0.0248799    -1.75586     1.37581   -0.224651    0.819037 -0.00552193    -6.47757    -0.58315    0.437881     2.34344     2.80715    0.275557    -6.48268   -0.266946   -0.116295     3.26241     3.01383    0.368424
     -11.71   -0.405234   0.0283381    -1.66601     1.14735   -0.213818    0.900074  -0.0247207    -1.75586     1.37581   -0.224651    0.819037 -0.00552193    -6.51394   -0.586116     0.44709     2.37954     2.81874    0.276053    -6.50818   -0.265273   -0.120502     3.30937     3.02635    0.369031
    -11.767   -0.416523   0.0305481    -1.66529     1.14649   -0.212971    0.900583  -0.0245675    -1.75586     1.37581   -0.224651    0.819037 -0.00552193    -6.54938   -0.589175    0.456211     2.41614     2.82969    0.276552    -6.53374   -0.263511   -0.124523     3.35609     3.03827    0.369623
   -11.8233   -0.427677   0.0322033    -1.66454     1.14568   -0.212197    0.901057  -0.0244208    -1.75586     1.37581   -0.224651    0.819037 -0.00552193    -6.58389   -0.592328    0.465244     2.45326     2.83997    0.277057    -6.55935   -0.261657   -0.128348     3.40257     3.04956    0.370196
   -11.8788   -0.438677   0.0332949    -1.66378     1.14494     -0.2115    0.901498   -0.024281    -1.75586     1.37581   -0.224651    0.819037 -0.00552193    -6.61747   -0.595567    0.474184     2.49093     2.84955    0.277567    -6.58502   -0.259719   -0.131969     3.44879     3.06018    0.370748
   -11.9336   -0.449519   0.0338108      -1.663     1.14425   -0.210882    0.901906  -0.0241489    -1.75586     1.37581   -0.224651    0.819037 -0.00552193     -6.6501   -0.598905    0.483038     2.52914      2.8584    0.278083    -6.61077   -0.257684   -0.135386     3.49477     3.07011    0.371282
   -11.9878   -0.460219   0.0337827    -1.66222     1.14364   -0.210344    0.902285  -0.0240245    -1.75586     1.37581   -0.224651    0.819037 -0.00552193     -6.6818   -0.602372    0.491849     2.56792     2.86649    0.278599    -6.63659   -0.255564   -0.138633     3.54099     3.07933    0.371815
   -12.0412   -0.470748   0.0332137    -1.66144      1.1431   -0.209881    0.902641   -0.023906    -1.75586     1.37581   -0.224651    0.819037 -0.00552193    -6.71261   -0.605983    0.500622     2.60723     2.87383    0.279115    -6.66255   -0.253345   -0.141719     3.58742     3.08787    0.372351
   -12.0941   -0.481081    0.032091     -1.6606     1.14261   -0.209486    0.902984  -0.0237833    -1.75586     1.37581   -0.224651    0.819037 -0.00552193    -6.74252   -0.609708     0.50933     2.64704     2.88041    0.279632    -6.68858   -0.251016   -0.144618     3.63355      3.0957    0.372869
   -12.1464   -0.491238   0.0305401    -1.65974     1.14218   -0.209155     0.90332  -0.0236594    -1.75586     1.37581   -0.224651    0.819037 -0.00552193    -6.77179   -0.613467    0.517985     2.68726      2.8864    0.280159    -6.71463   -0.248646   -0.147362     3.67935     3.10296    0.373368
   -12.1986    -0.50125   0.0288331    -1.65902     1.14182   -0.208868    0.903686  -0.0235474    -1.75586     1.37581   -0.224651    0.819037 -0.00552193    -6.80094   -0.617148    0.526744     2.72815     2.89169    0.280711    -6.74061   -0.246276   -0.150016     3.72519     3.10951    0.373828
   -12.2506   -0.511212   0.0270906    -1.65845      1.1415   -0.208596    0.904084  -0.0234423    -1.75586     1.37581   -0.224651    0.819037 -0.00552193     -6.8301   -0.620704    0.535635     2.76953     2.89632    0.281288     -6.7663   -0.243934   -0.152628     3.77108      3.1154    0.374248
    -12.302   -0.521123   0.0252005    -1.65792     1.14122   -0.208345    0.904477  -0.0233418    -1.75586     1.37581   -0.224651    0.819037 -0.00552193    -6.85896   -0.624156    0.544504     2.81092     2.90067    0.281882    -6.79164    -0.24166   -0.155175     3.81661     3.12093    0.374651
   -12.3529     -0.5309   0.0230935    -1.65746     1.14095   -0.208129    0.904868  -0.0232497    -1.75586     1.37581   -0.224651    0.819037 -0.00552193     -6.8874   -0.627519    0.553323     2.85238     2.90468    0.282494    -6.81674    -0.23945   -0.157626     3.86175     3.12609    0.375037
   -12.4032   -0.540534   0.0207804    -1.65705     1.14071   -0.207945    0.905255  -0.0231658    -1.75586     1.37581   -0.224651    0.819037 -0.00552193    -6.91543   -0.630787    0.562088     2.89388     2.90838    0.283121    -6.84158   -0.237308   -0.159986     3.90647      3.1309    0.375406
   -12.4528   -0.550017   0.0182784    -1.65669     1.14049   -0.207789    0.905638    -0.02309    -1.75586     1.37581   -0.224651    0.819037 -0.00552193    -6.94306   -0.633948    0.570796     2.93538     2.91181    0.283765    -6.86613   -0.235244   -0.162262     3.95075     3.13539    0.375756
   -12.5018   -0.559348   0.0156108    -1.65637     1.14026   -0.207655    0.906016  -0.0230217    -1.75586     1.37581   -0.224651    0.819037 -0.00552193    -6.97029    -0.63699    0.579451     2.97685       2.915    0.284423    -6.89034   -0.233266   -0.164464     3.99457      3.1396    0.376086
   -12.5501   -0.568523   0.0128197    -1.65609     1.14004   -0.207537    0.906388  -0.0229608    -1.75586     1.37581   -0.224651    0.819037 -0.00552193    -6.99718   -0.639884    0.588052     3.01826     2.91799    0.285096    -6.91416   -0.231398   -0.166598     4.03792     3.14354    0.376396
   -12.5978   -0.577545  0.00996018    -1.65585      1.1398   -0.207423    0.906755  -0.0229061    -1.75586     1.37581   -0.224651    0.819037 -0.00552193    -7.02376   -0.642629     0.59662     3.05954      2.9208    0.285783    -6.93755   -0.229633   -0.168693     4.08085     3.14726    0.376689
   -12.6452   -0.586519  0.00732866    -1.65565      1.1395   -0.207281    0.907124  -0.0228581    -1.75586     1.37581   -0.224651    0.819037 -0.00552193    -7.05061   -0.645083    0.605177     3.10038     2.92388    0.286495    -6.96043   -0.228089   -0.170829     4.12318     3.15113    0.376966
   -12.6924   -0.595449  0.00502874     -1.6555     1.13913   -0.207092    0.907504  -0.0228154    -1.75586     1.37581   -0.224651    0.819037 -0.00552193    -7.07784    -0.64721    0.613745     3.14068     2.92731    0.287232     -6.9827   -0.226788   -0.173044     4.16497      3.1552    0.377228
   -12.7388   -0.604264  0.00292275    -1.65541     1.13872   -0.206865    0.907891  -0.0227751    -1.75586     1.37581   -0.224651    0.819037 -0.00552193    -7.10502   -0.649107    0.622343     3.18057     2.93071    0.287981    -7.00427   -0.225635   -0.175312     4.20644     3.15918    0.377475
   -12.7845   -0.612996  0.00108739    -1.65539     1.13826   -0.206588    0.908289  -0.0227351    -1.75586     1.37581   -0.224651    0.819037 -0.00552193    -7.13219   -0.650791     0.63102     3.21999     2.93402    0.288734    -7.02507   -0.224601   -0.177677     4.24775     3.16302     0.37771
    -12.8295    -0.621665 -0.000426971     -1.65544      1.13775    -0.206245     0.908692   -0.0226907     -1.75586      1.37581    -0.224651     0.819037  -0.00552193     -7.15935    -0.652309     0.639822      3.25886      2.93718     0.289483     -7.04508     -0.22364    -0.180185      4.28902      3.16669     0.377942
   -12.8737   -0.630276 -0.00160669    -1.65551     1.13718   -0.205831    0.909085  -0.0226388    -1.75586     1.37581   -0.224651    0.819037 -0.00552193    -7.18647   -0.653669    0.648755     3.29712     2.94016    0.290224    -7.06425   -0.222737   -0.182845     4.33025     3.17019    0.378171
    -12.917   -0.638839 -0.00243222    -1.65561     1.13655    -0.20534    0.909466   -0.022579    -1.75586     1.37581   -0.224651    0.819037 -0.00552193    -7.21352   -0.654877    0.657825     3.33471     2.94294    0.290952    -7.08254   -0.221878    -0.18567     4.37147     3.17347    0.378398
   -12.9594   -0.647384 -0.00284185    -1.65575     1.13584   -0.204766    0.909844  -0.0225113    -1.75586     1.37581   -0.224651    0.819037 -0.00552193    -7.24056   -0.655927    0.667071     3.37164      2.9454    0.291665     -7.0999   -0.221051   -0.188675     4.41275     3.17644     0.37862
    -13.001   -0.655999 -0.00270219    -1.65596     1.13507   -0.204083     0.91023  -0.0224315    -1.75586     1.37581   -0.224651    0.819037 -0.00552193    -7.26772   -0.656829    0.676582     3.40784      2.9475    0.292359    -7.11623   -0.220261   -0.191939     4.45463     3.17906    0.378864
   -13.0418   -0.664738 -0.00195254    -1.65623     1.13423    -0.20328    0.910626  -0.0223373    -1.75586     1.37581   -0.224651    0.819037 -0.00552193    -7.29504    -0.65758    0.686382     3.44323     2.94923    0.293032    -7.13142   -0.219489   -0.195494     4.49711     3.18133     0.37913
    -13.0816    -0.673579 -0.000632802     -1.65656      1.13331    -0.202364     0.911027   -0.0222308     -1.75586      1.37581    -0.224651     0.819037  -0.00552193     -7.32247     -0.65816      0.69643      3.47779      2.95056     0.293685     -7.14549    -0.218709    -0.199298      4.53977       3.1832     0.379387
   -13.1205   -0.682507  0.00120507    -1.65694     1.13231   -0.201345    0.911429  -0.0221126    -1.75586     1.37581   -0.224651    0.819037 -0.00552193    -7.34993   -0.658593    0.706709     3.51154     2.95147    0.294316    -7.15848   -0.217901   -0.203337     4.58258     3.18466    0.379637
   -13.1583   -0.691491  0.00347099    -1.65736     1.13126   -0.200236    0.911824  -0.0219848    -1.75586     1.37581   -0.224651    0.819037 -0.00552193    -7.37729   -0.658873    0.717159     3.54449     2.95192    0.294925    -7.17042   -0.217038   -0.207555     4.62513     3.18569    0.379857
    -13.195   -0.700504  0.00608288    -1.65778     1.13014   -0.199051    0.912203  -0.0218484    -1.75586     1.37581   -0.224651    0.819037 -0.00552193    -7.40445   -0.659014    0.727745     3.57668     2.95193    0.295513    -7.18135   -0.216122   -0.211921     4.66738     3.18627    0.380048
   -13.2307   -0.709569  0.00905734    -1.65823     1.12896   -0.197787    0.912567  -0.0217016    -1.75586     1.37581   -0.224651    0.819037 -0.00552193     -7.4314   -0.659048    0.738507     3.60814     2.95154    0.296076    -7.19129   -0.215206   -0.216485     4.71001     3.18649    0.380257
   -13.2653   -0.718676   0.0123861    -1.65868     1.12774   -0.196447    0.912916  -0.0215453    -1.75586     1.37581   -0.224651    0.819037 -0.00552193    -7.45817   -0.658967    0.749429     3.63889      2.9508    0.296616    -7.20026   -0.214298   -0.221234     4.75294     3.18636    0.380482
   -13.2991   -0.727795   0.0160845    -1.65917     1.12646   -0.195036     0.91326   -0.021383    -1.75586     1.37581   -0.224651    0.819037 -0.00552193    -7.48487   -0.658708    0.760464     3.66889     2.94981    0.297141    -7.20833   -0.213414   -0.226131     4.79575     3.18598    0.380695
    -13.332   -0.736905   0.0201733     -1.6597     1.12512   -0.193558    0.913602  -0.0212172    -1.75586     1.37581   -0.224651    0.819037 -0.00552193    -7.51163   -0.658206    0.771569     3.69814     2.94875     0.29766    -7.21552   -0.212622   -0.231155     4.83832     3.18546    0.380895
   -13.3642   -0.745943   0.0245431    -1.66026     1.12373   -0.192019    0.913927  -0.0210468    -1.75586     1.37581   -0.224651    0.819037 -0.00552193    -7.53832   -0.657484    0.782695     3.72672     2.94765    0.298175    -7.22195    -0.21192   -0.236263     4.88054     3.18487    0.381082
   -13.3955   -0.754867   0.0291048    -1.66078     1.12243   -0.190586    0.914212  -0.0208881    -1.75586     1.37581   -0.224651    0.819037 -0.00552193    -7.56486   -0.656553      0.7938     3.75469     2.94652    0.298688    -7.22769   -0.211312   -0.241415     4.92237     3.18422    0.381256
    -13.426   -0.763666   0.0337943    -1.66129     1.12109   -0.189103    0.914472  -0.0207252    -1.75586     1.37581   -0.224651    0.819037 -0.00552193    -7.59117   -0.655429    0.804866     3.78216     2.94533    0.299201     -7.2328   -0.210793   -0.246581     4.96379     3.18345    0.381416
   -13.4558   -0.772312    0.038538    -1.66183     1.11958   -0.187439    0.914721  -0.0205449    -1.75586     1.37581   -0.224651    0.819037 -0.00552193    -7.61721   -0.654124     0.81586      3.8092     2.94407    0.299713    -7.23736   -0.210366   -0.251729     5.00476     3.18259    0.381561
    -13.485   -0.780815   0.0434184    -1.66243     1.11808   -0.185769    0.914977   -0.020369    -1.75586     1.37581   -0.224651    0.819037 -0.00552193    -7.64316   -0.652616    0.826907     3.83613     2.94245    0.300232     -7.2414   -0.209985   -0.256877     5.04565     3.18135    0.381673
   -13.5137   -0.789223   0.0483988    -1.66308      1.1166    -0.18409    0.915241   -0.020194    -1.75586     1.37581   -0.224651    0.819037 -0.00552193    -7.66898   -0.650945    0.838005     3.86288      2.9405    0.300754    -7.24492   -0.209623   -0.262038     5.08648      3.1798     0.38176
   -13.5415   -0.797502   0.0533155    -1.66372     1.11514   -0.182424    0.915486  -0.0200202    -1.75586     1.37581   -0.224651    0.819037 -0.00552193    -7.69447   -0.649134     0.84898     3.88922     2.93858    0.301278    -7.24798   -0.209346   -0.267145     5.12683     3.17823    0.381843
   -13.5688   -0.805563   0.0581074    -1.66437     1.11371   -0.180791     0.91572  -0.0198533    -1.75586     1.37581   -0.224651    0.819037 -0.00552193    -7.71958    -0.64718    0.859796     3.91532     2.93662    0.301807    -7.25074   -0.209178   -0.272146     5.16666     3.17658    0.381918
   -13.5955   -0.813358   0.0626864    -1.66504     1.11232   -0.179205    0.915942  -0.0196949    -1.75586     1.37581   -0.224651    0.819037 -0.00552193    -7.74423   -0.645103    0.870417     3.94123     2.93465    0.302344    -7.25332   -0.209121   -0.277006     5.20591     3.17487    0.381987
   -13.6217    -0.82084    0.066973    -1.66572     1.11098   -0.177682    0.916152  -0.0195471    -1.75586     1.37581   -0.224651    0.819037 -0.00552193    -7.76837   -0.642918    0.880808     3.96705     2.93268    0.302889    -7.25581   -0.209176   -0.281686     5.24449     3.17312    0.382046
   -13.6472   -0.827946   0.0708502    -1.66639     1.10969   -0.176241     0.91634  -0.0194117    -1.75586     1.37581   -0.224651    0.819037 -0.00552193    -7.79185   -0.640638     0.89091     3.99284      2.9307    0.303444    -7.25829   -0.209348   -0.286134     5.28224     3.17133    0.382092
   -13.6721   -0.834617   0.0742068    -1.66704     1.10848     -0.1749      0.9165  -0.0192909    -1.75586     1.37581   -0.224651    0.819037 -0.00552193    -7.81455   -0.638283    0.900674     4.01869     2.92872     0.30401    -7.26085   -0.209636   -0.290299     5.31904     3.16949    0.382121
   -13.6968     -0.8409   0.0772356    -1.66768     1.10731    -0.17364    0.916646  -0.0191862    -1.75586     1.37581   -0.224651    0.819037 -0.00552193    -7.83688   -0.635768    0.910124     4.04443     2.92696    0.304593     -7.2635   -0.210103   -0.294233     5.35485     3.16781    0.382137
   -13.7213   -0.846792   0.0799796    -1.66834     1.10619   -0.172455    0.916787  -0.0190977    -1.75586     1.37581   -0.224651    0.819037 -0.00552193    -7.85891   -0.633086    0.919277     4.07006     2.92546    0.305194    -7.26627   -0.210758   -0.297951     5.38974      3.1663    0.382142
   -13.7455   -0.852197   0.0822196    -1.66902     1.10514   -0.171372    0.916921  -0.0190246    -1.75586     1.37581   -0.224651    0.819037 -0.00552193    -7.88023   -0.630355    0.928106     4.09577     2.92395    0.305805    -7.26926   -0.211526   -0.301395     5.42376     3.16477    0.382136
   -13.7691     -0.8571   0.0838959    -1.66972     1.10418   -0.170399    0.917045  -0.0189671    -1.75586     1.37581   -0.224651    0.819037 -0.00552193    -7.90079   -0.627596    0.936597     4.12161     2.92243    0.306424    -7.27252   -0.212396   -0.304546     5.45689     3.16321    0.382119
   -13.7924   -0.861468   0.0849491     -1.6704     1.10331   -0.169541    0.917145   -0.018923    -1.75586     1.37581   -0.224651    0.819037 -0.00552193     -7.9205    -0.62484    0.944736     4.14762     2.92085    0.307049    -7.27611   -0.213354   -0.307387     5.48909      3.1616    0.382091
   -13.8151   -0.865272   0.0853312    -1.67105     1.10253   -0.168802     0.91721  -0.0188904    -1.75586     1.37581   -0.224651    0.819037 -0.00552193    -7.93929   -0.622111    0.952508     4.17383     2.91921    0.307679    -7.28008   -0.214389   -0.309906     5.52034     3.15994    0.382053
   -13.8374   -0.868536   0.0850601    -1.67168     1.10184   -0.168177    0.917244  -0.0188675    -1.75586     1.37581   -0.224651    0.819037 -0.00552193    -7.95719   -0.619439    0.959954     4.20024      2.9175    0.308308    -7.28442   -0.215508   -0.312137     5.55091     3.15822    0.382025
   -13.8593   -0.871271   0.0841526    -1.67228     1.10125   -0.167663    0.917252  -0.0188536    -1.75586     1.37581   -0.224651    0.819037 -0.00552193    -7.97423    -0.61684    0.967093     4.22683     2.91569    0.308935    -7.28915   -0.216693   -0.314096     5.58082     3.15644    0.382006
   -13.8809   -0.873481   0.0826403    -1.67288     1.10075   -0.167255    0.917243    -0.01885    -1.75586     1.37581   -0.224651    0.819037 -0.00552193    -7.99044   -0.614294    0.973933     4.25362     2.91367    0.309559    -7.29428   -0.217912   -0.315767     5.60989     3.15446    0.381976
   -13.9021   -0.875222   0.0805696    -1.67349     1.10034   -0.166944    0.917224  -0.0188543    -1.75586     1.37581   -0.224651    0.819037 -0.00552193    -8.00587   -0.611826    0.980526     4.28058     2.91136    0.310177    -7.29975   -0.219126   -0.317191     5.63828     3.15224    0.381938
   -13.9229   -0.876539   0.0779574    -1.67411     1.10002   -0.166718    0.917193  -0.0188635    -1.75586     1.37581   -0.224651    0.819037 -0.00552193    -8.02051   -0.609449    0.986891     4.30763     2.90877    0.310786     -7.3055   -0.220321   -0.318392     5.66602      3.1498    0.381896
   -13.9433   -0.877431   0.0748149    -1.67473     1.09978   -0.166577    0.917151  -0.0188771    -1.75586     1.37581   -0.224651    0.819037 -0.00552193    -8.03437    -0.60717    0.993037     4.33476     2.90591    0.311384    -7.31154   -0.221487   -0.319384     5.69314     3.14716     0.38185
   -13.9633   -0.877903   0.0711569    -1.67536     1.09963   -0.166516    0.917098  -0.0188948    -1.75586     1.37581   -0.224651    0.819037 -0.00552193    -8.04747    -0.60499    0.998972     4.36194     2.90279    0.311971    -7.31785   -0.222628   -0.320173     5.71965      3.1443    0.381801
   -13.9829   -0.877976   0.0670148    -1.67599     1.09955   -0.166529    0.917036  -0.0189154    -1.75586     1.37581   -0.224651    0.819037 -0.00552193    -8.05984    -0.60291     1.00471     4.38915     2.89941    0.312543    -7.32441   -0.223738   -0.320781     5.74558     3.14125    0.381751
    -14.002   -0.877667   0.0624283    -1.67663     1.09955   -0.166607    0.916966   -0.018938    -1.75586     1.37581   -0.224651    0.819037 -0.00552193     -8.0715   -0.600929     1.01028     4.41633     2.89578    0.313099    -7.33118   -0.224814   -0.321229     5.77098     3.13801    0.381702
   -14.0208   -0.877001   0.0574418    -1.67728     1.09962   -0.166743     0.91689  -0.0189615    -1.75586     1.37581   -0.224651    0.819037 -0.00552193    -8.08251   -0.599043      1.0157     4.44343     2.89191    0.313639    -7.33812   -0.225855   -0.321541     5.79589      3.1346    0.381654
   -14.0393   -0.875983   0.0521784    -1.67796     1.09971   -0.166909    0.916805  -0.0189836    -1.75586     1.37581   -0.224651    0.819037 -0.00552193    -8.09304   -0.597194     1.02097     4.47033     2.88794    0.314164    -7.34518   -0.226901   -0.321747     5.82032     3.13115     0.38161
   -14.0575   -0.874641   0.0467735    -1.67865     1.09983   -0.167084    0.916712  -0.0190034    -1.75586     1.37581   -0.224651    0.819037 -0.00552193    -8.10325   -0.595331     1.02612     4.49691     2.88397    0.314678    -7.35227   -0.227984   -0.321887      5.8443     3.12773    0.381569
   -14.0755   -0.873053   0.0413071    -1.67937     1.09998   -0.167274     0.91663   -0.019023    -1.75586     1.37581   -0.224651    0.819037 -0.00552193    -8.11324   -0.593455     1.03122     4.52313     2.87992    0.315178    -7.35932   -0.229079   -0.322009     5.86801     3.12428    0.381534
   -14.0933   -0.871231   0.0358208    -1.68012     1.10015   -0.167461    0.916559  -0.0190414    -1.75586     1.37581   -0.224651    0.819037 -0.00552193    -8.12304   -0.591551     1.03626     4.54893     2.87585    0.315663    -7.36628   -0.230197   -0.322127     5.89146     3.12085    0.381507
   -14.1108   -0.869175   0.0303533    -1.68093     1.10031    -0.16763    0.916492  -0.0190555    -1.75586     1.37581   -0.224651    0.819037 -0.00552193    -8.13271   -0.589606     1.04125     4.57426     2.87181    0.316133    -7.37314   -0.231349   -0.322255     5.91463     3.11749    0.381487
   -14.1282   -0.866933   0.0249749    -1.68176     1.10047   -0.167777    0.916435  -0.0190664    -1.75586     1.37581   -0.224651    0.819037 -0.00552193    -8.14231   -0.587596     1.04623      4.5991     2.86776    0.316589    -7.37981   -0.232538   -0.322417     5.93762     3.11416    0.381474
   -14.1454   -0.864559   0.0197789    -1.68265     1.10063   -0.167888    0.916396  -0.0190728    -1.75586     1.37581   -0.224651    0.819037 -0.00552193    -8.15196   -0.585525     1.05124     4.62334     2.86373    0.317026    -7.38624   -0.233747   -0.322667     5.96058     3.11088    0.381474
   -14.1627   -0.862123   0.0150183    -1.68366     1.10076   -0.167927    0.916405   -0.019077    -1.75586     1.37581   -0.224651    0.819037 -0.00552193      -8.162   -0.583266     1.05642     4.64716     2.85945    0.317454    -7.39226   -0.234991   -0.323062     5.98392      3.1074    0.381465
   -14.1801   -0.859645   0.0107462    -1.68479     1.10085   -0.167887    0.916465  -0.0190798    -1.75586     1.37581   -0.224651    0.819037 -0.00552193    -8.17249   -0.580789     1.06178     4.67049     2.85494    0.317874    -7.39782   -0.236289   -0.323608     6.00764     3.10371    0.381449
   -14.1973    -0.85716  0.00676736    -1.68598     1.10092   -0.167785     0.91655  -0.0190747    -1.75586     1.37581   -0.224651    0.819037 -0.00552193    -8.18314   -0.578256     1.06722     4.69303     2.85051    0.318272    -7.40302   -0.237587   -0.324315     6.03146     3.10014    0.381455
   -14.2142    -0.85469  0.00308217    -1.68723     1.10097   -0.167617     0.91666  -0.0190609    -1.75586     1.37581   -0.224651    0.819037 -0.00552193    -8.19395   -0.575667     1.07275     4.71476     2.84619     0.31865     -7.4078   -0.238883   -0.325189     6.05539     3.09672    0.381483
     -14.231    -0.852217 -0.000234627     -1.68855        1.101    -0.167379       0.9168   -0.0190416     -1.75586      1.37581    -0.224651     0.819037  -0.00552193     -8.20499    -0.572985      1.07838      4.73567      2.84194     0.319008     -7.41218    -0.240197    -0.326238      6.07947      3.09342     0.381531
   -14.2478   -0.849765  -0.0030028    -1.68995     1.10097   -0.167053    0.916973  -0.0190186    -1.75586     1.37581   -0.224651    0.819037 -0.00552193    -8.21657    -0.57012     1.08413     4.75559     2.83796     0.31935    -7.41609   -0.241586    -0.32751     6.10369     3.09038      0.3816
   -14.2648   -0.847358 -0.00512678    -1.69143     1.10089   -0.166624    0.917185  -0.0189921    -1.75586     1.37581   -0.224651    0.819037 -0.00552193    -8.22883   -0.567037     1.09004     4.77446      2.8343    0.319677    -7.41944   -0.243099   -0.329041     6.12827     3.08766    0.381709
   -14.2817   -0.844976 -0.00670408      -1.693     1.10074   -0.166104    0.917433  -0.0189621    -1.75586     1.37581   -0.224651    0.819037 -0.00552193    -8.24155    -0.56378     1.09608     4.79245     2.83081    0.319989    -7.42227   -0.244704   -0.330791     6.15321     3.08512    0.381851
   -14.2986   -0.842594 -0.00778668    -1.69466     1.10055   -0.165504    0.917713  -0.0189298    -1.75586     1.37581   -0.224651    0.819037 -0.00552193    -8.25465   -0.560353     1.10222     4.80961     2.82744    0.320288    -7.42463   -0.246367   -0.332719     6.17829     3.08272    0.382003
   -14.3153    -0.84018 -0.00843122    -1.69636     1.10031   -0.164831    0.918009  -0.0188939    -1.75586     1.37581   -0.224651    0.819037 -0.00552193    -8.26805   -0.556767     1.10844     4.82597     2.82421    0.320574    -7.42656    -0.24809   -0.334801     6.20346     3.08046    0.382164
   -14.3319   -0.837702 -0.00869398    -1.69808     1.10002   -0.164093    0.918306  -0.0188539    -1.75586     1.37581   -0.224651    0.819037 -0.00552193     -8.2817    -0.55301     1.11469     4.84161     2.82112     0.32085    -7.42807   -0.249892   -0.336997     6.22862     3.07835     0.38233
   -14.3483   -0.835154 -0.00862062    -1.69984     1.09969   -0.163301    0.918611  -0.0188121    -1.75586     1.37581   -0.224651    0.819037 -0.00552193    -8.29554   -0.549106     1.12097     4.85657     2.81813    0.321116    -7.42921    -0.25176   -0.339296     6.25376     3.07635    0.382501
   -14.3645   -0.832513 -0.00826403    -1.70163     1.09933   -0.162466    0.918921  -0.0187697    -1.75586     1.37581   -0.224651    0.819037 -0.00552193    -8.30952   -0.545061     1.12725      4.8709     2.81525    0.321373    -7.43003   -0.253696   -0.341673     6.27881     3.07445    0.382676
   -14.3805   -0.829737 -0.00768874    -1.70341     1.09895   -0.161599    0.919221  -0.0187259    -1.75586     1.37581   -0.224651    0.819037 -0.00552193    -8.32356   -0.540885      1.1335     4.88465     2.81248    0.321622    -7.43056   -0.255709   -0.344091      6.3037     3.07266    0.382853
   -14.3962   -0.826803  -0.0069449    -1.70518     1.09855   -0.160708    0.919509  -0.0186814    -1.75586     1.37581   -0.224651    0.819037 -0.00552193     -8.3376   -0.536584     1.13969     4.89788      2.8098    0.321865    -7.43086   -0.257799   -0.346526     6.32837     3.07097     0.38303
   -14.4117   -0.823687 -0.00608817    -1.70694     1.09813   -0.159805     0.91978  -0.0186374    -1.75586     1.37581   -0.224651    0.819037 -0.00552193     -8.3516   -0.532161      1.1458     4.91064     2.80722    0.322104    -7.43094   -0.259976   -0.348944     6.35276     3.06935    0.383203
    -14.427   -0.820377 -0.00512678     -1.7087     1.09769   -0.158895    0.920039  -0.0185957    -1.75586     1.37581   -0.224651    0.819037 -0.00552193    -8.36554   -0.527595     1.15181     4.92303     2.80465    0.322343    -7.43083   -0.262252    -0.35132     6.37685     3.06774     0.38337
   -14.4421   -0.816851 -0.00406886    -1.71045     1.09724   -0.157982    0.920287  -0.0185581    -1.75586     1.37581   -0.224651    0.819037 -0.00552193    -8.37944    -0.52287     1.15772     4.93511     2.80203    0.322584    -7.43055   -0.264639   -0.353631     6.40067     3.06605    0.383526
   -14.4569   -0.813096 -0.00302289     -1.7122      1.0968   -0.157084    0.920521  -0.0185245    -1.75586     1.37581   -0.224651    0.819037 -0.00552193    -8.39319   -0.518012     1.16349     4.94696     2.79937    0.322829    -7.43013   -0.267132   -0.355838      6.4241     3.06428    0.383669
   -14.4714   -0.809099 -0.00208987    -1.71392     1.09637   -0.156211    0.920734   -0.018494    -1.75586     1.37581   -0.224651    0.819037 -0.00552193    -8.40668   -0.513054     1.16909     4.95865     2.79667    0.323078    -7.42963   -0.269718   -0.357914     6.44708     3.06246      0.3838
   -14.4856   -0.804835  -0.0013204    -1.71561     1.09596   -0.155374    0.920925  -0.0184674    -1.75586     1.37581   -0.224651    0.819037 -0.00552193    -8.41987   -0.508008     1.17451     4.97022     2.79393    0.323332     -7.4291   -0.272399   -0.359835     6.46955     3.06057    0.383916
    -14.4995    -0.800262 -0.000696028     -1.71728      1.09555    -0.154566     0.921087    -0.018444     -1.75586      1.37581    -0.224651     0.819037  -0.00552193     -8.43278    -0.502852      1.17971      4.98166      2.79124     0.323592     -7.42856    -0.275204    -0.361589      6.49144      3.05869     0.384018
   -14.5132   -0.795374 -0.00014207    -1.71892     1.09513   -0.153779     0.92122   -0.018424    -1.75586     1.37581   -0.224651    0.819037 -0.00552193    -8.44553   -0.497554     1.18471     4.99293     2.78865    0.323863    -7.42802   -0.278154   -0.363193      6.5128     3.05686    0.384108
   -14.5267   -0.790197 0.000347384    -1.72053     1.09473    -0.15302    0.921333  -0.0184091    -1.75586     1.37581   -0.224651    0.819037 -0.00552193    -8.45816   -0.492108     1.18952     5.00408     2.78611    0.324145    -7.42745   -0.281253   -0.364643     6.53367     3.05504    0.384185
   -14.5401   -0.784738 0.000759604    -1.72214     1.09435   -0.152288    0.921438  -0.0183992    -1.75586     1.37581   -0.224651    0.819037 -0.00552193    -8.47068   -0.486499     1.19418      5.0153     2.78343    0.324442    -7.42684   -0.284462    -0.36594     6.55426     3.05306    0.384232
