 0.269524 -0.328347  0.604939
 0.268738 -0.326645  0.608254
  0.26874 -0.326643  0.608251
 0.268747 -0.326636  0.608244
 0.268757 -0.326624  0.608231
 0.268772 -0.326609  0.608214
 0.268791 -0.326588  0.608191
 0.268815 -0.326564  0.608163
 0.268843 -0.326534   0.60813
0.268875  -0.3265 0.608092
 0.268911 -0.326462  0.608049
 0.268951 -0.326419  0.608001
 0.268996 -0.326372  0.607948
0.269045 -0.32632  0.60789
 0.269098 -0.326263  0.607827
 0.269156 -0.326202  0.607758
 0.269218 -0.326137  0.607685
 0.269284 -0.326067  0.607607
 0.269354 -0.325992  0.607523
 0.269429 -0.325913  0.607435
0.269507 -0.32583 0.607342
 0.269591 -0.325742  0.607243
0.269678 -0.32565 0.607139
  0.26977 -0.325552   0.60703
 0.269866 -0.325451  0.606917
 0.269966 -0.325345  0.606798
  0.27007 -0.325234  0.606674
 0.270179 -0.325119  0.606545
 0.270292 -0.324999  0.606411
 0.270409 -0.324875  0.606272
 0.270531 -0.324747  0.606128
 0.270657 -0.324613  0.605978
 0.270787 -0.324476  0.605824
 0.270921 -0.324333  0.605665
 0.271059 -0.324187  0.605501
 0.271202 -0.324035  0.605331
0.271349 -0.32388 0.605157
 0.271501 -0.323719  0.604977
 0.271656 -0.323554  0.604792
 0.271816 -0.323385  0.604603
  0.27198 -0.323211  0.604408
 0.272149 -0.323033  0.604208
0.272321 -0.32285 0.604004
 0.272498 -0.322663  0.603794
 0.272679 -0.322471  0.603579
 0.272865 -0.322275  0.603359
 0.273054 -0.322074  0.603134
 0.273248 -0.321868  0.602904
 0.273447 -0.321659  0.602669
 0.273649 -0.321444  0.602429
 0.273856 -0.321225  0.602183
 0.274067 -0.321002  0.601933
 0.274282 -0.320774  0.601678
 0.274502 -0.320541  0.601417
 0.274725 -0.320304  0.601152
 0.274953 -0.320063  0.600881
 0.275186 -0.319817  0.600606
 0.275422 -0.319566  0.600325
 0.275663 -0.319311  0.600039
 0.275908 -0.319051  0.599749
 0.276158 -0.318787  0.599453
 0.276412 -0.318519  0.599152
  0.27667 -0.318246  0.598846
 0.276932 -0.317968  0.598535
 0.277198 -0.317686  0.598219
 0.277469 -0.317399  0.597898
 0.277744 -0.317108  0.597571
 0.278023 -0.316812   0.59724
 0.278307 -0.316512  0.596904
 0.278595 -0.316207  0.596562
 0.278887 -0.315897  0.596216
 0.279184 -0.315583  0.595864
 0.279484 -0.315265  0.595507
 0.279789 -0.314942  0.595145
 0.280098 -0.314615  0.594779
 0.280412 -0.314283  0.594407
 0.280729 -0.313946   0.59403
 0.281052 -0.313605  0.593648
0.281378 -0.31326 0.593261
0.281708 -0.31291 0.592869
 0.282043 -0.312555  0.592472
 0.282382 -0.312196   0.59207
 0.282725 -0.311833  0.591663
 0.283072 -0.311465  0.591251
 0.283424 -0.311093  0.590834
  0.28378 -0.310716  0.590412
  0.28414 -0.310334  0.589984
 0.284505 -0.309948  0.589551
 0.284874 -0.309557  0.589114
 0.285247 -0.309162  0.588671
 0.285624 -0.308763  0.588224
 0.286006 -0.308358  0.587771
0.286392 -0.30795 0.587313
 0.286782 -0.307537  0.586851
 0.287176 -0.307119  0.586383
 0.287575 -0.306697   0.58591
0.287978 -0.30627 0.585432
 0.288385 -0.305839  0.584949
 0.288796 -0.305404  0.584461
 0.289212 -0.304963  0.583968
 0.289632 -0.304519   0.58347
0.290055 -0.30407 0.582968
 0.290479 -0.303621  0.582465
 0.290903 -0.303173  0.581962
 0.291327 -0.302724  0.581459
 0.291751 -0.302275  0.580957
 0.292175 -0.301826  0.580454
 0.292599 -0.301377  0.579951
 0.293023 -0.300928  0.579448
 0.293447 -0.300478  0.578945
0.293871 -0.30003 0.578442
 0.294295 -0.299581  0.577939
 0.294719 -0.299132  0.577436
 0.295142 -0.298683  0.576933
 0.295566 -0.298234  0.576431
  0.29599 -0.297785  0.575928
 0.296414 -0.297337  0.575425
 0.296838 -0.296888  0.574922
 0.297262 -0.296439   0.57442
0.297685 -0.29599 0.573917
 0.298109 -0.295541  0.573414
 0.298533 -0.295092  0.572912
 0.298957 -0.294644  0.572409
 0.299381 -0.294195  0.571906
 0.299805 -0.293746  0.571403
 0.300227 -0.293299  0.570902
0.300651 -0.29285 0.570399
 0.301075 -0.292401  0.569897
 0.301499 -0.291952  0.569394
 0.301923 -0.291503  0.568891
 0.302347 -0.291054  0.568388
 0.303194 -0.290157  0.567383
 0.303618 -0.289708   0.56688
 0.304042 -0.289259  0.566377
0.304466 -0.28881 0.565874
  0.30489 -0.288361  0.565371
 0.305314 -0.287912  0.564868
 0.305738 -0.287463  0.564365
 0.306162 -0.287014  0.563863
 0.306586 -0.286565   0.56336
  0.30701 -0.286116  0.562857
 0.307434 -0.285666  0.562353
 0.307858 -0.285217   0.56185
 0.308283 -0.284768  0.561347
 0.308707 -0.284319  0.560843
0.309131 -0.28387  0.56034
 0.309554 -0.283421  0.559838
 0.309978 -0.282972  0.559336
 0.310402 -0.282524  0.558833
 0.310825 -0.282075   0.55833
  0.31125 -0.281626  0.557827
 0.311674 -0.281177  0.557324
 0.312097 -0.280728  0.556822
 0.312522 -0.280279  0.556318
0.312946 -0.27983 0.555815
 0.313369 -0.279381  0.555313
 0.313793 -0.278932   0.55481
 0.314217 -0.278483  0.554307
 0.314641 -0.278034  0.553804
 0.315065 -0.277585  0.553301
 0.315489 -0.277136  0.552798
 0.315913 -0.276687  0.552296
 0.316337 -0.276238  0.551793
0.316761 -0.27579  0.55129
 0.317186 -0.275339  0.550786
 0.317609 -0.274891  0.550284
 0.318033 -0.274442  0.549781
 0.318457 -0.273993  0.549278
 0.318881 -0.273544  0.548775
 0.319305 -0.273095  0.548272
 0.319729 -0.272647  0.547769
 0.320153 -0.272198  0.547266
 0.320577 -0.271749  0.546764
0.321001  -0.2713 0.546261
0.321425 -0.27085 0.545757
 0.321849 -0.270401  0.545254
 0.322273 -0.269952  0.544751
 0.322697 -0.269503  0.544249
 0.323121 -0.269054  0.543746
 0.323545 -0.268605  0.543242
 0.323969 -0.268156  0.542739
 0.324394 -0.267706  0.542236
 0.324818 -0.267257  0.541732
 0.325243 -0.266807  0.541229
 0.325667 -0.266358  0.540726
 0.326091 -0.265909  0.540223
0.326515 -0.26546  0.53972
 0.326939 -0.265011  0.539217
 0.327363 -0.264562  0.538714
 0.327787 -0.264114  0.538211
  0.32821 -0.263665  0.537709
 0.328634 -0.263216  0.537206
 0.329058 -0.262767  0.536703
 0.329482 -0.262318    0.5362
 0.329906 -0.261869  0.535697
 0.33033 -0.26142 0.535194
 0.330754 -0.260971  0.534691
 0.331179 -0.260521  0.534187
 0.331603 -0.260072  0.533684
 0.332027 -0.259623  0.533181
 0.332451 -0.259174  0.532678
 0.332875 -0.258725  0.532176
 0.333299 -0.258276  0.531672
 0.333721 -0.257829  0.531172
0.334145 -0.25738 0.530669
 0.334569 -0.256931  0.530166
 0.334993 -0.256482  0.529664
 0.335417 -0.256033   0.52916
 0.335841 -0.255584  0.528657
 0.336265 -0.255135  0.528155
 0.336689 -0.254686  0.527652
 0.337113 -0.254237  0.527149
 0.337537 -0.253788  0.526646
  0.33796 -0.253339  0.526143
 0.338384 -0.252891   0.52564
 0.338808 -0.252442  0.525137
 0.339231 -0.251994  0.524636
 0.33965 -0.25155 0.524139
 0.340064 -0.251112  0.523648
 0.340475 -0.250677  0.523161
 0.340882 -0.250245  0.522677
0.341284 -0.24982 0.522201
 0.341681 -0.249399  0.521729
 0.342074 -0.248983  0.521263
 0.342464 -0.248571  0.520802
 0.342848 -0.248163  0.520345
 0.343229 -0.247761  0.519894
 0.343605 -0.247362  0.519448
 0.343977 -0.246968  0.519007
 0.344344 -0.246579  0.518571
 0.344707 -0.246195   0.51814
 0.345065 -0.245816  0.517715
 0.34542 -0.24544 0.517294
 0.345771 -0.245068  0.516878
 0.346117 -0.244702  0.516468
0.346459 -0.24434 0.516062
 0.346795 -0.243984  0.515663
0.347129 -0.24363 0.515268
 0.347458 -0.243282  0.514877
 0.347783 -0.242938  0.514492
 0.348103 -0.242598  0.514112
  0.34842 -0.242263  0.513736
 0.348732 -0.241933  0.513366
  0.34904 -0.241607  0.513001
 0.349343 -0.241285  0.512641
 0.349642 -0.240969  0.512287
 0.349937 -0.240656  0.511936
 0.350228 -0.240348  0.511591
 0.350515 -0.240045  0.511251
 0.350797 -0.239746  0.510917
 0.351075 -0.239451  0.510587
 0.351349 -0.239162  0.510262
 0.351618 -0.238876  0.509942
 0.351883 -0.238595  0.509628
 0.352144 -0.238319  0.509318
 0.352401 -0.238047  0.509014
0.352654 -0.23778 0.508714
 0.352902 -0.237517   0.50842
 0.353146 -0.237259   0.50813
 0.353386 -0.237004  0.507846
 0.353621 -0.236755  0.507566
0.353852 -0.23651 0.507292
0.354079 -0.23627 0.507023
 0.354302 -0.236034  0.506759
 0.354521 -0.235803    0.5065
 0.354521 -0.235803    0.5065
 0.354944 -0.235354  0.505997
  0.35515 -0.235136  0.505753
 0.355352 -0.234922  0.505514
 0.355549 -0.234714   0.50528
0.355741 -0.23451 0.505052
 0.35593 -0.23431 0.504828
 0.356114 -0.234115   0.50461
 0.356294 -0.233925  0.504396
 0.356469 -0.233739  0.504188
 0.356641 -0.233557  0.503985
0.356808 -0.23338 0.503786
 0.356971 -0.233208  0.503593
 0.356971 -0.233208  0.503593
 0.357283 -0.232877  0.503222
 0.357433 -0.232718  0.503044
 0.357579 -0.232563  0.502871
 0.357721 -0.232413  0.502703
 0.357858 -0.232268  0.502541
 0.357991 -0.232127  0.502383
  0.35812 -0.231991   0.50223
 0.358245 -0.231859  0.502082
 0.358365 -0.231732   0.50194
 0.358481 -0.231609  0.501802
0.358593 -0.23149 0.501669
   0.3587 -0.231377  0.501542
 0.358803 -0.231267   0.50142
 0.358902 -0.231163  0.501302
 0.358997 -0.231062   0.50119
 0.359087 -0.230967  0.501083
 0.359173 -0.230876  0.500981
 0.359255 -0.230789  0.500884
 0.359333 -0.230707  0.500792
 0.359406 -0.230629  0.500705
 0.359475 -0.230556  0.500623
  0.35954 -0.230487  0.500546
   0.3596 -0.230423  0.500474
 0.359657 -0.230364  0.500407
 0.359708 -0.230309  0.500346
 0.359756 -0.230258  0.500289
   0.3598 -0.230212  0.500238
 0.359839 -0.230171  0.500191
 0.359874 -0.230134   0.50015
 0.359904 -0.230101  0.500113
 0.359931 -0.230073  0.500082
0.359953 -0.23005 0.500056
 0.359971 -0.230031  0.500035
 0.359985 -0.230016  0.500018
 0.359994 -0.230006  0.500007
 0.359999 -0.230001  0.500001
 0.36 -0.23   0.5
 0.36 -0.23   0.5
 0.36 -0.23   0.5
 0.36 -0.23   0.5
 0.36 -0.23   0.5
 0.36 -0.23   0.5
 0.36 -0.23   0.5
 0.36 -0.23   0.5
 0.36 -0.23   0.5
 0.36 -0.23   0.5
 0.36 -0.23   0.5
 0.36 -0.23   0.5
 0.36 -0.23   0.5
 0.36 -0.23   0.5
 0.36 -0.23   0.5
 0.36 -0.23   0.5
 0.36 -0.23   0.5
 0.36 -0.23   0.5
 0.36 -0.23   0.5
 0.36 -0.23   0.5
 0.36 -0.23   0.5
 0.36 -0.23   0.5
 0.36 -0.23   0.5
 0.36 -0.23   0.5
 0.36 -0.23   0.5
 0.36 -0.23   0.5
 0.36 -0.23   0.5
 0.36 -0.23   0.5
 0.36 -0.23   0.5
 0.36 -0.23   0.5
 0.36 -0.23   0.5
 0.36 -0.23   0.5
 0.36 -0.23   0.5
 0.36 -0.23   0.5
 0.36 -0.23   0.5
 0.36 -0.23   0.5
 0.36 -0.23   0.5
 0.36 -0.23   0.5
 0.36 -0.23   0.5
 0.36 -0.23   0.5
 0.36 -0.23   0.5
 0.36 -0.23   0.5
 0.36 -0.23   0.5
 0.36 -0.23   0.5
 0.36 -0.23   0.5
 0.36 -0.23   0.5
 0.36 -0.23   0.5
 0.36 -0.23   0.5
 0.36 -0.23   0.5
 0.36 -0.23   0.5
 0.36 -0.23   0.5
 0.36 -0.23   0.5
 0.36 -0.23   0.5
 0.36 -0.23   0.5
 0.36 -0.23   0.5
 0.36 -0.23   0.5
 0.36 -0.23   0.5
 0.36 -0.23   0.5
 0.36 -0.23   0.5
 0.36 -0.23   0.5
 0.36 -0.23   0.5
 0.36 -0.23   0.5
 0.36 -0.23   0.5
 0.36 -0.23   0.5
 0.36 -0.23   0.5
 0.36 -0.23   0.5
 0.36 -0.23   0.5
 0.36 -0.23   0.5
 0.36 -0.23   0.5
 0.36 -0.23   0.5
 0.36 -0.23   0.5
 0.36 -0.23   0.5
 0.36 -0.23   0.5
 0.36 -0.23   0.5
 0.36 -0.23   0.5
 0.36 -0.23   0.5
 0.36 -0.23   0.5
 0.36 -0.23   0.5
 0.36 -0.23   0.5
 0.36 -0.23   0.5
 0.36 -0.23   0.5
 0.36 -0.23   0.5
 0.36 -0.23   0.5
 0.36 -0.23   0.5
 0.36 -0.23   0.5
 0.36 -0.23   0.5
 0.36 -0.23   0.5
 0.36 -0.23   0.5
 0.36 -0.23   0.5
 0.36 -0.23   0.5
 0.36 -0.23   0.5
 0.36 -0.23   0.5
 0.36 -0.23   0.5
 0.36 -0.23   0.5
 0.36 -0.23   0.5
 0.36 -0.23   0.5
 0.36 -0.23   0.5
 0.36 -0.23   0.5
 0.36 -0.23   0.5
 0.36 -0.23   0.5
 0.36 -0.23   0.5
 0.36 -0.23   0.5
 0.36 -0.23   0.5
 0.36 -0.23   0.5
 0.36 -0.23   0.5
 0.36 -0.23   0.5
 0.36 -0.23   0.5
 0.36 -0.23   0.5
 0.36 -0.23   0.5
 0.36 -0.23   0.5
 0.36 -0.23   0.5
 0.36 -0.23   0.5
 0.36 -0.23   0.5
 0.36 -0.23   0.5
 0.36 -0.23   0.5
 0.36 -0.23   0.5
 0.36 -0.23   0.5
 0.36 -0.23   0.5
 0.36 -0.23   0.5
 0.36 -0.23   0.5
 0.36 -0.23   0.5
 0.36 -0.23   0.5
 0.36 -0.23   0.5
 0.36 -0.23   0.5
 0.36 -0.23   0.5
 0.36 -0.23   0.5
 0.36 -0.23   0.5
 0.36 -0.23   0.5
 0.36 -0.23   0.5
 0.36 -0.23   0.5
 0.36 -0.23   0.5
 0.36 -0.23   0.5
 0.36 -0.23   0.5
 0.36 -0.23   0.5
 0.36 -0.23   0.5
 0.36 -0.23   0.5
 0.36 -0.23   0.5
 0.36 -0.23   0.5
 0.36 -0.23   0.5
 0.36 -0.23   0.5
 0.36 -0.23   0.5
 0.36 -0.23   0.5
 0.36 -0.23   0.5
 0.36 -0.23   0.5
 0.36 -0.23   0.5
 0.36 -0.23   0.5
 0.36 -0.23   0.5
 0.36 -0.23   0.5
 0.36 -0.23   0.5
 0.36 -0.23   0.5
 0.36 -0.23   0.5
 0.36 -0.23   0.5
 0.36 -0.23   0.5
 0.36 -0.23   0.5
 0.36 -0.23   0.5
 0.36 -0.23   0.5
 0.36 -0.23   0.5
 0.36 -0.23   0.5
 0.36 -0.23   0.5
 0.36 -0.23   0.5
 0.36 -0.23   0.5
 0.36 -0.23   0.5
 0.36 -0.23   0.5
 0.36 -0.23   0.5
 0.36 -0.23   0.5
 0.36 -0.23   0.5
 0.36 -0.23   0.5
 0.36 -0.23   0.5
 0.36 -0.23   0.5
 0.36 -0.23   0.5
 0.36 -0.23   0.5
 0.36 -0.23   0.5
 0.36 -0.23   0.5
 0.36 -0.23   0.5
 0.36 -0.23   0.5
 0.36 -0.23   0.5
 0.36 -0.23   0.5
 0.36 -0.23   0.5
 0.36 -0.23   0.5
 0.36 -0.23   0.5
 0.36 -0.23   0.5
 0.36 -0.23   0.5
 0.36 -0.23   0.5
 0.36 -0.23   0.5
 0.36 -0.23   0.5
 0.36 -0.23   0.5
 0.36 -0.23   0.5
 0.36 -0.23   0.5
 0.36 -0.23   0.5
 0.36 -0.23   0.5
 0.36 -0.23   0.5
 0.36 -0.23   0.5
 0.36 -0.23   0.5
 0.36 -0.23   0.5
 0.36 -0.23   0.5
 0.36 -0.23   0.5
 0.36 -0.23   0.5
 0.36 -0.23   0.5
 0.36 -0.23   0.5
 0.36 -0.23   0.5
 0.36 -0.23   0.5
 0.36 -0.23   0.5
 0.36 -0.23   0.5
 0.36 -0.23   0.5
 0.36 -0.23   0.5
 0.36 -0.23   0.5
 0.36 -0.23   0.5
 0.36 -0.23   0.5
 0.36 -0.23   0.5
 0.36 -0.23   0.5
 0.36 -0.23   0.5
 0.36 -0.23   0.5
 0.36 -0.23   0.5
 0.36 -0.23   0.5
 0.36 -0.23   0.5
 0.36 -0.23   0.5
 0.36 -0.23   0.5
 0.36 -0.23   0.5
 0.36 -0.23   0.5
 0.36 -0.23   0.5
 0.36 -0.23   0.5
 0.36 -0.23   0.5
 0.36 -0.23   0.5
 0.36 -0.23   0.5
 0.36 -0.23   0.5
 0.36 -0.23   0.5
 0.36 -0.23   0.5
 0.36 -0.23   0.5
 0.36 -0.23   0.5
 0.36 -0.23   0.5
 0.36 -0.23   0.5
 0.36 -0.23   0.5
 0.36 -0.23   0.5
 0.36 -0.23   0.5
 0.36 -0.23   0.5
 0.36 -0.23   0.5
 0.36 -0.23   0.5
 0.36 -0.23   0.5
 0.36 -0.23   0.5
 0.36 -0.23   0.5
 0.36 -0.23   0.5
 0.36 -0.23   0.5
 0.36 -0.23   0.5
 0.36 -0.23   0.5
 0.36 -0.23   0.5
 0.36 -0.23   0.5
 0.36 -0.23   0.5
 0.36 -0.23   0.5
 0.36 -0.23   0.5
 0.36 -0.23   0.5
 0.36 -0.23   0.5
 0.36 -0.23   0.5
 0.36 -0.23   0.5
 0.36 -0.23   0.5
 0.36 -0.23   0.5
 0.36 -0.23   0.5
 0.36 -0.23   0.5
 0.36 -0.23   0.5
 0.36 -0.23   0.5
 0.36 -0.23   0.5
 0.36 -0.23   0.5
 0.36 -0.23   0.5
 0.36 -0.23   0.5
 0.36 -0.23   0.5
 0.36 -0.23   0.5
 0.36 -0.23   0.5
 0.36 -0.23   0.5
 0.36 -0.23   0.5
 0.36 -0.23   0.5
 0.36 -0.23   0.5
 0.36 -0.23   0.5
 0.36 -0.23   0.5
 0.36 -0.23   0.5
 0.36 -0.23   0.5
 0.36 -0.23   0.5
 0.36 -0.23   0.5
 0.36 -0.23   0.5
 0.36 -0.23   0.5
 0.36 -0.23   0.5
 0.36 -0.23   0.5
 0.36 -0.23   0.5
 0.36 -0.23   0.5
 0.36 -0.23   0.5
 0.36 -0.23   0.5
 0.36 -0.23   0.5
 0.36 -0.23   0.5
 0.36 -0.23   0.5
 0.36 -0.23   0.5
 0.36 -0.23   0.5
 0.36 -0.23   0.5
 0.36 -0.23   0.5
 0.36 -0.23   0.5
 0.36 -0.23   0.5
 0.36 -0.23   0.5
 0.36 -0.23   0.5
 0.36 -0.23   0.5
 0.36 -0.23   0.5
 0.36 -0.23   0.5
 0.36 -0.23   0.5
 0.36 -0.23   0.5
 0.36 -0.23   0.5
 0.36 -0.23   0.5
 0.36 -0.23   0.5
 0.36 -0.23   0.5
 0.36 -0.23   0.5
 0.36 -0.23   0.5
 0.36 -0.23   0.5
 0.36 -0.23   0.5
 0.36 -0.23   0.5
 0.36 -0.23   0.5
 0.36 -0.23   0.5
 0.36 -0.23   0.5
 0.36 -0.23   0.5
 0.36 -0.23   0.5
 0.36 -0.23   0.5
 0.36 -0.23   0.5
 0.36 -0.23   0.5
 0.36 -0.23   0.5
 0.36 -0.23   0.5
 0.36 -0.23   0.5
 0.36 -0.23   0.5
 0.36 -0.23   0.5
 0.36 -0.23   0.5
 0.36 -0.23   0.5
 0.36 -0.23   0.5
 0.36 -0.23   0.5
 0.36 -0.23   0.5
 0.36 -0.23   0.5
 0.36 -0.23   0.5
 0.36 -0.23   0.5
 0.36 -0.23   0.5
 0.36 -0.23   0.5
 0.36 -0.23   0.5
 0.36 -0.23   0.5
 0.36 -0.23   0.5
 0.36 -0.23   0.5
 0.36 -0.23   0.5
 0.36 -0.23   0.5
 0.36 -0.23   0.5
 0.36 -0.23   0.5
 0.36 -0.23   0.5
 0.36 -0.23   0.5
 0.36 -0.23   0.5
 0.36 -0.23   0.5
 0.36 -0.23   0.5
 0.36 -0.23   0.5
 0.36 -0.23   0.5
 0.36 -0.23   0.5
 0.36 -0.23   0.5
 0.36 -0.23   0.5
 0.36 -0.23   0.5
 0.36 -0.23   0.5
 0.36 -0.23   0.5
 0.36 -0.23   0.5
 0.36 -0.23   0.5
 0.36 -0.23   0.5
 0.36 -0.23   0.5
 0.36 -0.23   0.5
 0.36 -0.23   0.5
 0.36 -0.23   0.5
 0.36 -0.23   0.5
 0.36 -0.23   0.5
 0.36 -0.23   0.5
 0.36 -0.23   0.5
 0.36 -0.23   0.5
 0.36 -0.23   0.5
 0.36 -0.23   0.5
 0.36 -0.23   0.5
 0.36 -0.23   0.5
 0.36 -0.23   0.5
 0.36 -0.23   0.5
 0.36 -0.23   0.5
 0.36 -0.23   0.5
 0.36 -0.23   0.5
 0.36 -0.23   0.5
 0.36 -0.23   0.5
 0.36 -0.23   0.5
 0.36 -0.23   0.5
 0.36 -0.23   0.5
 0.36 -0.23   0.5
 0.36 -0.23   0.5
 0.36 -0.23   0.5
 0.36 -0.23   0.5
 0.36 -0.23   0.5
 0.36 -0.23   0.5
 0.36 -0.23   0.5
 0.36 -0.23   0.5
 0.36 -0.23   0.5
 0.36 -0.23   0.5
 0.36 -0.23   0.5
 0.36 -0.23   0.5
 0.36 -0.23   0.5
 0.36 -0.23   0.5
 0.36 -0.23   0.5
 0.36 -0.23   0.5
 0.36 -0.23   0.5
 0.36 -0.23   0.5
 0.36 -0.23   0.5
 0.36 -0.23   0.5
 0.36 -0.23   0.5
 0.36 -0.23   0.5
 0.36 -0.23   0.5
 0.36 -0.23   0.5
 0.36 -0.23   0.5
 0.36 -0.23   0.5
 0.36 -0.23   0.5
 0.36 -0.23   0.5
 0.36 -0.23   0.5
 0.36 -0.23   0.5
 0.36 -0.23   0.5
 0.36 -0.23   0.5
 0.36 -0.23   0.5
 0.36 -0.23   0.5
 0.36 -0.23   0.5
 0.36 -0.23   0.5
 0.36 -0.23   0.5
 0.36 -0.23   0.5
 0.36 -0.23   0.5
 0.36 -0.23   0.5
 0.36 -0.23   0.5
 0.36 -0.23   0.5
 0.36 -0.23   0.5
 0.36 -0.23   0.5
 0.36 -0.23   0.5
 0.36 -0.23   0.5
 0.36 -0.23   0.5
 0.36 -0.23   0.5
 0.36 -0.23   0.5
 0.36 -0.23   0.5
 0.36 -0.23   0.5
 0.36 -0.23   0.5
 0.36 -0.23   0.5
 0.36 -0.23   0.5
 0.36 -0.23   0.5
 0.36 -0.23   0.5
 0.36 -0.23   0.5
 0.36 -0.23   0.5
 0.36 -0.23   0.5
 0.36 -0.23   0.5
 0.36 -0.23   0.5
 0.36 -0.23   0.5
 0.36 -0.23   0.5
 0.36 -0.23   0.5
 0.36 -0.23   0.5
 0.36 -0.23   0.5
 0.36 -0.23   0.5
 0.36 -0.23   0.5
 0.36 -0.23   0.5
 0.36 -0.23   0.5
 0.36 -0.23   0.5
 0.36 -0.23   0.5
 0.36 -0.23   0.5
 0.36 -0.23   0.5
 0.36 -0.23   0.5
 0.36 -0.23   0.5
 0.36 -0.23   0.5
 0.36 -0.23   0.5
 0.36 -0.23   0.5
 0.36 -0.23   0.5
 0.36 -0.23   0.5
 0.36 -0.23   0.5
 0.36 -0.23   0.5
 0.36 -0.23   0.5
 0.36 -0.23   0.5
 0.36 -0.23   0.5
 0.36 -0.23   0.5
 0.36 -0.23   0.5
 0.36 -0.23   0.5
 0.36 -0.23   0.5
 0.36 -0.23   0.5
 0.36 -0.23   0.5
 0.36 -0.23   0.5
 0.36 -0.23   0.5
