6.91414e-06
0.00955796
0.0196128
0.029681
0.039737
0.049804
0.0598698
0.0699399
0.0800068
0.0900629
0.100119
0.110175
0.120231
0.130288
0.140353
0.150409
0.160475
0.170542
0.180608
0.190665
0.200721
0.210778
0.220834
0.23089
0.240945
0.251039
0.261095
0.271152
0.281208
0.291265
0.301323
0.31139
0.321456
0.331512
0.341569
0.351636
0.361696
0.371761
0.381831
0.391886
0.401952
0.412007
0.422073
0.43213
0.442186
0.452252
0.462308
0.472365
0.482422
0.492478
0.502535
0.5126
0.522667
0.532734
0.542799
0.552867
0.562933
0.573
0.583066
0.593134
0.603191
0.613247
0.623303
0.633359
0.643418
0.653476
0.663533
0.67359
0.683649
0.693705
0.703735
0.713794
0.723853
0.733913
0.743971
0.754029
0.764089
0.774149
0.784208
0.794268
0.804327
0.814384
0.824439
0.834495
0.844564
0.854631
0.8647
0.874776
0.884835
0.894892
0.904953
0.915001
0.925057
0.935116
0.945174
0.955238
0.965319
0.975375
0.98546
0.995516
1.00557
1.01564
1.0257
1.03575
1.04581
1.05586
1.06593
1.07599
1.08604
1.0961
1.10616
1.11622
1.12628
1.13635
1.14642
1.15648
1.16654
1.17661
1.18667
1.19673
1.2068
1.21685
1.22691
1.23696
1.24702
1.25708
1.26713
1.27719
1.28724
1.29731
1.30738
1.31744
1.3275
1.33756
1.34767
1.35772
1.36778
1.37784
1.3879
1.39796
1.40802
1.41808
1.42814
1.4382
1.44827
1.45833
1.46839
1.47845
1.4885
1.49856
1.50862
1.51867
1.52873
1.53879
1.54884
1.5589
1.56898
1.57903
1.58909
1.59915
1.6092
1.61926
1.62932
1.63937
1.64943
1.65963
1.6697
1.67976
1.68981
1.69987
1.70993
1.72
1.73006
1.74012
1.75017
1.76023
1.77029
1.78035
1.79041
1.80046
1.81052
1.82057
1.83063
1.84068
1.85074
1.86081
1.87087
1.88092
1.89098
1.90103
1.91109
1.92115
1.9312
1.94126
1.95131
1.96137
1.97142
1.98148
1.99154
2.00159
2.01165
2.0217
2.03176
2.04182
2.05187
2.06193
2.07198
2.08204
2.0921
2.10215
2.11221
2.12227
2.13232
2.14238
2.15243
2.16249
2.17254
2.1826
2.19266
2.20271
2.21277
2.22282
2.23288
2.24293
2.253
2.26305
2.27311
2.28316
2.29322
2.30328
2.31333
2.32339
2.33344
2.3435
2.35355
2.36363
2.37368
2.38374
2.39379
2.40385
2.4139
2.42396
2.43401
2.44407
2.45413
2.46419
2.47424
2.4843
2.49436
2.50441
2.51447
2.52453
2.53458
2.54464
2.5547
2.56475
2.57481
2.58487
2.59493
2.60499
2.61504
2.62509
2.63515
2.6452
2.65526
2.66532
2.67538
2.68543
2.69549
2.70555
2.71562
2.72567
2.73573
2.74578
2.75584
2.76589
2.77595
2.78601
2.79607
2.80612
2.81618
2.82624
2.8363
2.84636
2.85642
2.86647
2.87653
2.88659
2.89665
2.90671
2.91683
2.92688
2.93694
2.947
2.95705
2.96711
2.97716
2.98722
2.99728
3.00733
3.01739
3.02745
3.0375
3.04756
3.05761
3.06767
3.07772
3.08778
3.09784
3.10791
3.11796
3.12802
3.13807
3.14813
3.15818
3.16824
3.1783
3.18835
3.19841
3.20847
3.21852
3.22858
3.23863
3.24869
3.25875
3.2688
3.27886
3.28892
3.29901
3.30907
3.31912
3.32918
3.33924
3.34929
3.35935
3.36941
3.37947
3.38953
3.39958
3.40964
3.41969
3.42975
3.4398
3.44986
3.45992
3.46998
3.48005
3.4901
3.50016
3.51022
3.52027
3.53033
3.54039
3.55045
3.5605
3.57056
3.58062
3.59068
3.60073
3.61079
3.62085
3.63091
3.64097
3.65104
3.6611
3.67115
3.68121
3.69127
3.70132
3.71138
3.72144
3.73149
3.74155
3.75162
3.76168
3.77174
3.78179
3.79186
3.80191
3.81197
3.82203
3.83208
3.84214
3.8522
3.86226
3.87232
3.88238
3.89243
3.90249
3.91257
3.92263
3.93268
3.94275
3.95281
3.96286
3.97293
3.98298
3.99304
4.0031
4.01315
4.02321
4.03327
4.04333
4.05339
4.06344
4.0735
4.08355
4.09361
4.10367
4.11372
4.12378
4.13384
4.14389
4.15395
4.16401
4.17406
4.18412
4.19418
4.20424
4.21431
4.22437
4.23443
4.24448
4.25454
4.2646
4.27466
4.28471
4.29477
4.30482
4.31488
4.32493
4.33499
4.34505
4.3551
4.36516
4.37522
4.38528
4.39533
4.40539
4.41545
4.42551
4.43554
4.4456
4.45566
4.46575
4.47581
4.48587
4.49593
4.50599
4.51606
4.52612
4.53617
4.54623
4.55628
4.56635
4.57641
4.58647
4.59652
4.60658
4.61663
4.62669
4.63675
4.64681
4.65687
4.66693
4.67699
4.68703
4.69709
4.70714
4.7172
4.72725
4.73731
4.74737
4.75742
4.76748
4.77754
4.78759
4.79765
4.80771
4.81776
4.82782
4.83788
4.84793
4.85799
4.86801
4.87807
4.88812
4.89819
4.90825
4.91831
4.92836
4.93843
4.9485
4.95852
4.96857
4.97863
4.98868
4.99874
5.0088
5.01885
5.02891
5.03898
5.04903
5.05913
5.06922
5.07928
5.08934
5.09939
5.10945
5.11951
5.12957
5.13963
5.14968
5.15974
5.1698
5.17985
5.18991
5.19997
5.21002
5.22008
5.23014
5.24019
5.25026
5.26032
5.27038
5.28044
5.2905
5.30057
5.31063
5.32285
5.33291
5.34298
5.35304
5.36309
5.37316
5.38322
5.39328
5.40333
5.41339
5.42345
5.43349
5.44355
5.45362
5.46369
5.47375
5.48381
5.49387
5.50394
5.51399
5.52406
5.53412
5.54418
5.55424
5.56431
5.57436
5.58442
5.59448
5.60455
5.61461
5.62467
5.63472
5.64478
5.65484
5.6649
5.67497
5.68504
5.6951
5.70515
5.71522
5.72529
5.73536
5.74541
5.75547
5.76553
5.77559
5.78565
5.7957
5.80576
5.81581
5.82587
5.83593
5.84598
5.85604
5.86611
5.87616
5.88621
5.89626
5.90632
5.91638
5.92643
5.9365
5.94655
5.95662
5.96668
5.97673
5.9868
5.99686
6.00693
6.017
6.02706
6.03711
6.04717
6.05723
6.06729
6.07735
6.0874
6.09746
6.10752
6.11758
6.12764
6.13769
6.14775
6.15782
6.16789
6.17795
6.18801
6.19808
6.20814
6.2182
6.22825
6.23832
6.24839
6.25844
6.26852
6.27857
6.28864
6.29871
6.30878
6.31885
6.3289
6.33896
6.34901
6.35907
6.36912
6.37918
6.38923
6.39929
6.40934
6.4194
6.42947
6.43954
6.4496
6.45967
6.46972
6.47979
6.48985
6.4999
6.50995
6.52001
6.53007
6.54014
6.55019
6.56025
6.5703
6.58036
6.59042
6.60048
6.61054
6.6206
6.63066
6.64073
6.65079
6.66086
6.67091
6.68097
6.69103
6.70109
6.71115
6.72121
6.73127
6.74133
6.75139
6.76144
6.7715
6.78155
6.79161
6.80167
6.81172
6.82178
6.83184
6.8419
6.85196
6.86201
6.87207
6.88213
6.89219
6.90225
6.91231
6.92237
6.93243
6.94249
6.95254
6.96261
6.97267
6.98272
6.99278
7.00285
7.01292
7.02299
7.03306
7.04312
7.05318
7.06323
7.07329
7.08336
7.09341
7.10348
7.11353
7.1236
7.13366
7.14371
7.15377
7.16383
7.17389
7.18396
7.19402
7.20409
7.21415
7.22421
7.23426
7.24432
7.25438
7.26444
7.27452
7.28457
7.29465
7.30472
7.31478
7.32483
7.33491
7.34496
7.35502
7.36508
7.37514
7.3852
7.39525
7.40532
7.41538
7.42543
7.43549
7.44554
7.4556
7.46566
7.47572
7.48577
7.49583
7.50589
7.51591
7.52597
7.53603
7.5461
7.55615
7.56622
7.57629
7.58635
7.59641
7.60646
7.61653
7.6266
7.63667
7.64672
7.65678
7.66685
7.6769
7.68696
7.69703
7.70709
7.71715
7.72722
7.73729
7.74735
7.75742
7.76749
7.77755
7.78762
7.79769
7.80776
7.81781
7.82788
7.83795
7.84802
7.85808
7.86814
7.87821
7.88826
7.89832
7.90844
7.91851
