0.0163765 -0.105361  0.508656
0.0163766 -0.105358  0.508655
0.0163769 -0.105351  0.508652
0.0163773 -0.105338  0.508648
0.0163778  -0.10532  0.508642
0.0163786 -0.105298  0.508634
0.0163795  -0.10527  0.508625
0.0163806 -0.105237  0.508614
0.0163818 -0.105199  0.508601
0.0163832 -0.105156  0.508587
0.0163847 -0.105108   0.50857
0.0163865 -0.105055  0.508553
0.0163884 -0.104997  0.508533
0.0163904 -0.104933  0.508512
0.0163926 -0.104865  0.508489
 0.016395 -0.104792  0.508464
0.0163975 -0.104713  0.508437
0.0163975 -0.104713  0.508437
0.0164031 -0.104541  0.508379
0.0164062 -0.104448  0.508348
0.0164094 -0.104349  0.508314
0.0164127 -0.104246  0.508279
0.0164163 -0.104137  0.508243
0.0164163 -0.104137  0.508243
  0.01642 -0.104023  0.508204
0.0164278  -0.10378  0.508122
0.0164278  -0.10378  0.508122
0.0164333 -0.103611  0.508065
0.0164377 -0.103476  0.508019
0.0164423 -0.103335  0.507972
 0.016447 -0.103189  0.507923
0.0164519 -0.103038  0.507872
 0.016457 -0.102882  0.507819
0.0164622 -0.102721  0.507765
0.0164676 -0.102555  0.507709
0.0164732 -0.102384  0.507651
0.0164788 -0.102209  0.507592
0.0164847 -0.102028  0.507531
0.0164908 -0.101841  0.507468
0.016497 -0.10165 0.507403
0.0165034 -0.101454  0.507337
0.0165099 -0.101252  0.507269
0.0165166 -0.101046  0.507199
0.0165235 -0.100834  0.507128
0.0165305 -0.100618  0.507055
0.0165377 -0.100396   0.50698
 0.016545 -0.100169  0.506903
 0.0165526 -0.0999376   0.506825
 0.0165603 -0.0997008   0.506745
 0.0165681 -0.0994589   0.506663
0.0165761 -0.099212   0.50658
 0.0165843 -0.0989601   0.506495
0.0165926 -0.098703  0.506408
 0.0166011 -0.0984409    0.50632
 0.0166098 -0.0981738    0.50623
 0.0166187 -0.0979016   0.506138
 0.0166277 -0.0976244   0.506044
 0.0166368 -0.0973421   0.505949
 0.0166461 -0.0970548   0.505852
 0.0166556 -0.0967625   0.505753
 0.0166653 -0.0964651   0.505653
 0.0166751 -0.0961627   0.505551
 0.0166851 -0.0958542   0.505446
 0.0166953 -0.0955412   0.505341
 0.0167056 -0.0952232   0.505233
 0.0167161 -0.0949004   0.505124
 0.0167267 -0.0945738   0.505014
 0.0167372 -0.0942508   0.504905
0.0167475 -0.093933  0.504798
 0.0167576 -0.0936203   0.504692
 0.0167676 -0.0933126   0.504588
 0.0167774 -0.0930097   0.504486
 0.0167871 -0.0927119   0.504386
 0.0167966 -0.0924194   0.504287
 0.0168059 -0.0921319    0.50419
 0.0168151 -0.0918496   0.504095
0.0168241 -0.091572  0.504001
 0.0168329 -0.0912998   0.503909
 0.0168416 -0.0910326   0.503819
 0.0168501 -0.0907704    0.50373
 0.0168585 -0.0905133   0.503643
 0.0168667 -0.0902613   0.503558
 0.0168747 -0.0900144   0.503475
 0.0168825 -0.0897722   0.503393
 0.0168902 -0.0895354   0.503313
 0.0168977 -0.0893036   0.503235
 0.0169051 -0.0890768   0.503158
 0.0169123 -0.0888552   0.503084
 0.0169193 -0.0886385   0.503011
 0.0169262 -0.0884265   0.502939
 0.0169329 -0.0882198   0.502869
 0.0169395 -0.0880182   0.502801
 0.0169458 -0.0878218   0.502735
 0.0169521 -0.0876304    0.50267
 0.0169581 -0.0874442   0.502607
 0.016964 -0.087263  0.502546
 0.0169697 -0.0870865   0.502487
 0.0169753 -0.0869154   0.502429
 0.0169807 -0.0867489   0.502373
 0.0169859 -0.0865878   0.502318
  0.016991 -0.0864319   0.502266
0.0169959 -0.086281  0.502215
 0.0170006 -0.0861354   0.502165
 0.0170052 -0.0859945   0.502118
 0.0170096 -0.0858587   0.502072
 0.0170138 -0.0857279   0.502028
 0.0170179 -0.0856022   0.501985
 0.0170218 -0.0854816   0.501945
 0.0170256 -0.0853662   0.501906
 0.0170291 -0.0852558   0.501869
 0.0170326 -0.0851503   0.501833
0.0170358  -0.08505  0.501799
 0.0170389 -0.0849547   0.501767
 0.0170418 -0.0848645   0.501736
 0.0170446 -0.0847794   0.501708
 0.0170472 -0.0846993   0.501681
 0.0170496 -0.0846243   0.501655
 0.0170519 -0.0845542   0.501632
  0.017054 -0.0844893    0.50161
  0.017056 -0.0844294    0.50159
 0.0170577 -0.0843746   0.501571
 0.0170594 -0.0843249   0.501554
 0.0170608 -0.0842802   0.501539
 0.0170621 -0.0842406   0.501526
0.0170632 -0.084206  0.501514
 0.0170642 -0.0841765   0.501504
  0.017065 -0.0841521   0.501496
 0.0170656 -0.0841327   0.501489
 0.0170661 -0.0841184   0.501485
 0.0170664 -0.0841092   0.501481
0.0170665 -0.084105   0.50148
 0.0170665 -0.0841047    0.50148
 0.0170665 -0.0841047    0.50148
 0.0170665 -0.0841047    0.50148
 0.0170665 -0.0841047    0.50148
 0.0170665 -0.0841047    0.50148
 0.0170665 -0.0841047    0.50148
 0.0170665 -0.0841047    0.50148
 0.0170665 -0.0841047    0.50148
 0.0170665 -0.0841047    0.50148
 0.0170665 -0.0841047    0.50148
 0.0170665 -0.0841047    0.50148
 0.0170665 -0.0841047    0.50148
 0.0170665 -0.0841047    0.50148
 0.0170665 -0.0841047    0.50148
 0.0170665 -0.0841047    0.50148
 0.0170665 -0.0841047    0.50148
 0.0170665 -0.0841047    0.50148
 0.0170665 -0.0841047    0.50148
 0.0170665 -0.0841047    0.50148
 0.0170665 -0.0841047    0.50148
 0.0170665 -0.0841047    0.50148
 0.0170665 -0.0841047    0.50148
 0.0170665 -0.0841047    0.50148
 0.0170665 -0.0841047    0.50148
 0.0170665 -0.0841047    0.50148
 0.0170665 -0.0841047    0.50148
 0.0170665 -0.0841047    0.50148
 0.0170665 -0.0841047    0.50148
 0.0170665 -0.0841047    0.50148
 0.0170665 -0.0841047    0.50148
 0.0170665 -0.0841047    0.50148
 0.0170665 -0.0841047    0.50148
 0.0170665 -0.0841047    0.50148
 0.0170665 -0.0841047    0.50148
 0.0170665 -0.0841047    0.50148
 0.0170665 -0.0841047    0.50148
 0.0170665 -0.0841047    0.50148
 0.0170665 -0.0841047    0.50148
 0.0170665 -0.0841047    0.50148
 0.0170665 -0.0841047    0.50148
 0.0170665 -0.0841047    0.50148
 0.0170665 -0.0841047    0.50148
 0.0170665 -0.0841047    0.50148
 0.0170665 -0.0841047    0.50148
 0.0170665 -0.0841047    0.50148
 0.0170665 -0.0841047    0.50148
 0.0170665 -0.0841047    0.50148
 0.0170665 -0.0841047    0.50148
 0.0170665 -0.0841047    0.50148
 0.0170665 -0.0841047    0.50148
 0.0170665 -0.0841047    0.50148
 0.0170665 -0.0841047    0.50148
 0.0170665 -0.0841047    0.50148
 0.0170665 -0.0841047    0.50148
 0.0170665 -0.0841047    0.50148
 0.0170665 -0.0841047    0.50148
 0.0170665 -0.0841047    0.50148
 0.0170665 -0.0841047    0.50148
 0.0170665 -0.0841047    0.50148
 0.0170665 -0.0841047    0.50148
 0.0170665 -0.0841047    0.50148
 0.0170665 -0.0841047    0.50148
 0.0170665 -0.0841047    0.50148
 0.0170665 -0.0841047    0.50148
 0.0170665 -0.0841047    0.50148
 0.0170665 -0.0841047    0.50148
 0.0170665 -0.0841047    0.50148
 0.0170665 -0.0841047    0.50148
 0.0170665 -0.0841047    0.50148
 0.0170665 -0.0841047    0.50148
 0.0170665 -0.0841047    0.50148
 0.0170665 -0.0841047    0.50148
 0.0170665 -0.0841047    0.50148
 0.0170665 -0.0841047    0.50148
 0.0170665 -0.0841047    0.50148
 0.0170665 -0.0841047    0.50148
 0.0170665 -0.0841047    0.50148
 0.0170665 -0.0841047    0.50148
 0.0170665 -0.0841047    0.50148
 0.0170665 -0.0841047    0.50148
 0.0170665 -0.0841047    0.50148
 0.0170665 -0.0841047    0.50148
 0.0170665 -0.0841047    0.50148
 0.0170665 -0.0841047    0.50148
 0.0170665 -0.0841047    0.50148
 0.0170665 -0.0841047    0.50148
 0.0170665 -0.0841047    0.50148
 0.0170665 -0.0841047    0.50148
 0.0170665 -0.0841047    0.50148
 0.0170665 -0.0841047    0.50148
 0.0170665 -0.0841047    0.50148
 0.0170665 -0.0841047    0.50148
 0.0170665 -0.0841047    0.50148
 0.0170665 -0.0841047    0.50148
 0.0170665 -0.0841047    0.50148
 0.0170665 -0.0841047    0.50148
 0.0170665 -0.0841047    0.50148
 0.0170665 -0.0841047    0.50148
 0.0170665 -0.0841047    0.50148
 0.0170665 -0.0841047    0.50148
 0.0170665 -0.0841047    0.50148
 0.0170665 -0.0841047    0.50148
 0.0170665 -0.0841047    0.50148
 0.0170665 -0.0841047    0.50148
 0.0170665 -0.0841047    0.50148
 0.0170665 -0.0841047    0.50148
 0.0170665 -0.0841047    0.50148
 0.0170665 -0.0841047    0.50148
 0.0170665 -0.0841047    0.50148
 0.0170665 -0.0841047    0.50148
 0.0170665 -0.0841047    0.50148
 0.0170665 -0.0841047    0.50148
 0.0170665 -0.0841047    0.50148
 0.0170665 -0.0841047    0.50148
 0.0170665 -0.0841047    0.50148
 0.0170665 -0.0841047    0.50148
 0.0170665 -0.0841047    0.50148
 0.0170665 -0.0841047    0.50148
 0.0170665 -0.0841047    0.50148
 0.0170665 -0.0841047    0.50148
 0.0170665 -0.0841047    0.50148
 0.0170665 -0.0841047    0.50148
 0.0170665 -0.0841047    0.50148
 0.0170665 -0.0841047    0.50148
 0.0170665 -0.0841047    0.50148
 0.0170665 -0.0841047    0.50148
 0.0170665 -0.0841047    0.50148
 0.0170665 -0.0841047    0.50148
 0.0170665 -0.0841047    0.50148
 0.0170665 -0.0841047    0.50148
 0.0170665 -0.0841047    0.50148
 0.0170665 -0.0841047    0.50148
 0.0170665 -0.0841047    0.50148
 0.0170665 -0.0841047    0.50148
 0.0170665 -0.0841047    0.50148
 0.0170665 -0.0841047    0.50148
 0.0170665 -0.0841047    0.50148
 0.0170665 -0.0841047    0.50148
 0.0170665 -0.0841047    0.50148
 0.0170665 -0.0841047    0.50148
 0.0170665 -0.0841047    0.50148
 0.0170665 -0.0841047    0.50148
 0.0170665 -0.0841047    0.50148
 0.0170665 -0.0841047    0.50148
 0.0170665 -0.0841047    0.50148
 0.0170665 -0.0841047    0.50148
 0.0170665 -0.0841047    0.50148
 0.0170665 -0.0841047    0.50148
 0.0170665 -0.0841047    0.50148
 0.0170665 -0.0841047    0.50148
 0.0170665 -0.0841047    0.50148
 0.0170665 -0.0841047    0.50148
 0.0170665 -0.0841047    0.50148
 0.0170665 -0.0841047    0.50148
 0.0170665 -0.0841047    0.50148
 0.0170665 -0.0841047    0.50148
 0.0170665 -0.0841047    0.50148
 0.0170665 -0.0841047    0.50148
 0.0170665 -0.0841047    0.50148
 0.0170665 -0.0841047    0.50148
 0.0170665 -0.0841047    0.50148
 0.0170665 -0.0841047    0.50148
 0.0170665 -0.0841047    0.50148
 0.0170665 -0.0841047    0.50148
 0.0170665 -0.0841047    0.50148
 0.0170665 -0.0841047    0.50148
 0.0170665 -0.0841047    0.50148
 0.0170665 -0.0841047    0.50148
 0.0170665 -0.0841047    0.50148
 0.0170665 -0.0841047    0.50148
 0.0170665 -0.0841047    0.50148
 0.0170665 -0.0841047    0.50148
 0.0170665 -0.0841047    0.50148
 0.0170665 -0.0841047    0.50148
 0.0170665 -0.0841047    0.50148
 0.0170665 -0.0841047    0.50148
 0.0170665 -0.0841047    0.50148
 0.0170665 -0.0841047    0.50148
 0.0170665 -0.0841047    0.50148
 0.0170665 -0.0841047    0.50148
 0.0170665 -0.0841047    0.50148
 0.0170665 -0.0841047    0.50148
 0.0170665 -0.0841047    0.50148
 0.0170665 -0.0841047    0.50148
 0.0170665 -0.0841047    0.50148
 0.0170665 -0.0841047    0.50148
 0.0170665 -0.0841047    0.50148
 0.0170665 -0.0841047    0.50148
 0.0170665 -0.0841047    0.50148
 0.0170665 -0.0841047    0.50148
 0.0170665 -0.0841047    0.50148
 0.0170665 -0.0841047    0.50148
 0.0170665 -0.0841047    0.50148
 0.0170665 -0.0841047    0.50148
 0.0170665 -0.0841047    0.50148
 0.0170665 -0.0841047    0.50148
 0.0170665 -0.0841047    0.50148
 0.0170665 -0.0841047    0.50148
 0.0170665 -0.0841047    0.50148
 0.0170665 -0.0841047    0.50148
 0.0170665 -0.0841047    0.50148
 0.0170665 -0.0841047    0.50148
 0.0170665 -0.0841047    0.50148
 0.0170665 -0.0841047    0.50148
 0.0170665 -0.0841047    0.50148
 0.0170665 -0.0841047    0.50148
 0.0170665 -0.0841047    0.50148
 0.0170665 -0.0841047    0.50148
 0.0170665 -0.0841047    0.50148
 0.0170665 -0.0841047    0.50148
 0.0170665 -0.0841047    0.50148
 0.0170665 -0.0841047    0.50148
 0.0170665 -0.0841047    0.50148
 0.0170665 -0.0841047    0.50148
 0.0170665 -0.0841047    0.50148
 0.0170665 -0.0841047    0.50148
 0.0170665 -0.0841047    0.50148
 0.0170665 -0.0841047    0.50148
 0.0170665 -0.0841047    0.50148
 0.0170665 -0.0841047    0.50148
 0.0170665 -0.0841047    0.50148
 0.0170665 -0.0841047    0.50148
 0.0170665 -0.0841047    0.50148
 0.0170665 -0.0841047    0.50148
 0.0170665 -0.0841047    0.50148
 0.0170665 -0.0841047    0.50148
 0.0170665 -0.0841047    0.50148
 0.0170665 -0.0841047    0.50148
 0.0170665 -0.0841047    0.50148
 0.0170665 -0.0841047    0.50148
 0.0170665 -0.0841047    0.50148
 0.0170665 -0.0841047    0.50148
 0.0170665 -0.0841047    0.50148
 0.0170665 -0.0841047    0.50148
 0.0170665 -0.0841047    0.50148
 0.0170665 -0.0841047    0.50148
 0.0170665 -0.0841047    0.50148
 0.0170665 -0.0841047    0.50148
 0.0170665 -0.0841047    0.50148
 0.0170665 -0.0841047    0.50148
 0.0170665 -0.0841047    0.50148
 0.0170665 -0.0841047    0.50148
 0.0170665 -0.0841047    0.50148
 0.0170665 -0.0841047    0.50148
 0.0170665 -0.0841047    0.50148
 0.0170665 -0.0841047    0.50148
 0.0170665 -0.0841047    0.50148
 0.0170665 -0.0841047    0.50148
 0.0170665 -0.0841047    0.50148
 0.0170665 -0.0841047    0.50148
 0.0170665 -0.0841047    0.50148
 0.0170665 -0.0841047    0.50148
 0.0170665 -0.0841047    0.50148
 0.0170665 -0.0841047    0.50148
 0.0170665 -0.0841047    0.50148
 0.0170665 -0.0841047    0.50148
 0.0170665 -0.0841047    0.50148
 0.0170665 -0.0841047    0.50148
 0.0170665 -0.0841047    0.50148
 0.0170665 -0.0841047    0.50148
 0.0170665 -0.0841047    0.50148
 0.0170665 -0.0841047    0.50148
 0.0170665 -0.0841047    0.50148
 0.0170665 -0.0841047    0.50148
 0.0170665 -0.0841047    0.50148
 0.0170665 -0.0841047    0.50148
 0.0170665 -0.0841047    0.50148
 0.0170665 -0.0841047    0.50148
 0.0170665 -0.0841047    0.50148
 0.0170665 -0.0841047    0.50148
 0.0170665 -0.0841047    0.50148
 0.0170665 -0.0841047    0.50148
 0.0170665 -0.0841047    0.50148
 0.0170665 -0.0841047    0.50148
 0.0170665 -0.0841047    0.50148
 0.0170665 -0.0841047    0.50148
 0.0170665 -0.0841047    0.50148
 0.0170665 -0.0841047    0.50148
 0.0170665 -0.0841047    0.50148
 0.0170665 -0.0841047    0.50148
 0.0170665 -0.0841047    0.50148
 0.0170665 -0.0841047    0.50148
 0.0170665 -0.0841047    0.50148
 0.0170665 -0.0841047    0.50148
 0.0170665 -0.0841047    0.50148
 0.0170665 -0.0841047    0.50148
 0.0170665 -0.0841047    0.50148
 0.0170665 -0.0841047    0.50148
 0.0170665 -0.0841047    0.50148
 0.0170665 -0.0841047    0.50148
 0.0170665 -0.0841047    0.50148
 0.0170665 -0.0841047    0.50148
 0.0170665 -0.0841047    0.50148
 0.0170665 -0.0841047    0.50148
 0.0170665 -0.0841047    0.50148
 0.0170665 -0.0841047    0.50148
 0.0170665 -0.0841047    0.50148
 0.0170665 -0.0841047    0.50148
 0.0170665 -0.0841047    0.50148
 0.0170665 -0.0841047    0.50148
 0.0170665 -0.0841047    0.50148
 0.0170665 -0.0841047    0.50148
 0.0170665 -0.0841047    0.50148
 0.0170665 -0.0841047    0.50148
 0.0170665 -0.0841047    0.50148
 0.0170665 -0.0841047    0.50148
 0.0170665 -0.0841047    0.50148
 0.0170665 -0.0841047    0.50148
 0.0170665 -0.0841047    0.50148
 0.0170665 -0.0841047    0.50148
 0.0170665 -0.0841047    0.50148
 0.0170665 -0.0841047    0.50148
 0.0170665 -0.0841047    0.50148
 0.0170665 -0.0841047    0.50148
 0.0170665 -0.0841047    0.50148
 0.0170665 -0.0841047    0.50148
 0.0170665 -0.0841047    0.50148
 0.0170665 -0.0841047    0.50148
 0.0170665 -0.0841047    0.50148
 0.0170665 -0.0841047    0.50148
 0.0170665 -0.0841047    0.50148
 0.0170665 -0.0841047    0.50148
 0.0170665 -0.0841047    0.50148
 0.0170665 -0.0841047    0.50148
 0.0170665 -0.0841047    0.50148
 0.0170665 -0.0841047    0.50148
 0.0170665 -0.0841047    0.50148
 0.0170665 -0.0841047    0.50148
 0.0170665 -0.0841047    0.50148
 0.0170665 -0.0841047    0.50148
 0.0170665 -0.0841047    0.50148
 0.0170665 -0.0841047    0.50148
 0.0170665 -0.0841047    0.50148
 0.0170665 -0.0841047    0.50148
 0.0170665 -0.0841047    0.50148
 0.0170665 -0.0841047    0.50148
 0.0170665 -0.0841047    0.50148
 0.0170665 -0.0841047    0.50148
 0.0170665 -0.0841047    0.50148
 0.0170665 -0.0841047    0.50148
 0.0170665 -0.0841047    0.50148
 0.0170665 -0.0841047    0.50148
 0.0170665 -0.0841047    0.50148
 0.0170665 -0.0841047    0.50148
 0.0170665 -0.0841047    0.50148
 0.0170665 -0.0841047    0.50148
 0.0170665 -0.0841047    0.50148
 0.0170665 -0.0841047    0.50148
 0.0170665 -0.0841047    0.50148
 0.0170665 -0.0841047    0.50148
 0.0170665 -0.0841047    0.50148
 0.0170665 -0.0841047    0.50148
 0.0170665 -0.0841047    0.50148
 0.0170665 -0.0841047    0.50148
 0.0170665 -0.0841047    0.50148
 0.0170665 -0.0841047    0.50148
 0.0170665 -0.0841047    0.50148
 0.0170665 -0.0841047    0.50148
 0.0170665 -0.0841047    0.50148
 0.0170665 -0.0841047    0.50148
 0.0170665 -0.0841047    0.50148
 0.0170665 -0.0841047    0.50148
 0.0170665 -0.0841047    0.50148
 0.0170665 -0.0841047    0.50148
 0.0170665 -0.0841047    0.50148
 0.0170665 -0.0841047    0.50148
 0.0170665 -0.0841047    0.50148
 0.0170665 -0.0841047    0.50148
 0.0170665 -0.0841047    0.50148
 0.0170665 -0.0841047    0.50148
 0.0170665 -0.0841047    0.50148
 0.0170665 -0.0841047    0.50148
 0.0170665 -0.0841047    0.50148
 0.0170665 -0.0841047    0.50148
 0.0170665 -0.0841047    0.50148
 0.0170665 -0.0841047    0.50148
 0.0170665 -0.0841047    0.50148
 0.0170665 -0.0841047    0.50148
 0.0170665 -0.0841047    0.50148
 0.0170665 -0.0841047    0.50148
 0.0170665 -0.0841047    0.50148
 0.0170665 -0.0841047    0.50148
 0.0170665 -0.0841047    0.50148
 0.0170665 -0.0841047    0.50148
 0.0170665 -0.0841047    0.50148
 0.0170665 -0.0841047    0.50148
 0.0170665 -0.0841047    0.50148
 0.0170665 -0.0841047    0.50148
 0.0170665 -0.0841047    0.50148
 0.0170665 -0.0841047    0.50148
 0.0170665 -0.0841047    0.50148
 0.0170665 -0.0841047    0.50148
 0.0170665 -0.0841047    0.50148
 0.0170665 -0.0841047    0.50148
 0.0170665 -0.0841047    0.50148
 0.0170665 -0.0841047    0.50148
 0.0170665 -0.0841047    0.50148
 0.0170665 -0.0841047    0.50148
 0.0170665 -0.0841047    0.50148
 0.0170665 -0.0841047    0.50148
 0.0170665 -0.0841047    0.50148
 0.0170665 -0.0841047    0.50148
 0.0170665 -0.0841047    0.50148
 0.0170665 -0.0841047    0.50148
 0.0170665 -0.0841047    0.50148
 0.0170665 -0.0841047    0.50148
 0.0170665 -0.0841047    0.50148
 0.0170665 -0.0841047    0.50148
 0.0170665 -0.0841047    0.50148
 0.0170665 -0.0841047    0.50148
 0.0170665 -0.0841047    0.50148
 0.0170665 -0.0841047    0.50148
 0.0170665 -0.0841047    0.50148
 0.0170665 -0.0841047    0.50148
 0.0170665 -0.0841047    0.50148
 0.0170665 -0.0841047    0.50148
 0.0170665 -0.0841047    0.50148
 0.0170665 -0.0841047    0.50148
 0.0170665 -0.0841047    0.50148
 0.0170665 -0.0841047    0.50148
 0.0170665 -0.0841047    0.50148
 0.0170665 -0.0841047    0.50148
 0.0170665 -0.0841047    0.50148
 0.0170665 -0.0841047    0.50148
 0.0170665 -0.0841047    0.50148
 0.0170665 -0.0841047    0.50148
 0.0170665 -0.0841047    0.50148
 0.0170665 -0.0841047    0.50148
 0.0170665 -0.0841047    0.50148
 0.0170665 -0.0841047    0.50148
 0.0170665 -0.0841047    0.50148
 0.0170665 -0.0841047    0.50148
 0.0170665 -0.0841047    0.50148
 0.0170665 -0.0841047    0.50148
 0.0170665 -0.0841047    0.50148
 0.0170665 -0.0841047    0.50148
 0.0170665 -0.0841047    0.50148
 0.0170665 -0.0841047    0.50148
 0.0170665 -0.0841047    0.50148
 0.0170665 -0.0841047    0.50148
 0.0170665 -0.0841047    0.50148
 0.0170665 -0.0841047    0.50148
 0.0170665 -0.0841047    0.50148
 0.0170665 -0.0841047    0.50148
 0.0170665 -0.0841047    0.50148
 0.0170665 -0.0841047    0.50148
 0.0170665 -0.0841047    0.50148
 0.0170665 -0.0841047    0.50148
 0.0170665 -0.0841047    0.50148
 0.0170665 -0.0841047    0.50148
 0.0170665 -0.0841047    0.50148
 0.0170665 -0.0841047    0.50148
 0.0170665 -0.0841047    0.50148
 0.0170665 -0.0841047    0.50148
 0.0170665 -0.0841047    0.50148
 0.0170665 -0.0841047    0.50148
 0.0170665 -0.0841047    0.50148
 0.0170665 -0.0841047    0.50148
 0.0170665 -0.0841047    0.50148
 0.0170665 -0.0841047    0.50148
 0.0170665 -0.0841047    0.50148
 0.0170665 -0.0841047    0.50148
 0.0170665 -0.0841047    0.50148
 0.0170665 -0.0841047    0.50148
 0.0170665 -0.0841047    0.50148
 0.0170665 -0.0841047    0.50148
 0.0170665 -0.0841047    0.50148
 0.0170665 -0.0841047    0.50148
 0.0170665 -0.0841047    0.50148
 0.0170665 -0.0841047    0.50148
 0.0170665 -0.0841047    0.50148
 0.0170665 -0.0841047    0.50148
 0.0170665 -0.0841047    0.50148
 0.0170665 -0.0841047    0.50148
 0.0170665 -0.0841047    0.50148
 0.0170665 -0.0841047    0.50148
 0.0170665 -0.0841047    0.50148
 0.0170665 -0.0841047    0.50148
 0.0170665 -0.0841047    0.50148
 0.0170665 -0.0841047    0.50148
 0.0170665 -0.0841047    0.50148
 0.0170665 -0.0841047    0.50148
 0.0170665 -0.0841047    0.50148
 0.0170665 -0.0841047    0.50148
 0.0170665 -0.0841047    0.50148
 0.0170665 -0.0841047    0.50148
 0.0170665 -0.0841047    0.50148
 0.0170665 -0.0841047    0.50148
 0.0170665 -0.0841047    0.50148
 0.0170665 -0.0841047    0.50148
 0.0170665 -0.0841047    0.50148
 0.0170665 -0.0841047    0.50148
 0.0170665 -0.0841047    0.50148
 0.0170665 -0.0841047    0.50148
 0.0170665 -0.0841047    0.50148
 0.0170665 -0.0841047    0.50148
 0.0170665 -0.0841047    0.50148
 0.0170665 -0.0841047    0.50148
 0.0170665 -0.0841047    0.50148
 0.0170665 -0.0841047    0.50148
 0.0170665 -0.0841047    0.50148
 0.0170665 -0.0841047    0.50148
 0.0170665 -0.0841047    0.50148
 0.0170665 -0.0841047    0.50148
 0.0170665 -0.0841047    0.50148
 0.0170665 -0.0841047    0.50148
 0.0170665 -0.0841047    0.50148
 0.0170665 -0.0841047    0.50148
 0.0170665 -0.0841047    0.50148
 0.0170665 -0.0841047    0.50148
 0.0170665 -0.0841047    0.50148
 0.0170665 -0.0841047    0.50148
 0.0170665 -0.0841047    0.50148
 0.0170665 -0.0841047    0.50148
 0.0170665 -0.0841047    0.50148
 0.0170665 -0.0841047    0.50148
 0.0170665 -0.0841047    0.50148
 0.0170665 -0.0841047    0.50148
 0.0170665 -0.0841047    0.50148
 0.0170665 -0.0841047    0.50148
 0.0170665 -0.0841047    0.50148
 0.0170665 -0.0841047    0.50148
 0.0170665 -0.0841047    0.50148
 0.0170665 -0.0841047    0.50148
 0.0170665 -0.0841047    0.50148
 0.0170665 -0.0841047    0.50148
 0.0170665 -0.0841047    0.50148
 0.0170665 -0.0841047    0.50148
 0.0170665 -0.0841047    0.50148
 0.0170665 -0.0841047    0.50148
 0.0170665 -0.0841047    0.50148
 0.0170665 -0.0841047    0.50148
 0.0170665 -0.0841047    0.50148
 0.0170665 -0.0841047    0.50148
 0.0170665 -0.0841047    0.50148
 0.0170665 -0.0841047    0.50148
 0.0170665 -0.0841047    0.50148
 0.0170665 -0.0841047    0.50148
 0.0170665 -0.0841047    0.50148
 0.0170665 -0.0841047    0.50148
 0.0170665 -0.0841047    0.50148
 0.0170665 -0.0841047    0.50148
 0.0170665 -0.0841047    0.50148
 0.0170665 -0.0841047    0.50148
 0.0170665 -0.0841047    0.50148
 0.0170665 -0.0841047    0.50148
 0.0170665 -0.0841047    0.50148
 0.0170665 -0.0841047    0.50148
 0.0170665 -0.0841047    0.50148
 0.0170665 -0.0841047    0.50148
 0.0170665 -0.0841047    0.50148
 0.0170665 -0.0841047    0.50148
 0.0170665 -0.0841047    0.50148
 0.0170665 -0.0841047    0.50148
 0.0170665 -0.0841047    0.50148
 0.0170665 -0.0841047    0.50148
 0.0170665 -0.0841047    0.50148
 0.0170665 -0.0841047    0.50148
 0.0170665 -0.0841047    0.50148
 0.0170665 -0.0841047    0.50148
 0.0170665 -0.0841047    0.50148
 0.0170665 -0.0841047    0.50148
 0.0170665 -0.0841047    0.50148
 0.0170665 -0.0841047    0.50148
 0.0170665 -0.0841047    0.50148
 0.0170665 -0.0841047    0.50148
 0.0170665 -0.0841047    0.50148
 0.0170665 -0.0841047    0.50148
 0.0170665 -0.0841047    0.50148
 0.0170665 -0.0841047    0.50148
 0.0170665 -0.0841047    0.50148
 0.0170665 -0.0841047    0.50148
 0.0170665 -0.0841047    0.50148
 0.0170665 -0.0841047    0.50148
 0.0170665 -0.0841047    0.50148
 0.0170665 -0.0841047    0.50148
 0.0170665 -0.0841047    0.50148
 0.0170665 -0.0841047    0.50148
 0.0170665 -0.0841047    0.50148
 0.0170665 -0.0841047    0.50148
 0.0170665 -0.0841047    0.50148
 0.0170665 -0.0841047    0.50148
 0.0170665 -0.0841047    0.50148
 0.0170665 -0.0841047    0.50148
 0.0170665 -0.0841047    0.50148
 0.0170665 -0.0841047    0.50148
 0.0170665 -0.0841047    0.50148
 0.0170665 -0.0841047    0.50148
 0.0170665 -0.0841047    0.50148
 0.0170665 -0.0841047    0.50148
 0.0170665 -0.0841047    0.50148
 0.0170665 -0.0841047    0.50148
 0.0170665 -0.0841047    0.50148
 0.0170665 -0.0841047    0.50148
 0.0170665 -0.0841047    0.50148
 0.0170665 -0.0841047    0.50148
 0.0170665 -0.0841047    0.50148
 0.0170665 -0.0841047    0.50148
 0.0170665 -0.0841047    0.50148
 0.0170665 -0.0841047    0.50148
 0.0170665 -0.0841047    0.50148
 0.0170665 -0.0841047    0.50148
 0.0170665 -0.0841047    0.50148
 0.0170665 -0.0841047    0.50148
 0.0170665 -0.0841047    0.50148
 0.0170665 -0.0841047    0.50148
 0.0170665 -0.0841047    0.50148
 0.0170665 -0.0841047    0.50148
 0.0170665 -0.0841047    0.50148
 0.0170665 -0.0841047    0.50148
 0.0170665 -0.0841047    0.50148
 0.0170665 -0.0841047    0.50148
 0.0170665 -0.0841047    0.50148
 0.0170665 -0.0841047    0.50148
 0.0170665 -0.0841047    0.50148
 0.0170665 -0.0841047    0.50148
 0.0170665 -0.0841047    0.50148
 0.0170665 -0.0841047    0.50148
 0.0170665 -0.0841047    0.50148
 0.0170665 -0.0841047    0.50148
 0.0170665 -0.0841047    0.50148
 0.0170665 -0.0841047    0.50148
 0.0170665 -0.0841047    0.50148
 0.0170665 -0.0841047    0.50148
 0.0170665 -0.0841047    0.50148
 0.0170665 -0.0841047    0.50148
 0.0170665 -0.0841047    0.50148
 0.0170665 -0.0841047    0.50148
 0.0170665 -0.0841047    0.50148
 0.0170665 -0.0841047    0.50148
 0.0170665 -0.0841047    0.50148
 0.0170665 -0.0841047    0.50148
 0.0170665 -0.0841047    0.50148
 0.0170665 -0.0841047    0.50148
 0.0170665 -0.0841047    0.50148
 0.0170665 -0.0841047    0.50148
 0.0170665 -0.0841047    0.50148
 0.0170665 -0.0841047    0.50148
 0.0170665 -0.0841047    0.50148
 0.0170665 -0.0841047    0.50148
 0.0170665 -0.0841047    0.50148
 0.0170665 -0.0841047    0.50148
 0.0170665 -0.0841047    0.50148
 0.0170665 -0.0841047    0.50148
 0.0170665 -0.0841047    0.50148
 0.0170665 -0.0841047    0.50148
 0.0170665 -0.0841047    0.50148
 0.0170665 -0.0841047    0.50148
 0.0170665 -0.0841047    0.50148
 0.0170665 -0.0841047    0.50148
 0.0170665 -0.0841047    0.50148
 0.0170665 -0.0841047    0.50148
 0.0170665 -0.0841047    0.50148
 0.0170665 -0.0841047    0.50148
 0.0170665 -0.0841047    0.50148
 0.0170665 -0.0841047    0.50148
