0.0169568 -0.105389  0.508332
0.0169568 -0.105389  0.508332
0.0169514  -0.10539  0.508332
0.0169451 -0.105389  0.508332
0.0169384  -0.10539  0.508331
0.0169312 -0.105389  0.508331
0.0169239 -0.105388  0.508331
0.0169164  -0.10539   0.50833
0.0169094 -0.105389  0.508329
0.0169023 -0.105391  0.508328
0.0168959  -0.10539  0.508327
0.0168897 -0.105391  0.508326
 0.016884 -0.105391  0.508325
0.0168787 -0.105393  0.508324
0.0168751 -0.105394  0.508323
0.0168704 -0.105394  0.508321
 0.016867 -0.105393   0.50832
0.0168646 -0.105392  0.508319
0.0168628 -0.105393  0.508317
0.0168616 -0.105393  0.508316
0.0168609 -0.105394  0.508314
0.0168614 -0.105392  0.508312
0.0168622 -0.105392   0.50831
0.0168636 -0.105391  0.508308
0.0168654 -0.105392  0.508306
0.0168679 -0.105389  0.508303
0.0168709 -0.105389    0.5083
0.0168744 -0.105387  0.508298
0.0168785 -0.105384  0.508295
 0.016883 -0.105382  0.508291
0.0168878  -0.10538  0.508287
0.0168929 -0.105378  0.508283
0.0168987 -0.105375  0.508278
0.0169048 -0.105368  0.508274
0.0169121 -0.105365  0.508268
0.0169188 -0.105361  0.508263
0.0169258 -0.105358  0.508256
0.0169323 -0.105355  0.508249
 0.016941 -0.105351  0.508242
0.0169497 -0.105346  0.508235
0.0169567 -0.105342  0.508227
0.0169672 -0.105338  0.508218
0.0169767 -0.105333  0.508209
0.0169866 -0.105329  0.508199
0.0169962 -0.105325  0.508189
 0.017008 -0.105321  0.508178
0.0170194 -0.105315  0.508166
0.0170313 -0.105311  0.508154
0.0170429 -0.105307  0.508141
0.0170569 -0.105302  0.508128
0.0170707 -0.105296  0.508114
0.0170841 -0.105291    0.5081
0.0171001 -0.105286  0.508084
0.0171158  -0.10528  0.508068
0.0171323 -0.105275  0.508051
0.0171487  -0.10527  0.508034
0.0171676 -0.105264  0.508016
0.0171865 -0.105257  0.507997
0.0172061 -0.105252  0.507977
0.0172257 -0.105246  0.507956
0.0172693 -0.105237   0.50791
0.0172693 -0.105237   0.50791
0.0172921  -0.10523  0.507887
0.0173419 -0.105211  0.507841
0.0173675 -0.105205  0.507815
0.0173675 -0.105205  0.507815
0.0174207 -0.105193  0.507757
0.0174491 -0.105186  0.507728
0.0174784 -0.105178  0.507698
0.0175085 -0.105172  0.507667
0.0175398 -0.105162  0.507635
0.0175718 -0.105155  0.507602
0.0176046 -0.105146  0.507568
0.0176386 -0.105136  0.507532
0.0176734 -0.105128  0.507495
0.0177091 -0.105119  0.507457
0.0177456 -0.105111  0.507418
0.0177832 -0.105101  0.507377
0.0178216 -0.105092  0.507335
 0.017861 -0.105082  0.507292
0.0179012 -0.105073  0.507247
0.0179424 -0.105063  0.507201
0.0179845 -0.105054  0.507153
0.0179845 -0.105054  0.507153
0.0180717 -0.105032  0.507054
0.0181166 -0.105023  0.507001
0.0181624 -0.105012  0.506947
0.0182092 -0.105002  0.506891
0.0182569 -0.104991  0.506834
0.0183056 -0.104981  0.506774
0.0183552 -0.104969  0.506713
0.0184057 -0.104959   0.50665
0.0184571 -0.104947  0.506585
0.0185095 -0.104936  0.506518
0.0185628 -0.104924   0.50645
0.0186169 -0.104912  0.506379
0.0186718 -0.104901  0.506306
0.0187274 -0.104888  0.506231
0.0187837 -0.104877  0.506154
0.0188409 -0.104864  0.506076
0.0188987 -0.104853  0.505994
0.0189571 -0.104841  0.505911
0.0190162 -0.104829  0.505826
0.0190757 -0.104816  0.505738
0.0191359 -0.104805  0.505648
0.0192068  -0.10479  0.505555
0.0192679 -0.104777  0.505461
0.0193293 -0.104766  0.505365
 0.019391 -0.104752  0.505267
0.0194529 -0.104741  0.505166
0.0195148 -0.104727  0.505063
0.0195769 -0.104716  0.504958
0.0195769 -0.104716  0.504958
 0.019639 -0.104702  0.504851
0.0197636 -0.104678   0.50463
0.0198258 -0.104666  0.504515
0.0198884 -0.104653    0.5044
0.0199504  -0.10464  0.504281
0.0200053 -0.104624  0.504151
0.0200669 -0.104613  0.504027
0.0201286 -0.104601    0.5039
0.0201902  -0.10459  0.503771
0.0202517 -0.104577   0.50364
0.0203129 -0.104567  0.503507
 0.020374 -0.104555  0.503371
0.0204348 -0.104544  0.503232
0.0204955 -0.104533  0.503092
 0.020556 -0.104522  0.502948
0.0206163 -0.104511  0.502803
0.0206764   -0.1045  0.502655
0.0207361  -0.10449  0.502504
0.0207955 -0.104479  0.502351
0.0207955 -0.104479  0.502351
0.0209188  -0.10446   0.50204
0.0209774 -0.104451  0.501879
0.0212264 -0.104432  0.501873
0.0211061 -0.104429  0.501547
0.0211634 -0.104419   0.50138
0.0212202  -0.10441   0.50121
0.0212627 -0.104406  0.501022
 0.021318 -0.104396  0.500849
0.0213725 -0.104386  0.500673
0.0214263 -0.104378  0.500495
0.0214803 -0.104369  0.500315
0.0215318  -0.10436  0.500134
0.0215844 -0.104352  0.499951
0.0216346 -0.104343  0.499766
0.0216858 -0.104335  0.499579
0.0217347 -0.104326  0.499391
0.0217837 -0.104317  0.499201
0.0218321  -0.10431  0.499008
0.0218797 -0.104301  0.498815
0.0219269 -0.104293   0.49862
0.0219742 -0.104286  0.498422
0.0220192 -0.104278  0.498224
0.0220643 -0.104269  0.498024
0.0221096 -0.104263  0.497822
0.0221524 -0.104254   0.49762
0.0221963 -0.104247  0.497416
0.0222377 -0.104239  0.497211
0.0222849 -0.104233  0.497009
0.0223263 -0.104228  0.496802
0.0223652 -0.104219  0.496594
 0.022405 -0.104213  0.496386
0.0224565 -0.104203  0.496169
 0.022493 -0.104197  0.495958
0.0225309  -0.10419  0.495748
0.0225494 -0.104182  0.495519
0.0225838 -0.104177  0.495307
0.022617 -0.10417 0.495096
0.0226494 -0.104166  0.494884
0.0226806 -0.104159  0.494672
0.0227111 -0.104155  0.494461
0.0227403 -0.104149   0.49425
 0.022769 -0.104145  0.494038
0.0227965  -0.10414  0.493828
0.0228233 -0.104136  0.493617
0.0228489  -0.10413  0.493407
 0.022874 -0.104128  0.493198
0.0228979 -0.104122  0.492989
0.0229262  -0.10412  0.492784
0.0229495 -0.104116  0.492578
0.0229715 -0.104113  0.492371
0.0229926 -0.104109  0.492165
 0.023013 -0.104106  0.491959
0.0230277 -0.104104  0.491729
0.0230485 -0.104101  0.491526
0.0230662 -0.104098  0.491324
 0.023084 -0.104094  0.491123
0.0231019 -0.104091  0.490922
0.0231178 -0.104088  0.490724
0.0231338 -0.104084  0.490526
0.0231493 -0.104081   0.49033
0.0231644 -0.104078  0.490135
0.0231789 -0.104076  0.489941
0.0231937 -0.104073  0.489749
0.0232066  -0.10407  0.489558
0.0232204 -0.104067  0.489368
0.0232323 -0.104064   0.48918
0.0232446 -0.104061  0.488993
0.0232564 -0.104059  0.488807
0.0232679 -0.104056  0.488623
0.0232791 -0.104054  0.488439
0.0232898 -0.104051  0.488258
0.0233001 -0.104048  0.488078
0.0233141 -0.104047  0.487901
0.0233197 -0.104043  0.487721
 0.023329 -0.104042  0.487545
0.0233417  -0.10404  0.487373
0.0233502 -0.104039    0.4872
0.0233593 -0.104037  0.487029
0.0233672 -0.104036  0.486858
0.0233746 -0.104033  0.486689
0.0233819 -0.104033  0.486521
0.0233887 -0.104031  0.486355
 0.023395 -0.104029   0.48619
0.0234011 -0.104028  0.486027
0.0234067 -0.104027  0.485865
0.0234079 -0.104025  0.485703
0.0234157 -0.104025  0.485547
0.0234151 -0.104024  0.485387
0.0234189 -0.104023  0.485232
0.0234222 -0.104023  0.485078
0.0234297 -0.104023  0.484929
0.0234219 -0.104022  0.484764
0.0234248 -0.104022  0.484614
0.0234274 -0.104021  0.484467
0.0234299 -0.104021   0.48432
0.0234322 -0.104021  0.484176
0.0234344  -0.10402  0.484033
0.0234367 -0.104021  0.483891
0.0234388  -0.10402  0.483751
 0.023441 -0.104021  0.483612
 0.023443 -0.104021  0.483476
0.0234452 -0.104021  0.483341
0.0234472 -0.104021  0.483208
0.0234493 -0.104022  0.483076
0.0234513 -0.104021  0.482946
0.0234533 -0.104022  0.482817
 0.023456 -0.104021  0.482691
0.0234579 -0.104021  0.482566
0.0234646 -0.104019  0.482439
0.0234663 -0.104019  0.482317
0.0234681  -0.10402  0.482197
0.0234696 -0.104019  0.482078
0.0234711  -0.10402   0.48196
0.0234724  -0.10402  0.481844
0.0234737 -0.104021  0.481729
0.0234746 -0.104021  0.481617
0.0234756 -0.104022  0.481505
0.0234762 -0.104022  0.481395
0.0234769 -0.104023  0.481286
0.0234772 -0.104023  0.481179
0.0234775 -0.104024  0.481072
0.0234775 -0.104024  0.480968
0.0234776 -0.104024  0.480864
0.0234773 -0.104025  0.480762
0.0234771 -0.104026  0.480661
0.0234767 -0.104027  0.480561
0.0234763 -0.104028  0.480462
0.0234757 -0.104029  0.480365
0.023475 -0.10403 0.480268
0.0234743 -0.104031  0.480173
0.0234736 -0.104032  0.480079
0.0234727 -0.104033  0.479987
0.0234645 -0.104037  0.479885
0.0234637 -0.104037  0.479794
0.0234627 -0.104039  0.479705
0.0234618  -0.10404  0.479617
0.0234609 -0.104041  0.479531
0.0234631 -0.104043  0.479448
0.0234631 -0.104043  0.479448
0.0234613 -0.104046  0.479281
0.0234604 -0.104047  0.479199
0.0234596 -0.104047  0.479118
0.0234592 -0.104047  0.479039
0.0234592 -0.104047  0.479039
 0.023458 -0.104048  0.478961
0.0234573 -0.104049  0.478884
0.0234564 -0.104049  0.478808
0.0234561  -0.10405  0.478734
0.0234552  -0.10405   0.47866
0.0234555  -0.10405  0.478515
0.0234555  -0.10405  0.478515
0.0234547  -0.10405  0.478445
0.0234536 -0.104051  0.478375
0.0234526  -0.10405  0.478307
0.0234516 -0.104051  0.478239
0.0234504  -0.10405  0.478173
0.0234429 -0.104046  0.478034
0.0234445 -0.104051  0.477979
0.023443 -0.10405 0.477916
0.0234416  -0.10405  0.477853
 0.02344 -0.10405 0.477792
0.0234386  -0.10405  0.477731
0.0234386  -0.10405  0.477731
0.0234358  -0.10405  0.477613
0.0234342  -0.10405  0.477555
0.0234325  -0.10405  0.477498
0.0234309  -0.10405  0.477442
0.0234291  -0.10405  0.477386
0.0234274 -0.104051  0.477331
0.0234257 -0.104051  0.477276
0.0234238 -0.104051  0.477223
0.0234217 -0.104051   0.47717
0.0234197 -0.104052  0.477118
0.0234182 -0.104052  0.477067
0.0234163 -0.104053  0.477016
0.0234142 -0.104053  0.476966
0.0234122 -0.104053  0.476917
0.0234101 -0.104053  0.476869
0.0234091 -0.104055   0.47682
0.0234068 -0.104054  0.476773
0.0234047 -0.104055  0.476727
0.0233988 -0.104049  0.476675
0.0233967 -0.104048   0.47663
0.0233944 -0.104048  0.476586
0.0233922 -0.104048  0.476542
0.0233926 -0.104049  0.476501
0.0233902 -0.104048  0.476459
 0.023388 -0.104047  0.476417
0.0233856 -0.104047  0.476376
0.0233833 -0.104046  0.476336
0.0233818 -0.104047  0.476296
0.0233818 -0.104047  0.476296
0.0233793 -0.104045  0.476257
0.0233744 -0.104044  0.476181
0.0233724 -0.104044  0.476144
0.0233698 -0.104043  0.476107
0.0233672 -0.104042   0.47607
0.0233646 -0.104042  0.476035
0.0233614 -0.104041  0.475999
0.023359 -0.10404 0.475964
0.0233561 -0.104041   0.47593
0.0233531  -0.10404  0.475896
0.0233501  -0.10404  0.475862
0.0233465 -0.104039  0.475829
0.0233437 -0.104038  0.475796
0.0233404 -0.104039  0.475763
0.0233369 -0.104038  0.475732
0.0233351  -0.10404  0.475701
0.0233276 -0.104039  0.475664
0.0233247 -0.104039  0.475633
0.0233209  -0.10404  0.475602
0.0233172  -0.10404  0.475572
0.0233133  -0.10404  0.475542
0.0233095  -0.10404  0.475512
0.0233057 -0.104041  0.475483
0.0233016  -0.10404  0.475454
0.0232978  -0.10404  0.475426
0.0232937  -0.10404  0.475398
0.0232898  -0.10404   0.47537
0.0232859  -0.10404  0.475343
0.0232818 -0.104039  0.475316
0.0232779 -0.104039   0.47529
0.0232738 -0.104039  0.475264
0.0232699 -0.104038  0.475238
 0.023266 -0.104038  0.475213
0.0232619 -0.104037  0.475188
 0.023258 -0.104036  0.475163
0.0232541 -0.104036  0.475138
  0.02325 -0.104034  0.475114
0.0232461 -0.104032  0.475091
 0.023242 -0.104032  0.475067
0.023238 -0.10403 0.475044
0.0232341 -0.104029  0.475021
  0.02323 -0.104027  0.474998
 0.023226 -0.104027  0.474976
0.0232218 -0.104025  0.474954
0.0232178 -0.104024  0.474932
0.0232141 -0.104023   0.47491
0.0232098 -0.104022  0.474889
0.0232058  -0.10402  0.474868
0.0232017 -0.104019  0.474847
0.0231973 -0.104018  0.474826
0.0231929 -0.104017  0.474805
0.0231885 -0.104016  0.474785
0.0231843 -0.104015  0.474765
0.0231804 -0.104015  0.474745
0.0231759 -0.104014  0.474726
0.0231716 -0.104014  0.474706
0.0231671 -0.104012  0.474687
0.0231628 -0.104013  0.474668
0.0231584 -0.104013  0.474649
 0.023152 -0.104007  0.474628
0.0231488 -0.104007   0.47461
0.0231444 -0.104007  0.474592
0.0231405 -0.104007  0.474574
0.0231359 -0.104007  0.474556
0.0231316 -0.104006  0.474538
0.0231272 -0.104006  0.474521
0.0231227 -0.104005  0.474504
0.0231184 -0.104005  0.474487
0.0231139 -0.104004   0.47447
0.0231097 -0.104004  0.474453
0.0231054 -0.104004  0.474437
 0.023101 -0.104002  0.474421
0.0230969 -0.104003  0.474405
0.0230927 -0.104001  0.474389
0.0230884 -0.104001  0.474373
0.0230845    -0.104  0.474358
0.0230802    -0.104  0.474343
0.023076   -0.104 0.474328
0.0230719    -0.104  0.474313
0.0230652 -0.103998  0.474295
0.0230608 -0.103996   0.47428
 0.023057 -0.103995  0.474266
0.0230541 -0.103996  0.474252
0.0230504 -0.103994  0.474238
0.0230465 -0.103994  0.474224
0.0230425 -0.103992   0.47421
0.0230384 -0.103991  0.474196
0.0230345  -0.10399  0.474182
0.0230304 -0.103989  0.474169
0.0230264 -0.103987  0.474155
0.0230226 -0.103986  0.474142
0.0230186 -0.103985  0.474129
0.0230147 -0.103983  0.474116
0.0230108 -0.103983  0.474102
0.0230068 -0.103981   0.47409
 0.023003 -0.103981  0.474077
 0.022999 -0.103979  0.474065
0.0229952 -0.103979  0.474052
0.0229913 -0.103977   0.47404
0.0229874 -0.103975  0.474028
0.0229836 -0.103975  0.474015
0.0229798 -0.103974  0.474003
0.0229757 -0.103973  0.473992
0.0229721 -0.103972   0.47398
0.0229681 -0.103971  0.473968
0.0229644  -0.10397  0.473957
0.0229589 -0.103964  0.473943
0.0229556 -0.103965  0.473932
0.0229519 -0.103963  0.473921
0.0229481 -0.103962   0.47391
0.0229445 -0.103962  0.473898
 0.02294 -0.10396 0.473888
0.0229371  -0.10396  0.473877
0.0229335 -0.103958  0.473866
0.0229308 -0.103959  0.473856
0.0229273 -0.103958  0.473845
0.0229231 -0.103957  0.473835
0.0229201 -0.103956  0.473824
0.0229166 -0.103954  0.473814
0.0229132 -0.103954  0.473804
0.0229096 -0.103952  0.473794
0.0229062 -0.103952  0.473784
0.0229024 -0.103951  0.473774
0.0228996 -0.103951  0.473764
0.0228962 -0.103949  0.473754
0.0228927 -0.103948  0.473745
0.0228893 -0.103948  0.473735
0.0228853 -0.103947  0.473726
0.0228825 -0.103946  0.473716
0.0228792 -0.103945  0.473707
0.0228756 -0.103944  0.473698
0.0228723 -0.103943  0.473689
0.0228684 -0.103942   0.47368
0.0228655 -0.103941  0.473671
0.0228623  -0.10394  0.473662
0.022859 -0.10394 0.473653
0.0228556 -0.103939  0.473644
0.0228523 -0.103939  0.473635
0.0228485 -0.103938  0.473626
0.0228458 -0.103937  0.473618
0.0228406 -0.103935  0.473607
0.0228374 -0.103934  0.473598
0.0228362 -0.103934  0.473593
0.0228305 -0.103929  0.473582
0.0228297 -0.103935  0.473576
0.0228264 -0.103934  0.473568
0.0228235 -0.103933   0.47356
0.0228205 -0.103931  0.473552
0.0228174 -0.103931  0.473544
0.0228145  -0.10393  0.473536
0.0228115 -0.103929  0.473528
0.0228087 -0.103927   0.47352
0.0228057 -0.103927  0.473513
 0.022803 -0.103925  0.473505
   0.0228 -0.103924  0.473497
0.0227964 -0.103918  0.473488
0.0227938 -0.103916  0.473481
0.0227906 -0.103916  0.473474
0.0227877 -0.103915  0.473467
0.0227843 -0.103914   0.47346
0.0227822 -0.103913  0.473452
0.0227795 -0.103913  0.473446
0.0227775 -0.103911  0.473439
0.0227748  -0.10391  0.473432
0.0227712 -0.103908  0.473425
0.0227695 -0.103908  0.473418
0.0227662 -0.103907  0.473411
 0.022764 -0.103905  0.473405
0.0227614 -0.103904  0.473398
0.0227585 -0.103903  0.473391
0.0227559 -0.103902  0.473384
0.0227525 -0.103901  0.473378
0.0227504   -0.1039  0.473371
0.0227477 -0.103899  0.473365
 0.022745 -0.103899  0.473358
0.0227407 -0.103898   0.47335
0.0227389 -0.103898  0.473346
0.0227352 -0.103897  0.473337
0.0227324 -0.103896  0.473331
0.0227297 -0.103895  0.473325
 0.022727 -0.103894  0.473318
0.0227245 -0.103893  0.473312
0.0227217 -0.103893  0.473306
0.0227193 -0.103892    0.4733
0.0227165 -0.103893  0.473295
0.0227137 -0.103892  0.473289
0.0227114 -0.103892  0.473283
0.0227089 -0.103891  0.473277
0.0227064  -0.10389  0.473271
0.0227039 -0.103889  0.473265
0.0227017 -0.103887   0.47326
0.0226991 -0.103887  0.473254
0.0226977 -0.103886  0.473249
0.0226956 -0.103886  0.473243
0.0226933 -0.103884  0.473238
0.0226909 -0.103884  0.473232
0.0226888 -0.103882  0.473227
0.0226863  -0.10388  0.473221
0.0226839  -0.10388  0.473216
0.0226816 -0.103878  0.473211
0.0226789 -0.103877  0.473205
0.0226771 -0.103876    0.4732
0.0226746 -0.103875  0.473195
0.0226722 -0.103874   0.47319
0.0226701 -0.103873  0.473184
0.0226675 -0.103871  0.473179
0.0226654 -0.103869  0.473174
0.0226629 -0.103869  0.473169
0.0226606 -0.103867  0.473165
0.0226582 -0.103867  0.473159
0.0226561 -0.103865  0.473155
0.0226536 -0.103864   0.47315
0.0226515 -0.103863  0.473145
0.0226492 -0.103863   0.47314
0.0226469 -0.103861  0.473135
0.0226446  -0.10386  0.473131
0.0226426 -0.103859  0.473126
0.0226402 -0.103858  0.473121
0.0226382 -0.103857  0.473117
0.0226359 -0.103856  0.473112
0.0226338 -0.103856  0.473107
0.0226316 -0.103855  0.473103
0.0226297 -0.103854  0.473098
0.0226273 -0.103853  0.473094
0.0226246 -0.103848  0.473088
0.0226231 -0.103846  0.473084
0.0226204 -0.103847  0.473079
0.0226191 -0.103845  0.473075
0.0226163 -0.103845   0.47307
 0.022615 -0.103844  0.473066
0.0226124 -0.103844  0.473062
 0.022611 -0.103843  0.473058
0.0226084 -0.103843  0.473053
0.0226071 -0.103842  0.473049
0.0226044 -0.103841  0.473045
0.0226032 -0.103841  0.473041
0.0226006  -0.10384  0.473037
0.0225993 -0.103839  0.473033
0.0225968 -0.103839  0.473029
0.0225952  -0.10384  0.473025
0.0225924 -0.103839  0.473021
0.0225913 -0.103838  0.473017
0.0225888 -0.103838  0.473013
 0.022588 -0.103837   0.47301
0.0225849 -0.103837  0.473006
0.0225837 -0.103835  0.473002
0.0225818 -0.103836  0.472999
0.0225807 -0.103835  0.472995
0.0225779 -0.103835  0.472991
0.0225768 -0.103833  0.472988
0.0225742 -0.103834  0.472983
 0.022573 -0.103832   0.47298
0.0225702 -0.103831  0.472976
 0.022569 -0.103831  0.472973
0.0225665  -0.10383  0.472969
0.0225639 -0.103829  0.472964
0.0225617 -0.103829   0.47296
0.0225599 -0.103827  0.472957
0.0225579 -0.103827  0.472953
 0.022556 -0.103826   0.47295
 0.022554 -0.103826  0.472946
0.0225523 -0.103824  0.472943
0.0225502 -0.103823  0.472939
 0.022548 -0.103823  0.472936
0.0225461 -0.103823  0.472933
0.0225443 -0.103822   0.47293
0.0225425 -0.103821  0.472926
0.0225409  -0.10382  0.472923
 0.022539 -0.103819   0.47292
0.0225375 -0.103819  0.472917
0.0225358 -0.103818  0.472913
0.0225347 -0.103818  0.472911
 0.022533 -0.103816  0.472908
0.0225309 -0.103814  0.472904
0.0225298 -0.103815  0.472901
0.0225282 -0.103813  0.472898
0.0225264 -0.103813  0.472895
 0.022525 -0.103812  0.472892
0.0225233 -0.103812  0.472889
0.0225218  -0.10381  0.472886
0.0225201  -0.10381  0.472883
0.0225185 -0.103808   0.47288
0.0225167 -0.103807  0.472877
0.0225144 -0.103802  0.472874
0.0225135 -0.103802   0.47287
0.0225112 -0.103801  0.472868
 0.02251  -0.1038 0.472865
0.0225077 -0.103799  0.472862
0.0225068 -0.103799  0.472859
0.0225043 -0.103798  0.472856
0.0225033 -0.103797  0.472853
0.0225005 -0.103797  0.472851
0.0224994 -0.103796  0.472849
0.0224971 -0.103796  0.472846
0.0224962 -0.103795  0.472843
0.0224938 -0.103795   0.47284
0.0224929 -0.103794  0.472837
0.0224908 -0.103794  0.472835
0.0224897 -0.103793  0.472832
0.0224875 -0.103793  0.472829
0.0224867 -0.103792  0.472827
0.0224849 -0.103792  0.472824
0.0224835 -0.103791  0.472821
0.0224819 -0.103791  0.472819
0.0224811 -0.103791  0.472816
0.0224777  -0.10379  0.472812
0.0224773 -0.103789  0.472811
0.0224746 -0.103789  0.472807
0.0224747 -0.103789  0.472806
0.0224725 -0.103789  0.472803
0.0224717 -0.103788  0.472801
0.0224694 -0.103787  0.472799
0.0224685 -0.103786  0.472796
0.0224658 -0.103785  0.472793
0.0224654 -0.103785  0.472791
0.0224628 -0.103785  0.472787
0.0224624 -0.103784  0.472786
0.0224597 -0.103784  0.472783
0.0224593 -0.103782  0.472782
0.0224566 -0.103782  0.472778
0.0224552 -0.103782  0.472776
0.0224537 -0.103781  0.472773
0.0224523  -0.10378  0.472771
0.0224508  -0.10378  0.472769
0.0224495 -0.103779  0.472767
 0.022448 -0.103779  0.472764
0.0224465 -0.103778  0.472762
 0.022445 -0.103778   0.47276
0.0224438 -0.103777  0.472758
0.0224416 -0.103777  0.472756
0.0224404 -0.103776  0.472754
 0.022439 -0.103776  0.472752
0.0224376 -0.103774   0.47275
0.0224362 -0.103773  0.472748
0.0224351 -0.103773  0.472746
0.0224335 -0.103772  0.472744
0.0224323 -0.103768  0.472741
0.0224316 -0.103767  0.472739
0.0224296 -0.103767  0.472737
 0.022429 -0.103766  0.472735
0.0224269 -0.103765  0.472733
0.0224262 -0.103765  0.472731
0.0224245 -0.103765  0.472729
0.0224238 -0.103764  0.472727
0.0224217 -0.103763  0.472725
0.0224211 -0.103762  0.472723
 0.022419 -0.103762  0.472721
0.0224182  -0.10376  0.472719
0.0224157 -0.103762  0.472717
0.0224151  -0.10376  0.472716
0.0224129 -0.103761  0.472714
0.0224122 -0.103759  0.472712
0.0224102  -0.10376   0.47271
0.0224096 -0.103759  0.472708
0.0224074 -0.103759  0.472706
0.0224067 -0.103757  0.472704
0.0224047 -0.103757  0.472702
0.0224039 -0.103756  0.472701
0.0224019 -0.103756  0.472699
0.0224013 -0.103756  0.472697
0.0223989 -0.103756  0.472693
0.0223977 -0.103755  0.472692
0.0223962 -0.103755   0.47269
0.0223955 -0.103755  0.472688
0.0223941 -0.103755  0.472686
 0.022393 -0.103754  0.472684
0.0223914 -0.103754  0.472683
0.0223905 -0.103753  0.472681
0.0223891 -0.103752  0.472679
0.0223879 -0.103752  0.472678
0.0223865 -0.103751  0.472676
0.0223855 -0.103751  0.472674
0.0223839 -0.103748  0.472672
0.0223829  -0.10375  0.472671
 0.022382 -0.103749   0.47267
0.0223807 -0.103749  0.472668
 0.022379 -0.103748  0.472667
0.0223782 -0.103744  0.472665
0.0223766 -0.103743  0.472664
0.0223763 -0.103743  0.472662
0.0223744 -0.103743   0.47266
