 0.269468 -0.328134  0.602742
 0.268887 -0.326493  0.605749
 0.268889 -0.326491  0.605747
 0.268896 -0.326484  0.605739
 0.268907 -0.326472  0.605727
 0.268922 -0.326456  0.605709
 0.268942 -0.326435  0.605686
0.268966 -0.32641 0.605658
0.268994 -0.32638 0.605625
 0.269027 -0.326345  0.605588
 0.269064 -0.326306  0.605545
 0.269105 -0.326262  0.605497
 0.269151 -0.326214  0.605443
 0.269201 -0.326161  0.605385
 0.269255 -0.326103  0.605322
 0.269314 -0.326041  0.605254
 0.269377 -0.325974  0.605181
 0.269445 -0.325903  0.605102
 0.269517 -0.325827  0.605019
 0.269593 -0.325746   0.60493
0.269673 -0.32566 0.604837
0.269758 -0.32557 0.604738
 0.269848 -0.325476  0.604635
 0.269941 -0.325377  0.604526
 0.270039 -0.325273  0.604413
 0.270141 -0.325165  0.604294
 0.270248 -0.325052   0.60417
 0.270359 -0.324934  0.604041
 0.270475 -0.324812  0.603907
 0.270594 -0.324685  0.603768
 0.270718 -0.324554  0.603624
 0.270847 -0.324418  0.603475
  0.27098 -0.324277   0.60332
 0.271117 -0.324131  0.603161
 0.271259 -0.323981  0.602997
 0.271405 -0.323827  0.602827
 0.271555 -0.323668  0.602653
  0.27171 -0.323504  0.602473
 0.271869 -0.323336  0.602289
 0.272032 -0.323163  0.602099
   0.2722 -0.322985  0.601905
 0.272372 -0.322803  0.601705
 0.272548 -0.322616    0.6015
 0.272729 -0.322424   0.60129
 0.272914 -0.322228  0.601075
 0.273104 -0.322028  0.600856
 0.273298 -0.321822  0.600631
 0.273496 -0.321612  0.600401
 0.273698 -0.321398  0.600165
 0.273905 -0.321179  0.599925
 0.274117 -0.320955   0.59968
 0.274332 -0.320727   0.59943
 0.274552 -0.320494  0.599174
 0.274776 -0.320256  0.598914
 0.275005 -0.320014  0.598649
 0.275238 -0.319767  0.598378
 0.275475 -0.319516  0.598103
 0.275718 -0.319259  0.597822
 0.275964 -0.318999  0.597536
 0.276215 -0.318733  0.597244
  0.27647 -0.318463  0.596949
 0.276729 -0.318188  0.596648
 0.276993 -0.317909  0.596342
 0.277261 -0.317625  0.596031
 0.277533 -0.317337  0.595715
  0.27781 -0.317044  0.595393
 0.278091 -0.316746  0.595067
 0.278376 -0.316444  0.594736
 0.278666 -0.316137    0.5944
  0.27896 -0.315825  0.594058
 0.279259 -0.315509  0.593712
 0.279562 -0.315188   0.59336
 0.279869 -0.314863  0.593004
  0.28018 -0.314533  0.592642
 0.280496 -0.314199  0.592275
 0.280816 -0.313859  0.591904
 0.281141 -0.313516  0.591527
  0.28147 -0.313167  0.591145
 0.281804 -0.312813  0.590757
 0.282142 -0.312456  0.590365
 0.282484 -0.312093  0.589968
 0.282831 -0.311726  0.589566
 0.283182 -0.311354  0.589158
 0.283537 -0.310978  0.588746
 0.283897 -0.310597  0.588328
 0.284263 -0.310209  0.587903
 0.284633 -0.309818  0.587475
 0.285005 -0.309423  0.587042
 0.285383 -0.309024  0.586604
 0.285767 -0.308617  0.586158
 0.286153 -0.308207   0.58571
 0.286544 -0.307794  0.585256
 0.286938 -0.307376  0.584798
 0.287337 -0.306954  0.584335
  0.28774 -0.306527  0.583868
 0.288148 -0.306095  0.583394
  0.28856 -0.305659  0.582916
 0.288976 -0.305218  0.582433
 0.289397 -0.304773  0.581945
 0.289822 -0.304323  0.581452
 0.290251 -0.303868  0.580953
 0.290684 -0.303409  0.580451
0.291117 -0.30295 0.579948
 0.291551 -0.302491  0.579445
 0.291984 -0.302032  0.578942
 0.292418 -0.301573  0.578439
 0.292851 -0.301115  0.577936
 0.293284 -0.300656  0.577434
 0.293716 -0.300198  0.576931
  0.29415 -0.299739  0.576428
0.294583 -0.29928 0.575926
 0.295016 -0.298821  0.575423
  0.29545 -0.298362   0.57492
 0.295883 -0.297903  0.574417
 0.296316 -0.297445  0.573914
 0.296749 -0.296986  0.573411
 0.297183 -0.296527  0.572909
 0.297616 -0.296068  0.572406
 0.298049 -0.295609  0.571903
 0.298914 -0.294693  0.570898
 0.298914 -0.294693  0.570898
 0.299349 -0.294232  0.570394
 0.299783 -0.293773  0.569891
 0.300218 -0.293312  0.569385
 0.300652 -0.292853  0.568882
 0.301085 -0.292394  0.568379
 0.301518 -0.291935  0.567877
 0.301951 -0.291477  0.567374
 0.302385 -0.291017  0.566871
 0.302819 -0.290558  0.566367
 0.303252 -0.290099  0.565864
0.303685 -0.28964 0.565361
 0.304119 -0.289181  0.564858
 0.304552 -0.288722  0.564355
 0.304985 -0.288263  0.563852
 0.305419 -0.287805   0.56335
 0.305852 -0.287346  0.562847
 0.306285 -0.286887  0.562344
 0.306719 -0.286428  0.561841
 0.307152 -0.285969  0.561338
0.307585 -0.28551 0.560835
  0.30845 -0.284594  0.559831
 0.308884 -0.284134  0.559327
 0.309316 -0.283676  0.558825
 0.309751 -0.283216  0.558321
 0.310185 -0.282757  0.557818
 0.310618 -0.282298  0.557315
 0.311052 -0.281838  0.556811
 0.311486 -0.281379  0.556308
 0.311486 -0.281379  0.556308
 0.312353 -0.280461  0.555301
 0.312786 -0.280002  0.554798
  0.31322 -0.279542  0.554295
  0.31322 -0.279542  0.554295
 0.314087 -0.278625  0.553289
  0.31452 -0.278166  0.552786
 0.314953 -0.277707  0.552283
 0.315386 -0.277248   0.55178
  0.31582 -0.276789  0.551277
0.316254 -0.27633 0.550774
0.316687 -0.27587  0.55027
 0.317121 -0.275411  0.549767
 0.317554 -0.274952  0.549264
 0.317988 -0.274493  0.548761
 0.318421 -0.274034  0.548258
 0.318855 -0.273575  0.547755
 0.319289 -0.273115  0.547251
 0.319722 -0.272656  0.546748
 0.320156 -0.272197  0.546245
 0.320589 -0.271738  0.545742
 0.321022 -0.271279  0.545239
 0.321456 -0.270821  0.544736
 0.321456 -0.270821  0.544736
 0.321891 -0.270359  0.544231
0.322324  -0.2699 0.543728
 0.322758 -0.269441  0.543225
 0.323191 -0.268982  0.542722
 0.323624 -0.268524  0.542219
 0.324058 -0.268065  0.541716
 0.324924 -0.267147   0.54071
 0.324924 -0.267147   0.54071
 0.325357 -0.266688  0.540208
 0.325791 -0.266229  0.539705
 0.326224 -0.265771  0.539202
 0.326657 -0.265312  0.538699
  0.32709 -0.264854  0.538197
 0.327523 -0.264395  0.537694
 0.328389 -0.263478  0.536689
 0.328822 -0.263019  0.536187
0.329255 -0.26256 0.535684
0.329255 -0.26256 0.535684
 0.330122 -0.261643  0.534678
 0.330555 -0.261184  0.534175
 0.330988 -0.260725  0.533672
 0.330988 -0.260725  0.533672
 0.331856 -0.259806  0.532665
 0.331856 -0.259806  0.532665
 0.332723 -0.258888  0.531659
 0.332723 -0.258888  0.531659
 0.333156 -0.258429  0.531156
 0.33359 -0.25797 0.530653
 0.334023 -0.257511   0.53015
 0.334456 -0.257052  0.529647
 0.334889 -0.256593  0.529144
 0.335323 -0.256135  0.528642
 0.335756 -0.255676  0.528139
 0.336189 -0.255217  0.527636
0.337055  -0.2543 0.526631
 0.337488 -0.253841  0.526128
 0.337488 -0.253841  0.526128
 0.337922 -0.253382  0.525625
 0.338355 -0.252923  0.525122
 0.338787 -0.252466  0.524621
 0.339639 -0.251564  0.523632
0.340058 -0.25112 0.523146
 0.340473 -0.250681  0.522664
 0.340473 -0.250681  0.522664
 0.340886 -0.250243  0.522184
 0.341292 -0.249813  0.521714
 0.342091 -0.248967  0.520786
 0.342091 -0.248967  0.520786
 0.342486 -0.248548  0.520328
 0.342877 -0.248135  0.519874
 0.343261 -0.247728  0.519428
 0.343641 -0.247325  0.518987
 0.344016 -0.246928  0.518551
 0.344387 -0.246534  0.518121
 0.344755 -0.246145  0.517694
 0.345118 -0.245761  0.517273
 0.345476 -0.245382  0.516857
 0.345833 -0.245003  0.516442
 0.346183 -0.244633  0.516037
 0.346527 -0.244268  0.515637
 0.346868 -0.243908  0.515242
 0.347204 -0.243552  0.514852
0.347536  -0.2432 0.514467
 0.347866 -0.242851  0.514084
 0.348189 -0.242509  0.513709
 0.348507 -0.242172  0.513339
 0.348822 -0.241838  0.512974
0.349132 -0.24151 0.512614
 0.349438 -0.241186  0.512259
 0.349739 -0.240867  0.511909
 0.350036 -0.240553  0.511565
 0.350328 -0.240243  0.511226
 0.350616 -0.239938  0.510892
   0.3509 -0.239638  0.510562
 0.351179 -0.239342  0.510238
0.351454 -0.23905 0.509919
 0.351725 -0.238764  0.509604
 0.351991 -0.238482  0.509296
 0.352253 -0.238204  0.508991
 0.352764 -0.237664  0.508399
 0.352764 -0.237664  0.508399
0.353013  -0.2374  0.50811
 0.353257 -0.237141  0.507826
 0.353498 -0.236886  0.507547
 0.353734 -0.236636  0.507273
0.353966 -0.23639 0.507003
 0.354194 -0.236149  0.506739
 0.354416 -0.235913  0.506481
 0.354635 -0.235682  0.506227
 0.354849 -0.235455  0.505979
 0.355059 -0.235232  0.505734
 0.355265 -0.235015  0.505496
 0.355466 -0.234802  0.505262
 0.355663 -0.234594  0.505034
0.355855 -0.23439 0.504811
 0.356043 -0.234191  0.504593
 0.356226 -0.233997   0.50438
 0.356405 -0.233807  0.504172
  0.35658 -0.233622  0.503969
 0.356751 -0.233441  0.503771
 0.356917 -0.233265  0.503578
 0.357079 -0.233094   0.50339
 0.357236 -0.232928  0.503208
 0.357389 -0.232765  0.503031
 0.357537 -0.232608  0.502858
 0.357682 -0.232455  0.502691
 0.357822 -0.232307  0.502528
 0.357957 -0.232163  0.502371
 0.358089 -0.232023  0.502218
 0.358216 -0.231889   0.50207
 0.358339 -0.231759  0.501928
 0.358457 -0.231634  0.501791
 0.358571 -0.231514  0.501659
  0.35868 -0.231398  0.501532
 0.358785 -0.231287   0.50141
0.358886 -0.23118 0.501293
 0.358982 -0.231078  0.501182
 0.359074 -0.230981  0.501075
 0.359162 -0.230888  0.500973
0.359245  -0.2308 0.500876
 0.359324 -0.230716  0.500785
 0.359398 -0.230637  0.500698
 0.359469 -0.230563  0.500617
 0.359534 -0.230493   0.50054
 0.359596 -0.230428  0.500469
 0.359653 -0.230367  0.500403
 0.359706 -0.230311  0.500341
0.359754 -0.23026 0.500285
 0.359798 -0.230213  0.500234
 0.359838 -0.230171  0.500188
 0.359874 -0.230134  0.500147
 0.359931 -0.230073   0.50008
 0.359931 -0.230073   0.50008
0.359971 -0.23003 0.500033
0.359971 -0.23003 0.500033
 0.359985 -0.230016  0.500017
 0.359994 -0.230006  0.500007
 0.359999 -0.230001  0.500001
 0.36 -0.23   0.5
 0.36 -0.23   0.5
 0.36 -0.23   0.5
 0.36 -0.23   0.5
 0.36 -0.23   0.5
 0.36 -0.23   0.5
 0.36 -0.23   0.5
 0.36 -0.23   0.5
 0.36 -0.23   0.5
 0.36 -0.23   0.5
 0.36 -0.23   0.5
 0.36 -0.23   0.5
 0.36 -0.23   0.5
 0.36 -0.23   0.5
 0.36 -0.23   0.5
 0.36 -0.23   0.5
 0.36 -0.23   0.5
 0.36 -0.23   0.5
 0.36 -0.23   0.5
 0.36 -0.23   0.5
 0.36 -0.23   0.5
 0.36 -0.23   0.5
 0.36 -0.23   0.5
 0.36 -0.23   0.5
 0.36 -0.23   0.5
 0.36 -0.23   0.5
 0.36 -0.23   0.5
 0.36 -0.23   0.5
 0.36 -0.23   0.5
 0.36 -0.23   0.5
 0.36 -0.23   0.5
 0.36 -0.23   0.5
 0.36 -0.23   0.5
 0.36 -0.23   0.5
 0.36 -0.23   0.5
 0.36 -0.23   0.5
 0.36 -0.23   0.5
 0.36 -0.23   0.5
 0.36 -0.23   0.5
 0.36 -0.23   0.5
 0.36 -0.23   0.5
 0.36 -0.23   0.5
 0.36 -0.23   0.5
 0.36 -0.23   0.5
 0.36 -0.23   0.5
 0.36 -0.23   0.5
 0.36 -0.23   0.5
 0.36 -0.23   0.5
 0.36 -0.23   0.5
 0.36 -0.23   0.5
 0.36 -0.23   0.5
 0.36 -0.23   0.5
 0.36 -0.23   0.5
 0.36 -0.23   0.5
 0.36 -0.23   0.5
 0.36 -0.23   0.5
 0.36 -0.23   0.5
 0.36 -0.23   0.5
 0.36 -0.23   0.5
 0.36 -0.23   0.5
 0.36 -0.23   0.5
 0.36 -0.23   0.5
 0.36 -0.23   0.5
 0.36 -0.23   0.5
 0.36 -0.23   0.5
 0.36 -0.23   0.5
 0.36 -0.23   0.5
 0.36 -0.23   0.5
 0.36 -0.23   0.5
 0.36 -0.23   0.5
 0.36 -0.23   0.5
 0.36 -0.23   0.5
 0.36 -0.23   0.5
 0.36 -0.23   0.5
 0.36 -0.23   0.5
 0.36 -0.23   0.5
 0.36 -0.23   0.5
 0.36 -0.23   0.5
 0.36 -0.23   0.5
 0.36 -0.23   0.5
 0.36 -0.23   0.5
 0.36 -0.23   0.5
 0.36 -0.23   0.5
 0.36 -0.23   0.5
 0.36 -0.23   0.5
 0.36 -0.23   0.5
 0.36 -0.23   0.5
 0.36 -0.23   0.5
 0.36 -0.23   0.5
 0.36 -0.23   0.5
 0.36 -0.23   0.5
 0.36 -0.23   0.5
 0.36 -0.23   0.5
 0.36 -0.23   0.5
 0.36 -0.23   0.5
 0.36 -0.23   0.5
 0.36 -0.23   0.5
 0.36 -0.23   0.5
 0.36 -0.23   0.5
 0.36 -0.23   0.5
 0.36 -0.23   0.5
 0.36 -0.23   0.5
 0.36 -0.23   0.5
 0.36 -0.23   0.5
 0.36 -0.23   0.5
 0.36 -0.23   0.5
 0.36 -0.23   0.5
 0.36 -0.23   0.5
 0.36 -0.23   0.5
 0.36 -0.23   0.5
 0.36 -0.23   0.5
 0.36 -0.23   0.5
 0.36 -0.23   0.5
 0.36 -0.23   0.5
 0.36 -0.23   0.5
 0.36 -0.23   0.5
 0.36 -0.23   0.5
 0.36 -0.23   0.5
 0.36 -0.23   0.5
 0.36 -0.23   0.5
 0.36 -0.23   0.5
 0.36 -0.23   0.5
 0.36 -0.23   0.5
 0.36 -0.23   0.5
 0.36 -0.23   0.5
 0.36 -0.23   0.5
 0.36 -0.23   0.5
 0.36 -0.23   0.5
 0.36 -0.23   0.5
 0.36 -0.23   0.5
 0.36 -0.23   0.5
 0.36 -0.23   0.5
 0.36 -0.23   0.5
 0.36 -0.23   0.5
 0.36 -0.23   0.5
 0.36 -0.23   0.5
 0.36 -0.23   0.5
 0.36 -0.23   0.5
 0.36 -0.23   0.5
 0.36 -0.23   0.5
 0.36 -0.23   0.5
 0.36 -0.23   0.5
 0.36 -0.23   0.5
 0.36 -0.23   0.5
 0.36 -0.23   0.5
 0.36 -0.23   0.5
 0.36 -0.23   0.5
 0.36 -0.23   0.5
 0.36 -0.23   0.5
 0.36 -0.23   0.5
 0.36 -0.23   0.5
 0.36 -0.23   0.5
 0.36 -0.23   0.5
 0.36 -0.23   0.5
 0.36 -0.23   0.5
 0.36 -0.23   0.5
 0.36 -0.23   0.5
 0.36 -0.23   0.5
 0.36 -0.23   0.5
 0.36 -0.23   0.5
 0.36 -0.23   0.5
 0.36 -0.23   0.5
 0.36 -0.23   0.5
 0.36 -0.23   0.5
 0.36 -0.23   0.5
 0.36 -0.23   0.5
 0.36 -0.23   0.5
 0.36 -0.23   0.5
 0.36 -0.23   0.5
 0.36 -0.23   0.5
 0.36 -0.23   0.5
 0.36 -0.23   0.5
 0.36 -0.23   0.5
 0.36 -0.23   0.5
 0.36 -0.23   0.5
 0.36 -0.23   0.5
 0.36 -0.23   0.5
 0.36 -0.23   0.5
 0.36 -0.23   0.5
 0.36 -0.23   0.5
 0.36 -0.23   0.5
 0.36 -0.23   0.5
 0.36 -0.23   0.5
 0.36 -0.23   0.5
 0.36 -0.23   0.5
 0.36 -0.23   0.5
 0.36 -0.23   0.5
 0.36 -0.23   0.5
 0.36 -0.23   0.5
 0.36 -0.23   0.5
 0.36 -0.23   0.5
 0.36 -0.23   0.5
 0.36 -0.23   0.5
 0.36 -0.23   0.5
 0.36 -0.23   0.5
 0.36 -0.23   0.5
 0.36 -0.23   0.5
 0.36 -0.23   0.5
 0.36 -0.23   0.5
 0.36 -0.23   0.5
 0.36 -0.23   0.5
 0.36 -0.23   0.5
 0.36 -0.23   0.5
 0.36 -0.23   0.5
 0.36 -0.23   0.5
 0.36 -0.23   0.5
 0.36 -0.23   0.5
 0.36 -0.23   0.5
 0.36 -0.23   0.5
 0.36 -0.23   0.5
 0.36 -0.23   0.5
 0.36 -0.23   0.5
 0.36 -0.23   0.5
 0.36 -0.23   0.5
 0.36 -0.23   0.5
 0.36 -0.23   0.5
 0.36 -0.23   0.5
 0.36 -0.23   0.5
 0.36 -0.23   0.5
 0.36 -0.23   0.5
 0.36 -0.23   0.5
 0.36 -0.23   0.5
 0.36 -0.23   0.5
 0.36 -0.23   0.5
 0.36 -0.23   0.5
 0.36 -0.23   0.5
 0.36 -0.23   0.5
 0.36 -0.23   0.5
 0.36 -0.23   0.5
 0.36 -0.23   0.5
 0.36 -0.23   0.5
 0.36 -0.23   0.5
 0.36 -0.23   0.5
 0.36 -0.23   0.5
 0.36 -0.23   0.5
 0.36 -0.23   0.5
 0.36 -0.23   0.5
 0.36 -0.23   0.5
 0.36 -0.23   0.5
 0.36 -0.23   0.5
 0.36 -0.23   0.5
 0.36 -0.23   0.5
 0.36 -0.23   0.5
 0.36 -0.23   0.5
 0.36 -0.23   0.5
 0.36 -0.23   0.5
 0.36 -0.23   0.5
 0.36 -0.23   0.5
 0.36 -0.23   0.5
 0.36 -0.23   0.5
 0.36 -0.23   0.5
 0.36 -0.23   0.5
 0.36 -0.23   0.5
 0.36 -0.23   0.5
 0.36 -0.23   0.5
 0.36 -0.23   0.5
 0.36 -0.23   0.5
 0.36 -0.23   0.5
 0.36 -0.23   0.5
 0.36 -0.23   0.5
 0.36 -0.23   0.5
 0.36 -0.23   0.5
 0.36 -0.23   0.5
 0.36 -0.23   0.5
 0.36 -0.23   0.5
 0.36 -0.23   0.5
 0.36 -0.23   0.5
 0.36 -0.23   0.5
 0.36 -0.23   0.5
 0.36 -0.23   0.5
 0.36 -0.23   0.5
 0.36 -0.23   0.5
 0.36 -0.23   0.5
 0.36 -0.23   0.5
 0.36 -0.23   0.5
 0.36 -0.23   0.5
 0.36 -0.23   0.5
 0.36 -0.23   0.5
 0.36 -0.23   0.5
 0.36 -0.23   0.5
 0.36 -0.23   0.5
 0.36 -0.23   0.5
 0.36 -0.23   0.5
 0.36 -0.23   0.5
 0.36 -0.23   0.5
 0.36 -0.23   0.5
 0.36 -0.23   0.5
 0.36 -0.23   0.5
 0.36 -0.23   0.5
 0.36 -0.23   0.5
 0.36 -0.23   0.5
 0.36 -0.23   0.5
 0.36 -0.23   0.5
 0.36 -0.23   0.5
 0.36 -0.23   0.5
 0.36 -0.23   0.5
 0.36 -0.23   0.5
 0.36 -0.23   0.5
 0.36 -0.23   0.5
 0.36 -0.23   0.5
 0.36 -0.23   0.5
 0.36 -0.23   0.5
 0.36 -0.23   0.5
 0.36 -0.23   0.5
 0.36 -0.23   0.5
 0.36 -0.23   0.5
 0.36 -0.23   0.5
 0.36 -0.23   0.5
 0.36 -0.23   0.5
 0.36 -0.23   0.5
 0.36 -0.23   0.5
 0.36 -0.23   0.5
 0.36 -0.23   0.5
 0.36 -0.23   0.5
 0.36 -0.23   0.5
 0.36 -0.23   0.5
 0.36 -0.23   0.5
 0.36 -0.23   0.5
 0.36 -0.23   0.5
 0.36 -0.23   0.5
 0.36 -0.23   0.5
 0.36 -0.23   0.5
 0.36 -0.23   0.5
 0.36 -0.23   0.5
 0.36 -0.23   0.5
 0.36 -0.23   0.5
 0.36 -0.23   0.5
 0.36 -0.23   0.5
 0.36 -0.23   0.5
 0.36 -0.23   0.5
 0.36 -0.23   0.5
 0.36 -0.23   0.5
 0.36 -0.23   0.5
 0.36 -0.23   0.5
 0.36 -0.23   0.5
 0.36 -0.23   0.5
 0.36 -0.23   0.5
 0.36 -0.23   0.5
 0.36 -0.23   0.5
 0.36 -0.23   0.5
 0.36 -0.23   0.5
 0.36 -0.23   0.5
 0.36 -0.23   0.5
 0.36 -0.23   0.5
 0.36 -0.23   0.5
 0.36 -0.23   0.5
 0.36 -0.23   0.5
 0.36 -0.23   0.5
 0.36 -0.23   0.5
 0.36 -0.23   0.5
 0.36 -0.23   0.5
 0.36 -0.23   0.5
 0.36 -0.23   0.5
 0.36 -0.23   0.5
 0.36 -0.23   0.5
 0.36 -0.23   0.5
 0.36 -0.23   0.5
 0.36 -0.23   0.5
 0.36 -0.23   0.5
 0.36 -0.23   0.5
 0.36 -0.23   0.5
 0.36 -0.23   0.5
 0.36 -0.23   0.5
 0.36 -0.23   0.5
 0.36 -0.23   0.5
 0.36 -0.23   0.5
 0.36 -0.23   0.5
 0.36 -0.23   0.5
 0.36 -0.23   0.5
 0.36 -0.23   0.5
 0.36 -0.23   0.5
 0.36 -0.23   0.5
 0.36 -0.23   0.5
 0.36 -0.23   0.5
 0.36 -0.23   0.5
 0.36 -0.23   0.5
 0.36 -0.23   0.5
 0.36 -0.23   0.5
 0.36 -0.23   0.5
 0.36 -0.23   0.5
 0.36 -0.23   0.5
 0.36 -0.23   0.5
 0.36 -0.23   0.5
 0.36 -0.23   0.5
 0.36 -0.23   0.5
 0.36 -0.23   0.5
 0.36 -0.23   0.5
 0.36 -0.23   0.5
 0.36 -0.23   0.5
 0.36 -0.23   0.5
 0.36 -0.23   0.5
 0.36 -0.23   0.5
 0.36 -0.23   0.5
 0.36 -0.23   0.5
 0.36 -0.23   0.5
