4.05312e-06
0.00960088
0.0196729
0.0297399
0.0398059
0.049861
0.059917
0.069983
0.08005
0.090106
0.100164
0.110224
0.120283
0.130343
0.140399
0.15046
0.160516
0.170581
0.180641
0.190701
0.20076
0.210818
0.220877
0.230936
0.240995
0.251054
0.26111
0.271165
0.281237
0.291271
0.301342
0.311401
0.321456
0.331523
0.341582
0.35164
0.361698
0.371755
0.381813
0.39187
0.401946
0.412003
0.422059
0.432131
0.442203
0.452276
0.46234
0.472396
0.482461
0.492519
0.502576
0.512635
0.522704
0.532759
0.542813
0.552879
0.562945
0.573012
0.583085
0.593153
0.603213
0.613276
0.623349
0.633435
0.643518
0.653588
0.663649
0.67372
0.683776
0.693842
0.703903
0.713962
0.724021
0.734081
0.74414
0.7542
0.764271
0.774326
0.784385
0.794444
0.804501
0.814559
0.824616
0.834684
0.844739
0.854809
0.864849
0.874911
0.884971
0.895028
0.905099
0.915155
0.925211
0.935278
0.945345
0.955405
0.965462
0.975521
0.985594
0.995662
1.00572
1.01579
1.02585
1.03591
1.04598
1.05604
1.0661
1.07616
1.08622
1.09633
1.10639
1.11647
1.12652
1.13658
1.14668
1.15674
1.1668
1.17688
1.18696
1.19702
1.20707
1.21713
1.2272
1.23726
1.24731
1.25737
1.26743
1.27749
1.28754
1.2976
1.30766
1.31772
1.32776
1.33782
1.34788
1.35795
1.368
1.37816
1.38822
1.39829
1.40837
1.41844
1.42854
1.43859
1.44865
1.45871
1.46877
1.47882
1.48888
1.49892
1.50902
1.51907
1.52913
1.53915
1.54933
1.5594
1.56947
1.57952
1.58958
1.59964
1.6097
1.61977
1.62983
1.63989
1.64995
1.66001
1.67004
1.6801
1.69016
1.70022
1.71023
1.72031
1.73037
1.74041
1.75049
1.76056
1.77061
1.78067
1.79073
1.80079
1.81083
1.82089
1.83095
1.841
1.85105
1.86111
1.87118
1.88123
1.89129
1.90135
1.91137
1.92148
1.93156
1.9416
1.95166
1.96172
1.97178
1.98184
1.99188
2.00194
2.01199
2.02205
2.03209
2.04216
2.05221
2.06227
2.07232
2.08238
2.09244
2.10248
2.11256
2.12262
2.1327
2.14276
2.15282
2.16288
2.17294
2.183
2.19306
2.20312
2.21317
2.22324
2.23331
2.24337
2.25343
2.26349
2.27354
2.2836
2.29366
2.30373
2.31379
2.32384
2.33391
2.34397
2.35402
2.36408
2.37413
2.38419
2.39424
2.40431
2.41437
2.42444
2.43451
2.44457
2.45463
2.4647
2.47476
2.48482
2.49488
2.50495
2.515
2.52506
2.53515
2.54523
2.55532
2.56538
2.57546
2.58553
2.59559
2.60565
2.61574
2.62579
2.63588
2.64594
2.65601
2.66607
2.67612
2.68618
2.69624
2.70629
2.71635
2.7264
2.73646
2.74652
2.75657
2.76663
2.77669
2.78674
2.7968
2.80686
2.81692
2.82699
2.83705
2.8471
2.85717
2.86723
2.87737
2.88748
2.89754
2.9076
2.91766
2.92773
2.93779
2.94785
2.95791
2.96796
2.97802
2.98808
2.99813
3.00819
3.01826
3.02832
3.03837
3.04843
3.05849
3.06854
3.0786
3.08866
3.09871
3.10877
3.11884
3.1289
3.13896
3.14901
3.15907
3.16913
3.1792
3.18926
3.19932
3.20937
3.21945
3.22951
3.23956
3.24962
3.25964
3.2697
3.27977
3.28982
3.29988
3.30995
3.32005
3.33009
3.34013
3.35018
3.36027
3.37032
3.3804
3.39046
3.40053
3.41058
3.42067
3.43073
3.44079
3.45085
3.46091
3.47099
3.48105
3.49111
3.50117
3.51125
3.5213
3.53136
3.54142
3.55148
3.56153
3.5716
3.58166
3.59168
3.60176
3.61182
3.62188
3.63194
3.64199
3.65205
3.66211
3.67217
3.68222
3.69228
3.70234
3.71239
3.72245
3.73251
3.74257
3.75263
3.76273
3.7728
3.78285
3.79291
3.80297
3.81304
3.82312
3.8333
3.84336
3.85342
3.86348
3.87353
3.88359
3.89364
3.9037
3.91376
3.92381
3.93387
3.94392
3.95398
3.96404
3.97409
3.98415
3.9942
4.00426
4.01428
4.02434
4.03439
4.04445
4.05451
4.06456
4.07462
4.08468
4.09474
4.10479
4.11485
4.12491
4.13496
4.14502
4.15508
4.16513
4.17519
4.18525
4.19531
4.20537
4.21538
4.22543
4.23554
4.24559
4.25565
4.26571
4.27576
4.28582
4.29588
4.30593
4.31605
4.32612
4.33618
4.34624
4.3563
4.36635
4.37641
4.38648
4.39653
4.40659
4.41666
4.42672
4.43678
4.44685
4.45692
4.46701
4.47707
4.48713
4.49718
4.50724
4.51731
4.52736
4.53742
4.54748
4.55753
4.56759
4.57765
4.5877
4.59776
4.60783
4.61789
4.62795
4.63801
4.64811
4.65813
4.6682
4.67826
4.68832
4.69838
4.70844
4.71849
4.72855
4.73861
4.74866
4.75872
4.76878
4.77884
4.78894
4.799
4.80906
4.81913
4.82922
4.83927
4.84933
4.8594
4.86946
4.87952
4.88958
4.89964
4.90969
4.91975
4.92981
4.93988
4.94994
4.96
4.97006
4.98016
4.99024
5.0003
5.01037
5.02045
5.03052
5.04058
5.05063
5.06071
5.07077
5.08083
5.09086
5.1009
5.11095
5.12101
5.13107
5.14113
5.15119
5.16124
5.1713
5.18136
5.19142
5.20147
5.21154
5.22156
5.23162
5.24167
5.25174
5.2618
5.27186
5.28192
5.29198
5.30204
5.3121
5.32216
5.33222
5.3423
5.35236
5.36241
5.37247
5.38253
5.39259
5.40265
5.4127
5.42276
5.43282
5.44288
5.45294
5.46301
5.47306
5.4832
5.49325
5.50331
5.51337
5.52346
5.53352
5.54358
5.55363
5.56369
5.57375
5.58381
5.59386
5.60392
5.61398
5.62404
5.6341
5.64415
5.65421
5.66427
5.67432
5.68438
5.69444
5.70449
5.71455
5.72461
5.73467
5.74473
5.75478
5.7649
5.77496
5.78502
5.79508
5.80513
5.81519
5.82525
5.83531
5.84539
5.85545
5.86551
5.87556
5.88562
5.89568
5.90575
5.91581
5.92586
5.93592
5.94597
5.95603
5.96608
5.97614
5.9862
5.99626
6.00631
6.01637
6.02643
6.03648
6.04654
6.0566
6.06668
6.07674
6.08681
6.09686
6.10687
6.11693
6.12699
6.13704
6.14708
6.15714
6.1672
6.17729
6.18736
6.19742
6.20744
6.2175
6.22761
6.23767
6.24772
6.25775
6.26781
6.27794
6.28801
6.29809
6.30818
6.31847
6.32853
6.33858
6.34862
6.35867
6.36873
6.37879
6.38885
6.3989
6.40896
6.41902
6.42908
6.43914
6.44919
6.45925
6.46931
6.47936
6.48942
6.49947
6.50953
6.51958
6.52964
6.5397
6.54975
6.55981
6.56986
6.57992
6.58998
6.60004
6.6101
6.62016
6.63021
6.64027
6.65033
6.66038
6.67044
6.6805
6.69056
6.70063
6.7107
6.72075
6.73081
6.74087
6.75093
6.76098
6.77104
6.78109
6.79116
6.80123
6.81129
6.82134
6.83142
6.84148
6.85159
6.86164
6.87168
6.88174
6.89179
6.90185
6.91191
6.92196
6.93202
6.94208
6.95214
6.96219
6.97227
6.98229
6.99235
7.00244
7.0125
7.02255
7.03261
7.04267
7.0527
7.06278
7.07286
7.08287
7.09295
