0.0166945 -0.105385  0.508472
0.0166945 -0.105386  0.508471
0.0166952 -0.105386  0.508471
0.0166936 -0.105387   0.50847
0.0166931 -0.105386   0.50847
  0.01669 -0.105387  0.508469
0.0166883 -0.105387  0.508469
 0.016685 -0.105387  0.508468
0.0166809 -0.105389  0.508467
0.0166773 -0.105387  0.508467
0.0166731 -0.105387  0.508467
0.0166681 -0.105388  0.508466
0.0166628 -0.105387  0.508466
0.0166569 -0.105389  0.508465
0.0166498  -0.10539  0.508464
0.0166435  -0.10539  0.508463
0.0166357 -0.105389  0.508462
0.0166274  -0.10539  0.508461
0.0166178 -0.105389   0.50846
0.0166074  -0.10539  0.508459
0.0165934 -0.105393  0.508457
0.0165803 -0.105391  0.508455
0.0165659 -0.105389  0.508453
0.0165499 -0.105388  0.508451
0.0165348 -0.105383   0.50845
0.0165163  -0.10538  0.508447
0.0164952 -0.105378  0.508444
0.0164728 -0.105374  0.508441
0.0164422 -0.105374  0.508436
0.0164141 -0.105371  0.508431
0.0163837 -0.105366  0.508427
0.0163508 -0.105362  0.508421
0.0163153 -0.105355  0.508416
0.0162771 -0.105349   0.50841
0.0162362 -0.105343  0.508403
0.0161924 -0.105336  0.508396
0.0161475  -0.10533  0.508387
0.0160979 -0.105322  0.508379
0.0160452 -0.105314   0.50837
0.0159896 -0.105305   0.50836
0.0159308 -0.105297  0.508349
0.0158688 -0.105287  0.508338
0.0158062 -0.105278  0.508326
0.0157353 -0.105268  0.508314
0.0156637 -0.105256  0.508301
0.0155792  -0.10524  0.508286
0.0155006  -0.10523  0.508271
0.0154188 -0.105217  0.508255
0.0153336 -0.105206  0.508239
0.0152441 -0.105195  0.508221
0.0151532 -0.105182  0.508203
0.0150581 -0.105168  0.508185
0.0149596 -0.105156  0.508165
0.0148568 -0.105143  0.508144
0.0147528 -0.105128  0.508122
0.0146447 -0.105113    0.5081
0.0145327 -0.105099  0.508077
0.0144198 -0.105084  0.508053
0.0143063 -0.105069  0.508028
0.0141883 -0.105053  0.508002
0.0140659 -0.105037  0.507975
0.0139431 -0.105021  0.507948
0.0138166 -0.105004  0.507919
0.0136902 -0.104987   0.50789
0.0135603  -0.10497   0.50786
0.0134301 -0.104953  0.507829
   0.0133 -0.104933  0.507799
 0.013172 -0.104914  0.507765
0.0130156 -0.104898  0.507728
0.012882 -0.10488 0.507695
0.0127484  -0.10486  0.507661
0.0126149 -0.104842  0.507626
0.0124819 -0.104822  0.507592
0.0123491 -0.104804  0.507556
0.0122171 -0.104783  0.507521
0.0120859 -0.104765  0.507484
0.0119556 -0.104744  0.507448
0.0118265 -0.104726  0.507412
0.0116986 -0.104705  0.507375
 0.011572 -0.104684  0.507339
 0.011447 -0.104665  0.507301
0.0113235 -0.104645  0.507265
0.0112017 -0.104626  0.507227
0.0110817 -0.104606   0.50719
0.0109635 -0.104588  0.507153
0.0108514 -0.104568  0.507117
0.0107371  -0.10455  0.507079
 0.010625 -0.104531  0.507042
 0.010515 -0.104513  0.507005
0.0104073 -0.104493  0.506969
0.0103017 -0.104474  0.506932
0.0101983 -0.104457  0.506895
0.0100973 -0.104438  0.506859
0.00999848  -0.104421   0.506822
0.00990218  -0.104403   0.506786
0.00980856  -0.104387    0.50675
0.00971758   -0.10437   0.506714
0.00962941  -0.104354   0.506678
0.00954388  -0.104337   0.506643
0.00946093  -0.104322   0.506608
0.00938058  -0.104306   0.506573
0.00930285   -0.10429   0.506539
0.00922774  -0.104275   0.506504
0.00915541   -0.10426    0.50647
0.00908542  -0.104247   0.506436
0.00901805  -0.104232   0.506403
0.00895309  -0.104219   0.506369
0.0088904 -0.104205  0.506336
0.00883003  -0.104192   0.506303
0.00877182  -0.104179    0.50627
0.00871579  -0.104167   0.506237
0.00866186  -0.104154   0.506205
0.00860975  -0.104141   0.506173
0.00855978   -0.10413   0.506141
0.00851149  -0.104118    0.50611
0.00846502  -0.104107   0.506078
0.00842012  -0.104096   0.506046
 0.008377 -0.104086  0.506014
0.0083356 -0.104074  0.505983
0.00829533  -0.104065   0.505951
0.00825671  -0.104054    0.50592
0.00821925  -0.104046   0.505889
0.00818322  -0.104035   0.505858
0.00814839  -0.104025   0.505827
0.0081148 -0.104017  0.505795
0.00808247  -0.104007   0.505764
0.00804492  -0.103995    0.50573
0.00801487  -0.103988   0.505698
0.00798587  -0.103979   0.505667
0.00795834  -0.103973   0.505636
0.00793153  -0.103964   0.505605
0.00790565  -0.103958   0.505573
0.00788076  -0.103951   0.505542
0.00785696  -0.103945   0.505511
0.00783402  -0.103938   0.505479
0.00781203  -0.103933   0.505448
0.00779097  -0.103926   0.505417
0.00777358   -0.10392   0.505386
0.00775433  -0.103916   0.505354
0.00773587   -0.10391   0.505323
0.00771827  -0.103906   0.505292
0.00770149    -0.1039   0.505261
0.00768555  -0.103897   0.505229
0.00767049  -0.103892   0.505198
0.00765606  -0.103889   0.505166
0.00764238  -0.103884   0.505135
0.0076293 -0.103882  0.505103
0.00761691  -0.103877   0.505072
0.00760749  -0.103873   0.505039
0.00759629  -0.103869   0.505008
0.00758578  -0.103867   0.504976
0.0075758 -0.103863  0.504944
0.00756026  -0.103865    0.50491
0.00755144  -0.103862   0.504878
0.0075432 -0.103858  0.504846
0.00753554  -0.103857   0.504814
0.00752844  -0.103853   0.504783
0.0075247 -0.103849  0.504752
0.00751862  -0.103847    0.50472
0.0075102 -0.103844  0.504688
0.00750502  -0.103842   0.504656
0.00750318  -0.103839   0.504625
0.00749603  -0.103838   0.504593
0.00749215  -0.103834   0.504561
0.0074887 -0.103833  0.504529
0.00748573   -0.10383   0.504498
0.00748313  -0.103829   0.504466
0.00748101  -0.103826   0.504434
0.0074793 -0.103825  0.504402
0.00747786  -0.103822   0.504371
0.00747688  -0.103821   0.504339
0.00747908  -0.103818   0.504308
0.00747888  -0.103817   0.504276
0.00747879  -0.103815   0.504245
0.00747902  -0.103814   0.504212
0.00747963  -0.103812   0.504181
0.00748035  -0.103811   0.504149
0.00748137   -0.10381   0.504117
0.00748255  -0.103809   0.504085
0.00748414  -0.103807   0.504054
0.00748585  -0.103807   0.504022
0.00748779  -0.103805    0.50399
0.0074901 -0.103805  0.503958
0.00749257  -0.103804   0.503927
0.0074951 -0.103804  0.503895
0.00749798  -0.103802   0.503863
0.00750086  -0.103803   0.503832
0.00750409  -0.103801     0.5038
0.00750752  -0.103802   0.503768
0.00751099    -0.1038   0.503737
0.00751472  -0.103801   0.503705
0.00751872  -0.103799   0.503673
0.00752263    -0.1038   0.503642
0.00752699  -0.103799    0.50361
0.00753119  -0.103799   0.503578
0.00753568  -0.103798   0.503547
0.00754033  -0.103799   0.503515
0.00754527  -0.103798   0.503484
0.00755013  -0.103798   0.503452
0.00755527  -0.103797   0.503421
0.00756055  -0.103797   0.503389
0.00756583  -0.103796   0.503358
0.00757132  -0.103797   0.503326
0.00757687  -0.103796   0.503295
0.0075826 -0.103796  0.503263
0.00758832  -0.103795   0.503232
0.00759431  -0.103796     0.5032
0.00760029  -0.103795    0.50317
0.0076063 -0.103795  0.503138
0.00761254  -0.103794   0.503107
0.00762031  -0.103794   0.503075
0.00762665  -0.103793   0.503044
0.00762934   -0.10379   0.503011
0.0076358 -0.103791   0.50298
0.00764517  -0.103789   0.502949
0.00765169   -0.10379   0.502918
0.00765828  -0.103789   0.502887
0.00766482   -0.10379   0.502856
0.00767144  -0.103789   0.502825
0.00767811  -0.103789   0.502794
0.00768494  -0.103789   0.502763
0.00769184   -0.10379   0.502732
0.00769885  -0.103789   0.502702
0.00770593   -0.10379   0.502671
0.00771321  -0.103791    0.50264
0.00772035   -0.10379    0.50261
0.00772768  -0.103791   0.502579
0.007735 -0.10379 0.502549
0.00774247  -0.103791   0.502518
0.00774991  -0.103791   0.502488
0.00775731  -0.103792   0.502458
0.00776472  -0.103791   0.502428
0.0077722 -0.103792  0.502397
0.00777973  -0.103791   0.502367
0.00778727  -0.103792   0.502337
0.00779487  -0.103791   0.502308
0.00780247  -0.103792   0.502278
0.00781016  -0.103791   0.502248
0.00781786  -0.103792   0.502218
0.00782561  -0.103791   0.502189
0.0078334 -0.103792  0.502159
0.00784105   -0.10379    0.50213
0.00784885  -0.103791     0.5021
0.00785763  -0.103792    0.50207
0.00786206  -0.103797   0.502037
0.00787041  -0.103795   0.502009
0.00787836  -0.103796    0.50198
0.00788624  -0.103795   0.501951
0.00789428  -0.103796   0.501922
0.00790497  -0.103794   0.501894
0.00791309  -0.103794   0.501866
0.00792125  -0.103793   0.501838
0.00792948  -0.103794    0.50181
0.00793772  -0.103794   0.501782
0.00794589  -0.103793   0.501754
0.00795403  -0.103794   0.501726
0.00796223  -0.103793   0.501699
0.00797039  -0.103793   0.501671
0.00797849  -0.103792   0.501644
0.00798661  -0.103793   0.501617
0.00799472  -0.103792    0.50159
0.00800275  -0.103793   0.501563
0.00800839   -0.10379   0.501534
0.00801617  -0.103791   0.501507
0.00802402   -0.10379   0.501481
0.00803219  -0.103792   0.501454
0.00803982  -0.103791   0.501428
0.0080474 -0.103792  0.501402
0.00805494  -0.103792   0.501376
0.0080624 -0.103793   0.50135
0.0080723 -0.103792  0.501324
0.00807974  -0.103793   0.501298
0.00808695  -0.103795   0.501272
0.00809421  -0.103795   0.501247
0.00810132  -0.103796   0.501221
0.00810828  -0.103796   0.501196
0.00811523  -0.103798   0.501171
0.00812205  -0.103797   0.501146
0.00812882  -0.103799   0.501121
0.00813544  -0.103798   0.501097
0.00814194    -0.1038   0.501072
0.00814836  -0.103802   0.501047
0.00815507  -0.103802   0.501023
0.00815847  -0.103806   0.500995
0.00816445  -0.103807   0.500971
0.00817041  -0.103806   0.500948
0.00817629  -0.103807   0.500924
0.00818262  -0.103806   0.500901
0.00818835  -0.103807   0.500877
0.00819408  -0.103809   0.500854
0.00819929  -0.103807   0.500831
0.00820715  -0.103803   0.500812
0.00821277  -0.103804   0.500789
0.00821823  -0.103802   0.500767
0.00822384  -0.103803   0.500745
0.00822664  -0.103807   0.500719
0.00823177  -0.103806   0.500698
0.00823734  -0.103807   0.500676
0.00824237  -0.103808   0.500654
0.00824959  -0.103806   0.500633
0.00825441  -0.103807   0.500612
0.00825918  -0.103806   0.500591
0.00826374  -0.103807    0.50057
0.00826823  -0.103806    0.50055
0.00827259  -0.103807   0.500529
0.00827685  -0.103809   0.500508
0.00828111   -0.10381   0.500488
0.00828503  -0.103811   0.500468
0.00828887  -0.103811   0.500448
0.00829007  -0.103807   0.500427
0.00829371  -0.103808   0.500407
0.00829716  -0.103808   0.500388
0.00830051   -0.10381   0.500368
0.00830381  -0.103811   0.500349
0.00830748  -0.103811   0.500331
0.00831058  -0.103813   0.500312
0.00831356  -0.103813   0.500294
0.00831645  -0.103815   0.500275
0.0083213 -0.103814  0.500258
0.00832395  -0.103816    0.50024
0.00832656  -0.103818   0.500222
0.00832902  -0.103818   0.500205
0.00833124   -0.10382   0.500187
0.00833344   -0.10382    0.50017
0.00833554  -0.103822   0.500153
0.00833747  -0.103822   0.500137
0.00833927  -0.103825    0.50012
0.00834071  -0.103828   0.500104
0.00834215  -0.103828   0.500088
0.00834352   -0.10383   0.500072
0.00834472   -0.10383   0.500056
0.00834577  -0.103832    0.50004
0.00834692  -0.103833   0.500025
0.0083477 -0.103835  0.500009
0.00834824  -0.103837   0.499994
0.00834643  -0.103841   0.499976
0.00834677  -0.103841   0.499961
0.00834748  -0.103843   0.499946
0.00834747  -0.103843   0.499932
0.00834931  -0.103844   0.499917
0.0083491 -0.103846  0.499903
0.00834873  -0.103846   0.499889
0.00834829  -0.103848   0.499874
0.00834771  -0.103848   0.499861
0.00834703   -0.10385   0.499847
0.00834619  -0.103849   0.499833
0.00834529  -0.103851    0.49982
0.00834428  -0.103853   0.499806
0.00834315  -0.103853   0.499793
0.00834195  -0.103855    0.49978
0.00834057  -0.103855   0.499767
0.00833875  -0.103858   0.499755
0.00833759  -0.103857   0.499742
0.00833556   -0.10386    0.49973
0.00833383  -0.103862   0.499718
0.00833218  -0.103862   0.499706
0.00832823  -0.103858   0.499693
0.0083266  -0.10386  0.499681
0.00832608  -0.103866    0.49967
0.00832431  -0.103866   0.499659
0.00832163  -0.103867   0.499647
0.00831926  -0.103869   0.499636
0.00831691  -0.103869   0.499625
0.0083145 -0.103871  0.499614
0.00831011  -0.103866   0.499602
0.0083093 -0.103872  0.499592
0.00830692  -0.103871   0.499582
0.00830462  -0.103871    0.49957
0.00830198  -0.103873    0.49956
0.0082988 -0.103874   0.49955
0.00829659  -0.103876    0.49954
0.00829195  -0.103872   0.499529
0.00829057  -0.103871    0.49952
0.00828759  -0.103872    0.49951
0.00828467  -0.103875     0.4995
0.00828168  -0.103874   0.499491
0.00827872  -0.103876   0.499481
0.00827567  -0.103876   0.499472
0.00827262  -0.103878   0.499463
0.0082696 -0.103877  0.499454
0.00826649  -0.103879   0.499445
0.00826337  -0.103882   0.499436
0.00826015  -0.103882   0.499427
0.00825692  -0.103884   0.499419
0.0082536 -0.103884   0.49941
0.00825026  -0.103886   0.499402
0.00824688  -0.103886   0.499394
0.00824326   -0.10389   0.499386
0.00824005  -0.103893   0.499378
0.00823486  -0.103896   0.499367
0.00823253  -0.103895    0.49936
0.00822892  -0.103897   0.499352
0.00822527  -0.103897   0.499344
0.00822165  -0.103899   0.499336
0.00821799  -0.103901   0.499328
0.00821437  -0.103901   0.499321
0.00821063  -0.103903   0.499314
0.0082069 -0.103902  0.499307
0.0082031 -0.103904  0.499299
0.00819928  -0.103903   0.499292
0.00819542  -0.103905   0.499285
0.00819153  -0.103907   0.499278
0.00818768  -0.103906   0.499271
0.00818376  -0.103908   0.499264
0.00817991  -0.103907   0.499258
0.00817603  -0.103908   0.499251
0.0081722 -0.103908  0.499244
0.00816835  -0.103909   0.499238
0.00816452  -0.103911   0.499231
0.00816075   -0.10391   0.499225
0.00815692  -0.103911   0.499219
0.00815314  -0.103911   0.499213
0.00814927  -0.103912   0.499206
0.00814545  -0.103911   0.499201
0.00814162  -0.103913   0.499194
0.00813778  -0.103914   0.499188
0.00813398  -0.103914   0.499182
0.00813014  -0.103915   0.499176
0.00812639  -0.103915   0.499171
0.0081226 -0.103916  0.499165
0.00811885  -0.103916    0.49916
0.0081151 -0.103917  0.499154
0.00811136  -0.103919   0.499148
0.00810764  -0.103918   0.499143
0.00810389   -0.10392   0.499137
0.00810017  -0.103919   0.499132
0.00809644  -0.103921   0.499127
0.00809276   -0.10392   0.499122
0.00808901  -0.103922   0.499116
0.00808527  -0.103924   0.499111
0.00808154  -0.103923   0.499106
0.00807717  -0.103926   0.499101
0.00807348  -0.103926   0.499096
0.00807014  -0.103927   0.499091
0.00806648  -0.103927   0.499087
0.00806293  -0.103929   0.499082
0.00805927   -0.10393   0.499076
0.0080556  -0.10393  0.499072
0.00805272   -0.10393   0.499067
0.00804729  -0.103925   0.499062
0.00804416  -0.103931   0.499057
0.00804056   -0.10393   0.499053
0.00803727  -0.103932   0.499048
0.00803384  -0.103933   0.499044
0.00803095  -0.103932   0.499039
0.00802644  -0.103926   0.499035
0.0080229 -0.103928   0.49903
0.00801934  -0.103927   0.499026
0.00801578  -0.103928   0.499021
0.00801227  -0.103927   0.499017
0.00800884  -0.103929   0.499013
0.00800533   -0.10393   0.499008
0.00800189  -0.103929   0.499004
0.00799844   -0.10393      0.499
0.00799502   -0.10393   0.498996
0.00799101  -0.103933   0.498992
0.00798797  -0.103933   0.498988
0.00798473  -0.103934   0.498984
0.00798136  -0.103936    0.49898
0.00797802  -0.103936   0.498976
0.00797464  -0.103937   0.498972
0.00797193  -0.103936   0.498969
0.0079686 -0.103938  0.498965
0.00796452   -0.10394   0.498959
0.00796123  -0.103942   0.498955
0.00795797  -0.103941   0.498951
0.00795477  -0.103943   0.498947
0.00795152  -0.103942   0.498944
0.00794833  -0.103943    0.49894
0.0079451 -0.103943  0.498936
0.0079419 -0.103944  0.498933
0.00793869  -0.103946   0.498929
0.00793553  -0.103945   0.498926
0.00793238  -0.103946   0.498922
0.00792921  -0.103945   0.498919
0.00792611  -0.103947   0.498915
0.00792298  -0.103946   0.498912
0.00791991  -0.103947   0.498908
 0.007917 -0.103949  0.498905
0.00791409  -0.103948   0.498902
0.00791066  -0.103951   0.498899
0.00790757   -0.10395   0.498896
0.00790455  -0.103951   0.498892
0.00790153   -0.10395   0.498889
0.00789854  -0.103951   0.498886
0.00789602   -0.10395   0.498883
0.00789246  -0.103947   0.498879
0.00788949  -0.103946   0.498876
0.00788652  -0.103947   0.498873
0.00788355  -0.103945    0.49887
0.00788064  -0.103946   0.498867
0.00787774  -0.103945   0.498864
0.00787488  -0.103946   0.498861
0.00787197  -0.103948   0.498858
0.00786908  -0.103947   0.498855
0.00786622  -0.103948   0.498852
0.00786337  -0.103947   0.498849
0.00786055  -0.103948   0.498846
0.00785772  -0.103947   0.498844
0.00785494  -0.103948    0.49884
0.00785214  -0.103948   0.498838
0.00784912  -0.103951   0.498835
0.00784608  -0.103952   0.498832
0.00784386   -0.10395   0.498829
0.00784118  -0.103951   0.498826
0.00783841   -0.10395   0.498824
0.00783546  -0.103954   0.498821
0.00783279  -0.103953   0.498819
0.0078301 -0.103954  0.498816
0.00782788  -0.103956   0.498813
0.00782518  -0.103955   0.498811
0.00782255  -0.103957   0.498808
0.00781984  -0.103956   0.498806
0.0078172 -0.103957  0.498803
0.00781457  -0.103956     0.4988
0.00781147  -0.103958   0.498796
0.0078089 -0.103959  0.498794
0.0078063 -0.103961  0.498791
0.00780374   -0.10396   0.498788
0.00780115  -0.103961   0.498786
0.00779861   -0.10396   0.498784
0.00779607  -0.103961   0.498781
0.00779352   -0.10396   0.498779
0.00779106  -0.103962   0.498776
0.00778848  -0.103963   0.498774
0.00778599  -0.103962   0.498772
0.00778348  -0.103963   0.498769
0.00778102  -0.103962   0.498767
0.00777859  -0.103963   0.498765
0.00777611  -0.103962   0.498763
0.00777369  -0.103963    0.49876
0.00777125  -0.103961   0.498758
0.00776909  -0.103963   0.498756
0.00776618  -0.103965   0.498754
0.00776404  -0.103964   0.498752
0.0077615 -0.103965   0.49875
0.00775921  -0.103963   0.498748
0.00775656  -0.103965   0.498745
0.00775416  -0.103963   0.498744
0.00775204  -0.103964   0.498741
0.00774952  -0.103963   0.498739
0.00774721   -0.10396   0.498736
0.00774524  -0.103958   0.498736
0.00774318   -0.10396   0.498733
0.0077407  -0.10396  0.498732
0.00773809  -0.103961   0.498729
0.00773581  -0.103962   0.498726
0.00773358  -0.103961   0.498725
0.0077313 -0.103962  0.498723
0.00772904  -0.103961   0.498721
0.00772681  -0.103962   0.498719
0.00772481  -0.103964   0.498717
0.0077222 -0.103964  0.498715
0.00771995  -0.103965   0.498713
0.00771792  -0.103964   0.498711
0.00771579  -0.103965   0.498709
0.0077136 -0.103965  0.498708
0.00771141  -0.103966   0.498706
0.00770899   -0.10396   0.498704
0.00770689  -0.103962   0.498702
0.00770466  -0.103961     0.4987
0.00770254  -0.103962   0.498698
0.00770036  -0.103961   0.498697
0.00769823  -0.103962   0.498695
0.00769609  -0.103961   0.498694
0.00769396  -0.103962   0.498692
0.00769186  -0.103961    0.49869
0.00768972  -0.103962   0.498688
0.00768741  -0.103965   0.498687
0.00768535  -0.103965   0.498685
0.00768328  -0.103966   0.498683
0.00768122  -0.103965   0.498682
0.00767913  -0.103966    0.49868
0.00767706  -0.103965   0.498679
 0.007675 -0.103966  0.498677
0.00767296  -0.103965   0.498676
0.00767094  -0.103966   0.498674
0.00766891  -0.103968   0.498672
0.00766688  -0.103967   0.498671
0.00766487  -0.103968   0.498669
0.00766285  -0.103967   0.498668
0.00766093  -0.103968   0.498666
0.00765875  -0.103969   0.498663
 0.007657 -0.103968  0.498663
0.00765499  -0.103967   0.498662
0.00765304  -0.103968    0.49866
0.00765091   -0.10397   0.498657
0.00764903  -0.103971   0.498656
0.0076471  -0.10397  0.498655
0.0076451 -0.103971  0.498653
0.00764329   -0.10397   0.498652
0.00764134  -0.103971    0.49865
0.00763945   -0.10397   0.498649
0.00763756  -0.103971   0.498648
0.00763565  -0.103972   0.498646
0.00763381  -0.103971   0.498645
0.00763189  -0.103972   0.498643
0.00763003  -0.103971   0.498642
0.00762816  -0.103972   0.498641
0.0076263 -0.103971   0.49864
0.00762445  -0.103972   0.498638
0.0076226 -0.103971  0.498637
0.0076208 -0.103972  0.498636
0.00761892  -0.103973   0.498634
0.0076173 -0.103972  0.498633
0.00761544  -0.103973   0.498632
0.00761329  -0.103973   0.498631
0.00761147  -0.103974    0.49863
0.00760965  -0.103973   0.498629
0.00760784  -0.103974   0.498628
 0.007606 -0.103973  0.498627
0.00760422  -0.103973   0.498625
0.0076024 -0.103975  0.498624
0.00760064  -0.103973   0.498623
0.0075989 -0.103974  0.498622
0.00759709  -0.103973   0.498621
0.00759534  -0.103973    0.49862
0.00759358  -0.103972   0.498619
0.00759186  -0.103973   0.498618
0.00759013  -0.103971   0.498617
0.00758841  -0.103972   0.498616
0.00758669  -0.103967   0.498615
0.00758497  -0.103968   0.498614
0.00758325  -0.103966   0.498613
0.00758154  -0.103967   0.498612
0.00757984  -0.103966   0.498611
0.00757818  -0.103967    0.49861
0.00757645  -0.103966   0.498609
0.00757474  -0.103966   0.498608
0.00757307  -0.103968   0.498607
0.00757157  -0.103967   0.498606
0.00756954  -0.103969   0.498605
0.00756784  -0.103968   0.498604
0.0075662 -0.103969  0.498603
0.00756453  -0.103969   0.498602
0.00756289   -0.10397   0.498601
0.00756126  -0.103969   0.498601
0.00755962   -0.10397   0.498599
0.00755804  -0.103972   0.498598
0.00755637  -0.103971   0.498598
0.00755476  -0.103973   0.498596
0.00755312  -0.103972   0.498596
0.0075515 -0.103973  0.498595
0.0075499 -0.103972  0.498594
0.00754824  -0.103974   0.498592
0.00754673  -0.103976   0.498591
0.00754509  -0.103977    0.49859
0.00754351  -0.103977    0.49859
0.0075419 -0.103978  0.498589
0.00754035  -0.103977   0.498588
0.00753879  -0.103978   0.498587
0.00753721  -0.103977   0.498587
0.00753559  -0.103977   0.498586
0.00753402  -0.103976   0.498585
0.00753402  -0.103976   0.498585
0.0075327 -0.103977  0.498584
0.00753115  -0.103979   0.498583
0.00752931  -0.103979   0.498583
0.00752799  -0.103978   0.498582
0.00752634  -0.103976   0.498581
0.0075247 -0.103977   0.49858
0.00752273  -0.103977    0.49858
0.00752107  -0.103977   0.498579
0.0075194 -0.103975  0.498579
0.00751771  -0.103976   0.498578
0.00751557  -0.103976   0.498577
0.00751443   -0.10397   0.498576
0.00751275  -0.103968   0.498576
0.0075111 -0.103968  0.498575
0.00750946  -0.103966   0.498574
0.0075079 -0.103966  0.498573
0.00750649  -0.103969   0.498572
0.0075049 -0.103967  0.498571
0.00750336  -0.103968   0.498571
0.00750183  -0.103968   0.498569
0.00750037  -0.103966   0.498569
0.00749886  -0.103967   0.498568
0.00749713  -0.103966   0.498568
0.0074957 -0.103966  0.498567
0.0074943 -0.103965  0.498567
0.00749294  -0.103965   0.498566
0.0074917 -0.103959  0.498566
0.00749043   -0.10396   0.498565
0.00748906  -0.103959   0.498564
0.00748782   -0.10396   0.498563
0.00748652  -0.103958   0.498563
0.00748524  -0.103959   0.498562
0.00748399  -0.103958   0.498562
0.00748274  -0.103958   0.498561
0.00748152  -0.103957   0.498561
0.0074803 -0.103958   0.49856
0.0074791 -0.103959  0.498559
0.00747789  -0.103958   0.498559
0.00747672   -0.10396   0.498558
0.00747541  -0.103958   0.498557
0.00747433   -0.10396   0.498557
0.00747305  -0.103958   0.498556
0.00747194   -0.10396   0.498555
0.00747078  -0.103959   0.498555
0.0074696  -0.10396  0.498554
0.00746841  -0.103962   0.498553
 0.007466 -0.103962  0.498552
 0.007466 -0.103962  0.498552
0.00746478  -0.103961   0.498552
0.00746361  -0.103962   0.498551
0.00746239  -0.103962   0.498551
0.00746119  -0.103963    0.49855
0.00745965  -0.103963    0.49855
0.00745839  -0.103964   0.498549
0.00745736  -0.103965   0.498548
0.00745582  -0.103965   0.498548
0.00745455  -0.103966   0.498548
0.00745323  -0.103965   0.498547
0.00745204  -0.103967   0.498546
0.00745073  -0.103968   0.498545
0.00744943  -0.103967   0.498545
0.00744815  -0.103967   0.498545
0.00744687  -0.103969   0.498544
0.00744564  -0.103967   0.498544
0.00744432  -0.103968   0.498543
0.00744308  -0.103966   0.498543
0.00744061  -0.103965   0.498542
0.00743941  -0.103966   0.498542
0.0074383 -0.103964  0.498542
0.00743708  -0.103965   0.498541
0.00743611  -0.103966    0.49854
0.00743509  -0.103965    0.49854
0.00743404  -0.103965    0.49854
0.00743404  -0.103965    0.49854
0.00743205  -0.103964    0.49854
0.00743094  -0.103963    0.49854
0.00742979  -0.103963   0.498539
0.00742887  -0.103962   0.498539
0.00742771  -0.103963   0.498539
0.00742679  -0.103964   0.498539
0.00742574  -0.103963   0.498539
0.00742469  -0.103964   0.498538
0.00742356  -0.103963   0.498538
0.00742246  -0.103964   0.498538
0.00742133  -0.103963   0.498538
0.00742004  -0.103965   0.498538
0.00741888  -0.103964   0.498538
0.00741769  -0.103965   0.498538
0.00741769  -0.103965   0.498538
0.00741651  -0.103966   0.498537
0.0074153 -0.103965  0.498537
0.00741414   -0.10396   0.498538
0.00741283  -0.103962   0.498537
0.00741148  -0.103961   0.498537
0.00741018  -0.103962   0.498537
0.00740876  -0.103961   0.498537
0.00740738  -0.103962   0.498536
0.00740603  -0.103963   0.498536
0.00740467  -0.103962   0.498536
0.00740318  -0.103963   0.498536
0.00740179  -0.103962   0.498536
0.00740068  -0.103963   0.498535
0.00739907  -0.103962   0.498535
0.00739773  -0.103963   0.498535
0.00739642  -0.103962   0.498535
0.00739511  -0.103963   0.498534
0.00739388  -0.103964   0.498534
0.00739265  -0.103963   0.498534
0.00739143  -0.103964   0.498534
0.00738994  -0.103963   0.498534
0.00738888  -0.103964   0.498534
0.00738768  -0.103963   0.498534
0.0073865 -0.103964  0.498533
0.00738537  -0.103963   0.498533
0.00738422  -0.103964   0.498533
0.00738311  -0.103965   0.498533
0.0073818 -0.103965  0.498533
0.00737968  -0.103964   0.498533
0.0073786 -0.103965  0.498533
0.00737782  -0.103967   0.498532
0.00737686  -0.103966   0.498533
0.00737596  -0.103967   0.498532
0.00737505  -0.103968   0.498532
0.00737362  -0.103967   0.498532
0.00737301  -0.103968   0.498532
0.00737213  -0.103966   0.498533
0.00737138  -0.103967   0.498532
