0.268848 -0.32652 0.607043
0.268844 -0.32652 0.607033
 0.268838 -0.326521  0.607018
 0.268831 -0.326522   0.60701
 0.268825 -0.326523     0.607
 0.268821 -0.326524  0.606996
  0.26882 -0.326523  0.606997
  0.26882 -0.326521  0.607002
 0.268822 -0.326522   0.60701
 0.268828 -0.326516  0.607022
0.268835 -0.32651  0.60704
 0.268844 -0.326506  0.607055
 0.268857 -0.326497  0.607081
 0.268869 -0.326489  0.607099
 0.268884 -0.326479  0.607123
 0.268903 -0.326465   0.60715
 0.268922 -0.326448  0.607176
 0.268944 -0.326431  0.607203
 0.268966 -0.326409  0.607229
  0.26899 -0.326385  0.607257
 0.269014 -0.326361  0.607278
 0.269038 -0.326329    0.6073
 0.269062 -0.326295   0.60732
0.269086 -0.32626 0.607334
0.269108 -0.32622 0.607348
  0.26913 -0.326176  0.607356
 0.269152 -0.326131  0.607362
 0.269175 -0.326079  0.607362
 0.269192 -0.326028  0.607356
 0.269207 -0.325973   0.60734
 0.269222 -0.325913  0.607324
0.269236 -0.32585 0.607302
 0.269247 -0.325782  0.607275
 0.269257 -0.325711  0.607244
 0.269265 -0.325638  0.607203
 0.269272 -0.325559  0.607163
 0.269275 -0.325479  0.607109
 0.269278 -0.325393  0.607054
 0.269279 -0.325304  0.606993
0.269279 -0.32521 0.606926
 0.269278 -0.325112  0.606855
 0.269266 -0.325015  0.606749
 0.269281 -0.324897  0.606694
0.269268 -0.32479 0.606607
 0.269263 -0.324673  0.606515
 0.269258 -0.324535  0.606411
 0.269252 -0.324409  0.606307
 0.269247 -0.324277  0.606201
  0.26924 -0.324141  0.606089
0.269233   -0.324 0.605974
 0.269228 -0.323853  0.605852
0.269222  -0.3237 0.605731
 0.269215 -0.323545  0.605598
 0.269207 -0.323383  0.605465
 0.269203 -0.323215  0.605328
 0.269197 -0.323042  0.605186
  0.26919 -0.322864  0.605042
 0.269186 -0.322681  0.604892
 0.269181 -0.322494  0.604742
 0.269177 -0.322301  0.604582
 0.269172 -0.322104  0.604423
 0.269171 -0.321901   0.60426
 0.269167 -0.321694  0.604094
 0.269168 -0.321482  0.603926
 0.269167 -0.321266  0.603754
  0.26917 -0.321046  0.603582
 0.269182 -0.320817  0.603421
 0.269197 -0.320575  0.603225
 0.269186 -0.320335  0.603029
 0.269195 -0.320098  0.602847
 0.269206 -0.319854  0.602667
 0.269219 -0.319609  0.602483
 0.269236 -0.319358  0.602302
 0.269254 -0.319106  0.602118
 0.269277 -0.318848  0.601937
 0.269301 -0.318589  0.601751
 0.269329 -0.318324  0.601568
 0.269361 -0.318058  0.601386
 0.269395 -0.317785  0.601204
0.269435 -0.31751 0.601024
 0.269477 -0.317233  0.600842
0.269524 -0.31695 0.600664
 0.269574 -0.316667  0.600482
 0.269631 -0.316376  0.600308
 0.269689 -0.316085  0.600124
 0.269753 -0.315787  0.599946
 0.269822 -0.315487  0.599768
 0.269895 -0.315181   0.59959
 0.269973 -0.314872  0.599413
 0.270055 -0.314557  0.599235
 0.270144 -0.314238  0.599061
 0.270235 -0.313917  0.598879
0.270332 -0.31359 0.598701
0.270434 -0.31326 0.598522
  0.27054 -0.312923  0.598343
 0.270651 -0.312585  0.598163
0.270766 -0.31224 0.597982
 0.270887 -0.311892  0.597802
 0.271011 -0.311538  0.597618
  0.27114 -0.311182  0.597434
 0.271274 -0.310819  0.597251
 0.271411 -0.310452  0.597065
 0.271554 -0.310082  0.596878
   0.2717 -0.309707  0.596688
  0.27185 -0.309329  0.596499
 0.272004 -0.308945  0.596305
 0.272162 -0.308558  0.596114
 0.272323 -0.308166  0.595914
 0.272487 -0.307771  0.595714
 0.272656 -0.307371  0.595514
 0.272827 -0.306969  0.595309
0.273002 -0.30656 0.595106
 0.273178 -0.306148  0.594896
 0.273359 -0.305735  0.594688
  0.27354 -0.305317  0.594472
 0.273724 -0.304898  0.594254
 0.273911 -0.304474  0.594035
 0.274098 -0.304049  0.593812
 0.274292 -0.303614  0.593592
 0.274479 -0.303189  0.593359
 0.274675 -0.302749  0.593133
 0.274865 -0.302321  0.592893
  0.27506 -0.301882  0.592657
 0.275256 -0.301442  0.592418
 0.275452 -0.301002  0.592174
 0.275653 -0.300552  0.591932
 0.275867 -0.300065  0.591657
0.276066 -0.29962 0.591406
 0.276265 -0.299172  0.591151
 0.276465 -0.298724  0.590896
 0.276664 -0.298274  0.590634
 0.276864 -0.297825  0.590371
 0.277064 -0.297373  0.590107
 0.277265 -0.296922  0.589839
 0.277466 -0.296468  0.589571
 0.277667 -0.296016  0.589299
0.277869 -0.29556 0.589028
  0.27807 -0.295104  0.588751
 0.278273 -0.294649  0.588473
0.278476 -0.29419 0.588194
 0.278679 -0.293732  0.587912
0.278883 -0.29327 0.587631
0.279088 -0.29281 0.587344
 0.279294 -0.292345   0.58706
   0.2795 -0.291881  0.586769
 0.279709 -0.291412  0.586483
 0.279916 -0.290945  0.586186
 0.280127 -0.290467  0.585892
 0.280352 -0.289971  0.585581
 0.280563 -0.289494  0.585283
 0.280775 -0.289018  0.584985
 0.280987 -0.288538  0.584683
 0.281207 -0.288043  0.584368
  0.28142 -0.287562  0.584061
 0.281633 -0.287077  0.583757
 0.281848 -0.286594   0.58345
 0.282061 -0.286107  0.583143
 0.282276 -0.285619  0.582836
 0.282489 -0.285133  0.582524
 0.282704 -0.284645  0.582216
 0.282917 -0.284158  0.581902
 0.283131 -0.283669  0.581593
 0.283343 -0.283183  0.581275
 0.283556 -0.282693   0.58096
 0.283768 -0.282206  0.580645
 0.283979 -0.281717  0.580328
 0.284191 -0.281229  0.580011
0.284401 -0.28074 0.579692
 0.284612 -0.280252  0.579375
 0.284821 -0.279762  0.579052
  0.28503 -0.279274  0.578731
 0.285239 -0.278783   0.57841
 0.285447 -0.278295  0.578086
 0.285656 -0.277803  0.577765
 0.285864 -0.277314  0.577439
 0.286072 -0.276821  0.577117
 0.286279 -0.276331  0.576789
 0.286487 -0.275838  0.576463
 0.286694 -0.275346  0.576137
 0.286901 -0.274852   0.57581
 0.287108 -0.274359  0.575483
 0.287314 -0.273864  0.575155
0.287521 -0.27337 0.574828
 0.287726 -0.272874  0.574498
 0.287933 -0.272378  0.574173
 0.288138 -0.271882   0.57384
 0.288343 -0.271386   0.57351
 0.288549 -0.270887  0.573181
0.288753 -0.27039  0.57285
0.288959 -0.26989 0.572522
 0.289163 -0.269392  0.572189
 0.289368 -0.268889  0.571861
 0.289571 -0.268393  0.571529
0.289775 -0.26789 0.571197
 0.289979 -0.267392  0.570868
0.290181 -0.26689 0.570537
 0.290384 -0.266389  0.570207
 0.290586 -0.265888  0.569875
 0.290788 -0.265387  0.569547
 0.290989 -0.264885  0.569214
 0.291189 -0.264385  0.568883
 0.291389 -0.263882  0.568554
 0.291589 -0.263382  0.568222
0.291788 -0.26288 0.567894
0.291986 -0.26238 0.567561
 0.292184 -0.261879  0.567235
 0.29238 -0.26138 0.566903
 0.292578 -0.260878  0.566578
 0.292772 -0.260381  0.566245
0.292968 -0.25988 0.565916
 0.293174 -0.259353  0.565572
 0.293368 -0.258854  0.565244
 0.293569 -0.258329  0.564902
 0.293761 -0.257832  0.564573
 0.293954 -0.257333  0.564248
 0.294144 -0.256838  0.563919
 0.294335 -0.256341  0.563593
 0.294525 -0.255846  0.563267
 0.294714 -0.255351  0.562942
 0.294902 -0.254858  0.562618
  0.29509 -0.254365  0.562294
 0.295277 -0.253873  0.561972
 0.295462 -0.253382  0.561648
 0.295649 -0.252892   0.56133
 0.295832 -0.252405  0.561004
 0.296015 -0.251916  0.560685
0.296198 -0.25143 0.560365
  0.29638 -0.250943  0.560046
 0.296563 -0.250459  0.559729
 0.296743 -0.249974  0.559411
 0.296925 -0.249491  0.559098
 0.297103 -0.249008   0.55878
 0.297282 -0.248528  0.558465
  0.29746 -0.248048  0.558153
 0.297637 -0.247572   0.55784
 0.297814 -0.247095  0.557531
 0.297988 -0.246623   0.55722
0.298164 -0.24615 0.556914
 0.298336 -0.245683  0.556605
 0.298507 -0.245216  0.556299
 0.298678 -0.244755  0.555995
 0.298847 -0.244294  0.555693
 0.299016 -0.243843  0.555392
 0.299193 -0.243365  0.555078
 0.299364 -0.242901  0.554764
 0.299527 -0.242456  0.554468
  0.29969 -0.242018  0.554177
 0.299849 -0.241583  0.553884
 0.300007 -0.241155  0.553594
0.300164 -0.24073 0.553307
 0.300319 -0.240312  0.553022
 0.300473 -0.239897  0.552741
0.300624 -0.23949 0.552459
 0.300775 -0.239088  0.552183
 0.300923 -0.238689  0.551906
  0.30107 -0.238297  0.551632
 0.301216 -0.237908  0.551361
 0.301361 -0.237526  0.551092
 0.301505 -0.237146  0.550826
 0.301647 -0.236773   0.55056
 0.301789 -0.236401    0.5503
  0.30193 -0.236042  0.550039
 0.302083 -0.235633  0.549757
  0.30222 -0.235275  0.549498
 0.302358 -0.234919  0.549243
 0.302495 -0.234567  0.548991
 0.302631 -0.234218  0.548741
 0.302767 -0.233873  0.548493
0.302901 -0.23353 0.548246
 0.303036 -0.233192  0.548004
 0.303168 -0.232856   0.54776
   0.3033 -0.232526   0.54752
 0.303431 -0.232199  0.547282
 0.303562 -0.231874  0.547047
 0.303692 -0.231554  0.546814
  0.30382 -0.231236  0.546583
 0.303949 -0.230924  0.546356
 0.304075 -0.230615  0.546128
 0.304202 -0.230311  0.545907
 0.304325 -0.230011  0.545682
 0.304449 -0.229716  0.545461
 0.304572 -0.229426  0.545244
 0.304702 -0.229125  0.545023
 0.304826 -0.228832  0.544794
 0.304944 -0.228556  0.544582
 0.305063 -0.228283  0.544376
 0.305178 -0.228018  0.544168
 0.305293 -0.227755  0.543964
0.305407  -0.2275 0.543764
 0.305519 -0.227251  0.543564
  0.30563 -0.227005   0.54337
 0.305728 -0.226785  0.543196
 0.305838 -0.226551  0.543007
 0.305944 -0.226322  0.542817
 0.306055 -0.226107  0.542639
 0.306165 -0.225862  0.542428
 0.306269 -0.225648  0.542247
 0.306372 -0.225441  0.542069
 0.306473 -0.225239  0.541892
0.306574 -0.22504  0.54172
 0.306673 -0.224847  0.541547
 0.306774 -0.224656  0.541382
  0.30687 -0.224473  0.541212
 0.306967 -0.224292  0.541049
 0.307064 -0.224118  0.540888
 0.307159 -0.223948  0.540728
 0.307263 -0.223776  0.540572
 0.307356 -0.223616  0.540417
  0.30745 -0.223457  0.540268
0.307543 -0.22329 0.540105
 0.307635 -0.223143  0.539962
0.307724   -0.223 0.539815
 0.307813 -0.222863  0.539673
0.307902 -0.22273 0.539535
0.307989  -0.2226 0.539398
 0.308076 -0.222477  0.539266
 0.308161 -0.222357  0.539134
 0.308246 -0.222243  0.539008
 0.308329 -0.222132  0.538879
 0.308411 -0.222028  0.538755
 0.308493 -0.221929  0.538633
 0.308573 -0.221832  0.538515
 0.308653 -0.221741  0.538399
 0.308732 -0.221653  0.538285
0.308811 -0.22157 0.538175
0.308887 -0.22149 0.538063
 0.308964 -0.221416  0.537955
 0.309042 -0.221336  0.537845
 0.309117 -0.221266  0.537742
 0.309191 -0.221202  0.537641
 0.309265 -0.221138  0.537542
 0.309339 -0.221079  0.537445
 0.309417 -0.221032  0.537355
  0.30949 -0.220978  0.537263
 0.309561 -0.220927  0.537168
 0.309632 -0.220872  0.537063
 0.309703 -0.220822  0.536974
 0.309773 -0.220776  0.536885
 0.309843 -0.220729  0.536801
 0.309912 -0.220686  0.536714
 0.309982 -0.220644  0.536633
  0.31005 -0.220602  0.536549
 0.310119 -0.220562  0.536468
 0.310188 -0.220521  0.536389
 0.310255 -0.220484   0.53631
 0.310323 -0.220445  0.536235
 0.31039 -0.22041 0.536159
 0.310458 -0.220375  0.536086
0.310525 -0.22034 0.536012
 0.310593 -0.220307  0.535944
 0.310657 -0.220274   0.53587
 0.310724 -0.220238  0.535798
 0.310789 -0.220214  0.535735
0.310855 -0.22018 0.535665
  0.31092 -0.220155  0.535601
 0.310989 -0.220139  0.535543
 0.311053 -0.220103  0.535473
 0.311115 -0.220082  0.535409
 0.311178 -0.220072  0.535358
 0.311241 -0.220051  0.535299
 0.311302 -0.220034   0.53524
 0.311363 -0.220019  0.535183
 0.311423 -0.220003  0.535127
 0.311484 -0.219989  0.535073
 0.311542 -0.219966  0.535008
 0.311596 -0.219955  0.534956
  0.31166 -0.219954  0.534911
0.311711 -0.21994 0.534854
 0.311769 -0.219933  0.534804
0.311827 -0.21992 0.534752
  0.31189 -0.219924  0.534711
 0.311945 -0.219908  0.534653
 0.312003 -0.219901  0.534609
 0.312057 -0.219899  0.534559
 0.312113 -0.219896  0.534513
 0.312169 -0.219892  0.534469
0.312224 -0.21989 0.534424
 0.312279 -0.219886  0.534383
 0.312333 -0.219885  0.534339
 0.312389 -0.219882    0.5343
 0.312443 -0.219882  0.534256
 0.312497 -0.219882  0.534215
 0.312551 -0.219879  0.534176
 0.312605 -0.219879  0.534136
 0.312659 -0.219877  0.534099
 0.312712 -0.219878   0.53406
 0.312766 -0.219876  0.534025
 0.312819 -0.219873  0.533985
 0.312878 -0.219883  0.533957
 0.312929 -0.219881  0.533909
0.312982 -0.21988 0.533874
 0.313034 -0.219881  0.533839
 0.313085 -0.219881  0.533804
 0.313137 -0.219882  0.533771
 0.313188 -0.219885  0.533736
  0.31324 -0.219884  0.533706
 0.313289 -0.219887   0.53367
 0.313339 -0.219888  0.533638
 0.313389 -0.219891  0.533606
 0.313438 -0.219893  0.533575
 0.313487 -0.219897  0.533544
 0.313535 -0.219902  0.533512
 0.313584 -0.219905  0.533484
0.313632 -0.21991 0.533451
 0.313681 -0.219913  0.533426
0.313727 -0.21992 0.533393
 0.313773 -0.219925  0.533364
  0.31382 -0.219932  0.533336
 0.313866 -0.219939  0.533306
 0.313913 -0.219945   0.53328
 0.313958 -0.219953  0.533251
 0.314005 -0.219958  0.533227
 0.314049 -0.219967  0.533197
 0.314094 -0.219973  0.533171
  0.31414 -0.219982  0.533145
 0.314184 -0.219991  0.533118
  0.31423 -0.219998  0.533093
 0.314274 -0.220007  0.533067
 0.314319 -0.220013  0.533044
 0.314362 -0.220022  0.533017
 0.314406 -0.220029  0.532992
  0.31445 -0.220037  0.532968
 0.314494 -0.220046  0.532943
 0.314538 -0.220053   0.53292
 0.314581 -0.220061  0.532895
 0.314625 -0.220067  0.532874
 0.314667 -0.220076  0.532849
 0.314712 -0.220081   0.53283
0.314753 -0.22009 0.532803
 0.314796 -0.220099  0.532779
 0.314838 -0.220105  0.532757
0.314881 -0.22011 0.532733
 0.314923 -0.220116  0.532713
 0.314964 -0.220125  0.532689
0.315007 -0.22013  0.53267
 0.315051 -0.220148  0.532649
 0.315092 -0.220157  0.532627
 0.315133 -0.220163  0.532606
 0.315174 -0.220172  0.532584
0.315215 -0.22017 0.532559
 0.315251 -0.220179  0.532537
 0.315292 -0.220185  0.532518
 0.315331 -0.220194  0.532495
 0.315375 -0.220212  0.532481
0.315413 -0.22022 0.532457
 0.315452 -0.220219  0.532432
 0.315491 -0.220228  0.532412
 0.315529 -0.220236  0.532391
 0.315568 -0.220245  0.532372
 0.315606 -0.220253  0.532351
 0.315645 -0.220263  0.532333
 0.315682 -0.220273   0.53231
 0.315719 -0.220281  0.532291
 0.315757 -0.220292  0.532271
0.315794  -0.2203 0.532252
 0.315833 -0.220308  0.532233
 0.315869 -0.220316  0.532213
  0.31591 -0.220335  0.532199
 0.315946 -0.220346  0.532178
 0.315985 -0.220354  0.532164
  0.31602 -0.220365  0.532141
 0.316056 -0.220373  0.532123
 0.316093 -0.220384  0.532105
 0.316129 -0.220392  0.532079
 0.316166 -0.220402  0.532062
0.316202 -0.22041 0.532042
 0.316239 -0.220419  0.532027
 0.316273 -0.220427  0.532006
 0.316309 -0.220436  0.531987
 0.316345 -0.220443   0.53197
  0.31638 -0.220452  0.531951
 0.316415 -0.220461  0.531934
  0.31645 -0.220468  0.531915
 0.316486 -0.220476  0.531899
  0.31652 -0.220483   0.53188
 0.316555 -0.220492  0.531861
  0.31659 -0.220498  0.531845
 0.316624 -0.220507  0.531826
 0.316659 -0.220516   0.53181
 0.316692 -0.220523  0.531792
  0.31673 -0.220537  0.531779
 0.316763 -0.220544   0.53176
 0.316797 -0.220553  0.531742
 0.31683 -0.22056 0.531726
 0.316863 -0.220569  0.531708
 0.316897 -0.220575  0.531693
  0.31693 -0.220578  0.531671
 0.316963 -0.220584  0.531654
 0.316996 -0.220593  0.531637
0.317028  -0.2206  0.53162
 0.317061 -0.220608  0.531604
 0.317093 -0.220616  0.531587
 0.317126 -0.220624  0.531573
 0.317157 -0.220634  0.531553
 0.317189 -0.220641  0.531536
0.317221 -0.22065  0.53152
 0.317252 -0.220657  0.531504
 0.317284 -0.220666  0.531489
 0.317315 -0.220674  0.531471
 0.317346 -0.220683  0.531454
 0.317378 -0.220691  0.531439
 0.317409 -0.220698  0.531422
  0.31744 -0.220708  0.531406
  0.31747 -0.220718  0.531391
 0.317502 -0.220727  0.531378
 0.317532 -0.220734  0.531359
 0.317563 -0.220742  0.531342
 0.317594 -0.220749  0.531328
 0.317624 -0.220758  0.531311
 0.317657 -0.220775  0.531299
 0.317687 -0.220782  0.531282
0.317719 -0.22079 0.531271
 0.317747 -0.220797  0.531252
 0.317777 -0.220806  0.531235
 0.317808 -0.220812  0.531221
 0.317837 -0.220818    0.5312
 0.317868 -0.220826  0.531186
 0.317897 -0.220834  0.531168
0.317926 -0.22084 0.531152
 0.317956 -0.220848  0.531137
 0.317985 -0.220853  0.531122
0.318015 -0.22086 0.531107
 0.318043 -0.220866  0.531091
 0.318074 -0.220872  0.531079
 0.318101 -0.220881  0.531059
  0.31813 -0.220886  0.531044
 0.318159 -0.220893  0.531029
 0.318187 -0.220898  0.531014
 0.318216 -0.220905  0.531001
 0.318244 -0.220911  0.530984
 0.318272 -0.220918  0.530969
   0.3183 -0.220924  0.530955
 0.318328 -0.220932  0.530939
 0.318357 -0.220937  0.530924
 0.318384 -0.220943  0.530908
 0.318415 -0.220958  0.530899
 0.318439 -0.220957   0.53088
 0.318467 -0.220964  0.530864
0.318495 -0.22097 0.530851
 0.318522 -0.220978  0.530835
 0.318552 -0.220991  0.530825
 0.318574 -0.220989  0.530806
   0.3186 -0.220996  0.530796
 0.318628 -0.221005  0.530782
 0.318656 -0.221016  0.530768
 0.318684 -0.221021  0.530751
  0.31871 -0.221029  0.530735
 0.318739 -0.221034  0.530726
 0.318764 -0.221043  0.530707
  0.31879 -0.221048  0.530693
 0.318817 -0.221056   0.53068
 0.318843 -0.221064  0.530664
  0.31887 -0.221067  0.530652
 0.318895 -0.221074  0.530635
 0.318922 -0.221079  0.530621
  0.31895 -0.221094  0.530609
 0.318976 -0.221099  0.530595
 0.319002 -0.221105  0.530582
 0.319028 -0.221103  0.530566
0.319055 -0.22111 0.530555
  0.31908 -0.221115  0.530539
 0.319105 -0.221122  0.530524
 0.319131 -0.221126  0.530512
 0.319157 -0.221133  0.530497
 0.319183 -0.221137  0.530485
 0.319208 -0.221144  0.530469
 0.319233 -0.221149  0.530456
 0.319258 -0.221155  0.530442
0.319283 -0.22116 0.530427
 0.319309 -0.221165  0.530415
 0.319333 -0.221172    0.5304
 0.319359 -0.221176   0.53039
 0.319383 -0.221183  0.530373
 0.319407 -0.221188   0.53036
 0.319432 -0.221195  0.530347
0.319456  -0.2212 0.530334
 0.319482 -0.221207  0.530322
 0.319505 -0.221215  0.530307
0.319529 -0.22122 0.530294
 0.319554 -0.221227  0.530281
 0.319578 -0.221232  0.530268
 0.319602 -0.221239  0.530256
 0.319627 -0.221244  0.530238
0.319651 -0.22125 0.530231
 0.319674 -0.221256  0.530216
 0.319697 -0.221263  0.530202
 0.319722 -0.221269  0.530187
 0.319747 -0.221282  0.530174
 0.319771 -0.221287  0.530164
 0.319793 -0.221287  0.530147
 0.319819 -0.221297   0.53014
 0.319841 -0.221305  0.530123
 0.319864 -0.221309  0.530111
 0.319888 -0.221315  0.530098
 0.319911 -0.221322  0.530084
 0.319935 -0.221326  0.530074
 0.319957 -0.221332  0.530059
  0.31998 -0.221336  0.530046
 0.320003 -0.221342  0.530033
 0.320026 -0.221345  0.530021
  0.32005 -0.221351  0.530009
 0.320072 -0.221354  0.529995
 0.320097 -0.221359  0.529986
 0.320118 -0.221365  0.529969
  0.32014 -0.221368  0.529957
 0.320164 -0.221373  0.529945
 0.320186 -0.221374   0.52993
  0.32021 -0.221379   0.52992
 0.320231 -0.221382  0.529905
 0.320253 -0.221388  0.529892
 0.320276 -0.221391  0.529881
 0.320298 -0.221396  0.529868
 0.320321 -0.221402  0.529856
 0.320343 -0.221406  0.529843
0.320366 -0.22141 0.529834
 0.320387 -0.221415  0.529819
0.320408 -0.22142 0.529806
 0.320431 -0.221424  0.529796
0.320452 -0.22143 0.529782
 0.320475 -0.221434  0.529773
0.320495 -0.22144 0.529759
 0.320519 -0.221444  0.529748
 0.32054 -0.22145 0.529736
 0.320562 -0.221454  0.529724
0.320583 -0.22146 0.529713
 0.320604 -0.221464  0.529701
0.320627 -0.22147 0.529692
 0.320647 -0.221475  0.529678
 0.320668 -0.221481  0.529665
 0.320689 -0.221487  0.529654
  0.32071 -0.221491  0.529642
 0.320732 -0.221495   0.52963
 0.320752 -0.221499  0.529617
 0.320773 -0.221505  0.529605
 0.320794 -0.221509  0.529594
 0.320815 -0.221514  0.529582
 0.320836 -0.221518  0.529572
 0.320857 -0.221523  0.529558
 0.320879 -0.221529  0.529549
 0.320898 -0.221533  0.529535
 0.320919 -0.221538  0.529523
  0.32094 -0.221542  0.529513
  0.32096 -0.221547  0.529501
0.320982 -0.22155 0.529491
 0.321002 -0.221555  0.529476
 0.321025 -0.221566  0.529469
 0.321044 -0.221573  0.529453
 0.321064 -0.221576  0.529442
 0.321085 -0.221581  0.529431
 0.321105 -0.221584  0.529419
 0.321126 -0.221589   0.52941
 0.321145 -0.221593  0.529397
 0.321165 -0.221598  0.529385
0.321186  -0.2216 0.529374
0.321186  -0.2216 0.529374
 0.321205 -0.221605  0.529362
0.321226 -0.22161 0.529352
 0.321245 -0.221611  0.529338
 0.321267 -0.221616  0.529331
 0.321285 -0.221619  0.529317
 0.321304 -0.221624  0.529304
 0.321325 -0.221624  0.529293
 0.321344 -0.221628   0.52928
0.321365 -0.22163 0.529271
 0.321383 -0.221635  0.529257
 0.321402 -0.221639  0.529247
 0.321424 -0.221634  0.529234
 0.321443 -0.221636  0.529222
0.321463 -0.22164 0.529212
 0.321482 -0.221643  0.529199
 0.321503 -0.221646  0.529191
 0.32152 -0.22166 0.529176
 0.321539 -0.221663  0.529164
 0.321558 -0.221668  0.529153
 0.321577 -0.221673   0.52914
 0.321597 -0.221676  0.529132
 0.321615 -0.221682  0.529118
 0.321634 -0.221683  0.529105
 0.321654 -0.221689  0.529094
 0.321672 -0.221692  0.529083
 0.321692 -0.221698  0.529073
 0.321712 -0.221694  0.529061
 0.321732 -0.221699  0.529053
  0.32175 -0.221704  0.529039
  0.32177 -0.221715  0.529028
 0.321789 -0.221718  0.529018
 0.321808 -0.221724  0.529006
 0.321828 -0.221727  0.528997
 0.321846 -0.221732  0.528984
 0.321865 -0.221735  0.528974
 0.321884 -0.221741  0.528963
 0.321903 -0.221746  0.528951
 0.321922 -0.221749  0.528942
 0.321941 -0.221754  0.528929
 0.321961 -0.221756  0.528922
 0.321979 -0.221762  0.528908
 0.321998 -0.221764  0.528897
 0.322017 -0.221769  0.528886
 0.322036 -0.221772  0.528875
 0.322055 -0.221776  0.528866
 0.322073 -0.221781  0.528852
 0.322111 -0.221788  0.528831
 0.322111 -0.221788  0.528831
0.322129 -0.22179  0.52882
 0.322148 -0.221795   0.52881
 0.322166 -0.221797  0.528798
 0.322185 -0.221801   0.52879
 0.322202 -0.221803  0.528775
  0.32222 -0.221808  0.528764
 0.322239 -0.221814  0.528754
 0.322256 -0.221816  0.528741
0.322275 -0.22182 0.528732
 0.322292 -0.221823   0.52872
 0.322311 -0.221827  0.528707
 0.322329 -0.221831  0.528696
 0.322346 -0.221834  0.528685
 0.322364 -0.221839  0.528675
 0.322381 -0.221844  0.528663
   0.3224 -0.221847  0.528655
 0.322416 -0.221852  0.528641
 0.322433 -0.221855  0.528631
 0.322468 -0.221862   0.52861
 0.322486 -0.221867  0.528601
 0.322503 -0.221876  0.528589
0.322522 -0.22188 0.528583
 0.322538 -0.221885  0.528568
 0.322555 -0.221888  0.528558
 0.322573 -0.221892  0.528548
 0.322573 -0.221892  0.528548
 0.322608 -0.221899   0.52853
 0.322624 -0.221901  0.528518
 0.322641 -0.221905  0.528508
 0.322659 -0.221907  0.528499
 0.322676 -0.221911  0.528488
 0.322693 -0.221915  0.528479
  0.32271 -0.221917  0.528468
0.322729 -0.22192 0.528462
 0.322745 -0.221922  0.528449
 0.322761 -0.221926  0.528439
 0.322779 -0.221927  0.528431
 0.322796 -0.221929  0.528418
0.322813 -0.22193 0.528412
 0.322829 -0.221935  0.528399
 0.322829 -0.221935  0.528399
 0.322846 -0.221939  0.528389
 0.322863 -0.221941  0.528381
  0.32288 -0.221936  0.528373
0.322898 -0.22194 0.528364
 0.322913 -0.221943  0.528354
 0.322931 -0.221946  0.528348
0.322946 -0.22195 0.528335
 0.322962 -0.221954  0.528325
 0.322979 -0.221965  0.528316
 0.322995 -0.221968  0.528307
 0.323012 -0.221973  0.528299
 0.323027 -0.221977  0.528288
 0.323042 -0.221982  0.528278
 0.323058 -0.221985   0.52827
 0.323074 -0.221991   0.52826
  0.32309 -0.221994  0.528252
0.323105   -0.222 0.528241
 0.323122 -0.222005  0.528234
 0.323136 -0.222003  0.528222
 0.323152 -0.222009  0.528212
 0.323168 -0.222011  0.528204
 0.323184 -0.222022  0.528194
 0.323201 -0.222024  0.528187
 0.323216 -0.222029  0.528175
 0.323231 -0.222032  0.528166
 0.323248 -0.222036  0.528157
 0.323263 -0.222041  0.528147
  0.32328 -0.222041  0.528138
 0.323312 -0.222046  0.528122
0.323327 -0.22205 0.528109
 0.323344 -0.222053  0.528099
 0.323361 -0.222054  0.528091
 0.323377 -0.222057  0.528081
 0.323388 -0.222078  0.528074
 0.323409 -0.222062  0.528063
 0.323425 -0.222065  0.528054
 0.323441 -0.222066  0.528046
 0.323457 -0.222069  0.528036
