 0.269493 -0.328229  0.603703
0.268848 -0.32652 0.607043
  0.26885 -0.326518   0.60704
 0.268856 -0.326511  0.607033
0.268867  -0.3265  0.60702
 0.268882 -0.326484  0.607002
 0.268902 -0.326463  0.606979
 0.268925 -0.326438  0.606952
 0.268953 -0.326408  0.606919
 0.268986 -0.326374  0.606881
 0.269022 -0.326335  0.606838
 0.269063 -0.326292   0.60679
 0.269108 -0.326244  0.606737
 0.269158 -0.326192  0.606678
 0.269212 -0.326135  0.606615
  0.26927 -0.326073  0.606547
 0.269332 -0.326007  0.606474
 0.269399 -0.325936  0.606395
  0.26947 -0.325861  0.606312
 0.269546 -0.325781  0.606223
  0.26963 -0.325692  0.606125
 0.269714 -0.325603  0.606026
 0.269802 -0.325509  0.605922
 0.269895 -0.325411  0.605813
 0.269992 -0.325308  0.605699
 0.270094 -0.325201  0.605579
 0.270199 -0.325089  0.605455
  0.27031 -0.324972  0.605326
 0.270424 -0.324851  0.605192
 0.270543 -0.324725  0.605052
 0.270666 -0.324595  0.604908
0.270793 -0.32446 0.604758
 0.270925 -0.324321  0.604604
 0.271076 -0.324161  0.604426
 0.271216 -0.324012  0.604261
 0.271361 -0.323858  0.604091
0.271511  -0.3237 0.603916
 0.271664 -0.323538  0.603735
 0.271822 -0.323371   0.60355
 0.271984 -0.323199  0.603359
 0.272151 -0.323022  0.603164
 0.272322 -0.322842  0.602963
 0.272497 -0.322656  0.602758
 0.272676 -0.322466  0.602547
  0.27286 -0.322271  0.602331
 0.273048 -0.322072   0.60211
 0.273241 -0.321868  0.601884
0.273437 -0.32166 0.601653
 0.273638 -0.321448  0.601417
0.273844 -0.32123 0.601176
 0.274053 -0.321008   0.60093
 0.274267 -0.320782  0.600679
0.274485 -0.32055 0.600422
 0.274708 -0.320315  0.600161
 0.274935 -0.320075  0.599895
0.275166 -0.31983 0.599623
 0.275401 -0.319581  0.599347
 0.275641 -0.319327  0.599065
 0.275885 -0.319069  0.598779
 0.276133 -0.318806  0.598487
 0.276386 -0.318538  0.598191
 0.276643 -0.318266  0.597889
0.276904 -0.31799 0.597582
 0.277169 -0.317708   0.59727
 0.277439 -0.317423  0.596953
 0.277713 -0.317132  0.596631
 0.277992 -0.316838  0.596305
 0.278275 -0.316538  0.595972
 0.278562 -0.316234  0.595635
 0.278853 -0.315925  0.595293
 0.279149 -0.315612  0.594946
 0.279449 -0.315295  0.594593
 0.279753 -0.314972  0.594236
 0.280062 -0.314645  0.593873
 0.280376 -0.314313  0.593505
 0.280693 -0.313977  0.593133
 0.281015 -0.313637  0.592755
 0.281341 -0.313292  0.592372
 0.281671 -0.312942  0.591984
 0.282005 -0.312588  0.591591
 0.282344 -0.312229  0.591193
 0.282687 -0.311866  0.590791
 0.283034 -0.311498  0.590383
 0.283386 -0.311126   0.58997
 0.283742 -0.310749  0.589552
 0.284102 -0.310367  0.589129
0.284468 -0.30998   0.5887
0.284837 -0.30959 0.588266
  0.28521 -0.309195  0.587828
 0.285587 -0.308795  0.587385
 0.285969 -0.308391  0.586937
 0.286355 -0.307982  0.586483
 0.286746 -0.307568  0.586025
 0.28714 -0.30715 0.585561
  0.28754 -0.306727  0.585092
0.287943  -0.3063 0.584619
 0.288351 -0.305869   0.58414
 0.288763 -0.305432  0.583656
  0.28918 -0.304991  0.583166
   0.2896 -0.304545  0.582672
 0.290025 -0.304096  0.582173
 0.290454 -0.303642   0.58167
 0.290882 -0.303189  0.581168
  0.29131 -0.302735  0.580665
 0.291738 -0.302282  0.580162
 0.292166 -0.301828  0.579659
 0.292594 -0.301375  0.579156
 0.293023 -0.300921  0.578653
 0.293451 -0.300468   0.57815
 0.293879 -0.300015  0.577648
 0.294307 -0.299561  0.577145
 0.294735 -0.299108  0.576642
 0.295164 -0.298655  0.576139
 0.295592 -0.298201  0.575636
 0.296021 -0.297747  0.575133
 0.296449 -0.297293  0.574629
 0.296878 -0.296839  0.574126
 0.297307 -0.296385  0.573623
 0.297735 -0.295932   0.57312
 0.298163 -0.295479  0.572617
 0.298592 -0.295024  0.572113
  0.29902 -0.294571   0.57161
 0.299448 -0.294118  0.571108
 0.299876 -0.293664  0.570605
 0.300305 -0.293211  0.570102
 0.300733 -0.292757  0.569599
 0.301161 -0.292304  0.569096
 0.30159 -0.29185 0.568593
 0.302018 -0.291397   0.56809
 0.302447 -0.290942  0.567586
 0.302875 -0.290489  0.567083
 0.303303 -0.290035  0.566581
 0.303732 -0.289582  0.566078
  0.30416 -0.289129  0.565575
 0.304588 -0.288675  0.565072
 0.305016 -0.288222  0.564569
 0.305444 -0.287768  0.564066
 0.305873 -0.287315  0.563563
 0.306301 -0.286861  0.563061
 0.306729 -0.286408  0.562558
 0.307157 -0.285955  0.562055
 0.307585 -0.285501  0.561552
 0.308013 -0.285048  0.561049
 0.308442 -0.284595  0.560546
  0.30887 -0.284141  0.560043
 0.309298 -0.283688  0.559541
 0.309726 -0.283234  0.559038
0.310155 -0.28278 0.558535
 0.310583 -0.282327  0.558032
 0.311011 -0.281874  0.557529
0.311439 -0.28142 0.557026
 0.311867 -0.280967  0.556523
 0.312296 -0.280513   0.55602
0.312724 -0.28006 0.555517
 0.313152 -0.279607  0.555015
 0.313581 -0.279153  0.554511
 0.314009 -0.278699  0.554009
 0.314437 -0.278246  0.553506
 0.314865 -0.277793  0.553003
 0.315294 -0.277339    0.5525
 0.315722 -0.276886  0.551997
  0.31615 -0.276432  0.551494
 0.316578 -0.275979  0.550992
 0.317006 -0.275526  0.550489
 0.317434 -0.275072  0.549986
 0.317863 -0.274619  0.549483
 0.318291 -0.274166   0.54898
 0.318719 -0.273712  0.548477
 0.319147 -0.273259  0.547975
 0.319575 -0.272805  0.547472
 0.320004 -0.272351  0.546968
 0.320432 -0.271898  0.546466
  0.32086 -0.271445  0.545963
0.321289 -0.27099 0.545459
 0.321717 -0.270537  0.544956
 0.322146 -0.270084  0.544453
0.322574 -0.26963  0.54395
 0.323002 -0.269176  0.543447
  0.32343 -0.268723  0.542945
 0.323859 -0.268269  0.542441
 0.324287 -0.267816  0.541939
 0.324715 -0.267363  0.541436
 0.325143 -0.266909  0.540933
 0.325572 -0.266456   0.54043
    0.326 -0.266002  0.539927
 0.326428 -0.265549  0.539425
 0.326856 -0.265096  0.538922
 0.327284 -0.264642  0.538419
 0.327712 -0.264189  0.537916
  0.32814 -0.263736  0.537414
 0.328568 -0.263283  0.536911
 0.328997 -0.262829  0.536408
 0.329425 -0.262376  0.535905
 0.329853 -0.261922  0.535402
 0.330281 -0.261469    0.5349
 0.330709 -0.261016  0.534397
 0.331138 -0.260562  0.533894
 0.331566 -0.260109  0.533391
 0.331994 -0.259655  0.532889
 0.332422 -0.259202  0.532386
  0.33285 -0.258749  0.531883
 0.333278 -0.258295   0.53138
 0.333706 -0.257842  0.530877
 0.334134 -0.257389  0.530375
 0.334563 -0.256935  0.529872
 0.334991 -0.256482  0.529369
 0.335419 -0.256028  0.528866
 0.335847 -0.255575  0.528363
 0.336276 -0.255122   0.52786
 0.336704 -0.254668  0.527357
 0.337133 -0.254214  0.526854
0.337561 -0.25376 0.526351
  0.33799 -0.253306  0.525847
 0.338418 -0.252853  0.525344
 0.338846 -0.252399  0.524841
0.339271 -0.25195 0.524343
 0.339691 -0.251505  0.523849
 0.340107 -0.251064  0.523361
 0.340519 -0.250628  0.522877
 0.340927 -0.250196  0.522398
  0.34133 -0.249769  0.521924
  0.34173 -0.249346  0.521455
 0.342125 -0.248928  0.520991
 0.342518 -0.248512   0.52053
 0.342904 -0.248103  0.520077
 0.343285 -0.247699  0.519628
 0.343663 -0.247299  0.519185
 0.344036 -0.246904  0.518747
 0.344404 -0.246514  0.518315
 0.344769 -0.246128  0.517887
 0.345129 -0.245747  0.517464
0.345485 -0.24537 0.517046
 0.345836 -0.244998  0.516633
 0.346183 -0.244631  0.516226
 0.346526 -0.244268  0.515823
 0.346864 -0.243909  0.515426
 0.347198 -0.243555  0.515033
 0.347529 -0.243206  0.514645
 0.347854 -0.242861  0.514263
 0.348176 -0.242521  0.513886
 0.348493 -0.242185  0.513513
 0.348805 -0.241854  0.513146
 0.349114 -0.241527  0.512784
 0.349418 -0.241205  0.512427
 0.349717 -0.240888  0.512075
 0.350013 -0.240575  0.511728
 0.350304 -0.240267  0.511386
 0.350591 -0.239963   0.51105
 0.350873 -0.239664  0.510718
0.351151 -0.23937 0.510391
0.351425 -0.23908  0.51007
 0.351695 -0.238794  0.509753
  0.35196 -0.238513  0.509441
 0.352221 -0.238237  0.509135
 0.352478 -0.237965  0.508834
  0.35273 -0.237698  0.508537
 0.352978 -0.237435  0.508246
 0.353222 -0.237177   0.50796
 0.353461 -0.236924  0.507679
 0.353697 -0.236675  0.507402
0.353927 -0.23643 0.507131
0.354154 -0.23619 0.506865
 0.354376 -0.235955  0.506604
 0.354594 -0.235724  0.506348
 0.354808 -0.235498  0.506097
 0.355018 -0.235275   0.50585
 0.355224 -0.235058  0.505609
 0.355425 -0.234845  0.505373
 0.355621 -0.234637  0.505143
 0.355813 -0.234434  0.504917
 0.356001 -0.234235  0.504696
 0.356184 -0.234041  0.504481
 0.356363 -0.233851  0.504271
 0.356538 -0.233666  0.504066
 0.356708 -0.233485  0.503865
 0.356875 -0.233309   0.50367
 0.357037 -0.233138   0.50348
 0.357194 -0.232971  0.503295
 0.357347 -0.232809  0.503115
 0.357497 -0.232651   0.50294
 0.357641 -0.232497   0.50277
 0.357782 -0.232349  0.502605
 0.357919 -0.232203  0.502443
 0.358051 -0.232064  0.502289
 0.358178 -0.231929  0.502139
 0.358302 -0.231798  0.501995
  0.35842 -0.231673  0.501855
 0.358535 -0.231552  0.501721
 0.358645 -0.231435  0.501591
 0.358751 -0.231323  0.501467
 0.358852 -0.231215  0.501348
  0.35895 -0.231112  0.501234
 0.359043 -0.231014  0.501124
0.359131 -0.23092  0.50102
 0.359216 -0.230831  0.500921
 0.359296 -0.230746  0.500827
 0.359371 -0.230666  0.500738
0.359443 -0.23059 0.500654
  0.35951 -0.230519  0.500575
 0.359573 -0.230452  0.500502
0.359631 -0.23039 0.500433
 0.359685 -0.230333  0.500369
0.359735 -0.23028 0.500311
 0.359781 -0.230232  0.500257
 0.359822 -0.230188  0.500209
 0.359859 -0.230149  0.500165
 0.359892 -0.230115  0.500127
  0.35992 -0.230085  0.500094
 0.359944 -0.230059  0.500066
 0.359964 -0.230038  0.500042
 0.359979 -0.230022  0.500024
0.359991 -0.23001 0.500011
 0.359997 -0.230003  0.500003
 0.36 -0.23   0.5
 0.36 -0.23   0.5
 0.36 -0.23   0.5
 0.36 -0.23   0.5
 0.36 -0.23   0.5
 0.36 -0.23   0.5
 0.36 -0.23   0.5
 0.36 -0.23   0.5
 0.36 -0.23   0.5
 0.36 -0.23   0.5
 0.36 -0.23   0.5
 0.36 -0.23   0.5
 0.36 -0.23   0.5
 0.36 -0.23   0.5
 0.36 -0.23   0.5
 0.36 -0.23   0.5
 0.36 -0.23   0.5
 0.36 -0.23   0.5
 0.36 -0.23   0.5
 0.36 -0.23   0.5
 0.36 -0.23   0.5
 0.36 -0.23   0.5
 0.36 -0.23   0.5
 0.36 -0.23   0.5
 0.36 -0.23   0.5
 0.36 -0.23   0.5
 0.36 -0.23   0.5
 0.36 -0.23   0.5
 0.36 -0.23   0.5
 0.36 -0.23   0.5
 0.36 -0.23   0.5
 0.36 -0.23   0.5
 0.36 -0.23   0.5
 0.36 -0.23   0.5
 0.36 -0.23   0.5
 0.36 -0.23   0.5
 0.36 -0.23   0.5
 0.36 -0.23   0.5
 0.36 -0.23   0.5
 0.36 -0.23   0.5
 0.36 -0.23   0.5
 0.36 -0.23   0.5
 0.36 -0.23   0.5
 0.36 -0.23   0.5
 0.36 -0.23   0.5
 0.36 -0.23   0.5
 0.36 -0.23   0.5
 0.36 -0.23   0.5
 0.36 -0.23   0.5
 0.36 -0.23   0.5
 0.36 -0.23   0.5
 0.36 -0.23   0.5
 0.36 -0.23   0.5
 0.36 -0.23   0.5
 0.36 -0.23   0.5
 0.36 -0.23   0.5
 0.36 -0.23   0.5
 0.36 -0.23   0.5
 0.36 -0.23   0.5
 0.36 -0.23   0.5
 0.36 -0.23   0.5
 0.36 -0.23   0.5
 0.36 -0.23   0.5
 0.36 -0.23   0.5
 0.36 -0.23   0.5
 0.36 -0.23   0.5
 0.36 -0.23   0.5
 0.36 -0.23   0.5
 0.36 -0.23   0.5
 0.36 -0.23   0.5
 0.36 -0.23   0.5
 0.36 -0.23   0.5
 0.36 -0.23   0.5
 0.36 -0.23   0.5
 0.36 -0.23   0.5
 0.36 -0.23   0.5
 0.36 -0.23   0.5
 0.36 -0.23   0.5
 0.36 -0.23   0.5
 0.36 -0.23   0.5
 0.36 -0.23   0.5
 0.36 -0.23   0.5
 0.36 -0.23   0.5
 0.36 -0.23   0.5
 0.36 -0.23   0.5
 0.36 -0.23   0.5
 0.36 -0.23   0.5
 0.36 -0.23   0.5
 0.36 -0.23   0.5
 0.36 -0.23   0.5
 0.36 -0.23   0.5
 0.36 -0.23   0.5
 0.36 -0.23   0.5
 0.36 -0.23   0.5
 0.36 -0.23   0.5
 0.36 -0.23   0.5
 0.36 -0.23   0.5
 0.36 -0.23   0.5
 0.36 -0.23   0.5
 0.36 -0.23   0.5
 0.36 -0.23   0.5
 0.36 -0.23   0.5
 0.36 -0.23   0.5
 0.36 -0.23   0.5
 0.36 -0.23   0.5
 0.36 -0.23   0.5
 0.36 -0.23   0.5
 0.36 -0.23   0.5
 0.36 -0.23   0.5
 0.36 -0.23   0.5
 0.36 -0.23   0.5
 0.36 -0.23   0.5
 0.36 -0.23   0.5
 0.36 -0.23   0.5
 0.36 -0.23   0.5
 0.36 -0.23   0.5
 0.36 -0.23   0.5
 0.36 -0.23   0.5
 0.36 -0.23   0.5
 0.36 -0.23   0.5
 0.36 -0.23   0.5
 0.36 -0.23   0.5
 0.36 -0.23   0.5
 0.36 -0.23   0.5
 0.36 -0.23   0.5
 0.36 -0.23   0.5
 0.36 -0.23   0.5
 0.36 -0.23   0.5
 0.36 -0.23   0.5
 0.36 -0.23   0.5
 0.36 -0.23   0.5
 0.36 -0.23   0.5
 0.36 -0.23   0.5
 0.36 -0.23   0.5
 0.36 -0.23   0.5
 0.36 -0.23   0.5
 0.36 -0.23   0.5
 0.36 -0.23   0.5
 0.36 -0.23   0.5
 0.36 -0.23   0.5
 0.36 -0.23   0.5
 0.36 -0.23   0.5
 0.36 -0.23   0.5
 0.36 -0.23   0.5
 0.36 -0.23   0.5
 0.36 -0.23   0.5
 0.36 -0.23   0.5
 0.36 -0.23   0.5
 0.36 -0.23   0.5
 0.36 -0.23   0.5
 0.36 -0.23   0.5
 0.36 -0.23   0.5
 0.36 -0.23   0.5
 0.36 -0.23   0.5
 0.36 -0.23   0.5
 0.36 -0.23   0.5
 0.36 -0.23   0.5
 0.36 -0.23   0.5
 0.36 -0.23   0.5
 0.36 -0.23   0.5
 0.36 -0.23   0.5
 0.36 -0.23   0.5
 0.36 -0.23   0.5
 0.36 -0.23   0.5
 0.36 -0.23   0.5
 0.36 -0.23   0.5
 0.36 -0.23   0.5
 0.36 -0.23   0.5
 0.36 -0.23   0.5
 0.36 -0.23   0.5
 0.36 -0.23   0.5
 0.36 -0.23   0.5
 0.36 -0.23   0.5
 0.36 -0.23   0.5
 0.36 -0.23   0.5
 0.36 -0.23   0.5
 0.36 -0.23   0.5
 0.36 -0.23   0.5
 0.36 -0.23   0.5
 0.36 -0.23   0.5
 0.36 -0.23   0.5
 0.36 -0.23   0.5
 0.36 -0.23   0.5
 0.36 -0.23   0.5
 0.36 -0.23   0.5
 0.36 -0.23   0.5
 0.36 -0.23   0.5
 0.36 -0.23   0.5
 0.36 -0.23   0.5
 0.36 -0.23   0.5
 0.36 -0.23   0.5
 0.36 -0.23   0.5
 0.36 -0.23   0.5
 0.36 -0.23   0.5
 0.36 -0.23   0.5
 0.36 -0.23   0.5
 0.36 -0.23   0.5
 0.36 -0.23   0.5
 0.36 -0.23   0.5
 0.36 -0.23   0.5
 0.36 -0.23   0.5
 0.36 -0.23   0.5
 0.36 -0.23   0.5
 0.36 -0.23   0.5
 0.36 -0.23   0.5
 0.36 -0.23   0.5
 0.36 -0.23   0.5
 0.36 -0.23   0.5
 0.36 -0.23   0.5
 0.36 -0.23   0.5
 0.36 -0.23   0.5
 0.36 -0.23   0.5
 0.36 -0.23   0.5
 0.36 -0.23   0.5
 0.36 -0.23   0.5
 0.36 -0.23   0.5
 0.36 -0.23   0.5
 0.36 -0.23   0.5
 0.36 -0.23   0.5
 0.36 -0.23   0.5
 0.36 -0.23   0.5
 0.36 -0.23   0.5
 0.36 -0.23   0.5
 0.36 -0.23   0.5
 0.36 -0.23   0.5
 0.36 -0.23   0.5
 0.36 -0.23   0.5
 0.36 -0.23   0.5
 0.36 -0.23   0.5
 0.36 -0.23   0.5
 0.36 -0.23   0.5
 0.36 -0.23   0.5
 0.36 -0.23   0.5
 0.36 -0.23   0.5
 0.36 -0.23   0.5
 0.36 -0.23   0.5
 0.36 -0.23   0.5
 0.36 -0.23   0.5
 0.36 -0.23   0.5
 0.36 -0.23   0.5
 0.36 -0.23   0.5
 0.36 -0.23   0.5
 0.36 -0.23   0.5
 0.36 -0.23   0.5
 0.36 -0.23   0.5
 0.36 -0.23   0.5
 0.36 -0.23   0.5
 0.36 -0.23   0.5
 0.36 -0.23   0.5
 0.36 -0.23   0.5
 0.36 -0.23   0.5
 0.36 -0.23   0.5
 0.36 -0.23   0.5
 0.36 -0.23   0.5
 0.36 -0.23   0.5
 0.36 -0.23   0.5
 0.36 -0.23   0.5
 0.36 -0.23   0.5
 0.36 -0.23   0.5
 0.36 -0.23   0.5
 0.36 -0.23   0.5
 0.36 -0.23   0.5
 0.36 -0.23   0.5
 0.36 -0.23   0.5
 0.36 -0.23   0.5
 0.36 -0.23   0.5
 0.36 -0.23   0.5
 0.36 -0.23   0.5
 0.36 -0.23   0.5
 0.36 -0.23   0.5
 0.36 -0.23   0.5
 0.36 -0.23   0.5
 0.36 -0.23   0.5
 0.36 -0.23   0.5
 0.36 -0.23   0.5
 0.36 -0.23   0.5
 0.36 -0.23   0.5
 0.36 -0.23   0.5
 0.36 -0.23   0.5
 0.36 -0.23   0.5
 0.36 -0.23   0.5
 0.36 -0.23   0.5
 0.36 -0.23   0.5
 0.36 -0.23   0.5
 0.36 -0.23   0.5
 0.36 -0.23   0.5
 0.36 -0.23   0.5
 0.36 -0.23   0.5
 0.36 -0.23   0.5
 0.36 -0.23   0.5
 0.36 -0.23   0.5
 0.36 -0.23   0.5
 0.36 -0.23   0.5
 0.36 -0.23   0.5
 0.36 -0.23   0.5
 0.36 -0.23   0.5
 0.36 -0.23   0.5
 0.36 -0.23   0.5
 0.36 -0.23   0.5
 0.36 -0.23   0.5
 0.36 -0.23   0.5
 0.36 -0.23   0.5
 0.36 -0.23   0.5
 0.36 -0.23   0.5
 0.36 -0.23   0.5
 0.36 -0.23   0.5
 0.36 -0.23   0.5
 0.36 -0.23   0.5
 0.36 -0.23   0.5
 0.36 -0.23   0.5
 0.36 -0.23   0.5
 0.36 -0.23   0.5
 0.36 -0.23   0.5
 0.36 -0.23   0.5
 0.36 -0.23   0.5
 0.36 -0.23   0.5
 0.36 -0.23   0.5
 0.36 -0.23   0.5
 0.36 -0.23   0.5
 0.36 -0.23   0.5
 0.36 -0.23   0.5
 0.36 -0.23   0.5
 0.36 -0.23   0.5
 0.36 -0.23   0.5
 0.36 -0.23   0.5
 0.36 -0.23   0.5
 0.36 -0.23   0.5
 0.36 -0.23   0.5
 0.36 -0.23   0.5
 0.36 -0.23   0.5
 0.36 -0.23   0.5
 0.36 -0.23   0.5
 0.36 -0.23   0.5
 0.36 -0.23   0.5
 0.36 -0.23   0.5
 0.36 -0.23   0.5
 0.36 -0.23   0.5
 0.36 -0.23   0.5
 0.36 -0.23   0.5
 0.36 -0.23   0.5
 0.36 -0.23   0.5
 0.36 -0.23   0.5
 0.36 -0.23   0.5
 0.36 -0.23   0.5
 0.36 -0.23   0.5
 0.36 -0.23   0.5
 0.36 -0.23   0.5
 0.36 -0.23   0.5
 0.36 -0.23   0.5
 0.36 -0.23   0.5
 0.36 -0.23   0.5
 0.36 -0.23   0.5
 0.36 -0.23   0.5
 0.36 -0.23   0.5
 0.36 -0.23   0.5
 0.36 -0.23   0.5
 0.36 -0.23   0.5
 0.36 -0.23   0.5
 0.36 -0.23   0.5
 0.36 -0.23   0.5
 0.36 -0.23   0.5
 0.36 -0.23   0.5
 0.36 -0.23   0.5
 0.36 -0.23   0.5
 0.36 -0.23   0.5
 0.36 -0.23   0.5
 0.36 -0.23   0.5
 0.36 -0.23   0.5
 0.36 -0.23   0.5
 0.36 -0.23   0.5
 0.36 -0.23   0.5
 0.36 -0.23   0.5
 0.36 -0.23   0.5
 0.36 -0.23   0.5
 0.36 -0.23   0.5
 0.36 -0.23   0.5
 0.36 -0.23   0.5
 0.36 -0.23   0.5
 0.36 -0.23   0.5
 0.36 -0.23   0.5
 0.36 -0.23   0.5
 0.36 -0.23   0.5
 0.36 -0.23   0.5
 0.36 -0.23   0.5
 0.36 -0.23   0.5
 0.36 -0.23   0.5
 0.36 -0.23   0.5
 0.36 -0.23   0.5
 0.36 -0.23   0.5
 0.36 -0.23   0.5
 0.36 -0.23   0.5
 0.36 -0.23   0.5
 0.36 -0.23   0.5
 0.36 -0.23   0.5
 0.36 -0.23   0.5
 0.36 -0.23   0.5
 0.36 -0.23   0.5
 0.36 -0.23   0.5
 0.36 -0.23   0.5
 0.36 -0.23   0.5
 0.36 -0.23   0.5
 0.36 -0.23   0.5
 0.36 -0.23   0.5
 0.36 -0.23   0.5
 0.36 -0.23   0.5
 0.36 -0.23   0.5
 0.36 -0.23   0.5
 0.36 -0.23   0.5
 0.36 -0.23   0.5
 0.36 -0.23   0.5
 0.36 -0.23   0.5
 0.36 -0.23   0.5
 0.36 -0.23   0.5
 0.36 -0.23   0.5
 0.36 -0.23   0.5
 0.36 -0.23   0.5
 0.36 -0.23   0.5
 0.36 -0.23   0.5
 0.36 -0.23   0.5
 0.36 -0.23   0.5
 0.36 -0.23   0.5
 0.36 -0.23   0.5
 0.36 -0.23   0.5
 0.36 -0.23   0.5
 0.36 -0.23   0.5
 0.36 -0.23   0.5
 0.36 -0.23   0.5
 0.36 -0.23   0.5
 0.36 -0.23   0.5
 0.36 -0.23   0.5
 0.36 -0.23   0.5
 0.36 -0.23   0.5
 0.36 -0.23   0.5
 0.36 -0.23   0.5
 0.36 -0.23   0.5
 0.36 -0.23   0.5
 0.36 -0.23   0.5
 0.36 -0.23   0.5
 0.36 -0.23   0.5
 0.36 -0.23   0.5
 0.36 -0.23   0.5
 0.36 -0.23   0.5
 0.36 -0.23   0.5
 0.36 -0.23   0.5
 0.36 -0.23   0.5
 0.36 -0.23   0.5
 0.36 -0.23   0.5
 0.36 -0.23   0.5
 0.36 -0.23   0.5
 0.36 -0.23   0.5
 0.36 -0.23   0.5
 0.36 -0.23   0.5
 0.36 -0.23   0.5
 0.36 -0.23   0.5
 0.36 -0.23   0.5
 0.36 -0.23   0.5
 0.36 -0.23   0.5
 0.36 -0.23   0.5
 0.36 -0.23   0.5
 0.36 -0.23   0.5
 0.36 -0.23   0.5
 0.36 -0.23   0.5
 0.36 -0.23   0.5
 0.36 -0.23   0.5
 0.36 -0.23   0.5
 0.36 -0.23   0.5
 0.36 -0.23   0.5
 0.36 -0.23   0.5
 0.36 -0.23   0.5
