6.91414e-06
0.00961304
0.019681
0.0297499
0.039818
0.0498741
0.0599411
0.070009
0.0800769
0.0901439
0.100204
0.110261
0.120331
0.130386
0.140451
0.150508
0.160567
0.170635
0.180703
0.190761
0.200817
0.210873
0.220938
0.230996
0.241054
0.25111
0.261176
0.271245
0.281312
0.29137
0.301425
0.31148
0.321535
0.33159
0.341649
0.3517
0.361755
0.37182
0.381886
0.391944
0.402014
0.412073
0.422131
0.432189
0.442247
0.452302
0.462357
0.472424
0.482479
0.492534
0.502589
0.512645
0.522702
0.532756
0.542815
0.552871
0.562928
0.572983
0.583038
0.593094
0.603151
0.613211
0.623269
0.633326
0.643385
0.653444
0.663501
0.673556
0.683614
0.693668
0.703733
0.7138
0.723859
0.733917
0.743976
0.754035
0.764095
0.774153
0.784212
0.794269
0.804327
0.814383
0.824438
0.834495
0.84455
0.854606
0.864662
0.874715
0.88477
0.894825
0.904882
0.914949
0.925006
0.935078
0.945135
0.955191
0.965258
0.975324
0.98539
0.995446
1.0055
1.01556
1.02561
1.03567
1.04572
1.05578
1.06583
1.07589
1.08594
1.09599
1.10605
1.11611
1.12616
1.13622
1.14627
1.15633
1.16639
1.17645
1.18651
1.19657
1.20662
1.21669
1.22675
1.2368
1.24686
1.25691
1.26698
1.27703
1.28709
1.29715
1.3072
1.31726
1.32733
1.33738
1.34744
1.3575
1.36757
1.37762
1.38768
1.39775
1.4078
1.41786
1.42791
1.43797
1.44803
1.45808
1.46815
1.47821
1.48826
1.49833
1.5084
1.51846
1.52851
1.53858
1.54865
1.55872
1.56878
1.57883
1.5889
1.59896
1.60902
1.61907
1.62913
1.63919
1.64925
1.65932
1.66937
1.67943
1.68949
1.69955
1.70961
1.71967
1.72972
1.73979
1.74986
1.75991
1.76998
1.78004
1.79009
1.80016
1.81021
1.82028
1.83034
1.84039
1.85045
1.86051
1.87056
1.88062
1.89068
1.90074
1.91079
1.92087
1.93091
1.94097
1.95102
1.96108
1.97115
1.9812
1.99127
2.00133
2.01139
2.02145
2.03151
2.04156
2.05163
2.0617
2.07177
2.08181
2.09188
2.10189
2.11195
2.122
2.13206
2.14212
2.15219
2.16226
2.17232
2.18237
2.19244
2.20249
2.21255
2.22262
2.23268
2.24275
2.25281
2.26287
2.27293
2.28299
2.29305
2.30311
2.31316
2.3232
2.33326
2.34332
2.35338
2.36345
2.37352
2.38357
2.39364
2.40366
2.41372
2.42377
2.43383
2.44388
2.45394
2.464
2.47407
2.48413
2.49418
2.50424
2.5143
2.52435
2.53441
2.54447
2.55452
2.56458
2.57464
2.58469
2.59475
2.60481
2.61486
2.62492
2.63498
2.64504
2.6551
2.66516
2.67522
2.68527
2.69533
2.70538
2.71544
2.7255
2.73556
2.74561
2.75567
2.76573
2.77579
2.78586
2.79592
2.80598
2.81605
2.82611
2.83617
2.84622
2.85627
2.86633
2.87638
2.88644
2.89649
2.90655
2.91661
2.92668
2.93673
2.9468
2.95686
2.96691
2.97698
2.98704
2.9971
3.00716
3.01722
3.02728
3.03734
3.0474
3.05745
3.06751
3.07757
3.08763
3.09768
3.10774
3.11781
3.12788
3.13793
3.14799
3.15804
3.1681
3.17816
3.18822
3.19828
3.20833
3.2184
3.22847
3.23853
3.24859
3.25865
3.26868
3.27874
3.28879
3.29885
3.30891
3.31897
3.32903
3.33908
3.34914
3.35919
3.36925
3.3793
3.38936
3.39941
3.40947
3.41953
3.42959
3.43966
3.44971
3.45977
3.46983
3.47989
3.48995
3.50001
3.51006
3.52012
3.53019
3.54026
3.55031
3.56038
3.57043
3.58049
3.59054
3.6006
3.61065
3.62071
3.63076
3.64082
3.65087
3.66093
3.67099
3.68106
3.69112
3.70119
3.71126
3.72132
3.73139
3.74145
3.75152
3.76158
3.77162
3.78168
3.79174
3.80179
3.81185
3.82192
3.83197
3.84204
3.85209
3.86215
3.87221
3.88226
3.89232
3.90237
3.91243
3.92248
3.93254
3.94261
3.95266
3.96272
3.97278
3.98283
3.99289
4.00294
4.013
4.02305
4.03312
4.04318
4.05323
4.0633
4.07337
4.08342
4.09349
4.10356
4.11363
4.12368
4.13375
4.14381
4.15386
4.16392
4.17398
4.18405
4.1941
4.20416
4.21422
4.22428
4.23433
4.24439
4.25445
4.2645
4.27457
4.28462
4.29468
4.30474
4.3148
4.32487
4.33493
4.34498
4.35504
4.36509
4.37515
4.38522
4.39527
4.40533
4.41539
4.42544
4.43551
4.44557
4.45564
4.4657
4.47575
4.48581
4.49587
4.50595
4.51601
4.52607
4.53613
4.54619
4.55625
4.56631
4.57636
4.58642
4.59648
4.60653
4.61659
4.62665
4.63671
4.64677
4.65682
4.66689
4.67694
4.687
4.69706
4.70712
4.71716
4.72722
4.73723
4.7473
4.75735
4.76741
4.77746
4.78752
4.79759
4.80765
4.81771
4.82778
4.83783
4.84789
4.85794
4.868
4.87805
4.88812
4.89818
4.90823
4.91829
4.92834
4.93841
4.94847
4.95852
4.96858
4.97864
4.98869
4.99875
5.00881
5.01887
5.02894
5.039
5.04907
5.05914
5.0692
5.07927
5.08933
5.09939
5.10944
5.11949
5.12955
5.13962
5.14969
5.15975
5.16982
5.17987
5.18994
5.20001
5.21007
5.22013
5.23019
5.24025
5.25031
5.26037
5.27042
5.28049
5.29055
5.30061
5.31067
5.32074
5.33081
5.34087
5.35094
5.36101
5.37107
5.38114
5.39119
5.40125
5.41132
5.42138
5.43143
5.4415
5.45157
5.46164
5.4717
5.48176
5.49182
5.50188
5.51194
5.522
5.53202
5.54209
5.55215
5.56221
5.57226
5.58232
5.59237
5.60243
5.61248
5.62254
5.6326
5.64265
5.65272
5.66279
5.67285
5.6829
5.69296
5.70301
5.71308
5.72314
5.7332
5.74325
5.75331
5.76337
5.77342
5.78348
5.79354
5.8036
5.81366
5.82373
5.83379
5.84384
5.85391
5.86397
5.87403
5.88409
5.89416
5.90422
5.91427
5.92434
5.93439
5.94446
5.95452
5.96458
5.97464
5.9847
5.99476
6.00482
6.01487
6.02494
6.03499
6.04505
6.05511
6.06516
6.07522
6.08528
6.09534
6.10541
6.11547
6.12553
6.13559
6.14564
6.1557
6.16575
6.17582
6.18587
6.19593
6.20599
6.21604
6.2261
6.23616
6.24622
6.25627
6.26633
6.2764
6.28647
6.29653
6.30659
6.31666
6.32673
6.33678
6.34684
6.35689
6.36696
6.37701
6.38707
6.39713
6.40719
6.41725
6.42731
6.43737
6.44743
6.45748
6.46755
6.47761
6.48768
6.49773
6.50779
6.51785
6.52791
6.53797
6.54802
6.55808
6.56815
6.57817
6.58822
6.59828
6.60835
6.61841
6.62848
6.63854
6.6486
6.65866
6.66871
6.67877
6.68882
6.69889
6.70896
6.71902
6.72908
6.73914
6.74921
6.75926
6.76933
6.77938
6.78944
6.7995
6.80956
6.81962
6.82968
6.83975
6.8498
6.85985
6.86992
6.87997
6.89003
6.90009
6.91014
6.9202
6.93026
6.94031
6.95038
6.96044
6.9705
6.98056
6.99061
7.00068
7.01073
7.02079
7.03085
7.04091
7.05097
7.06102
7.07109
7.08114
7.09118
7.10124
7.11129
7.12136
7.13141
7.14148
7.15152
7.16157
7.17163
7.18168
7.19174
7.2018
7.21185
7.22191
7.23198
7.24203
7.25209
7.26216
7.27223
7.28228
7.29234
7.30239
7.31245
7.32251
7.33257
7.34262
7.35269
7.36274
7.3728
7.38287
7.39293
7.403
7.41305
7.4231
7.43316
7.44322
7.45329
7.46335
7.47341
7.48347
7.49356
7.50361
7.51367
7.52373
7.53377
7.54383
7.55389
7.56395
7.57401
7.58407
7.59409
7.60414
7.61419
7.62425
7.63431
7.64436
7.65442
7.66449
7.67455
7.68462
7.69468
7.70474
7.7148
7.72485
7.73491
7.74496
7.75503
7.76514
7.7752
7.78525
7.79531
7.80538
7.81545
7.82551
7.83575
7.84587
7.85592
