0.0161795 -0.105251  0.508653
0.0161795 -0.105251  0.508653
0.0161801  -0.10525   0.50865
0.0161818 -0.105248  0.508643
0.0161888 -0.105238  0.508612
 0.016194 -0.105231  0.508589
0.0162003 -0.105223  0.508562
0.0162078 -0.105212  0.508529
0.0162165   -0.1052  0.508491
0.0162264 -0.105187  0.508448
0.0162373 -0.105172    0.5084
0.0162495 -0.105155  0.508346
0.0162628 -0.105137  0.508288
0.0162773 -0.105117  0.508225
0.0162929 -0.105095  0.508157
0.0162929 -0.105095  0.508157
0.0163276 -0.105047  0.508005
0.0163276 -0.105047  0.508005
0.0163467 -0.105021  0.507922
0.0163883 -0.104964  0.507739
0.0163883 -0.104964  0.507739
0.0164346   -0.1049  0.507537
0.0164594 -0.104866  0.507428
0.0164855  -0.10483  0.507315
0.0165127 -0.104793  0.507196
0.0165127 -0.104793  0.507196
0.0165705 -0.104713  0.506943
0.0166012 -0.104671  0.506809
 0.016633 -0.104627  0.506669
0.0166659 -0.104582  0.506525
   0.0167 -0.104535  0.506376
   0.0167 -0.104535  0.506376
0.0167717 -0.104436  0.506063
0.0168093 -0.104384  0.505898
0.0168481 -0.104331  0.505729
 0.016888 -0.104276  0.505554
0.016929 -0.10422 0.505375
0.0169712 -0.104162   0.50519
0.0170146 -0.104102     0.505
0.0170591 -0.104041  0.504806
0.0171048 -0.103978  0.504606
0.0171516 -0.103913  0.504401
0.0171996 -0.103847  0.504191
0.0172488  -0.10378  0.503976
0.0172991  -0.10371  0.503756
0.0173505  -0.10364  0.503531
0.0174031 -0.103567  0.503301
0.0174569 -0.103493  0.503066
0.0175119 -0.103418  0.502826
0.017568 -0.10334  0.50258
0.0176253 -0.103261   0.50233
0.0176837 -0.103181  0.502074
0.0177433 -0.103099  0.501814
 0.017804 -0.103015  0.501548
 0.017804 -0.103015  0.501548
 0.017929 -0.102843  0.501001
0.0179932 -0.102755  0.500721
0.0180585 -0.102665  0.500435
 0.018125 -0.102574  0.500144
0.0181927 -0.102481  0.499848
0.0182615 -0.102386  0.499547
0.0183314  -0.10229  0.499241
0.0184025 -0.102192   0.49893
0.0184749 -0.102092  0.498614
0.0185483 -0.101991  0.498293
0.0186229 -0.101888  0.497967
0.0186986 -0.101784  0.497635
0.0187755 -0.101678  0.497299
0.0188536 -0.101571  0.496958
0.0189328 -0.101462  0.496611
0.0190131 -0.101351   0.49626
0.0190946 -0.101239  0.495903
0.0191773 -0.101125  0.495542
0.0192611  -0.10101  0.495175
0.0193462 -0.100893  0.494803
0.0194324 -0.100774  0.494426
0.0195197 -0.100654  0.494044
0.0196081 -0.100532  0.493658
0.0196977 -0.100409  0.493266
0.0197885 -0.100284  0.492869
0.0198805 -0.100158  0.492467
0.0199736  -0.10003  0.492059
 0.0200678 -0.0998998   0.491647
 0.0201632 -0.0997685    0.49123
 0.0202598 -0.0996356   0.490807
 0.0203575 -0.0995011    0.49038
0.0204564 -0.099365  0.489948
 0.0205564 -0.0992273    0.48951
 0.0206576 -0.0990881   0.489068
 0.0207599 -0.0989473    0.48862
 0.0208634 -0.0988049   0.488168
  0.020968 -0.0986609    0.48771
 0.0210738 -0.0985153   0.487247
 0.0211807 -0.0983681    0.48678
  0.021289 -0.0982192   0.486306
 0.0213983 -0.0980686   0.485828
 0.0215088 -0.0979166   0.485345
 0.0216203 -0.0977631   0.484857
 0.0217331 -0.0976079   0.484364
  0.021847 -0.0974511   0.483866
 0.0219618 -0.0972931   0.483364
 0.0220768 -0.0971349   0.482861
 0.0221917 -0.0969767   0.482358
 0.0223067 -0.0968185   0.481855
 0.0224216 -0.0966602   0.481353
0.0225366 -0.096502   0.48085
 0.0226516 -0.0963438   0.480347
 0.0227665 -0.0961856   0.479844
 0.0228816 -0.0960272   0.479341
0.0229966 -0.095869  0.478838
 0.0231115 -0.0957108   0.478335
 0.0232265 -0.0955526   0.477833
 0.0233415 -0.0953943    0.47733
 0.0234564 -0.0952361   0.476827
 0.0235712 -0.0950781   0.476325
 0.0236862 -0.0949199   0.475822
 0.0238011 -0.0947617   0.475319
 0.0239163 -0.0946032   0.474816
0.0240312 -0.094445  0.474313
 0.0241462 -0.0942868    0.47381
 0.0242612 -0.0941286   0.473308
 0.0243761 -0.0939703   0.472805
 0.0244911 -0.0938121   0.472302
 0.0246061 -0.0936538   0.471799
 0.0247211 -0.0934956   0.471296
  0.024836 -0.0933374   0.470793
  0.024951 -0.0931792   0.470291
 0.0250659 -0.0930209   0.469788
 0.0251809 -0.0928627   0.469285
 0.0252959 -0.0927044   0.468782
 0.0254109 -0.0925462   0.468279
0.0255258 -0.092388  0.467776
 0.0256408 -0.0922298   0.467274
 0.0257557 -0.0920716   0.466771
 0.0258707 -0.0919134   0.466268
 0.0259856 -0.0917552   0.465765
0.0261006 -0.091597  0.465263
 0.0262157 -0.0914385   0.464759
0.0263309  -0.09128  0.464256
 0.0264462 -0.0911213   0.463751
 0.0265612 -0.0909631   0.463248
 0.0266757 -0.0908054   0.462747
 0.0267907 -0.0906472   0.462245
 0.0269059 -0.0904887   0.461741
 0.0270208 -0.0903304   0.461238
 0.027136 -0.090172  0.460734
 0.0272507 -0.0900141   0.460233
 0.0273657 -0.0898559    0.45973
 0.0274808 -0.0896974   0.459226
 0.0275958 -0.0895391   0.458723
  0.027711 -0.0893806    0.45822
 0.0278259 -0.0892224   0.457717
 0.0279411 -0.0890639   0.457213
 0.0280561 -0.0889057   0.456711
  0.028171 -0.0887474   0.456208
 0.0282859 -0.0885894   0.455705
 0.0284007 -0.0884314   0.455203
 0.0285145 -0.0882748   0.454706
 0.0286271 -0.0881198   0.454213
 0.0287386 -0.0879663   0.453725
 0.0288489 -0.0878145   0.453243
 0.0289581 -0.0876642   0.452765
 0.0290661 -0.0875156   0.452293
  0.029173 -0.0873685   0.451826
0.0292787 -0.087223  0.451363
 0.0293832 -0.0870791   0.450906
 0.0294866 -0.0869368   0.450454
 0.0295889 -0.0867961   0.450007
   0.02969 -0.0866569   0.449565
 0.0297899 -0.0865194   0.449127
  0.029889 -0.0863831   0.448694
 0.0299868 -0.0862485   0.448267
 0.0300834 -0.0861155   0.447844
 0.0301788 -0.0859841   0.447427
  0.030273 -0.0858545   0.447015
  0.030366 -0.0857265   0.446608
 0.0304579 -0.0856001   0.446206
 0.0305485 -0.0854753    0.44581
 0.0305485 -0.0854753    0.44581
 0.0307265 -0.0852304   0.445031
 0.0308137 -0.0851104    0.44465
 0.0308999 -0.0849918   0.444273
 0.0309848 -0.0848749   0.443902
 0.0310685 -0.0847597   0.443535
0.0311511 -0.084646  0.443174
 0.0312326 -0.0845339   0.442818
 0.0313128 -0.0844234   0.442467
  0.031392 -0.0843146   0.442121
 0.0314699 -0.0842073    0.44178
 0.0315467 -0.0841016   0.441444
 0.0316223 -0.0839975   0.441113
0.0316968 -0.083895  0.440788
0.0317702 -0.083794  0.440467
 0.0318423 -0.0836947   0.440151
 0.0319134 -0.0835969   0.439841
 0.0319832 -0.0835008   0.439535
 0.0320519 -0.0834062   0.439235
 0.0321195 -0.0833132   0.438939
 0.0321859 -0.0832219   0.438649
 0.0322511 -0.0831321   0.438363
 0.0323152 -0.0830439   0.438083
 0.0323782 -0.0829573   0.437808
 0.0324399 -0.0828722   0.437538
 0.0325006 -0.0827888   0.437272
  0.03256 -0.082707  0.437012
 0.0326183 -0.0826267   0.436757
 0.0326755 -0.0825481   0.436507
0.0327315 -0.082471  0.436263
 0.0327863 -0.0823955   0.436023
 0.0328401 -0.0823215   0.435788
 0.0328926 -0.0822493   0.435558
  0.032944 -0.0821786   0.435333
 0.0329942 -0.0821095   0.435114
 0.0330432 -0.0820419   0.434899
0.0330911 -0.081976   0.43469
 0.0331379 -0.0819117   0.434485
 0.0331835 -0.0818489   0.434286
 0.0332279 -0.0817878   0.434092
 0.0332712 -0.0817282   0.433902
 0.0333133 -0.0816703   0.433718
 0.0333543 -0.0816139   0.433539
 0.0333941 -0.0815591   0.433365
 0.0334327 -0.0815059   0.433196
 0.0334702 -0.0814543   0.433032
 0.0335066 -0.0814042   0.432872
 0.0335419 -0.0813556   0.432718
  0.033576 -0.0813087   0.432569
 0.0336088 -0.0812635   0.432425
 0.0336405 -0.0812199   0.432287
 0.0336711 -0.0811778   0.432153
 0.0337005 -0.0811373   0.432025
 0.0337287 -0.0810985   0.431901
 0.0337558 -0.0810612   0.431783
 0.0337818 -0.0810255   0.431669
 0.0338065 -0.0809914   0.431561
 0.0338302 -0.0809589   0.431457
0.0338526 -0.080928  0.431359
 0.0338739 -0.0808986   0.431266
 0.0338941 -0.0808709   0.431178
 0.0339131 -0.0808447   0.431095
 0.0339309 -0.0808202   0.431017
 0.0339476 -0.0807972   0.430944
 0.0339632 -0.0807758   0.430876
 0.0339775 -0.0807561   0.430813
 0.0339908 -0.0807379   0.430755
 0.0340028 -0.0807213   0.430702
 0.0340137 -0.0807063   0.430655
 0.0340235 -0.0806929   0.430612
 0.034032 -0.080681  0.430575
 0.0340395 -0.0806708   0.430542
 0.0340458 -0.0806622   0.430515
 0.0340509 -0.0806551   0.430492
 0.0340548 -0.0806497   0.430475
 0.0340576 -0.0806458   0.430463
 0.0340593 -0.0806435   0.430455
 0.0340598 -0.0806428   0.430453
 0.0340598 -0.0806428   0.430453
 0.0340598 -0.0806428   0.430453
 0.0340598 -0.0806428   0.430453
 0.0340598 -0.0806428   0.430453
 0.0340598 -0.0806428   0.430453
 0.0340598 -0.0806428   0.430453
 0.0340598 -0.0806428   0.430453
 0.0340598 -0.0806428   0.430453
 0.0340598 -0.0806428   0.430453
 0.0340598 -0.0806428   0.430453
 0.0340598 -0.0806428   0.430453
 0.0340598 -0.0806428   0.430453
 0.0340598 -0.0806428   0.430453
 0.0340598 -0.0806428   0.430453
 0.0340598 -0.0806428   0.430453
 0.0340598 -0.0806428   0.430453
 0.0340598 -0.0806428   0.430453
 0.0340598 -0.0806428   0.430453
 0.0340598 -0.0806428   0.430453
 0.0340598 -0.0806428   0.430453
 0.0340598 -0.0806428   0.430453
 0.0340598 -0.0806428   0.430453
 0.0340598 -0.0806428   0.430453
 0.0340598 -0.0806428   0.430453
 0.0340598 -0.0806428   0.430453
 0.0340598 -0.0806428   0.430453
 0.0340598 -0.0806428   0.430453
 0.0340598 -0.0806428   0.430453
 0.0340598 -0.0806428   0.430453
 0.0340598 -0.0806428   0.430453
 0.0340598 -0.0806428   0.430453
 0.0340598 -0.0806428   0.430453
 0.0340598 -0.0806428   0.430453
 0.0340598 -0.0806428   0.430453
 0.0340598 -0.0806428   0.430453
 0.0340598 -0.0806428   0.430453
 0.0340598 -0.0806428   0.430453
 0.0340598 -0.0806428   0.430453
 0.0340598 -0.0806428   0.430453
 0.0340598 -0.0806428   0.430453
 0.0340598 -0.0806428   0.430453
 0.0340598 -0.0806428   0.430453
 0.0340598 -0.0806428   0.430453
 0.0340598 -0.0806428   0.430453
 0.0340598 -0.0806428   0.430453
 0.0340598 -0.0806428   0.430453
 0.0340598 -0.0806428   0.430453
 0.0340598 -0.0806428   0.430453
 0.0340598 -0.0806428   0.430453
 0.0340598 -0.0806428   0.430453
 0.0340598 -0.0806428   0.430453
 0.0340598 -0.0806428   0.430453
 0.0340598 -0.0806428   0.430453
 0.0340598 -0.0806428   0.430453
 0.0340598 -0.0806428   0.430453
 0.0340598 -0.0806428   0.430453
 0.0340598 -0.0806428   0.430453
 0.0340598 -0.0806428   0.430453
 0.0340598 -0.0806428   0.430453
 0.0340598 -0.0806428   0.430453
 0.0340598 -0.0806428   0.430453
 0.0340598 -0.0806428   0.430453
 0.0340598 -0.0806428   0.430453
 0.0340598 -0.0806428   0.430453
 0.0340598 -0.0806428   0.430453
 0.0340598 -0.0806428   0.430453
 0.0340598 -0.0806428   0.430453
 0.0340598 -0.0806428   0.430453
 0.0340598 -0.0806428   0.430453
 0.0340598 -0.0806428   0.430453
 0.0340598 -0.0806428   0.430453
 0.0340598 -0.0806428   0.430453
 0.0340598 -0.0806428   0.430453
 0.0340598 -0.0806428   0.430453
 0.0340598 -0.0806428   0.430453
 0.0340598 -0.0806428   0.430453
 0.0340598 -0.0806428   0.430453
 0.0340598 -0.0806428   0.430453
 0.0340598 -0.0806428   0.430453
 0.0340598 -0.0806428   0.430453
 0.0340598 -0.0806428   0.430453
 0.0340598 -0.0806428   0.430453
 0.0340598 -0.0806428   0.430453
 0.0340598 -0.0806428   0.430453
 0.0340598 -0.0806428   0.430453
 0.0340598 -0.0806428   0.430453
 0.0340598 -0.0806428   0.430453
 0.0340598 -0.0806428   0.430453
 0.0340598 -0.0806428   0.430453
 0.0340598 -0.0806428   0.430453
 0.0340598 -0.0806428   0.430453
 0.0340598 -0.0806428   0.430453
 0.0340598 -0.0806428   0.430453
 0.0340598 -0.0806428   0.430453
 0.0340598 -0.0806428   0.430453
 0.0340598 -0.0806428   0.430453
 0.0340598 -0.0806428   0.430453
 0.0340598 -0.0806428   0.430453
 0.0340598 -0.0806428   0.430453
 0.0340598 -0.0806428   0.430453
 0.0340598 -0.0806428   0.430453
 0.0340598 -0.0806428   0.430453
 0.0340598 -0.0806428   0.430453
 0.0340598 -0.0806428   0.430453
 0.0340598 -0.0806428   0.430453
 0.0340598 -0.0806428   0.430453
 0.0340598 -0.0806428   0.430453
 0.0340598 -0.0806428   0.430453
 0.0340598 -0.0806428   0.430453
 0.0340598 -0.0806428   0.430453
 0.0340598 -0.0806428   0.430453
 0.0340598 -0.0806428   0.430453
 0.0340598 -0.0806428   0.430453
 0.0340598 -0.0806428   0.430453
 0.0340598 -0.0806428   0.430453
 0.0340598 -0.0806428   0.430453
 0.0340598 -0.0806428   0.430453
 0.0340598 -0.0806428   0.430453
 0.0340598 -0.0806428   0.430453
 0.0340598 -0.0806428   0.430453
 0.0340598 -0.0806428   0.430453
 0.0340598 -0.0806428   0.430453
 0.0340598 -0.0806428   0.430453
 0.0340598 -0.0806428   0.430453
 0.0340598 -0.0806428   0.430453
 0.0340598 -0.0806428   0.430453
 0.0340598 -0.0806428   0.430453
 0.0340598 -0.0806428   0.430453
 0.0340598 -0.0806428   0.430453
 0.0340598 -0.0806428   0.430453
 0.0340598 -0.0806428   0.430453
 0.0340598 -0.0806428   0.430453
 0.0340598 -0.0806428   0.430453
 0.0340598 -0.0806428   0.430453
 0.0340598 -0.0806428   0.430453
 0.0340598 -0.0806428   0.430453
 0.0340598 -0.0806428   0.430453
 0.0340598 -0.0806428   0.430453
 0.0340598 -0.0806428   0.430453
 0.0340598 -0.0806428   0.430453
 0.0340598 -0.0806428   0.430453
 0.0340598 -0.0806428   0.430453
 0.0340598 -0.0806428   0.430453
 0.0340598 -0.0806428   0.430453
 0.0340598 -0.0806428   0.430453
 0.0340598 -0.0806428   0.430453
 0.0340598 -0.0806428   0.430453
 0.0340598 -0.0806428   0.430453
 0.0340598 -0.0806428   0.430453
 0.0340598 -0.0806428   0.430453
 0.0340598 -0.0806428   0.430453
 0.0340598 -0.0806428   0.430453
 0.0340598 -0.0806428   0.430453
 0.0340598 -0.0806428   0.430453
 0.0340598 -0.0806428   0.430453
 0.0340598 -0.0806428   0.430453
 0.0340598 -0.0806428   0.430453
 0.0340598 -0.0806428   0.430453
 0.0340598 -0.0806428   0.430453
 0.0340598 -0.0806428   0.430453
 0.0340598 -0.0806428   0.430453
 0.0340598 -0.0806428   0.430453
 0.0340598 -0.0806428   0.430453
 0.0340598 -0.0806428   0.430453
 0.0340598 -0.0806428   0.430453
 0.0340598 -0.0806428   0.430453
 0.0340598 -0.0806428   0.430453
 0.0340598 -0.0806428   0.430453
 0.0340598 -0.0806428   0.430453
 0.0340598 -0.0806428   0.430453
 0.0340598 -0.0806428   0.430453
 0.0340598 -0.0806428   0.430453
 0.0340598 -0.0806428   0.430453
 0.0340598 -0.0806428   0.430453
 0.0340598 -0.0806428   0.430453
 0.0340598 -0.0806428   0.430453
 0.0340598 -0.0806428   0.430453
 0.0340598 -0.0806428   0.430453
 0.0340598 -0.0806428   0.430453
 0.0340598 -0.0806428   0.430453
 0.0340598 -0.0806428   0.430453
 0.0340598 -0.0806428   0.430453
 0.0340598 -0.0806428   0.430453
 0.0340598 -0.0806428   0.430453
 0.0340598 -0.0806428   0.430453
 0.0340598 -0.0806428   0.430453
 0.0340598 -0.0806428   0.430453
 0.0340598 -0.0806428   0.430453
 0.0340598 -0.0806428   0.430453
 0.0340598 -0.0806428   0.430453
 0.0340598 -0.0806428   0.430453
 0.0340598 -0.0806428   0.430453
 0.0340598 -0.0806428   0.430453
 0.0340598 -0.0806428   0.430453
 0.0340598 -0.0806428   0.430453
 0.0340598 -0.0806428   0.430453
 0.0340598 -0.0806428   0.430453
 0.0340598 -0.0806428   0.430453
 0.0340598 -0.0806428   0.430453
 0.0340598 -0.0806428   0.430453
 0.0340598 -0.0806428   0.430453
 0.0340598 -0.0806428   0.430453
 0.0340598 -0.0806428   0.430453
 0.0340598 -0.0806428   0.430453
 0.0340598 -0.0806428   0.430453
 0.0340598 -0.0806428   0.430453
 0.0340598 -0.0806428   0.430453
