 0.268379 -0.326652  0.608822
 0.268382 -0.326635  0.608838
 0.268389 -0.326612  0.608857
 0.268402 -0.326588  0.608876
 0.268417 -0.326561    0.6089
  0.26844 -0.326532  0.608927
 0.268463 -0.326501  0.608956
 0.268491 -0.326468  0.608992
 0.268519 -0.326437  0.609025
  0.26855 -0.326405  0.609064
 0.268583 -0.326375  0.609104
 0.268615 -0.326344  0.609147
 0.268647 -0.326316  0.609191
 0.268678 -0.326288  0.609235
 0.268709 -0.326264  0.609281
 0.268736 -0.326239  0.609325
 0.268764 -0.326219  0.609372
 0.268786 -0.326198  0.609412
0.268807 -0.32618 0.609452
 0.268826 -0.326164  0.609491
0.268843 -0.32615 0.609526
 0.268856 -0.326135  0.609561
0.268867 -0.32612  0.60959
 0.268877 -0.326107  0.609619
0.268884 -0.32609 0.609639
 0.268891 -0.326076  0.609657
 0.268897 -0.326056  0.609673
 0.268903 -0.326037  0.609682
 0.26891 -0.32601 0.609693
 0.268917 -0.325984  0.609694
0.268926 -0.32595 0.609696
 0.268936 -0.325913  0.609689
  0.26895 -0.325871  0.609685
 0.268965 -0.325824  0.609669
 0.268984 -0.325771  0.609653
 0.269006 -0.325712  0.609636
 0.269034 -0.325645  0.609611
 0.269068 -0.325563   0.60959
 0.269102 -0.325484  0.609561
 0.269144 -0.325397  0.609534
 0.269186 -0.325306  0.609499
 0.269236 -0.325207  0.609463
 0.269288 -0.325102  0.609427
0.269346 -0.32499 0.609388
 0.269406 -0.324876  0.609346
 0.269471 -0.324754  0.609302
0.269538 -0.32463 0.609257
  0.26961 -0.324499  0.609206
 0.269682 -0.324368  0.609153
 0.269758 -0.324229    0.6091
 0.269835 -0.324091  0.609042
 0.269916 -0.323946  0.608985
0.269995  -0.3238 0.608921
 0.270078 -0.323649  0.608857
0.270159  -0.3235 0.608787
 0.270244 -0.323347  0.608717
 0.270325 -0.323194  0.608638
  0.27041 -0.323038  0.608557
0.270493 -0.32288 0.608474
0.270579 -0.32272 0.608385
 0.270663 -0.322559  0.608294
 0.270749 -0.322395  0.608195
 0.270834 -0.322229  0.608097
 0.270921 -0.322059  0.607988
 0.271014 -0.321878  0.607862
 0.271103 -0.321702  0.607747
 0.271193 -0.321521  0.607626
 0.271284 -0.321339    0.6075
0.271377 -0.32115 0.607369
 0.271473 -0.320958  0.607234
 0.27157 -0.32076 0.607092
 0.271671 -0.320557  0.606949
 0.271773 -0.320349  0.606795
 0.271879 -0.320134  0.606639
 0.271988 -0.319915  0.606478
   0.2721 -0.319689  0.606312
 0.272216 -0.319457  0.606141
 0.272335 -0.319218  0.605964
 0.272459 -0.318974  0.605785
 0.272584 -0.318722  0.605597
 0.272714 -0.318464  0.605405
 0.272848 -0.318201  0.605209
 0.272985 -0.317931  0.605007
 0.273126 -0.317656  0.604801
  0.27327 -0.317373  0.604588
 0.273418 -0.317084  0.604374
 0.273571 -0.316788  0.604154
 0.273725 -0.316488  0.603932
  0.27388 -0.316186  0.603695
 0.274038 -0.315878  0.603458
 0.274199 -0.315566  0.603215
 0.274362 -0.315248  0.602967
 0.274527 -0.314927  0.602715
 0.274693 -0.314603  0.602453
 0.274862 -0.314274  0.602192
 0.275031 -0.313943  0.601917
0.275209 -0.31358 0.601632
 0.275387 -0.313234  0.601323
 0.275561 -0.312891  0.601034
 0.275737 -0.312546   0.60074
 0.275913 -0.312197  0.600439
 0.276091 -0.311844  0.600135
 0.27627 -0.31149 0.599819
  0.27645 -0.311131  0.599502
 0.276633 -0.310771  0.599177
 0.276816 -0.310405  0.598846
 0.277002 -0.310036  0.598511
  0.27719 -0.309665  0.598167
 0.277387 -0.309284  0.597834
 0.277578 -0.308904  0.597479
 0.277773 -0.308521  0.597121
 0.277968 -0.308133   0.59675
 0.278167 -0.307741  0.596375
 0.278368 -0.307347  0.595994
  0.27857 -0.306947  0.595606
 0.278776 -0.306542  0.595212
 0.278983 -0.306135  0.594809
 0.279193 -0.305722  0.594403
 0.279405 -0.305305  0.593985
 0.279619 -0.304886  0.593562
 0.279839 -0.304435  0.593113
 0.280057 -0.304006  0.592676
 0.280277 -0.303575  0.592235
 0.280498 -0.303141  0.591786
 0.280722 -0.302705  0.591332
 0.280946 -0.302267  0.590869
 0.281179 -0.301816  0.590353
 0.281405 -0.301376  0.589874
 0.281633 -0.300932  0.589394
 0.281862 -0.300488  0.588909
 0.282106 -0.300043  0.588446
 0.282337 -0.299601   0.58795
 0.282568 -0.299157  0.587448
   0.2828 -0.298713  0.586943
 0.283031 -0.298272  0.586426
0.283263 -0.29783 0.585907
 0.283496 -0.297389  0.585381
 0.283728 -0.296948   0.58485
 0.28396 -0.29651 0.584314
 0.284192 -0.296071  0.583771
 0.284426 -0.295632  0.583226
 0.284659 -0.295153  0.582647
 0.284893 -0.294715  0.582092
 0.285126 -0.294278  0.581523
 0.285363 -0.293841  0.580951
 0.285598 -0.293404  0.580376
 0.285834 -0.292966  0.579795
0.286075 -0.29253 0.579208
 0.286315 -0.292092  0.578616
 0.286559 -0.291654  0.578023
 0.286802 -0.291215  0.577419
 0.287049 -0.290777  0.576812
 0.287297 -0.290337  0.576202
 0.287548 -0.289897  0.575586
 0.287802 -0.289455  0.574968
 0.288058 -0.289015  0.574342
 0.288321 -0.288563  0.573629
 0.288581 -0.288119  0.572993
 0.288844 -0.287674  0.572356
 0.28911 -0.28723 0.571714
 0.289404 -0.286793  0.571124
 0.289675 -0.286347  0.570478
 0.289948 -0.285901  0.569826
 0.290223 -0.285455  0.569172
 0.290499 -0.285009  0.568513
 0.290778 -0.284563  0.567856
 0.291056 -0.284117  0.567191
 0.291336 -0.283672  0.566526
 0.291618 -0.283228  0.565859
   0.2919 -0.282784  0.565189
 0.292183 -0.282341  0.564518
 0.292467 -0.281899  0.563844
 0.292752 -0.281458  0.563171
 0.293037 -0.281018  0.562492
 0.293318 -0.280533  0.561784
 0.293605 -0.280094  0.561106
 0.293893 -0.279656  0.560427
 0.294187 -0.279265  0.559781
 0.294473 -0.278782  0.559075
 0.294765 -0.278347  0.558402
 0.295063 -0.277959  0.557757
 0.295358 -0.277524  0.557091
 0.295654 -0.277091  0.556419
 0.295952 -0.276657  0.555753
 0.296249 -0.276177  0.555062
  0.29655 -0.275744  0.554402
 0.296855 -0.275311  0.553748
 0.297161 -0.274877  0.553097
 0.297469 -0.274444  0.552454
0.297779 -0.27401 0.551809
 0.298124 -0.273582  0.551135
 0.298436 -0.273159  0.550602
 0.298752 -0.272724  0.549973
 0.299073 -0.272278  0.549251
 0.299392 -0.271838  0.548636
 0.299714 -0.271404  0.548027
 0.300035 -0.270967   0.54742
0.300359 -0.27053 0.546825
 0.300682 -0.270092  0.546228
 0.301007 -0.269655  0.545642
 0.301332 -0.269217  0.545063
 0.301657 -0.268779  0.544491
 0.301983 -0.268341  0.543928
 0.302308 -0.267903  0.543369
 0.302635 -0.267464  0.542823
  0.30296 -0.267026  0.542277
 0.303286 -0.266586  0.541741
 0.303612 -0.266144  0.541214
 0.303939 -0.265707   0.54069
 0.304265 -0.265264  0.540178
  0.30459 -0.264821  0.539671
 0.304917 -0.264381  0.539172
 0.305242 -0.263936  0.538677
0.305567 -0.26349 0.538191
 0.305892 -0.263047  0.537712
 0.306218 -0.262596   0.53724
 0.306543 -0.262145  0.536777
 0.306865 -0.261702  0.536319
 0.307186 -0.261251  0.535875
0.307505  -0.2608 0.535435
 0.307824 -0.260353  0.535009
 0.308138 -0.259904  0.534586
  0.30845 -0.259456  0.534176
 0.308761 -0.259013  0.533775
 0.309068 -0.258567  0.533382
 0.309374 -0.258123     0.533
 0.309677 -0.257682  0.532621
 0.309981 -0.257201  0.532239
  0.31028 -0.256762  0.531871
 0.310594 -0.256335  0.531559
 0.310891 -0.255893  0.531208
 0.311188 -0.255453  0.530858
 0.311484 -0.255009  0.530515
 0.311778 -0.254564  0.530173
  0.31207 -0.254122  0.529834
 0.312362 -0.253676    0.5295
 0.312655 -0.253228  0.529167
 0.312948 -0.252776  0.528838
 0.313249 -0.252307  0.528456
 0.313542 -0.251853  0.528131
 0.313833 -0.251395  0.527803
 0.314124 -0.250938  0.527479
 0.314414 -0.250476  0.527161
 0.314702 -0.250018  0.526845
 0.314989 -0.249556  0.526537
0.315272  -0.2491 0.526228
 0.315552 -0.248641  0.525929
  0.31583 -0.248188  0.525635
 0.316103 -0.247736  0.525349
 0.316372 -0.247291  0.525073
 0.316635 -0.246849  0.524804
 0.316894 -0.246416  0.524548
 0.317146 -0.245987  0.524295
 0.317393 -0.245566  0.524055
 0.317635 -0.245156  0.523824
 0.317871 -0.244749    0.5236
 0.318108 -0.244324  0.523375
 0.318333 -0.243933  0.523167
 0.318552 -0.243549  0.522971
 0.318767 -0.243175  0.522782
 0.318984 -0.242813  0.522617
  0.31919 -0.242449  0.522442
 0.319385 -0.242087  0.522253
 0.319578 -0.241763  0.522104
 0.319778 -0.241391  0.521931
 0.319975 -0.241055   0.52179
 0.320163 -0.240718   0.52164
  0.32035 -0.240384   0.52149
 0.320534 -0.240053  0.521345
 0.320711 -0.239719  0.521187
 0.320891 -0.239392  0.521044
 0.321071 -0.239066  0.520904
 0.321241 -0.238765  0.520774
 0.321418 -0.238441  0.520636
 0.321593 -0.238117  0.520495
 0.321768 -0.237794  0.520359
  0.32194 -0.237471  0.520216
 0.322112 -0.237149  0.520076
 0.322283 -0.236827  0.519937
 0.322459 -0.236484  0.519786
 0.322627 -0.236164  0.519647
0.322795 -0.23585  0.51951
 0.322959 -0.235533  0.519374
 0.323119 -0.235218   0.51923
 0.323278 -0.234906   0.51909
 0.323434 -0.234597  0.518951
 0.323593 -0.234279  0.518803
 0.323743 -0.233979  0.518669
 0.323889 -0.233684  0.518531
 0.324032 -0.233395  0.518396
 0.324171 -0.233112  0.518265
 0.324306 -0.232836  0.518134
 0.324437 -0.232567  0.518007
 0.324563 -0.232305  0.517879
 0.324687 -0.232049  0.517759
 0.324806 -0.231803  0.517633
 0.324921 -0.231564  0.517513
 0.325031 -0.231333  0.517398
 0.325139 -0.231109  0.517282
 0.325243 -0.230892  0.517172
 0.325345 -0.230682   0.51706
 0.325443 -0.230478  0.516951
 0.325539 -0.230281  0.516845
 0.325632 -0.230089   0.51674
 0.325724 -0.229904  0.516639
 0.325812 -0.229724  0.516537
0.325899 -0.22955 0.516442
 0.325983 -0.229381   0.51634
 0.326065 -0.229215  0.516244
 0.326148 -0.229052   0.51615
 0.326229 -0.228891  0.516054
 0.326311 -0.228733  0.515963
 0.326391 -0.228578  0.515868
 0.326471 -0.228425  0.515775
 0.326551 -0.228274  0.515685
 0.326629 -0.228125  0.515593
 0.326708 -0.227979  0.515505
 0.326785 -0.227834  0.515413
 0.326861 -0.227692  0.515329
 0.326937 -0.227552  0.515237
 0.327012 -0.227416   0.51515
 0.327086 -0.227282  0.515064
 0.327158 -0.227152  0.514978
 0.327229 -0.227026  0.514897
 0.327298 -0.226903  0.514811
 0.327367 -0.226783  0.514728
 0.327435 -0.226666  0.514646
 0.327501 -0.226554  0.514565
 0.327566 -0.226445  0.514486
 0.327629 -0.226341  0.514404
 0.327692 -0.226241  0.514329
 0.327752 -0.226145  0.514247
  0.32781 -0.226053   0.51417
 0.327867 -0.225967  0.514095
 0.327922 -0.225885   0.51402
 0.327975 -0.225808  0.513951
 0.328025 -0.225736  0.513877
 0.328074 -0.225669  0.513807
 0.328122 -0.225607   0.51374
 0.328167 -0.225548  0.513673
 0.328211 -0.225495  0.513609
 0.328254 -0.225444  0.513544
 0.328296 -0.225396  0.513485
 0.328337 -0.225351  0.513419
 0.328378 -0.225314   0.51336
 0.328418 -0.225273    0.5133
 0.328458 -0.225233   0.51324
 0.328497 -0.225189  0.513181
 0.328537 -0.225157  0.513122
 0.328576 -0.225121  0.513063
 0.328615 -0.225084  0.513006
 0.328658 -0.225038  0.512941
 0.328698 -0.225002  0.512886
 0.328737 -0.224966  0.512829
0.328777 -0.22493 0.512777
 0.328817 -0.224894   0.51272
 0.328846 -0.224868  0.512674
 0.328886 -0.224833  0.512621
 0.328925 -0.224798  0.512566
 0.328966 -0.224762  0.512515
 0.329006 -0.224726  0.512458
 0.329046 -0.224691  0.512404
 0.329086 -0.224655  0.512351
0.329126 -0.22462 0.512297
 0.329166 -0.224586  0.512246
 0.329207 -0.224552  0.512192
 0.329243 -0.224522  0.512146
 0.329276 -0.224496  0.512099
 0.329309 -0.224471  0.512052
 0.329347 -0.224442  0.512004
 0.329384 -0.224415  0.511951
 0.32942 -0.22439   0.5119
 0.329455 -0.224368  0.511852
 0.329489 -0.224347  0.511803
 0.329523 -0.224328  0.511756
 0.329556 -0.224312  0.511706
 0.329589 -0.224297  0.511664
  0.32962 -0.224284  0.511613
 0.329651 -0.224272  0.511566
 0.329677 -0.224265  0.511526
 0.329706 -0.224258   0.51148
 0.329736 -0.224251  0.511439
 0.329765 -0.224245  0.511392
0.329794 -0.22424 0.511349
 0.329822 -0.224236  0.511307
 0.329851 -0.224233  0.511264
 0.329879 -0.224231  0.511224
 0.329907 -0.224229  0.511181
 0.329936 -0.224227   0.51114
 0.329964 -0.224226  0.511101
 0.329992 -0.224224   0.51106
 0.330021 -0.224222  0.511022
 0.33005 -0.22422 0.510982
  0.33008 -0.224217  0.510947
 0.330109 -0.224214  0.510906
0.330138 -0.22421 0.510867
 0.330169 -0.224206   0.51083
 0.330199 -0.224201  0.510791
 0.330231 -0.224203  0.510759
 0.330262 -0.224197   0.51072
0.330293 -0.22419 0.510688
 0.330324 -0.224183  0.510646
 0.330355 -0.224166  0.510605
 0.330387 -0.224159   0.51057
 0.330416 -0.224154  0.510531
 0.330447 -0.224148  0.510499
 0.330477 -0.224141  0.510461
 0.330509 -0.224143  0.510429
 0.330539 -0.224138  0.510394
 0.330569 -0.224134  0.510359
0.330598 -0.22413 0.510326
 0.330627 -0.224127  0.510291
 0.330659 -0.224116  0.510255
 0.330688 -0.224116  0.510218
 0.330715 -0.224117  0.510186
 0.330742 -0.224119  0.510155
 0.330769 -0.224123  0.510122
 0.330795 -0.224128  0.510094
 0.330821 -0.224135  0.510062
 0.330845 -0.224143  0.510033
  0.33087 -0.224153  0.510005
 0.330895 -0.224163  0.509976
 0.330919 -0.224174   0.50995
 0.330943 -0.224187  0.509921
 0.330967 -0.224199  0.509899
 0.330991 -0.224211  0.509868
 0.331015 -0.224234  0.509845
  0.33104 -0.224246  0.509819
 0.331065 -0.224257  0.509791
 0.331093 -0.224258   0.50976
 0.331119 -0.224267  0.509731
 0.331145 -0.224276  0.509703
 0.331171 -0.224284  0.509678
0.331198 -0.22429  0.50965
 0.331226 -0.224295  0.509624
 0.331254 -0.224299  0.509596
 0.331282 -0.224301  0.509572
  0.33131 -0.224303  0.509542
 0.331339 -0.224304  0.509515
 0.331368 -0.224304  0.509488
 0.331398 -0.224303   0.50946
 0.331427 -0.224302  0.509436
 0.331456 -0.224301  0.509408
 0.331485 -0.224299  0.509381
 0.331515 -0.224299  0.509356
 0.331544 -0.224298   0.50933
 0.331572 -0.224298  0.509308
   0.3316 -0.224299  0.509282
 0.331626 -0.224304  0.509261
 0.331655 -0.224315  0.509239
 0.331682 -0.224319  0.509216
 0.331711 -0.224317  0.509188
 0.331736 -0.224324  0.509166
 0.331762 -0.224331  0.509146
 0.331787 -0.224339  0.509123
 0.331813 -0.224349  0.509107
 0.331837 -0.224359  0.509081
0.331862 -0.22437  0.50906
 0.331886 -0.224382  0.509042
  0.33191 -0.224394  0.509021
 0.331934 -0.224407  0.509003
 0.331958 -0.224419  0.508981
 0.331982 -0.224432  0.508961
