0.0162017 -0.105353   0.50881
0.0162017 -0.105353   0.50881
0.0162024 -0.105353  0.508807
0.0162043  -0.10535    0.5088
0.0162077 -0.105347  0.508787
0.0162123 -0.105342  0.508769
0.0162183 -0.105335  0.508747
0.0162256 -0.105327  0.508719
0.0162342 -0.105317  0.508686
0.0162442 -0.105306  0.508648
0.0162555 -0.105294  0.508605
0.0162821 -0.105264  0.508504
0.0162821 -0.105264  0.508504
0.0162974 -0.105247  0.508446
 0.016314 -0.105229  0.508383
0.0163319 -0.105209  0.508314
0.0163718 -0.105164  0.508163
0.0163718 -0.105164  0.508163
 0.016417 -0.105114  0.507991
0.0164416 -0.105087  0.507897
0.0164416 -0.105087  0.507897
0.0164948 -0.105028  0.507695
0.0164948 -0.105028  0.507695
0.0165533 -0.104963  0.507472
0.0165845 -0.104928  0.507354
0.0166169 -0.104892   0.50723
0.0166509 -0.104854  0.507101
0.0166861 -0.104815  0.506967
0.0167226 -0.104774  0.506828
0.0167226 -0.104774  0.506828
0.0167997 -0.104689  0.506535
0.0167997 -0.104689  0.506535
0.0168821 -0.104597  0.506221
0.0169253 -0.104549  0.506057
0.0169698   -0.1045  0.505888
0.0170157 -0.104449  0.505713
0.0170629 -0.104396  0.505534
0.0171114 -0.104342  0.505349
0.0171612 -0.104287   0.50516
0.0172124  -0.10423  0.504965
0.0172649 -0.104172  0.504765
0.0173187 -0.104112   0.50456
0.0173739 -0.104051  0.504351
0.0174304 -0.103988  0.504136
0.0174882 -0.103924  0.503916
0.0175474 -0.103858  0.503691
0.0175474 -0.103858  0.503691
0.0176082  -0.10379  0.503459
0.0177332 -0.103651  0.502984
0.0177332 -0.103651  0.502984
0.0177977  -0.10358  0.502738
0.0178636 -0.103506  0.502488
0.0179307 -0.103432  0.502232
0.0179992 -0.103356  0.501972
 0.018069 -0.103278  0.501706
0.0181401 -0.103199  0.501436
0.0182126 -0.103118   0.50116
0.0182864 -0.103036  0.500879
0.0183615 -0.102953  0.500594
0.0185157 -0.102781  0.500007
0.0185157 -0.102781  0.500007
0.0185948 -0.102694  0.499706
0.0186752 -0.102604    0.4994
0.0188401 -0.102421  0.498773
0.0189245 -0.102327  0.498452
0.0190099 -0.102232  0.498127
 0.019097 -0.102135  0.497796
 0.019097 -0.102135  0.497796
0.0191854 -0.102037  0.497459
0.0193661 -0.101836  0.496772
0.0194585 -0.101734   0.49642
0.0194585 -0.101734   0.49642
0.0195523 -0.101629  0.496064
0.0196473 -0.101524  0.495702
0.0198414 -0.101308  0.494964
0.0199404 -0.101198  0.494587
0.0200408 -0.101086  0.494205
0.0201425 -0.100973  0.493818
0.0202455 -0.100859  0.493427
0.0203498 -0.100743   0.49303
0.0204559 -0.100625  0.492626
0.0205629 -0.100506  0.492219
0.0206713 -0.100386  0.491807
 0.020781 -0.100264  0.491389
0.0208921  -0.10014  0.490966
0.0210045 -0.100015  0.490539
 0.0211182 -0.0998889   0.490107
 0.0212338 -0.0997604   0.489667
 0.0212338 -0.0997604   0.489667
 0.0214678 -0.0995003   0.488777
 0.0215868 -0.0993681   0.488324
 0.0217071 -0.0992343   0.487866
 0.0217071 -0.0992343   0.487866
 0.0218287 -0.0990991   0.487404
  0.022076 -0.0988243   0.486463
  0.022076 -0.0988243   0.486463
 0.0223287 -0.0985435   0.485502
 0.0223287 -0.0985435   0.485502
 0.0225866 -0.0982568   0.484521
 0.0227176 -0.0981112   0.484022
 0.0228496 -0.0979645    0.48352
 0.0229818 -0.0978176   0.483017
  0.023114 -0.0976706   0.482514
 0.0232462 -0.0975237   0.482011
 0.0233783 -0.0973768   0.481509
 0.0235105 -0.0972299   0.481006
 0.0235105 -0.0972299   0.481006
 0.023775 -0.096936      0.48
 0.023775 -0.096936      0.48
0.0240394 -0.096642  0.478994
0.0240394 -0.096642  0.478994
 0.0241716 -0.0964951   0.478491
 0.0244363 -0.0962009   0.477484
 0.0245681 -0.0960545   0.476983
 0.0247003 -0.0959076    0.47648
 0.0248325 -0.0957606   0.475977
 0.0249646 -0.0956137   0.475474
 0.0250968 -0.0954668   0.474971
 0.0252293 -0.0953196   0.474467
 0.0253614 -0.0951727   0.473965
 0.0254936 -0.0950258   0.473462
 0.0256261 -0.0948785   0.472958
  0.025758 -0.0947319   0.472456
 0.0258905 -0.0945846   0.471952
 0.0260224 -0.0944381    0.47145
 0.0261546 -0.0942911   0.470947
 0.0262868 -0.0941442   0.470444
 0.0264189 -0.0939973   0.469942
 0.0265511 -0.0938504   0.469439
 0.0266834 -0.0937034   0.468936
 0.0268155 -0.0935565   0.468433
 0.0269477 -0.0934096    0.46793
 0.0270799 -0.0932626   0.467427
 0.0272121 -0.0931157   0.466924
 0.0273443 -0.0929688   0.466421
 0.0274764 -0.0928219   0.465919
0.0276086 -0.092675  0.465416
 0.0277408 -0.0925281   0.464913
  0.027873 -0.0923812    0.46441
 0.0280051 -0.0922343   0.463907
 0.0281373 -0.0920874   0.463405
 0.0282695 -0.0919405   0.462902
 0.0284016 -0.0917936   0.462399
 0.0285338 -0.0916467   0.461896
  0.028666 -0.0914997   0.461393
 0.0287982 -0.0913528   0.460891
 0.0289304 -0.0912059   0.460388
 0.0290629 -0.0910586   0.459883
0.0291948 -0.090912  0.459382
 0.0293273 -0.0907647   0.458878
 0.0294595 -0.0906178   0.458375
 0.0295917 -0.0904709   0.457872
 0.0297241 -0.0903238   0.457368
 0.0298562 -0.0901769   0.456866
0.0299884  -0.09003  0.456363
0.0301206 -0.089883   0.45586
  0.030253 -0.0897358   0.455356
 0.0303848 -0.0895893   0.454855
  0.030517 -0.0894424   0.454352
 0.0306496 -0.0892951   0.453848
 0.0307818 -0.0891481   0.453345
 0.0309141 -0.0890011   0.452841
 0.0310458 -0.0888547    0.45234
0.0311787 -0.088707  0.451835
0.0313109  -0.08856  0.451332
 0.0314429 -0.0884134    0.45083
 0.0315751 -0.0882664   0.450327
 0.0317074 -0.0881194   0.449823
 0.0318396 -0.0879725   0.449321
  0.031972 -0.0878252   0.448817
 0.0321042 -0.0876783   0.448314
 0.0322364 -0.0875314   0.447811
 0.0323684 -0.0873847   0.447309
 0.0325006 -0.0872378   0.446806
 0.0326324 -0.0870912   0.446304
 0.0327646 -0.0869443   0.445802
 0.0328969 -0.0867973   0.445298
 0.0330291 -0.0866504   0.444796
 0.0331612 -0.0865035   0.444293
 0.0332934 -0.0863565    0.44379
 0.0334256 -0.0862096   0.443287
 0.0334256 -0.0862096   0.443287
 0.0336905 -0.0859152   0.442279
 0.0338227 -0.0857682   0.441776
  0.033955 -0.0856212   0.441273
 0.0340872 -0.0854743    0.44077
 0.0342196 -0.0853272   0.440267
 0.0343518 -0.0851802   0.439764
  0.034484 -0.0850332   0.439261
 0.0346162 -0.0848863   0.438758
 0.0347484 -0.0847394   0.438255
 0.0348806 -0.0845924   0.437752
 0.0350128 -0.0844455   0.437249
  0.035145 -0.0842986   0.436746
 0.0352772 -0.0841516   0.436243
 0.0354094 -0.0840047    0.43574
 0.0355416 -0.0838578   0.435238
 0.0356738 -0.0837108   0.434734
  0.035806 -0.0835639   0.434231
 0.0359382 -0.0834169   0.433729
0.0360704  -0.08327  0.433226
 0.0362026 -0.0831231   0.432723
  0.036335 -0.0829759   0.432219
0.0364672 -0.082829  0.431716
0.0365994 -0.082682  0.431213
 0.0367316 -0.0825351    0.43071
 0.0368646 -0.0823873   0.430204
 0.0369968 -0.0822404   0.429702
  0.037129 -0.0820935   0.429199
 0.0372612 -0.0819465   0.428696
 0.0373934 -0.0817996   0.428193
 0.0375256 -0.0816527    0.42769
 0.0376578 -0.0815057   0.427187
 0.0377901 -0.0813587   0.426684
 0.0377901 -0.0813587   0.426684
 0.0380544 -0.0810649   0.425678
0.0381866 -0.080918  0.425175
0.0383188 -0.080771  0.424673
 0.0384509 -0.0806241    0.42417
 0.0385828 -0.0804775   0.423668
 0.0387135 -0.0803323   0.423171
  0.038843 -0.0801884   0.422678
 0.0389706 -0.0800466   0.422193
 0.0390973 -0.0799057   0.421711
 0.0392226 -0.0797664   0.421234
 0.0393466 -0.0796286   0.420762
 0.0394693 -0.0794922   0.420296
 0.0395907 -0.0793574   0.419834
0.0397106 -0.079224  0.419378
 0.0398293 -0.0790921   0.418926
 0.0399467 -0.0789617    0.41848
 0.0400627 -0.0788327   0.418038
 0.0401774 -0.0787052   0.417602
 0.0402915 -0.0785785   0.417168
0.0404035 -0.078454  0.416742
 0.0405143 -0.0783308   0.416321
 0.0406236 -0.0782093   0.415905
 0.0407317 -0.0780892   0.415493
 0.0408384 -0.0779706   0.415087
 0.0409438 -0.0778534   0.414686
 0.0410479 -0.0777377   0.414291
 0.0411506 -0.0776236     0.4139
 0.0412515 -0.0775114   0.413516
 0.0413516 -0.0774002   0.413135
 0.0414503 -0.0772904   0.412759
 0.0415478 -0.0771821   0.412389
 0.0416439 -0.0770753   0.412023
0.0417386  -0.07697  0.411663
 0.0418321 -0.0768661   0.411307
 0.0419242 -0.0767638   0.410957
 0.0420149 -0.0766629   0.410612
 0.0421043 -0.0765635   0.410272
 0.0421924 -0.0764656   0.409936
 0.0422792 -0.0763691   0.409606
 0.0423647 -0.0762741   0.409281
 0.0424488 -0.0761806   0.408961
 0.0425316 -0.0760886   0.408646
 0.0426131 -0.0759981   0.408336
0.0426932 -0.075909  0.408031
  0.042772 -0.0758214   0.407732
 0.0428495 -0.0757353   0.407437
 0.0429256 -0.0756507   0.407147
 0.0430005 -0.0755675   0.406863
  0.043074 -0.0754858   0.406583
 0.0431464 -0.0754053   0.406307
 0.0432172 -0.0753265   0.406038
 0.0432868 -0.0752493   0.405773
 0.0433553 -0.0751732   0.405513
 0.0434222 -0.0750987   0.405258
0.0434877 -0.075026  0.405009
 0.0435519 -0.0749546   0.404765
 0.0436147 -0.0748848   0.404526
 0.0436147 -0.0748848   0.404526
 0.0436772 -0.0748153   0.404288
 0.0437374 -0.0747484   0.404059
0.0437962 -0.074683  0.403835
 0.0438537 -0.0746191   0.403617
 0.0439099 -0.0745567   0.403403
 0.0439647 -0.0744958   0.403194
 0.0440704 -0.0743783   0.402792
 0.0440704 -0.0743783   0.402792
 0.0441708 -0.0742667   0.402411
 0.0441708 -0.0742667   0.402411
 0.0442658 -0.0741611   0.402049
 0.0443114 -0.0741105   0.401876
 0.0443556 -0.0740613   0.401707
 0.0443556 -0.0740613   0.401707
 0.0443986 -0.0740136   0.401544
 0.0444402 -0.0739673   0.401386
 0.0444804 -0.0739226   0.401233
 0.0445193 -0.0738794   0.401085
 0.0445568 -0.0738377   0.400942
 0.0446279 -0.0737586   0.400671
 0.0446615 -0.0737213   0.400544
 0.0446938 -0.0736854   0.400421
 0.0446938 -0.0736854   0.400421
 0.0447246 -0.0736512   0.400304
 0.0447543 -0.0736181   0.400191
 0.0447826 -0.0735867   0.400083
 0.0448095 -0.0735568   0.399981
 0.0448351 -0.0735284   0.399883
 0.0448592 -0.0735015   0.399791
0.0448822 -0.073476  0.399704
 0.0449241 -0.0734295   0.399545
  0.044943 -0.0734084   0.399473
  0.044943 -0.0734084   0.399473
 0.0449769 -0.0733707   0.399344
 0.0449769 -0.0733707   0.399344
 0.0449919 -0.0733541   0.399287
0.0450055 -0.073339  0.399235
 0.0450178 -0.0733253   0.399188
 0.0450288 -0.0733131   0.399147
 0.0450467 -0.0732932   0.399078
 0.0450537 -0.0732854   0.399052
 0.0450593 -0.0732791    0.39903
 0.0450637 -0.0732743   0.399014
0.0450667 -0.073271  0.399002
 0.0450683 -0.0732691   0.398996
 0.0450687 -0.0732687   0.398995
 0.0450687 -0.0732687   0.398995
 0.0450687 -0.0732687   0.398995
 0.0450687 -0.0732687   0.398995
 0.0450687 -0.0732687   0.398995
 0.0450687 -0.0732687   0.398995
 0.0450687 -0.0732687   0.398995
 0.0450687 -0.0732687   0.398995
 0.0450687 -0.0732687   0.398995
 0.0450687 -0.0732687   0.398995
 0.0450687 -0.0732687   0.398995
 0.0450687 -0.0732687   0.398995
 0.0450687 -0.0732687   0.398995
 0.0450687 -0.0732687   0.398995
 0.0450687 -0.0732687   0.398995
 0.0450687 -0.0732687   0.398995
 0.0450687 -0.0732687   0.398995
 0.0450687 -0.0732687   0.398995
 0.0450687 -0.0732687   0.398995
 0.0450687 -0.0732687   0.398995
 0.0450687 -0.0732687   0.398995
 0.0450687 -0.0732687   0.398995
 0.0450687 -0.0732687   0.398995
 0.0450687 -0.0732687   0.398995
 0.0450687 -0.0732687   0.398995
 0.0450687 -0.0732687   0.398995
 0.0450687 -0.0732687   0.398995
 0.0450687 -0.0732687   0.398995
 0.0450687 -0.0732687   0.398995
 0.0450687 -0.0732687   0.398995
 0.0450687 -0.0732687   0.398995
 0.0450687 -0.0732687   0.398995
 0.0450687 -0.0732687   0.398995
 0.0450687 -0.0732687   0.398995
 0.0450687 -0.0732687   0.398995
 0.0450687 -0.0732687   0.398995
 0.0450687 -0.0732687   0.398995
 0.0450687 -0.0732687   0.398995
 0.0450687 -0.0732687   0.398995
 0.0450687 -0.0732687   0.398995
 0.0450687 -0.0732687   0.398995
 0.0450687 -0.0732687   0.398995
 0.0450687 -0.0732687   0.398995
 0.0450687 -0.0732687   0.398995
 0.0450687 -0.0732687   0.398995
 0.0450687 -0.0732687   0.398995
 0.0450687 -0.0732687   0.398995
 0.0450687 -0.0732687   0.398995
 0.0450687 -0.0732687   0.398995
 0.0450687 -0.0732687   0.398995
 0.0450687 -0.0732687   0.398995
 0.0450687 -0.0732687   0.398995
 0.0450687 -0.0732687   0.398995
 0.0450687 -0.0732687   0.398995
 0.0450687 -0.0732687   0.398995
 0.0450687 -0.0732687   0.398995
 0.0450687 -0.0732687   0.398995
 0.0450687 -0.0732687   0.398995
 0.0450687 -0.0732687   0.398995
 0.0450687 -0.0732687   0.398995
 0.0450687 -0.0732687   0.398995
 0.0450687 -0.0732687   0.398995
 0.0450687 -0.0732687   0.398995
 0.0450687 -0.0732687   0.398995
 0.0450687 -0.0732687   0.398995
 0.0450687 -0.0732687   0.398995
 0.0450687 -0.0732687   0.398995
 0.0450687 -0.0732687   0.398995
 0.0450687 -0.0732687   0.398995
 0.0450687 -0.0732687   0.398995
 0.0450687 -0.0732687   0.398995
 0.0450687 -0.0732687   0.398995
 0.0450687 -0.0732687   0.398995
 0.0450687 -0.0732687   0.398995
 0.0450687 -0.0732687   0.398995
 0.0450687 -0.0732687   0.398995
 0.0450687 -0.0732687   0.398995
 0.0450687 -0.0732687   0.398995
 0.0450687 -0.0732687   0.398995
 0.0450687 -0.0732687   0.398995
 0.0450687 -0.0732687   0.398995
 0.0450687 -0.0732687   0.398995
 0.0450687 -0.0732687   0.398995
 0.0450687 -0.0732687   0.398995
 0.0450687 -0.0732687   0.398995
 0.0450687 -0.0732687   0.398995
 0.0450687 -0.0732687   0.398995
 0.0450687 -0.0732687   0.398995
 0.0450687 -0.0732687   0.398995
 0.0450687 -0.0732687   0.398995
 0.0450687 -0.0732687   0.398995
 0.0450687 -0.0732687   0.398995
 0.0450687 -0.0732687   0.398995
 0.0450687 -0.0732687   0.398995
 0.0450687 -0.0732687   0.398995
 0.0450687 -0.0732687   0.398995
 0.0450687 -0.0732687   0.398995
 0.0450687 -0.0732687   0.398995
 0.0450687 -0.0732687   0.398995
 0.0450687 -0.0732687   0.398995
 0.0450687 -0.0732687   0.398995
 0.0450687 -0.0732687   0.398995
 0.0450687 -0.0732687   0.398995
 0.0450687 -0.0732687   0.398995
 0.0450687 -0.0732687   0.398995
 0.0450687 -0.0732687   0.398995
 0.0450687 -0.0732687   0.398995
 0.0450687 -0.0732687   0.398995
 0.0450687 -0.0732687   0.398995
 0.0450687 -0.0732687   0.398995
 0.0450687 -0.0732687   0.398995
 0.0450687 -0.0732687   0.398995
 0.0450687 -0.0732687   0.398995
 0.0450687 -0.0732687   0.398995
 0.0450687 -0.0732687   0.398995
 0.0450687 -0.0732687   0.398995
 0.0450687 -0.0732687   0.398995
 0.0450687 -0.0732687   0.398995
 0.0450687 -0.0732687   0.398995
 0.0450687 -0.0732687   0.398995
 0.0450687 -0.0732687   0.398995
 0.0450687 -0.0732687   0.398995
 0.0450687 -0.0732687   0.398995
 0.0450687 -0.0732687   0.398995
 0.0450687 -0.0732687   0.398995
 0.0450687 -0.0732687   0.398995
 0.0450687 -0.0732687   0.398995
 0.0450687 -0.0732687   0.398995
 0.0450687 -0.0732687   0.398995
 0.0450687 -0.0732687   0.398995
 0.0450687 -0.0732687   0.398995
 0.0450687 -0.0732687   0.398995
 0.0450687 -0.0732687   0.398995
 0.0450687 -0.0732687   0.398995
 0.0450687 -0.0732687   0.398995
 0.0450687 -0.0732687   0.398995
 0.0450687 -0.0732687   0.398995
 0.0450687 -0.0732687   0.398995
 0.0450687 -0.0732687   0.398995
 0.0450687 -0.0732687   0.398995
 0.0450687 -0.0732687   0.398995
 0.0450687 -0.0732687   0.398995
 0.0450687 -0.0732687   0.398995
 0.0450687 -0.0732687   0.398995
 0.0450687 -0.0732687   0.398995
 0.0450687 -0.0732687   0.398995
 0.0450687 -0.0732687   0.398995
 0.0450687 -0.0732687   0.398995
 0.0450687 -0.0732687   0.398995
 0.0450687 -0.0732687   0.398995
 0.0450687 -0.0732687   0.398995
 0.0450687 -0.0732687   0.398995
 0.0450687 -0.0732687   0.398995
 0.0450687 -0.0732687   0.398995
 0.0450687 -0.0732687   0.398995
 0.0450687 -0.0732687   0.398995
 0.0450687 -0.0732687   0.398995
 0.0450687 -0.0732687   0.398995
 0.0450687 -0.0732687   0.398995
 0.0450687 -0.0732687   0.398995
 0.0450687 -0.0732687   0.398995
 0.0450687 -0.0732687   0.398995
 0.0450687 -0.0732687   0.398995
 0.0450687 -0.0732687   0.398995
 0.0450687 -0.0732687   0.398995
 0.0450687 -0.0732687   0.398995
 0.0450687 -0.0732687   0.398995
 0.0450687 -0.0732687   0.398995
 0.0450687 -0.0732687   0.398995
 0.0450687 -0.0732687   0.398995
 0.0450687 -0.0732687   0.398995
 0.0450687 -0.0732687   0.398995
 0.0450687 -0.0732687   0.398995
 0.0450687 -0.0732687   0.398995
 0.0450687 -0.0732687   0.398995
 0.0450687 -0.0732687   0.398995
 0.0450687 -0.0732687   0.398995
 0.0450687 -0.0732687   0.398995
 0.0450687 -0.0732687   0.398995
 0.0450687 -0.0732687   0.398995
 0.0450687 -0.0732687   0.398995
 0.0450687 -0.0732687   0.398995
 0.0450687 -0.0732687   0.398995
 0.0450687 -0.0732687   0.398995
 0.0450687 -0.0732687   0.398995
 0.0450687 -0.0732687   0.398995
 0.0450687 -0.0732687   0.398995
 0.0450687 -0.0732687   0.398995
 0.0450687 -0.0732687   0.398995
 0.0450687 -0.0732687   0.398995
 0.0450687 -0.0732687   0.398995
 0.0450687 -0.0732687   0.398995
 0.0450687 -0.0732687   0.398995
 0.0450687 -0.0732687   0.398995
 0.0450687 -0.0732687   0.398995
 0.0450687 -0.0732687   0.398995
 0.0450687 -0.0732687   0.398995
 0.0450687 -0.0732687   0.398995
 0.0450687 -0.0732687   0.398995
 0.0450687 -0.0732687   0.398995
 0.0450687 -0.0732687   0.398995
 0.0450687 -0.0732687   0.398995
 0.0450687 -0.0732687   0.398995
 0.0450687 -0.0732687   0.398995
 0.0450687 -0.0732687   0.398995
 0.0450687 -0.0732687   0.398995
 0.0450687 -0.0732687   0.398995
 0.0450687 -0.0732687   0.398995
 0.0450687 -0.0732687   0.398995
 0.0450687 -0.0732687   0.398995
 0.0450687 -0.0732687   0.398995
 0.0450687 -0.0732687   0.398995
 0.0450687 -0.0732687   0.398995
 0.0450687 -0.0732687   0.398995
 0.0450687 -0.0732687   0.398995
 0.0450687 -0.0732687   0.398995
 0.0450687 -0.0732687   0.398995
 0.0450687 -0.0732687   0.398995
 0.0450687 -0.0732687   0.398995
 0.0450687 -0.0732687   0.398995
 0.0450687 -0.0732687   0.398995
 0.0450687 -0.0732687   0.398995
 0.0450687 -0.0732687   0.398995
 0.0450687 -0.0732687   0.398995
 0.0450687 -0.0732687   0.398995
 0.0450687 -0.0732687   0.398995
 0.0450687 -0.0732687   0.398995
 0.0450687 -0.0732687   0.398995
 0.0450687 -0.0732687   0.398995
 0.0450687 -0.0732687   0.398995
 0.0450687 -0.0732687   0.398995
 0.0450687 -0.0732687   0.398995
 0.0450687 -0.0732687   0.398995
 0.0450687 -0.0732687   0.398995
 0.0450687 -0.0732687   0.398995
 0.0450687 -0.0732687   0.398995
 0.0450687 -0.0732687   0.398995
 0.0450687 -0.0732687   0.398995
 0.0450687 -0.0732687   0.398995
 0.0450687 -0.0732687   0.398995
 0.0450687 -0.0732687   0.398995
 0.0450687 -0.0732687   0.398995
 0.0450687 -0.0732687   0.398995
 0.0450687 -0.0732687   0.398995
 0.0450687 -0.0732687   0.398995
 0.0450687 -0.0732687   0.398995
 0.0450687 -0.0732687   0.398995
 0.0450687 -0.0732687   0.398995
 0.0450687 -0.0732687   0.398995
 0.0450687 -0.0732687   0.398995
 0.0450687 -0.0732687   0.398995
 0.0450687 -0.0732687   0.398995
 0.0450687 -0.0732687   0.398995
 0.0450687 -0.0732687   0.398995
 0.0450687 -0.0732687   0.398995
 0.0450687 -0.0732687   0.398995
 0.0450687 -0.0732687   0.398995
 0.0450687 -0.0732687   0.398995
 0.0450687 -0.0732687   0.398995
 0.0450687 -0.0732687   0.398995
 0.0450687 -0.0732687   0.398995
 0.0450687 -0.0732687   0.398995
 0.0450687 -0.0732687   0.398995
 0.0450687 -0.0732687   0.398995
 0.0450687 -0.0732687   0.398995
 0.0450687 -0.0732687   0.398995
 0.0450687 -0.0732687   0.398995
 0.0450687 -0.0732687   0.398995
 0.0450687 -0.0732687   0.398995
 0.0450687 -0.0732687   0.398995
 0.0450687 -0.0732687   0.398995
 0.0450687 -0.0732687   0.398995
 0.0450687 -0.0732687   0.398995
 0.0450687 -0.0732687   0.398995
 0.0450687 -0.0732687   0.398995
 0.0450687 -0.0732687   0.398995
 0.0450687 -0.0732687   0.398995
 0.0450687 -0.0732687   0.398995
 0.0450687 -0.0732687   0.398995
 0.0450687 -0.0732687   0.398995
 0.0450687 -0.0732687   0.398995
 0.0450687 -0.0732687   0.398995
 0.0450687 -0.0732687   0.398995
 0.0450687 -0.0732687   0.398995
 0.0450687 -0.0732687   0.398995
 0.0450687 -0.0732687   0.398995
 0.0450687 -0.0732687   0.398995
 0.0450687 -0.0732687   0.398995
 0.0450687 -0.0732687   0.398995
 0.0450687 -0.0732687   0.398995
 0.0450687 -0.0732687   0.398995
 0.0450687 -0.0732687   0.398995
 0.0450687 -0.0732687   0.398995
 0.0450687 -0.0732687   0.398995
 0.0450687 -0.0732687   0.398995
 0.0450687 -0.0732687   0.398995
 0.0450687 -0.0732687   0.398995
 0.0450687 -0.0732687   0.398995
 0.0450687 -0.0732687   0.398995
 0.0450687 -0.0732687   0.398995
 0.0450687 -0.0732687   0.398995
 0.0450687 -0.0732687   0.398995
 0.0450687 -0.0732687   0.398995
 0.0450687 -0.0732687   0.398995
 0.0450687 -0.0732687   0.398995
 0.0450687 -0.0732687   0.398995
 0.0450687 -0.0732687   0.398995
 0.0450687 -0.0732687   0.398995
 0.0450687 -0.0732687   0.398995
 0.0450687 -0.0732687   0.398995
 0.0450687 -0.0732687   0.398995
 0.0450687 -0.0732687   0.398995
 0.0450687 -0.0732687   0.398995
 0.0450687 -0.0732687   0.398995
 0.0450687 -0.0732687   0.398995
 0.0450687 -0.0732687   0.398995
 0.0450687 -0.0732687   0.398995
 0.0450687 -0.0732687   0.398995
 0.0450687 -0.0732687   0.398995
 0.0450687 -0.0732687   0.398995
 0.0450687 -0.0732687   0.398995
 0.0450687 -0.0732687   0.398995
 0.0450687 -0.0732687   0.398995
 0.0450687 -0.0732687   0.398995
 0.0450687 -0.0732687   0.398995
 0.0450687 -0.0732687   0.398995
 0.0450687 -0.0732687   0.398995
 0.0450687 -0.0732687   0.398995
 0.0450687 -0.0732687   0.398995
 0.0450687 -0.0732687   0.398995
 0.0450687 -0.0732687   0.398995
 0.0450687 -0.0732687   0.398995
 0.0450687 -0.0732687   0.398995
 0.0450687 -0.0732687   0.398995
 0.0450687 -0.0732687   0.398995
 0.0450687 -0.0732687   0.398995
 0.0450687 -0.0732687   0.398995
 0.0450687 -0.0732687   0.398995
 0.0450687 -0.0732687   0.398995
 0.0450687 -0.0732687   0.398995
 0.0450687 -0.0732687   0.398995
 0.0450687 -0.0732687   0.398995
 0.0450687 -0.0732687   0.398995
 0.0450687 -0.0732687   0.398995
 0.0450687 -0.0732687   0.398995
 0.0450687 -0.0732687   0.398995
 0.0450687 -0.0732687   0.398995
 0.0450687 -0.0732687   0.398995
 0.0450687 -0.0732687   0.398995
 0.0450687 -0.0732687   0.398995
 0.0450687 -0.0732687   0.398995
 0.0450687 -0.0732687   0.398995
 0.0450687 -0.0732687   0.398995
 0.0450687 -0.0732687   0.398995
 0.0450687 -0.0732687   0.398995
 0.0450687 -0.0732687   0.398995
 0.0450687 -0.0732687   0.398995
 0.0450687 -0.0732687   0.398995
 0.0450687 -0.0732687   0.398995
 0.0450687 -0.0732687   0.398995
 0.0450687 -0.0732687   0.398995
 0.0450687 -0.0732687   0.398995
 0.0450687 -0.0732687   0.398995
 0.0450687 -0.0732687   0.398995
 0.0450687 -0.0732687   0.398995
 0.0450687 -0.0732687   0.398995
 0.0450687 -0.0732687   0.398995
 0.0450687 -0.0732687   0.398995
 0.0450687 -0.0732687   0.398995
 0.0450687 -0.0732687   0.398995
 0.0450687 -0.0732687   0.398995
 0.0450687 -0.0732687   0.398995
 0.0450687 -0.0732687   0.398995
 0.0450687 -0.0732687   0.398995
 0.0450687 -0.0732687   0.398995
 0.0450687 -0.0732687   0.398995
 0.0450687 -0.0732687   0.398995
 0.0450687 -0.0732687   0.398995
 0.0450687 -0.0732687   0.398995
 0.0450687 -0.0732687   0.398995
 0.0450687 -0.0732687   0.398995
 0.0450687 -0.0732687   0.398995
 0.0450687 -0.0732687   0.398995
 0.0450687 -0.0732687   0.398995
 0.0450687 -0.0732687   0.398995
 0.0450687 -0.0732687   0.398995
 0.0450687 -0.0732687   0.398995
 0.0450687 -0.0732687   0.398995
 0.0450687 -0.0732687   0.398995
 0.0450687 -0.0732687   0.398995
 0.0450687 -0.0732687   0.398995
 0.0450687 -0.0732687   0.398995
 0.0450687 -0.0732687   0.398995
 0.0450687 -0.0732687   0.398995
 0.0450687 -0.0732687   0.398995
 0.0450687 -0.0732687   0.398995
 0.0450687 -0.0732687   0.398995
 0.0450687 -0.0732687   0.398995
 0.0450687 -0.0732687   0.398995
 0.0450687 -0.0732687   0.398995
 0.0450687 -0.0732687   0.398995
 0.0450687 -0.0732687   0.398995
 0.0450687 -0.0732687   0.398995
 0.0450687 -0.0732687   0.398995
 0.0450687 -0.0732687   0.398995
 0.0450687 -0.0732687   0.398995
 0.0450687 -0.0732687   0.398995
 0.0450687 -0.0732687   0.398995
 0.0450687 -0.0732687   0.398995
 0.0450687 -0.0732687   0.398995
 0.0450687 -0.0732687   0.398995
 0.0450687 -0.0732687   0.398995
 0.0450687 -0.0732687   0.398995
 0.0450687 -0.0732687   0.398995
 0.0450687 -0.0732687   0.398995
 0.0450687 -0.0732687   0.398995
 0.0450687 -0.0732687   0.398995
 0.0450687 -0.0732687   0.398995
 0.0450687 -0.0732687   0.398995
 0.0450687 -0.0732687   0.398995
 0.0450687 -0.0732687   0.398995
 0.0450687 -0.0732687   0.398995
 0.0450687 -0.0732687   0.398995
 0.0450687 -0.0732687   0.398995
 0.0450687 -0.0732687   0.398995
 0.0450687 -0.0732687   0.398995
 0.0450687 -0.0732687   0.398995
 0.0450687 -0.0732687   0.398995
 0.0450687 -0.0732687   0.398995
 0.0450687 -0.0732687   0.398995
 0.0450687 -0.0732687   0.398995
 0.0450687 -0.0732687   0.398995
 0.0450687 -0.0732687   0.398995
 0.0450687 -0.0732687   0.398995
 0.0450687 -0.0732687   0.398995
 0.0450687 -0.0732687   0.398995
 0.0450687 -0.0732687   0.398995
 0.0450687 -0.0732687   0.398995
 0.0450687 -0.0732687   0.398995
 0.0450687 -0.0732687   0.398995
 0.0450687 -0.0732687   0.398995
 0.0450687 -0.0732687   0.398995
 0.0450687 -0.0732687   0.398995
 0.0450687 -0.0732687   0.398995
 0.0450687 -0.0732687   0.398995
 0.0450687 -0.0732687   0.398995
 0.0450687 -0.0732687   0.398995
 0.0450687 -0.0732687   0.398995
 0.0450687 -0.0732687   0.398995
 0.0450687 -0.0732687   0.398995
 0.0450687 -0.0732687   0.398995
 0.0450687 -0.0732687   0.398995
 0.0450687 -0.0732687   0.398995
 0.0450687 -0.0732687   0.398995
 0.0450687 -0.0732687   0.398995
 0.0450687 -0.0732687   0.398995
 0.0450687 -0.0732687   0.398995
 0.0450687 -0.0732687   0.398995
 0.0450687 -0.0732687   0.398995
 0.0450687 -0.0732687   0.398995
 0.0450687 -0.0732687   0.398995
 0.0450687 -0.0732687   0.398995
 0.0450687 -0.0732687   0.398995
 0.0450687 -0.0732687   0.398995
 0.0450687 -0.0732687   0.398995
 0.0450687 -0.0732687   0.398995
 0.0450687 -0.0732687   0.398995
 0.0450687 -0.0732687   0.398995
 0.0450687 -0.0732687   0.398995
 0.0450687 -0.0732687   0.398995
 0.0450687 -0.0732687   0.398995
 0.0450687 -0.0732687   0.398995
 0.0450687 -0.0732687   0.398995
 0.0450687 -0.0732687   0.398995
 0.0450687 -0.0732687   0.398995
 0.0450687 -0.0732687   0.398995
 0.0450687 -0.0732687   0.398995
 0.0450687 -0.0732687   0.398995
