5.96046e-06
0.00945902
0.0195401
0.0296419
0.0396991
0.049757
0.059813
0.0698709
0.0799279
0.0899858
0.100043
0.1101
0.120157
0.130213
0.140271
0.150329
0.160386
0.170442
0.180527
0.190584
0.20061
0.210669
0.220726
0.23084
0.240897
0.250957
0.261015
0.271028
0.281084
0.291125
0.301183
0.31124
0.321325
0.331385
0.34146
0.351557
0.361615
0.371671
0.381728
0.391784
0.401842
0.411899
0.421957
0.432014
0.442071
0.452128
0.462185
0.472248
0.482306
0.492362
0.502372
0.512428
0.522483
0.532539
0.542597
0.552656
0.562714
0.572772
0.58283
0.592888
0.602946
0.613003
0.623061
0.633121
0.643176
0.653233
0.663287
0.673343
0.683397
0.693454
0.703512
0.713569
0.723625
0.733697
0.743793
0.75385
0.763905
0.773961
0.784055
0.79411
0.804165
0.814223
0.824303
0.834359
0.844416
0.854473
0.86453
0.874608
0.884665
0.894721
0.904778
0.914836
0.924892
0.934948
0.945004
0.955062
0.965118
0.975174
0.985231
0.995289
1.00534
1.0154
1.02546
1.03552
1.04557
1.05563
1.06569
1.07574
1.0858
1.09585
1.10591
1.11597
1.12605
1.13611
1.14616
1.15622
1.16632
1.17637
1.18643
1.19649
1.20655
1.21663
1.2267
1.23675
1.24681
1.25686
1.26692
1.27697
1.28703
1.29709
1.30714
1.3172
1.32726
1.3373
1.34735
1.35742
1.36748
1.37754
1.38759
1.39765
1.40771
1.41777
1.42784
1.4379
1.44796
1.45801
1.46807
1.47813
1.48818
1.49824
1.5083
1.51837
1.52842
1.53849
1.54861
1.5587
1.56876
1.57882
1.58887
1.59893
1.60899
1.61904
1.6291
1.63916
1.64922
1.65927
1.6693
1.67935
1.68941
1.69947
1.70949
1.71955
1.7296
1.73967
1.74968
1.75974
1.76981
1.77988
1.78997
1.80002
1.81008
1.82014
1.8302
1.8403
1.85037
1.86044
1.8705
1.88055
1.89061
1.90066
1.91072
1.92078
1.93084
1.94089
1.95095
1.96101
1.97112
1.98118
1.99124
2.0013
2.01136
2.02141
2.03146
2.04153
2.05159
2.06164
2.0717
2.08175
2.09181
2.10187
2.11193
2.12199
2.13205
2.1421
2.15216
2.16222
2.17228
2.18233
2.19239
2.20245
2.2125
2.22257
2.23264
2.2427
2.25275
2.26283
2.27289
2.28296
2.29303
2.30311
2.31316
2.32322
2.33328
2.34338
2.35344
2.36349
2.37355
2.38361
2.39366
2.40372
2.41378
2.42382
2.43387
2.44395
2.45401
2.46407
2.47413
2.48418
2.49424
2.5043
2.51436
2.52442
2.53447
2.54453
2.55459
2.56466
2.57471
2.58477
2.59483
2.60489
2.61494
2.625
2.63506
2.64512
2.65518
2.66527
2.67532
2.68538
2.69542
2.70547
2.71553
2.72558
2.73566
2.74571
2.75577
2.76583
2.77588
2.78594
2.796
2.80607
2.81614
2.82624
2.83625
2.84631
2.85636
2.86642
2.87647
2.88653
2.89659
2.90665
2.9167
2.92676
2.93682
2.94688
2.95694
2.967
2.97705
2.98714
2.9972
3.00726
3.01731
3.02737
3.03742
3.04748
3.05754
3.06758
3.07763
3.08768
3.09777
3.10783
3.11785
3.12791
3.13814
3.14819
3.15825
3.16831
3.17836
3.18842
3.19848
3.20858
3.21864
3.22869
3.23875
3.24885
3.2589
3.26896
3.27901
3.28907
3.29913
3.30918
3.31924
3.3293
3.33936
3.34942
3.35948
3.36953
3.37963
3.3897
3.39976
3.41007
3.42013
3.43019
3.44025
3.4503
3.46037
3.47042
3.48048
3.49054
3.50059
3.51065
3.5207
3.53076
3.54081
3.55087
3.56092
3.57098
3.58104
3.59109
3.60115
3.61121
3.62126
3.63132
3.64138
3.65144
3.66149
3.67151
3.68157
3.69163
3.70169
3.71178
3.72227
3.73233
3.74238
3.75244
3.7625
3.77256
3.78262
3.79268
3.80273
3.81279
3.82284
3.83291
3.84296
3.85302
3.86308
3.87313
3.8832
3.89327
3.90333
3.91338
3.92345
3.93351
3.94357
3.95363
3.96369
3.97374
3.9838
3.99385
4.00391
4.01397
4.02402
4.03408
4.04413
4.05419
4.06424
4.0743
4.08437
4.09442
4.10447
4.11453
4.12458
4.13464
4.1447
4.15475
4.16481
4.17486
4.18492
4.19497
4.20503
4.21508
4.22514
4.23519
4.24525
4.2553
4.26536
4.27542
4.28547
4.29553
4.30559
4.31564
4.3257
4.33575
4.34581
4.35586
4.36592
4.37598
4.38604
4.3961
4.40615
4.41621
4.42626
4.43632
4.44637
4.45643
4.46648
4.47654
4.48659
4.49661
4.50667
4.51672
4.52678
4.53683
4.5469
4.55696
4.56701
4.57707
4.58712
4.59718
4.60723
4.61729
4.62735
4.6374
4.64746
4.65752
4.66757
4.67763
4.68768
4.69774
4.70779
4.71785
4.72791
4.73797
4.74802
4.75808
4.76813
4.77819
4.78824
4.7983
4.80836
4.81842
4.82849
4.83855
4.84865
4.8587
4.86876
4.87891
4.88896
4.89902
4.90907
4.91913
4.92919
4.93926
4.94933
4.95939
4.96944
4.97963
4.98969
4.99972
5.00978
5.01984
5.0299
5.03995
5.05001
5.06007
5.07013
5.08016
5.09022
5.10028
5.11033
5.12039
5.13044
5.1405
5.15055
5.16061
5.17066
5.18072
5.19077
5.20084
5.2109
5.22096
5.23101
5.24107
5.25113
5.26118
5.27125
5.28131
5.29136
5.30142
5.31147
5.32154
5.3316
5.34165
5.35172
5.36177
5.37183
5.3819
5.39196
5.40201
5.41208
5.42213
5.4322
5.44226
5.45232
5.46237
5.47243
5.48248
5.49254
5.50259
5.51265
5.52271
5.53276
5.54282
5.55288
5.56293
5.57299
5.58305
5.59311
5.60317
5.61323
5.62328
5.63331
5.64336
5.65342
5.66347
5.67353
5.68359
5.69364
5.7037
5.71375
5.72381
5.73387
5.74393
5.75398
5.76404
5.7741
5.78416
5.79422
5.80427
5.81433
5.82439
5.83445
5.84451
5.85456
5.86462
5.87468
5.88473
5.89479
5.90485
5.91491
5.92496
5.93502
5.94508
5.95513
5.96519
5.97525
5.9853
5.99536
6.00541
6.01548
6.02553
6.03559
6.04565
6.05571
6.06576
6.07582
6.08588
6.09593
6.10599
6.11662
6.12668
6.13674
6.14679
6.15685
6.1669
6.17696
6.18702
6.19707
6.20713
6.21719
6.22724
6.23729
6.24735
6.25741
6.26746
6.27752
6.28757
6.29763
6.30768
6.31774
6.3278
6.33785
6.34791
6.35796
6.36802
6.37807
6.38813
6.39819
6.40825
6.4183
6.42836
6.43842
6.44847
6.45853
6.46859
6.47864
6.48871
6.49877
6.50883
6.51888
6.52894
6.539
6.54906
6.55911
6.56917
6.57923
6.58929
6.59935
6.6094
6.61946
6.62951
6.63957
6.64963
6.65968
6.66974
6.6798
6.68986
6.69991
6.70997
6.72002
6.73008
6.74014
6.7502
6.76025
6.77031
6.78036
6.79042
6.80047
6.81053
6.82058
6.83064
6.8407
6.85076
6.86082
6.87087
6.88093
6.89101
6.90105
6.91111
6.92117
6.93123
6.94129
6.95135
6.9614
6.97146
6.98152
6.99158
7.00164
7.01169
7.02175
7.03181
7.04186
7.05192
7.06198
7.07203
7.08209
7.09214
7.1022
7.11225
7.12231
7.13239
7.14244
7.1525
7.16255
7.17261
7.18266
7.19272
7.20278
7.21283
7.22289
7.23294
7.243
7.25305
7.26311
7.27316
7.28322
7.2933
7.30335
7.31341
7.32347
7.33352
7.34358
7.35363
7.36371
7.37377
7.38383
7.39388
7.40394
7.414
7.42404
7.4341
7.44421
7.45426
7.46433
7.47439
7.48462
7.49468
7.50473
7.51479
7.52485
7.5349
7.54496
7.55502
7.56507
7.57513
7.58518
7.59524
7.60529
7.61535
7.62541
7.63548
7.64553
7.65559
7.66564
7.6757
7.68575
7.69581
7.70586
7.71592
7.72597
7.73602
7.74608
7.75613
7.76619
7.77625
7.78631
7.79636
7.80642
7.81647
7.82653
7.83659
7.84668
7.85674
7.86678
7.87687
7.88693
7.89698
7.90704
7.91709
7.92715
7.93717
7.94723
7.95728
7.96734
7.9774
7.98745
7.99751
