0.0165483 -0.105388  0.508572
0.0165483 -0.105388  0.508572
0.0165491 -0.105387   0.50857
0.0165517 -0.105384  0.508562
 0.016556 -0.105379   0.50855
 0.016562 -0.105371  0.508532
0.0165697 -0.105362  0.508509
0.0165791 -0.105351  0.508481
0.0165902 -0.105338  0.508449
 0.016603 -0.105323  0.508411
0.0166176 -0.105306  0.508368
0.0166338 -0.105286   0.50832
0.0166518 -0.105265  0.508266
0.0166715 -0.105242  0.508208
0.0166929 -0.105217  0.508145
 0.016716 -0.105189  0.508077
0.0167408  -0.10516  0.508004
0.0167673 -0.105129  0.507925
0.0167956 -0.105095  0.507842
0.0168255  -0.10506  0.507753
0.0168572 -0.105022   0.50766
0.0168905 -0.104983  0.507561
0.0169256 -0.104941  0.507457
0.0169624 -0.104898  0.507349
0.0170009 -0.104852  0.507235
0.0170411 -0.104805  0.507116
 0.017083 -0.104755  0.506992
0.0171267 -0.104704  0.506863
0.017172 -0.10465 0.506729
 0.017219 -0.104594   0.50659
0.0172678 -0.104537  0.506446
0.0173183 -0.104477  0.506297
0.0174244 -0.104351  0.505983
0.0174801 -0.104285  0.505819
0.0175374 -0.104218  0.505649
0.0175965 -0.104148  0.505475
0.0176572 -0.104076  0.505295
0.0177197 -0.104002  0.505111
0.0177838 -0.103926  0.504921
0.0178497 -0.103848  0.504726
0.0179173 -0.103768  0.504527
0.0179867 -0.103686  0.504322
0.0180577 -0.103602  0.504112
0.0181304 -0.103516  0.503897
0.0182049 -0.103428  0.503677
 0.018281 -0.103338  0.503452
0.0183589 -0.103246  0.503222
0.0184384 -0.103152  0.502987
0.0185197 -0.103056  0.502746
0.0186027 -0.102958  0.502501
0.0186874 -0.102857  0.502251
0.0187738 -0.102755  0.501995
 0.018862 -0.102651  0.501735
0.0189518 -0.102545  0.501469
0.0190434 -0.102436  0.501199
0.0191366 -0.102326  0.500923
0.0192316 -0.102214  0.500643
0.0193283 -0.102099  0.500357
0.0194267 -0.101983  0.500066
0.0195268 -0.101865   0.49977
0.0196287 -0.101744  0.499469
0.0197322 -0.101622  0.499163
0.0198374 -0.101497  0.498852
0.0199444 -0.101371  0.498536
 0.020053 -0.101242  0.498215
0.0201634 -0.101112  0.497889
0.0202755 -0.100979  0.497558
0.0203893 -0.100844  0.497221
0.0205048 -0.100708   0.49688
 0.020622 -0.100569  0.496534
 0.020741 -0.100428  0.496182
0.0208616 -0.100286  0.495826
 0.020984 -0.100141  0.495464
  0.021108 -0.0999943   0.495097
 0.0212338 -0.0998455   0.494726
 0.0213614 -0.0996947   0.494349
 0.0214906 -0.0995418   0.493967
 0.0216215 -0.0993869    0.49358
0.0217542  -0.09923  0.493188
 0.0218885 -0.0990711   0.492791
 0.0220246 -0.0989101   0.492389
 0.0221624 -0.0987471   0.491981
 0.0223019 -0.0985821   0.491569
 0.0224431 -0.0984151   0.491152
  0.022586 -0.0982461    0.49073
 0.0227306 -0.0980751   0.490302
 0.022877 -0.097902   0.48987
  0.023025 -0.0977269   0.489432
 0.0231745 -0.0975501   0.488991
 0.0233254 -0.0973716   0.488545
 0.0234786 -0.0971904   0.488092
 0.0236335 -0.0970072   0.487634
 0.0237901 -0.0968219   0.487171
 0.0239483 -0.0966347   0.486704
 0.0241083 -0.0964455   0.486231
   0.02427 -0.0962543   0.485753
 0.0244335 -0.0960609    0.48527
 0.0245986 -0.0958656   0.484782
 0.0247655 -0.0956682   0.484289
 0.0249341 -0.0954688   0.483791
 0.0251041 -0.0952677   0.483288
 0.0252744 -0.0950663   0.482785
0.0254445 -0.094865  0.482282
 0.0256148 -0.0946636   0.481779
  0.025785 -0.0944624   0.481276
 0.0259553 -0.0942609   0.480773
 0.0261254 -0.0940596    0.48027
 0.0262958 -0.0938581   0.479766
 0.0264661 -0.0936567   0.479263
 0.0266363 -0.0934554    0.47876
 0.0268065 -0.0932541   0.478257
 0.0269766 -0.0930528   0.477754
 0.0271468 -0.0928515   0.477252
 0.0273171 -0.0926501   0.476748
 0.0274876 -0.0924485   0.476245
 0.0276577 -0.0922472   0.475742
 0.0278279 -0.0920459   0.475239
  0.027998 -0.0918447   0.474736
 0.0281682 -0.0916434   0.474233
 0.0283385 -0.0914419    0.47373
 0.0285087 -0.0912407   0.473227
 0.0286788 -0.0910394   0.472724
0.0288491 -0.090838  0.472221
 0.0290193 -0.0906367   0.471718
 0.0291894 -0.0904355   0.471215
 0.0293596 -0.0902342   0.470712
 0.0295299 -0.0900328   0.470209
    0.0297 -0.0898315   0.469706
 0.0298702 -0.0896303   0.469203
0.0300404 -0.089429  0.468701
 0.0302105 -0.0892277   0.468198
 0.0303806 -0.0890265   0.467695
 0.030551 -0.088825  0.467192
 0.0307211 -0.0886238   0.466689
 0.0308913 -0.0884225   0.466186
 0.0310616 -0.0882211   0.465683
 0.0312321 -0.0880193   0.465179
 0.0314022 -0.0878181   0.464676
 0.0315726 -0.0876166   0.464172
 0.031743 -0.087415  0.463669
 0.0319135 -0.0872135   0.463165
 0.0320836 -0.0870122   0.462662
  0.032254 -0.0868107   0.462159
 0.0324243 -0.0866092   0.461655
 0.0325947 -0.0864077   0.461152
  0.032765 -0.0862062   0.460648
 0.0329354 -0.0860047   0.460145
 0.0331058 -0.0858031   0.459641
 0.0332762 -0.0856016   0.459138
 0.0334467 -0.0853999   0.458634
 0.0336168 -0.0851987   0.458131
  0.033787 -0.0849974   0.457628
 0.0339573 -0.0847959   0.457125
 0.0341275 -0.0845946   0.456622
 0.0342977 -0.0843934   0.456119
 0.0344678 -0.0841921   0.455616
  0.034638 -0.0839908   0.455114
 0.0348081 -0.0837896   0.454611
 0.0349784 -0.0835882   0.454108
 0.0351485 -0.0833869   0.453605
 0.0353187 -0.0831856   0.453102
 0.0354889 -0.0829843   0.452599
0.0356591 -0.082783  0.452096
 0.0358295 -0.0825815   0.451592
 0.0359996 -0.0823802    0.45109
0.0361698 -0.082179  0.450587
   0.03634 -0.0819777   0.450084
 0.0365098 -0.0817769   0.449582
 0.0366799 -0.0815756   0.449079
 0.0368496 -0.0813749   0.448578
 0.0370197 -0.0811737   0.448075
   0.03719 -0.0809723   0.447572
 0.0373604 -0.0807707   0.447068
 0.0375298 -0.0805704   0.446568
 0.0376975 -0.0803719   0.446072
 0.0378635 -0.0801757   0.445582
 0.0380277 -0.0799814   0.445096
 0.0381902 -0.0797893   0.444616
 0.0383508 -0.0795992   0.444141
 0.0385099 -0.0794111   0.443671
0.0386672 -0.079225  0.443206
0.0388227 -0.079041  0.442747
0.0389766 -0.078859  0.442292
 0.0391287 -0.0786792   0.441843
 0.0392788 -0.0785016   0.441399
 0.0394275 -0.0783258    0.44096
 0.0395744 -0.0781519   0.440525
 0.0397197 -0.0779801   0.440096
 0.0398633 -0.0778102   0.439672
 0.0400052 -0.0776424   0.439252
 0.0401454 -0.0774766   0.438838
 0.0402838 -0.0773128   0.438429
 0.0404207 -0.0771509   0.438024
 0.0405558 -0.0769911   0.437625
 0.0406891 -0.0768334   0.437231
 0.0408208 -0.0766776   0.436842
 0.0409508 -0.0765239   0.436458
  0.041079 -0.0763723   0.436079
 0.0412054 -0.0762227   0.435705
 0.0413304 -0.0760749   0.435336
 0.0414536 -0.0759292   0.434972
 0.0415749 -0.0757857   0.434613
 0.0416945 -0.0756442    0.43426
 0.0418124 -0.0755048   0.433912
 0.0419285 -0.0753674   0.433568
 0.0420432 -0.0752318    0.43323
 0.0421559 -0.0750985   0.432897
 0.0422669 -0.0749672   0.432568
 0.0423762 -0.0748379   0.432245
 0.0424838 -0.0747106   0.431927
 0.0425897 -0.0745854   0.431615
 0.0426939 -0.0744622   0.431307
  0.042796 -0.0743414   0.431005
 0.0428968 -0.0742221   0.430707
  0.042996 -0.0741049   0.430414
 0.0430934 -0.0739896   0.430126
 0.0431891 -0.0738764   0.429843
0.0432833 -0.073765  0.429565
 0.0433756 -0.0736558   0.429292
 0.0434662 -0.0735487   0.429024
  0.043555 -0.0734436   0.428762
 0.0436421 -0.0733406   0.428505
 0.0437274 -0.0732397   0.428252
 0.0438111 -0.0731407   0.428005
  0.043893 -0.0730438   0.427763
 0.0439732 -0.0729489   0.427526
 0.0440517 -0.0728561   0.427294
 0.0441286 -0.0727652   0.427067
 0.0442036 -0.0726764   0.426845
  0.044277 -0.0725896   0.426628
 0.0443487 -0.0725048   0.426416
 0.0444187 -0.0724221    0.42621
 0.0444869 -0.0723413   0.426008
 0.0445534 -0.0722627   0.425811
0.0446182 -0.072186   0.42562
 0.0446814 -0.0721113   0.425433
 0.0447428 -0.0720387   0.425252
0.0448025 -0.071968  0.425075
 0.0448605 -0.0718995   0.424904
 0.0449167 -0.0718329   0.424738
 0.0449713 -0.0717684   0.424577
 0.0450242 -0.0717059    0.42442
 0.0450754 -0.0716452   0.424269
 0.0451248 -0.0715868   0.424123
 0.0451726 -0.0715303   0.423981
 0.0452186 -0.0714759   0.423846
 0.0452629 -0.0714235   0.423715
 0.0453055 -0.0713731   0.423589
 0.0453464 -0.0713248   0.423468
 0.0453856 -0.0712783   0.423352
 0.0454232 -0.0712339   0.423241
 0.0454589 -0.0711917   0.423135
 0.0454929 -0.0711515   0.423035
 0.0455251 -0.0711133    0.42294
 0.0455557 -0.0710772   0.422849
0.0455846 -0.071043  0.422764
 0.0456117 -0.0710109   0.422684
 0.0456371 -0.0709808   0.422609
 0.0456608 -0.0709528   0.422539
 0.0456828 -0.0709268   0.422474
 0.0457031 -0.0709028   0.422414
 0.0457217 -0.0708808   0.422359
 0.0457386 -0.0708608   0.422309
 0.0457537 -0.0708429   0.422264
0.0457671 -0.070827  0.422225
 0.0457789 -0.0708132    0.42219
 0.0457889 -0.0708013    0.42216
 0.0457972 -0.0707915   0.422136
 0.0458038 -0.0707837   0.422116
 0.0458087 -0.0707779   0.422102
 0.0458118 -0.0707742   0.422092
 0.0458133 -0.0707725   0.422088
 0.0458134 -0.0707724   0.422088
 0.0458134 -0.0707724   0.422088
 0.0458134 -0.0707724   0.422088
 0.0458134 -0.0707724   0.422088
 0.0458134 -0.0707724   0.422088
 0.0458134 -0.0707724   0.422088
 0.0458134 -0.0707724   0.422088
 0.0458134 -0.0707724   0.422088
 0.0458134 -0.0707724   0.422088
 0.0458134 -0.0707724   0.422088
 0.0458134 -0.0707724   0.422088
 0.0458134 -0.0707724   0.422088
 0.0458134 -0.0707724   0.422088
 0.0458134 -0.0707724   0.422088
 0.0458134 -0.0707724   0.422088
 0.0458134 -0.0707724   0.422088
 0.0458134 -0.0707724   0.422088
 0.0458134 -0.0707724   0.422088
 0.0458134 -0.0707724   0.422088
 0.0458134 -0.0707724   0.422088
 0.0458134 -0.0707724   0.422088
 0.0458134 -0.0707724   0.422088
 0.0458134 -0.0707724   0.422088
 0.0458134 -0.0707724   0.422088
 0.0458134 -0.0707724   0.422088
 0.0458134 -0.0707724   0.422088
 0.0458134 -0.0707724   0.422088
 0.0458134 -0.0707724   0.422088
 0.0458134 -0.0707724   0.422088
 0.0458134 -0.0707724   0.422088
 0.0458134 -0.0707724   0.422088
 0.0458134 -0.0707724   0.422088
 0.0458134 -0.0707724   0.422088
 0.0458134 -0.0707724   0.422088
 0.0458134 -0.0707724   0.422088
 0.0458134 -0.0707724   0.422088
 0.0458134 -0.0707724   0.422088
 0.0458134 -0.0707724   0.422088
 0.0458134 -0.0707724   0.422088
 0.0458134 -0.0707724   0.422088
 0.0458134 -0.0707724   0.422088
 0.0458134 -0.0707724   0.422088
 0.0458134 -0.0707724   0.422088
 0.0458134 -0.0707724   0.422088
 0.0458134 -0.0707724   0.422088
 0.0458134 -0.0707724   0.422088
 0.0458134 -0.0707724   0.422088
 0.0458134 -0.0707724   0.422088
 0.0458134 -0.0707724   0.422088
 0.0458134 -0.0707724   0.422088
 0.0458134 -0.0707724   0.422088
 0.0458134 -0.0707724   0.422088
 0.0458134 -0.0707724   0.422088
 0.0458134 -0.0707724   0.422088
 0.0458134 -0.0707724   0.422088
 0.0458134 -0.0707724   0.422088
 0.0458134 -0.0707724   0.422088
 0.0458134 -0.0707724   0.422088
 0.0458134 -0.0707724   0.422088
 0.0458134 -0.0707724   0.422088
 0.0458134 -0.0707724   0.422088
 0.0458134 -0.0707724   0.422088
 0.0458134 -0.0707724   0.422088
 0.0458134 -0.0707724   0.422088
 0.0458134 -0.0707724   0.422088
 0.0458134 -0.0707724   0.422088
 0.0458134 -0.0707724   0.422088
 0.0458134 -0.0707724   0.422088
 0.0458134 -0.0707724   0.422088
 0.0458134 -0.0707724   0.422088
 0.0458134 -0.0707724   0.422088
 0.0458134 -0.0707724   0.422088
 0.0458134 -0.0707724   0.422088
 0.0458134 -0.0707724   0.422088
 0.0458134 -0.0707724   0.422088
 0.0458134 -0.0707724   0.422088
 0.0458134 -0.0707724   0.422088
 0.0458134 -0.0707724   0.422088
 0.0458134 -0.0707724   0.422088
 0.0458134 -0.0707724   0.422088
 0.0458134 -0.0707724   0.422088
 0.0458134 -0.0707724   0.422088
 0.0458134 -0.0707724   0.422088
 0.0458134 -0.0707724   0.422088
 0.0458134 -0.0707724   0.422088
 0.0458134 -0.0707724   0.422088
 0.0458134 -0.0707724   0.422088
 0.0458134 -0.0707724   0.422088
 0.0458134 -0.0707724   0.422088
 0.0458134 -0.0707724   0.422088
 0.0458134 -0.0707724   0.422088
 0.0458134 -0.0707724   0.422088
 0.0458134 -0.0707724   0.422088
 0.0458134 -0.0707724   0.422088
 0.0458134 -0.0707724   0.422088
 0.0458134 -0.0707724   0.422088
 0.0458134 -0.0707724   0.422088
 0.0458134 -0.0707724   0.422088
 0.0458134 -0.0707724   0.422088
 0.0458134 -0.0707724   0.422088
 0.0458134 -0.0707724   0.422088
 0.0458134 -0.0707724   0.422088
 0.0458134 -0.0707724   0.422088
 0.0458134 -0.0707724   0.422088
 0.0458134 -0.0707724   0.422088
 0.0458134 -0.0707724   0.422088
 0.0458134 -0.0707724   0.422088
 0.0458134 -0.0707724   0.422088
 0.0458134 -0.0707724   0.422088
 0.0458134 -0.0707724   0.422088
 0.0458134 -0.0707724   0.422088
 0.0458134 -0.0707724   0.422088
 0.0458134 -0.0707724   0.422088
 0.0458134 -0.0707724   0.422088
 0.0458134 -0.0707724   0.422088
 0.0458134 -0.0707724   0.422088
 0.0458134 -0.0707724   0.422088
 0.0458134 -0.0707724   0.422088
 0.0458134 -0.0707724   0.422088
 0.0458134 -0.0707724   0.422088
 0.0458134 -0.0707724   0.422088
 0.0458134 -0.0707724   0.422088
 0.0458134 -0.0707724   0.422088
 0.0458134 -0.0707724   0.422088
 0.0458134 -0.0707724   0.422088
 0.0458134 -0.0707724   0.422088
 0.0458134 -0.0707724   0.422088
 0.0458134 -0.0707724   0.422088
 0.0458134 -0.0707724   0.422088
 0.0458134 -0.0707724   0.422088
 0.0458134 -0.0707724   0.422088
 0.0458134 -0.0707724   0.422088
 0.0458134 -0.0707724   0.422088
 0.0458134 -0.0707724   0.422088
 0.0458134 -0.0707724   0.422088
 0.0458134 -0.0707724   0.422088
 0.0458134 -0.0707724   0.422088
 0.0458134 -0.0707724   0.422088
 0.0458134 -0.0707724   0.422088
 0.0458134 -0.0707724   0.422088
 0.0458134 -0.0707724   0.422088
 0.0458134 -0.0707724   0.422088
 0.0458134 -0.0707724   0.422088
 0.0458134 -0.0707724   0.422088
 0.0458134 -0.0707724   0.422088
 0.0458134 -0.0707724   0.422088
 0.0458134 -0.0707724   0.422088
 0.0458134 -0.0707724   0.422088
 0.0458134 -0.0707724   0.422088
 0.0458134 -0.0707724   0.422088
 0.0458134 -0.0707724   0.422088
 0.0458134 -0.0707724   0.422088
 0.0458134 -0.0707724   0.422088
 0.0458134 -0.0707724   0.422088
 0.0458134 -0.0707724   0.422088
 0.0458134 -0.0707724   0.422088
 0.0458134 -0.0707724   0.422088
 0.0458134 -0.0707724   0.422088
 0.0458134 -0.0707724   0.422088
 0.0458134 -0.0707724   0.422088
 0.0458134 -0.0707724   0.422088
 0.0458134 -0.0707724   0.422088
 0.0458134 -0.0707724   0.422088
 0.0458134 -0.0707724   0.422088
 0.0458134 -0.0707724   0.422088
 0.0458134 -0.0707724   0.422088
 0.0458134 -0.0707724   0.422088
 0.0458134 -0.0707724   0.422088
 0.0458134 -0.0707724   0.422088
 0.0458134 -0.0707724   0.422088
 0.0458134 -0.0707724   0.422088
 0.0458134 -0.0707724   0.422088
 0.0458134 -0.0707724   0.422088
 0.0458134 -0.0707724   0.422088
 0.0458134 -0.0707724   0.422088
 0.0458134 -0.0707724   0.422088
 0.0458134 -0.0707724   0.422088
 0.0458134 -0.0707724   0.422088
 0.0458134 -0.0707724   0.422088
 0.0458134 -0.0707724   0.422088
 0.0458134 -0.0707724   0.422088
 0.0458134 -0.0707724   0.422088
 0.0458134 -0.0707724   0.422088
 0.0458134 -0.0707724   0.422088
 0.0458134 -0.0707724   0.422088
 0.0458134 -0.0707724   0.422088
 0.0458134 -0.0707724   0.422088
 0.0458134 -0.0707724   0.422088
 0.0458134 -0.0707724   0.422088
 0.0458134 -0.0707724   0.422088
 0.0458134 -0.0707724   0.422088
 0.0458134 -0.0707724   0.422088
 0.0458134 -0.0707724   0.422088
 0.0458134 -0.0707724   0.422088
 0.0458134 -0.0707724   0.422088
 0.0458134 -0.0707724   0.422088
 0.0458134 -0.0707724   0.422088
 0.0458134 -0.0707724   0.422088
 0.0458134 -0.0707724   0.422088
 0.0458134 -0.0707724   0.422088
 0.0458134 -0.0707724   0.422088
 0.0458134 -0.0707724   0.422088
 0.0458134 -0.0707724   0.422088
 0.0458134 -0.0707724   0.422088
 0.0458134 -0.0707724   0.422088
 0.0458134 -0.0707724   0.422088
 0.0458134 -0.0707724   0.422088
 0.0458134 -0.0707724   0.422088
 0.0458134 -0.0707724   0.422088
 0.0458134 -0.0707724   0.422088
 0.0458134 -0.0707724   0.422088
 0.0458134 -0.0707724   0.422088
 0.0458134 -0.0707724   0.422088
 0.0458134 -0.0707724   0.422088
 0.0458134 -0.0707724   0.422088
 0.0458134 -0.0707724   0.422088
 0.0458134 -0.0707724   0.422088
 0.0458134 -0.0707724   0.422088
 0.0458134 -0.0707724   0.422088
 0.0458134 -0.0707724   0.422088
 0.0458134 -0.0707724   0.422088
