0.0165483 -0.105388  0.508572
0.0165521 -0.105388  0.508573
0.0165549 -0.105391  0.508572
0.0165567  -0.10539  0.508572
0.0165573 -0.105392  0.508572
0.0165563 -0.105393  0.508572
0.0165558 -0.105392  0.508572
 0.016553 -0.105393  0.508571
 0.016551 -0.105392  0.508571
0.0165477 -0.105391  0.508571
0.0165441 -0.105391   0.50857
0.0165388 -0.105391   0.50857
0.0165345 -0.105391  0.508569
 0.016531 -0.105388  0.508569
0.0165257 -0.105387  0.508568
0.0165224 -0.105385  0.508567
0.0165184 -0.105382  0.508566
0.0165149 -0.105381  0.508565
0.0165108 -0.105379  0.508563
0.0165086 -0.105378  0.508562
0.0165066 -0.105373   0.50856
0.0165067 -0.105369  0.508558
0.0165064 -0.105363  0.508556
0.0165062  -0.10536  0.508554
0.0165089 -0.105352  0.508552
0.0165108 -0.105348  0.508548
0.0165147 -0.105339  0.508546
0.0165207 -0.105329  0.508543
 0.016526 -0.105321  0.508539
0.0165343 -0.105309  0.508536
 0.016542 -0.105299  0.508532
 0.016553 -0.105284  0.508528
0.0165632 -0.105272  0.508523
0.0165767 -0.105254  0.508519
0.0165912  -0.10524  0.508512
0.0166068 -0.105222  0.508507
0.0166233 -0.105202  0.508501
0.0166411 -0.105182  0.508495
0.0166604 -0.105159  0.508489
0.0166816 -0.105133  0.508483
0.0167035 -0.105109  0.508475
0.0167268 -0.105082  0.508468
0.0167515 -0.105055   0.50846
0.0167778 -0.105024  0.508452
0.0168052 -0.104994  0.508443
0.0168344  -0.10496  0.508434
0.0168647 -0.104928  0.508424
0.0168967 -0.104892  0.508414
0.0169298 -0.104856  0.508403
0.0169646 -0.104816  0.508392
0.0170005 -0.104776   0.50838
0.0170382 -0.104736  0.508368
0.0170773 -0.104692  0.508355
0.0171177  -0.10465  0.508341
0.0171599 -0.104603  0.508327
0.0172035 -0.104557  0.508311
0.0172486 -0.104508  0.508296
0.0172955 -0.104459  0.508279
0.0173437 -0.104407  0.508262
0.0173938 -0.104353  0.508243
0.0174454 -0.104299  0.508224
0.0174981 -0.104242  0.508205
 0.017553 -0.104185  0.508184
0.0176096 -0.104125  0.508162
 0.017668 -0.104066  0.508139
0.0177281 -0.104002  0.508116
0.0177901 -0.103936  0.508091
0.0178536 -0.103873  0.508066
 0.017921 -0.103803  0.508039
0.0179865 -0.103735  0.508011
0.0180555 -0.103666  0.507983
0.0181266 -0.103594  0.507953
0.0181995 -0.103517  0.507921
0.0182743  -0.10344  0.507889
 0.018351 -0.103366  0.507855
0.0184297 -0.103286   0.50782
0.0185103 -0.103205  0.507784
0.0185929 -0.103121  0.507746
0.0186791 -0.103039  0.507706
0.0187657  -0.10295  0.507666
0.0188543 -0.102861  0.507624
0.0189449 -0.102771   0.50758
0.0190374 -0.102677  0.507535
 0.019132 -0.102583  0.507488
0.0192287 -0.102485   0.50744
0.0193274 -0.102385   0.50739
0.0194282 -0.102285  0.507338
 0.019531 -0.102181  0.507284
0.0196359 -0.102075  0.507228
0.0197429 -0.101969   0.50717
 0.019852 -0.101859  0.507111
0.0199631 -0.101748  0.507049
0.0200765 -0.101634  0.506985
0.0202011 -0.101495  0.506913
0.0203187 -0.101376  0.506845
0.0204386 -0.101256  0.506773
0.0205603 -0.101133    0.5067
0.0206845 -0.101007  0.506625
0.0208104 -0.100882  0.506545
0.0209387 -0.100752  0.506465
0.021074 -0.10062 0.506382
0.0212022 -0.100492  0.506296
0.0213371 -0.100355  0.506206
0.0214784 -0.100219  0.506113
0.0216178  -0.10008  0.506017
 0.0217592 -0.0999377   0.505919
 0.0219027 -0.0997924   0.505817
 0.0220484 -0.0996468   0.505712
 0.0221961 -0.0994974   0.505604
  0.022346 -0.0993453   0.505492
  0.022498 -0.0991928   0.505376
 0.0226522 -0.0990363   0.505257
 0.0228084 -0.0988776   0.505134
 0.0229666 -0.0987182   0.505007
 0.0231271 -0.0985548   0.504877
 0.0233033 -0.0983977    0.50473
 0.0234618 -0.0981995    0.50459
 0.0236279 -0.0980294   0.504446
 0.0237951 -0.0978594   0.504298
 0.0239655 -0.0976857   0.504146
  0.024136 -0.0975083    0.50399
 0.0243087 -0.0973315   0.503829
0.0244839 -0.097152  0.503663
 0.0246595 -0.0969756   0.503496
 0.0248362 -0.0967852   0.503319
0.0250156 -0.096608  0.503142
 0.0251956 -0.0964212   0.502957
  0.025377 -0.0962332   0.502768
 0.0255596 -0.0960449   0.502573
 0.0257435 -0.0958539   0.502373
 0.0259284 -0.0956618   0.502168
 0.0261143 -0.0954698   0.501957
 0.0263115 -0.0952786   0.501737
0.0264997 -0.095083  0.501515
 0.0266889 -0.0948856   0.501287
 0.0268791 -0.0946888   0.501053
 0.0270702 -0.0944896   0.500813
  0.027262 -0.0942893   0.500567
 0.0274546 -0.0940877   0.500314
  0.027648 -0.0938862   0.500055
  0.027842 -0.0936825   0.499789
 0.0280367 -0.0934779   0.499517
 0.0282324 -0.0932733   0.499239
 0.0284281 -0.0930671   0.498954
0.0286324 -0.092822  0.498634
 0.0288288 -0.0926142   0.498335
 0.0290256 -0.0924041   0.498029
 0.0292322 -0.0921927   0.497717
 0.0294196 -0.0919885     0.4974
0.0296171 -0.091776  0.497073
 0.0298149 -0.0915644   0.496739
 0.0300126 -0.0913509   0.496398
 0.0302104 -0.0911371    0.49605
  0.030408 -0.0909228   0.495696
 0.0306057 -0.0907081   0.495334
 0.0308032 -0.0904927   0.494966
 0.0310006 -0.0902787    0.49459
 0.031198 -0.090063  0.494208
 0.0313954 -0.0898474   0.493818
 0.0315927 -0.0896314   0.493421
 0.0317898 -0.0894152   0.493017
 0.0319868 -0.0891988   0.492605
 0.0321837 -0.0889817   0.492186
 0.0323809 -0.0887649   0.491759
  0.032578 -0.0885475   0.491324
 0.0327926 -0.0883365   0.490874
 0.0329899 -0.0881188   0.490423
 0.0331865 -0.0879003   0.489965
 0.0333831 -0.0876816   0.489499
  0.033562 -0.0874593   0.489033
 0.0337581 -0.0872401   0.488553
  0.033971 -0.0870231   0.488058
 0.0341661 -0.0868034   0.487563
 0.0345544 -0.0863629   0.486555
0.0347475 -0.086142  0.486041
0.0347475 -0.086142  0.486041
 0.0351315 -0.0857015   0.484996
 0.0351315 -0.0857015   0.484996
 0.0353226 -0.0854813   0.484463
 0.0355128 -0.0852607   0.483926
 0.0358906 -0.0848203   0.482833
 0.0358906 -0.0848203   0.482833
 0.0360782 -0.0846009   0.482279
 0.0362644 -0.0843791    0.48172
0.0364502 -0.084158  0.481156
 0.0366344 -0.0839436   0.480587
 0.0368176 -0.0837237   0.480014
     0.037 -0.0835051   0.479437
 0.0371819 -0.0832943   0.478856
 0.0373675 -0.0830411   0.478212
 0.0375457 -0.0828305   0.477621
0.0377228 -0.082615  0.477028
 0.0378927 -0.0824089   0.476439
 0.0380667 -0.0822014    0.47584
 0.0382387 -0.0819888   0.475241
0.0384095  -0.08178  0.474639
 0.0385783 -0.0815769   0.474036
 0.0387449 -0.0813707   0.473432
 0.0389101 -0.0811667   0.472827
 0.0390731 -0.0809684   0.472221
 0.039234 -0.080767  0.471615
 0.0393934 -0.0805689   0.471009
 0.0395507 -0.0803765   0.470402
 0.0397056 -0.0801819   0.469796
 0.0398587 -0.0799888   0.469191
 0.0400238 -0.0798054   0.468579
 0.0403063 -0.0794278   0.467378
0.0404515 -0.079247  0.466775
 0.0405945 -0.0790643   0.466174
 0.0407361 -0.0788845   0.465573
 0.0408757 -0.0787101   0.464972
 0.0410132 -0.0785335   0.464374
 0.0410132 -0.0785335   0.464374
 0.0412943 -0.0781932   0.463174
0.0414143  -0.07802  0.462586
0.0414143  -0.07802  0.462586
 0.0415441 -0.0778533   0.461994
 0.0417978 -0.0775226   0.460816
 0.0419219 -0.0773628   0.460231
 0.0420547 -0.0772049   0.459642
 0.0421747 -0.0770492   0.459061
  0.042293 -0.0768923   0.458484
  0.042409 -0.0767401   0.457909
 0.0425235 -0.0765875   0.457337
 0.0426358 -0.0764401   0.456769
 0.0427463 -0.0762908   0.456205
0.0428558 -0.076146  0.455646
0.0429624 -0.076002  0.455089
 0.0430668 -0.0758605   0.454538
 0.0430668 -0.0758605   0.454538
0.0431781 -0.075699  0.453932
 0.0432714 -0.0755666   0.453396
 0.0433776 -0.0754268   0.452852
 0.0434671 -0.0752984   0.452326
 0.0435622 -0.0751673   0.451799
0.0436553 -0.075039  0.451278
  0.043836 -0.0747881   0.450253
  0.043836 -0.0747881   0.450253
 0.0439236 -0.0746663   0.449749
 0.0440096 -0.0745472   0.449251
 0.0441765 -0.0743152   0.448273
 0.0441765 -0.0743152   0.448273
  0.044337 -0.0740926   0.447318
 0.0444196 -0.0739877   0.446846
 0.0444958 -0.0738829   0.446383
 0.0444958 -0.0738829   0.446383
 0.0445704 -0.0737794   0.445926
 0.0447156 -0.0735802   0.445028
 0.0447863 -0.0734845   0.444587
0.0448555 -0.073391  0.444151
 0.0449233 -0.0732986    0.44372
0.0449906  -0.07321  0.443296
 0.0450556 -0.0731218   0.442876
 0.0451194 -0.0730367   0.442461
 0.0451907 -0.0729386   0.442008
 0.0452514 -0.0728568   0.441605
 0.0453049 -0.0727817   0.441211
 0.0453629 -0.0727049   0.440819
 0.0454192 -0.0726292   0.440433
 0.0454742 -0.0725567   0.440053
0.0455274 -0.072485   0.43968
 0.0455792 -0.0724165   0.439312
 0.0456291 -0.0723489   0.438952
 0.0456776 -0.0722845   0.438598
 0.0457242 -0.0722211   0.438251
 0.0457694 -0.0721607    0.43791
 0.0458128 -0.0721014   0.437577
 0.0458553 -0.0720472   0.437249
 0.0458955 -0.0719924   0.436929
0.045934 -0.07194 0.436616
 0.0459711 -0.0718898   0.436309
 0.0460067 -0.0718406   0.436009
 0.0460409 -0.0717943   0.435715
0.0460735 -0.071749  0.435427
  0.046105 -0.0717069   0.435146
 0.0461349 -0.0716654   0.434871
0.0461638 -0.071627  0.434601
 0.0461917 -0.0715897   0.434339
 0.046218 -0.071555  0.434081
  0.046243 -0.0715211    0.43383
  0.046267 -0.0714902   0.433584
 0.0462964 -0.0714528   0.433317
  0.046314 -0.0714269   0.433086
 0.0463349 -0.0714015   0.432857
 0.0463545 -0.0713766   0.432634
 0.0463734 -0.0713545   0.432415
 0.0463734 -0.0713545   0.432415
 0.0464081 -0.0713141   0.431995
  0.046424 -0.0712958   0.431793
 0.0464394 -0.0712799   0.431595
 0.0464538 -0.0712645   0.431402
 0.0464677 -0.0712514   0.431213
 0.0464808 -0.0712387    0.43103
 0.0464933 -0.0712282    0.43085
 0.0465051 -0.0712178   0.430675
 0.0465166 -0.0712097   0.430504
 0.0465273 -0.0712014   0.430337
 0.0465378 -0.0711951   0.430174
 0.0465477 -0.0711888   0.430014
 0.0465575 -0.0711842   0.429858
 0.0465668 -0.0711795   0.429705
  0.046576 -0.0711764   0.429555
0.0465847 -0.071173  0.429409
 0.0465935 -0.0711711   0.429265
0.0465999 -0.071171  0.429125
 0.0466084 -0.0711702   0.428987
 0.0466164 -0.0711689   0.428852
 0.0466246 -0.0711689    0.42872
 0.0466326 -0.0711683    0.42859
 0.0466407 -0.0711691   0.428463
 0.0466483 -0.0711696   0.428339
 0.0466437 -0.0711736   0.428243
 0.0465973 -0.0711445   0.428205
 0.0465446 -0.0711127   0.428172
 0.0464928 -0.0710815    0.42814
  0.046443 -0.0710526   0.428106
 0.0463943 -0.0710233    0.42807
 0.0463448 -0.0709876   0.428025
 0.0463021 -0.0709623    0.42798
 0.0462638 -0.0709473   0.427936
 0.0462198 -0.0709216   0.427896
 0.0461678 -0.0708845   0.427853
 0.0461216 -0.0708576   0.427813
 0.0460753 -0.0708303   0.427771
 0.0460293 -0.0708026   0.427728
0.0459831 -0.070775  0.427684
 0.0459371 -0.0707471   0.427639
 0.0458897 -0.0707236   0.427593
 0.0458438 -0.0706954   0.427546
 0.0457979 -0.0706674   0.427499
0.0457521 -0.070639  0.427451
 0.0457062 -0.0706108   0.427404
 0.0456604 -0.0705822   0.427357
 0.0456149 -0.0705543    0.42731
 0.0455694 -0.0705254   0.427264
 0.0455207 -0.0704902   0.427214
  0.045476 -0.0704628   0.427169
 0.0454316 -0.0704345   0.427125
 0.0453884 -0.0704066   0.427083
 0.0453447 -0.0703797   0.427042
 0.0453017 -0.0703526   0.427002
 0.0452594 -0.0703271   0.426962
 0.0452176 -0.0703011   0.426925
 0.0451767 -0.0702769   0.426889
 0.0451362 -0.0702523   0.426854
0.0450962  -0.07023   0.42682
  0.045058 -0.0702064   0.426789
 0.0450202 -0.0701843   0.426758
 0.0449831 -0.0701634   0.426729
 0.0449468 -0.0701427   0.426701
0.0449116 -0.070124  0.426674
  0.044877 -0.0701047   0.426648
 0.0448435 -0.0700873   0.426623
 0.0448107 -0.0700694   0.426599
 0.0447789 -0.0700533   0.426576
 0.0447471 -0.0700376   0.426554
 0.0447168 -0.0700214   0.426533
0.0446874 -0.070007  0.426512
0.0446586 -0.069992  0.426492
 0.0446307 -0.0699785   0.426473
 0.0446034 -0.0699643   0.426454
  0.044577 -0.0699515   0.426435
 0.044551 -0.069938  0.426417
 0.0445264 -0.0699244   0.426399
 0.0445017 -0.0699117   0.426381
 0.0444775 -0.0698987   0.426363
  0.044454 -0.0698871   0.426346
 0.0444308 -0.0698747   0.426329
 0.0444082 -0.0698635   0.426311
 0.0443859 -0.0698513   0.426295
0.0443641  -0.06984  0.426278
 0.0443428 -0.0698285   0.426261
 0.0443217 -0.0698175   0.426245
 0.0443011 -0.0698062   0.426228
 0.0442807 -0.0697955   0.426212
 0.0442606 -0.0697841   0.426196
 0.0442411 -0.0697732    0.42618
 0.0442217 -0.0697631   0.426164
 0.0442029 -0.0697524   0.426148
 0.0441842 -0.0697426   0.426133
 0.0441658 -0.0697322   0.426117
 0.0441479 -0.0697231   0.426102
0.0441303 -0.069713  0.426087
 0.0441123 -0.0697057   0.426073
 0.0440905 -0.0696934   0.426062
 0.0440624 -0.0696841   0.426061
 0.0440444 -0.0696784   0.426051
 0.0440227 -0.0696749   0.426043
 0.0439993 -0.0696721   0.426038
 0.0439755 -0.0696713   0.426033
 0.0439525 -0.0696713   0.426028
 0.0439299 -0.0696741   0.426022
 0.0439074 -0.0696772   0.426017
 0.0438855 -0.0696827   0.426013
 0.0438626 -0.0696881   0.426008
 0.0438407 -0.0696946   0.426004
 0.0438195 -0.0697035   0.425999
 0.0437979 -0.0697117   0.425995
0.0437772 -0.069722  0.425991
 0.0437544 -0.0697323   0.425987
  0.043734 -0.0697433   0.425983
 0.0437145 -0.0697539   0.425978
 0.0436955 -0.0697653   0.425973
 0.0436767 -0.0697763   0.425969
 0.0436586 -0.0697878   0.425964
 0.0436414 -0.0697987   0.425959
 0.0436241 -0.0698098   0.425954
 0.0436077 -0.0698202   0.425949
 0.0435922 -0.0698312   0.425944
 0.0435773 -0.0698407   0.425936
 0.0435621 -0.0698496   0.425931
 0.0435486 -0.0698593   0.425926
  0.043537 -0.0698681    0.42592
 0.0435228 -0.0698753   0.425915
 0.0435119 -0.0698841   0.425909
  0.043501 -0.0698909   0.425903
 0.0434893 -0.0698982   0.425897
 0.0434791 -0.0699044   0.425891
 0.0434694 -0.0699107   0.425884
  0.043459 -0.0699162   0.425878
 0.0434511 -0.0699223   0.425872
 0.0434407 -0.0699289   0.425866
  0.043432 -0.0699341    0.42586
 0.0434245 -0.0699383   0.425854
  0.043418 -0.0699436   0.425847
 0.0434106 -0.0699474   0.425841
 0.0434044 -0.0699521   0.425834
 0.0433989 -0.0699557   0.425827
 0.0433927 -0.0699598   0.425821
 0.0433876 -0.0699635   0.425814
 0.0433832 -0.0699676   0.425807
 0.0433781 -0.0699712   0.425801
 0.0433738 -0.0699752   0.425795
 0.0433704 -0.0699785   0.425788
0.0433663 -0.069983  0.425782
  0.043363 -0.0699863   0.425775
0.0433607 -0.069991  0.425769
 0.0433574 -0.0699945   0.425763
0.0433551 -0.069998  0.425756
 0.0433537 -0.0700029    0.42575
 0.0433513 -0.0700069   0.425744
0.0433501 -0.070012  0.425737
 0.0433493 -0.0700165   0.425731
 0.0433479 -0.0700214   0.425725
0.0433475 -0.070026  0.425719
 0.0433477 -0.0700314   0.425713
 0.0433485 -0.0700343   0.425705
0.0433487 -0.070039  0.425699
 0.0433497 -0.0700449   0.425693
 0.0433501 -0.0700498   0.425687
 0.0433513 -0.0700558   0.425681
 0.0433517 -0.0700637   0.425676
 0.0433526 -0.0700687    0.42567
0.0433558 -0.070072  0.425662
 0.0433579 -0.0700771   0.425656
 0.0433605 -0.0700833    0.42565
 0.0433622 -0.0700883   0.425644
0.0433647 -0.070094  0.425637
 0.0433675 -0.0700992   0.425631
 0.0433704 -0.0701049   0.425624
 0.0433736 -0.0701097   0.425618
 0.0433763 -0.0701155   0.425611
 0.0433795 -0.0701201   0.425605
  0.043383 -0.0701257   0.425598
 0.0433864 -0.0701301   0.425591
 0.0433901 -0.0701343   0.425584
  0.043394 -0.0701396   0.425577
 0.0433955 -0.0701454    0.42557
 0.0433996 -0.0701505   0.425563
 0.0434037 -0.0701543   0.425556
 0.0434055 -0.0701552   0.425548
 0.0434124 -0.0701574    0.42554
 0.0434193 -0.0701652   0.425534
 0.0434239 -0.0701686   0.425526
0.0434289 -0.070173  0.425519
 0.0434339 -0.0701761   0.425512
 0.043437 -0.070182  0.425504
 0.0434423 -0.0701851   0.425497
 0.0434454 -0.0701845   0.425489
 0.0434557 -0.0701906   0.425482
 0.0434593 -0.0701952   0.425475
 0.0434654 -0.0701993   0.425467
 0.0434715 -0.0702023    0.42546
0.0434777 -0.070206  0.425453
 0.0434854 -0.0702102   0.425446
  0.043492 -0.0702139   0.425439
 0.0434987 -0.0702169   0.425432
0.0435057 -0.070221  0.425424
 0.0435127 -0.0702241   0.425417
   0.04352 -0.0702273    0.42541
 0.0435272 -0.0702311   0.425403
 0.0435346 -0.0702343   0.425396
 0.0435422 -0.0702385   0.425388
