0.268885 -0.32653 0.607987
  0.26889 -0.326525  0.607983
 0.268891 -0.326523  0.607972
 0.26889 -0.32652 0.607966
0.268887 -0.32652 0.607955
 0.268885 -0.326519  0.607951
 0.268886 -0.326516   0.60795
 0.268886 -0.326514  0.607952
0.268889 -0.32651 0.607958
 0.268892 -0.326506  0.607965
 0.268898 -0.326503  0.607977
 0.268902 -0.326497  0.607989
 0.268912 -0.326491  0.608009
 0.268922 -0.326481  0.608025
 0.268933 -0.326472  0.608045
 0.268948 -0.326461  0.608068
 0.268964 -0.326447  0.608092
 0.268983 -0.326432  0.608118
 0.269002 -0.326415  0.608143
 0.269026 -0.326396  0.608172
 0.269049 -0.326372  0.608196
 0.269077 -0.326347  0.608222
 0.269105 -0.326317  0.608249
 0.269134 -0.326288  0.608273
 0.269167 -0.326251  0.608299
 0.269199 -0.326216  0.608319
 0.269235 -0.326174  0.608342
 0.269272 -0.326128   0.60836
 0.269308 -0.326084  0.608375
 0.269348 -0.326031  0.608391
0.269387 -0.32598 0.608401
  0.26943 -0.325921  0.608412
 0.269471 -0.325863  0.608416
 0.269516 -0.325798  0.608422
 0.269561 -0.325733  0.608419
 0.269609 -0.325662   0.60842
 0.269654 -0.325588  0.608411
 0.269702 -0.325512  0.608401
 0.269751 -0.325431  0.608389
 0.269801 -0.325346  0.608373
 0.269853 -0.325261  0.608353
 0.269905 -0.325169   0.60833
 0.269959 -0.325077  0.608305
 0.270014 -0.324978  0.608273
 0.270071 -0.324879  0.608238
 0.270129 -0.324772  0.608202
  0.27019 -0.324664  0.608156
0.270253 -0.32455 0.608113
 0.270316 -0.324436  0.608063
 0.270382 -0.324314  0.608014
0.270449 -0.32419 0.607957
  0.27052 -0.324061  0.607902
 0.270591 -0.323929  0.607836
 0.270665 -0.323794  0.607769
 0.270742 -0.323651    0.6077
 0.270821 -0.323507  0.607625
 0.270903 -0.323357   0.60755
 0.270987 -0.323203  0.607466
 0.271075 -0.323043  0.607385
 0.271164 -0.322879  0.607293
 0.271256 -0.322711    0.6072
0.271349 -0.32254 0.607111
 0.271446 -0.322364  0.607009
 0.271547 -0.322181  0.606905
 0.271649 -0.321996  0.606794
 0.271755 -0.321802  0.606683
 0.271863 -0.321606  0.606562
 0.271973 -0.321406  0.606438
 0.272087 -0.321199  0.606312
0.272203 -0.32099 0.606178
 0.272321 -0.320774  0.606042
 0.272442 -0.320556  0.605899
0.272566 -0.32033 0.605755
 0.272692 -0.320101  0.605601
 0.272821 -0.319868  0.605448
0.272951 -0.31963 0.605282
 0.273084 -0.319388  0.605114
 0.273222 -0.319137  0.604943
  0.27336 -0.318887  0.604749
  0.2735 -0.31863 0.604568
 0.273642 -0.318369  0.604378
 0.273788 -0.318105  0.604187
 0.273934 -0.317836  0.603985
 0.274082 -0.317565  0.603779
 0.274234 -0.317286  0.603571
 0.274387 -0.317004  0.603355
0.274543 -0.31672 0.603134
0.274701 -0.31643 0.602906
 0.274862 -0.316134  0.602677
 0.275024 -0.315837  0.602436
 0.275189 -0.315533  0.602192
 0.275357 -0.315227  0.601942
  0.27553 -0.314913  0.601691
 0.275715 -0.314564  0.601425
 0.275891 -0.314242  0.601157
  0.27607 -0.313915  0.600884
 0.276251 -0.313583  0.600603
 0.276435 -0.313245  0.600321
 0.276621 -0.312905  0.600024
 0.276811 -0.312558  0.599726
 0.277003 -0.312206  0.599422
 0.277199 -0.311851  0.599109
0.277397 -0.31149 0.598792
 0.277601 -0.311118  0.598435
 0.277806 -0.310748  0.598104
 0.278012 -0.310373  0.597763
 0.278221 -0.309992  0.597418
 0.278433 -0.309608  0.597065
 0.278648 -0.309219  0.596706
 0.278866 -0.308824  0.596342
 0.279086 -0.308427  0.595969
 0.279309 -0.308025  0.595592
 0.279534 -0.307619  0.595205
0.279763 -0.30721 0.594816
 0.279999 -0.306795  0.594431
 0.280256 -0.306384  0.593953
 0.280476 -0.305927  0.593597
 0.280712 -0.305504  0.593179
  0.28095 -0.305078  0.592754
0.281189 -0.30465  0.59232
  0.28143 -0.304217  0.591885
  0.28167 -0.303786  0.591437
 0.281914 -0.303352  0.590985
 0.282157 -0.302914  0.590528
 0.282402 -0.302475  0.590063
 0.282649 -0.302038  0.589592
 0.282895 -0.301598  0.589115
 0.283144 -0.301157  0.588633
 0.283392 -0.300718   0.58814
 0.283642 -0.300275  0.587648
 0.283892 -0.299834  0.587142
 0.284143 -0.299393  0.586632
 0.284398 -0.298945  0.586057
 0.284651 -0.298502  0.585536
 0.284905 -0.298059  0.585011
  0.28516 -0.297618  0.584475
 0.285417 -0.297174   0.58394
 0.285674 -0.296731  0.583393
 0.285933 -0.296288  0.582844
 0.286194 -0.295845  0.582288
 0.286456 -0.295401  0.581728
  0.28672 -0.294956  0.581163
 0.287001 -0.294518  0.580629
 0.287269 -0.294072  0.580056
 0.287549 -0.293572  0.579452
 0.287821 -0.293124   0.57887
 0.288093 -0.292674  0.578275
 0.288368 -0.292223  0.577679
 0.288645 -0.291771  0.577078
 0.288923 -0.291318  0.576471
 0.289204 -0.290866   0.57586
 0.289485 -0.290412  0.575243
  0.28977 -0.289957  0.574626
 0.290055 -0.289502  0.573998
 0.290342 -0.289046  0.573369
 0.290631 -0.288591  0.572738
 0.290921 -0.288137    0.5721
 0.291214 -0.287681  0.571462
 0.291507 -0.287227  0.570818
 0.291804 -0.286772  0.570174
   0.2921 -0.286318  0.569523
 0.292399 -0.285865  0.568871
   0.2927 -0.285412  0.568218
0.293002 -0.28496 0.567559
 0.293307 -0.284508  0.566899
 0.293614 -0.284054  0.566136
 0.293922 -0.283604  0.565472
 0.294231 -0.283153  0.564802
 0.294542 -0.282704  0.564136
 0.294853 -0.282261  0.563558
 0.295168 -0.281813  0.562885
 0.295484 -0.281357  0.562114
 0.295802 -0.280909  0.561439
 0.296121 -0.280461  0.560767
 0.296442 -0.280013  0.560092
 0.296766 -0.279565  0.559423
  0.29709 -0.279117  0.558749
0.297416 -0.27867 0.558078
 0.297745 -0.278223  0.557408
 0.298075 -0.277775  0.556739
 0.298408 -0.277328  0.556074
 0.298741 -0.276881  0.555409
 0.299077 -0.276434   0.55475
 0.299414 -0.275983  0.554088
 0.299752 -0.275534  0.553434
 0.300093 -0.275091  0.552778
 0.300434 -0.274641  0.552129
 0.300778 -0.274192  0.551484
 0.301145 -0.273771  0.550898
0.301502 -0.27326 0.550236
 0.301849 -0.272817  0.549596
 0.302198 -0.272368  0.548969
 0.302546 -0.271919  0.548339
 0.302896 -0.271475  0.547715
 0.303246 -0.271026  0.547101
 0.303597 -0.270578   0.54649
 0.303949 -0.270135  0.545884
   0.3043 -0.269688  0.545284
 0.304652 -0.269241  0.544694
0.305003  -0.2688 0.544104
 0.305354 -0.268354  0.543524
0.305706 -0.26791 0.542952
 0.306058 -0.267471  0.542384
 0.306409 -0.267028  0.541827
 0.306761 -0.266584  0.541277
 0.307116 -0.266137  0.540651
 0.307464 -0.265705  0.540195
 0.307816 -0.265262  0.539667
 0.308167 -0.264825  0.539145
 0.308518 -0.264382  0.538631
 0.308871 -0.263939  0.538126
0.309223  -0.2635 0.537622
 0.309575 -0.263056  0.537129
 0.309926 -0.262611  0.536644
 0.310283 -0.262157  0.536089
 0.310629 -0.261722   0.53569
 0.310979 -0.261275  0.535221
  0.31133 -0.260828  0.534763
 0.311685 -0.260365  0.534309
 0.312027 -0.259926  0.533859
0.312729 -0.25901 0.532915
0.312729 -0.25901 0.532915
 0.313075 -0.258554   0.53249
 0.313581 -0.257834  0.532607
 0.313761 -0.257644   0.53165
0.314102 -0.25719  0.53124
 0.314441 -0.256732  0.530838
  0.31479 -0.256292  0.530481
 0.315124 -0.255836   0.53009
 0.315456 -0.255382   0.52971
   0.3158 -0.254881  0.529312
 0.316125 -0.254429  0.528943
 0.316449 -0.253979  0.528581
 0.316768 -0.253531  0.528225
 0.317085 -0.253084  0.527879
 0.317398 -0.252641  0.527536
0.317707  -0.2522 0.527206
 0.318012 -0.251762  0.526874
 0.318313 -0.251329  0.526553
 0.318611 -0.250899   0.52624
 0.318905 -0.250472  0.525932
0.319194 -0.25005 0.525634
 0.319613 -0.249244  0.525175
  0.31976 -0.249218   0.52505
 0.320047 -0.248794  0.524734
 0.320321 -0.248389  0.524459
 0.320591 -0.247987  0.524193
 0.320858 -0.247589  0.523928
 0.321122 -0.247194  0.523676
 0.321382 -0.246803  0.523419
  0.32164 -0.246416  0.523171
0.321894 -0.24603 0.522931
 0.322398 -0.245278  0.522477
 0.322398 -0.245278  0.522477
0.322785 -0.24454 0.522085
 0.322898 -0.244493  0.522005
0.323375 -0.24375 0.521565
 0.323609 -0.243382  0.521352
  0.32384 -0.243015  0.521141
 0.324069 -0.242651  0.520937
 0.324069 -0.242651  0.520937
 0.324516 -0.241928  0.520531
 0.324735 -0.241569  0.520337
 0.324952 -0.241213  0.520144
0.325164 -0.24086 0.519958
 0.325374 -0.240509  0.519771
 0.325579 -0.240161  0.519591
 0.325789 -0.239804  0.519402
 0.325989 -0.239463  0.519229
 0.326184 -0.239126  0.519061
 0.326376 -0.238793  0.518894
 0.326564 -0.238462  0.518735
 0.326748 -0.238137  0.518573
 0.326748 -0.238137  0.518573
 0.327106 -0.237504  0.518269
 0.327279 -0.237191  0.518119
 0.327448 -0.236885  0.517974
 0.327614 -0.236582  0.517829
 0.327776 -0.236285  0.517691
 0.327776 -0.236285  0.517691
 0.328089 -0.235705  0.517412
 0.328249 -0.235402  0.517269
 0.328397 -0.235125  0.517138
 0.328541 -0.234853  0.517011
 0.328632 -0.234663  0.516919
 0.328682 -0.234585  0.516883
0.328909 -0.23414 0.516667
 0.328955 -0.234064  0.516636
 0.329087 -0.233811  0.516514
 0.329302 -0.233392  0.516309
 0.329343 -0.233319  0.516279
 0.329466 -0.233079  0.516169
 0.329587 -0.232843   0.51605
 0.329706 -0.232612  0.515938
 0.329822 -0.232385  0.515829
 0.329936 -0.232161   0.51572
 0.330048 -0.231943  0.515614
 0.330238 -0.231579  0.515422
 0.330372 -0.231306  0.515296
 0.330372 -0.231306  0.515296
 0.330477 -0.231101  0.515191
  0.33068 -0.230701  0.514986
 0.330779 -0.230506  0.514889
 0.330877 -0.230314  0.514783
 0.330976 -0.230118  0.514686
 0.331071 -0.229934  0.514586
 0.331163 -0.229753  0.514486
 0.331163 -0.229753  0.514486
 0.331254 -0.229576  0.514389
 0.331343 -0.229402  0.514288
  0.33143 -0.229233   0.51419
 0.331517 -0.229068  0.514097
0.331656 -0.22885 0.514051
 0.331687 -0.228678  0.513955
  0.33169 -0.228519  0.513873
 0.331683 -0.228202  0.513727
0.331676 -0.22805 0.513649
 0.331665 -0.227892  0.513566
 0.331658 -0.227751  0.513479
 0.331662 -0.227624  0.513405
  0.33166 -0.227485  0.513318
 0.331638 -0.227351  0.513225
 0.331623 -0.227229   0.51314
 0.331606 -0.227112  0.513056
0.331588   -0.227 0.512974
 0.331569 -0.226893  0.512891
 0.331549 -0.226789  0.512816
 0.331533 -0.226679  0.512729
 0.331513 -0.226581  0.512656
 0.331492 -0.226488  0.512589
0.331547 -0.22645 0.512542
  0.33145 -0.226307  0.512467
  0.33143 -0.226227  0.512415
  0.33141 -0.226142  0.512369
 0.331391 -0.226058  0.512322
 0.331364 -0.225971  0.512282
0.331346 -0.22589  0.51225
0.331329 -0.22581 0.512222
0.331314 -0.22573 0.512203
 0.331299 -0.225652  0.512185
 0.331285 -0.225575  0.512175
 0.331273 -0.225499   0.51217
 0.331262 -0.225423   0.51217
 0.331262 -0.225423   0.51217
 0.331245 -0.225274  0.512186
 0.331238 -0.225203  0.512205
 0.331232 -0.225131  0.512221
0.331228 -0.22506 0.512245
 0.331224 -0.224993  0.512274
  0.33122 -0.224927  0.512306
 0.331218 -0.224864  0.512343
 0.331215 -0.224802  0.512379
 0.331213 -0.224744  0.512419
 0.331211 -0.224687  0.512463
 0.331209 -0.224634  0.512507
 0.331207 -0.224583  0.512555
 0.331203 -0.224534  0.512601
  0.3312 -0.22449 0.512654
 0.331196 -0.224448  0.512698
 0.331192 -0.224409  0.512746
 0.331186 -0.224372  0.512796
  0.33118 -0.224339  0.512842
 0.331174 -0.224308  0.512893
 0.331166 -0.224279  0.512937
 0.331158 -0.224252  0.512982
 0.331149 -0.224227  0.513027
  0.33114 -0.224204  0.513069
  0.33113 -0.224182  0.513113
  0.33112 -0.224161  0.513151
 0.331109 -0.224141  0.513195
 0.331099 -0.224121  0.513228
 0.331089 -0.224102  0.513264
 0.331078 -0.224083    0.5133
 0.331069 -0.224063  0.513332
 0.331059 -0.224043  0.513368
  0.33105 -0.224022  0.513397
0.331042   -0.224 0.513427
 0.331034 -0.223979  0.513457
 0.331028 -0.223955  0.513485
 0.331022 -0.223931  0.513515
 0.331016 -0.223906  0.513542
 0.331012 -0.223881  0.513573
 0.331009 -0.223854  0.513596
 0.331007 -0.223827  0.513622
 0.330995 -0.223808  0.513672
 0.330977 -0.223803  0.513717
 0.330985 -0.223778  0.513742
 0.330991 -0.223752  0.513767
 0.330996 -0.223727  0.513796
 0.331001 -0.223703  0.513826
 0.331008 -0.223678  0.513855
 0.331017 -0.223655  0.513884
 0.331027 -0.223629  0.513909
 0.331039 -0.223606  0.513939
 0.331051 -0.223581  0.513962
 0.331063 -0.223557  0.513987
 0.331077 -0.223535  0.514011
 0.331092 -0.223513  0.514063
 0.331105 -0.223492  0.514057
 0.331122 -0.223465  0.514086
 0.331136 -0.223447  0.514104
  0.33115 -0.223429  0.514122
 0.331164 -0.223414  0.514137
0.331178  -0.2234 0.514153
 0.331191 -0.223389  0.514163
 0.331204 -0.223379  0.514178
 0.331216 -0.223371  0.514182
0.331227 -0.22337 0.514186
 0.331239 -0.223366  0.514191
 0.331251 -0.223362  0.514186
0.331261 -0.22336  0.51419
 0.331272 -0.223361  0.514188
 0.331284 -0.223361  0.514184
 0.331295 -0.223361  0.514182
 0.331306 -0.223364  0.514176
 0.331319 -0.223365   0.51417
  0.33133 -0.223368  0.514162
0.331343 -0.22337 0.514157
 0.331358 -0.223372  0.514142
 0.331372 -0.223373  0.514132
 0.331387 -0.223374  0.514121
 0.331405 -0.223368  0.514116
 0.331422 -0.223368  0.514106
  0.33144 -0.223365  0.514091
 0.331461 -0.223362  0.514075
  0.33148 -0.223357  0.514062
 0.331502 -0.223352  0.514046
 0.331525 -0.223345  0.514031
 0.331548 -0.223338  0.514015
0.331572 -0.22333 0.514002
 0.331598 -0.223322  0.513981
 0.331623 -0.223312  0.513965
 0.331649 -0.223303  0.513949
 0.331677 -0.223293  0.513931
 0.331704 -0.223284  0.513915
 0.331732 -0.223275  0.513896
 0.331761 -0.223266  0.513876
 0.331789 -0.223257   0.51386
 0.331817 -0.223249  0.513841
 0.331847 -0.223243  0.513823
 0.331875 -0.223237  0.513803
 0.331904 -0.223233  0.513787
 0.331933 -0.223235  0.513762
  0.33196 -0.223233  0.513743
 0.331989 -0.223232  0.513723
 0.332018 -0.223233  0.513701
 0.332048 -0.223232  0.513674
 0.332076 -0.223234  0.513651
 0.332105 -0.223238  0.513633
 0.332133 -0.223242  0.513607
 0.332161 -0.223248  0.513584
 0.332187 -0.223257   0.51357
 0.332214 -0.223263  0.513546
 0.332245 -0.223269  0.513516
 0.332273 -0.223276  0.513489
 0.332302 -0.223284  0.513463
  0.33233 -0.223292  0.513439
 0.332359 -0.223301  0.513413
 0.332389 -0.223308  0.513388
 0.332418 -0.223316   0.51336
 0.332448 -0.223323  0.513337
0.332478 -0.22333 0.513306
 0.332509 -0.223336  0.513278
  0.33254 -0.223342   0.51325
 0.332571 -0.223347  0.513221
 0.332603 -0.223351  0.513196
 0.332636 -0.223355  0.513164
  0.33267 -0.223354  0.513141
 0.332703 -0.223357  0.513112
 0.332737 -0.223358  0.513082
 0.33277 -0.22336 0.513054
 0.332804 -0.223365  0.513015
 0.332838 -0.223366   0.51299
 0.332873 -0.223366  0.512955
 0.332908 -0.223367  0.512924
 0.332943 -0.223367  0.512895
 0.332979 -0.223364  0.512869
 0.333014 -0.223365  0.512841
 0.333049 -0.223365  0.512808
 0.333084 -0.223371  0.512771
  0.33312 -0.223369  0.512747
 0.333156 -0.223372  0.512715
 0.333191 -0.223375  0.512686
 0.333226 -0.223379  0.512654
 0.333262 -0.223384  0.512628
 0.333297 -0.223389  0.512593
 0.333332 -0.223394  0.512562
 0.333368 -0.223401  0.512531
 0.333403 -0.223407    0.5125
 0.333438 -0.223414  0.512472
 0.333473 -0.223423  0.512438
 0.333508 -0.223431  0.512408
0.333544 -0.22344 0.512377
