0.0163832 -0.105363   0.50876
0.0163846 -0.105362  0.508757
0.0163887  -0.10536   0.50875
0.0163956 -0.105355  0.508737
0.0164052  -0.10535  0.508719
0.0164176 -0.105342  0.508697
0.0164328 -0.105333  0.508669
0.0164507 -0.105321  0.508636
0.0164714 -0.105309  0.508598
0.0164949 -0.105294  0.508555
0.0165211 -0.105278  0.508507
0.0165501  -0.10526  0.508454
0.0165818 -0.105241  0.508395
0.0166163 -0.105219  0.508332
0.0166535 -0.105196  0.508264
0.0166936 -0.105172   0.50819
0.0167363 -0.105145  0.508112
0.0167818 -0.105117  0.508028
0.0168301 -0.105088   0.50794
0.0168811 -0.105056  0.507846
0.0169348 -0.105023  0.507748
0.0169913 -0.104988  0.507644
0.0170506 -0.104952  0.507535
0.0171126 -0.104913  0.507421
0.0171774 -0.104874  0.507303
 0.017245 -0.104832  0.507179
0.0173153 -0.104789   0.50705
0.0173883 -0.104744  0.506916
0.0174642 -0.104697  0.506776
0.0175428 -0.104648  0.506632
0.0176241 -0.104598  0.506483
0.0177082 -0.104546  0.506329
0.0177951 -0.104493  0.506169
0.0178848 -0.104438  0.506005
0.0179771 -0.104381  0.505835
0.0180723 -0.104322  0.505661
0.0181702 -0.104262  0.505481
0.0182709 -0.104199  0.505296
0.0183744 -0.104136  0.505107
0.0184806  -0.10407  0.504912
0.0185896 -0.104003  0.504712
0.0187012 -0.103934  0.504507
0.0188156 -0.103864  0.504297
0.0189328 -0.103791  0.504082
0.0190527 -0.103718  0.503862
0.0190527 -0.103718  0.503862
0.0193009 -0.103565  0.503407
0.0194291 -0.103486  0.503172
0.0195601 -0.103405  0.502931
0.0196938 -0.103322  0.502686
0.0198303 -0.103238  0.502435
0.0199696 -0.103152   0.50218
0.0201116 -0.103065  0.501919
0.0202563 -0.102976  0.501654
0.0204039 -0.102885  0.501383
0.0205541 -0.102792  0.501108
0.0207049 -0.102699  0.500831
0.0208529 -0.102608  0.500559
0.0209981 -0.102518  0.500293
0.0211406 -0.102431  0.500032
0.0212803 -0.102344  0.499775
0.0214173  -0.10226  0.499524
0.0215515 -0.102177  0.499278
0.0216831 -0.102096  0.499036
0.0218118 -0.102017    0.4988
0.0219378 -0.101939  0.498569
0.0220612 -0.101863  0.498343
0.0221818 -0.101789  0.498121
0.0222996 -0.101716  0.497905
0.0224145 -0.101645  0.497694
0.0225267 -0.101576  0.497489
0.0226361 -0.101509  0.497288
0.0227428 -0.101443  0.497092
0.0228468 -0.101379  0.496901
 0.022948 -0.101316  0.496716
0.0230463 -0.101256  0.496535
 0.023142 -0.101197   0.49636
0.0232349  -0.10114  0.496189
 0.023325 -0.101084  0.496024
0.0234124  -0.10103  0.495864
 0.023497 -0.100978  0.495708
0.0235789 -0.100928  0.495558
0.0236581 -0.100879  0.495413
0.0237344 -0.100832  0.495273
0.0237344 -0.100832  0.495273
0.0238788 -0.100743  0.495008
0.0239469 -0.100701  0.494883
0.0240122  -0.10066  0.494763
0.0240747 -0.100622  0.494648
0.0241345 -0.100585  0.494539
0.0241345 -0.100585  0.494539
0.0241916  -0.10055  0.494434
0.0242974 -0.100485   0.49424
0.0242974 -0.100485   0.49424
0.0243471 -0.100454  0.494149
0.0243931 -0.100426  0.494064
0.0244363 -0.100399  0.493985
0.0244768 -0.100374  0.493911
0.0245145 -0.100351  0.493842
0.0245494 -0.100329  0.493778
0.0245816 -0.100309  0.493719
 0.024611 -0.100291  0.493665
0.0246377 -0.100275  0.493616
0.0246616  -0.10026  0.493572
0.0246828 -0.100247  0.493533
0.0247012 -0.100236  0.493499
0.0247168 -0.100226   0.49347
0.0247297 -0.100218  0.493447
0.0247399 -0.100212  0.493428
0.0247472 -0.100207  0.493415
0.0247519 -0.100204  0.493406
0.0247537 -0.100203  0.493403
0.0247538 -0.100203  0.493403
0.0247538 -0.100203  0.493403
0.0247538 -0.100203  0.493403
0.0247538 -0.100203  0.493403
0.0247538 -0.100203  0.493403
0.0247538 -0.100203  0.493403
0.0247538 -0.100203  0.493403
0.0247538 -0.100203  0.493403
0.0247538 -0.100203  0.493403
0.0247538 -0.100203  0.493403
0.0247538 -0.100203  0.493403
0.0247538 -0.100203  0.493403
0.0247538 -0.100203  0.493403
0.0247538 -0.100203  0.493403
0.0247538 -0.100203  0.493403
0.0247538 -0.100203  0.493403
0.0247538 -0.100203  0.493403
0.0247538 -0.100203  0.493403
0.0247538 -0.100203  0.493403
0.0247538 -0.100203  0.493403
0.0247538 -0.100203  0.493403
0.0247538 -0.100203  0.493403
0.0247538 -0.100203  0.493403
0.0247538 -0.100203  0.493403
0.0247538 -0.100203  0.493403
0.0247538 -0.100203  0.493403
0.0247538 -0.100203  0.493403
0.0247538 -0.100203  0.493403
0.0247538 -0.100203  0.493403
0.0247538 -0.100203  0.493403
0.0247538 -0.100203  0.493403
0.0247538 -0.100203  0.493403
0.0247538 -0.100203  0.493403
0.0247538 -0.100203  0.493403
0.0247538 -0.100203  0.493403
0.0247538 -0.100203  0.493403
0.0247538 -0.100203  0.493403
0.0247538 -0.100203  0.493403
0.0247538 -0.100203  0.493403
0.0247538 -0.100203  0.493403
0.0247538 -0.100203  0.493403
0.0247538 -0.100203  0.493403
0.0247538 -0.100203  0.493403
0.0247538 -0.100203  0.493403
0.0247538 -0.100203  0.493403
0.0247538 -0.100203  0.493403
0.0247538 -0.100203  0.493403
0.0247538 -0.100203  0.493403
0.0247538 -0.100203  0.493403
0.0247538 -0.100203  0.493403
0.0247538 -0.100203  0.493403
0.0247538 -0.100203  0.493403
0.0247538 -0.100203  0.493403
0.0247538 -0.100203  0.493403
0.0247538 -0.100203  0.493403
0.0247538 -0.100203  0.493403
0.0247538 -0.100203  0.493403
0.0247538 -0.100203  0.493403
0.0247538 -0.100203  0.493403
0.0247538 -0.100203  0.493403
0.0247538 -0.100203  0.493403
0.0247538 -0.100203  0.493403
0.0247538 -0.100203  0.493403
0.0247538 -0.100203  0.493403
0.0247538 -0.100203  0.493403
0.0247538 -0.100203  0.493403
0.0247538 -0.100203  0.493403
0.0247538 -0.100203  0.493403
0.0247538 -0.100203  0.493403
0.0247538 -0.100203  0.493403
0.0247538 -0.100203  0.493403
0.0247538 -0.100203  0.493403
0.0247538 -0.100203  0.493403
0.0247538 -0.100203  0.493403
0.0247538 -0.100203  0.493403
0.0247538 -0.100203  0.493403
0.0247538 -0.100203  0.493403
0.0247538 -0.100203  0.493403
0.0247538 -0.100203  0.493403
0.0247538 -0.100203  0.493403
0.0247538 -0.100203  0.493403
0.0247538 -0.100203  0.493403
0.0247538 -0.100203  0.493403
0.0247538 -0.100203  0.493403
0.0247538 -0.100203  0.493403
0.0247538 -0.100203  0.493403
0.0247538 -0.100203  0.493403
0.0247538 -0.100203  0.493403
0.0247538 -0.100203  0.493403
0.0247538 -0.100203  0.493403
0.0247538 -0.100203  0.493403
0.0247538 -0.100203  0.493403
0.0247538 -0.100203  0.493403
0.0247538 -0.100203  0.493403
0.0247538 -0.100203  0.493403
0.0247538 -0.100203  0.493403
0.0247538 -0.100203  0.493403
0.0247538 -0.100203  0.493403
0.0247538 -0.100203  0.493403
0.0247538 -0.100203  0.493403
0.0247538 -0.100203  0.493403
0.0247538 -0.100203  0.493403
0.0247538 -0.100203  0.493403
0.0247538 -0.100203  0.493403
0.0247538 -0.100203  0.493403
0.0247538 -0.100203  0.493403
0.0247538 -0.100203  0.493403
0.0247538 -0.100203  0.493403
0.0247538 -0.100203  0.493403
0.0247538 -0.100203  0.493403
0.0247538 -0.100203  0.493403
0.0247538 -0.100203  0.493403
0.0247538 -0.100203  0.493403
0.0247538 -0.100203  0.493403
0.0247538 -0.100203  0.493403
0.0247538 -0.100203  0.493403
0.0247538 -0.100203  0.493403
0.0247538 -0.100203  0.493403
0.0247538 -0.100203  0.493403
0.0247538 -0.100203  0.493403
0.0247538 -0.100203  0.493403
0.0247538 -0.100203  0.493403
0.0247538 -0.100203  0.493403
0.0247538 -0.100203  0.493403
0.0247538 -0.100203  0.493403
0.0247538 -0.100203  0.493403
0.0247538 -0.100203  0.493403
0.0247538 -0.100203  0.493403
0.0247538 -0.100203  0.493403
0.0247538 -0.100203  0.493403
0.0247538 -0.100203  0.493403
0.0247538 -0.100203  0.493403
0.0247538 -0.100203  0.493403
0.0247538 -0.100203  0.493403
0.0247538 -0.100203  0.493403
0.0247538 -0.100203  0.493403
0.0247538 -0.100203  0.493403
0.0247538 -0.100203  0.493403
0.0247538 -0.100203  0.493403
0.0247538 -0.100203  0.493403
0.0247538 -0.100203  0.493403
0.0247538 -0.100203  0.493403
0.0247538 -0.100203  0.493403
0.0247538 -0.100203  0.493403
0.0247538 -0.100203  0.493403
0.0247538 -0.100203  0.493403
0.0247538 -0.100203  0.493403
0.0247538 -0.100203  0.493403
0.0247538 -0.100203  0.493403
0.0247538 -0.100203  0.493403
0.0247538 -0.100203  0.493403
0.0247538 -0.100203  0.493403
0.0247538 -0.100203  0.493403
0.0247538 -0.100203  0.493403
0.0247538 -0.100203  0.493403
0.0247538 -0.100203  0.493403
0.0247538 -0.100203  0.493403
0.0247538 -0.100203  0.493403
0.0247538 -0.100203  0.493403
0.0247538 -0.100203  0.493403
0.0247538 -0.100203  0.493403
0.0247538 -0.100203  0.493403
0.0247538 -0.100203  0.493403
0.0247538 -0.100203  0.493403
0.0247538 -0.100203  0.493403
0.0247538 -0.100203  0.493403
0.0247538 -0.100203  0.493403
0.0247538 -0.100203  0.493403
0.0247538 -0.100203  0.493403
0.0247538 -0.100203  0.493403
0.0247538 -0.100203  0.493403
0.0247538 -0.100203  0.493403
0.0247538 -0.100203  0.493403
0.0247538 -0.100203  0.493403
0.0247538 -0.100203  0.493403
0.0247538 -0.100203  0.493403
0.0247538 -0.100203  0.493403
0.0247538 -0.100203  0.493403
0.0247538 -0.100203  0.493403
0.0247538 -0.100203  0.493403
0.0247538 -0.100203  0.493403
0.0247538 -0.100203  0.493403
0.0247538 -0.100203  0.493403
0.0247538 -0.100203  0.493403
0.0247538 -0.100203  0.493403
0.0247538 -0.100203  0.493403
0.0247538 -0.100203  0.493403
0.0247538 -0.100203  0.493403
0.0247538 -0.100203  0.493403
0.0247538 -0.100203  0.493403
0.0247538 -0.100203  0.493403
0.0247538 -0.100203  0.493403
0.0247538 -0.100203  0.493403
0.0247538 -0.100203  0.493403
0.0247538 -0.100203  0.493403
0.0247538 -0.100203  0.493403
0.0247538 -0.100203  0.493403
0.0247538 -0.100203  0.493403
0.0247538 -0.100203  0.493403
0.0247538 -0.100203  0.493403
0.0247538 -0.100203  0.493403
0.0247538 -0.100203  0.493403
0.0247538 -0.100203  0.493403
0.0247538 -0.100203  0.493403
0.0247538 -0.100203  0.493403
0.0247538 -0.100203  0.493403
0.0247538 -0.100203  0.493403
0.0247538 -0.100203  0.493403
0.0247538 -0.100203  0.493403
0.0247538 -0.100203  0.493403
0.0247538 -0.100203  0.493403
0.0247538 -0.100203  0.493403
0.0247538 -0.100203  0.493403
0.0247538 -0.100203  0.493403
0.0247538 -0.100203  0.493403
0.0247538 -0.100203  0.493403
0.0247538 -0.100203  0.493403
0.0247538 -0.100203  0.493403
0.0247538 -0.100203  0.493403
0.0247538 -0.100203  0.493403
0.0247538 -0.100203  0.493403
0.0247538 -0.100203  0.493403
0.0247538 -0.100203  0.493403
0.0247538 -0.100203  0.493403
0.0247538 -0.100203  0.493403
0.0247538 -0.100203  0.493403
0.0247538 -0.100203  0.493403
0.0247538 -0.100203  0.493403
0.0247538 -0.100203  0.493403
0.0247538 -0.100203  0.493403
0.0247538 -0.100203  0.493403
0.0247538 -0.100203  0.493403
0.0247538 -0.100203  0.493403
0.0247538 -0.100203  0.493403
0.0247538 -0.100203  0.493403
0.0247538 -0.100203  0.493403
0.0247538 -0.100203  0.493403
0.0247538 -0.100203  0.493403
0.0247538 -0.100203  0.493403
0.0247538 -0.100203  0.493403
0.0247538 -0.100203  0.493403
0.0247538 -0.100203  0.493403
0.0247538 -0.100203  0.493403
0.0247538 -0.100203  0.493403
0.0247538 -0.100203  0.493403
0.0247538 -0.100203  0.493403
0.0247538 -0.100203  0.493403
0.0247538 -0.100203  0.493403
0.0247538 -0.100203  0.493403
0.0247538 -0.100203  0.493403
0.0247538 -0.100203  0.493403
0.0247538 -0.100203  0.493403
0.0247538 -0.100203  0.493403
0.0247538 -0.100203  0.493403
0.0247538 -0.100203  0.493403
0.0247538 -0.100203  0.493403
0.0247538 -0.100203  0.493403
0.0247538 -0.100203  0.493403
0.0247538 -0.100203  0.493403
0.0247538 -0.100203  0.493403
0.0247538 -0.100203  0.493403
0.0247538 -0.100203  0.493403
0.0247538 -0.100203  0.493403
0.0247538 -0.100203  0.493403
0.0247538 -0.100203  0.493403
0.0247538 -0.100203  0.493403
0.0247538 -0.100203  0.493403
0.0247538 -0.100203  0.493403
0.0247538 -0.100203  0.493403
0.0247538 -0.100203  0.493403
0.0247538 -0.100203  0.493403
0.0247538 -0.100203  0.493403
0.0247538 -0.100203  0.493403
0.0247538 -0.100203  0.493403
0.0247538 -0.100203  0.493403
0.0247538 -0.100203  0.493403
0.0247538 -0.100203  0.493403
0.0247538 -0.100203  0.493403
0.0247538 -0.100203  0.493403
0.0247538 -0.100203  0.493403
0.0247538 -0.100203  0.493403
0.0247538 -0.100203  0.493403
0.0247538 -0.100203  0.493403
0.0247538 -0.100203  0.493403
0.0247538 -0.100203  0.493403
0.0247538 -0.100203  0.493403
0.0247538 -0.100203  0.493403
0.0247538 -0.100203  0.493403
0.0247538 -0.100203  0.493403
0.0247538 -0.100203  0.493403
0.0247538 -0.100203  0.493403
0.0247538 -0.100203  0.493403
0.0247538 -0.100203  0.493403
0.0247538 -0.100203  0.493403
0.0247538 -0.100203  0.493403
0.0247538 -0.100203  0.493403
0.0247538 -0.100203  0.493403
0.0247538 -0.100203  0.493403
0.0247538 -0.100203  0.493403
0.0247538 -0.100203  0.493403
0.0247538 -0.100203  0.493403
0.0247538 -0.100203  0.493403
0.0247538 -0.100203  0.493403
0.0247538 -0.100203  0.493403
0.0247538 -0.100203  0.493403
0.0247538 -0.100203  0.493403
0.0247538 -0.100203  0.493403
0.0247538 -0.100203  0.493403
0.0247538 -0.100203  0.493403
0.0247538 -0.100203  0.493403
0.0247538 -0.100203  0.493403
0.0247538 -0.100203  0.493403
0.0247538 -0.100203  0.493403
0.0247538 -0.100203  0.493403
0.0247538 -0.100203  0.493403
0.0247538 -0.100203  0.493403
0.0247538 -0.100203  0.493403
0.0247538 -0.100203  0.493403
0.0247538 -0.100203  0.493403
0.0247538 -0.100203  0.493403
0.0247538 -0.100203  0.493403
0.0247538 -0.100203  0.493403
0.0247538 -0.100203  0.493403
0.0247538 -0.100203  0.493403
0.0247538 -0.100203  0.493403
0.0247538 -0.100203  0.493403
0.0247538 -0.100203  0.493403
0.0247538 -0.100203  0.493403
0.0247538 -0.100203  0.493403
0.0247538 -0.100203  0.493403
0.0247538 -0.100203  0.493403
0.0247538 -0.100203  0.493403
0.0247538 -0.100203  0.493403
0.0247538 -0.100203  0.493403
0.0247538 -0.100203  0.493403
0.0247538 -0.100203  0.493403
0.0247538 -0.100203  0.493403
0.0247538 -0.100203  0.493403
0.0247538 -0.100203  0.493403
0.0247538 -0.100203  0.493403
0.0247538 -0.100203  0.493403
0.0247538 -0.100203  0.493403
0.0247538 -0.100203  0.493403
0.0247538 -0.100203  0.493403
0.0247538 -0.100203  0.493403
0.0247538 -0.100203  0.493403
0.0247538 -0.100203  0.493403
0.0247538 -0.100203  0.493403
0.0247538 -0.100203  0.493403
0.0247538 -0.100203  0.493403
0.0247538 -0.100203  0.493403
0.0247538 -0.100203  0.493403
0.0247538 -0.100203  0.493403
0.0247538 -0.100203  0.493403
0.0247538 -0.100203  0.493403
0.0247538 -0.100203  0.493403
0.0247538 -0.100203  0.493403
0.0247538 -0.100203  0.493403
0.0247538 -0.100203  0.493403
0.0247538 -0.100203  0.493403
0.0247538 -0.100203  0.493403
0.0247538 -0.100203  0.493403
0.0247538 -0.100203  0.493403
0.0247538 -0.100203  0.493403
0.0247538 -0.100203  0.493403
0.0247538 -0.100203  0.493403
0.0247538 -0.100203  0.493403
0.0247538 -0.100203  0.493403
0.0247538 -0.100203  0.493403
0.0247538 -0.100203  0.493403
0.0247538 -0.100203  0.493403
0.0247538 -0.100203  0.493403
0.0247538 -0.100203  0.493403
0.0247538 -0.100203  0.493403
0.0247538 -0.100203  0.493403
0.0247538 -0.100203  0.493403
0.0247538 -0.100203  0.493403
0.0247538 -0.100203  0.493403
0.0247538 -0.100203  0.493403
0.0247538 -0.100203  0.493403
0.0247538 -0.100203  0.493403
0.0247538 -0.100203  0.493403
0.0247538 -0.100203  0.493403
0.0247538 -0.100203  0.493403
0.0247538 -0.100203  0.493403
0.0247538 -0.100203  0.493403
0.0247538 -0.100203  0.493403
0.0247538 -0.100203  0.493403
0.0247538 -0.100203  0.493403
0.0247538 -0.100203  0.493403
0.0247538 -0.100203  0.493403
0.0247538 -0.100203  0.493403
0.0247538 -0.100203  0.493403
0.0247538 -0.100203  0.493403
0.0247538 -0.100203  0.493403
0.0247538 -0.100203  0.493403
0.0247538 -0.100203  0.493403
0.0247538 -0.100203  0.493403
0.0247538 -0.100203  0.493403
0.0247538 -0.100203  0.493403
0.0247538 -0.100203  0.493403
0.0247538 -0.100203  0.493403
0.0247538 -0.100203  0.493403
0.0247538 -0.100203  0.493403
0.0247538 -0.100203  0.493403
0.0247538 -0.100203  0.493403
0.0247538 -0.100203  0.493403
0.0247538 -0.100203  0.493403
0.0247538 -0.100203  0.493403
0.0247538 -0.100203  0.493403
0.0247538 -0.100203  0.493403
0.0247538 -0.100203  0.493403
0.0247538 -0.100203  0.493403
0.0247538 -0.100203  0.493403
0.0247538 -0.100203  0.493403
0.0247538 -0.100203  0.493403
0.0247538 -0.100203  0.493403
0.0247538 -0.100203  0.493403
0.0247538 -0.100203  0.493403
0.0247538 -0.100203  0.493403
0.0247538 -0.100203  0.493403
0.0247538 -0.100203  0.493403
0.0247538 -0.100203  0.493403
0.0247538 -0.100203  0.493403
0.0247538 -0.100203  0.493403
0.0247538 -0.100203  0.493403
0.0247538 -0.100203  0.493403
0.0247538 -0.100203  0.493403
0.0247538 -0.100203  0.493403
0.0247538 -0.100203  0.493403
0.0247538 -0.100203  0.493403
0.0247538 -0.100203  0.493403
0.0247538 -0.100203  0.493403
0.0247538 -0.100203  0.493403
0.0247538 -0.100203  0.493403
0.0247538 -0.100203  0.493403
0.0247538 -0.100203  0.493403
0.0247538 -0.100203  0.493403
0.0247538 -0.100203  0.493403
0.0247538 -0.100203  0.493403
0.0247538 -0.100203  0.493403
0.0247538 -0.100203  0.493403
0.0247538 -0.100203  0.493403
0.0247538 -0.100203  0.493403
0.0247538 -0.100203  0.493403
0.0247538 -0.100203  0.493403
0.0247538 -0.100203  0.493403
0.0247538 -0.100203  0.493403
0.0247538 -0.100203  0.493403
0.0247538 -0.100203  0.493403
0.0247538 -0.100203  0.493403
0.0247538 -0.100203  0.493403
0.0247538 -0.100203  0.493403
0.0247538 -0.100203  0.493403
0.0247538 -0.100203  0.493403
0.0247538 -0.100203  0.493403
0.0247538 -0.100203  0.493403
0.0247538 -0.100203  0.493403
0.0247538 -0.100203  0.493403
0.0247538 -0.100203  0.493403
0.0247538 -0.100203  0.493403
0.0247538 -0.100203  0.493403
0.0247538 -0.100203  0.493403
0.0247538 -0.100203  0.493403
0.0247538 -0.100203  0.493403
0.0247538 -0.100203  0.493403
0.0247538 -0.100203  0.493403
0.0247538 -0.100203  0.493403
0.0247538 -0.100203  0.493403
0.0247538 -0.100203  0.493403
0.0247538 -0.100203  0.493403
0.0247538 -0.100203  0.493403
0.0247538 -0.100203  0.493403
0.0247538 -0.100203  0.493403
0.0247538 -0.100203  0.493403
0.0247538 -0.100203  0.493403
0.0247538 -0.100203  0.493403
0.0247538 -0.100203  0.493403
0.0247538 -0.100203  0.493403
0.0247538 -0.100203  0.493403
0.0247538 -0.100203  0.493403
0.0247538 -0.100203  0.493403
0.0247538 -0.100203  0.493403
0.0247538 -0.100203  0.493403
0.0247538 -0.100203  0.493403
0.0247538 -0.100203  0.493403
0.0247538 -0.100203  0.493403
0.0247538 -0.100203  0.493403
0.0247538 -0.100203  0.493403
0.0247538 -0.100203  0.493403
0.0247538 -0.100203  0.493403
0.0247538 -0.100203  0.493403
0.0247538 -0.100203  0.493403
0.0247538 -0.100203  0.493403
0.0247538 -0.100203  0.493403
0.0247538 -0.100203  0.493403
0.0247538 -0.100203  0.493403
0.0247538 -0.100203  0.493403
0.0247538 -0.100203  0.493403
0.0247538 -0.100203  0.493403
0.0247538 -0.100203  0.493403
0.0247538 -0.100203  0.493403
0.0247538 -0.100203  0.493403
0.0247538 -0.100203  0.493403
0.0247538 -0.100203  0.493403
0.0247538 -0.100203  0.493403
0.0247538 -0.100203  0.493403
0.0247538 -0.100203  0.493403
0.0247538 -0.100203  0.493403
0.0247538 -0.100203  0.493403
0.0247538 -0.100203  0.493403
0.0247538 -0.100203  0.493403
0.0247538 -0.100203  0.493403
0.0247538 -0.100203  0.493403
0.0247538 -0.100203  0.493403
0.0247538 -0.100203  0.493403
0.0247538 -0.100203  0.493403
0.0247538 -0.100203  0.493403
0.0247538 -0.100203  0.493403
0.0247538 -0.100203  0.493403
0.0247538 -0.100203  0.493403
0.0247538 -0.100203  0.493403
0.0247538 -0.100203  0.493403
0.0247538 -0.100203  0.493403
0.0247538 -0.100203  0.493403
0.0247538 -0.100203  0.493403
0.0247538 -0.100203  0.493403
0.0247538 -0.100203  0.493403
0.0247538 -0.100203  0.493403
0.0247538 -0.100203  0.493403
0.0247538 -0.100203  0.493403
0.0247538 -0.100203  0.493403
0.0247538 -0.100203  0.493403
0.0247538 -0.100203  0.493403
0.0247538 -0.100203  0.493403
0.0247538 -0.100203  0.493403
0.0247538 -0.100203  0.493403
0.0247538 -0.100203  0.493403
0.0247538 -0.100203  0.493403
0.0247538 -0.100203  0.493403
0.0247538 -0.100203  0.493403
0.0247538 -0.100203  0.493403
0.0247538 -0.100203  0.493403
0.0247538 -0.100203  0.493403
0.0247538 -0.100203  0.493403
0.0247538 -0.100203  0.493403
0.0247538 -0.100203  0.493403
0.0247538 -0.100203  0.493403
0.0247538 -0.100203  0.493403
0.0247538 -0.100203  0.493403
0.0247538 -0.100203  0.493403
0.0247538 -0.100203  0.493403
0.0247538 -0.100203  0.493403
0.0247538 -0.100203  0.493403
0.0247538 -0.100203  0.493403
0.0247538 -0.100203  0.493403
0.0247538 -0.100203  0.493403
0.0247538 -0.100203  0.493403
0.0247538 -0.100203  0.493403
0.0247538 -0.100203  0.493403
0.0247538 -0.100203  0.493403
0.0247538 -0.100203  0.493403
0.0247538 -0.100203  0.493403
0.0247538 -0.100203  0.493403
0.0247538 -0.100203  0.493403
0.0247538 -0.100203  0.493403
0.0247538 -0.100203  0.493403
0.0247538 -0.100203  0.493403
0.0247538 -0.100203  0.493403
0.0247538 -0.100203  0.493403
0.0247538 -0.100203  0.493403
0.0247538 -0.100203  0.493403
0.0247538 -0.100203  0.493403
0.0247538 -0.100203  0.493403
0.0247538 -0.100203  0.493403
0.0247538 -0.100203  0.493403
0.0247538 -0.100203  0.493403
0.0247538 -0.100203  0.493403
0.0247538 -0.100203  0.493403
0.0247538 -0.100203  0.493403
0.0247538 -0.100203  0.493403
0.0247538 -0.100203  0.493403
0.0247538 -0.100203  0.493403
0.0247538 -0.100203  0.493403
0.0247538 -0.100203  0.493403
0.0247538 -0.100203  0.493403
0.0247538 -0.100203  0.493403
0.0247538 -0.100203  0.493403
0.0247538 -0.100203  0.493403
0.0247538 -0.100203  0.493403
0.0247538 -0.100203  0.493403
0.0247538 -0.100203  0.493403
0.0247538 -0.100203  0.493403
0.0247538 -0.100203  0.493403
0.0247538 -0.100203  0.493403
0.0247538 -0.100203  0.493403
0.0247538 -0.100203  0.493403
0.0247538 -0.100203  0.493403
0.0247538 -0.100203  0.493403
0.0247538 -0.100203  0.493403
0.0247538 -0.100203  0.493403
0.0247538 -0.100203  0.493403
0.0247538 -0.100203  0.493403
0.0247538 -0.100203  0.493403
0.0247538 -0.100203  0.493403
0.0247538 -0.100203  0.493403
0.0247538 -0.100203  0.493403
0.0247538 -0.100203  0.493403
0.0247538 -0.100203  0.493403
0.0247538 -0.100203  0.493403
0.0247538 -0.100203  0.493403
0.0247538 -0.100203  0.493403
0.0247538 -0.100203  0.493403
0.0247538 -0.100203  0.493403
0.0247538 -0.100203  0.493403
0.0247538 -0.100203  0.493403
0.0247538 -0.100203  0.493403
0.0247538 -0.100203  0.493403
0.0247538 -0.100203  0.493403
0.0247538 -0.100203  0.493403
0.0247538 -0.100203  0.493403
0.0247538 -0.100203  0.493403
0.0247538 -0.100203  0.493403
0.0247538 -0.100203  0.493403
0.0247538 -0.100203  0.493403
0.0247538 -0.100203  0.493403
0.0247538 -0.100203  0.493403
0.0247538 -0.100203  0.493403
0.0247538 -0.100203  0.493403
0.0247538 -0.100203  0.493403
0.0247538 -0.100203  0.493403
0.0247538 -0.100203  0.493403
0.0247538 -0.100203  0.493403
0.0247538 -0.100203  0.493403
0.0247538 -0.100203  0.493403
0.0247538 -0.100203  0.493403
0.0247538 -0.100203  0.493403
0.0247538 -0.100203  0.493403
0.0247538 -0.100203  0.493403
0.0247538 -0.100203  0.493403
0.0247538 -0.100203  0.493403
0.0247538 -0.100203  0.493403
0.0247538 -0.100203  0.493403
0.0247538 -0.100203  0.493403
0.0247538 -0.100203  0.493403
0.0247538 -0.100203  0.493403
0.0247538 -0.100203  0.493403
0.0247538 -0.100203  0.493403
0.0247538 -0.100203  0.493403
0.0247538 -0.100203  0.493403
0.0247538 -0.100203  0.493403
0.0247538 -0.100203  0.493403
0.0247538 -0.100203  0.493403
0.0247538 -0.100203  0.493403
0.0247538 -0.100203  0.493403
0.0247538 -0.100203  0.493403
0.0247538 -0.100203  0.493403
0.0247538 -0.100203  0.493403
0.0247538 -0.100203  0.493403
0.0247538 -0.100203  0.493403
0.0247538 -0.100203  0.493403
0.0247538 -0.100203  0.493403
0.0247538 -0.100203  0.493403
0.0247538 -0.100203  0.493403
0.0247538 -0.100203  0.493403
0.0247538 -0.100203  0.493403
0.0247538 -0.100203  0.493403
0.0247538 -0.100203  0.493403
0.0247538 -0.100203  0.493403
0.0247538 -0.100203  0.493403
0.0247538 -0.100203  0.493403
0.0247538 -0.100203  0.493403
0.0247538 -0.100203  0.493403
0.0247538 -0.100203  0.493403
0.0247538 -0.100203  0.493403
