 0.269523 -0.328347  0.604938
0.269015 -0.32677 0.607942
 0.269017 -0.326767   0.60794
 0.269024 -0.326761  0.607932
 0.269034 -0.326749  0.607919
 0.269049 -0.326733  0.607902
 0.269068 -0.326713  0.607879
 0.269092 -0.326688  0.607851
  0.26912 -0.326659  0.607818
 0.269152 -0.326625   0.60778
 0.269188 -0.326586  0.607737
 0.269228 -0.326543  0.607689
 0.269273 -0.326495  0.607636
 0.269322 -0.326443  0.607578
 0.269375 -0.326387  0.607515
 0.269433 -0.326325  0.607446
0.269495 -0.32626 0.607373
 0.269561 -0.326189  0.607295
 0.269631 -0.326115  0.607211
 0.269706 -0.326035  0.607123
 0.269785 -0.325951  0.607029
 0.269868 -0.325863  0.606931
0.269955 -0.32577 0.606827
 0.270047 -0.325673  0.606718
 0.270143 -0.325571  0.606604
 0.270243 -0.325464  0.606486
 0.270347 -0.325353  0.606362
 0.270456 -0.325237  0.606233
 0.270569 -0.325117  0.606099
 0.270686 -0.324992   0.60596
 0.270808 -0.324863  0.605815
 0.270934 -0.324729  0.605666
 0.271064 -0.324591  0.605512
 0.271198 -0.324448  0.605353
 0.271336 -0.324301  0.605188
 0.271479 -0.324149  0.605019
 0.271626 -0.323993  0.604844
 0.271778 -0.323832  0.604665
 0.271933 -0.323666   0.60448
 0.272093 -0.323496  0.604291
 0.272257 -0.323322  0.604096
 0.272426 -0.323143  0.603896
 0.272598 -0.322959  0.603691
 0.272775 -0.322771  0.603481
 0.272957 -0.322578  0.603266
 0.273142 -0.322381  0.603046
 0.273332 -0.322179  0.602821
 0.273526 -0.321973  0.602591
 0.273724 -0.321762  0.602356
 0.273926 -0.321546  0.602116
 0.274133 -0.321326   0.60187
 0.274345 -0.321101  0.601619
  0.27456 -0.320872  0.601364
 0.274779 -0.320639  0.601104
 0.275004 -0.320401  0.600838
 0.275232 -0.320158  0.600567
 0.275464 -0.319911  0.600292
   0.2757 -0.319659  0.600011
 0.275941 -0.319403  0.599725
 0.276186 -0.319143  0.599435
 0.276436 -0.318878  0.599139
 0.276689 -0.318608  0.598838
 0.276947 -0.318334  0.598532
 0.277209 -0.318055  0.598221
 0.277475 -0.317772  0.597905
 0.277746 -0.317484  0.597584
 0.278021 -0.317191  0.597258
   0.2783 -0.316894  0.596926
 0.278584 -0.316592   0.59659
 0.278872 -0.316286  0.596248
 0.279164 -0.315975  0.595901
0.279461 -0.31566  0.59555
 0.279761 -0.315341  0.595193
 0.280066 -0.315016  0.594832
 0.280375 -0.314688  0.594465
 0.280688 -0.314355  0.594094
 0.281006 -0.314017  0.593717
 0.281328 -0.313674  0.593335
 0.281654 -0.313327  0.592948
 0.281984 -0.312976  0.592556
0.282319 -0.31262 0.592159
0.282658 -0.31226 0.591757
 0.283001 -0.311895   0.59135
 0.283348 -0.311525  0.590938
   0.2837 -0.311151   0.59052
 0.284056 -0.310772  0.590098
 0.284416 -0.310389  0.589671
 0.284781 -0.310002  0.589238
0.285149 -0.30961 0.588801
 0.285522 -0.309213  0.588358
   0.2859 -0.308812  0.587911
 0.286281 -0.308406  0.587458
 0.286667 -0.307996  0.587001
 0.287057 -0.307581  0.586538
 0.287451 -0.307161   0.58607
  0.28785 -0.306738  0.585597
 0.288253 -0.306309  0.585119
  0.28866 -0.305876  0.584636
 0.289071 -0.305439  0.584148
 0.289487 -0.304996  0.583655
0.289907 -0.30455 0.583157
  0.29033 -0.304099  0.582654
 0.290754 -0.303648  0.582151
 0.291178 -0.303198  0.581648
 0.291602 -0.302747  0.581146
 0.292026 -0.302296  0.580643
  0.29245 -0.301845   0.58014
 0.292874 -0.301394  0.579637
 0.293297 -0.300944  0.579134
 0.293721 -0.300493  0.578631
 0.294145 -0.300042  0.578129
 0.294569 -0.299591  0.577626
0.294993 -0.29914 0.577123
 0.295417 -0.298689  0.576619
 0.295841 -0.298238  0.576116
 0.296266 -0.297787  0.575613
  0.29669 -0.297336   0.57511
 0.297113 -0.296885  0.574607
 0.297537 -0.296434  0.574104
 0.297962 -0.295983  0.573601
 0.298386 -0.295532  0.573098
 0.298809 -0.295081  0.572595
0.299233 -0.29463 0.572092
 0.299657 -0.294179  0.571589
 0.300081 -0.293729  0.571086
 0.300505 -0.293278  0.570583
 0.300929 -0.292827   0.57008
 0.301353 -0.292376  0.569577
 0.301777 -0.291925  0.569075
 0.302201 -0.291474  0.568572
 0.302624 -0.291024  0.568069
 0.303048 -0.290573  0.567566
 0.303472 -0.290122  0.567063
 0.303896 -0.289671   0.56656
 0.30432 -0.28922 0.566057
 0.304744 -0.288769  0.565554
 0.305168 -0.288318  0.565051
 0.305592 -0.287867  0.564548
 0.306016 -0.287416  0.564045
  0.30644 -0.286965  0.563542
 0.306864 -0.286515  0.563039
 0.307288 -0.286064  0.562537
 0.307712 -0.285613  0.562033
 0.308136 -0.285162   0.56153
  0.30856 -0.284711  0.561028
0.308983 -0.28426 0.560525
 0.309407 -0.283809  0.560022
 0.309831 -0.283359  0.559519
 0.310255 -0.282908  0.559016
 0.310679 -0.282457  0.558513
 0.311103 -0.282006   0.55801
 0.311527 -0.281555  0.557507
 0.311951 -0.281104  0.557004
 0.312375 -0.280653  0.556501
 0.312799 -0.280202  0.555998
 0.313223 -0.279751  0.555495
0.313647  -0.2793 0.554992
 0.314071 -0.278849  0.554489
 0.314495 -0.278398  0.553986
 0.314919 -0.277947  0.553483
 0.315343 -0.277496   0.55298
 0.315767 -0.277046  0.552477
 0.316191 -0.276595  0.551974
 0.316614 -0.276144  0.551472
 0.317038 -0.275693  0.550969
 0.317463 -0.275242  0.550465
 0.317886 -0.274791  0.549963
 0.31831 -0.27434  0.54946
0.318734 -0.27389 0.548957
 0.319158 -0.273439  0.548454
 0.319582 -0.272988  0.547951
 0.320006 -0.272537  0.547448
  0.32043 -0.272086  0.546945
 0.320853 -0.271636  0.546443
 0.321277 -0.271185   0.54594
 0.321701 -0.270734  0.545437
 0.322125 -0.270283  0.544933
  0.32255 -0.269831   0.54443
0.322974 -0.26938 0.543927
 0.323398 -0.268929  0.543423
 0.323822 -0.268478   0.54292
 0.324246 -0.268027  0.542417
  0.32467 -0.267576  0.541915
 0.325094 -0.267125  0.541412
 0.325518 -0.266674  0.540908
 0.325942 -0.266223  0.540405
 0.326366 -0.265773  0.539903
  0.32679 -0.265322    0.5394
 0.327214 -0.264871  0.538897
0.327637 -0.26442 0.538394
 0.328061 -0.263969  0.537891
 0.328514 -0.263488  0.537354
 0.328938 -0.263037  0.536851
 0.329362 -0.262586  0.536349
 0.329786 -0.262135  0.535846
  0.33021 -0.261684  0.535342
 0.330634 -0.261233  0.534839
 0.331058 -0.260783  0.534337
 0.331481 -0.260332  0.533834
 0.331905 -0.259881  0.533331
0.332329 -0.25943 0.532828
 0.332753 -0.258979  0.532325
 0.333177 -0.258529  0.531822
 0.333601 -0.258077  0.531319
 0.334025 -0.257627  0.530816
 0.334449 -0.257176  0.530313
 0.334873 -0.256725  0.529811
 0.335296 -0.256274  0.529308
  0.33572 -0.255824  0.528805
 0.336144 -0.255372  0.528302
 0.336568 -0.254922  0.527799
 0.336992 -0.254471  0.527296
0.337416 -0.25402 0.526793
  0.33784 -0.253568   0.52629
 0.338265 -0.253117  0.525786
 0.338689 -0.252666  0.525283
 0.339112 -0.252216  0.524781
0.339532 -0.25177 0.524283
 0.339946 -0.251329  0.523791
 0.340357 -0.250891  0.523303
 0.340765 -0.250458   0.52282
0.341167 -0.25003 0.522343
 0.341566 -0.249606  0.521869
  0.34196 -0.249187  0.521402
  0.34235 -0.248772  0.520939
 0.342736 -0.248362  0.520481
 0.343118 -0.247956  0.520029
 0.343495 -0.247555  0.519581
 0.343868 -0.247158  0.519139
 0.344237 -0.246766  0.518701
 0.344601 -0.246378  0.518269
 0.344962 -0.245994  0.517841
 0.345318 -0.245616  0.517419
 0.345669 -0.245242  0.517002
 0.346017 -0.244872  0.516589
  0.34636 -0.244507  0.516182
 0.346699 -0.244147   0.51578
 0.347033 -0.243791  0.515383
0.347364 -0.24344 0.514991
  0.34769 -0.243093  0.514605
0.348012 -0.24275 0.514222
 0.348329 -0.242413  0.513846
 0.348643 -0.242079  0.513474
 0.348952 -0.241751  0.513107
 0.349257 -0.241426  0.512746
 0.349557 -0.241107  0.512389
 0.349853 -0.240792  0.512038
 0.350145 -0.240481  0.511691
 0.350433 -0.240175   0.51135
 0.350716 -0.239874  0.511014
 0.350996 -0.239577  0.510683
  0.35127 -0.239285  0.510357
 0.351541 -0.238996  0.510035
 0.351808 -0.238713  0.509719
  0.35207 -0.238434  0.509408
0.352328 -0.23816 0.509102
0.352581 -0.23789 0.508801
 0.352831 -0.237625  0.508505
 0.353076 -0.237364  0.508214
 0.353317 -0.237108  0.507929
 0.353554 -0.236856  0.507648
 0.353786 -0.236609  0.507372
 0.354014 -0.236367  0.507102
 0.354238 -0.236129  0.506836
 0.354457 -0.235895  0.506576
 0.354673 -0.235666   0.50632
 0.354884 -0.235442   0.50607
  0.35509 -0.235222  0.505825
 0.355293 -0.235007  0.505585
 0.355491 -0.234796  0.505349
 0.355685 -0.234589  0.505119
 0.355875 -0.234388  0.504894
 0.35606 -0.23419 0.504674
 0.356241 -0.233998  0.504459
0.356418 -0.23381 0.504249
 0.356591 -0.233626  0.504045
 0.356759 -0.233447  0.503845
 0.356923 -0.233272   0.50365
 0.357083 -0.233102  0.503461
 0.357239 -0.232937  0.503276
  0.35739 -0.232776  0.503097
0.357537 -0.23262 0.502922
  0.35768 -0.232468  0.502753
0.357818 -0.23232 0.502588
 0.357953 -0.232178  0.502429
 0.358083 -0.232039  0.502275
 0.358208 -0.231906  0.502126
  0.35833 -0.231777  0.501982
 0.358447 -0.231652  0.501843
  0.35856 -0.231532  0.501709
 0.358668 -0.231416   0.50158
 0.358773 -0.231305  0.501456
 0.358873 -0.231198  0.501337
 0.358969 -0.231097  0.501223
 0.359061 -0.230999  0.501114
 0.359148 -0.230906  0.501011
 0.359231 -0.230818  0.500912
  0.35931 -0.230734  0.500819
 0.359385 -0.230654   0.50073
0.359455 -0.23058 0.500647
 0.359521 -0.230509  0.500568
 0.359583 -0.230444  0.500495
  0.35964 -0.230383  0.500427
 0.359694 -0.230326  0.500364
 0.359743 -0.230274  0.500305
 0.359787 -0.230226  0.500252
 0.359828 -0.230183  0.500204
 0.359864 -0.230145  0.500161
 0.359896 -0.230111  0.500124
 0.359924 -0.230081  0.500091
 0.359947 -0.230056  0.500063
 0.359966 -0.230036   0.50004
0.359981 -0.23002 0.500023
 0.359992 -0.230009   0.50001
 0.359998 -0.230002  0.500002
 0.36 -0.23   0.5
 0.36 -0.23   0.5
 0.36 -0.23   0.5
 0.36 -0.23   0.5
 0.36 -0.23   0.5
 0.36 -0.23   0.5
 0.36 -0.23   0.5
 0.36 -0.23   0.5
 0.36 -0.23   0.5
 0.36 -0.23   0.5
 0.36 -0.23   0.5
 0.36 -0.23   0.5
 0.36 -0.23   0.5
 0.36 -0.23   0.5
 0.36 -0.23   0.5
 0.36 -0.23   0.5
 0.36 -0.23   0.5
 0.36 -0.23   0.5
 0.36 -0.23   0.5
 0.36 -0.23   0.5
 0.36 -0.23   0.5
 0.36 -0.23   0.5
 0.36 -0.23   0.5
 0.36 -0.23   0.5
 0.36 -0.23   0.5
 0.36 -0.23   0.5
 0.36 -0.23   0.5
 0.36 -0.23   0.5
 0.36 -0.23   0.5
 0.36 -0.23   0.5
 0.36 -0.23   0.5
 0.36 -0.23   0.5
 0.36 -0.23   0.5
 0.36 -0.23   0.5
 0.36 -0.23   0.5
 0.36 -0.23   0.5
 0.36 -0.23   0.5
 0.36 -0.23   0.5
 0.36 -0.23   0.5
 0.36 -0.23   0.5
 0.36 -0.23   0.5
 0.36 -0.23   0.5
 0.36 -0.23   0.5
 0.36 -0.23   0.5
 0.36 -0.23   0.5
 0.36 -0.23   0.5
 0.36 -0.23   0.5
 0.36 -0.23   0.5
 0.36 -0.23   0.5
 0.36 -0.23   0.5
 0.36 -0.23   0.5
 0.36 -0.23   0.5
 0.36 -0.23   0.5
 0.36 -0.23   0.5
 0.36 -0.23   0.5
 0.36 -0.23   0.5
 0.36 -0.23   0.5
 0.36 -0.23   0.5
 0.36 -0.23   0.5
 0.36 -0.23   0.5
 0.36 -0.23   0.5
 0.36 -0.23   0.5
 0.36 -0.23   0.5
 0.36 -0.23   0.5
 0.36 -0.23   0.5
 0.36 -0.23   0.5
 0.36 -0.23   0.5
 0.36 -0.23   0.5
 0.36 -0.23   0.5
 0.36 -0.23   0.5
 0.36 -0.23   0.5
 0.36 -0.23   0.5
 0.36 -0.23   0.5
 0.36 -0.23   0.5
 0.36 -0.23   0.5
 0.36 -0.23   0.5
 0.36 -0.23   0.5
 0.36 -0.23   0.5
 0.36 -0.23   0.5
 0.36 -0.23   0.5
 0.36 -0.23   0.5
 0.36 -0.23   0.5
 0.36 -0.23   0.5
 0.36 -0.23   0.5
 0.36 -0.23   0.5
 0.36 -0.23   0.5
 0.36 -0.23   0.5
 0.36 -0.23   0.5
 0.36 -0.23   0.5
 0.36 -0.23   0.5
 0.36 -0.23   0.5
 0.36 -0.23   0.5
 0.36 -0.23   0.5
 0.36 -0.23   0.5
 0.36 -0.23   0.5
 0.36 -0.23   0.5
 0.36 -0.23   0.5
 0.36 -0.23   0.5
 0.36 -0.23   0.5
 0.36 -0.23   0.5
 0.36 -0.23   0.5
 0.36 -0.23   0.5
 0.36 -0.23   0.5
 0.36 -0.23   0.5
 0.36 -0.23   0.5
 0.36 -0.23   0.5
 0.36 -0.23   0.5
 0.36 -0.23   0.5
 0.36 -0.23   0.5
 0.36 -0.23   0.5
 0.36 -0.23   0.5
 0.36 -0.23   0.5
 0.36 -0.23   0.5
 0.36 -0.23   0.5
 0.36 -0.23   0.5
 0.36 -0.23   0.5
 0.36 -0.23   0.5
 0.36 -0.23   0.5
 0.36 -0.23   0.5
 0.36 -0.23   0.5
 0.36 -0.23   0.5
 0.36 -0.23   0.5
 0.36 -0.23   0.5
 0.36 -0.23   0.5
 0.36 -0.23   0.5
 0.36 -0.23   0.5
 0.36 -0.23   0.5
 0.36 -0.23   0.5
 0.36 -0.23   0.5
 0.36 -0.23   0.5
 0.36 -0.23   0.5
 0.36 -0.23   0.5
 0.36 -0.23   0.5
 0.36 -0.23   0.5
 0.36 -0.23   0.5
 0.36 -0.23   0.5
 0.36 -0.23   0.5
 0.36 -0.23   0.5
 0.36 -0.23   0.5
 0.36 -0.23   0.5
 0.36 -0.23   0.5
 0.36 -0.23   0.5
 0.36 -0.23   0.5
 0.36 -0.23   0.5
 0.36 -0.23   0.5
 0.36 -0.23   0.5
 0.36 -0.23   0.5
 0.36 -0.23   0.5
 0.36 -0.23   0.5
 0.36 -0.23   0.5
 0.36 -0.23   0.5
 0.36 -0.23   0.5
 0.36 -0.23   0.5
 0.36 -0.23   0.5
 0.36 -0.23   0.5
 0.36 -0.23   0.5
 0.36 -0.23   0.5
 0.36 -0.23   0.5
 0.36 -0.23   0.5
 0.36 -0.23   0.5
 0.36 -0.23   0.5
 0.36 -0.23   0.5
 0.36 -0.23   0.5
 0.36 -0.23   0.5
 0.36 -0.23   0.5
 0.36 -0.23   0.5
 0.36 -0.23   0.5
 0.36 -0.23   0.5
 0.36 -0.23   0.5
 0.36 -0.23   0.5
 0.36 -0.23   0.5
 0.36 -0.23   0.5
 0.36 -0.23   0.5
 0.36 -0.23   0.5
 0.36 -0.23   0.5
 0.36 -0.23   0.5
 0.36 -0.23   0.5
 0.36 -0.23   0.5
 0.36 -0.23   0.5
 0.36 -0.23   0.5
 0.36 -0.23   0.5
 0.36 -0.23   0.5
 0.36 -0.23   0.5
 0.36 -0.23   0.5
 0.36 -0.23   0.5
 0.36 -0.23   0.5
 0.36 -0.23   0.5
 0.36 -0.23   0.5
 0.36 -0.23   0.5
 0.36 -0.23   0.5
 0.36 -0.23   0.5
 0.36 -0.23   0.5
 0.36 -0.23   0.5
 0.36 -0.23   0.5
 0.36 -0.23   0.5
 0.36 -0.23   0.5
 0.36 -0.23   0.5
 0.36 -0.23   0.5
 0.36 -0.23   0.5
 0.36 -0.23   0.5
 0.36 -0.23   0.5
 0.36 -0.23   0.5
 0.36 -0.23   0.5
 0.36 -0.23   0.5
 0.36 -0.23   0.5
 0.36 -0.23   0.5
 0.36 -0.23   0.5
 0.36 -0.23   0.5
 0.36 -0.23   0.5
 0.36 -0.23   0.5
 0.36 -0.23   0.5
 0.36 -0.23   0.5
 0.36 -0.23   0.5
 0.36 -0.23   0.5
 0.36 -0.23   0.5
 0.36 -0.23   0.5
 0.36 -0.23   0.5
 0.36 -0.23   0.5
 0.36 -0.23   0.5
 0.36 -0.23   0.5
 0.36 -0.23   0.5
 0.36 -0.23   0.5
 0.36 -0.23   0.5
 0.36 -0.23   0.5
 0.36 -0.23   0.5
 0.36 -0.23   0.5
 0.36 -0.23   0.5
 0.36 -0.23   0.5
 0.36 -0.23   0.5
 0.36 -0.23   0.5
 0.36 -0.23   0.5
 0.36 -0.23   0.5
 0.36 -0.23   0.5
 0.36 -0.23   0.5
 0.36 -0.23   0.5
 0.36 -0.23   0.5
 0.36 -0.23   0.5
 0.36 -0.23   0.5
 0.36 -0.23   0.5
 0.36 -0.23   0.5
 0.36 -0.23   0.5
 0.36 -0.23   0.5
 0.36 -0.23   0.5
 0.36 -0.23   0.5
 0.36 -0.23   0.5
 0.36 -0.23   0.5
 0.36 -0.23   0.5
 0.36 -0.23   0.5
 0.36 -0.23   0.5
 0.36 -0.23   0.5
 0.36 -0.23   0.5
 0.36 -0.23   0.5
 0.36 -0.23   0.5
 0.36 -0.23   0.5
 0.36 -0.23   0.5
 0.36 -0.23   0.5
 0.36 -0.23   0.5
 0.36 -0.23   0.5
 0.36 -0.23   0.5
 0.36 -0.23   0.5
 0.36 -0.23   0.5
 0.36 -0.23   0.5
 0.36 -0.23   0.5
 0.36 -0.23   0.5
 0.36 -0.23   0.5
 0.36 -0.23   0.5
 0.36 -0.23   0.5
 0.36 -0.23   0.5
 0.36 -0.23   0.5
 0.36 -0.23   0.5
 0.36 -0.23   0.5
 0.36 -0.23   0.5
 0.36 -0.23   0.5
 0.36 -0.23   0.5
 0.36 -0.23   0.5
 0.36 -0.23   0.5
 0.36 -0.23   0.5
 0.36 -0.23   0.5
 0.36 -0.23   0.5
 0.36 -0.23   0.5
 0.36 -0.23   0.5
 0.36 -0.23   0.5
 0.36 -0.23   0.5
 0.36 -0.23   0.5
 0.36 -0.23   0.5
 0.36 -0.23   0.5
 0.36 -0.23   0.5
 0.36 -0.23   0.5
 0.36 -0.23   0.5
 0.36 -0.23   0.5
 0.36 -0.23   0.5
 0.36 -0.23   0.5
 0.36 -0.23   0.5
 0.36 -0.23   0.5
 0.36 -0.23   0.5
 0.36 -0.23   0.5
 0.36 -0.23   0.5
 0.36 -0.23   0.5
 0.36 -0.23   0.5
 0.36 -0.23   0.5
 0.36 -0.23   0.5
 0.36 -0.23   0.5
 0.36 -0.23   0.5
 0.36 -0.23   0.5
 0.36 -0.23   0.5
 0.36 -0.23   0.5
 0.36 -0.23   0.5
 0.36 -0.23   0.5
 0.36 -0.23   0.5
 0.36 -0.23   0.5
 0.36 -0.23   0.5
 0.36 -0.23   0.5
 0.36 -0.23   0.5
 0.36 -0.23   0.5
 0.36 -0.23   0.5
 0.36 -0.23   0.5
 0.36 -0.23   0.5
 0.36 -0.23   0.5
 0.36 -0.23   0.5
 0.36 -0.23   0.5
 0.36 -0.23   0.5
 0.36 -0.23   0.5
 0.36 -0.23   0.5
 0.36 -0.23   0.5
 0.36 -0.23   0.5
 0.36 -0.23   0.5
 0.36 -0.23   0.5
 0.36 -0.23   0.5
 0.36 -0.23   0.5
 0.36 -0.23   0.5
 0.36 -0.23   0.5
 0.36 -0.23   0.5
 0.36 -0.23   0.5
 0.36 -0.23   0.5
 0.36 -0.23   0.5
 0.36 -0.23   0.5
 0.36 -0.23   0.5
 0.36 -0.23   0.5
 0.36 -0.23   0.5
 0.36 -0.23   0.5
 0.36 -0.23   0.5
 0.36 -0.23   0.5
 0.36 -0.23   0.5
 0.36 -0.23   0.5
 0.36 -0.23   0.5
 0.36 -0.23   0.5
 0.36 -0.23   0.5
 0.36 -0.23   0.5
 0.36 -0.23   0.5
 0.36 -0.23   0.5
 0.36 -0.23   0.5
 0.36 -0.23   0.5
 0.36 -0.23   0.5
 0.36 -0.23   0.5
 0.36 -0.23   0.5
 0.36 -0.23   0.5
 0.36 -0.23   0.5
 0.36 -0.23   0.5
 0.36 -0.23   0.5
 0.36 -0.23   0.5
 0.36 -0.23   0.5
 0.36 -0.23   0.5
 0.36 -0.23   0.5
 0.36 -0.23   0.5
 0.36 -0.23   0.5
 0.36 -0.23   0.5
 0.36 -0.23   0.5
 0.36 -0.23   0.5
 0.36 -0.23   0.5
 0.36 -0.23   0.5
 0.36 -0.23   0.5
 0.36 -0.23   0.5
 0.36 -0.23   0.5
 0.36 -0.23   0.5
 0.36 -0.23   0.5
 0.36 -0.23   0.5
 0.36 -0.23   0.5
 0.36 -0.23   0.5
 0.36 -0.23   0.5
 0.36 -0.23   0.5
 0.36 -0.23   0.5
 0.36 -0.23   0.5
 0.36 -0.23   0.5
 0.36 -0.23   0.5
 0.36 -0.23   0.5
 0.36 -0.23   0.5
 0.36 -0.23   0.5
 0.36 -0.23   0.5
 0.36 -0.23   0.5
 0.36 -0.23   0.5
 0.36 -0.23   0.5
 0.36 -0.23   0.5
 0.36 -0.23   0.5
 0.36 -0.23   0.5
 0.36 -0.23   0.5
 0.36 -0.23   0.5
 0.36 -0.23   0.5
 0.36 -0.23   0.5
 0.36 -0.23   0.5
 0.36 -0.23   0.5
 0.36 -0.23   0.5
 0.36 -0.23   0.5
 0.36 -0.23   0.5
 0.36 -0.23   0.5
 0.36 -0.23   0.5
 0.36 -0.23   0.5
 0.36 -0.23   0.5
 0.36 -0.23   0.5
 0.36 -0.23   0.5
 0.36 -0.23   0.5
 0.36 -0.23   0.5
 0.36 -0.23   0.5
 0.36 -0.23   0.5
 0.36 -0.23   0.5
 0.36 -0.23   0.5
 0.36 -0.23   0.5
 0.36 -0.23   0.5
 0.36 -0.23   0.5
 0.36 -0.23   0.5
 0.36 -0.23   0.5
 0.36 -0.23   0.5
 0.36 -0.23   0.5
 0.36 -0.23   0.5
 0.36 -0.23   0.5
 0.36 -0.23   0.5
 0.36 -0.23   0.5
 0.36 -0.23   0.5
 0.36 -0.23   0.5
 0.36 -0.23   0.5
 0.36 -0.23   0.5
 0.36 -0.23   0.5
 0.36 -0.23   0.5
 0.36 -0.23   0.5
 0.36 -0.23   0.5
 0.36 -0.23   0.5
 0.36 -0.23   0.5
 0.36 -0.23   0.5
 0.36 -0.23   0.5
 0.36 -0.23   0.5
 0.36 -0.23   0.5
 0.36 -0.23   0.5
 0.36 -0.23   0.5
 0.36 -0.23   0.5
 0.36 -0.23   0.5
 0.36 -0.23   0.5
 0.36 -0.23   0.5
 0.36 -0.23   0.5
 0.36 -0.23   0.5
 0.36 -0.23   0.5
 0.36 -0.23   0.5
 0.36 -0.23   0.5
 0.36 -0.23   0.5
 0.36 -0.23   0.5
 0.36 -0.23   0.5
 0.36 -0.23   0.5
 0.36 -0.23   0.5
 0.36 -0.23   0.5
 0.36 -0.23   0.5
 0.36 -0.23   0.5
 0.36 -0.23   0.5
 0.36 -0.23   0.5
 0.36 -0.23   0.5
 0.36 -0.23   0.5
 0.36 -0.23   0.5
 0.36 -0.23   0.5
 0.36 -0.23   0.5
 0.36 -0.23   0.5
 0.36 -0.23   0.5
 0.36 -0.23   0.5
 0.36 -0.23   0.5
 0.36 -0.23   0.5
 0.36 -0.23   0.5
