5.00679e-06
0.0079031
0.018244
0.028728
0.0385752
0.0486312
0.0586872
0.0687442
0.078799
0.0888672
0.0989211
0.108976
0.11903
0.129085
0.13914
0.149195
0.15925
0.169318
0.179372
0.189427
0.199481
0.209535
0.219588
0.229642
0.239696
0.249751
0.259807
0.269861
0.279917
0.289982
0.300036
0.310091
0.320146
0.330212
0.340294
0.350349
0.360402
0.370477
0.380531
0.39059
0.400643
0.410699
0.420752
0.430824
0.440906
0.450971
0.461048
0.471119
0.481183
0.491249
0.501315
0.511383
0.521446
0.5315
0.541562
0.551616
0.561669
0.571722
0.581779
0.591837
0.601892
0.611949
0.622005
0.632061
0.642117
0.652172
0.662227
0.672283
0.682341
0.6924
0.702459
0.712517
0.722576
0.732642
0.742711
0.752768
0.762829
0.772887
0.782946
0.793003
0.803061
0.813119
0.823176
0.833235
0.843291
0.853349
0.863392
0.873452
0.883517
0.893583
0.903654
0.913713
0.92377
0.933836
0.943902
0.953967
0.964032
0.974098
0.984165
0.994231
1.0043
1.01436
1.02443
1.0345
1.04457
1.05464
1.0647
1.07475
1.08482
1.0949
1.10497
1.11504
1.12511
1.13517
1.14524
1.1553
1.16536
1.17543
1.1855
1.19556
1.20562
1.21568
1.22574
1.2358
1.24586
1.25592
1.26597
1.27603
1.28609
1.29616
1.30623
1.31629
1.32636
1.33642
1.34648
1.35653
1.36659
1.37666
1.38673
1.39678
1.40684
1.4169
1.42696
1.43703
1.44709
1.45714
1.4672
1.47725
1.48732
1.49738
1.50745
1.5175
1.52755
1.53761
1.54767
1.55772
1.56778
1.57783
1.58791
1.59798
1.60805
1.6181
1.62816
1.63822
1.64828
1.65836
1.66842
1.67848
1.68853
1.69859
1.70864
1.7187
1.72876
1.73882
1.74887
1.75893
1.76899
1.77905
1.7891
1.79916
1.80923
1.81928
1.82934
1.8394
1.84945
1.85951
1.86957
1.87963
1.88969
1.89975
1.9098
1.91988
1.92994
1.93999
1.95005
1.96011
1.97017
1.98024
1.9903
2.00037
2.01065
2.02071
2.03076
2.04084
2.05089
2.06095
2.07101
2.08108
2.09114
2.10119
2.11125
2.1213
2.13136
2.14143
2.1515
2.16155
2.17162
2.18169
2.19175
2.20182
2.21188
2.22195
2.23201
2.24208
2.25214
2.2622
2.27227
2.28232
2.29239
2.30245
2.3125
2.32257
2.33263
2.3427
2.35276
2.36281
2.37287
2.38293
2.39298
2.40304
2.4131
2.42316
2.43322
2.44328
2.45333
2.46339
2.47345
2.48351
2.49357
2.50363
2.51369
2.52375
2.5338
2.54386
2.55392
2.56397
2.57403
2.58409
2.59414
2.60421
2.61428
2.62434
2.6344
2.64445
2.65452
2.66457
2.67465
2.6847
2.69476
2.70483
2.71488
2.72495
2.73502
2.74509
2.75516
2.76523
2.7753
2.78537
2.79543
2.80548
2.81554
2.82561
2.83567
2.84573
2.8558
2.86587
2.87593
2.88603
2.8961
2.90617
2.91622
2.9263
2.93636
2.94643
2.9565
2.96655
2.97661
2.98667
2.99674
3.0068
3.01686
3.02691
3.03697
3.04703
3.05709
3.06714
3.0772
3.08726
3.09732
3.10739
3.11744
3.1275
3.13755
3.14761
3.15766
3.16772
3.17777
3.18783
3.19788
3.20794
3.218
3.22806
3.23811
3.24817
3.25824
3.26829
3.27835
3.2884
3.29846
3.30851
3.31857
3.32862
3.33868
3.34874
3.3588
3.36885
3.37891
3.38896
3.39902
3.40909
3.41914
3.4292
3.43926
3.44931
3.45937
3.46942
3.47948
3.48954
3.49959
3.50965
3.51971
3.52978
3.53984
3.5499
3.55997
3.57002
3.58009
3.59016
3.60021
3.61028
3.62034
3.63041
3.64046
3.65051
3.66057
3.67062
3.68068
3.69073
3.70079
3.71086
3.72093
3.73099
3.74106
3.75113
3.76118
3.77124
3.7813
3.79135
3.80141
3.81147
3.82153
3.8316
3.84167
3.85173
3.86179
3.87186
3.88193
3.89198
3.90205
3.91211
3.92216
3.93222
3.94228
3.95234
3.9624
3.97246
3.98253
3.99259
4.00265
4.01271
4.02277
4.03284
4.04289
4.05295
4.06302
4.07306
4.08312
4.09318
4.10323
4.1133
4.12337
4.13344
4.1435
4.15356
4.16362
4.17367
4.18373
4.19378
4.20384
4.21389
4.22395
4.234
4.24406
4.25411
4.26417
4.27422
4.28429
4.29436
4.30443
4.31449
4.32455
4.33462
4.34467
4.35473
4.36478
4.37484
4.38489
4.39495
4.405
4.41506
4.42512
4.43518
4.44524
4.4553
4.46536
4.47542
4.48547
4.49552
4.50558
4.51565
4.5257
4.53576
4.54583
4.55589
4.56596
4.57602
4.58609
4.59614
4.6062
4.61625
4.62631
4.63636
4.64643
4.65649
4.66655
4.67661
4.68667
4.69673
4.70678
4.71684
4.7269
4.73695
4.74701
4.75706
4.76712
4.77717
4.78723
4.79729
4.80735
4.8174
4.82746
4.83752
4.84757
4.85763
4.86778
4.87783
4.88793
4.89799
4.90804
4.9181
4.92816
4.93821
4.94829
4.95834
4.9684
4.97845
4.98851
4.99857
5.00862
5.01868
5.02879
5.03885
5.0489
5.05898
5.06905
5.07912
5.08918
5.09923
5.10929
5.11935
5.1294
5.13946
5.14952
5.15958
5.16959
5.17965
5.18971
5.19978
5.20984
5.21996
5.23001
5.24007
5.25014
5.26022
5.27036
5.28042
5.29046
5.30053
5.31062
5.3207
5.33077
5.34085
5.35092
5.36099
5.37106
5.38113
5.39121
5.4013
5.41139
5.42146
5.43154
5.44163
5.4517
5.46179
5.47188
5.48197
5.49206
5.50215
5.51222
5.52228
5.53236
5.54242
5.55248
5.56256
5.57262
5.5827
5.59279
5.60285
5.61293
5.623
5.63307
5.64316
5.65324
5.66331
5.67338
5.68347
5.69352
5.70359
5.71367
5.72374
5.73379
5.74387
5.75393
5.76401
5.77408
5.78415
5.79421
5.80428
5.81433
5.82438
5.83445
5.84451
5.85457
5.86463
5.87469
5.88475
5.89482
5.90488
5.91495
5.92501
5.93507
5.94513
5.95521
5.96526
5.97533
5.98541
5.99547
6.00553
6.01558
6.02565
6.03571
6.04577
6.05585
6.0659
6.07597
6.08604
6.09609
6.10616
6.11622
6.12628
6.13633
6.14644
6.15649
6.16656
6.17663
6.1867
6.19677
6.20678
6.21684
6.22689
6.23695
6.24702
6.25708
6.26713
6.27721
6.28727
6.29734
6.30741
6.31747
6.32754
6.33759
6.34767
6.35773
6.36779
6.37785
6.38787
6.39793
6.40799
6.41804
6.42812
6.43817
6.44823
6.45828
6.46834
6.4784
6.48845
6.49852
6.50858
6.51864
6.52869
6.53875
6.5488
6.55886
6.56891
6.579
6.58907
6.59913
6.60918
6.61924
6.62931
6.63936
6.64943
6.6595
6.66956
6.67963
6.68971
6.69978
6.70985
6.71992
6.72998
6.74003
6.75009
6.76019
6.77026
6.78032
6.79036
6.80041
6.81047
6.82053
6.83061
6.84067
6.85073
6.86077
6.87083
6.88091
6.89098
6.90106
6.91111
6.92117
6.93122
6.94129
6.95136
6.96142
6.97148
6.98154
6.99161
7.00167
7.01174
7.0218
7.03187
7.04196
7.05201
7.06208
7.07215
7.08222
7.09229
7.10235
7.11241
7.12255
7.13261
7.14268
7.15275
7.16282
7.1729
7.18307
7.1931
7.20312
7.21321
7.22328
7.23334
7.24357
7.25362
7.2637
7.27376
7.28381
7.29387
7.30392
7.31398
7.32406
7.33415
7.3442
7.35426
7.36429
7.37434
7.38443
7.3945
7.40458
7.41466
7.42475
7.43484
7.44493
7.45501
7.46509
7.47516
7.48524
7.49531
7.50537
7.51554
7.52559
7.53561
7.54571
7.55579
7.56587
7.57595
7.58604
7.5961
7.60619
7.61628
7.62636
7.63643
7.6465
7.65657
7.66665
7.67673
7.68682
7.69689
7.70696
7.71702
7.72709
7.73717
7.74725
7.75733
7.76741
7.77751
7.7876
7.79768
7.80777
7.81791
7.82797
7.83803
7.84808
7.85815
7.86823
7.87832
7.88841
7.89849
7.90854
7.91862
7.92869
7.93875
7.94882
7.9589
7.96898
7.97905
7.98911
7.99917
8.00923
8.01928
8.02934
8.03941
8.04949
8.05954
8.06959
8.07965
8.08973
8.0998
8.10986
8.11993
8.13001
8.14009
8.15015
8.16027
8.17034
8.18035
8.19041
8.20047
8.21053
8.2206
8.23066
8.24072
8.25078
8.26084
8.2709
8.28096
8.29102
8.30107
8.31113
8.32119
8.33126
8.34132
8.35137
8.36144
8.37153
8.38161
8.39169
8.40178
8.41185
8.42191
8.43197
8.44205
8.45211
8.46221
8.47228
8.48234
8.49243
8.50252
8.5126
8.52266
8.53275
8.54282
8.55292
8.56299
8.57308
8.58314
8.59321
8.6033
8.61337
8.62344
8.63352
8.6436
8.65369
8.66378
8.67386
8.68395
8.69403
8.70412
8.71421
8.7243
8.73438
8.74448
8.75457
8.76466
8.77472
8.78478
8.79484
8.80491
8.81497
8.82504
8.8351
8.84517
8.85524
8.86529
8.87536
8.88542
8.89547
8.90554
8.9156
8.92566
8.93572
8.94577
8.95583
8.96588
8.97594
8.986
8.99605
9.00611
9.01616
9.02622
9.03628
9.04634
9.0564
9.06647
9.07653
9.08661
9.09666
9.10672
9.11678
9.12685
9.13692
9.14698
9.15702
9.16707
9.17715
9.18723
9.19732
9.20742
9.21752
9.22761
9.23767
9.24775
9.25782
9.26788
9.27796
9.28802
9.29809
9.30817
9.31826
9.32835
9.33843
9.3485
9.35857
9.36862
9.37868
9.38873
9.39883
9.40893
9.41899
9.42907
9.43916
9.44922
9.45928
9.46933
9.47941
9.48946
9.49952
9.50957
9.51963
9.5297
9.53977
9.54983
9.55988
9.56994
9.58
9.59006
9.60011
9.61017
9.62023
9.63029
9.64038
9.65044
9.66053
9.67062
9.68071
9.69082
9.70088
9.71093
9.72099
9.73105
9.74114
9.7512
9.76129
9.77139
9.78148
9.79158
9.80164
9.81173
9.82179
9.83188
9.84196
9.85205
9.86222
9.8723
9.88236
9.89241
9.9025
9.91263
9.92269
9.93275
9.94281
9.95284
9.96297
9.97305
9.9831
9.99316
10.0032
10.0134
10.0234
10.0335
10.0436
10.0536
10.0637
10.0738
10.0838
10.0939
10.1039
10.114
10.124
10.1341
10.1442
10.1543
10.1644
10.1744
10.1845
10.1946
10.2046
10.2147
10.2248
10.2348
10.2449
10.255
10.2651
10.2752
10.2853
10.2955
10.3056
10.3156
10.3257
10.3358
10.3459
10.3559
10.366
10.3761
10.3861
10.3963
10.4063
10.4164
10.4265
10.4366
10.4467
10.4567
10.4668
10.4769
10.4869
10.497
10.5071
10.5171
10.5272
10.5373
10.5474
10.5574
10.5675
10.5776
10.5876
10.5977
10.6078
10.6179
10.628
10.6381
10.6482
10.6582
10.6683
10.6784
10.6884
10.6985
10.7086
10.7187
10.7288
10.7389
10.7489
10.759
10.7691
10.7792
10.7893
10.7994
10.8094
10.8195
10.8296
10.8397
10.8498
10.8598
10.8699
10.8799
10.89
10.9001
10.9103
10.9204
10.9304
10.9405
10.9505
10.9607
10.9708
10.9808
10.9909
11.0009
11.011
11.0211
11.0311
11.0412
11.0512
11.0614
11.0714
11.0815
11.0915
11.1016
11.1116
11.1217
11.1318
11.1418
11.1519
11.1619
11.172
11.182
11.1921
11.2022
11.2123
11.2223
11.2324
11.2425
11.2526
11.2626
11.2727
11.2828
11.2928
11.3029
11.313
11.3231
11.3331
11.3432
11.3533
11.3634
11.3735
11.3836
11.3937
11.4039
11.414
11.424
11.4341
11.4441
11.4542
11.4643
11.4743
11.4844
11.4945
11.5045
11.5146
11.5247
11.5347
11.5448
11.5549
11.565
11.5751
11.5851
11.5952
11.6053
11.6154
11.6254
11.6355
11.6456
11.6557
11.6658
11.6759
11.686
11.696
11.7061
11.7161
11.7262
11.7363
11.7463
11.7564
11.7664
11.7765
11.7866
11.7967
11.8067
11.8168
11.8269
11.8369
11.847
11.857
11.8671
11.8772
11.8873
11.8974
11.9074
11.9174
11.9275
11.9375
11.9476
11.9577
11.9678
11.9779
11.988
11.998
12.0081
12.0181
12.0282
12.0383
12.0483
12.0584
12.0685
12.0785
12.0886
12.0986
12.1087
12.1188
12.1288
12.1389
12.1489
12.159
12.1691
12.1791
12.1892
12.1992
12.2093
12.2193
12.2294
12.2395
12.2495
12.2596
12.2697
12.2798
12.2899
12.3
12.31
12.3201
12.3302
12.3403
12.3504
12.3604
12.3705
12.3806
12.3907
12.4008
12.4108
12.4209
12.431
12.4411
12.4512
12.4612
12.4713
12.4814
12.4915
12.5015
12.5116
12.5217
12.5317
12.5418
12.5519
12.5619
12.572
12.5821
12.5921
12.6022
12.6123
12.6223
12.6324
12.6425
12.6525
12.6626
12.6727
12.6828
12.6928
12.7029
12.7129
12.723
12.733
12.7431
12.7532
12.7632
12.7733
12.7834
12.7934
12.8035
12.8136
12.8237
12.8337
12.8438
12.8539
12.864
12.8741
12.8842
12.8944
12.9045
12.9146
12.9247
12.9348
12.9448
12.9549
12.965
12.975
12.9851
12.9951
13.0052
13.0153
13.0253
13.0354
13.0455
13.0555
13.0656
13.0757
13.0857
13.0958
13.1058
13.1159
13.1259
13.136
13.1461
13.1561
13.1662
13.1762
13.1863
13.1964
13.2065
13.2166
13.2267
13.2367
13.2468
13.2568
13.2669
13.2769
13.287
13.297
13.3071
13.3172
13.3272
13.3373
13.3473
13.3574
13.3675
13.3775
13.3876
13.3977
13.4077
13.4178
13.4278
13.4379
13.4479
13.458
13.4681
13.4781
13.4882
13.4982
13.5083
13.5184
13.5284
13.5385
13.5486
13.5586
13.5687
13.5788
13.5888
13.5989
13.609
13.6191
13.6291
13.6392
13.6493
13.6594
13.6695
13.6796
13.6897
13.6997
13.7098
13.7199
13.73
13.74
13.7501
13.7601
13.7702
13.7803
13.7903
13.8004
13.8104
13.8205
13.8305
13.8406
13.8507
13.8607
13.8708
13.8809
13.8909
13.901
13.9111
13.9211
13.9312
13.9412
13.9513
13.9614
13.9714
13.9815
13.9915
14.0016
14.0117
14.0218
14.0318
14.0419
14.052
14.062
14.0721
14.0822
14.0922
14.1023
14.1123
14.1224
14.1325
14.1425
14.1526
14.1627
14.1727
14.1828
14.1929
14.2029
14.213
14.223
14.2331
14.2431
14.2532
14.2633
14.2733
14.2834
14.2934
14.3035
14.3136
14.3236
14.3337
14.3437
14.3538
14.3639
14.3739
14.384
14.3941
14.4041
14.4142
14.4242
14.4343
14.4444
14.4544
14.4645
14.4745
14.4846
14.4947
14.5047
14.5148
14.5249
14.535
14.545
14.5551
14.5651
14.5752
14.5853
14.5953
14.6054
14.6154
14.6255
14.6356
14.6456
14.6557
14.6658
14.6758
14.6859
14.696
14.7061
14.7161
14.7262
14.7362
14.7463
14.7564
14.7665
14.7765
14.7866
14.7967
14.8068
14.8168
14.8268
14.8369
14.847
14.8571
14.8672
14.8772
14.8873
14.8974
14.9075
14.9176
14.9277
14.9377
14.9478
14.9579
14.968
14.9781
14.9881
14.9982
15.0083
15.0183
15.0284
15.0384
15.0485
15.0586
15.0687
15.0788
15.0889
15.099
15.109
15.1191
15.1292
15.1393
15.1494
15.1594
15.1695
15.1796
15.1896
15.1997
15.2098
15.22
15.23
15.2401
15.2502
15.2602
15.2703
15.2804
15.2904
15.3004
15.3105
15.3206
15.3306
15.3407
15.3508
15.3609
15.3709
15.381
15.3911
15.4011
15.4112
15.4213
15.4314
15.4414
15.4515
15.4616
15.4717
15.4818
15.4918
15.5019
15.512
15.5221
15.5322
15.5423
15.5523
15.5624
15.5725
15.5826
15.5927
15.6028
15.6129
15.623
15.6331
15.6431
15.6532
15.6632
15.6733
15.6835
15.6936
15.7037
15.7137
15.7239
15.7339
15.744
15.7541
15.7641
15.7742
15.7843
15.7943
15.8044
15.8145
15.8246
15.8347
15.8447
15.8548
15.8648
15.8749
15.8849
15.8951
15.9051
15.9152
15.9253
15.9353
15.9454
15.9555
15.9655
15.9756
15.9857
15.9957
16.0058
16.0159
16.026
16.0361
16.0462
16.0562
16.0663
16.0764
16.0864
16.0965
16.1065
16.1166
16.1267
16.1368
16.1468
16.1569
16.167
16.1771
16.1872
16.1973
16.2074
16.2175
16.2276
16.2377
16.2478
16.2578
16.2679
16.278
16.2881
16.2983
16.3084
16.3185
16.3286
16.3386
16.3487
16.3588
16.3689
16.3789
16.389
16.399
16.4091
16.4193
16.4294
16.4395
16.4495
16.4596
16.4697
16.4798
16.4898
16.4999
16.51
16.52
16.5301
16.5402
16.5502
16.5603
16.5704
16.5805
16.5906
16.6007
16.6108
16.6209
16.631
16.641
16.6511
16.6612
16.6713
16.6814
16.6914
16.7015
16.7116
16.7217
16.7317
16.7418
16.7519
16.7619
16.772
16.7821
16.7921
16.8022
16.8123
16.8223
16.8324
16.8424
16.8525
16.8626
16.8727
16.8828
16.8929
16.903
16.913
16.9231
16.9332
16.9432
16.9533
16.9634
16.9734
16.9835
16.9936
17.0036
17.0137
17.0238
17.0338
17.0439
17.054
17.0641
17.0742
17.0842
17.0943
17.1044
17.1145
17.1245
17.1346
17.1447
17.1548
17.1648
17.1749
17.185
17.195
17.2051
17.2152
17.2253
17.2354
17.2454
17.2555
17.2656
17.2756
17.2857
17.2958
17.3059
17.3159
17.326
17.336
17.3461
17.3562
17.3663
17.3764
17.3864
17.3965
17.4065
17.4166
17.4266
17.4367
17.4468
17.4568
17.4669
17.477
17.487
17.4971
17.5071
17.5172
17.5273
17.5373
17.5474
17.5574
17.5675
17.5776
17.5876
17.5977
17.6077
17.6178
17.6279
17.6379
17.648
17.6581
17.6681
17.6782
17.6882
17.6983
17.7084
17.7184
17.7285
17.7385
17.7486
17.7586
17.7687
17.7788
17.7889
17.7989
17.809
17.8191
17.8291
17.8392
17.8493
17.8593
17.8694
17.8795
17.8895
17.8996
17.9097
17.9197
17.9298
17.9398
17.9499
17.96
17.97
17.9801
17.9901
18.0002
18.0103
18.0203
18.0304
18.0405
18.0505
18.0606
18.0707
18.0808
18.0908
18.1009
18.111
18.121
18.1311
18.1412
18.1513
18.1613
18.1714
18.1815
18.1915
18.2016
18.2117
18.2217
18.2318
18.2419
18.2519
18.262
18.272
18.2821
18.2922
18.3023
18.3123
18.3224
18.3325
18.3426
18.3527
18.3628
18.3729
18.383
18.393
18.4031
18.4132
18.4232
18.4333
18.4434
18.4536
18.4637
18.4737
18.4838
18.4938
18.504
18.514
18.5241
18.5342
18.5442
18.5543
18.5643
18.5744
18.5845
18.5946
18.6047
18.6148
18.6248
18.6349
18.6449
18.655
18.6651
18.6751
18.6852
18.6953
18.7054
18.7154
18.7255
18.7355
18.7456
18.7557
18.7657
18.7758
18.7859
18.796
18.806
18.8161
18.8262
18.8363
18.8464
18.8564
18.8665
18.8766
18.8867
18.8967
18.9068
18.9169
18.9269
18.937
18.9471
18.9571
18.9672
18.9772
18.9873
18.9973
19.0074
19.0175
19.0275
19.0376
19.0477
19.0577
19.0678
19.0778
19.0879
19.098
19.1081
19.1181
19.1282
19.1383
19.1484
19.1584
19.1685
19.1786
19.1886
19.1987
19.2088
19.2189
19.229
19.2391
19.2492
19.2593
19.2694
19.2794
19.2894
19.2996
19.3096
19.3197
19.3298
19.3398
19.3499
19.36
19.3701
19.3801
19.3902
19.4003
19.4103
19.4204
19.4304
19.4405
19.4506
19.4606
19.4707
19.4807
19.4908
19.5008
19.5109
19.521
19.5311
19.5411
19.5512
19.5613
19.5713
19.5814
19.5915
19.6016
19.6116
19.6217
19.6317
19.6418
19.6519
19.662
19.6721
19.6822
19.6923
19.7024
19.7124
19.7225
19.7326
19.7427
19.7529
19.763
19.773
19.7831
19.7932
19.8032
19.8133
19.8233
19.8335
19.8435
19.8536
19.8637
19.8737
19.8838
19.8939
19.9039
19.914
19.9241
19.9343
19.9444
19.9544
19.9645
19.9746
19.9846
19.9947
20.0047
20.0148
20.0249
20.0349
20.045
20.0551
20.0652
20.0752
20.0853
20.0954
20.1055
20.1155
20.1256
20.1357
20.1458
20.1559
20.166
20.176
20.1861
20.1962
20.2063
20.2164
20.2264
20.2365
20.2466
20.2567
20.2668
20.2768
20.2869
20.297
20.3071
20.3172
20.3273
20.3373
20.3474
20.3575
20.3676
20.3776
20.3877
20.3978
20.4079
20.4179
20.428
20.4381
20.4482
20.4582
20.4683
20.4784
20.4885
20.4985
20.5086
20.5187
20.5288
20.5389
20.549
20.559
20.5691
20.5792
20.5893
20.5994
20.6095
20.6195
20.6296
20.6397
20.6498
20.6598
20.6699
20.68
20.6902
20.7002
20.7103
20.7204
20.7305
20.7405
20.7506
20.7606
20.7707
20.7808
20.7909
20.8009
20.811
20.821
20.8311
20.8412
20.8512
20.8614
20.8714
20.8815
20.8917
20.9017
20.9118
20.9219
20.9319
20.942
20.9521
20.9621
20.9723
20.9823
20.9924
21.0024
21.0125
21.0225
21.0326
21.0427
21.0528
21.0628
21.0729
21.083
21.0931
21.1031
21.1132
21.1233
21.1333
21.1434
21.1535
21.1635
21.1736
21.1837
21.1937
21.2038
21.2139
21.2239
21.234
21.244
21.2541
21.2642
21.2742
21.2843
21.2944
21.3044
21.3145
21.3246
21.3346
21.3447
21.3548
21.3648
21.3749
21.385
21.395
21.4051
21.4151
21.4252
21.4353
21.4453
21.4554
21.4654
21.4756
21.4856
21.4957
21.5058
21.5159
21.526
21.536
21.5461
21.5562
21.5663
21.5764
21.5865
21.5966
21.6066
21.6167
21.6268
21.6369
21.647
21.657
21.6671
21.6772
21.6873
21.6974
21.7075
21.7175
21.7276
21.7377
21.7478
21.7579
21.7681
21.7782
21.7883
21.7983
21.8084
21.8184
21.8285
21.8385
21.8486
21.8587
21.8687
21.8788
21.8889
21.8989
21.909
21.9191
21.9291
21.9392
21.9493
21.9595
21.9696
21.9796
21.9897
21.9998
22.0098
22.0199
22.0299
22.04
22.0501
22.0602
22.0703
22.0804
22.0904
22.1005
22.1106
22.1207
22.1308
22.141
22.1511
22.1611
22.1712
22.1813
22.1914
22.2015
22.2116
22.2217
22.2317
22.2418
22.2518
22.2619
22.272
22.2821
22.2922
22.3022
22.3123
22.3223
22.3324
22.3425
22.3525
22.3627
22.3728
22.3829
22.3929
22.403
22.413
22.4231
22.4331
22.4432
22.4533
22.4633
22.4734
22.4834
22.4935
22.5035
22.5136
22.5236
22.5337
22.5438
22.5538
22.5639
22.5739
22.584
22.594
22.6041
22.6142
22.6242
22.6343
22.6444
22.6544
22.6645
22.6745
22.6846
22.6947
22.7047
22.7148
22.7248
22.7349
22.745
22.7551
22.7652
22.7753
22.7854
22.7954
22.8055
22.8156
22.8257
22.8358
22.8459
22.8559
22.866
22.8761
22.8862
22.8963
22.9063
22.9164
22.9265
22.9366
22.9466
22.9567
22.9668
22.9769
22.9869
22.997
23.0071
23.0171
23.0273
23.0373
23.0474
23.0575
23.0675
23.0776
23.0876
23.0977
23.1078
23.1178
23.1279
23.1379
23.148
23.158
23.1681
23.1782
23.1882
23.1983
23.2083
23.2184
23.2284
23.2385
23.2486
23.2586
23.2687
23.2787
23.2889
23.2989
23.309
23.3191
23.3292
23.3393
23.3494
23.3594
23.3695
23.3796
23.3897
23.3997
23.4098
23.4198
23.4299
23.44
23.45
23.4601
23.4701
23.4802
23.4903
23.5003
23.5104
23.5205
23.5305
23.5406
23.5506
23.5607
23.5707
23.5808
23.5909
23.6009
23.611
23.6211
23.6311
23.6413
23.6513
23.6614
23.6715
23.6815
23.6916
23.7016
23.7117
23.7217
23.7318
23.7419
23.7519
23.762
23.7721
23.7821
23.7922
23.8023
23.8124
23.8224
23.8325
23.8426
23.8527
23.8628
23.8729
23.883
23.893
23.9032
23.9132
23.9233
23.9334
23.9434
23.9535
23.9636
23.9737
23.9837
23.9938
24.0039
24.0139
24.024
24.0341
24.0442
24.0542
24.0643
24.0744
24.0845
24.0945
24.1046
24.1147
24.1247
24.1349
24.145
24.155
24.1651
24.1752
24.1852
24.1953
24.2053
24.2154
24.2255
24.2355
24.2456
24.2556
24.2658
24.2758
24.2859
24.296
24.306
24.3161
24.3263
24.3364
24.3464
24.3565
24.3666
24.3767
24.3868
24.3968
24.4069
24.4169
24.427
24.4371
24.4472
24.4572
24.4673
24.4773
24.4874
24.4975
24.5075
24.5176
24.5277
24.5378
24.5478
24.5579
24.568
24.5781
24.5881
24.5982
24.6083
24.6183
24.6284
24.6384
24.6485
24.6586
24.6687
24.6787
24.6889
24.6989
24.7089
24.719
24.729
24.7392
24.7492
24.7593
24.7694
24.7795
24.7895
24.7996
24.8096
24.8197
24.8298
24.8398
24.8499
24.86
24.87
24.8801
24.8901
24.9002
24.9103
24.9203
24.9304
24.9405
24.9506
24.9606
24.9707
24.9809
24.9909
25.001
25.0111
25.0211
25.0312
25.0413
25.0513
25.0614
25.0714
25.0815
25.0916
25.1016
25.1117
25.1217
25.1318
25.1418
25.1519
25.162
25.172
25.1821
25.1921
25.2022
25.2123
25.2223
25.2324
25.2424
25.2525
25.2625
25.2726
25.2827
25.2927
25.3028
25.3128
25.3229
25.3329
25.343
25.353
25.3631
25.3732
25.3832
25.3933
25.4034
25.4134
25.4235
25.4335
25.4436
25.4536
25.4637
25.4737
25.4838
25.4938
25.5039
25.514
25.524
25.5341
25.5441
25.5542
25.5643
25.5744
25.5845
25.5946
25.6046
25.6147
25.6248
25.6348
25.6449
25.655
25.665
25.6751
25.6851
25.6952
25.7053
25.7154
25.7254
25.7355
25.7456
25.7557
25.7658
25.7758
25.7859
25.796
25.8061
25.8162
25.8262
25.8363
25.8464
25.8565
25.8665
25.8766
25.8867
25.8967
25.9068
25.9168
25.9269
25.937
25.947
25.9571
25.9672
25.9772
25.9873
25.9973
26.0074
26.0175
26.0275
26.0376
26.0476
26.0577
26.0678
26.0779
26.0879
26.098
26.1081
26.1181
26.1282
26.1383
26.1483
26.1584
26.1685
26.1785
26.1886
26.1986
26.2087
26.2187
26.2288
26.2389
26.2489
26.259
26.2691
26.2791
26.2892
26.2992
26.3093
26.3194
26.3294
26.3395
26.3496
26.3596
26.3697
26.3797
26.3898
26.3998
26.4099
26.42
26.43
26.4401
26.4501
26.4602
26.4702
26.4803
26.4904
26.5004
26.5105
26.5206
26.5306
26.5407
26.5507
26.5608
26.5709
26.581
26.591
26.601
26.6111
26.6212
26.6313
26.6413
26.6514
26.6614
26.6715
26.6816
26.6916
26.7017
26.7118
26.7218
26.7319
26.742
26.752
26.7621
26.7722
26.7823
26.7924
26.8025
26.8125
26.8226
26.8327
26.8427
26.8528
26.863
26.8731
26.8831
26.8932
26.9032
26.9133
26.9234
26.9334
26.9435
26.9536
26.9637
26.9737
26.9838
26.9938
27.0039
27.014
27.024
27.0341
27.0442
27.0542
27.0643
27.0744
27.0845
27.0946
27.1046
27.1147
27.1248
27.1348
27.1449
27.1549
27.165
27.1751
27.1852
27.1952
27.2053
27.2154
27.2254
27.2355
27.2456
27.2556
27.2657
27.2758
27.2858
27.2959
27.306
27.3161
27.3262
27.3362
27.3463
27.3563
27.3664
27.3765
27.3865
27.3966
27.4066
27.4167
27.4268
27.4368
27.4469
27.4569
27.467
27.4771
27.4871
27.4972
27.5072
27.5173
27.5274
27.5374
27.5476
27.5576
27.5677
27.5777
27.5878
27.5979
27.6079
27.618
27.628
27.6381
27.6481
27.6582
27.6683
27.6784
27.6884
27.6985
27.7085
27.7186
27.7287
27.7387
27.7488
27.7588
27.7689
27.7789
27.789
27.7991
27.8092
27.8193
27.8293
27.8394
27.8495
27.8595
27.8696
27.8797
27.8897
27.8998
27.9098
27.9199
27.9299
27.94
27.9501
27.9601
27.9702
27.9803
27.9903
28.0004
28.0105
28.0205
28.0306
28.0406
28.0507
28.0608
28.0708
28.0809
28.091
28.101
28.1111
28.1211
28.1312
28.1413
28.1513
28.1614
28.1714
28.1815
28.1916
28.2016
28.2117
28.2217
28.2318
28.2419
28.2519
28.262
28.2721
28.2822
28.2922
28.3023
28.3123
28.3224
28.3325
28.3425
28.3526
28.3626
28.3727
28.3827
28.3928
28.4029
28.4129
28.423
28.4331
28.4431
28.4532
28.4633
28.4734
28.4834
28.4935
28.5036
28.5136
28.5237
28.5338
28.5439
28.5539
28.564
28.5741
28.5842
28.5943
28.6044
28.6145
28.6246
28.6347
28.6448
28.6549
28.665
28.6751
28.6851
28.6952
28.7053
28.7153
28.7254
28.7354
28.7455
28.7555
28.7656
28.7757
28.7857
28.7958
28.8059
28.816
28.826
28.8361
28.8461
28.8562
28.8663
28.8763
28.8864
28.8965
28.9066
28.9167
28.9267
28.9368
28.9469
28.957
28.967
28.9771
28.9872
28.9973
29.0073
29.0174
29.0275
29.0376
29.0476
29.0577
29.0677
29.0778
29.0879
29.0979
29.108
29.118
29.1281
29.1382
29.1483
29.1584
29.1685
29.1785
29.1886
29.1987
29.2088
29.2188
29.2289
29.2391
29.2491
29.2592
29.2693
29.2793
29.2894
29.2995
29.3096
29.3196
29.3297
29.3397
29.3498
29.3599
29.3699
29.38
29.3901
29.4002
29.4102
29.4203
29.4304
29.4404
29.4506
29.4606
29.4707
29.4808
29.4908
29.5009
29.511
29.521
29.5311
29.5411
29.5512
29.5613
29.5714
29.5814
29.5915
29.6015
29.6116
29.6217
29.6317
29.6418
29.6519
29.6619
29.672
29.6821
29.6921
29.7022
29.7122
29.7223
29.7323
29.7424
29.7524
29.7625
29.7726
29.7827
29.7927
29.8028
29.8129
29.823
29.833
29.8431
29.8532
29.8633
29.8733
29.8834
29.8935
29.9036
29.9136
29.9237
29.9338
29.9438
29.9539
29.964
29.974
29.9841
29.9942
30.0043
30.0144
30.0244
30.0345
30.0446
30.0546
30.0647
30.0747
30.0848
30.0949
30.1049
30.115
30.125
30.1351
30.1451
30.1552
30.1653
30.1753
30.1854
30.1955
30.2055
30.2156
30.2256
30.2357
30.2458
30.2558
30.2659
30.276
30.286
30.2961
30.3061
30.3162
30.3263
30.3364
30.3465
30.3565
30.3666
30.3766
30.3867
30.3968
30.4068
30.4169
30.427
30.4371
30.4471
30.4572
30.4673
30.4774
30.4874
30.4975
30.5076
30.5177
30.5278
30.5378
30.548
30.558
30.5681
30.5782
30.5882
30.5983
30.6084
30.6184
30.6285
30.6386
30.6486
30.6587
30.6688
30.6789
30.6889
30.699
30.7091
30.7191
30.7292
30.7392
30.7493
30.7593
30.7694
30.7795
30.7895
30.7996
30.8097
30.8197
30.8298
30.8399
30.85
30.86
30.8701
30.8802
30.8902
30.9003
30.9103
30.9204
30.9305
30.9405
30.9506
30.9607
30.9707
30.9808
30.9909
31.0009
31.011
31.021
31.0311
31.0411
31.0512
31.0613
31.0713
31.0814
31.0915
31.1015
31.1116
31.1216
31.1317
31.1418
31.1518
31.1619
31.172
31.182
31.1921
31.2021
31.2122
31.2222
31.2323
31.2424
31.2525
31.2626
31.2727
31.2827
31.2928
31.3029
31.313
31.3231
31.3332
31.3433
31.3534
31.3634
31.3735
31.3835
31.3936
31.4037
31.4137
31.4238
31.4338
31.4439
31.4539
31.464
31.4741
31.4841
31.4942
31.5042
31.5143
31.5244
31.5344
31.5445
31.5545
31.5646
31.5747
31.5848
31.5948
31.6049
31.615
31.625
31.6351
31.6451
31.6552
31.6653
31.6754
31.6855
31.6955
31.7056
31.7156
31.7258
31.7358
31.7459
31.7559
31.766
31.776
31.7861
31.7961
31.8062
31.8163
31.8263
31.8364
31.8465
31.8565
31.8666
31.8767
31.8867
31.8968
31.9068
31.9169
31.927
31.937
31.9471
31.9571
31.9672
31.9772
31.9873
31.9974
32.0074
32.0175
32.0276
32.0376
32.0477
32.0578
32.0678
32.0779
32.088
32.098
32.1081
32.1182
32.1283
32.1383
32.1484
32.1585
32.1685
32.1786
32.1887
32.1987
32.2088
32.2189
32.2289
32.2391
32.2491
32.2591
32.2692
32.2793
32.2894
32.2994
32.3095
32.3195
32.3296
32.3397
32.3497
32.3598
32.3699
32.38
32.39
32.4001
32.4102
32.4202
32.4303
32.4404
32.4504
32.4605
32.4705
32.4806
32.4907
32.5007
32.5108
32.5208
32.5309
32.5409
32.551
32.5611
32.5711
32.5812
32.5913
32.6014
32.6114
32.6215
32.6316
32.6417
32.6518
32.6619
32.672
32.6821
32.6921
32.7022
32.7122
32.7223
32.7324
32.7425
32.7525
32.7627
32.7728
32.7828
32.7929
32.803
32.813
32.8231
32.8331
32.8432
32.8533
32.8634
32.8734
32.8835
32.8935
32.9036
32.9137
32.9237
32.9338
32.9439
32.9539
32.964
32.9741
32.9841
32.9942
33.0043
33.0144
33.0244
33.0345
33.0447
33.0547
33.0648
33.0749
33.085
33.0951
33.1051
33.1152
33.1253
33.1354
33.1455
33.1556
33.1656
33.1757
33.1858
33.1958
33.2059
33.216
33.226
33.2361
33.2462
33.2562
33.2663
33.2764
33.2864
33.2965
33.3066
33.3166
33.3267
33.3368
33.3469
33.357
33.367
33.3771
33.3872
33.3972
33.4073
33.4173
33.4274
33.4375
33.4475
33.4576
33.4677
33.4777
33.4878
33.4978
33.5079
33.518
33.528
33.5381
33.5481
33.5582
33.5683
33.5783
33.5884
33.5985
33.6085
33.6186
33.6286
33.6387
33.6488
33.6589
33.6689
33.679
33.6891
33.6991
33.7092
33.7193
33.7293
33.7394
33.7495
33.7595
33.7696
33.7797
33.7897
33.7998
33.8098
33.8199
33.83
33.84
33.8501
33.8601
33.8702
33.8803
33.8903
33.9004
33.9105
33.9205
33.9306
33.9407
33.9507
33.9608
33.9708
33.9809
33.991
34.0011
34.0111
34.0212
34.0312
34.0413
34.0514
34.0615
34.0715
34.0816
34.0916
34.1017
34.1118
34.1218
34.1319
34.142
34.1521
34.1621
34.1721
34.1822
34.1923
34.2023
34.2124
34.2225
34.2326
34.2427
34.2527
34.2628
34.2729
34.283
34.2931
34.3032
34.3134
34.3234
34.3335
34.3435
34.3536
34.3637
34.3737
34.3838
34.3939
34.4041
34.4141
34.4242
34.4342
34.4443
34.4544
34.4644
34.4745
34.4845
34.4946
34.5047
34.5148
34.5248
34.5349
34.5451
34.5551
34.5652
34.5752
34.5853
34.5954
34.6055
34.6155
34.6256
34.6357
34.6458
34.6559
34.6659
34.676
34.6861
34.6962
34.7063
34.7164
34.7264
34.7365
34.7466
34.7566
34.7667
34.7768
34.7869
34.7969
34.807
34.8171
34.8272
34.8372
34.8474
34.8574
34.8675
34.8776
34.8877
34.8977
34.9078
34.9178
34.9279
34.938
34.9481
34.9582
34.9683
34.9783
34.9884
34.9985
35.0085
35.0186
35.0288
35.0388
35.0489
35.059
35.0691
35.0791
35.0892
35.0992
35.1093
35.1193
35.1294
35.1395
35.1495
35.1596
35.1696
35.1797
35.1897
35.1998
35.2098
35.2199
35.2299
35.24
35.2501
35.2601
35.2702
35.2803
35.2903
35.3004
35.3104
35.3205
35.3305
35.3406
35.3506
35.3607
35.3708
35.3809
35.3909
35.401
35.4111
35.4212
35.4312
35.4413
35.4514
35.4614
35.4715
35.4815
35.4916
35.5017
35.5117
35.5218
35.5318
35.5419
35.552
35.562
35.5721
35.5822
35.5922
35.6023
35.6123
35.6224
35.6325
35.6426
35.6526
35.6627
35.6728
35.6829
35.6929
35.703
35.7131
35.7231
35.7332
35.7433
35.7534
35.7634
35.7735
35.7836
35.7936
35.8037
35.8137
35.8238
35.8339
35.8439
35.854
35.8641
35.8741
35.8842
35.8943
35.9043
35.9143
35.9244
35.9345
35.9445
35.9546
35.9646
35.9747
35.9848
35.9948
36.0049
36.015
36.0251
36.0351
36.0452
36.0553
36.0653
36.0754
36.0854
36.0955
36.1055
36.1156
36.1256
36.1357
36.1458
36.1558
36.1659
36.1759
36.186
36.196
36.2061
36.2162
36.2262
36.2363
36.2464
36.2564
36.2665
36.2766
36.2866
36.2967
36.3068
36.3168
36.3269
36.337
36.347
36.3571
36.3671
36.3772
36.3873
36.3974
36.4074
36.4175
36.4276
36.4376
36.4477
36.4578
36.4679
36.4779
36.488
36.4981
36.5082
36.5183
36.5284
36.5385
36.5486
36.5586
36.5687
36.5788
36.5888
36.5989
36.6089
36.619
36.6291
36.6392
36.6492
36.6593
36.6694
36.6795
36.6896
36.6996
36.7097
36.7198
36.7298
36.7399
36.75
36.76
36.7701
36.7802
36.7902
36.8004
36.8104
36.8204
36.8306
36.8406
36.8507
36.8608
36.8708
36.8809
36.8909
36.901
36.911
36.9211
36.9312
36.9412
36.9513
36.9613
36.9714
36.9814
36.9915
37.0016
37.0117
37.0217
37.0318
37.0419
37.0519
37.062
37.0721
37.0822
37.0923
37.1023
37.1124
37.1224
37.1325
37.1425
37.1526
37.1627
37.1727
37.1827
37.1928
37.2028
37.2129
37.223
37.233
37.2431
37.2531
37.2632
37.2733
37.2833
37.2934
37.3034
37.3135
37.3236
37.3336
37.3437
37.3537
37.3638
37.3738
37.3839
37.3939
37.404
37.4141
37.4241
37.4342
37.4443
37.4543
37.4644
37.4744
37.4845
37.4945
37.5046
37.5147
37.5247
37.5347
37.5448
37.5549
37.5649
37.575
37.585
37.5951
37.6052
37.6152
37.6253
37.6354
37.6454
37.6555
37.6655
37.6756
37.6856
37.6957
37.7058
37.7158
37.7259
37.7359
37.746
37.756
37.7661
37.7762
37.7862
37.7963
37.8064
37.8164
37.8265
37.8365
37.8466
37.8567
37.8667
37.8768
37.8868
37.8969
37.907
37.917
37.9271
37.9371
37.9472
37.9572
37.9673
37.9774
37.9874
37.9975
38.0075
38.0176
38.0277
38.0377
38.0478
38.0578
38.0679
38.078
38.0881
38.0981
38.1082
38.1183
38.1284
38.1385
38.1485
38.1586
38.1687
38.1787
38.1888
38.1989
38.2089
38.219
38.2291
38.2391
38.2492
38.2593
38.2693
38.2794
38.2895
38.2995
38.3096
38.3197
38.3297
38.3397
38.3498
38.3599
38.3699
38.38
38.3901
38.4001
38.4102
38.4202
38.4303
38.4404
38.4504
38.4605
38.4706
38.4807
38.4907
38.5008
38.5109
38.521
38.5311
38.5412
38.5513
38.5614
38.5714
38.5815
38.5916
38.6017
38.6118
38.6219
38.632
38.642
38.6521
38.6622
38.6722
38.6823
38.6924
38.7025
38.7125
38.7227
38.7327
38.7428
38.7528
38.7629
38.773
38.783
38.7931
38.8032
38.8132
38.8233
38.8333
38.8434
38.8535
38.8635
38.8736
38.8837
38.8937
38.9038
38.9138
38.9239
38.934
38.9441
38.9542
38.9642
38.9743
38.9843
38.9944
39.0045
39.0146
39.0247
39.0347
39.0448
39.0549
39.0649
39.075
39.0851
39.0952
39.1053
39.1153
39.1254
39.1355
39.1456
39.1557
39.1657
39.1758
39.1859
39.196
39.206
39.2161
39.2262
39.2362
39.2463
39.2564
39.2664
39.2765
39.2865
39.2966
39.3067
39.3167
39.3268
39.3368
39.3469
39.357
39.3671
39.3771
39.3871
39.3972
39.4073
39.4173
39.4274
39.4375
39.4475
39.4576
39.4677
39.4777
39.4878
39.4979
39.508
39.518
39.5281
39.5382
39.5483
39.5583
39.5684
39.5785
39.5886
39.5987
39.6088
39.6189
39.6289
39.639
39.6491
39.6592
39.6693
39.6793
39.6894
39.6995
39.7096
39.7197
39.7297
39.7398
39.7499
39.76
39.77
39.7801
39.7901
39.8002
39.8103
39.8203
39.8304
39.8405
39.8505
39.8606
39.8708
39.8808
39.8909
39.901
39.911
39.9211
39.9311
39.9412
39.9512
39.9613
39.9713
39.9814
39.9915
40.0016
40.0116
40.0217
40.0318
40.0419
40.0519
40.062
40.0721
40.0821
40.0922
40.1023
40.1124
40.1224
40.1325
40.1425
40.1526
40.1627
40.1727
40.1828
40.1928
40.2029
40.213
40.2231
40.2332
40.2432
40.2532
40.2633
40.2733
40.2834
40.2935
40.3035
40.3136
40.3237
40.3337
40.3438
40.3539
40.364
40.374
40.3841
40.3942
40.4042
40.4143
40.4244
40.4344
40.4445
40.4546
40.4647
40.4747
40.4848
40.4948
40.5049
40.515
40.5251
40.5352
40.5452
40.5553
40.5654
40.5754
40.5855
40.5956
40.6056
40.6157
40.6258
40.6358
40.6459
40.656
40.6661
40.6761
40.6861
40.6962
40.7063
40.7164
40.7264
40.7365
40.7465
40.7566
40.7666
40.7767
40.7868
40.7968
40.8069
40.817
40.827
40.8371
40.8472
40.8573
40.8673
40.8774
40.8875
40.8976
40.9077
40.9178
40.9279
40.9379
40.948
40.9581
40.9682
40.9783
40.9883
40.9984
41.0085
41.0185
41.0286
41.0386
41.0488
41.0589
41.0689
41.079
41.089
41.0991
41.1092
41.1192
41.1293
41.1394
41.1494
41.1595
41.1695
41.1796
41.1897
41.1997
41.2097
41.2198
41.2299
41.24
41.2501
41.2602
41.2702
41.2803
41.2903
41.3004
41.3104
41.3205
41.3306
41.3406
41.3507
41.3608
41.3709
41.381
41.391
41.4011
41.4112
41.4212
41.4313
41.4413
41.4514
41.4614
41.4715
41.4816
41.4916
41.5017
41.5117
41.5218
41.5318
41.5419
41.552
41.562
41.5721
41.5821
41.5922
41.6022
41.6123
41.6224
41.6324
41.6425
41.6525
41.6626
41.6727
41.6828
41.6928
41.7029
41.713
41.723
41.7331
41.7431
41.7532
41.7633
41.7733
41.7834
41.7934
41.8035
41.8135
41.8236
41.8337
41.8437
41.8538
41.8638
41.8739
41.8839
41.894
41.9041
41.9141
41.9242
41.9342
41.9443
41.9544
41.9644
41.9745
41.9845
41.9946
42.0047
42.0147
42.0248
42.0348
42.0449
42.055
42.065
42.0751
42.0851
42.0952
42.1052
42.1153
42.1254
42.1355
42.1456
42.1556
42.1657
42.1758
42.1859
42.196
42.206
42.2161
42.2262
42.2363
42.2464
42.2565
42.2666
42.2766
42.2867
42.2968
42.3069
42.317
42.327
42.3371
42.3472
42.3573
42.3673
42.3774
42.3875
42.3976
42.4077
42.4178
42.4278
42.4379
42.448
42.4581
42.4682
42.4783
42.4884
42.4984
42.5085
42.5186
42.5287
42.5388
42.5488
42.559
42.569
42.5791
42.5891
42.5992
42.6092
42.6193
42.6294
42.6394
42.6495
42.6596
42.6696
42.6797
42.6898
42.6998
42.7099
42.7199
42.73
42.7401
42.7502
42.7602
42.7703
42.7804
42.7905
42.8005
42.8106
42.8207
42.8307
42.8408
42.8509
42.861
42.8711
42.8811
42.8912
42.9012
42.9113
42.9214
42.9314
42.9415
42.9516
42.9617
42.9718
42.9818
42.992
43.0021
43.0122
43.0222
43.0323
43.0424
43.0524
43.0625
43.0725
43.0826
43.0927
43.1028
43.1128
43.1229
43.133
43.143
43.1532
43.1633
43.1733
43.1834
43.1935
43.2035
43.2136
43.2237
43.2337
43.2438
43.2538
43.2639
43.274
43.284
43.2941
43.3043
43.3144
43.3244
43.3345
43.3446
43.3546
43.3649
43.375
43.3851
43.3951
43.4052
43.4152
43.4253
43.4354
43.4455
43.4556
43.4656
43.4757
43.4858
43.4959
43.5059
43.516
43.526
43.5361
43.5463
43.5563
43.5664
43.5765
43.5866
43.5967
43.6068
43.6168
43.6269
43.637
43.6471
43.6572
43.6672
43.6775
43.6876
43.6976
43.7077
43.7177
43.7278
43.7379
43.7479
43.758
43.7681
43.7782
43.7883
43.7983
43.8084
43.8185
43.8285
43.8386
43.8486
43.8587
43.8687
43.8788
43.8889
43.8989
43.909
43.919
43.9291
43.9391
43.9492
43.9593
43.9693
43.9794
43.9894
43.9995
44.0096
44.0196
44.0297
44.0398
44.0498
44.0599
44.07
44.0801
44.0901
44.1002
44.1103
44.1204
44.1304
44.1405
44.1506
44.1606
44.1707
44.1807
44.1907
44.2008
44.2109
44.2209
44.231
44.241
44.2511
44.2612
44.2712
44.2813
44.2914
44.3014
44.3115
44.3215
44.3316
44.3416
44.3517
44.3617
44.3718
44.3818
44.3919
44.402
44.412
44.4221
44.4321
44.4422
44.4523
44.4623
44.4724
44.4824
44.4925
44.5025
44.5126
44.5227
44.5327
44.5428
44.5529
44.5629
44.573
44.5831
44.5931
44.6032
44.6132
44.6233
44.6334
44.6435
44.6536
44.6637
44.6737
44.6838
44.6939
44.704
44.714
44.7241
44.7341
44.7442
44.7543
44.7643
44.7744
44.7845
44.7945
44.8046
44.8147
44.8247
44.8348
44.8449
44.855
44.865
44.8751
44.8852
44.8953
44.9054
44.9155
44.9255
44.9356
44.9457
44.9559
44.9659
44.976
44.9861
44.9961
45.0062
45.0162
45.0264
45.0364
45.0465
45.0565
45.0666
45.0766
45.0868
45.0968
45.1069
45.1169
45.127
45.137
45.1471
45.1572
45.1672
45.1773
45.1874
45.1974
45.2075
45.2176
45.2276
45.2377
45.2478
45.2578
45.2679
45.2779
45.288
45.2981
45.3081
45.3182
45.3282
45.3383
45.3484
45.3584
45.3685
45.3786
45.3886
45.3987
45.4087
45.4188
45.4289
45.4389
45.449
45.4591
45.4691
45.4791
45.4892
45.4993
45.5093
45.5194
45.5294
45.5395
45.5495
45.5596
45.5696
45.5797
45.5898
45.5998
45.6099
45.6199
45.63
45.6401
45.6502
45.6602
45.6703
45.6804
45.6904
45.7005
45.7106
45.7206
45.7307
45.7407
45.7508
45.7608
45.7709
45.7809
45.791
45.8011
45.8112
45.8212
45.8313
45.8413
45.8514
45.8614
45.8715
45.8816
45.8916
45.9017
45.9117
45.9218
45.9319
45.9419
45.952
45.9621
45.9721
45.9822
45.9922
46.0023
46.0124
46.0224
46.0325
46.0425
46.0526
46.0627
46.0727
46.0828
46.0929
46.1029
46.113
46.123
46.1331
46.1431
46.1532
46.1633
46.1733
46.1834
46.1935
46.2035
46.2136
46.2237
46.2337
46.2438
46.2538
46.2639
46.274
46.2841
46.2941
46.3042
46.3143
46.3243
46.3344
46.3444
46.3545
46.3645
46.3746
46.3847
46.3947
46.4048
46.4149
46.425
46.435
46.4451
46.4552
46.4653
46.4755
46.4857
46.4958
46.5058
46.5159
46.526
46.536
46.5461
46.5561
46.5662
46.5763
46.5863
46.5964
46.6065
46.6165
46.6266
46.6367
46.6467
46.6568
46.6668
46.6769
46.687
46.697
46.7071
46.7171
46.7272
46.7373
46.7473
46.7574
46.7675
46.7775
46.7876
46.7977
46.8077
46.8178
46.8278
46.8379
46.848
46.858
46.8681
46.8781
46.8882
46.8982
46.9083
46.9184
46.9285
46.9385
46.9486
46.9586
46.9687
46.9787
46.9888
46.9989
47.009
47.0191
47.0291
47.0392
47.0493
47.0594
47.0694
47.0795
47.0895
47.0996
47.1096
47.1197
47.1297
47.1398
47.1499
47.1599
47.17
47.18
47.1901
47.2002
47.2102
47.2203
47.2303
47.2404
47.2505
47.2605
47.2706
47.2806
47.2907
47.3007
47.3108
47.3209
47.3309
47.341
47.3511
47.3612
47.3712
47.3813
47.3914
47.4014
47.4115
47.4215
47.4316
47.4416
47.4518
47.4619
47.4719
47.4821
47.4921
47.5022
47.5122
47.5223
47.5324
47.5424
47.5525
47.5626
47.5728
47.5829
47.5929
47.603
47.613
47.6231
47.6331
47.6432
47.6532
47.6633
47.6733
47.6834
47.6935
47.7037
47.7137
47.7238
47.7339
47.744
47.754
47.7641
47.7742
47.7842
47.7943
47.8043
47.8144
47.8245
47.8345
47.8446
47.8547
47.865
47.8751
47.8851
47.8952
47.9053
47.9153
47.9254
47.9355
47.9455
47.9556
47.9657
47.9758
47.9858
47.9959
48.0059
48.016
48.0261
48.0361
48.0462
48.0563
48.0663
48.0764
48.0865
48.0966
48.1066
48.1167
48.1268
48.1368
48.1469
48.157
48.1671
48.1771
48.1872
48.1973
48.2073
48.2174
48.2274
48.2375
48.2475
48.2576
48.2676
48.2777
48.2878
48.2978
48.3079
48.318
48.328
48.3381
48.3481
48.3582
48.3682
48.3783
48.3884
48.3984
48.4085
48.4185
48.4286
48.4386
48.4487
48.4588
48.4689
48.479
48.4891
48.4991
48.5092
48.5192
48.5293
48.5394
48.5494
48.5595
48.5696
48.5796
48.5897
48.5998
48.6098
48.6198
48.6299
48.64
48.65
48.6601
48.6701
48.6802
48.6902
48.7003
48.7104
48.7204
48.7305
48.7405
48.7506
48.7607
48.7707
48.7808
48.7908
48.8009
48.811
48.821
48.8311
48.8411
48.8512
48.8612
48.8713
48.8813
48.8914
48.9015
48.9116
48.9216
48.9317
48.9418
48.9518
48.9619
48.972
48.982
48.9921
49.0021
49.0122
49.0222
49.0323
49.0424
49.0524
49.0625
49.0726
49.0826
49.0927
49.1027
49.1128
49.1229
49.1329
49.143
49.1531
49.1631
49.1732
49.1832
49.1933
49.2034
49.2134
49.2235
49.2336
49.2436
49.2537
49.2638
49.2738
49.2839
49.294
49.304
49.3141
49.3241
49.3342
49.3443
49.3543
49.3644
49.3744
49.3845
49.3946
49.4046
49.4147
49.4247
49.4348
49.4449
49.4549
49.465
49.475
49.4851
49.4952
49.5053
49.5154
49.5254
49.5355
49.5455
49.5556
49.5656
49.5757
49.5858
49.5958
49.6059
49.6159
49.626
49.6361
49.6461
49.6562
49.6662
49.6763
49.6864
49.6964
49.7065
49.7166
49.7266
49.7367
49.7467
49.7568
49.7669
49.7769
49.787
49.797
49.8071
49.8172
49.8272
49.8373
49.8473
49.8574
49.8675
49.8776
49.8876
49.8977
49.9077
49.9178
49.9278
49.9379
49.948
49.958
49.9681
49.9781
49.9882
49.9983
50.0083
50.0184
50.0285
50.0385
50.0486
50.0586
50.0687
50.0788
50.0888
50.0989
50.1089
50.119
50.129
50.1391
50.1492
50.1592
50.1693
50.1793
50.1894
50.1995
50.2095
50.2196
50.2297
50.2397
50.2498
50.2598
50.2699
50.28
50.29
50.3001
50.3102
50.3202
50.3303
50.3404
50.3504
50.3605
50.3706
50.3806
50.3907
50.4007
50.4108
50.4209
50.431
50.441
50.4511
50.4611
50.4712
50.4813
50.4914
50.5014
50.5115
50.5215
50.5316
50.5417
50.5518
50.5619
50.572
50.582
50.5921
50.6022
50.6122
50.6223
50.6324
50.6425
50.6525
50.6626
50.6727
50.6827
50.6928
50.7028
50.7129
50.723
50.733
50.7431
50.7532
50.7633
50.7734
50.7834
50.7935
50.8036
50.8137
50.8237
50.8338
50.8439
50.854
50.864
50.8742
50.8843
50.8943
50.9044
50.9144
50.9245
50.9345
50.9446
50.9547
50.9648
50.9749
50.9849
50.995
51.005
51.0151
51.0252
51.0353
51.0454
51.0554
51.0655
51.0756
51.0857
51.0957
51.1058
51.1158
51.1259
51.136
51.146
51.1561
51.1662
51.1762
51.1863
51.1964
51.2064
51.2165
51.2266
51.2366
51.2467
51.2567
51.2668
51.2768
51.2869
51.297
51.3071
51.3171
51.3272
51.3373
51.3473
51.3574
51.3674
51.3775
51.3876
51.3976
51.4077
51.4177
51.4278
51.4379
51.4479
51.458
51.4681
51.4781
51.4882
51.4983
51.5083
51.5184
51.5285
51.5385
51.5486
51.5586
51.5687
51.5788
51.5888
51.5989
51.6089
51.619
51.6291
51.6391
51.6492
51.6593
51.6693
51.6794
51.6895
51.6995
51.7096
51.7196
51.7297
51.7398
51.7498
51.7599
51.77
51.78
51.7901
51.8002
51.8102
51.8203
51.8303
51.8404
51.8505
51.8605
51.8706
51.8806
51.8907
51.9008
51.9108
51.9209
51.931
51.941
51.9511
51.9611
51.9712
51.9812
51.9913
52.0014
52.0114
52.0215
52.0315
52.0416
52.0517
52.0618
52.0719
52.0819
52.092
52.1021
52.1122
52.1223
52.1324
52.1424
52.1525
52.1625
52.1726
52.1826
52.1927
52.2028
52.213
52.223
52.2331
52.2431
52.2532
52.2632
52.2733
52.2834
52.2934
52.3035
52.3135
52.3236
52.3336
52.3437
52.3538
52.3638
52.3739
52.3839
52.394
52.4041
52.4141
52.4242
52.4343
52.4443
52.4544
52.4645
52.4746
52.4847
52.4948
52.5049
52.5149
52.525
52.5352
52.5452
52.5553
52.5654
52.5754
52.5855
52.5955
52.6056
52.6157
52.6257
52.6358
52.6458
52.6559
52.666
52.676
52.6861
52.6961
52.7062
52.7163
52.7263
52.7364
52.7465
52.7565
52.7666
52.7766
52.7867
52.7968
52.8069
52.8169
52.827
52.837
52.8471
52.8571
52.8672
52.8773
52.8873
52.8974
52.9074
52.9175
52.9276
52.9376
52.9477
52.9578
52.9678
52.9779
52.9879
52.998
53.0081
53.0181
53.0282
53.0383
53.0483
53.0584
53.0685
53.0785
53.0886
53.0986
53.1087
53.1188
53.1288
53.1389
53.1489
53.159
53.1691
53.1791
53.1892
53.1993
53.2093
53.2194
53.2295
53.2395
53.2496
53.2596
53.2697
53.2797
53.2898
53.2999
53.31
53.3201
53.3302
53.3403
53.3503
53.3604
53.3704
53.3805
53.3906
53.4006
53.4107
53.4208
53.4308
53.4409
53.4509
53.461
53.4711
53.4811
53.4912
53.5013
53.5113
53.5213
53.5314
53.5415
53.5515
53.5616
53.5716
53.5817
53.5918
53.6018
53.6119
53.6219
53.632
53.642
53.6521
53.6621
53.6722
53.6822
53.6923
53.7024
53.7124
53.7225
53.7325
53.7426
53.7527
53.7627
53.7728
53.7829
53.7929
53.803
53.8131
53.8232
53.8333
53.8434
53.8534
53.8635
53.8736
53.8837
53.8938
53.9039
53.914
53.924
53.9341
53.9442
53.9543
53.9644
53.9745
53.9845
53.9946
54.0047
54.0148
54.0248
54.035
54.045
54.0552
54.0653
54.0753
54.0854
54.0955
54.1055
54.1156
54.1256
54.1357
54.1458
54.1558
54.1659
54.1759
54.186
54.1961
54.2061
54.2162
54.2262
54.2363
54.2463
54.2564
54.2665
54.2765
54.2866
54.2967
54.3067
54.3168
54.3269
54.337
54.347
54.3571
54.3671
54.3772
54.3873
54.3973
54.4074
54.4174
54.4275
54.4376
54.4476
54.4577
54.4678
54.4778
54.4879
54.4979
54.508
54.5181
54.5282
54.5383
54.5483
54.5584
54.5684
54.5785
54.5886
54.5986
54.6087
54.6187
54.6288
54.6389
54.6489
54.659
54.6691
54.6791
54.6892
54.6992
54.7093
54.7194
54.7294
54.7395
54.7495
54.7596
54.7697
54.7797
54.7898
54.7998
54.8099
54.8199
54.83
54.8401
54.8501
54.8602
54.8703
54.8803
54.8904
54.9004
54.9105
54.9206
54.9306
54.9408
54.9508
54.9609
54.9709
54.981
54.9911
55.0011
55.0112
55.0212
55.0313
55.0414
55.0515
55.0615
55.0716
55.0817
55.0918
55.1018
55.1119
55.1219
55.132
55.1421
55.1522
55.1622
55.1723
55.1824
55.1924
55.2025
55.2126
55.2226
55.2327
55.2427
55.2528
55.2629
55.273
55.283
55.2931
55.3032
55.3132
55.3233
55.3334
55.3434
55.3535
55.3635
55.3736
55.3836
55.3937
55.4039
55.4139
55.424
55.434
55.4441
55.4541
55.4643
55.4743
55.4844
55.4945
55.5045
55.5146
55.5246
55.5347
55.5449
55.5549
55.565
55.5751
55.5851
55.5952
55.6053
55.6154
55.6254
55.6355
55.6456
55.6557
55.6657
55.6758
55.6859
55.6959
55.706
55.7161
55.7262
55.7363
55.7463
55.7564
55.7664
55.7765
55.7865
55.7966
55.8067
55.8167
55.8268
55.8368
55.8469
55.857
55.867
55.877
55.8871
55.8971
55.9072
55.9173
55.9274
55.9375
55.9476
55.9577
55.9678
55.9778
55.9879
55.998
56.008
56.0181
56.0282
56.0382
56.0483
56.0584
56.0684
56.0785
56.0886
56.0987
56.1087
56.1188
56.1289
56.139
56.149
56.1591
56.1692
56.1792
56.1893
56.1994
56.2094
56.2195
56.2296
56.2397
56.2498
56.2599
56.2699
56.28
56.29
56.3001
56.3102
56.3203
56.3304
56.3404
56.3505
56.3606
56.3707
56.3808
56.3909
56.4009
56.411
56.4211
56.4312
56.4413
56.4513
56.4614
56.4715
56.4816
56.4917
56.5017
56.5118
56.5219
56.5319
56.542
56.552
56.5621
56.5721
56.5822
56.5923
56.6024
56.6124
56.6225
56.6325
56.6426
56.6527
56.6628
56.6728
56.6829
56.693
56.703
56.7131
56.7232
56.7333
56.7434
56.7534
56.7635
56.7736
56.7837
56.7937
56.8038
56.8139
56.824
56.8341
56.8441
56.8542
56.8643
56.8744
56.8845
56.8945
56.9046
56.9146
56.9247
56.9347
56.9448
56.9549
56.965
56.975
56.9851
56.9951
57.0052
57.0153
57.0254
57.0355
57.0456
57.0557
57.0657
57.0759
57.0859
57.096
57.1061
57.1161
57.1262
57.1363
57.1463
57.1564
57.1664
57.1765
57.1866
57.1966
57.2067
57.2167
57.2267
57.2368
57.2469
57.257
57.267
57.2771
57.2871
57.2972
57.3073
57.3173
57.3274
57.3375
57.3475
57.3576
57.3676
57.3777
57.3878
57.3978
57.4079
57.418
57.428
57.4381
57.4481
57.4582
57.4683
57.4784
57.4884
57.4985
57.5086
57.5186
57.5287
57.5388
57.5489
57.559
57.5691
57.5792
57.5892
57.5993
57.6094
57.6195
57.6296
57.6397
57.6498
57.6598
57.6699
57.68
57.69
57.7001
57.7102
57.7202
57.7303
57.7404
57.7504
57.7605
57.7705
57.7806
57.7907
57.8007
57.8108
57.8209
57.8309
57.841
57.8511
57.8612
57.8713
57.8813
57.8914
57.9015
57.9116
57.9216
57.9317
57.9417
57.9518
57.9619
57.9719
57.982
57.992
58.0021
58.0122
58.0222
58.0323
58.0424
58.0525
58.0625
58.0726
58.0827
58.0928
58.1029
58.1129
58.123
58.1331
58.1432
58.1533
58.1633
58.1734
58.1835
58.1936
58.2037
58.2138
58.2238
58.2339
58.244
58.2542
58.2642
58.2743
58.2844
58.2944
58.3045
58.3146
58.3246
58.3347
58.3448
58.3549
58.365
58.3751
58.3851
58.3952
58.4052
58.4153
58.4253
58.4354
58.4454
58.4555
58.4656
58.4756
58.4857
58.4958
58.5058
58.5159
58.5259
58.536
58.5461
58.5561
58.5662
58.5763
58.5863
58.5964
58.6064
58.6165
58.6266
58.6366
58.6467
58.6567
58.6668
58.6769
58.687
58.6971
58.7071
58.7172
58.7273
58.7374
58.7475
58.7576
58.7676
58.7777
58.7878
58.7979
58.808
58.818
58.8282
58.8383
58.8484
58.8584
58.8685
58.8786
58.8886
58.8988
58.9088
58.9189
58.9289
58.939
58.949
58.9591
58.9692
58.9792
58.9893
58.9993
59.0094
59.0194
59.0295
59.0396
59.0497
59.0597
59.0698
59.0798
59.0899
59.1002
59.1102
59.1203
59.1304
59.1404
59.1505
59.1605
59.1706
59.1807
59.1907
59.2008
59.2108
59.2211
59.2312
59.2412
59.2513
59.2614
59.2714
59.2815
59.2915
59.3016
59.3117
59.3217
59.3318
59.3418
59.3519
59.3619
59.3721
59.3822
59.3922
59.4023
59.4124
59.4224
59.4325
59.4425
59.4526
59.4626
59.4727
59.4828
59.4929
59.5029
59.513
59.5232
59.5332
59.5433
59.5534
59.5635
59.5735
59.5836
59.5938
59.6039
59.6139
59.624
59.6341
59.6442
59.6543
59.6643
59.6745
59.6845
59.6946
59.7046
59.7147
59.7248
59.7349
59.7449
59.755
59.7651
59.7752
59.7853
59.7953
59.8054
59.8156
59.8256
59.8357
59.8458
59.8559
59.8659
59.876
59.8861
59.8963
59.9063
59.9164
59.9265
59.9366
59.9466
59.9567
59.9668
59.9768
59.9869
59.997
60.007
60.0171
60.0271
60.0372
60.0473
60.0574
60.0675
60.0775
60.0876
60.0977
60.1079
60.1179
60.128
60.1381
60.1482
60.1583
60.1684
60.1786
60.1886
60.1987
60.2088
60.2188
60.2289
60.2389
60.249
60.2591
60.2691
60.2792
60.2892
60.2993
60.3094
60.3194
60.3295
60.3396
60.3496
60.3597
60.3697
60.3798
60.3899
60.3999
60.41
60.42
60.4301
60.4402
60.4503
60.4603
60.4704
60.4805
60.4906
60.5006
60.5107
60.5207
60.5308
60.5408
60.5509
60.5609
60.571
60.581
60.5911
60.6012
60.6112
60.6213
60.6313
60.6414
60.6515
60.6615
60.6716
60.6816
60.6917
60.7017
60.7118
60.7219
60.7319
60.742
60.7521
60.7621
60.7722
60.7822
60.7923
60.8024
60.8124
60.8225
60.8325
60.8426
60.8526
60.8627
60.8728
60.8828
60.8929
60.903
60.913
60.9231
60.9332
60.9433
60.9533
60.9634
60.9734
60.9835
60.9936
61.0037
61.0138
61.0238
61.0339
61.0439
61.054
61.064
61.0741
61.0842
61.0942
61.1044
61.1144
61.1245
61.1346
61.1447
61.1548
61.1648
61.1749
61.185
61.195
61.2051
61.2151
61.2252
61.2352
61.2453
61.2554
61.2655
61.2755
61.2856
61.2958
61.3058
61.316
61.326
61.3361
61.3462
61.3562
61.3663
61.3763
61.3864
61.3965
61.4065
61.4166
61.4266
61.4366
61.4467
61.4567
61.4668
61.4769
61.487
61.497
61.5071
61.5171
61.5272
61.5372
61.5473
61.5573
61.5674
61.5775
61.5876
61.5977
61.6078
61.6178
61.6279
61.638
61.648
61.6581
61.6682
61.6782
61.6883
61.6983
61.7084
61.7185
61.7285
61.7386
61.7487
61.7587
61.7688
61.7789
61.789
61.799
61.8091
61.8192
61.8292
61.8393
61.8493
61.8594
61.8695
61.8795
61.8896
61.8996
61.9097
61.9198
61.9299
61.9399
61.95
61.9601
61.9701
61.9802
61.9903
62.0003
62.0104
62.0204
62.0305
62.0406
62.0506
62.0607
62.0707
62.0808
62.0908
62.1009
62.111
62.121
62.1311
62.1411
62.1512
62.1613
62.1713
62.1814
62.1915
62.2015
62.2116
62.2217
62.2318
62.2419
62.252
62.262
62.2721
62.2822
62.2923
62.3024
62.3125
62.3226
62.3326
62.3429
62.3529
62.363
62.373
62.3831
62.3931
62.4032
62.4133
62.4233
62.4334
62.4434
62.4535
62.4636
62.4737
62.4838
62.4939
62.5039
62.514
62.5241
62.5342
62.5443
62.5544
62.5644
62.5745
62.5846
62.5947
62.6047
62.6148
62.6249
62.635
62.645
62.6551
62.6652
62.6753
62.6854
62.6955
62.7055
62.7156
62.7257
62.7358
62.746
62.756
62.7661
62.7761
62.7862
62.7963
62.8064
62.8165
62.8266
62.8366
62.8467
62.8568
62.867
62.877
62.8871
62.8972
62.9072
62.9173
62.9274
62.9374
62.9475
62.9575
62.9676
62.9777
62.9878
62.9978
63.0079
63.018
63.0281
63.0381
63.0483
63.0584
63.0685
63.0786
63.0886
63.0987
63.1088
63.1188
63.129
63.139
63.1491
63.1592
63.1692
63.1794
63.1894
63.1995
63.2096
63.2198
63.2299
63.2399
63.25
63.26
63.2701
63.2801
63.2902
63.3003
63.3103
63.3204
63.3305
63.3406
63.3506
63.3607
63.3709
63.381
63.391
63.4011
63.4112
63.4212
63.4313
63.4413
63.4514
63.4614
63.4715
63.4815
63.4917
63.5017
63.5118
63.5219
63.5319
63.542
63.552
63.5621
63.5722
63.5822
63.5923
63.6023
63.6124
63.6225
63.6326
63.6426
63.6527
63.6628
63.6729
63.683
63.6931
63.7032
63.7133
63.7233
63.7334
63.7435
63.7535
63.7636
63.7736
63.7837
63.7938
63.8039
63.8139
63.824
63.8341
63.8441
63.8542
63.8643
63.8743
63.8844
63.8944
63.9045
63.9145
63.9246
63.9347
63.9447
63.9548
63.9649
63.975
63.985
63.9951
64.0052
64.0152
64.0253
64.0354
64.0454
64.0554
64.0655
64.0756
64.0857
64.0957
64.1058
64.1159
64.1259
64.136
64.146
64.1561
64.1661
64.1762
64.1863
64.1963
64.2064
64.2165
64.2266
64.2366
64.2467
64.2568
64.2668
64.2769
64.287
64.2971
64.3072
64.3173
64.3273
64.3374
64.3475
64.3576
64.3676
64.3777
64.3878
64.3979
64.408
64.4181
64.4282
64.4382
64.4483
64.4584
64.4684
64.4785
64.4886
64.4987
64.5087
64.5188
64.5289
64.539
64.549
64.5591
64.5692
64.5793
64.5893
64.5994
64.6095
64.6195
64.6296
64.6397
64.6498
64.6598
64.6699
64.68
64.6901
64.7002
64.7102
64.7203
64.7304
64.7405
64.7505
64.761
64.7711
64.7811
64.7912
64.8012
64.8113
64.8213
64.8314
64.8415
64.8515
64.8616
64.8716
64.8817
64.8918
64.9018
64.9119
64.9219
64.932
64.9421
64.9521
64.9622
64.9723
64.9823
64.9924
65.0025
65.0126
65.0227
65.0328
65.0428
65.0529
65.0629
65.073
65.0831
65.0932
65.1033
65.1134
65.1235
65.1335
65.1436
65.1537
65.1638
65.1739
65.1839
65.194
65.2041
65.2142
65.2243
65.2343
65.2444
65.2545
65.2647
65.2748
65.2848
65.2949
65.3049
65.315
65.325
65.3351
65.3451
65.3552
65.3653
65.3753
65.3854
65.3955
65.4055
65.4156
65.4257
65.4357
65.4458
65.4559
65.466
65.476
65.4861
65.4961
65.5063
65.5164
65.5265
65.5365
65.5466
65.5566
65.5667
65.5768
65.5868
65.5969
65.6069
65.617
65.6271
65.6372
65.6472
65.6573
65.6674
65.6774
65.6875
65.6976
65.7076
65.7177
65.7277
65.7378
65.7478
65.7579
65.7679
65.778
65.7881
65.7981
65.8082
65.8182
65.8283
65.8384
65.8484
65.8585
65.8686
65.8786
65.8887
65.8987
65.9088
65.9188
65.9289
65.9389
65.949
65.959
65.9691
65.9792
65.9894
65.9995
66.0095
66.0196
66.0297
66.0397
66.0498
66.0598
66.0699
66.0799
66.09
66.1001
66.1101
66.1202
66.1303
66.1404
66.1504
66.1605
66.1706
66.1807
66.1908
66.2008
66.2109
66.221
66.2311
66.2412
66.2513
66.2614
66.2714
66.2815
66.2916
66.3016
66.3117
66.3218
66.3318
66.3419
66.352
66.3621
66.3721
66.3822
66.3923
66.4024
66.4124
66.4224
66.4325
66.4427
66.4527
66.4628
66.4729
66.4829
66.4929
66.503
66.5131
66.5231
66.5332
66.5433
66.5534
66.5634
66.5735
66.5836
66.5937
66.6037
66.6138
66.6239
66.634
66.644
66.6541
66.6642
66.6743
66.6843
66.6944
66.7045
66.7146
66.7247
66.7347
66.7448
66.7549
66.765
66.7751
66.7851
66.7952
66.8053
66.8154
66.8256
66.8357
66.8457
66.8558
66.8659
66.8759
66.886
66.8961
66.9061
66.9161
66.9262
66.9364
66.9465
66.9565
66.9666
66.9766
66.9867
66.9968
67.0068
67.0169
67.027
67.037
67.0471
67.0571
67.0672
67.0772
67.0873
67.0974
67.1074
67.1175
67.1275
67.1376
67.1477
67.1578
67.1679
67.178
67.188
67.1981
67.2083
67.2184
67.2284
67.2385
67.2486
67.2586
67.2687
67.2788
67.2888
67.2989
67.309
67.3191
67.3291
67.3392
67.3493
67.3594
67.3694
67.3795
67.3895
67.3996
67.4097
67.4197
67.4298
67.4399
67.45
67.46
67.4701
67.4801
67.4902
67.5002
67.5103
67.5204
67.5304
67.5405
67.5505
67.5606
67.5707
67.5807
67.5907
67.6008
67.6109
67.621
67.631
67.6411
67.6512
67.6612
67.6713
67.6814
67.6914
67.7015
67.7116
67.7216
67.7317
67.7418
67.7519
67.762
67.772
67.7821
67.7921
67.8022
67.8123
67.8223
67.8324
67.8425
67.8526
67.8626
67.8727
67.8828
67.8928
67.9029
67.913
67.9231
67.9331
67.9432
67.9533
67.9634
67.9734
67.9835
67.9936
68.0037
68.0138
68.0239
68.034
68.0441
68.0542
68.0642
68.0743
68.0844
68.0945
68.1047
68.1147
68.1248
68.1348
68.1449
68.155
68.165
68.1751
68.1852
68.1952
68.2053
68.2154
68.2255
68.2356
68.2456
68.2557
68.2657
68.2758
68.2859
68.2959
68.306
68.316
68.3261
68.3361
68.3462
68.3562
68.3663
68.3764
68.3865
68.3965
68.4066
68.4166
68.4267
68.4368
68.4468
68.4569
68.467
68.477
68.4871
68.4971
68.5072
68.5173
68.5273
68.5374
68.5475
68.5575
68.5676
68.5777
68.5877
68.5978
68.6078
68.6179
68.6279
68.638
68.6481
68.6581
68.6681
68.6782
68.6882
68.6983
68.7083
68.7184
68.7285
68.7385
68.7486
68.7586
68.7687
68.7788
68.7888
68.7989
68.809
68.819
68.8291
68.8391
68.8492
68.8593
68.8693
68.8794
68.8895
68.8996
68.9096
68.9197
68.9298
68.9399
68.95
68.96
68.9701
68.9802
68.9903
69.0003
69.0104
69.0205
69.0306
69.0406
69.0507
69.0608
69.0709
69.081
69.0911
69.1011
69.1112
69.1212
69.1313
69.1414
69.1514
69.1615
69.1716
69.1816
69.1917
69.2018
69.2119
69.222
69.232
69.2421
69.2521
69.2622
69.2723
69.2824
69.2924
69.3025
69.3126
69.3227
69.3328
69.3428
69.3529
69.363
69.3731
69.3831
69.3932
69.4033
69.4133
69.4234
69.4335
69.4435
69.4536
69.4637
69.4737
69.4838
69.4939
69.504
69.5141
69.5241
69.5342
69.5443
69.5543
69.5644
69.5745
69.5846
69.5946
69.6047
69.6148
69.6249
69.635
69.645
69.6551
69.6653
69.6754
69.6855
69.6955
69.7056
69.7156
69.7257
69.7357
69.7458
69.7558
69.7659
69.776
69.7861
69.7962
69.8062
69.8163
69.8264
69.8366
69.8467
69.8567
69.8668
69.8769
69.8869
69.897
69.9071
69.9171
69.9272
69.9373
69.9474
69.9574
69.9675
69.9776
69.9876
69.9977
70.0078
70.018
70.0281
70.0382
70.0482
70.0583
70.0683
70.0784
70.0885
70.0985
70.1086
70.1187
70.1287
70.1388
70.1489
70.159
70.1691
70.1791
70.1892
70.1993
70.2093
70.2194
70.2294
70.2395
70.2495
70.2596
70.2697
70.2798
70.2898
70.2999
70.3099
70.32
70.33
70.3401
70.3502
70.3603
70.3704
70.3805
70.3905
70.4006
70.4107
70.4208
70.4308
70.4409
70.451
70.461
70.4711
70.4812
70.4913
70.5013
70.5114
70.5215
70.5316
70.5416
70.5517
70.5618
70.5719
70.582
70.592
70.6021
70.6122
70.6223
70.6323
70.6424
70.6525
70.6626
70.6727
70.6827
70.6928
70.7029
70.7129
70.723
70.733
70.7431
70.7531
70.7632
70.7733
70.7834
70.7935
70.8035
70.8136
70.8237
70.8338
70.8438
70.8539
70.864
70.874
70.8841
70.8942
70.9042
70.9143
70.9243
70.9344
70.9445
70.9545
70.9646
70.9747
70.9847
70.9948
71.0049
71.015
71.0251
71.0351
71.0452
71.0552
71.0653
71.0754
71.0854
71.0954
71.1055
71.1156
71.1256
