0.0166135 -0.105386   0.50852
0.0166134 -0.105384  0.508523
0.0166134 -0.105377   0.50853
0.0166134 -0.105365  0.508543
0.0166134 -0.105349  0.508561
0.0166133 -0.105329  0.508583
0.0166132 -0.105303  0.508611
0.0166132 -0.105274  0.508644
0.0166131 -0.105239  0.508682
0.016613  -0.1052 0.508725
0.0166129 -0.105157  0.508773
0.0166128 -0.105109  0.508826
0.0166126 -0.105056  0.508884
0.0166125 -0.104999  0.508948
0.0166123 -0.104937  0.509016
0.0166122 -0.104871  0.509089
0.016612  -0.1048 0.509167
0.0166118 -0.104724  0.509251
0.0166116 -0.104644  0.509339
0.0166114 -0.104559  0.509433
0.0166111  -0.10447  0.509532
0.0166109 -0.104376  0.509635
0.0166107 -0.104277  0.509744
0.0166104 -0.104174  0.509858
0.0166101 -0.104067  0.509977
0.0166098 -0.103954  0.510102
0.0166095 -0.103837  0.510231
0.0166092 -0.103715  0.510365
0.0166089 -0.103589  0.510504
0.0166086 -0.103459  0.510648
0.0166082 -0.103324  0.510798
0.0166079 -0.103184  0.510952
0.0166075  -0.10304  0.511111
0.0166071 -0.102891  0.511276
0.0166068 -0.102737  0.511445
0.0166064 -0.102579   0.51162
0.0166059 -0.102417  0.511799
0.0166055 -0.102249  0.511984
0.0166051 -0.102077  0.512174
0.0166046 -0.101901  0.512369
0.0166042  -0.10172  0.512569
0.0166037 -0.101534  0.512774
0.0166032 -0.101352  0.512975
0.0166028 -0.101174  0.513171
0.0166024 -0.101001  0.513363
0.0166019 -0.100833  0.513548
0.0166015 -0.100669   0.51373
0.0166011 -0.100509  0.513906
0.0166007 -0.100355  0.514077
0.0166003 -0.100204  0.514242
   0.0166 -0.100059  0.514403
 0.0165996 -0.0999179   0.514559
 0.0165993 -0.0997816   0.514709
 0.0165989 -0.0996497   0.514855
 0.0165986 -0.0995225   0.514996
 0.0165983 -0.0993998   0.515131
  0.016598 -0.0992817   0.515261
 0.0165977 -0.0991682   0.515387
 0.0165974 -0.0990593   0.515507
0.0165972 -0.098955  0.515622
 0.0165969 -0.0988552   0.515733
0.0165967  -0.09876  0.515838
 0.0165965 -0.0986694   0.515938
 0.0165962 -0.0985834   0.516033
  0.016596 -0.0985019   0.516123
 0.0165958 -0.0984248   0.516208
 0.0165957 -0.0983523   0.516288
 0.0165955 -0.0982846   0.516363
 0.0165953 -0.0982215   0.516432
 0.0165953 -0.0982215   0.516432
0.0165952 -0.098163  0.516497
 0.0165949 -0.0980597   0.516611
 0.0165948 -0.0980149   0.516661
 0.0165948 -0.0980149   0.516661
 0.0165947 -0.0979747   0.516705
0.0165946 -0.097939  0.516744
 0.0165945 -0.0978815   0.516808
 0.0165944 -0.0978597   0.516832
 0.0165944 -0.0978424   0.516851
 0.0165943 -0.0978296   0.516865
 0.0165943 -0.0978214   0.516874
 0.0165943 -0.0978178   0.516878
 0.0165943 -0.0978176   0.516878
 0.0165943 -0.0978176   0.516878
 0.0165943 -0.0978176   0.516878
 0.0165943 -0.0978176   0.516878
 0.0165943 -0.0978176   0.516878
 0.0165943 -0.0978176   0.516878
 0.0165943 -0.0978176   0.516878
 0.0165943 -0.0978176   0.516878
 0.0165943 -0.0978176   0.516878
 0.0165943 -0.0978176   0.516878
 0.0165943 -0.0978176   0.516878
 0.0165943 -0.0978176   0.516878
 0.0165943 -0.0978176   0.516878
 0.0165943 -0.0978176   0.516878
 0.0165943 -0.0978176   0.516878
 0.0165943 -0.0978176   0.516878
 0.0165943 -0.0978176   0.516878
 0.0165943 -0.0978176   0.516878
 0.0165943 -0.0978176   0.516878
 0.0165943 -0.0978176   0.516878
 0.0165943 -0.0978176   0.516878
 0.0165943 -0.0978176   0.516878
 0.0165943 -0.0978176   0.516878
 0.0165943 -0.0978176   0.516878
 0.0165943 -0.0978176   0.516878
 0.0165943 -0.0978176   0.516878
 0.0165943 -0.0978176   0.516878
 0.0165943 -0.0978176   0.516878
 0.0165943 -0.0978176   0.516878
 0.0165943 -0.0978176   0.516878
 0.0165943 -0.0978176   0.516878
 0.0165943 -0.0978176   0.516878
 0.0165943 -0.0978176   0.516878
 0.0165943 -0.0978176   0.516878
 0.0165943 -0.0978176   0.516878
 0.0165943 -0.0978176   0.516878
 0.0165943 -0.0978176   0.516878
 0.0165943 -0.0978176   0.516878
 0.0165943 -0.0978176   0.516878
 0.0165943 -0.0978176   0.516878
 0.0165943 -0.0978176   0.516878
 0.0165943 -0.0978176   0.516878
 0.0165943 -0.0978176   0.516878
 0.0165943 -0.0978176   0.516878
 0.0165943 -0.0978176   0.516878
 0.0165943 -0.0978176   0.516878
 0.0165943 -0.0978176   0.516878
 0.0165943 -0.0978176   0.516878
 0.0165943 -0.0978176   0.516878
 0.0165943 -0.0978176   0.516878
 0.0165943 -0.0978176   0.516878
 0.0165943 -0.0978176   0.516878
 0.0165943 -0.0978176   0.516878
 0.0165943 -0.0978176   0.516878
 0.0165943 -0.0978176   0.516878
 0.0165943 -0.0978176   0.516878
 0.0165943 -0.0978176   0.516878
 0.0165943 -0.0978176   0.516878
 0.0165943 -0.0978176   0.516878
 0.0165943 -0.0978176   0.516878
 0.0165943 -0.0978176   0.516878
 0.0165943 -0.0978176   0.516878
 0.0165943 -0.0978176   0.516878
 0.0165943 -0.0978176   0.516878
 0.0165943 -0.0978176   0.516878
 0.0165943 -0.0978176   0.516878
 0.0165943 -0.0978176   0.516878
 0.0165943 -0.0978176   0.516878
 0.0165943 -0.0978176   0.516878
 0.0165943 -0.0978176   0.516878
 0.0165943 -0.0978176   0.516878
 0.0165943 -0.0978176   0.516878
 0.0165943 -0.0978176   0.516878
 0.0165943 -0.0978176   0.516878
 0.0165943 -0.0978176   0.516878
 0.0165943 -0.0978176   0.516878
 0.0165943 -0.0978176   0.516878
 0.0165943 -0.0978176   0.516878
 0.0165943 -0.0978176   0.516878
 0.0165943 -0.0978176   0.516878
 0.0165943 -0.0978176   0.516878
 0.0165943 -0.0978176   0.516878
 0.0165943 -0.0978176   0.516878
 0.0165943 -0.0978176   0.516878
 0.0165943 -0.0978176   0.516878
 0.0165943 -0.0978176   0.516878
 0.0165943 -0.0978176   0.516878
 0.0165943 -0.0978176   0.516878
 0.0165943 -0.0978176   0.516878
 0.0165943 -0.0978176   0.516878
 0.0165943 -0.0978176   0.516878
 0.0165943 -0.0978176   0.516878
 0.0165943 -0.0978176   0.516878
 0.0165943 -0.0978176   0.516878
 0.0165943 -0.0978176   0.516878
 0.0165943 -0.0978176   0.516878
 0.0165943 -0.0978176   0.516878
 0.0165943 -0.0978176   0.516878
 0.0165943 -0.0978176   0.516878
 0.0165943 -0.0978176   0.516878
 0.0165943 -0.0978176   0.516878
 0.0165943 -0.0978176   0.516878
 0.0165943 -0.0978176   0.516878
 0.0165943 -0.0978176   0.516878
 0.0165943 -0.0978176   0.516878
 0.0165943 -0.0978176   0.516878
 0.0165943 -0.0978176   0.516878
 0.0165943 -0.0978176   0.516878
 0.0165943 -0.0978176   0.516878
 0.0165943 -0.0978176   0.516878
 0.0165943 -0.0978176   0.516878
 0.0165943 -0.0978176   0.516878
 0.0165943 -0.0978176   0.516878
 0.0165943 -0.0978176   0.516878
 0.0165943 -0.0978176   0.516878
 0.0165943 -0.0978176   0.516878
 0.0165943 -0.0978176   0.516878
 0.0165943 -0.0978176   0.516878
 0.0165943 -0.0978176   0.516878
 0.0165943 -0.0978176   0.516878
 0.0165943 -0.0978176   0.516878
 0.0165943 -0.0978176   0.516878
 0.0165943 -0.0978176   0.516878
 0.0165943 -0.0978176   0.516878
 0.0165943 -0.0978176   0.516878
 0.0165943 -0.0978176   0.516878
 0.0165943 -0.0978176   0.516878
 0.0165943 -0.0978176   0.516878
 0.0165943 -0.0978176   0.516878
 0.0165943 -0.0978176   0.516878
 0.0165943 -0.0978176   0.516878
 0.0165943 -0.0978176   0.516878
 0.0165943 -0.0978176   0.516878
 0.0165943 -0.0978176   0.516878
 0.0165943 -0.0978176   0.516878
 0.0165943 -0.0978176   0.516878
 0.0165943 -0.0978176   0.516878
 0.0165943 -0.0978176   0.516878
 0.0165943 -0.0978176   0.516878
 0.0165943 -0.0978176   0.516878
 0.0165943 -0.0978176   0.516878
 0.0165943 -0.0978176   0.516878
 0.0165943 -0.0978176   0.516878
 0.0165943 -0.0978176   0.516878
 0.0165943 -0.0978176   0.516878
 0.0165943 -0.0978176   0.516878
 0.0165943 -0.0978176   0.516878
 0.0165943 -0.0978176   0.516878
 0.0165943 -0.0978176   0.516878
 0.0165943 -0.0978176   0.516878
 0.0165943 -0.0978176   0.516878
 0.0165943 -0.0978176   0.516878
 0.0165943 -0.0978176   0.516878
 0.0165943 -0.0978176   0.516878
 0.0165943 -0.0978176   0.516878
 0.0165943 -0.0978176   0.516878
 0.0165943 -0.0978176   0.516878
 0.0165943 -0.0978176   0.516878
 0.0165943 -0.0978176   0.516878
 0.0165943 -0.0978176   0.516878
 0.0165943 -0.0978176   0.516878
 0.0165943 -0.0978176   0.516878
 0.0165943 -0.0978176   0.516878
 0.0165943 -0.0978176   0.516878
 0.0165943 -0.0978176   0.516878
 0.0165943 -0.0978176   0.516878
 0.0165943 -0.0978176   0.516878
 0.0165943 -0.0978176   0.516878
 0.0165943 -0.0978176   0.516878
 0.0165943 -0.0978176   0.516878
 0.0165943 -0.0978176   0.516878
 0.0165943 -0.0978176   0.516878
 0.0165943 -0.0978176   0.516878
 0.0165943 -0.0978176   0.516878
 0.0165943 -0.0978176   0.516878
 0.0165943 -0.0978176   0.516878
 0.0165943 -0.0978176   0.516878
 0.0165943 -0.0978176   0.516878
 0.0165943 -0.0978176   0.516878
 0.0165943 -0.0978176   0.516878
 0.0165943 -0.0978176   0.516878
 0.0165943 -0.0978176   0.516878
 0.0165943 -0.0978176   0.516878
 0.0165943 -0.0978176   0.516878
 0.0165943 -0.0978176   0.516878
 0.0165943 -0.0978176   0.516878
 0.0165943 -0.0978176   0.516878
 0.0165943 -0.0978176   0.516878
 0.0165943 -0.0978176   0.516878
 0.0165943 -0.0978176   0.516878
 0.0165943 -0.0978176   0.516878
 0.0165943 -0.0978176   0.516878
 0.0165943 -0.0978176   0.516878
 0.0165943 -0.0978176   0.516878
 0.0165943 -0.0978176   0.516878
 0.0165943 -0.0978176   0.516878
 0.0165943 -0.0978176   0.516878
 0.0165943 -0.0978176   0.516878
 0.0165943 -0.0978176   0.516878
 0.0165943 -0.0978176   0.516878
 0.0165943 -0.0978176   0.516878
 0.0165943 -0.0978176   0.516878
 0.0165943 -0.0978176   0.516878
 0.0165943 -0.0978176   0.516878
 0.0165943 -0.0978176   0.516878
 0.0165943 -0.0978176   0.516878
 0.0165943 -0.0978176   0.516878
 0.0165943 -0.0978176   0.516878
 0.0165943 -0.0978176   0.516878
 0.0165943 -0.0978176   0.516878
 0.0165943 -0.0978176   0.516878
 0.0165943 -0.0978176   0.516878
 0.0165943 -0.0978176   0.516878
 0.0165943 -0.0978176   0.516878
 0.0165943 -0.0978176   0.516878
 0.0165943 -0.0978176   0.516878
 0.0165943 -0.0978176   0.516878
 0.0165943 -0.0978176   0.516878
 0.0165943 -0.0978176   0.516878
 0.0165943 -0.0978176   0.516878
 0.0165943 -0.0978176   0.516878
 0.0165943 -0.0978176   0.516878
 0.0165943 -0.0978176   0.516878
 0.0165943 -0.0978176   0.516878
 0.0165943 -0.0978176   0.516878
 0.0165943 -0.0978176   0.516878
 0.0165943 -0.0978176   0.516878
 0.0165943 -0.0978176   0.516878
 0.0165943 -0.0978176   0.516878
 0.0165943 -0.0978176   0.516878
 0.0165943 -0.0978176   0.516878
 0.0165943 -0.0978176   0.516878
 0.0165943 -0.0978176   0.516878
 0.0165943 -0.0978176   0.516878
 0.0165943 -0.0978176   0.516878
 0.0165943 -0.0978176   0.516878
 0.0165943 -0.0978176   0.516878
 0.0165943 -0.0978176   0.516878
 0.0165943 -0.0978176   0.516878
 0.0165943 -0.0978176   0.516878
 0.0165943 -0.0978176   0.516878
 0.0165943 -0.0978176   0.516878
 0.0165943 -0.0978176   0.516878
 0.0165943 -0.0978176   0.516878
 0.0165943 -0.0978176   0.516878
 0.0165943 -0.0978176   0.516878
 0.0165943 -0.0978176   0.516878
 0.0165943 -0.0978176   0.516878
 0.0165943 -0.0978176   0.516878
 0.0165943 -0.0978176   0.516878
 0.0165943 -0.0978176   0.516878
 0.0165943 -0.0978176   0.516878
 0.0165943 -0.0978176   0.516878
 0.0165943 -0.0978176   0.516878
 0.0165943 -0.0978176   0.516878
 0.0165943 -0.0978176   0.516878
 0.0165943 -0.0978176   0.516878
 0.0165943 -0.0978176   0.516878
 0.0165943 -0.0978176   0.516878
 0.0165943 -0.0978176   0.516878
 0.0165943 -0.0978176   0.516878
 0.0165943 -0.0978176   0.516878
 0.0165943 -0.0978176   0.516878
 0.0165943 -0.0978176   0.516878
 0.0165943 -0.0978176   0.516878
 0.0165943 -0.0978176   0.516878
 0.0165943 -0.0978176   0.516878
 0.0165943 -0.0978176   0.516878
 0.0165943 -0.0978176   0.516878
 0.0165943 -0.0978176   0.516878
 0.0165943 -0.0978176   0.516878
 0.0165943 -0.0978176   0.516878
 0.0165943 -0.0978176   0.516878
 0.0165943 -0.0978176   0.516878
 0.0165943 -0.0978176   0.516878
 0.0165943 -0.0978176   0.516878
 0.0165943 -0.0978176   0.516878
 0.0165943 -0.0978176   0.516878
 0.0165943 -0.0978176   0.516878
 0.0165943 -0.0978176   0.516878
 0.0165943 -0.0978176   0.516878
 0.0165943 -0.0978176   0.516878
 0.0165943 -0.0978176   0.516878
 0.0165943 -0.0978176   0.516878
 0.0165943 -0.0978176   0.516878
 0.0165943 -0.0978176   0.516878
 0.0165943 -0.0978176   0.516878
 0.0165943 -0.0978176   0.516878
 0.0165943 -0.0978176   0.516878
 0.0165943 -0.0978176   0.516878
 0.0165943 -0.0978176   0.516878
 0.0165943 -0.0978176   0.516878
 0.0165943 -0.0978176   0.516878
 0.0165943 -0.0978176   0.516878
 0.0165943 -0.0978176   0.516878
 0.0165943 -0.0978176   0.516878
 0.0165943 -0.0978176   0.516878
 0.0165943 -0.0978176   0.516878
 0.0165943 -0.0978176   0.516878
 0.0165943 -0.0978176   0.516878
 0.0165943 -0.0978176   0.516878
 0.0165943 -0.0978176   0.516878
 0.0165943 -0.0978176   0.516878
 0.0165943 -0.0978176   0.516878
 0.0165943 -0.0978176   0.516878
 0.0165943 -0.0978176   0.516878
 0.0165943 -0.0978176   0.516878
 0.0165943 -0.0978176   0.516878
 0.0165943 -0.0978176   0.516878
 0.0165943 -0.0978176   0.516878
 0.0165943 -0.0978176   0.516878
 0.0165943 -0.0978176   0.516878
 0.0165943 -0.0978176   0.516878
 0.0165943 -0.0978176   0.516878
 0.0165943 -0.0978176   0.516878
 0.0165943 -0.0978176   0.516878
 0.0165943 -0.0978176   0.516878
 0.0165943 -0.0978176   0.516878
 0.0165943 -0.0978176   0.516878
 0.0165943 -0.0978176   0.516878
 0.0165943 -0.0978176   0.516878
 0.0165943 -0.0978176   0.516878
 0.0165943 -0.0978176   0.516878
 0.0165943 -0.0978176   0.516878
 0.0165943 -0.0978176   0.516878
 0.0165943 -0.0978176   0.516878
 0.0165943 -0.0978176   0.516878
 0.0165943 -0.0978176   0.516878
 0.0165943 -0.0978176   0.516878
 0.0165943 -0.0978176   0.516878
 0.0165943 -0.0978176   0.516878
 0.0165943 -0.0978176   0.516878
 0.0165943 -0.0978176   0.516878
 0.0165943 -0.0978176   0.516878
 0.0165943 -0.0978176   0.516878
 0.0165943 -0.0978176   0.516878
 0.0165943 -0.0978176   0.516878
 0.0165943 -0.0978176   0.516878
 0.0165943 -0.0978176   0.516878
 0.0165943 -0.0978176   0.516878
 0.0165943 -0.0978176   0.516878
 0.0165943 -0.0978176   0.516878
 0.0165943 -0.0978176   0.516878
 0.0165943 -0.0978176   0.516878
 0.0165943 -0.0978176   0.516878
 0.0165943 -0.0978176   0.516878
 0.0165943 -0.0978176   0.516878
 0.0165943 -0.0978176   0.516878
 0.0165943 -0.0978176   0.516878
 0.0165943 -0.0978176   0.516878
 0.0165943 -0.0978176   0.516878
 0.0165943 -0.0978176   0.516878
 0.0165943 -0.0978176   0.516878
 0.0165943 -0.0978176   0.516878
 0.0165943 -0.0978176   0.516878
 0.0165943 -0.0978176   0.516878
 0.0165943 -0.0978176   0.516878
 0.0165943 -0.0978176   0.516878
 0.0165943 -0.0978176   0.516878
 0.0165943 -0.0978176   0.516878
 0.0165943 -0.0978176   0.516878
 0.0165943 -0.0978176   0.516878
 0.0165943 -0.0978176   0.516878
 0.0165943 -0.0978176   0.516878
 0.0165943 -0.0978176   0.516878
 0.0165943 -0.0978176   0.516878
 0.0165943 -0.0978176   0.516878
 0.0165943 -0.0978176   0.516878
 0.0165943 -0.0978176   0.516878
 0.0165943 -0.0978176   0.516878
 0.0165943 -0.0978176   0.516878
 0.0165943 -0.0978176   0.516878
 0.0165943 -0.0978176   0.516878
 0.0165943 -0.0978176   0.516878
 0.0165943 -0.0978176   0.516878
 0.0165943 -0.0978176   0.516878
 0.0165943 -0.0978176   0.516878
 0.0165943 -0.0978176   0.516878
 0.0165943 -0.0978176   0.516878
 0.0165943 -0.0978176   0.516878
 0.0165943 -0.0978176   0.516878
 0.0165943 -0.0978176   0.516878
 0.0165943 -0.0978176   0.516878
 0.0165943 -0.0978176   0.516878
 0.0165943 -0.0978176   0.516878
 0.0165943 -0.0978176   0.516878
 0.0165943 -0.0978176   0.516878
 0.0165943 -0.0978176   0.516878
 0.0165943 -0.0978176   0.516878
 0.0165943 -0.0978176   0.516878
 0.0165943 -0.0978176   0.516878
 0.0165943 -0.0978176   0.516878
 0.0165943 -0.0978176   0.516878
 0.0165943 -0.0978176   0.516878
 0.0165943 -0.0978176   0.516878
 0.0165943 -0.0978176   0.516878
 0.0165943 -0.0978176   0.516878
 0.0165943 -0.0978176   0.516878
 0.0165943 -0.0978176   0.516878
 0.0165943 -0.0978176   0.516878
 0.0165943 -0.0978176   0.516878
 0.0165943 -0.0978176   0.516878
 0.0165943 -0.0978176   0.516878
 0.0165943 -0.0978176   0.516878
 0.0165943 -0.0978176   0.516878
 0.0165943 -0.0978176   0.516878
 0.0165943 -0.0978176   0.516878
 0.0165943 -0.0978176   0.516878
 0.0165943 -0.0978176   0.516878
 0.0165943 -0.0978176   0.516878
 0.0165943 -0.0978176   0.516878
 0.0165943 -0.0978176   0.516878
 0.0165943 -0.0978176   0.516878
 0.0165943 -0.0978176   0.516878
 0.0165943 -0.0978176   0.516878
 0.0165943 -0.0978176   0.516878
 0.0165943 -0.0978176   0.516878
 0.0165943 -0.0978176   0.516878
 0.0165943 -0.0978176   0.516878
 0.0165943 -0.0978176   0.516878
 0.0165943 -0.0978176   0.516878
 0.0165943 -0.0978176   0.516878
 0.0165943 -0.0978176   0.516878
 0.0165943 -0.0978176   0.516878
 0.0165943 -0.0978176   0.516878
 0.0165943 -0.0978176   0.516878
 0.0165943 -0.0978176   0.516878
 0.0165943 -0.0978176   0.516878
 0.0165943 -0.0978176   0.516878
 0.0165943 -0.0978176   0.516878
 0.0165943 -0.0978176   0.516878
 0.0165943 -0.0978176   0.516878
 0.0165943 -0.0978176   0.516878
 0.0165943 -0.0978176   0.516878
 0.0165943 -0.0978176   0.516878
 0.0165943 -0.0978176   0.516878
 0.0165943 -0.0978176   0.516878
 0.0165943 -0.0978176   0.516878
 0.0165943 -0.0978176   0.516878
 0.0165943 -0.0978176   0.516878
 0.0165943 -0.0978176   0.516878
 0.0165943 -0.0978176   0.516878
 0.0165943 -0.0978176   0.516878
 0.0165943 -0.0978176   0.516878
 0.0165943 -0.0978176   0.516878
 0.0165943 -0.0978176   0.516878
 0.0165943 -0.0978176   0.516878
 0.0165943 -0.0978176   0.516878
 0.0165943 -0.0978176   0.516878
 0.0165943 -0.0978176   0.516878
 0.0165943 -0.0978176   0.516878
 0.0165943 -0.0978176   0.516878
 0.0165943 -0.0978176   0.516878
 0.0165943 -0.0978176   0.516878
 0.0165943 -0.0978176   0.516878
 0.0165943 -0.0978176   0.516878
 0.0165943 -0.0978176   0.516878
 0.0165943 -0.0978176   0.516878
 0.0165943 -0.0978176   0.516878
 0.0165943 -0.0978176   0.516878
 0.0165943 -0.0978176   0.516878
 0.0165943 -0.0978176   0.516878
 0.0165943 -0.0978176   0.516878
 0.0165943 -0.0978176   0.516878
 0.0165943 -0.0978176   0.516878
 0.0165943 -0.0978176   0.516878
 0.0165943 -0.0978176   0.516878
 0.0165943 -0.0978176   0.516878
 0.0165943 -0.0978176   0.516878
 0.0165943 -0.0978176   0.516878
 0.0165943 -0.0978176   0.516878
 0.0165943 -0.0978176   0.516878
 0.0165943 -0.0978176   0.516878
 0.0165943 -0.0978176   0.516878
 0.0165943 -0.0978176   0.516878
 0.0165943 -0.0978176   0.516878
 0.0165943 -0.0978176   0.516878
 0.0165943 -0.0978176   0.516878
 0.0165943 -0.0978176   0.516878
 0.0165943 -0.0978176   0.516878
 0.0165943 -0.0978176   0.516878
 0.0165943 -0.0978176   0.516878
 0.0165943 -0.0978176   0.516878
 0.0165943 -0.0978176   0.516878
 0.0165943 -0.0978176   0.516878
 0.0165943 -0.0978176   0.516878
 0.0165943 -0.0978176   0.516878
 0.0165943 -0.0978176   0.516878
 0.0165943 -0.0978176   0.516878
 0.0165943 -0.0978176   0.516878
 0.0165943 -0.0978176   0.516878
 0.0165943 -0.0978176   0.516878
 0.0165943 -0.0978176   0.516878
 0.0165943 -0.0978176   0.516878
 0.0165943 -0.0978176   0.516878
 0.0165943 -0.0978176   0.516878
 0.0165943 -0.0978176   0.516878
 0.0165943 -0.0978176   0.516878
 0.0165943 -0.0978176   0.516878
 0.0165943 -0.0978176   0.516878
 0.0165943 -0.0978176   0.516878
 0.0165943 -0.0978176   0.516878
 0.0165943 -0.0978176   0.516878
 0.0165943 -0.0978176   0.516878
 0.0165943 -0.0978176   0.516878
 0.0165943 -0.0978176   0.516878
 0.0165943 -0.0978176   0.516878
 0.0165943 -0.0978176   0.516878
 0.0165943 -0.0978176   0.516878
 0.0165943 -0.0978176   0.516878
 0.0165943 -0.0978176   0.516878
 0.0165943 -0.0978176   0.516878
 0.0165943 -0.0978176   0.516878
 0.0165943 -0.0978176   0.516878
 0.0165943 -0.0978176   0.516878
 0.0165943 -0.0978176   0.516878
 0.0165943 -0.0978176   0.516878
 0.0165943 -0.0978176   0.516878
 0.0165943 -0.0978176   0.516878
 0.0165943 -0.0978176   0.516878
 0.0165943 -0.0978176   0.516878
 0.0165943 -0.0978176   0.516878
 0.0165943 -0.0978176   0.516878
 0.0165943 -0.0978176   0.516878
 0.0165943 -0.0978176   0.516878
 0.0165943 -0.0978176   0.516878
 0.0165943 -0.0978176   0.516878
 0.0165943 -0.0978176   0.516878
 0.0165943 -0.0978176   0.516878
 0.0165943 -0.0978176   0.516878
 0.0165943 -0.0978176   0.516878
 0.0165943 -0.0978176   0.516878
 0.0165943 -0.0978176   0.516878
 0.0165943 -0.0978176   0.516878
 0.0165943 -0.0978176   0.516878
 0.0165943 -0.0978176   0.516878
 0.0165943 -0.0978176   0.516878
 0.0165943 -0.0978176   0.516878
 0.0165943 -0.0978176   0.516878
 0.0165943 -0.0978176   0.516878
 0.0165943 -0.0978176   0.516878
 0.0165943 -0.0978176   0.516878
 0.0165943 -0.0978176   0.516878
 0.0165943 -0.0978176   0.516878
 0.0165943 -0.0978176   0.516878
 0.0165943 -0.0978176   0.516878
 0.0165943 -0.0978176   0.516878
 0.0165943 -0.0978176   0.516878
 0.0165943 -0.0978176   0.516878
 0.0165943 -0.0978176   0.516878
 0.0165943 -0.0978176   0.516878
 0.0165943 -0.0978176   0.516878
 0.0165943 -0.0978176   0.516878
 0.0165943 -0.0978176   0.516878
 0.0165943 -0.0978176   0.516878
 0.0165943 -0.0978176   0.516878
 0.0165943 -0.0978176   0.516878
 0.0165943 -0.0978176   0.516878
 0.0165943 -0.0978176   0.516878
 0.0165943 -0.0978176   0.516878
 0.0165943 -0.0978176   0.516878
 0.0165943 -0.0978176   0.516878
 0.0165943 -0.0978176   0.516878
 0.0165943 -0.0978176   0.516878
 0.0165943 -0.0978176   0.516878
 0.0165943 -0.0978176   0.516878
 0.0165943 -0.0978176   0.516878
 0.0165943 -0.0978176   0.516878
 0.0165943 -0.0978176   0.516878
 0.0165943 -0.0978176   0.516878
 0.0165943 -0.0978176   0.516878
 0.0165943 -0.0978176   0.516878
 0.0165943 -0.0978176   0.516878
 0.0165943 -0.0978176   0.516878
 0.0165943 -0.0978176   0.516878
 0.0165943 -0.0978176   0.516878
 0.0165943 -0.0978176   0.516878
 0.0165943 -0.0978176   0.516878
 0.0165943 -0.0978176   0.516878
 0.0165943 -0.0978176   0.516878
 0.0165943 -0.0978176   0.516878
 0.0165943 -0.0978176   0.516878
 0.0165943 -0.0978176   0.516878
 0.0165943 -0.0978176   0.516878
 0.0165943 -0.0978176   0.516878
 0.0165943 -0.0978176   0.516878
 0.0165943 -0.0978176   0.516878
 0.0165943 -0.0978176   0.516878
 0.0165943 -0.0978176   0.516878
 0.0165943 -0.0978176   0.516878
 0.0165943 -0.0978176   0.516878
 0.0165943 -0.0978176   0.516878
 0.0165943 -0.0978176   0.516878
 0.0165943 -0.0978176   0.516878
 0.0165943 -0.0978176   0.516878
 0.0165943 -0.0978176   0.516878
 0.0165943 -0.0978176   0.516878
 0.0165943 -0.0978176   0.516878
 0.0165943 -0.0978176   0.516878
 0.0165943 -0.0978176   0.516878
 0.0165943 -0.0978176   0.516878
 0.0165943 -0.0978176   0.516878
 0.0165943 -0.0978176   0.516878
 0.0165943 -0.0978176   0.516878
 0.0165943 -0.0978176   0.516878
 0.0165943 -0.0978176   0.516878
 0.0165943 -0.0978176   0.516878
 0.0165943 -0.0978176   0.516878
 0.0165943 -0.0978176   0.516878
 0.0165943 -0.0978176   0.516878
 0.0165943 -0.0978176   0.516878
 0.0165943 -0.0978176   0.516878
 0.0165943 -0.0978176   0.516878
 0.0165943 -0.0978176   0.516878
 0.0165943 -0.0978176   0.516878
 0.0165943 -0.0978176   0.516878
 0.0165943 -0.0978176   0.516878
 0.0165943 -0.0978176   0.516878
 0.0165943 -0.0978176   0.516878
 0.0165943 -0.0978176   0.516878
 0.0165943 -0.0978176   0.516878
 0.0165943 -0.0978176   0.516878
 0.0165943 -0.0978176   0.516878
 0.0165943 -0.0978176   0.516878
 0.0165943 -0.0978176   0.516878
 0.0165943 -0.0978176   0.516878
 0.0165943 -0.0978176   0.516878
 0.0165943 -0.0978176   0.516878
 0.0165943 -0.0978176   0.516878
 0.0165943 -0.0978176   0.516878
 0.0165943 -0.0978176   0.516878
 0.0165943 -0.0978176   0.516878
 0.0165943 -0.0978176   0.516878
 0.0165943 -0.0978176   0.516878
 0.0165943 -0.0978176   0.516878
 0.0165943 -0.0978176   0.516878
 0.0165943 -0.0978176   0.516878
 0.0165943 -0.0978176   0.516878
 0.0165943 -0.0978176   0.516878
 0.0165943 -0.0978176   0.516878
 0.0165943 -0.0978176   0.516878
 0.0165943 -0.0978176   0.516878
 0.0165943 -0.0978176   0.516878
 0.0165943 -0.0978176   0.516878
 0.0165943 -0.0978176   0.516878
 0.0165943 -0.0978176   0.516878
 0.0165943 -0.0978176   0.516878
 0.0165943 -0.0978176   0.516878
 0.0165943 -0.0978176   0.516878
 0.0165943 -0.0978176   0.516878
 0.0165943 -0.0978176   0.516878
 0.0165943 -0.0978176   0.516878
 0.0165943 -0.0978176   0.516878
 0.0165943 -0.0978176   0.516878
 0.0165943 -0.0978176   0.516878
 0.0165943 -0.0978176   0.516878
 0.0165943 -0.0978176   0.516878
 0.0165943 -0.0978176   0.516878
 0.0165943 -0.0978176   0.516878
 0.0165943 -0.0978176   0.516878
 0.0165943 -0.0978176   0.516878
 0.0165943 -0.0978176   0.516878
 0.0165943 -0.0978176   0.516878
 0.0165943 -0.0978176   0.516878
 0.0165943 -0.0978176   0.516878
 0.0165943 -0.0978176   0.516878
 0.0165943 -0.0978176   0.516878
 0.0165943 -0.0978176   0.516878
 0.0165943 -0.0978176   0.516878
 0.0165943 -0.0978176   0.516878
 0.0165943 -0.0978176   0.516878
 0.0165943 -0.0978176   0.516878
 0.0165943 -0.0978176   0.516878
 0.0165943 -0.0978176   0.516878
 0.0165943 -0.0978176   0.516878
 0.0165943 -0.0978176   0.516878
 0.0165943 -0.0978176   0.516878
 0.0165943 -0.0978176   0.516878
 0.0165943 -0.0978176   0.516878
 0.0165943 -0.0978176   0.516878
 0.0165943 -0.0978176   0.516878
 0.0165943 -0.0978176   0.516878
 0.0165943 -0.0978176   0.516878
 0.0165943 -0.0978176   0.516878
 0.0165943 -0.0978176   0.516878
 0.0165943 -0.0978176   0.516878
 0.0165943 -0.0978176   0.516878
 0.0165943 -0.0978176   0.516878
 0.0165943 -0.0978176   0.516878
 0.0165943 -0.0978176   0.516878
 0.0165943 -0.0978176   0.516878
 0.0165943 -0.0978176   0.516878
 0.0165943 -0.0978176   0.516878
 0.0165943 -0.0978176   0.516878
 0.0165943 -0.0978176   0.516878
 0.0165943 -0.0978176   0.516878
 0.0165943 -0.0978176   0.516878
 0.0165943 -0.0978176   0.516878
 0.0165943 -0.0978176   0.516878
 0.0165943 -0.0978176   0.516878
 0.0165943 -0.0978176   0.516878
