0.0166126 -0.105387   0.50852
0.0166113  -0.10539  0.508518
0.0166099 -0.105389  0.508518
0.0166078 -0.105388  0.508518
0.0166061 -0.105391  0.508517
0.0166025 -0.105388  0.508517
0.0165994 -0.105389  0.508516
0.0165963 -0.105388  0.508516
0.0165933 -0.105384  0.508516
0.0165896 -0.105385  0.508515
0.0165848 -0.105384  0.508515
0.0165816 -0.105384  0.508515
0.0165788 -0.105381  0.508516
0.0165742  -0.10538  0.508516
0.0165715 -0.105378  0.508516
0.0165679 -0.105374  0.508517
0.0165643 -0.105372  0.508517
0.0165598 -0.105368  0.508517
0.0165567 -0.105362  0.508517
0.0165537 -0.105355  0.508519
0.016549 -0.10535 0.508519
0.0165454 -0.105341   0.50852
0.0165422 -0.105329  0.508521
0.0165388 -0.105317  0.508522
0.0165352 -0.105301  0.508524
 0.016532 -0.105283  0.508526
0.0165286 -0.105265  0.508528
0.0165251 -0.105243   0.50853
0.0165215  -0.10522  0.508532
0.0165181 -0.105193  0.508535
0.0165146 -0.105165  0.508538
 0.016511 -0.105133  0.508541
0.0165073   -0.1051  0.508544
0.0165038 -0.105062  0.508548
   0.0165 -0.105023  0.508552
0.0164963 -0.104979  0.508557
0.0164925 -0.104932  0.508562
0.0164887 -0.104884  0.508567
0.0164849 -0.104831  0.508572
 0.016481 -0.104777  0.508577
0.0164772 -0.104718  0.508584
0.0164733 -0.104658   0.50859
0.0164695 -0.104592  0.508597
0.0164648 -0.104529  0.508604
0.0164609 -0.104457  0.508612
 0.016457 -0.104382   0.50862
0.0164524 -0.104308  0.508629
0.0164485 -0.104228  0.508638
0.0164446 -0.104146  0.508647
0.0164408 -0.104059  0.508657
 0.016437 -0.103971  0.508666
0.0164333 -0.103879  0.508677
0.0164296 -0.103784  0.508688
0.0164259 -0.103689  0.508698
0.0164226 -0.103588   0.50871
0.0164197 -0.103487  0.508721
0.0164163 -0.103383  0.508732
0.0164117 -0.103283  0.508744
0.0164087 -0.103175  0.508757
0.0164049 -0.103068  0.508769
0.0164019 -0.102961  0.508781
0.0163986 -0.102852  0.508794
0.0163952 -0.102744  0.508806
0.0163918 -0.102634  0.508819
0.0163884 -0.102524  0.508832
0.0163849 -0.102415  0.508844
0.0163814 -0.102306  0.508857
0.0163778 -0.102197   0.50887
0.0163741  -0.10209  0.508883
0.0163726 -0.101978  0.508895
0.0163688 -0.101874  0.508907
0.0163621 -0.101769   0.50892
0.0163588 -0.101669  0.508933
0.0163544 -0.101569  0.508945
0.0163483 -0.101472  0.508958
0.0163436 -0.101373  0.508971
0.0163388 -0.101278  0.508983
0.0163338 -0.101184  0.508996
0.0163287 -0.101091  0.509008
0.0163234 -0.101003   0.50902
0.0163192 -0.100914  0.509033
0.0163122 -0.100828  0.509043
0.0163065 -0.100747  0.509055
0.0163006 -0.100665  0.509066
0.0162936  -0.10059  0.509075
0.0162919 -0.100494   0.50909
0.0162857 -0.100422  0.509101
0.0162808 -0.100351  0.509114
 0.016271 -0.100298  0.509123
0.0162645 -0.100231  0.509134
0.0162579 -0.100166  0.509144
0.0162507 -0.100104  0.509151
0.0162438 -0.100044  0.509161
 0.0162387 -0.0999864   0.509173
 0.0162297 -0.0999318   0.509179
 0.0162225 -0.0998782   0.509188
 0.0162166 -0.0998278     0.5092
 0.0162094 -0.0997796   0.509209
 0.0162022 -0.0997315   0.509217
  0.016195 -0.0996846   0.509225
 0.0161861 -0.0996396   0.509229
 0.0161805 -0.0995975   0.509241
 0.0161733 -0.0995553   0.509248
 0.0161667 -0.0995154   0.509255
 0.0161615 -0.0994744   0.509262
 0.0161531 -0.0994373   0.509269
 0.0161462 -0.0993998   0.509275
 0.0161394 -0.0993627   0.509282
 0.0161327 -0.0993285   0.509288
 0.0161268 -0.0992931   0.509294
 0.0161194 -0.0992601     0.5093
 0.0161141 -0.0992274   0.509305
 0.0161081 -0.0991946   0.509311
 0.0161013 -0.0991637   0.509316
 0.0160969 -0.0991336   0.509321
 0.0160914 -0.0991023   0.509326
 0.016086 -0.099073  0.509331
 0.0160804 -0.0990465   0.509335
 0.0160769 -0.0990165   0.509339
 0.0160727 -0.0989886   0.509343
 0.0160676 -0.0989624   0.509347
  0.016065 -0.0989365   0.509351
0.0160608 -0.098912  0.509355
 0.0160584 -0.0988852   0.509358
 0.0160558 -0.0988625   0.509362
 0.0160535 -0.0988384   0.509365
 0.0160505 -0.0988163   0.509368
 0.0160464 -0.0987926   0.509366
 0.0160451 -0.0987704   0.509369
 0.0160442 -0.0987492   0.509372
 0.0160437 -0.0987304   0.509375
 0.0160436 -0.0987104   0.509378
 0.0160429 -0.0986925   0.509381
 0.0160446 -0.0986747   0.509384
 0.0160457 -0.0986567   0.509387
 0.0160472 -0.0986397    0.50939
 0.0160481 -0.0986243   0.509393
 0.0160514 -0.0986092   0.509395
  0.016053 -0.0985955   0.509398
 0.0160569 -0.0985793   0.509401
  0.01606 -0.098567  0.509403
 0.0160635 -0.0985535   0.509406
 0.0160671 -0.0985405   0.509408
 0.0160708 -0.0985298    0.50941
 0.0160747 -0.0985176   0.509412
 0.0160787 -0.0985058   0.509414
 0.0160816 -0.0984975   0.509416
 0.0160865 -0.0984848   0.509417
0.0160905 -0.098474  0.509419
 0.0160943 -0.0984631    0.50942
 0.0160981 -0.0984545   0.509421
 0.0161018 -0.0984444   0.509422
 0.0161053 -0.0984342   0.509423
  0.016113 -0.0984277   0.509429
 0.0161123 -0.0984167   0.509423
 0.0161157 -0.0984067   0.509423
  0.016119 -0.0983992   0.509423
 0.0161222 -0.0983898   0.509423
 0.0161254 -0.0983807   0.509423
 0.0161286 -0.0983737   0.509422
 0.0161318 -0.0983647   0.509422
  0.016135 -0.0983561   0.509421
 0.0161383 -0.0983497    0.50942
  0.016146 -0.0983426   0.509425
 0.016146 -0.098338  0.509419
 0.0161497 -0.0983301   0.509418
 0.0161523 -0.0983227   0.509417
 0.0161564 -0.0983172   0.509415
 0.0161607 -0.0983098   0.509414
0.0161653 -0.098303  0.509413
 0.0161701 -0.0982983   0.509412
 0.0161753 -0.0982915   0.509411
 0.0161807 -0.0982854    0.50941
 0.0161864 -0.0982813   0.509408
 0.0161924 -0.0982751   0.509407
  0.016203 -0.0982707   0.509411
 0.0162095 -0.0982651    0.50941
 0.0162162 -0.0982616   0.509409
 0.0162231 -0.0982568   0.509407
 0.0162254 -0.0982504     0.5094
 0.0162326 -0.0982475   0.509398
 0.0162398 -0.0982426   0.509396
 0.0162471 -0.0982382   0.509395
 0.0162545 -0.0982357   0.509393
 0.0162619 -0.0982313   0.509391
 0.0162695 -0.0982273   0.509389
 0.0162771 -0.0982252   0.509387
 0.0162848 -0.0982211   0.509386
 0.0162926 -0.0982177   0.509384
0.0163011 -0.098216  0.509382
 0.0163092 -0.0982123    0.50938
0.0163173 -0.098209  0.509378
 0.0163255 -0.0982079   0.509376
 0.0163339 -0.0982045   0.509375
 0.0163424 -0.0982016   0.509373
  0.016351 -0.0981986   0.509371
 0.0163597 -0.0981977   0.509369
 0.0163685 -0.0981951   0.509368
 0.0163773 -0.0981922   0.509366
 0.0163861 -0.0981914   0.509364
 0.0163949 -0.0981891   0.509361
 0.0164037 -0.0981863    0.50936
  0.016415 -0.0981798   0.509359
 0.0164238 -0.0981793   0.509356
 0.0164359 -0.0981768   0.509359
 0.0164446 -0.0981744   0.509357
 0.0164477 -0.0981775   0.509348
 0.0164563 -0.0981752   0.509345
 0.0164649 -0.0981747   0.509342
 0.0164777 -0.0981721   0.509345
  0.016484 -0.0981657   0.509338
 0.0164966 -0.0981634    0.50934
 0.0165038 -0.0981628   0.509337
0.0165119  -0.09816  0.509334
   0.01652 -0.0981576   0.509331
 0.0165279 -0.0981573   0.509328
 0.0165345 -0.0981586   0.509323
 0.0165423 -0.0981581    0.50932
   0.01655 -0.0981554   0.509316
 0.0165505 -0.0981536   0.509315
  0.016564 -0.0981472   0.509306
 0.0165694 -0.0981506   0.509301
 0.0165769 -0.0981482   0.509297
 0.0165845 -0.0981477   0.509293
 0.0165923 -0.0981451    0.50929
    0.0166 -0.0981429   0.509286
 0.0166082 -0.0981427   0.509283
 0.0166187 -0.0981364   0.509281
 0.0166274 -0.0981341   0.509278
 0.0166363 -0.0981321   0.509275
 0.0166457 -0.0981321   0.509271
0.0166554  -0.09813  0.509269
 0.0166654 -0.0981284   0.509266
 0.0166759 -0.0981288   0.509263
0.0166858 -0.098127   0.50926
 0.0166968 -0.0981259   0.509258
 0.0167081 -0.0981267   0.509255
 0.0167197 -0.0981253   0.509253
 0.0167313 -0.0981244   0.509251
 0.0167435 -0.0981255   0.509248
 0.0167555 -0.0981246   0.509245
0.0167673 -0.098124  0.509243
 0.0167792 -0.0981253    0.50924
 0.0167911 -0.0981244   0.509238
 0.0168029 -0.0981242   0.509235
 0.0168145 -0.0981257   0.509232
 0.0168258 -0.0981252    0.50923
 0.0168371 -0.0981249   0.509227
 0.0168483 -0.0981262   0.509224
 0.0168584 -0.0981281   0.509221
   0.01687 -0.0981253   0.509219
 0.0168809 -0.0981273   0.509216
 0.0168912 -0.0981263   0.509213
  0.016902 -0.0981311   0.509209
 0.0169133 -0.0981318   0.509206
 0.0169222 -0.0981319   0.509203
 0.0169326 -0.0981322     0.5092
 0.0169413 -0.0981297   0.509197
 0.0169514 -0.0981311   0.509194
 0.0169609 -0.0981302   0.509191
 0.0169715 -0.0981325   0.509187
 0.0169799 -0.0981297   0.509185
0.0169903  -0.09813  0.509182
 0.0169985 -0.0981299   0.509179
  0.017008 -0.0981279   0.509176
 0.0170174 -0.0981265   0.509173
 0.0170268 -0.0981271    0.50917
 0.0170362 -0.0981256   0.509167
 0.0170467 -0.0981256   0.509164
  0.017058 -0.0981227   0.509165
 0.0170685 -0.0981228   0.509162
 0.0170769 -0.0981198   0.509159
 0.0170836 -0.0981229   0.509153
 0.0170931 -0.0981219   0.509151
 0.0171064 -0.0981217    0.50915
 0.0171145 -0.0981192   0.509148
 0.0171214 -0.0981212   0.509143
 0.0171318 -0.0981236    0.50914
 0.0171401 -0.0981214   0.509138
 0.0171507 -0.0981222   0.509135
 0.0171613 -0.0981203   0.509135
0.0171682 -0.098121  0.509131
 0.0171792 -0.0981246   0.509128
 0.0171876 -0.0981226   0.509126
 0.0171977 -0.0981234   0.509124
 0.0172061 -0.0981242   0.509121
 0.0172167 -0.0981251   0.509119
 0.0172251 -0.0981239   0.509117
 0.0172358 -0.0981273   0.509115
 0.0172442 -0.0981261   0.509113
 0.0172548 -0.0981297   0.509111
 0.0172632 -0.0981283   0.509109
 0.0172737 -0.0981299   0.509107
  0.017282 -0.0981308   0.509106
 0.0172924 -0.0981328   0.509104
 0.0173006 -0.0981317   0.509102
 0.0173097 -0.0981286   0.509101
  0.017319 -0.0981342   0.509099
 0.0173289 -0.0981379   0.509097
0.0173361 -0.098136  0.509095
 0.0173458 -0.0981377   0.509093
 0.0173547 -0.0981354   0.509094
 0.0173625 -0.0981404    0.50909
 0.0173711 -0.0981364   0.509091
 0.0173784 -0.0981434   0.509087
 0.0173853 -0.0981427   0.509086
 0.0173939 -0.0981465   0.509083
0.0174002 -0.098145  0.509083
 0.0174085 -0.0981468   0.509081
 0.0174158 -0.0981444   0.509081
 0.0174237 -0.0981461   0.509079
 0.0174293 -0.0981448   0.509078
 0.0174357 -0.0981517   0.509075
 0.0174422 -0.0981473   0.509075
 0.0174496 -0.0981511   0.509073
 0.0174546 -0.0981498   0.509073
 0.0174617 -0.0981515   0.509071
 0.0174681 -0.0981456   0.509071
 0.0174732 -0.0981522   0.509068
 0.0174797 -0.0981489   0.509068
 0.0174855 -0.0981498   0.509067
 0.0174906 -0.0981517   0.509066
 0.0174963 -0.0981532   0.509065
 0.0175008 -0.0981591   0.509063
0.0175071 -0.098157  0.509063
 0.0175121 -0.0981574   0.509062
0.0175168 -0.098165   0.50906
 0.0175218 -0.0981657    0.50906
  0.017527 -0.0981698   0.509058
 0.0175317 -0.0981704   0.509058
 0.0175366 -0.0981726   0.509057
 0.0175412 -0.0981755   0.509056
 0.0175464 -0.0981743   0.509056
 0.0175506 -0.0981747   0.509056
0.0175549 -0.098179  0.509055
 0.0175587 -0.0981804   0.509055
 0.0175624 -0.0981884   0.509054
 0.0175661 -0.0981889   0.509054
 0.0175701 -0.0981873   0.509054
 0.0175737 -0.0981901   0.509054
 0.0175772 -0.0981919   0.509053
 0.0175799 -0.0981978   0.509053
 0.0175831 -0.0981992   0.509053
 0.0175858 -0.0981994   0.509053
 0.0175886 -0.0982028   0.509052
 0.0175909 -0.0982031   0.509052
 0.0175929 -0.0982023   0.509053
 0.0175964 -0.0982064   0.509052
0.0175971 -0.098211  0.509051
 0.0175998 -0.0982125   0.509051
0.0176007  -0.09821  0.509051
 0.0176032 -0.0982052   0.509053
 0.0176047 -0.0982076   0.509052
 0.0176062 -0.0982108   0.509053
 0.0176077 -0.0982135   0.509052
 0.0176089 -0.0982124   0.509053
 0.0176102 -0.0982132   0.509053
 0.0176111 -0.0982145   0.509053
 0.0176116 -0.0982192   0.509052
0.0176132  -0.09822  0.509052
 0.0176128 -0.0982188   0.509053
 0.0176146 -0.0982222   0.509053
0.0176141 -0.098221  0.509053
 0.0176158 -0.0982211   0.509053
  0.017615 -0.0982195   0.509054
 0.0176163 -0.0982244   0.509054
 0.0176154 -0.0982252   0.509055
 0.0176166 -0.0982267   0.509055
 0.0176157 -0.0982218   0.509056
 0.0176168 -0.0982252   0.509056
0.0176156 -0.098224  0.509057
 0.0176166 -0.0982276   0.509056
 0.0176153 -0.0982261   0.509057
  0.017616 -0.0982238   0.509059
 0.0176156 -0.0982245   0.509059
 0.0176154 -0.0982255    0.50906
0.0176152 -0.098226   0.50906
 0.0176146 -0.0982291   0.509061
 0.0176144 -0.0982325   0.509061
 0.0176136 -0.0982329   0.509062
 0.0176132 -0.0982364   0.509063
0.0176121 -0.098237  0.509064
 0.0176118 -0.0982374   0.509064
 0.0176108 -0.0982396   0.509065
 0.0176101 -0.0982417   0.509066
  0.017609 -0.0982411   0.509067
 0.0176083 -0.0982446   0.509067
 0.0176071 -0.0982451   0.509068
 0.0176062 -0.0982486   0.509068
 0.0176049 -0.0982483   0.509069
 0.0176039 -0.0982497    0.50907
 0.0176025 -0.0982515   0.509071
 0.0176014 -0.0982529   0.509072
 0.0175997 -0.0982529   0.509073
 0.0175985 -0.0982559   0.509073
  0.017597 -0.0982556   0.509075
 0.0175958 -0.0982585   0.509075
 0.0175942 -0.0982577   0.509076
 0.0175932 -0.0982588   0.509077
 0.0175917 -0.0982602   0.509078
 0.0175902 -0.0982607   0.509079
 0.0175886 -0.0982621    0.50908
 0.0175874 -0.0982624   0.509081
  0.017586 -0.0982619   0.509082
 0.0175842 -0.0982634   0.509082
  0.017584 -0.0982697   0.509082
 0.0175815 -0.0982679   0.509084
 0.0175807 -0.0982692   0.509085
 0.0175783 -0.0982698   0.509086
0.0175781 -0.098271  0.509086
 0.0175757 -0.0982717   0.509087
 0.0175755 -0.0982725   0.509088
0.0175731 -0.098271   0.50909
 0.0175729 -0.0982742    0.50909
 0.0175705 -0.0982724   0.509092
 0.0175703 -0.0982735   0.509092
 0.0175678 -0.0982739   0.509093
 0.0175675 -0.0982751   0.509094
  0.017565 -0.0982756   0.509095
 0.0175646 -0.0982763   0.509096
  0.017562 -0.0982747   0.509097
 0.0175615 -0.0982777   0.509098
 0.0175588 -0.0982761   0.509099
 0.0175582 -0.0982771     0.5091
 0.0175554 -0.0982775   0.509101
 0.0175548 -0.0982786   0.509101
 0.0175519 -0.0982791   0.509102
 0.0175511 -0.0982798   0.509103
 0.0175482 -0.0982782   0.509104
 0.0175474 -0.0982812   0.509105
 0.0175443 -0.0982798   0.509106
 0.0175433 -0.0982812   0.509107
 0.0175417 -0.0982744   0.509109
   0.01754 -0.0982769   0.509109
 0.0175371 -0.0982764    0.50911
 0.0175353 -0.0982736   0.509111
 0.0175333 -0.0982777   0.509112
 0.0175314 -0.0982755   0.509113
 0.0175295 -0.0982798   0.509114
 0.0175278 -0.0982802   0.509115
 0.0175259 -0.0982797   0.509116
 0.0175243 -0.0982827   0.509116
 0.0175224 -0.0982826   0.509118
 0.0175209 -0.0982832   0.509119
 0.0175191 -0.0982851   0.509119
 0.0175176 -0.0982836    0.50912
 0.0175159 -0.0982858   0.509121
 0.0175145 -0.0982865   0.509122
 0.0175128 -0.0982865   0.509123
 0.0175115 -0.0982899   0.509124
 0.0175098 -0.0982901   0.509125
0.0175085 -0.098291  0.509126
 0.0175069 -0.0982933   0.509126
 0.0175058 -0.0982975   0.509127
 0.0175041 -0.0982968   0.509128
 0.0175029 -0.0983005   0.509129
 0.0175013 -0.0983003    0.50913
    0.0175 -0.0983036    0.50913
 0.0174983 -0.0983035   0.509131
  0.017497 -0.0983041   0.509132
 0.0174951 -0.0983064   0.509133
 0.0174937 -0.0983072   0.509133
 0.0174926 -0.0983125   0.509133
 0.0174898 -0.0983132   0.509134
 0.0174884 -0.0983139   0.509134
 0.0174855 -0.0983122   0.509135
 0.0174851 -0.0983154   0.509135
0.0174822 -0.098313  0.509137
 0.0174814 -0.0983135   0.509137
 0.0174785 -0.0983133   0.509138
 0.0174777 -0.0983137   0.509138
 0.0174748 -0.0983108   0.509139
  0.017474 -0.0983129   0.509139
 0.0174711 -0.0983103    0.50914
 0.0174703 -0.0983098    0.50914
 0.0174675 -0.0983067   0.509142
  0.017467 -0.0983095   0.509142
 0.0174642 -0.0983088   0.509143
 0.0174637 -0.0983088   0.509143
 0.0174611 -0.0983061   0.509145
 0.0174607 -0.0983083   0.509145
 0.0174581 -0.0983034   0.509146
 0.0174579 -0.0983082   0.509146
 0.0174555 -0.0983031   0.509147
 0.0174553 -0.0983038   0.509147
 0.0174531 -0.0983042   0.509148
 0.0174532 -0.0983078   0.509149
 0.0174509 -0.0983031    0.50915
  0.017451 -0.0983088    0.50915
 0.0174488 -0.0983074   0.509151
 0.0174489 -0.0983109   0.509151
 0.0174468 -0.0983092   0.509152
 0.0174468 -0.0983106   0.509152
 0.0174447 -0.0983115   0.509153
 0.0174446 -0.0983127   0.509153
 0.0174423 -0.0983091   0.509154
0.0174426 -0.098307  0.509156
 0.0174411 -0.0983092   0.509156
 0.0174393 -0.0983105   0.509156
 0.0174377 -0.0983095   0.509157
 0.0174367 -0.0983126   0.509157
 0.017435 -0.098312  0.509158
 0.0174337 -0.0983149   0.509158
  0.017432 -0.0983138   0.509158
 0.0174305 -0.0983145   0.509159
0.0174287 -0.098316  0.509159
 0.0174271 -0.0983165    0.50916
 0.0174252 -0.0983158    0.50916
 0.0174237 -0.0983184    0.50916
 0.0174217 -0.0983177   0.509161
0.0174202 -0.098318  0.509161
 0.0174183 -0.0983193   0.509162
 0.0174168 -0.0983198   0.509162
 0.0174149 -0.0983211   0.509162
 0.0174134 -0.0983213   0.509163
 0.0174116 -0.0983204   0.509163
 0.0174102 -0.0983229   0.509163
 0.0174086 -0.0983221   0.509164
 0.0174073 -0.0983221   0.509164
 0.0174056 -0.0983208   0.509165
 0.0174045 -0.0983212   0.509165
 0.0174031 -0.0983247   0.509165
 0.0174015 -0.0983267   0.509165
 0.0174008 -0.0983238   0.509167
 0.0173993 -0.0983287   0.509166
 0.0173994 -0.0983313   0.509166
 0.0173973 -0.0983299   0.509167
 0.0173975 -0.0983309   0.509167
 0.0173948 -0.0983314   0.509167
 0.0173957 -0.0983318   0.509168
 0.0173938 -0.0983297   0.509168
 0.0173933 -0.0983332   0.509168
 0.0173914 -0.0983314   0.509169
 0.0173916 -0.0983343   0.509169
0.0173897 -0.098332  0.509169
0.0173901 -0.098333  0.509169
0.0173881 -0.098333   0.50917
 0.0173881 -0.0983333    0.50917
  0.017386 -0.0983311   0.509171
 0.0173859 -0.0983313    0.50917
 0.0173837 -0.0983295   0.509171
 0.0173836 -0.0983295   0.509171
 0.0173813 -0.0983293   0.509171
0.0173812 -0.098332  0.509171
 0.0173788 -0.0983319   0.509171
 0.0173785 -0.0983297   0.509171
  0.017376 -0.0983276   0.509172
 0.0173758 -0.0983301   0.509172
 0.0173733 -0.0983277   0.509172
  0.017373 -0.0983282   0.509172
 0.0173707 -0.0983305   0.509173
 0.0173707 -0.0983253   0.509174
  0.017368 -0.0983217   0.509174
 0.0173672 -0.0983225   0.509174
 0.0173658 -0.0983234   0.509174
 0.0173647 -0.0983237   0.509174
 0.0173636 -0.0983249   0.509175
 0.0173626 -0.0983274   0.509175
 0.0173612 -0.0983267   0.509175
 0.0173602 -0.0983273   0.509175
  0.017359 -0.0983287   0.509176
  0.017358 -0.0983293   0.509176
 0.0173568 -0.0983309   0.509176
 0.0173558 -0.0983293   0.509176
 0.0173545 -0.0983289   0.509176
 0.0173538 -0.0983339   0.509176
 0.0173524 -0.0983316   0.509176
 0.0173516 -0.0983342   0.509177
 0.0173503 -0.0983358   0.509177
 0.0173494 -0.0983369   0.509177
 0.0173482 -0.0983385   0.509177
 0.0173472 -0.0983389   0.509177
  0.017346 -0.0983382   0.509178
  0.017345 -0.0983408   0.509177
 0.0173437 -0.0983398   0.509178
 0.0173427 -0.0983403   0.509178
 0.0173413 -0.0983414   0.509178
 0.0173403 -0.0983419   0.509178
  0.017339 -0.0983403   0.509178
  0.017338 -0.0983425   0.509178
 0.0173366 -0.0983413   0.509178
 0.0173355 -0.0983435   0.509178
 0.0173342 -0.0983417   0.509179
 0.0173331 -0.0983417   0.509179
 0.0173317 -0.0983403   0.509179
 0.0173308 -0.0983417   0.509179
 0.0173295 -0.0983402   0.509179
 0.0173285 -0.0983423   0.509179
0.0173271 -0.098339  0.509179
 0.0173262 -0.0983384   0.509179
 0.017325 -0.098339  0.509179
 0.0173244 -0.0983411    0.50918
 0.0173232 -0.0983394    0.50918
 0.0173224 -0.0983416    0.50918
 0.0173214 -0.0983404    0.50918
 0.0173206 -0.0983427    0.50918
 0.0173196 -0.0983412    0.50918
 0.0173188 -0.0983394    0.50918
 0.0173178 -0.0983404    0.50918
 0.0173163 -0.0983451   0.509179
 0.0173167 -0.0983477   0.509179
 0.0173148 -0.0983461    0.50918
 0.0173144 -0.0983494   0.509179
 0.0173123 -0.0983454    0.50918
 0.0173127 -0.0983467    0.50918
0.0173108 -0.098347   0.50918
  0.017311 -0.0983477    0.50918
 0.0173092 -0.0983479    0.50918
0.0173095 -0.098349  0.509179
 0.0173075 -0.0983473    0.50918
 0.0173079 -0.0983417   0.509181
 0.0173068 -0.0983406   0.509181
  0.017306 -0.0983427   0.509181
  0.017305 -0.0983435   0.509181
0.0173042 -0.098343  0.509181
  0.017303 -0.0983437   0.509181
 0.0173022 -0.0983438   0.509181
  0.017301 -0.0983421   0.509181
 0.0173001 -0.0983442   0.509181
0.0172989 -0.098343  0.509181
  0.017298 -0.0983453   0.509181
 0.0172967 -0.0983436   0.509181
 0.0172958 -0.0983437   0.509181
 0.0172937 -0.0983449   0.509181
 0.0172928 -0.0983447   0.509181
 0.0172917 -0.0983438   0.509181
0.0172907 -0.098346  0.509181
0.0172894 -0.098345  0.509181
 0.0172877 -0.0983493    0.50918
 0.0172877 -0.0983501    0.50918
 0.0172855 -0.0983504    0.50918
 0.0172855 -0.0983512    0.50918
 0.0172834 -0.0983494    0.50918
 0.0172834 -0.0983524    0.50918
 0.0172814 -0.0983507    0.50918
 0.0172815 -0.0983512    0.50918
 0.0172795 -0.0983514    0.50918
 0.0172798 -0.0983523    0.50918
 0.0172778 -0.0983526    0.50918
  0.017278 -0.0983512    0.50918
 0.0172761 -0.0983493    0.50918
 0.0172764 -0.0983522    0.50918
 0.0172746 -0.0983499    0.50918
  0.017275 -0.0983507    0.50918
0.0172726 -0.098351   0.50918
  0.017273 -0.0983515    0.50918
 0.0172713 -0.0983496    0.50918
 0.0172719 -0.0983543    0.50918
0.0172703 -0.098351   0.50918
 0.0172707 -0.0983513    0.50918
 0.0172702 -0.0983464   0.509181
 0.0172699 -0.0983489   0.509181
 0.0172691 -0.0983479   0.509181
 0.0172684 -0.0983457   0.509181
 0.0172675 -0.0983466   0.509181
  0.017267 -0.0983487   0.509181
  0.017266 -0.0983473   0.509181
 0.0172652 -0.0983495   0.509181
 0.0172642 -0.0983484   0.509181
 0.0172633 -0.0983507    0.50918
 0.0172621 -0.0983492   0.509181
 0.0172612 -0.0983493    0.50918
 0.0172599 -0.0983503    0.50918
 0.0172581 -0.0983486    0.50918
 0.0172569 -0.0983492    0.50918
 0.0172559 -0.0983514    0.50918
 0.0172544 -0.0983485    0.50918
0.0172534  -0.09835   0.50918
  0.017252 -0.0983509    0.50918
 0.0172512 -0.0983513    0.50918
 0.0172499 -0.0983499    0.50918
 0.0172479 -0.0983548   0.509179
 0.0172481 -0.0983579   0.509178
 0.0172458 -0.0983564   0.509179
 0.0172459 -0.0983569   0.509179
 0.0172438 -0.0983572   0.509179
 0.0172439 -0.0983581   0.509179
 0.0172419 -0.0983585   0.509179
0.0172421 -0.098359  0.509178
 0.0172407 -0.0983541   0.509179
 0.0172401 -0.0983533    0.50918
 0.0172393 -0.0983525    0.50918
 0.0172375 -0.0983559   0.509179
 0.0172382 -0.0983589   0.509178
 0.0172365 -0.0983566   0.509179
  0.017237 -0.0983574   0.509178
 0.0172354 -0.0983577   0.509178
 0.0172362 -0.0983531   0.509179
 0.0172356 -0.0983532    0.50918
 0.0172351 -0.0983516   0.509179
 0.0172346 -0.0983542   0.509179
 0.0172341 -0.0983522   0.509179
0.0172333 -0.098351   0.50918
 0.0172329 -0.0983532   0.509179
 0.0172321 -0.0983523   0.509179
0.0172317 -0.098352  0.509179
  0.017231 -0.0983547   0.509179
 0.0172303 -0.0983532   0.509179
 0.0172294 -0.0983518   0.509179
 0.0172289 -0.0983542   0.509179
 0.0172274 -0.0983552   0.509179
 0.0172266 -0.0983559   0.509178
 0.0172255 -0.0983545   0.509179
 0.0172247 -0.0983548   0.509179
 0.0172236 -0.0983559   0.509178
 0.0172228 -0.0983558   0.509178
 0.0172216 -0.0983548   0.509178
 0.0172207 -0.0983572   0.509178
 0.0172194 -0.0983563   0.509178
 0.0172185 -0.0983562   0.509178
 0.0172176 -0.0983576   0.509178
 0.0172168 -0.0983596   0.509178
 0.0172157 -0.0983585   0.509178
 0.0172139 -0.0983635   0.509177
 0.0172139 -0.0983665   0.509176
0.0172117 -0.098365  0.509177
 0.0172118 -0.0983654   0.509176
0.0172096 -0.098364  0.509176
 0.0172097 -0.0983648   0.509176
 0.0172085 -0.0983599   0.509177
 0.0172075 -0.0983602   0.509177
 0.0172068 -0.0983621   0.509177
  0.017206 -0.0983611   0.509177
 0.0172052 -0.0983603   0.509177
 0.0172044 -0.0983611   0.509177
 0.0172037 -0.0983609   0.509177
 0.0172029 -0.0983592   0.509177
 0.0172023 -0.0983594   0.509176
 0.0172015 -0.0983596   0.509177
  0.017201 -0.0983592   0.509177
 0.0172005 -0.0983643   0.509176
 0.0171997 -0.0983598   0.509177
 0.0171988 -0.0983606   0.509176
 0.0171982 -0.0983586   0.509176
 0.0171978 -0.0983655   0.509175
 0.0171961 -0.0983636   0.509176
 0.0171965 -0.0983665   0.509175
 0.0171947 -0.0983641   0.509176
 0.0171945 -0.0983585   0.509176
 0.0171942 -0.0983599   0.509176
 0.0171935 -0.0983588   0.509176
 0.0171928 -0.0983608   0.509176
 0.0171921 -0.0983599   0.509176
 0.0171915 -0.0983595   0.509176
 0.0171907 -0.0983603   0.509176
 0.0171901 -0.0983605   0.509176
  0.017189 -0.0983588   0.509176
 0.0171884 -0.0983607   0.509176
 0.0171874 -0.0983596   0.509176
 0.0171869 -0.0983621   0.509175
 0.0171858 -0.0983605   0.509176
 0.0171852 -0.0983606   0.509175
 0.0171839 -0.0983615   0.509175
 0.0171832 -0.0983613   0.509175
 0.0171822 -0.0983602   0.509176
 0.0171815 -0.0983626   0.509175
 0.0171803 -0.0983595   0.509175
 0.0171796 -0.0983599   0.509175
 0.0171787 -0.0983623   0.509175
 0.0171779 -0.0983607   0.509175
 0.0171769 -0.0983596   0.509175
 0.0171763 -0.0983621   0.509175
 0.0171755 -0.0983627   0.509175
 0.0171747 -0.0983609   0.509175
0.0171738 -0.098362  0.509175
 0.0171732 -0.0983623   0.509175
0.0171724 -0.098361  0.509175
 0.0171719 -0.0983634   0.509174
  0.017171 -0.0983624   0.509175
 0.0171706 -0.0983649   0.509174
 0.0171698 -0.0983636   0.509174
 0.0171694 -0.0983642   0.509174
0.0171688 -0.098367  0.509174
 0.0171684 -0.0983669   0.509174
 0.0171679 -0.0983661   0.509174
 0.0171672 -0.0983684   0.509174
 0.0171667 -0.0983672   0.509174
 0.0171663 -0.0983675   0.509174
 0.0171656 -0.0983686   0.509174
 0.0171651 -0.0983685   0.509174
 0.0171645 -0.0983739   0.509173
0.0171627 -0.098372  0.509173
  0.017163 -0.0983747   0.509172
