 0.269502 -0.328266  0.604092
0.268868 -0.32664  0.60716
  0.26887 -0.326638  0.607158
 0.268876 -0.326631   0.60715
0.268887 -0.32662 0.607138
 0.268902 -0.326604   0.60712
 0.268921 -0.326583  0.607097
 0.268945 -0.326558  0.607069
 0.268973 -0.326529  0.607036
 0.269005 -0.326495  0.606998
 0.269042 -0.326456  0.606956
 0.269083 -0.326412  0.606907
 0.269128 -0.326364  0.606854
 0.269178 -0.326312  0.606796
 0.269231 -0.326255  0.606733
 0.269289 -0.326193  0.606664
 0.269352 -0.326127  0.606591
 0.269418 -0.326056  0.606513
 0.269489 -0.325981  0.606429
 0.269565 -0.325901  0.606341
 0.269644 -0.325817  0.606247
 0.269728 -0.325728  0.606148
 0.269816 -0.325634  0.606045
 0.269909 -0.325536  0.605936
 0.270005 -0.325434  0.605822
 0.270106 -0.325327  0.605703
 0.270212 -0.325215   0.60558
 0.270322 -0.325099  0.605451
 0.270435 -0.324978  0.605317
 0.270553 -0.324853  0.605178
 0.270676 -0.324723  0.605034
 0.270803 -0.324588  0.604885
 0.270934 -0.324449  0.604731
 0.271069 -0.324306  0.604572
 0.271209 -0.324158  0.604407
 0.271353 -0.324005  0.604238
 0.271501 -0.323848  0.604064
 0.271654 -0.323686  0.603884
 0.271811 -0.323519  0.603699
 0.271972 -0.323348   0.60351
 0.272138 -0.323173  0.603315
 0.272307 -0.322993  0.603115
 0.272482 -0.322808  0.602911
0.272659 -0.32262 0.602702
 0.272842 -0.322426  0.602487
 0.273028 -0.322228  0.602268
  0.27322 -0.322025  0.602043
 0.273415 -0.321818  0.601813
 0.273615 -0.321606  0.601578
0.273819 -0.32139 0.601338
 0.274028 -0.321168  0.601093
  0.27424 -0.320943  0.600842
 0.274458 -0.320713  0.600587
 0.274905 -0.320239  0.600061
 0.274905 -0.320239  0.600061
 0.275135 -0.319995  0.599791
 0.275369 -0.319746  0.599516
 0.275607 -0.319493  0.599235
  0.27585 -0.319236  0.598949
 0.276099 -0.318972  0.598658
  0.27635 -0.318706  0.598362
 0.276605 -0.318435  0.598062
0.276865 -0.31816 0.597756
 0.277129 -0.317879  0.597445
 0.277398 -0.317594  0.597129
 0.277672 -0.317303  0.596807
  0.27795 -0.317009  0.596481
 0.278231 -0.316711   0.59615
 0.278517 -0.316408  0.595814
0.278808  -0.3161 0.595472
 0.279102 -0.315787  0.595126
0.279401 -0.31547 0.594774
 0.279704 -0.315149  0.594418
 0.280012 -0.314823  0.594056
 0.280323 -0.314492   0.59369
 0.280639 -0.314157  0.593318
  0.28096 -0.313817  0.592941
 0.281284 -0.313473   0.59256
 0.281613 -0.313124  0.592173
 0.281946 -0.312771  0.591781
 0.282284 -0.312413  0.591384
 0.282626 -0.312051  0.590982
 0.282972 -0.311684  0.590575
 0.283322 -0.311312  0.590163
 0.283677 -0.310936  0.589746
 0.284038 -0.310553  0.589322
 0.284402 -0.310167  0.588894
 0.284769 -0.309778  0.588462
 0.285141 -0.309383  0.588024
 0.285517 -0.308984  0.587582
0.285898 -0.30858 0.587134
 0.286283 -0.308172  0.586682
0.286672 -0.30776 0.586224
 0.287066 -0.307342  0.585762
 0.287463 -0.306921  0.585294
 0.287866 -0.306494  0.584821
 0.288272 -0.306063  0.584343
 0.288683 -0.305628   0.58386
 0.289098 -0.305187  0.583371
 0.289518 -0.304742  0.582878
 0.289941 -0.304293   0.58238
0.290368 -0.30384 0.581878
 0.290796 -0.303387  0.581376
 0.291223 -0.302933  0.580873
 0.291652 -0.302479  0.580369
  0.29208 -0.302025  0.579866
 0.292507 -0.301572  0.579363
 0.292935 -0.301119   0.57886
 0.293362 -0.300665  0.578357
 0.293789 -0.300212  0.577855
 0.294217 -0.299759  0.577352
 0.294645 -0.299305   0.57685
 0.295075 -0.298849  0.576344
 0.295507 -0.298391  0.575836
 0.295934 -0.297938  0.575333
 0.296362 -0.297484  0.574831
 0.296789 -0.297031  0.574328
 0.297217 -0.296578  0.573825
 0.297645 -0.296124  0.573322
 0.298072 -0.295671   0.57282
   0.2985 -0.295217  0.572317
 0.298928 -0.294763  0.571813
 0.299359 -0.294306  0.571307
 0.299786 -0.293854  0.570804
0.300213  -0.2934 0.570302
 0.300641 -0.292947  0.569799
 0.301068 -0.292493  0.569296
0.301496 -0.29204 0.568793
 0.301924 -0.291587  0.568291
 0.302351 -0.291133  0.567788
0.302779 -0.29068 0.567285
 0.303206 -0.290226  0.566782
 0.303634 -0.289773  0.566279
 0.304062 -0.289319  0.565777
  0.30449 -0.288865  0.565273
 0.304917 -0.288412   0.56477
 0.305345 -0.287958  0.564267
 0.305772 -0.287505  0.563765
   0.3062 -0.287052  0.563262
 0.306628 -0.286598  0.562759
 0.307055 -0.286145  0.562257
 0.307483 -0.285691  0.561753
 0.307911 -0.285238  0.561251
 0.308338 -0.284784  0.560748
 0.308764 -0.284333  0.560247
 0.309192 -0.283879  0.559744
 0.309619 -0.283426  0.559241
 0.310047 -0.282972  0.558739
 0.310474 -0.282519  0.558236
 0.310902 -0.282066  0.557733
  0.31133 -0.281612   0.55723
 0.311758 -0.281158  0.556727
 0.312185 -0.280705  0.556224
 0.312613 -0.280251  0.555721
 0.313041 -0.279798  0.555218
 0.313468 -0.279344  0.554716
 0.313896 -0.278891  0.554213
 0.314323 -0.278437   0.55371
 0.314752 -0.277982  0.553205
  0.31518 -0.277529  0.552703
 0.315608 -0.277075    0.5522
 0.316038 -0.276619  0.551694
 0.316466 -0.276165  0.551191
 0.316893 -0.275712  0.550688
 0.317321 -0.275259  0.550185
 0.317748 -0.274805  0.549683
 0.318176 -0.274352   0.54918
 0.318604 -0.273898  0.548677
 0.319031 -0.273445  0.548174
 0.319459 -0.272992  0.547672
 0.319886 -0.272538  0.547169
 0.320314 -0.272085  0.546666
 0.320741 -0.271631  0.546163
 0.321169 -0.271178   0.54566
 0.321595 -0.270726   0.54516
 0.322022 -0.270273  0.544657
 0.32245 -0.26982 0.544154
 0.322877 -0.269366  0.543651
 0.323305 -0.268913  0.543149
0.323732 -0.26846 0.542646
  0.32416 -0.268006  0.542143
 0.324588 -0.267553   0.54164
 0.325015 -0.267099  0.541138
 0.325443 -0.266646  0.540635
  0.32587 -0.266193  0.540132
 0.326298 -0.265739   0.53963
 0.326725 -0.265286  0.539127
 0.327153 -0.264832  0.538624
  0.32758 -0.264379  0.538121
 0.328008 -0.263926  0.537619
 0.328435 -0.263472  0.537116
 0.328863 -0.263019  0.536613
  0.32929 -0.262566  0.536111
 0.329718 -0.262112  0.535608
 0.330145 -0.261659  0.535105
 0.330573 -0.261206  0.534603
    0.331 -0.260752    0.5341
 0.331428 -0.260299  0.533597
 0.331855 -0.259846  0.533095
 0.332283 -0.259392  0.532592
  0.33271 -0.258939  0.532089
 0.333137 -0.258486  0.531587
 0.333565 -0.258033  0.531084
 0.333993 -0.257579  0.530581
  0.33442 -0.257126  0.530078
 0.334848 -0.256672  0.529576
 0.335276 -0.256219  0.529073
 0.335703 -0.255765   0.52857
 0.336131 -0.255312  0.528067
 0.336558 -0.254859  0.527565
 0.336986 -0.254405  0.527062
 0.337414 -0.253952  0.526559
 0.337841 -0.253498  0.526056
 0.338269 -0.253045  0.525553
 0.338696 -0.252591   0.52505
0.339122 -0.25214  0.52455
 0.339544 -0.251693  0.524054
0.339962 -0.25125 0.523563
 0.340374 -0.250812  0.523077
 0.340784 -0.250378  0.522596
 0.341231 -0.249904   0.52207
 0.34163 -0.24948   0.5216
 0.342025 -0.249061  0.521136
 0.342416 -0.248646  0.520676
 0.342803 -0.248236  0.520222
 0.343185 -0.247831  0.519772
0.343563 -0.24743 0.519327
 0.343937 -0.247034  0.518888
 0.344307 -0.246642  0.518453
 0.344672 -0.246255  0.518024
 0.345033 -0.245872    0.5176
 0.345389 -0.245494   0.51718
0.345742 -0.24512 0.516766
  0.34609 -0.244751  0.516357
 0.346433 -0.244387  0.515953
 0.346773 -0.244027  0.515554
 0.347108 -0.243671   0.51516
 0.347439 -0.243321  0.514771
 0.347765 -0.242974  0.514387
 0.348087 -0.242633  0.514008
 0.348405 -0.242296  0.513634
 0.348719 -0.241963  0.513265
 0.349028 -0.241635  0.512902
 0.349333 -0.241312  0.512543
 0.349634 -0.240993  0.512189
  0.34993 -0.240679  0.511841
 0.350222 -0.240369  0.511498
  0.35051 -0.240064  0.511159
 0.350794 -0.239763  0.510826
 0.351073 -0.239467  0.510497
 0.351348 -0.239175  0.510174
 0.351618 -0.238888  0.509856
 0.351885 -0.238606  0.509543
 0.352147 -0.238328  0.509235
 0.352404 -0.238055  0.508932
 0.352658 -0.237786  0.508634
 0.352907 -0.237522  0.508341
 0.353152 -0.237262  0.508053
 0.353392 -0.237007   0.50777
 0.353628 -0.236757  0.507492
  0.35386 -0.236511   0.50722
 0.354088 -0.236269  0.506952
 0.354311 -0.236033  0.506689
 0.35453  -0.2358 0.506432
 0.354745 -0.235573  0.506179
0.354955 -0.23535 0.505932
 0.355161 -0.235131   0.50569
 0.355363 -0.234917  0.505452
 0.355561 -0.234708   0.50522
 0.355754 -0.234503  0.504993
 0.355943 -0.234302  0.504771
 0.356128 -0.234106  0.504553
 0.356308 -0.233915  0.504341
 0.356483 -0.233729  0.504135
 0.356655 -0.233547  0.503933
0.356822 -0.23337 0.503737
 0.356985 -0.233197  0.503545
 0.357144 -0.233028  0.503358
 0.357299 -0.232864  0.503176
 0.357449 -0.232705  0.502999
0.357595 -0.23255 0.502828
0.357737  -0.2324 0.502661
 0.357874 -0.232254    0.5025
 0.358007 -0.232113  0.502343
 0.358136 -0.231977  0.502192
  0.35826 -0.231845  0.502046
 0.358381 -0.231717  0.501904
 0.358496 -0.231594  0.501768
 0.358608 -0.231476  0.501637
 0.358715 -0.231362  0.501511
 0.358818 -0.231253   0.50139
 0.358917 -0.231149  0.501274
 0.359011 -0.231048  0.501163
 0.359101 -0.230953  0.501057
 0.359187 -0.230862  0.500956
 0.359269 -0.230775   0.50086
 0.359346 -0.230694  0.500769
 0.359419 -0.230616  0.500684
 0.359487 -0.230544  0.500603
 0.359551 -0.230476  0.500527
 0.359611 -0.230412  0.500457
 0.359667 -0.230353  0.500391
 0.359718 -0.230299  0.500331
 0.359765 -0.230249  0.500276
 0.359808 -0.230203  0.500225
 0.359847 -0.230163   0.50018
 0.359881 -0.230126   0.50014
 0.359911 -0.230095  0.500105
 0.359936 -0.230068  0.500075
 0.359957 -0.230045   0.50005
 0.359974 -0.230027   0.50003
 0.359987 -0.230014  0.500015
 0.359995 -0.230005  0.500005
    0.36    -0.23 0.500001
 0.36 -0.23   0.5
 0.36 -0.23   0.5
 0.36 -0.23   0.5
 0.36 -0.23   0.5
 0.36 -0.23   0.5
 0.36 -0.23   0.5
 0.36 -0.23   0.5
 0.36 -0.23   0.5
 0.36 -0.23   0.5
 0.36 -0.23   0.5
 0.36 -0.23   0.5
 0.36 -0.23   0.5
 0.36 -0.23   0.5
 0.36 -0.23   0.5
 0.36 -0.23   0.5
 0.36 -0.23   0.5
 0.36 -0.23   0.5
 0.36 -0.23   0.5
 0.36 -0.23   0.5
 0.36 -0.23   0.5
 0.36 -0.23   0.5
 0.36 -0.23   0.5
 0.36 -0.23   0.5
 0.36 -0.23   0.5
 0.36 -0.23   0.5
 0.36 -0.23   0.5
 0.36 -0.23   0.5
 0.36 -0.23   0.5
 0.36 -0.23   0.5
 0.36 -0.23   0.5
 0.36 -0.23   0.5
 0.36 -0.23   0.5
 0.36 -0.23   0.5
 0.36 -0.23   0.5
 0.36 -0.23   0.5
 0.36 -0.23   0.5
 0.36 -0.23   0.5
 0.36 -0.23   0.5
 0.36 -0.23   0.5
 0.36 -0.23   0.5
 0.36 -0.23   0.5
 0.36 -0.23   0.5
 0.36 -0.23   0.5
 0.36 -0.23   0.5
 0.36 -0.23   0.5
 0.36 -0.23   0.5
 0.36 -0.23   0.5
 0.36 -0.23   0.5
 0.36 -0.23   0.5
 0.36 -0.23   0.5
 0.36 -0.23   0.5
 0.36 -0.23   0.5
 0.36 -0.23   0.5
 0.36 -0.23   0.5
 0.36 -0.23   0.5
 0.36 -0.23   0.5
 0.36 -0.23   0.5
 0.36 -0.23   0.5
 0.36 -0.23   0.5
 0.36 -0.23   0.5
 0.36 -0.23   0.5
 0.36 -0.23   0.5
 0.36 -0.23   0.5
 0.36 -0.23   0.5
 0.36 -0.23   0.5
 0.36 -0.23   0.5
 0.36 -0.23   0.5
 0.36 -0.23   0.5
 0.36 -0.23   0.5
 0.36 -0.23   0.5
 0.36 -0.23   0.5
 0.36 -0.23   0.5
 0.36 -0.23   0.5
 0.36 -0.23   0.5
 0.36 -0.23   0.5
 0.36 -0.23   0.5
 0.36 -0.23   0.5
 0.36 -0.23   0.5
 0.36 -0.23   0.5
 0.36 -0.23   0.5
 0.36 -0.23   0.5
 0.36 -0.23   0.5
 0.36 -0.23   0.5
 0.36 -0.23   0.5
 0.36 -0.23   0.5
 0.36 -0.23   0.5
 0.36 -0.23   0.5
 0.36 -0.23   0.5
 0.36 -0.23   0.5
 0.36 -0.23   0.5
 0.36 -0.23   0.5
 0.36 -0.23   0.5
 0.36 -0.23   0.5
 0.36 -0.23   0.5
 0.36 -0.23   0.5
 0.36 -0.23   0.5
 0.36 -0.23   0.5
 0.36 -0.23   0.5
 0.36 -0.23   0.5
 0.36 -0.23   0.5
 0.36 -0.23   0.5
 0.36 -0.23   0.5
 0.36 -0.23   0.5
 0.36 -0.23   0.5
 0.36 -0.23   0.5
 0.36 -0.23   0.5
 0.36 -0.23   0.5
 0.36 -0.23   0.5
 0.36 -0.23   0.5
 0.36 -0.23   0.5
 0.36 -0.23   0.5
 0.36 -0.23   0.5
 0.36 -0.23   0.5
 0.36 -0.23   0.5
 0.36 -0.23   0.5
 0.36 -0.23   0.5
 0.36 -0.23   0.5
 0.36 -0.23   0.5
 0.36 -0.23   0.5
 0.36 -0.23   0.5
 0.36 -0.23   0.5
 0.36 -0.23   0.5
 0.36 -0.23   0.5
 0.36 -0.23   0.5
 0.36 -0.23   0.5
 0.36 -0.23   0.5
 0.36 -0.23   0.5
 0.36 -0.23   0.5
 0.36 -0.23   0.5
 0.36 -0.23   0.5
 0.36 -0.23   0.5
 0.36 -0.23   0.5
 0.36 -0.23   0.5
 0.36 -0.23   0.5
 0.36 -0.23   0.5
 0.36 -0.23   0.5
 0.36 -0.23   0.5
 0.36 -0.23   0.5
 0.36 -0.23   0.5
 0.36 -0.23   0.5
 0.36 -0.23   0.5
 0.36 -0.23   0.5
 0.36 -0.23   0.5
 0.36 -0.23   0.5
 0.36 -0.23   0.5
 0.36 -0.23   0.5
 0.36 -0.23   0.5
 0.36 -0.23   0.5
 0.36 -0.23   0.5
 0.36 -0.23   0.5
 0.36 -0.23   0.5
 0.36 -0.23   0.5
 0.36 -0.23   0.5
 0.36 -0.23   0.5
 0.36 -0.23   0.5
 0.36 -0.23   0.5
 0.36 -0.23   0.5
 0.36 -0.23   0.5
 0.36 -0.23   0.5
 0.36 -0.23   0.5
 0.36 -0.23   0.5
 0.36 -0.23   0.5
 0.36 -0.23   0.5
 0.36 -0.23   0.5
 0.36 -0.23   0.5
 0.36 -0.23   0.5
 0.36 -0.23   0.5
 0.36 -0.23   0.5
 0.36 -0.23   0.5
 0.36 -0.23   0.5
 0.36 -0.23   0.5
 0.36 -0.23   0.5
 0.36 -0.23   0.5
 0.36 -0.23   0.5
 0.36 -0.23   0.5
 0.36 -0.23   0.5
 0.36 -0.23   0.5
 0.36 -0.23   0.5
 0.36 -0.23   0.5
 0.36 -0.23   0.5
 0.36 -0.23   0.5
 0.36 -0.23   0.5
 0.36 -0.23   0.5
 0.36 -0.23   0.5
 0.36 -0.23   0.5
 0.36 -0.23   0.5
 0.36 -0.23   0.5
 0.36 -0.23   0.5
 0.36 -0.23   0.5
 0.36 -0.23   0.5
 0.36 -0.23   0.5
 0.36 -0.23   0.5
 0.36 -0.23   0.5
 0.36 -0.23   0.5
 0.36 -0.23   0.5
 0.36 -0.23   0.5
 0.36 -0.23   0.5
 0.36 -0.23   0.5
 0.36 -0.23   0.5
 0.36 -0.23   0.5
 0.36 -0.23   0.5
 0.36 -0.23   0.5
 0.36 -0.23   0.5
 0.36 -0.23   0.5
 0.36 -0.23   0.5
 0.36 -0.23   0.5
 0.36 -0.23   0.5
 0.36 -0.23   0.5
 0.36 -0.23   0.5
 0.36 -0.23   0.5
 0.36 -0.23   0.5
 0.36 -0.23   0.5
 0.36 -0.23   0.5
 0.36 -0.23   0.5
 0.36 -0.23   0.5
 0.36 -0.23   0.5
 0.36 -0.23   0.5
 0.36 -0.23   0.5
 0.36 -0.23   0.5
 0.36 -0.23   0.5
 0.36 -0.23   0.5
 0.36 -0.23   0.5
 0.36 -0.23   0.5
 0.36 -0.23   0.5
 0.36 -0.23   0.5
 0.36 -0.23   0.5
 0.36 -0.23   0.5
 0.36 -0.23   0.5
 0.36 -0.23   0.5
 0.36 -0.23   0.5
 0.36 -0.23   0.5
 0.36 -0.23   0.5
 0.36 -0.23   0.5
 0.36 -0.23   0.5
 0.36 -0.23   0.5
 0.36 -0.23   0.5
 0.36 -0.23   0.5
 0.36 -0.23   0.5
 0.36 -0.23   0.5
 0.36 -0.23   0.5
 0.36 -0.23   0.5
 0.36 -0.23   0.5
 0.36 -0.23   0.5
 0.36 -0.23   0.5
 0.36 -0.23   0.5
 0.36 -0.23   0.5
 0.36 -0.23   0.5
 0.36 -0.23   0.5
 0.36 -0.23   0.5
 0.36 -0.23   0.5
 0.36 -0.23   0.5
 0.36 -0.23   0.5
 0.36 -0.23   0.5
 0.36 -0.23   0.5
 0.36 -0.23   0.5
 0.36 -0.23   0.5
 0.36 -0.23   0.5
 0.36 -0.23   0.5
 0.36 -0.23   0.5
 0.36 -0.23   0.5
 0.36 -0.23   0.5
 0.36 -0.23   0.5
 0.36 -0.23   0.5
 0.36 -0.23   0.5
 0.36 -0.23   0.5
 0.36 -0.23   0.5
 0.36 -0.23   0.5
 0.36 -0.23   0.5
 0.36 -0.23   0.5
 0.36 -0.23   0.5
 0.36 -0.23   0.5
 0.36 -0.23   0.5
 0.36 -0.23   0.5
 0.36 -0.23   0.5
 0.36 -0.23   0.5
 0.36 -0.23   0.5
 0.36 -0.23   0.5
 0.36 -0.23   0.5
 0.36 -0.23   0.5
 0.36 -0.23   0.5
 0.36 -0.23   0.5
 0.36 -0.23   0.5
 0.36 -0.23   0.5
 0.36 -0.23   0.5
 0.36 -0.23   0.5
 0.36 -0.23   0.5
 0.36 -0.23   0.5
 0.36 -0.23   0.5
 0.36 -0.23   0.5
 0.36 -0.23   0.5
 0.36 -0.23   0.5
 0.36 -0.23   0.5
 0.36 -0.23   0.5
 0.36 -0.23   0.5
 0.36 -0.23   0.5
 0.36 -0.23   0.5
 0.36 -0.23   0.5
 0.36 -0.23   0.5
 0.36 -0.23   0.5
 0.36 -0.23   0.5
 0.36 -0.23   0.5
 0.36 -0.23   0.5
 0.36 -0.23   0.5
 0.36 -0.23   0.5
 0.36 -0.23   0.5
 0.36 -0.23   0.5
 0.36 -0.23   0.5
 0.36 -0.23   0.5
 0.36 -0.23   0.5
 0.36 -0.23   0.5
 0.36 -0.23   0.5
 0.36 -0.23   0.5
 0.36 -0.23   0.5
 0.36 -0.23   0.5
 0.36 -0.23   0.5
 0.36 -0.23   0.5
 0.36 -0.23   0.5
 0.36 -0.23   0.5
 0.36 -0.23   0.5
 0.36 -0.23   0.5
 0.36 -0.23   0.5
 0.36 -0.23   0.5
 0.36 -0.23   0.5
 0.36 -0.23   0.5
 0.36 -0.23   0.5
 0.36 -0.23   0.5
 0.36 -0.23   0.5
 0.36 -0.23   0.5
 0.36 -0.23   0.5
 0.36 -0.23   0.5
 0.36 -0.23   0.5
 0.36 -0.23   0.5
 0.36 -0.23   0.5
 0.36 -0.23   0.5
 0.36 -0.23   0.5
 0.36 -0.23   0.5
 0.36 -0.23   0.5
 0.36 -0.23   0.5
 0.36 -0.23   0.5
 0.36 -0.23   0.5
 0.36 -0.23   0.5
 0.36 -0.23   0.5
 0.36 -0.23   0.5
 0.36 -0.23   0.5
 0.36 -0.23   0.5
 0.36 -0.23   0.5
 0.36 -0.23   0.5
 0.36 -0.23   0.5
 0.36 -0.23   0.5
 0.36 -0.23   0.5
 0.36 -0.23   0.5
 0.36 -0.23   0.5
 0.36 -0.23   0.5
 0.36 -0.23   0.5
 0.36 -0.23   0.5
 0.36 -0.23   0.5
 0.36 -0.23   0.5
 0.36 -0.23   0.5
 0.36 -0.23   0.5
 0.36 -0.23   0.5
 0.36 -0.23   0.5
 0.36 -0.23   0.5
 0.36 -0.23   0.5
 0.36 -0.23   0.5
 0.36 -0.23   0.5
 0.36 -0.23   0.5
 0.36 -0.23   0.5
 0.36 -0.23   0.5
 0.36 -0.23   0.5
 0.36 -0.23   0.5
 0.36 -0.23   0.5
 0.36 -0.23   0.5
 0.36 -0.23   0.5
 0.36 -0.23   0.5
 0.36 -0.23   0.5
 0.36 -0.23   0.5
 0.36 -0.23   0.5
 0.36 -0.23   0.5
 0.36 -0.23   0.5
 0.36 -0.23   0.5
 0.36 -0.23   0.5
 0.36 -0.23   0.5
 0.36 -0.23   0.5
 0.36 -0.23   0.5
 0.36 -0.23   0.5
 0.36 -0.23   0.5
 0.36 -0.23   0.5
 0.36 -0.23   0.5
 0.36 -0.23   0.5
 0.36 -0.23   0.5
 0.36 -0.23   0.5
 0.36 -0.23   0.5
 0.36 -0.23   0.5
 0.36 -0.23   0.5
 0.36 -0.23   0.5
 0.36 -0.23   0.5
 0.36 -0.23   0.5
 0.36 -0.23   0.5
 0.36 -0.23   0.5
 0.36 -0.23   0.5
 0.36 -0.23   0.5
 0.36 -0.23   0.5
 0.36 -0.23   0.5
 0.36 -0.23   0.5
 0.36 -0.23   0.5
 0.36 -0.23   0.5
 0.36 -0.23   0.5
 0.36 -0.23   0.5
 0.36 -0.23   0.5
 0.36 -0.23   0.5
 0.36 -0.23   0.5
 0.36 -0.23   0.5
 0.36 -0.23   0.5
 0.36 -0.23   0.5
 0.36 -0.23   0.5
 0.36 -0.23   0.5
 0.36 -0.23   0.5
 0.36 -0.23   0.5
 0.36 -0.23   0.5
 0.36 -0.23   0.5
 0.36 -0.23   0.5
 0.36 -0.23   0.5
 0.36 -0.23   0.5
 0.36 -0.23   0.5
 0.36 -0.23   0.5
 0.36 -0.23   0.5
 0.36 -0.23   0.5
 0.36 -0.23   0.5
 0.36 -0.23   0.5
 0.36 -0.23   0.5
 0.36 -0.23   0.5
 0.36 -0.23   0.5
 0.36 -0.23   0.5
 0.36 -0.23   0.5
 0.36 -0.23   0.5
 0.36 -0.23   0.5
 0.36 -0.23   0.5
 0.36 -0.23   0.5
 0.36 -0.23   0.5
 0.36 -0.23   0.5
 0.36 -0.23   0.5
 0.36 -0.23   0.5
 0.36 -0.23   0.5
 0.36 -0.23   0.5
 0.36 -0.23   0.5
 0.36 -0.23   0.5
 0.36 -0.23   0.5
 0.36 -0.23   0.5
 0.36 -0.23   0.5
 0.36 -0.23   0.5
 0.36 -0.23   0.5
 0.36 -0.23   0.5
 0.36 -0.23   0.5
 0.36 -0.23   0.5
 0.36 -0.23   0.5
 0.36 -0.23   0.5
 0.36 -0.23   0.5
 0.36 -0.23   0.5
 0.36 -0.23   0.5
 0.36 -0.23   0.5
 0.36 -0.23   0.5
 0.36 -0.23   0.5
 0.36 -0.23   0.5
 0.36 -0.23   0.5
 0.36 -0.23   0.5
 0.36 -0.23   0.5
 0.36 -0.23   0.5
 0.36 -0.23   0.5
 0.36 -0.23   0.5
