 0.268861 -0.326646  0.607155
 0.268855 -0.326655  0.607151
  0.26885 -0.326655  0.607146
 0.268842 -0.326659  0.607139
 0.268836 -0.326666  0.607136
 0.268833 -0.326665  0.607141
 0.268832 -0.326666  0.607147
 0.268835 -0.326663  0.607159
 0.268852 -0.326655    0.6072
 0.268851 -0.326649  0.607193
 0.268861 -0.326641  0.607211
  0.26889 -0.326633  0.607269
 0.268909 -0.326617  0.607296
 0.268929 -0.326602  0.607326
 0.268952 -0.326584  0.607355
 0.268976 -0.326563  0.607387
0.269002 -0.32654 0.607414
 0.269029 -0.326515  0.607447
 0.269042 -0.326485   0.60744
 0.269083 -0.326456  0.607499
 0.269111 -0.326425  0.607523
 0.269138 -0.326391  0.607545
 0.269167 -0.326352   0.60757
 0.269193 -0.326312  0.607585
 0.269219 -0.326267  0.607601
0.269243 -0.32622  0.60761
 0.269267 -0.326171  0.607621
 0.269289 -0.326119  0.607619
  0.26931 -0.326065  0.607617
  0.26933 -0.326005  0.607613
 0.269349 -0.325944  0.607602
 0.269368 -0.325878   0.60759
0.269385 -0.32581  0.60757
 0.269403 -0.325735  0.607552
 0.269418 -0.325659  0.607522
 0.269434 -0.325575  0.607492
  0.26945 -0.325487  0.607458
 0.269466 -0.325397  0.607419
 0.269483 -0.325287  0.607367
 0.269501 -0.325185  0.607323
 0.269518 -0.325089  0.607285
 0.269536 -0.324978  0.607229
 0.269558 -0.324842  0.607166
 0.269576 -0.324735  0.607113
 0.269598 -0.324603  0.607051
 0.269622 -0.324466  0.606987
 0.269646 -0.324324  0.606911
 0.269673 -0.324174  0.606841
 0.269701 -0.324021  0.606764
 0.269731 -0.323859  0.606692
 0.269762 -0.323695  0.606608
 0.269794 -0.323521  0.606526
 0.269829 -0.323343  0.606443
0.269866 -0.32316 0.606355
 0.269913 -0.322945   0.60627
0.269943 -0.32278 0.606183
0.269985 -0.32258 0.606095
 0.270028 -0.322376   0.60599
0.270085 -0.32214 0.605905
 0.270119 -0.321954    0.6058
 0.270181 -0.321713  0.605715
 0.270231 -0.321493  0.605618
 0.270284 -0.321271  0.605521
 0.270337 -0.321044  0.605423
 0.270393 -0.320814  0.605328
 0.270449 -0.320584  0.605225
 0.270507 -0.320349  0.605126
 0.270568 -0.320112  0.605027
 0.270629 -0.319874  0.604926
 0.270669 -0.319655  0.604796
 0.270734 -0.319411  0.604692
   0.2708 -0.319163  0.604587
  0.27087 -0.318913  0.604486
  0.27094 -0.318662  0.604376
 0.271016 -0.318402  0.604266
 0.271093 -0.318143  0.604162
 0.271173 -0.317882  0.604055
 0.271256 -0.317616  0.603951
 0.271342 -0.317347  0.603843
 0.271433 -0.317076  0.603739
 0.271561 -0.316795  0.603705
0.271618 -0.31652 0.603514
 0.271718 -0.316238  0.603405
 0.271821 -0.315951  0.603295
 0.271932 -0.315657  0.603182
 0.272048 -0.315339  0.603075
 0.272162 -0.315043  0.602963
 0.272321 -0.314749   0.60295
  0.27243 -0.314473  0.602832
 0.272555 -0.314165  0.602722
 0.272679 -0.313854  0.602603
 0.272756 -0.313536  0.602381
 0.272885 -0.313216  0.602255
 0.273069 -0.312912  0.602254
  0.27315 -0.312565  0.601996
 0.273288 -0.312232  0.601867
0.273493 -0.31191 0.601866
 0.273635 -0.311574  0.601726
 0.27378 -0.31123 0.601587
 0.273927 -0.310882  0.601445
 0.274002 -0.310512  0.601146
 0.274227 -0.310175  0.601149
 0.274379 -0.309814  0.600993
 0.274524 -0.309464   0.60084
  0.27468 -0.309094  0.600675
 0.274826 -0.308734  0.600508
 0.274986 -0.308355  0.600338
0.275148 -0.30797 0.600164
 0.275311 -0.307583  0.599986
0.275472 -0.30721 0.599825
 0.275638 -0.306813  0.599643
 0.275806 -0.306412  0.599449
 0.275976 -0.306004  0.599255
 0.276146 -0.305593  0.599058
 0.276321 -0.305178  0.598855
 0.276496 -0.304756  0.598653
 0.276685 -0.304313   0.59844
 0.276849 -0.303906  0.598235
 0.277028 -0.303472  0.598019
 0.277208 -0.303036  0.597802
 0.277388 -0.302599  0.597584
 0.277571 -0.302158  0.597361
 0.277752 -0.301716  0.597138
 0.277941 -0.301243  0.596885
 0.278125 -0.300798  0.596658
 0.278308 -0.300349  0.596427
0.278492  -0.2999 0.596198
0.278579 -0.29939 0.595734
 0.278763 -0.298938  0.595499
 0.278946 -0.298486  0.595262
  0.27913 -0.298036  0.595026
 0.279313 -0.297584  0.594788
 0.279497 -0.297134  0.594554
 0.279682 -0.296684  0.594315
 0.279868 -0.296233  0.594079
 0.280054 -0.295782  0.593844
 0.280239 -0.295332  0.593608
 0.280428 -0.294882  0.593373
 0.280614 -0.294432  0.593135
 0.280804 -0.293977  0.592901
 0.280991 -0.293526   0.59266
 0.281181 -0.293071  0.592424
 0.281369 -0.292615  0.592178
 0.281557 -0.292159  0.591933
 0.281746 -0.291698  0.591685
 0.281933 -0.291235  0.591434
  0.28212 -0.290773  0.591179
 0.282307 -0.290303   0.59092
 0.282495 -0.289832  0.590662
  0.28268 -0.289359  0.590393
 0.282865 -0.288885  0.590124
  0.28305 -0.288406  0.589852
 0.283234 -0.287925  0.589577
 0.283532 -0.287501  0.589545
   0.2836 -0.286958  0.589017
 0.283783 -0.286469  0.588736
 0.283963 -0.285982  0.588445
0.284143 -0.28549 0.588156
 0.284323 -0.284997  0.587865
 0.284501 -0.284504   0.58757
  0.28468 -0.284008  0.587276
 0.284857 -0.283512  0.586979
 0.285035 -0.283017  0.586682
 0.285333 -0.282573  0.586636
 0.285401 -0.282007  0.586088
 0.285575 -0.281509  0.585784
 0.285749 -0.281011  0.585484
 0.285923 -0.280516  0.585183
 0.286096 -0.280018  0.584883
  0.28627 -0.279521  0.584584
 0.286441 -0.279027  0.584282
 0.286614 -0.278531  0.583986
 0.286785 -0.278036  0.583684
 0.286956 -0.277544  0.583384
0.287126 -0.27705 0.583086
0.287421  -0.2766 0.583033
  0.28759 -0.276106  0.582734
  0.28776 -0.275615  0.582437
 0.287929 -0.275122  0.582137
 0.287958 -0.274583  0.581568
 0.288127 -0.274091  0.581274
 0.288289 -0.273599  0.580964
 0.288453 -0.273105  0.580661
 0.288618 -0.272613  0.580357
 0.288781 -0.272118  0.580053
 0.288946 -0.271622  0.579751
  0.28911 -0.271128  0.579446
0.289275 -0.27063 0.579147
 0.289439 -0.270133  0.578842
  0.28962 -0.269612  0.578534
 0.289787 -0.269112  0.578236
 0.289954 -0.268612  0.577938
 0.290122 -0.268114  0.577642
 0.290291 -0.267613  0.577346
 0.290461 -0.267111  0.577055
0.290629 -0.26661 0.576758
0.290797 -0.26611 0.576464
 0.290965 -0.265608   0.57617
 0.291131 -0.265106  0.575875
 0.291298 -0.264606   0.57558
 0.291462 -0.264104  0.575283
 0.291626 -0.263602  0.574989
 0.291803 -0.263075  0.574691
 0.291965 -0.262575  0.574396
0.292254 -0.26209 0.574329
0.292411 -0.26159 0.574026
 0.292422 -0.261103  0.573493
 0.292575 -0.260604   0.57319
 0.292727 -0.260107  0.572887
  0.29301 -0.259621  0.572816
 0.293042 -0.259085  0.572281
 0.293322 -0.258598  0.572207
 0.293467 -0.258103  0.571896
 0.293611 -0.257605  0.571588
 0.293754 -0.257108  0.571279
 0.293895 -0.256614  0.570968
  0.29402 -0.256144  0.570658
0.294158 -0.25565 0.570344
 0.294295 -0.255154  0.570034
 0.294293 -0.254929  0.569787
 0.294456 -0.254107  0.569167
 0.294576 -0.253641  0.568853
 0.294712 -0.253144  0.568542
0.294847 -0.25265 0.568231
 0.294985 -0.252152  0.567926
 0.295123 -0.251655  0.567619
 0.295264 -0.251159  0.567321
  0.29542 -0.250635   0.56702
 0.295564 -0.250138  0.566726
  0.29571 -0.249642  0.566438
0.295857 -0.24915 0.566151
 0.296006 -0.248657  0.565871
 0.296154 -0.248168  0.565592
 0.296305 -0.247683   0.56532
0.296453  -0.2472 0.565045
 0.296601 -0.246721  0.564776
 0.296748 -0.246248  0.564508
 0.296892 -0.245778  0.564241
 0.297035 -0.245312  0.563976
 0.297187 -0.244826  0.563704
 0.297325 -0.244369  0.563442
 0.297459 -0.243918  0.563175
  0.29759 -0.243475   0.56291
 0.297719 -0.243034  0.562647
 0.297843 -0.242599  0.562382
 0.297966 -0.242172  0.562118
 0.298072 -0.241751  0.561835
 0.298189 -0.241332  0.561573
0.298302 -0.24092 0.561307
 0.298413 -0.240512  0.561046
 0.298522 -0.240104  0.560781
 0.298629 -0.239706  0.560518
 0.298734 -0.239307  0.560257
 0.298848 -0.238899  0.559992
 0.298952 -0.238508  0.559733
 0.299052 -0.238121  0.559474
 0.299155 -0.237735  0.559218
0.299254 -0.23735 0.558962
 0.299364 -0.236946  0.558702
 0.299464 -0.236567  0.558451
 0.299565 -0.236193  0.558199
 0.299663 -0.235816  0.557954
 0.299763 -0.235445  0.557706
 0.299862 -0.235075  0.557465
  0.29996 -0.234708  0.557222
  0.30006 -0.234343  0.556987
 0.300157 -0.233984  0.556746
 0.300254 -0.233627  0.556512
 0.300353 -0.233275  0.556279
 0.300546 -0.232856  0.556202
 0.300641 -0.232511  0.555971
 0.300734 -0.232166  0.555747
 0.300732 -0.231904  0.555376
 0.300823 -0.231574  0.555152
 0.301006 -0.231178  0.555074
 0.301083 -0.230862  0.554842
 0.301078 -0.230624  0.554484
 0.301165 -0.230319  0.554269
 0.301247 -0.230015  0.554057
 0.301331 -0.229719  0.553848
 0.301498 -0.229347  0.553774
 0.301492 -0.229154  0.553452
 0.301573 -0.228876  0.553247
 0.301651 -0.228599  0.553048
 0.301731 -0.228329  0.552851
 0.301808 -0.228063  0.552656
 0.301888 -0.227801  0.552466
 0.301965 -0.227541  0.552277
0.302046 -0.22729 0.552094
 0.302122 -0.227038  0.551909
 0.302201 -0.226795  0.551727
0.302279 -0.22655 0.551552
 0.302358 -0.226312  0.551375
 0.302434 -0.226077  0.551204
0.302518 -0.22583 0.551027
 0.302594 -0.225601  0.550864
 0.302655 -0.225407  0.550702
0.302736 -0.22518 0.550533
 0.302811 -0.224969  0.550369
 0.302881 -0.224758  0.550209
 0.302954 -0.224555  0.550051
 0.303081 -0.224255  0.549988
 0.303098 -0.224148  0.549736
  0.30322 -0.223855  0.549674
 0.303224 -0.223788  0.549422
0.303284 -0.22361  0.54927
 0.303346 -0.223443  0.549119
 0.303405 -0.223275  0.548975
 0.303464 -0.223117  0.548828
 0.303571 -0.222857  0.548767
 0.303627 -0.222709  0.548625
 0.303678 -0.222564  0.548484
 0.303684 -0.222538  0.548267
  0.30378 -0.222295  0.548208
  0.30383 -0.222172  0.548071
 0.303877 -0.222049  0.547941
 0.303924 -0.221934  0.547808
 0.303975 -0.221806  0.547681
 0.303981 -0.221815  0.547488
 0.304064 -0.221601  0.547431
 0.304107 -0.221506  0.547307
 0.304149 -0.221416  0.547187
 0.304192 -0.221329   0.54707
 0.304199 -0.221361  0.546896
 0.304275 -0.221167  0.546843
0.304315 -0.22109 0.546732
 0.304326 -0.221134  0.546569
 0.304371 -0.221061   0.54647
 0.304413 -0.220995  0.546365
 0.304456 -0.220926  0.546267
0.304502 -0.22086 0.546171
 0.304547 -0.220795  0.546077
 0.304619 -0.220614  0.546031
 0.304666 -0.220546  0.545944
 0.304713 -0.220484  0.545853
0.304764 -0.22041 0.545769
 0.304787 -0.220477  0.545636
 0.304836 -0.220413  0.545556
 0.304905 -0.220237  0.545516
 0.304953 -0.220178  0.545436
0.305002 -0.22012  0.54536
0.305031 -0.22018 0.545247
 0.305077 -0.220127  0.545171
 0.305125 -0.220074  0.545103
 0.305169 -0.220029  0.545027
 0.305213 -0.219982  0.544956
  0.30526 -0.219928  0.544887
 0.305321 -0.219779  0.544848
 0.305346 -0.219854  0.544748
 0.305388 -0.219818   0.54468
 0.305443 -0.219669  0.544647
 0.305482 -0.219636   0.54459
  0.30552 -0.219607  0.544522
 0.305544 -0.219691  0.544429
 0.305581 -0.219667  0.544366
 0.305619 -0.219641  0.544308
0.305655 -0.21962 0.544247
 0.305691 -0.219601  0.544191
 0.305728 -0.219581  0.544128
 0.305764 -0.219566  0.544071
 0.305797 -0.219549  0.544017
 0.305832 -0.219538   0.54396
 0.305866 -0.219523  0.543909
0.305913  -0.2194 0.543882
 0.305945 -0.219386  0.543831
 0.305969 -0.219487  0.543752
 0.306005 -0.219474  0.543707
 0.306038 -0.219465  0.543654
 0.306082 -0.219339  0.543633
 0.306118 -0.219331  0.543584
 0.306152 -0.219318  0.543541
 0.306187 -0.219312  0.543493
0.306221  -0.2193 0.543452
 0.306252 -0.219296  0.543409
 0.306286 -0.219289  0.543366
 0.306318 -0.219288  0.543325
 0.306352 -0.219273  0.543286
 0.306376 -0.219379  0.543222
  0.30641 -0.219378  0.543185
  0.30644 -0.219388  0.543141
 0.306472 -0.219389  0.543102
 0.306506 -0.219382  0.543065
 0.306539 -0.219374   0.54303
 0.306572 -0.219372  0.542996
 0.306604 -0.219381  0.542956
 0.306638 -0.219364  0.542925
 0.306673 -0.219361   0.54289
 0.306706 -0.219364  0.542854
 0.306741 -0.219359  0.542821
 0.306776 -0.219349  0.542789
 0.306812 -0.219339   0.54276
0.306846 -0.21933 0.542725
0.306882 -0.21932 0.542694
 0.306919 -0.219304  0.542664
 0.306954 -0.219297  0.542633
  0.30699 -0.219286  0.542606
0.307024 -0.21928 0.542574
 0.307058 -0.219272  0.542546
 0.307092 -0.219266  0.542518
 0.307124 -0.219263   0.54249
 0.307157 -0.219259  0.542463
 0.307188 -0.219259  0.542435
 0.307221 -0.219259  0.542411
 0.30725 -0.21926 0.542382
 0.307289 -0.219159  0.542375
 0.307312 -0.219271  0.542327
 0.307339 -0.219275  0.542303
 0.307369 -0.219285  0.542278
 0.307394 -0.219295  0.542252
 0.307422 -0.219307  0.542226
0.307447 -0.21932 0.542202
 0.307474 -0.219333  0.542177
 0.307499 -0.219344  0.542155
 0.307525 -0.219361  0.542128
 0.307551 -0.219371  0.542109
 0.307576 -0.219386  0.542082
 0.307601 -0.219399  0.542059
 0.307628 -0.219412  0.542035
 0.307652 -0.219423  0.542012
 0.307681 -0.219433   0.54199
0.307705 -0.21944 0.541968
 0.307734 -0.219451  0.541943
 0.307759 -0.219465  0.541922
 0.307788 -0.219471  0.541898
 0.307815 -0.219475  0.541878
 0.307844 -0.219479  0.541855
 0.307873 -0.219481  0.541837
 0.307902 -0.219484  0.541813
  0.30793 -0.219482  0.541794
  0.30796 -0.219485  0.541772
 0.307988 -0.219483  0.541753
 0.30802 -0.21948 0.541733
 0.308051 -0.219466  0.541715
 0.308082 -0.219467  0.541698
 0.308109 -0.219467  0.541676
 0.308144 -0.219372  0.541676
 0.308166 -0.219469  0.541639
 0.308201 -0.219376  0.541639
 0.308222 -0.219475  0.541603
 0.308247 -0.219481  0.541582
 0.308273 -0.219487  0.541565
 0.308299 -0.219497  0.541546
 0.308323 -0.219506  0.541529
 0.308348 -0.219517  0.541512
0.308371 -0.21953 0.541493
0.308401 -0.21945 0.541494
 0.308425 -0.219474  0.541477
0.308447 -0.21948 0.541459
 0.308469 -0.219495  0.541442
 0.308491 -0.219514  0.541424
0.308512 -0.21953 0.541407
 0.308535 -0.219547  0.541392
 0.308554 -0.219575   0.54137
 0.308569 -0.219686  0.541335
 0.308596 -0.219612  0.541336
 0.308611 -0.219722  0.541301
 0.308632 -0.219738  0.541283
 0.308654 -0.219755  0.541268
0.308674 -0.21977 0.541248
 0.308697 -0.219783  0.541231
  0.30872 -0.219793  0.541213
 0.308743 -0.219802  0.541195
 0.308771 -0.219808  0.541179
 0.308793 -0.219812   0.54116
  0.30882 -0.219814  0.541143
0.308846 -0.21981 0.541128
0.308873 -0.21981 0.541109
   0.3089 -0.219802  0.541096
 0.308929 -0.219797  0.541077
 0.308957 -0.219788  0.541065
 0.308985 -0.219782  0.541045
 0.309012 -0.219772   0.54103
 0.309041 -0.219767  0.541013
 0.309067 -0.219758  0.540998
 0.309101 -0.219669  0.540998
 0.309128 -0.219661  0.540986
 0.309149 -0.219753  0.540952
 0.309171 -0.219754  0.540934
 0.309197 -0.219748  0.540919
 0.309219 -0.219757  0.540905
 0.309242 -0.219767  0.540887
 0.309268 -0.219687   0.54089
 0.309285 -0.219778  0.540858
  0.30931 -0.219702  0.540861
  0.30933 -0.219717  0.540845
 0.309348 -0.219742  0.540829
 0.309362 -0.219846  0.540798
 0.309384 -0.219777  0.540801
 0.309398 -0.219885   0.54077
 0.309412 -0.219905  0.540753
 0.30943 -0.21993 0.540736
 0.309446 -0.219948  0.540724
 0.309464 -0.219969  0.540707
 0.309481 -0.219988  0.540695
 0.309499 -0.220008  0.540677
 0.309522 -0.219937   0.54068
 0.309539 -0.220026  0.540652
 0.309558 -0.220038  0.540635
 0.309579 -0.220048  0.540621
   0.3096 -0.220055  0.540606
 0.309623 -0.220062  0.540594
 0.309644 -0.220065  0.540576
 0.309667 -0.220069   0.54056
 0.309691 -0.220067  0.540547
 0.309714 -0.220066  0.540532
 0.309739 -0.220063  0.540519
 0.309762 -0.220069  0.540501
 0.309787 -0.220063  0.540488
 0.309812 -0.220062  0.540473
 0.309836 -0.220056  0.540459
 0.309861 -0.220052  0.540446
 0.309884 -0.220049  0.540431
 0.309909 -0.220046   0.54042
 0.309931 -0.220045  0.540403
 0.309954 -0.220044  0.540389
 0.309977 -0.220043  0.540377
 0.309998 -0.220047  0.540361
  0.31002 -0.220048   0.54035
  0.31004 -0.220053  0.540335
0.310065 -0.21998 0.540336
 0.310085 -0.219988  0.540322
 0.310099 -0.220077  0.540293
 0.310119 -0.220085  0.540282
 0.310134 -0.220098  0.540267
0.310154 -0.22011 0.540255
0.310171 -0.22013 0.540238
 0.310186 -0.220142  0.540224
 0.310204 -0.220158   0.54021
 0.310219 -0.220175  0.540197
 0.310237 -0.220192  0.540185
 0.310251 -0.220206  0.540171
 0.310269 -0.220223  0.540154
 0.310284 -0.220235  0.540143
 0.310302 -0.220251  0.540126
0.310319 -0.22026 0.540116
 0.310338 -0.220271    0.5401
 0.310356 -0.220279   0.54009
 0.310375 -0.220288  0.540072
 0.310393 -0.220291   0.54006
 0.310418 -0.220221  0.540059
0.310437 -0.22023 0.540046
 0.310458 -0.220233  0.540031
 0.310478 -0.220234  0.540019
 0.310496 -0.220312  0.539993
 0.310514 -0.220314  0.539976
 0.31054 -0.22024 0.539976
 0.310559 -0.220239  0.539964
 0.310581 -0.220243  0.539949
 0.310599 -0.220243  0.539937
 0.310621 -0.220246  0.539925
 0.310633 -0.220325  0.539896
 0.310655 -0.220319  0.539886
 0.310678 -0.220248  0.539888
 0.310697 -0.220252  0.539872
 0.310715 -0.220259   0.53986
 0.310732 -0.220267  0.539846
 0.310745 -0.220347  0.539821
 0.310762 -0.220358  0.539807
 0.310779 -0.220366  0.539795
 0.310801 -0.220304  0.539795
 0.310813 -0.220392   0.53977
 0.310829 -0.220395  0.539757
 0.310846 -0.220406  0.539744
 0.310867 -0.220342  0.539745
 0.310884 -0.220349  0.539734
 0.310898 -0.220432  0.539708
 0.310919 -0.220367   0.53971
 0.310933 -0.220446  0.539687
 0.310949 -0.220454  0.539671
 0.310966 -0.220468  0.539657
 0.310984 -0.220475  0.539646
0.311002 -0.22048 0.539633
 0.311021 -0.220482  0.539623
 0.311039 -0.220481   0.53961
 0.311057 -0.220489  0.539597
 0.311076 -0.220491  0.539585
 0.311095 -0.220494  0.539573
 0.311115 -0.220494  0.539561
 0.311133 -0.220493  0.539549
 0.311154 -0.220494  0.539539
 0.311172 -0.220493  0.539525
 0.311191 -0.220494  0.539512
 0.311211 -0.220491  0.539501
 0.31123 -0.22049 0.539489
0.311253 -0.22042 0.539489
 0.311269 -0.220482  0.539466
 0.311287 -0.220482  0.539455
 0.311305 -0.220492  0.539441
 0.311327 -0.220423  0.539443
 0.311344 -0.220426   0.53943
 0.311362 -0.220431   0.53942
 0.311376 -0.220506  0.539397
  0.31139 -0.220512  0.539383
 0.311406 -0.220523   0.53937
 0.311421 -0.220531   0.53936
 0.311436 -0.220543  0.539346
 0.311452 -0.220552  0.539337
  0.31147 -0.220493  0.539338
 0.311484 -0.220506  0.539324
 0.311499 -0.220518  0.539312
 0.311511 -0.220599  0.539288
 0.311525 -0.220608  0.539279
  0.31154 -0.220622  0.539264
 0.311557 -0.220561  0.539266
0.311575 -0.22057 0.539255
 0.311587 -0.220579  0.539241
 0.311604 -0.220588  0.539228
 0.311615 -0.220662  0.539206
 0.311635 -0.220604  0.539205
 0.311651 -0.220608  0.539196
 0.311669 -0.220604  0.539186
 0.311686 -0.220614  0.539178
 0.311701 -0.220622  0.539162
 0.311714 -0.220693  0.539139
  0.31173 -0.220696  0.539127
0.311748  -0.2207 0.539118
 0.311763 -0.220704  0.539104
  0.31178 -0.220704  0.539093
 0.311798 -0.220708  0.539081
 0.311814 -0.220708   0.53907
0.311833 -0.22071 0.539059
 0.311849 -0.220708  0.539047
 0.311869 -0.220705   0.53904
 0.311885 -0.220705  0.539025
 0.311904 -0.220703  0.539014
 0.311922 -0.220697  0.539003
  0.31194 -0.220697   0.53899
 0.311959 -0.220692  0.538982
0.311977 -0.22069  0.53897
 0.311996 -0.220689  0.538958
 0.312013 -0.220688  0.538949
 0.312031 -0.220694  0.538936
 0.312047 -0.220693  0.538928
 0.312064 -0.220698  0.538915
 0.312081 -0.220698  0.538908
 0.312097 -0.220702  0.538894
 0.312111 -0.220707  0.538885
 0.312128 -0.220713  0.538874
0.312141 -0.22072 0.538863
  0.31216 -0.220663  0.538863
 0.312174 -0.220668  0.538856
0.312188 -0.22068 0.538842
 0.312201 -0.220686  0.538833
 0.312216 -0.220697  0.538822
 0.312228 -0.220707  0.538811
 0.312242 -0.220718  0.538801
 0.312254 -0.220728  0.538791
 0.312264 -0.220807  0.538768
 0.312279 -0.220752  0.538768
 0.312292 -0.220765  0.538756
 0.312303 -0.220837  0.538738
 0.312316 -0.220851  0.538728
 0.312328 -0.220861  0.538716
 0.312344 -0.220807  0.538716
  0.31236 -0.220816  0.538709
 0.312369 -0.220889  0.538683
 0.312383 -0.220893  0.538674
 0.312397 -0.220901  0.538662
 0.312414 -0.220902  0.538654
 0.312428 -0.220906   0.53864
 0.312444 -0.220905   0.53863
 0.312461 -0.220903   0.53862
 0.312478 -0.220901  0.538609
 0.312499 -0.220835  0.538609
0.312513 -0.22089 0.538589
 0.312533 -0.220885  0.538582
 0.312554 -0.220817  0.538583
 0.312568 -0.220873  0.538558
 0.312586 -0.220867  0.538549
 0.312603 -0.220861  0.538536
 0.312622 -0.220854   0.53853
 0.312639 -0.220858  0.538517
 0.312656 -0.220858  0.538505
 0.312672 -0.220855  0.538498
 0.312689 -0.220855  0.538487
 0.312704 -0.220856  0.538479
 0.312719 -0.220859  0.538468
 0.312734 -0.220862  0.538462
 0.312748 -0.220868  0.538449
 0.312761 -0.220867  0.538442
 0.312774 -0.220871  0.538432
 0.312788 -0.220872  0.538425
0.312801 -0.22083 0.538424
 0.312817 -0.220839  0.538414
 0.312827 -0.220846  0.538404
  0.31284 -0.220856  0.538393
 0.312851 -0.220872  0.538383
 0.312866 -0.220874  0.538376
 0.312875 -0.220944  0.538358
 0.312889 -0.220895  0.538358
 0.312898 -0.220968  0.538339
 0.312913 -0.220918  0.538338
 0.312924 -0.220928  0.538329
 0.312936 -0.220941  0.538319
 0.312948 -0.220951  0.538309
 0.312961 -0.220959  0.538302
 0.31297 -0.22103  0.53828
 0.312985 -0.220978  0.538279
 0.312998 -0.220983  0.538271
 0.313012 -0.220991   0.53826
 0.313023 -0.221054  0.538241
0.31304  -0.221 0.53824
0.313056   -0.221 0.538235
 0.313069 -0.221002  0.538222
 0.313084 -0.221003  0.538211
   0.3131 -0.221002  0.538203
0.313114   -0.221 0.538193
0.313131   -0.221 0.538185
 0.313145 -0.220998  0.538174
 0.313161 -0.220996  0.538164
 0.313176 -0.220999  0.538152
 0.313189 -0.221055  0.538134
 0.313204 -0.221052  0.538124
 0.313221 -0.221051  0.538118
 0.313236 -0.221054  0.538104
 0.313249 -0.221052  0.538096
 0.313266 -0.221052  0.538087
 0.313282 -0.220994  0.538088
 0.313297 -0.220995  0.538077
 0.313311 -0.220992   0.53807
 0.313322 -0.221048  0.538051
0.313336 -0.22105 0.538042
 0.31335 -0.22105 0.538033
0.313365 -0.22105 0.538026
 0.313378 -0.221053  0.538016
 0.313394 -0.221054  0.538009
 0.313406 -0.221055  0.537999
 0.313422 -0.221003  0.537998
0.313433 -0.22106 0.537982
 0.313446 -0.221064  0.537972
 0.313462 -0.221069  0.537965
 0.313472 -0.221072  0.537955
 0.313485 -0.221078  0.537946
 0.313501 -0.221025  0.537946
 0.313513 -0.221088  0.537928
0.313525 -0.22109 0.537922
 0.313538 -0.221098   0.53791
 0.313552 -0.221099  0.537907
 0.313566 -0.221047  0.537906
 0.313575 -0.221108  0.537886
 0.313588 -0.221111  0.537879
 0.313601 -0.221118  0.537868
 0.313614 -0.221121  0.537862
 0.313626 -0.221125  0.537852
0.313639 -0.22113 0.537843
 0.313652 -0.221133  0.537834
 0.313665 -0.221135  0.537826
 0.313679 -0.221134  0.537819
 0.313691 -0.221136  0.537809
 0.313706 -0.221145  0.537802
 0.313718 -0.221146  0.537791
 0.313731 -0.221143  0.537783
 0.313745 -0.221146  0.537777
 0.313758 -0.221147  0.537768
 0.313773 -0.221146  0.537762
0.313785 -0.22115 0.537751
 0.313801 -0.221095  0.537752
 0.313814 -0.221102  0.537742
 0.313826 -0.221153  0.537726
0.313841  -0.2211 0.537726
0.313855  -0.2211  0.53772
 0.313867 -0.221111  0.537708
 0.313877 -0.221162  0.537693
 0.313892 -0.221111  0.537693
 0.313904 -0.221117  0.537684
 0.313916 -0.221122  0.537676
 0.313927 -0.221127  0.537668
  0.31394 -0.221135  0.537661
  0.31395 -0.221142  0.537651
 0.313961 -0.221152  0.537641
 0.313972 -0.221158  0.537634
 0.313982 -0.221172  0.537624
 0.313991 -0.221236  0.537608
 0.314004 -0.221243  0.537602
 0.314013 -0.221249   0.53759
0.314024 -0.22126 0.537582
 0.314035 -0.221263  0.537573
 0.314047 -0.221269  0.537564
  0.31406 -0.221273  0.537557
 0.314071 -0.221276  0.537547
0.314086 -0.22128 0.537538
 0.314098 -0.221277  0.537532
 0.314113 -0.221279  0.537521
