0.0165624 -0.105369  0.508544
0.0165617 -0.105369  0.508543
 0.016562 -0.105366  0.508543
0.0165611 -0.105364  0.508542
0.0165598 -0.105364  0.508541
0.0165576 -0.105364  0.508541
0.0165567 -0.105362   0.50854
0.0165539 -0.105362   0.50854
0.0165527 -0.105362   0.50854
0.0165504 -0.105361   0.50854
0.0165481 -0.105362  0.508539
0.0165443 -0.105363  0.508539
0.0165415 -0.105364  0.508539
0.0165394 -0.105362  0.508539
0.0165362 -0.105361  0.508539
0.0165329 -0.105363  0.508538
0.0165286 -0.105364  0.508538
0.0165255 -0.105363  0.508537
0.0165206 -0.105364  0.508536
0.0165173 -0.105363  0.508536
0.0165128 -0.105362  0.508535
0.0165082 -0.105362  0.508533
0.0165022 -0.105361  0.508531
0.0164968  -0.10536  0.508529
 0.016492 -0.105355  0.508527
0.0164859 -0.105352  0.508525
0.0164793 -0.105349  0.508522
0.0164723 -0.105344  0.508519
0.0164648 -0.105341  0.508515
0.0164547  -0.10534   0.50851
0.0164463 -0.105332  0.508506
0.0164373 -0.105326  0.508501
0.0164278 -0.105318  0.508496
0.0164176  -0.10531   0.50849
0.0164072   -0.1053  0.508485
0.0163961 -0.105291  0.508478
0.0163843 -0.105279  0.508471
0.0163723 -0.105266  0.508464
0.0163597 -0.105254  0.508456
0.0163465  -0.10524  0.508447
0.0163327 -0.105228  0.508438
0.0163187 -0.105212  0.508429
 0.016304 -0.105197  0.508419
0.0162888  -0.10518  0.508408
0.0162731 -0.105164  0.508397
0.0162571 -0.105145  0.508385
0.0162405 -0.105128  0.508373
0.0162247 -0.105108   0.50836
0.0162074 -0.105088  0.508347
0.0161895 -0.105068  0.508332
 0.016171 -0.105046  0.508318
 0.016152 -0.105026  0.508302
0.0161327 -0.105003  0.508286
0.0161129 -0.104981  0.508269
0.0160924 -0.104956  0.508252
0.0160714 -0.104934  0.508233
0.0160501 -0.104908  0.508215
0.0160283 -0.104881  0.508195
0.0160059 -0.104856  0.508175
 0.015983 -0.104828  0.508154
0.0159593 -0.104802  0.508131
0.0159353 -0.104773  0.508108
0.0159108 -0.104745  0.508084
 0.015879 -0.104707  0.508059
0.0158531 -0.104676  0.508033
0.0158255 -0.104647  0.508006
0.0158017 -0.104614  0.507979
 0.015773 -0.104581  0.507951
0.0157457 -0.104548  0.507921
0.0157158 -0.104514   0.50789
0.0156872 -0.104478  0.507859
0.0156561 -0.104443  0.507826
0.0156262 -0.104406  0.507792
0.0155938 -0.104369  0.507757
0.0155626  -0.10433  0.507721
0.0155289 -0.104291  0.507683
0.0155004 -0.104248  0.507643
0.0154613 -0.104209  0.507604
0.0154274 -0.104165  0.507563
0.0153909 -0.104124   0.50752
0.0153601 -0.104078  0.507475
0.0153222 -0.104035  0.507429
0.0152855 -0.103988  0.507383
0.0152461 -0.103941  0.507334
0.0151934  -0.10389  0.507279
0.0151529 -0.103842  0.507227
0.0151121  -0.10379  0.507175
0.0150699  -0.10374  0.507119
0.0150272 -0.103687  0.507063
0.0149833 -0.103635  0.507004
0.0149441 -0.103581  0.506946
0.0148988 -0.103525  0.506884
 0.014853 -0.103469   0.50682
0.0148061 -0.103412  0.506755
0.0147587 -0.103353  0.506687
0.0147102 -0.103294  0.506618
0.0146681 -0.103233  0.506544
0.0146181 -0.103171   0.50647
0.0145677 -0.103107  0.506394
0.0145162 -0.103045  0.506316
0.0144642 -0.102979  0.506236
0.0144108 -0.102915  0.506153
0.0143361 -0.102836  0.506061
0.0142814 -0.102767  0.505973
0.0142242 -0.102698  0.505883
 0.014168 -0.102627   0.50579
 0.014109 -0.102557  0.505694
0.0140509 -0.102485  0.505596
0.0139906 -0.102412  0.505495
0.0139287 -0.102339  0.505391
0.0138678 -0.102262  0.505284
0.0138048 -0.102186  0.505175
0.0137414  -0.10211  0.505061
0.0136771 -0.102032  0.504945
0.0136119 -0.101952  0.504826
0.0135457 -0.101873  0.504703
0.0134881 -0.101794  0.504579
0.0134205 -0.101714  0.504449
 0.013352 -0.101631  0.504317
0.0132826 -0.101547  0.504181
0.0132125 -0.101464  0.504041
0.0131415 -0.101378  0.503898
0.0130699 -0.101294  0.503751
0.0130096 -0.101206  0.503595
0.0129363 -0.101119  0.503441
0.0128632 -0.101033  0.503283
0.0127893 -0.100944  0.503122
0.0127148 -0.100857  0.502956
0.0126398 -0.100768  0.502787
0.0125643 -0.100679  0.502614
0.0124884 -0.100591  0.502437
 0.012412 -0.100501  0.502256
0.0123006 -0.100405  0.502054
0.0122229 -0.100315  0.501865
0.0121448 -0.100226  0.501672
0.0120667 -0.100136  0.501475
0.0119892 -0.100047  0.501274
 0.0119109 -0.0999585   0.501069
 0.0118348 -0.0998692   0.500863
 0.0117572 -0.0997797    0.50065
 0.0116793 -0.0996924   0.500434
0.0116024 -0.099604  0.500214
 0.0115257 -0.0995156    0.49999
 0.0114492 -0.0994293   0.499762
 0.0113731 -0.0993421    0.49953
0.0112972 -0.099255  0.499294
 0.0112218 -0.0991705   0.499053
 0.0111604 -0.0990877   0.498814
 0.0110855 -0.0990021   0.498566
 0.0110262 -0.0989162   0.498306
 0.0109525 -0.0988318    0.49805
 0.0108787 -0.0987477   0.497791
 0.0108051 -0.0986658   0.497527
 0.0107318 -0.0985831   0.497261
 0.0106587 -0.0985008   0.496991
  0.010586 -0.0984212   0.496717
 0.0105136 -0.0983404    0.49644
0.0104415  -0.09826   0.49616
0.0103698 -0.098182  0.495876
 0.0102985 -0.0981033   0.495589
 0.0101859 -0.0980143   0.495272
  0.010116 -0.0979376   0.494979
 0.0100466 -0.0978626   0.494681
0.00997743 -0.0977865   0.494381
0.00990876 -0.0977115   0.494078
0.00984072 -0.0976388   0.493772
0.00977342 -0.0975655   0.493463
0.00970875  -0.097493   0.493154
0.00964294 -0.0974211    0.49284
0.00959396  -0.097348   0.492513
0.00954461 -0.0972806   0.492199
0.00948115 -0.0972111   0.491878
0.00941861 -0.0971446   0.491555
 0.0093567 -0.0970773    0.49123
0.00929554 -0.0970105   0.490904
0.00923509 -0.0969462   0.490575
0.00917537 -0.0968813   0.490246
0.00911652 -0.0968177   0.489915
0.00905723 -0.0967562   0.489583
0.00900025 -0.0966939    0.48925
0.00894373 -0.0966328   0.488916
0.00888793  -0.096574   0.488581
0.00883291 -0.0965144   0.488246
0.00877887 -0.0964566    0.48791
0.00872564  -0.096399   0.487574
0.00867338  -0.096344   0.487238
0.00862212 -0.0962886   0.486901
0.00857137 -0.0962344   0.486564
0.00852249 -0.0961823   0.486227
0.00847419 -0.0961299   0.485891
0.00842727 -0.0960782   0.485555
0.00838135 -0.0960292   0.485219
0.00833658 -0.0959802   0.484885
0.00829256  -0.095932   0.484551
0.00821571 -0.0958862   0.484184
0.00817649 -0.0958402   0.483853
0.00813629 -0.0957965   0.483521
0.00809744 -0.0957526   0.483191
0.00805987 -0.0957099   0.482863
0.00802332 -0.0956694   0.482536
0.00798795 -0.0956288   0.482212
0.00795569 -0.0955891   0.481892
0.00792098 -0.0955521   0.481569
 0.0079018 -0.0955103   0.481244
 0.0078832 -0.0954755   0.480935
 0.0078536 -0.0954418   0.480622
0.00782501 -0.0954073   0.480312
0.00779754  -0.095374   0.480005
0.00777092  -0.095343   0.479701
0.00774575 -0.0953119     0.4794
0.00772143 -0.0952818   0.479103
0.00769805 -0.0952539   0.478809
0.00767568 -0.0952259   0.478517
0.00762908 -0.0951962   0.478201
0.00760907 -0.0951704   0.477916
0.00759158 -0.0951464   0.477635
0.00757164 -0.0951221   0.477357
0.00757754 -0.0951022    0.47711
0.00753815 -0.0950782   0.476811
0.00752272  -0.095057   0.476543
0.00750841 -0.0950366   0.476279
0.00749479 -0.0950183   0.476018
0.00748396 -0.0949998   0.475761
0.00747378 -0.0949822   0.475508
0.00746271 -0.0949665   0.475257
0.00745239 -0.0949504   0.475009
0.00744292 -0.0949366   0.474764
0.00743391 -0.0949218   0.474522
 0.0074256 -0.0949082   0.474283
0.00741763 -0.0948962   0.474048
0.00741006 -0.0948836   0.473815
0.00741655 -0.0948691   0.473585
0.00740937 -0.0948588   0.473359
0.00740238 -0.0948479   0.473135
0.00739591 -0.0948389   0.472914
0.00738903 -0.0948287   0.472697
0.00738288 -0.0948192   0.472481
0.00737647 -0.0948111   0.472269
0.00737062 -0.0948022    0.47206
 0.0073494 -0.0947978   0.471829
0.00734637 -0.0947905   0.471628
0.00734076 -0.0947819   0.471428
0.00733549 -0.0947739    0.47123
0.00733007 -0.0947668   0.471036
 0.0073249 -0.0947592   0.470844
0.00731968 -0.0947524   0.470655
0.00731458 -0.0947445   0.470469
0.00730979 -0.0947373   0.470286
0.00730489 -0.0947309   0.470106
0.00730041 -0.0947239   0.469928
0.00729591 -0.0947178   0.469752
 0.0072917 -0.0947114    0.46958
0.00728745 -0.0947057   0.469409
0.00728353 -0.0946993   0.469242
0.00727957 -0.0946932   0.469077
 0.0072824 -0.0946901   0.468918
0.00727207  -0.094683   0.468754
 0.0072703 -0.0946773   0.468594
0.00727305  -0.094674   0.468443
0.00726945 -0.0946707    0.46829
0.00726614 -0.0946666   0.468139
0.00726275 -0.0946631   0.467991
0.00725962 -0.0946612   0.467845
 0.0072564 -0.0946583   0.467702
0.00724361 -0.0946536   0.467543
0.00724089 -0.0946528   0.467404
0.00723808  -0.094651   0.467267
0.00723552  -0.094651   0.467133
0.00723286 -0.0946498   0.467001
0.00723046 -0.0946503    0.46687
0.00722814 -0.0946501   0.466743
0.00722573 -0.0946508   0.466617
0.00722357 -0.0946507   0.466493
0.00722114 -0.0946508   0.466372
0.00721918 -0.0946523   0.466252
0.00721707 -0.0946526   0.466134
0.00721515 -0.0946543   0.466018
0.00721297 -0.0946547   0.465904
0.00721176 -0.0946566   0.465792
0.00721107 -0.0946569   0.465683
0.00722875 -0.0946651   0.465618
 0.0072053 -0.0946591   0.465485
0.00720384 -0.0946608    0.46538
0.00720264 -0.0946608   0.465276
0.00720494 -0.0946639   0.465176
0.00720215  -0.094664   0.465074
0.0071926 -0.094666  0.464957
0.00719016 -0.0946671   0.464859
0.00718816 -0.0946673   0.464762
 0.0071894 -0.0946699   0.464668
0.00718586 -0.0946702   0.464573
0.00718224 -0.0946708   0.464479
0.00717213 -0.0946663   0.464372
0.00716838 -0.0946661   0.464281
0.00716453 -0.0946668   0.464191
0.00716064 -0.0946662   0.464103
0.00715672 -0.0946669   0.464016
0.00715265 -0.0946661   0.463931
 0.0071494 -0.0946668   0.463848
0.00714547 -0.0946659   0.463766
0.00714115 -0.0946664   0.463684
0.00713807 -0.0946659   0.463606
0.00713429 -0.0946662   0.463529
0.00713076 -0.0946656   0.463452
0.00712832 -0.0946658   0.463379
  0.007125 -0.0946654   0.463305
0.0071218 -0.094666  0.463233
0.00711778 -0.0946667   0.463163
0.00711474 -0.0946676   0.463093
0.00711534 -0.0946689   0.463027
0.00711239 -0.0946701   0.462959
0.00710934 -0.0946698   0.462893
0.00710656 -0.0946709   0.462827
0.00710375 -0.0946712   0.462762
0.00710086 -0.0946722   0.462698
0.00709813 -0.0946726   0.462636
0.00709088 -0.0946723   0.462562
0.00708823 -0.0946738   0.462502
0.00708539  -0.094674   0.462442
0.00708272 -0.0946754   0.462383
0.00707986 -0.0946758   0.462326
0.00707714 -0.0946772   0.462269
0.00707443 -0.0946778   0.462213
0.0070715 -0.094679  0.462158
 0.0070687 -0.0946796   0.462105
0.00706569 -0.0946808   0.462051
0.00706282 -0.0946825   0.461999
0.00705993 -0.0946825   0.461947
 0.0070568 -0.0946838   0.461896
0.00705377 -0.0946842   0.461846
0.00705054 -0.0946852   0.461797
0.00704741 -0.0946855   0.461748
0.00704422 -0.0946866     0.4617
0.00704076 -0.0946866   0.461653
0.00703738 -0.0946877   0.461606
0.00703414 -0.0946878   0.461561
0.00703055 -0.0946889   0.461515
0.00702693 -0.0946891    0.46147
0.00702302 -0.0946899   0.461426
0.00701919   -0.09469   0.461382
0.00701527 -0.0946912   0.461339
0.00701108 -0.0946911   0.461296
0.00700699 -0.0946924   0.461254
0.00700264 -0.0946924   0.461213
0.00699927 -0.0946939   0.461172
0.00699282 -0.0946979   0.461133
0.00698911  -0.094698   0.461094
0.00698468 -0.0946996   0.461054
0.00697989 -0.0946999   0.461015
0.00697815 -0.0947032   0.460978
0.00697357 -0.0947037    0.46094
0.00696581 -0.0946973   0.460894
0.00695656 -0.0946991   0.460821
0.00695656 -0.0946991   0.460821
 0.0069474 -0.0947009   0.460749
 0.0069474 -0.0947009   0.460749
0.00693859 -0.0947031    0.46068
0.00693859 -0.0947031    0.46068
0.00692978  -0.094705   0.460613
0.00692535 -0.0947066    0.46058
0.00692116  -0.094708   0.460548
0.00691705 -0.0947084   0.460516
0.00691287 -0.0947097   0.460485
0.00690888   -0.09471   0.460455
0.00690496 -0.0947114   0.460424
0.00690496 -0.0947114   0.460424
0.00690091 -0.0947114   0.460395
0.00689315 -0.0947127   0.460337
0.00688941 -0.0947139   0.460308
0.00688568 -0.0947138    0.46028
0.00688179 -0.0947147   0.460252
0.00688179 -0.0947147   0.460252
0.00687809 -0.0947145   0.460224
0.00691855 -0.0947823   0.460254
 0.0068705 -0.0947162    0.46017
0.00686283 -0.0947165   0.460117
0.00686283 -0.0947165   0.460117
0.00685557  -0.094717   0.460065
0.00685154 -0.0947164    0.46004
0.00685154 -0.0947164    0.46004
0.00684766 -0.0947171   0.460014
0.00683958 -0.0947172   0.459964
0.00683558 -0.0947168   0.459939
0.00683558 -0.0947168   0.459939
0.00687144 -0.0947846   0.459969
0.00682729  -0.094717   0.459891
0.00682317 -0.0947178   0.459866
0.00681395 -0.0947211   0.459822
0.00680977 -0.0947218   0.459798
0.00680977 -0.0947218   0.459798
 0.0068054 -0.0947212   0.459775
0.00679684 -0.0947214    0.45973
0.00679269 -0.0947221   0.459707
0.00678851 -0.0947216   0.459685
0.00678422 -0.0947219   0.459663
0.00677819 -0.0947194   0.459634
0.00677611 -0.0947217   0.459614
0.00677214 -0.0947211   0.459592
0.00677214 -0.0947211   0.459592
0.00676802 -0.0947213   0.459571
0.00676411 -0.0947206    0.45955
0.00679433 -0.0947862    0.45958
0.00675265 -0.0947201    0.45949
0.00675265 -0.0947201    0.45949
0.00674881  -0.094719    0.45947
0.0067417 -0.094718  0.459432
0.00673808 -0.0947177   0.459413
0.00673472 -0.0947178   0.459394
 0.0067314 -0.0947164   0.459376
0.00672798 -0.0947163   0.459358
0.00672477 -0.0947151    0.45934
0.00672147 -0.0947147   0.459323
0.00671838 -0.0947135   0.459305
0.00671529 -0.0947133   0.459288
 0.0067123 -0.0947121   0.459271
0.00670906 -0.0947119   0.459254
0.00670631 -0.0947108   0.459237
0.00670318 -0.0947104   0.459221
0.00669875 -0.0947134   0.459206
0.00669614 -0.0947121    0.45919
0.00669317 -0.0947123   0.459174
0.00669022 -0.0947113   0.459158
0.00668708 -0.0947112   0.459142
0.00668408 -0.0947102   0.459126
0.00667974 -0.0947026   0.459105
0.00667671 -0.0947027   0.459089
0.00667353 -0.0947017   0.459073
0.00667048 -0.0947019   0.459057
0.00666899  -0.094704   0.459042
0.00666572  -0.094703   0.459027
0.00666261 -0.0947033   0.459011
