0.0165641  -0.10537  0.508545
0.0165641  -0.10537  0.508545
0.0165636  -0.10537  0.508542
 0.016562 -0.105368  0.508535
0.0165593 -0.105365  0.508522
0.0165508 -0.105357  0.508482
 0.016545 -0.105351  0.508454
0.0165381 -0.105344  0.508421
0.0165301 -0.105336  0.508383
0.0165211 -0.105327   0.50834
 0.016511 -0.105316  0.508292
0.0164999 -0.105305  0.508239
0.0164877 -0.105293  0.508181
0.0164744 -0.105279  0.508118
0.0164601 -0.105265  0.508049
0.0164447 -0.105249  0.507976
0.0164283 -0.105232  0.507898
0.0164107 -0.105215  0.507814
0.0163922 -0.105196  0.507726
0.0163725 -0.105176  0.507632
0.0163518 -0.105155  0.507533
  0.01633 -0.105133  0.507429
0.0163072 -0.105109   0.50732
0.0162833 -0.105085  0.507207
0.0162583  -0.10506  0.507088
0.0162323 -0.105033  0.506963
0.0162052 -0.105006  0.506835
0.0161771 -0.104977    0.5067
0.0161479 -0.104947  0.506561
0.0161176 -0.104917  0.506417
0.0160863 -0.104885  0.506267
0.0160539 -0.104852  0.506113
0.0160204 -0.104818  0.505954
0.0159859 -0.104783  0.505789
0.0159503 -0.104747  0.505619
0.0159136  -0.10471  0.505445
0.0159136  -0.10471  0.505445
0.0158372 -0.104632   0.50508
0.0157974 -0.104591  0.504891
0.0157565  -0.10455  0.504696
0.0157146 -0.104507  0.504496
0.0157146 -0.104507  0.504496
0.0156716 -0.104464  0.504291
0.0155823 -0.104373  0.503866
0.0155362 -0.104326  0.503646
0.0154889 -0.104278   0.50342
0.0154406 -0.104229   0.50319
0.0153913 -0.104179  0.502955
0.0153409 -0.104128  0.502715
0.0152894 -0.104075  0.502469
0.0152369 -0.104022  0.502219
0.0151833 -0.103968  0.501964
0.0151286 -0.103912  0.501703
 0.015073 -0.103855  0.501438
0.0150162 -0.103798  0.501167
0.0149584 -0.103739  0.500892
0.0148995 -0.103679  0.500611
0.0148395 -0.103618  0.500325
0.0147785 -0.103556  0.500034
0.0147163 -0.103493  0.499738
0.0146532 -0.103429  0.499437
0.0145888 -0.103364   0.49913
0.0145236 -0.103297  0.498819
0.0144572  -0.10323  0.498503
0.0143898 -0.103161  0.498182
0.0143213 -0.103092  0.497855
0.0142517 -0.103021  0.497523
 0.014181 -0.102949  0.497187
0.0141094 -0.102877  0.496845
0.0140367 -0.102803  0.496498
0.0139629 -0.102728  0.496147
0.0138881 -0.102652   0.49579
0.0138121 -0.102574  0.495428
0.0137351 -0.102496  0.495061
0.0136571 -0.102417  0.494689
0.0135779 -0.102337  0.494312
0.0134978 -0.102255   0.49393
0.0134165 -0.102173  0.493543
0.0133343 -0.102089  0.493151
0.0132509 -0.102004  0.492753
0.0131652 -0.101917  0.492345
0.0130798  -0.10183  0.491938
0.0129933 -0.101743  0.491525
0.0129057 -0.101654  0.491108
0.0128171 -0.101564  0.490686
0.0127274 -0.101473  0.490258
0.0126367  -0.10138  0.489826
0.0125449 -0.101287  0.489388
 0.012452 -0.101193  0.488946
0.0123585 -0.101098    0.4885
0.0122634 -0.101001  0.488046
0.0121673 -0.100903  0.487589
0.0120702 -0.100805  0.487126
0.0119721 -0.100705  0.486658
0.0118728 -0.100604  0.486185
0.0117724 -0.100502  0.485706
0.0116711 -0.100399  0.485223
0.0115686 -0.100295  0.484735
0.011465 -0.10019 0.484241
0.0113605 -0.100084  0.483743
 0.0112551 -0.0999767   0.483241
 0.0111496 -0.0998695   0.482738
 0.0110441 -0.0997623   0.482235
 0.0109386 -0.0996551   0.481732
  0.010833 -0.0995479   0.481229
 0.0107274 -0.0994406   0.480725
  0.010622 -0.0993335   0.480223
 0.0105174 -0.0992272   0.479724
0.0104139 -0.099122  0.479231
0.0103114 -0.099018  0.478743
   0.01021 -0.0989149   0.478259
0.0101097 -0.098813  0.477781
 0.0100104 -0.0987121   0.477308
0.00991211 -0.0986123    0.47684
0.00981492 -0.0985136   0.476376
0.00971878 -0.0984159   0.475918
0.00962371 -0.0983193   0.475465
 0.0095297 -0.0982238   0.475017
0.00943675 -0.0981294   0.474574
0.00934486  -0.098036   0.474136
0.00925404 -0.0979437   0.473703
0.00916432 -0.0978526   0.473275
0.00907564 -0.0977625   0.472853
0.00898802 -0.0976735   0.472435
0.00890137 -0.0975854   0.472022
0.00881589 -0.0974986   0.471615
0.00873146 -0.0974128   0.471212
0.00864809 -0.0973281   0.470815
0.00856577 -0.0972445   0.470422
0.00848443 -0.0971618   0.470035
0.00840414 -0.0970803   0.469652
0.00832498 -0.0969999   0.469275
0.00824684 -0.0969205   0.468902
0.00816984 -0.0968422   0.468535
0.00809382  -0.096765   0.468173
0.00801886 -0.0966889   0.467816
0.00794504 -0.0966139   0.467464
0.00787227 -0.0965399   0.467117
0.00780056 -0.0964671   0.466775
0.00772992 -0.0963953   0.466438
0.00766032 -0.0963246   0.466107
0.0075918 -0.096255   0.46578
0.00752434 -0.0961864   0.465459
0.00745793  -0.096119   0.465142
0.00739259 -0.0960526   0.464831
0.00732831 -0.0959873   0.464524
0.00726503  -0.095923   0.464223
0.00720305   -0.09586   0.463927
0.00714196  -0.095798   0.463636
0.00708194  -0.095737    0.46335
0.00702295 -0.0956771   0.463069
0.00696501 -0.0956182   0.462793
 0.0069081 -0.0955604   0.462521
0.00685225 -0.0955036   0.462255
0.00679752  -0.095448   0.461994
0.00674385 -0.0953935   0.461739
0.00669119   -0.09534   0.461488
0.00663965 -0.0952876   0.461242
0.00658911 -0.0952363   0.461001
0.00653964  -0.095186   0.460765
0.00649123 -0.0951369   0.460534
0.00644393 -0.0950888   0.460309
 0.0063977 -0.0950418   0.460089
0.00635249 -0.0949959   0.459873
0.00630828  -0.094951   0.459662
0.00626522 -0.0949073   0.459457
0.00622324 -0.0948646   0.459257
0.00618227  -0.094823   0.459062
0.00614241 -0.0947825   0.458872
 0.0061036 -0.0947431   0.458687
0.00606586 -0.0947047   0.458507
0.00602919 -0.0946675   0.458332
0.00599357 -0.0946313   0.458162
0.00595897 -0.0945961   0.457998
0.00592547 -0.0945621   0.457838
0.00589299 -0.0945291   0.457683
0.00586162 -0.0944972   0.457534
0.00583127 -0.0944664   0.457389
0.00580202 -0.0944367   0.457249
0.00577384  -0.094408   0.457115
0.00574668 -0.0943804   0.456986
0.00572062  -0.094354   0.456861
0.00569559 -0.0943285   0.456742
0.00567164 -0.0943042   0.456628
0.00564877  -0.094281   0.456519
0.00562694 -0.0942588   0.456415
0.00560619 -0.0942377   0.456316
0.00558648 -0.0942177   0.456222
0.00556784 -0.0941988   0.456133
0.00555027 -0.0941809    0.45605
0.00553375 -0.0941641   0.455971
0.00551829 -0.0941484   0.455897
0.00550388 -0.0941338   0.455828
0.00549053 -0.0941202   0.455765
0.00547823 -0.0941077   0.455706
0.00546702 -0.0940963   0.455653
0.00545684  -0.094086   0.455604
0.00544775 -0.0940767   0.455561
0.00543972 -0.0940686   0.455523
0.00543276 -0.0940615   0.455489
0.00542687 -0.0940555   0.455461
0.00542203 -0.0940506   0.455438
0.00541825 -0.0940468    0.45542
0.00541554  -0.094044   0.455407
0.00541389 -0.0940423     0.4554
 0.0054133 -0.0940417   0.455397
 0.0054133 -0.0940417   0.455397
 0.0054133 -0.0940417   0.455397
 0.0054133 -0.0940417   0.455397
 0.0054133 -0.0940417   0.455397
 0.0054133 -0.0940417   0.455397
 0.0054133 -0.0940417   0.455397
 0.0054133 -0.0940417   0.455397
 0.0054133 -0.0940417   0.455397
 0.0054133 -0.0940417   0.455397
 0.0054133 -0.0940417   0.455397
 0.0054133 -0.0940417   0.455397
 0.0054133 -0.0940417   0.455397
 0.0054133 -0.0940417   0.455397
 0.0054133 -0.0940417   0.455397
 0.0054133 -0.0940417   0.455397
 0.0054133 -0.0940417   0.455397
 0.0054133 -0.0940417   0.455397
 0.0054133 -0.0940417   0.455397
 0.0054133 -0.0940417   0.455397
 0.0054133 -0.0940417   0.455397
 0.0054133 -0.0940417   0.455397
 0.0054133 -0.0940417   0.455397
 0.0054133 -0.0940417   0.455397
 0.0054133 -0.0940417   0.455397
 0.0054133 -0.0940417   0.455397
 0.0054133 -0.0940417   0.455397
 0.0054133 -0.0940417   0.455397
 0.0054133 -0.0940417   0.455397
 0.0054133 -0.0940417   0.455397
 0.0054133 -0.0940417   0.455397
 0.0054133 -0.0940417   0.455397
 0.0054133 -0.0940417   0.455397
 0.0054133 -0.0940417   0.455397
 0.0054133 -0.0940417   0.455397
 0.0054133 -0.0940417   0.455397
 0.0054133 -0.0940417   0.455397
 0.0054133 -0.0940417   0.455397
 0.0054133 -0.0940417   0.455397
 0.0054133 -0.0940417   0.455397
 0.0054133 -0.0940417   0.455397
 0.0054133 -0.0940417   0.455397
 0.0054133 -0.0940417   0.455397
 0.0054133 -0.0940417   0.455397
 0.0054133 -0.0940417   0.455397
 0.0054133 -0.0940417   0.455397
 0.0054133 -0.0940417   0.455397
 0.0054133 -0.0940417   0.455397
 0.0054133 -0.0940417   0.455397
 0.0054133 -0.0940417   0.455397
 0.0054133 -0.0940417   0.455397
 0.0054133 -0.0940417   0.455397
 0.0054133 -0.0940417   0.455397
 0.0054133 -0.0940417   0.455397
 0.0054133 -0.0940417   0.455397
 0.0054133 -0.0940417   0.455397
 0.0054133 -0.0940417   0.455397
 0.0054133 -0.0940417   0.455397
 0.0054133 -0.0940417   0.455397
 0.0054133 -0.0940417   0.455397
 0.0054133 -0.0940417   0.455397
 0.0054133 -0.0940417   0.455397
 0.0054133 -0.0940417   0.455397
 0.0054133 -0.0940417   0.455397
 0.0054133 -0.0940417   0.455397
 0.0054133 -0.0940417   0.455397
 0.0054133 -0.0940417   0.455397
 0.0054133 -0.0940417   0.455397
 0.0054133 -0.0940417   0.455397
 0.0054133 -0.0940417   0.455397
 0.0054133 -0.0940417   0.455397
 0.0054133 -0.0940417   0.455397
 0.0054133 -0.0940417   0.455397
 0.0054133 -0.0940417   0.455397
 0.0054133 -0.0940417   0.455397
 0.0054133 -0.0940417   0.455397
 0.0054133 -0.0940417   0.455397
 0.0054133 -0.0940417   0.455397
 0.0054133 -0.0940417   0.455397
 0.0054133 -0.0940417   0.455397
 0.0054133 -0.0940417   0.455397
 0.0054133 -0.0940417   0.455397
 0.0054133 -0.0940417   0.455397
 0.0054133 -0.0940417   0.455397
 0.0054133 -0.0940417   0.455397
 0.0054133 -0.0940417   0.455397
 0.0054133 -0.0940417   0.455397
 0.0054133 -0.0940417   0.455397
 0.0054133 -0.0940417   0.455397
 0.0054133 -0.0940417   0.455397
 0.0054133 -0.0940417   0.455397
 0.0054133 -0.0940417   0.455397
 0.0054133 -0.0940417   0.455397
 0.0054133 -0.0940417   0.455397
 0.0054133 -0.0940417   0.455397
 0.0054133 -0.0940417   0.455397
 0.0054133 -0.0940417   0.455397
 0.0054133 -0.0940417   0.455397
 0.0054133 -0.0940417   0.455397
 0.0054133 -0.0940417   0.455397
 0.0054133 -0.0940417   0.455397
 0.0054133 -0.0940417   0.455397
 0.0054133 -0.0940417   0.455397
 0.0054133 -0.0940417   0.455397
 0.0054133 -0.0940417   0.455397
 0.0054133 -0.0940417   0.455397
 0.0054133 -0.0940417   0.455397
 0.0054133 -0.0940417   0.455397
 0.0054133 -0.0940417   0.455397
 0.0054133 -0.0940417   0.455397
 0.0054133 -0.0940417   0.455397
 0.0054133 -0.0940417   0.455397
 0.0054133 -0.0940417   0.455397
 0.0054133 -0.0940417   0.455397
 0.0054133 -0.0940417   0.455397
 0.0054133 -0.0940417   0.455397
 0.0054133 -0.0940417   0.455397
 0.0054133 -0.0940417   0.455397
 0.0054133 -0.0940417   0.455397
 0.0054133 -0.0940417   0.455397
 0.0054133 -0.0940417   0.455397
 0.0054133 -0.0940417   0.455397
 0.0054133 -0.0940417   0.455397
 0.0054133 -0.0940417   0.455397
 0.0054133 -0.0940417   0.455397
 0.0054133 -0.0940417   0.455397
 0.0054133 -0.0940417   0.455397
 0.0054133 -0.0940417   0.455397
 0.0054133 -0.0940417   0.455397
 0.0054133 -0.0940417   0.455397
 0.0054133 -0.0940417   0.455397
 0.0054133 -0.0940417   0.455397
 0.0054133 -0.0940417   0.455397
 0.0054133 -0.0940417   0.455397
 0.0054133 -0.0940417   0.455397
 0.0054133 -0.0940417   0.455397
 0.0054133 -0.0940417   0.455397
 0.0054133 -0.0940417   0.455397
 0.0054133 -0.0940417   0.455397
 0.0054133 -0.0940417   0.455397
 0.0054133 -0.0940417   0.455397
 0.0054133 -0.0940417   0.455397
 0.0054133 -0.0940417   0.455397
 0.0054133 -0.0940417   0.455397
 0.0054133 -0.0940417   0.455397
 0.0054133 -0.0940417   0.455397
 0.0054133 -0.0940417   0.455397
 0.0054133 -0.0940417   0.455397
 0.0054133 -0.0940417   0.455397
 0.0054133 -0.0940417   0.455397
 0.0054133 -0.0940417   0.455397
 0.0054133 -0.0940417   0.455397
 0.0054133 -0.0940417   0.455397
 0.0054133 -0.0940417   0.455397
 0.0054133 -0.0940417   0.455397
 0.0054133 -0.0940417   0.455397
 0.0054133 -0.0940417   0.455397
 0.0054133 -0.0940417   0.455397
 0.0054133 -0.0940417   0.455397
 0.0054133 -0.0940417   0.455397
 0.0054133 -0.0940417   0.455397
 0.0054133 -0.0940417   0.455397
 0.0054133 -0.0940417   0.455397
 0.0054133 -0.0940417   0.455397
 0.0054133 -0.0940417   0.455397
 0.0054133 -0.0940417   0.455397
 0.0054133 -0.0940417   0.455397
 0.0054133 -0.0940417   0.455397
 0.0054133 -0.0940417   0.455397
 0.0054133 -0.0940417   0.455397
 0.0054133 -0.0940417   0.455397
 0.0054133 -0.0940417   0.455397
 0.0054133 -0.0940417   0.455397
 0.0054133 -0.0940417   0.455397
 0.0054133 -0.0940417   0.455397
 0.0054133 -0.0940417   0.455397
 0.0054133 -0.0940417   0.455397
 0.0054133 -0.0940417   0.455397
 0.0054133 -0.0940417   0.455397
 0.0054133 -0.0940417   0.455397
 0.0054133 -0.0940417   0.455397
 0.0054133 -0.0940417   0.455397
 0.0054133 -0.0940417   0.455397
 0.0054133 -0.0940417   0.455397
 0.0054133 -0.0940417   0.455397
 0.0054133 -0.0940417   0.455397
 0.0054133 -0.0940417   0.455397
 0.0054133 -0.0940417   0.455397
 0.0054133 -0.0940417   0.455397
 0.0054133 -0.0940417   0.455397
 0.0054133 -0.0940417   0.455397
 0.0054133 -0.0940417   0.455397
 0.0054133 -0.0940417   0.455397
 0.0054133 -0.0940417   0.455397
 0.0054133 -0.0940417   0.455397
 0.0054133 -0.0940417   0.455397
 0.0054133 -0.0940417   0.455397
 0.0054133 -0.0940417   0.455397
 0.0054133 -0.0940417   0.455397
 0.0054133 -0.0940417   0.455397
 0.0054133 -0.0940417   0.455397
 0.0054133 -0.0940417   0.455397
 0.0054133 -0.0940417   0.455397
 0.0054133 -0.0940417   0.455397
 0.0054133 -0.0940417   0.455397
 0.0054133 -0.0940417   0.455397
 0.0054133 -0.0940417   0.455397
 0.0054133 -0.0940417   0.455397
 0.0054133 -0.0940417   0.455397
 0.0054133 -0.0940417   0.455397
 0.0054133 -0.0940417   0.455397
 0.0054133 -0.0940417   0.455397
 0.0054133 -0.0940417   0.455397
 0.0054133 -0.0940417   0.455397
 0.0054133 -0.0940417   0.455397
 0.0054133 -0.0940417   0.455397
 0.0054133 -0.0940417   0.455397
 0.0054133 -0.0940417   0.455397
 0.0054133 -0.0940417   0.455397
 0.0054133 -0.0940417   0.455397
 0.0054133 -0.0940417   0.455397
 0.0054133 -0.0940417   0.455397
 0.0054133 -0.0940417   0.455397
 0.0054133 -0.0940417   0.455397
 0.0054133 -0.0940417   0.455397
 0.0054133 -0.0940417   0.455397
