 0.268899 -0.326625  0.607115
 0.268899 -0.326625  0.607115
 0.268901 -0.326623  0.607113
 0.268907 -0.326616  0.607105
 0.268918 -0.326604  0.607093
 0.268933 -0.326588  0.607075
 0.268952 -0.326568  0.607052
 0.268976 -0.326543  0.607024
 0.269004 -0.326513  0.606992
 0.269036 -0.326479  0.606954
0.269073 -0.32644 0.606911
 0.269114 -0.326397  0.606863
 0.269159 -0.326349   0.60681
 0.269208 -0.326296  0.606751
 0.269262 -0.326239  0.606688
  0.26932 -0.326178   0.60662
 0.269382 -0.326112  0.606547
 0.269449 -0.326041  0.606468
  0.26952 -0.325966  0.606385
 0.269595 -0.325886  0.606296
 0.269675 -0.325801  0.606203
 0.269759 -0.325712  0.606104
 0.269847 -0.325619     0.606
 0.269939 -0.325521  0.605892
 0.270036 -0.325418  0.605778
 0.270137 -0.325311  0.605659
 0.270243 -0.325199  0.605535
 0.270352 -0.325083  0.605406
 0.270466 -0.324962  0.605272
 0.270585 -0.324836  0.605133
 0.270708 -0.324706  0.604988
 0.270835 -0.324571  0.604839
 0.270966 -0.324432  0.604685
 0.271101 -0.324289  0.604526
0.271241 -0.32414 0.604361
 0.271385 -0.323987  0.604192
0.271534 -0.32383 0.604017
 0.271686 -0.323668  0.603838
 0.271843 -0.323502  0.603653
 0.272004 -0.323331  0.603464
  0.27217 -0.323155  0.603269
  0.27234 -0.322975  0.603069
0.272514 -0.32279 0.602864
 0.272693 -0.322601  0.602654
 0.272876 -0.322407  0.602439
 0.273063 -0.322208  0.602219
 0.273254 -0.322005  0.601994
  0.27345 -0.321797  0.601764
  0.27365 -0.321585  0.601529
 0.273854 -0.321369  0.601289
 0.274063 -0.321147  0.601043
 0.274276 -0.320921  0.600793
 0.274493 -0.320691  0.600537
 0.274715 -0.320456  0.600277
 0.274941 -0.320216  0.600011
 0.275171 -0.319972   0.59974
 0.275405 -0.319723  0.599465
0.275644 -0.31947 0.599184
 0.275887 -0.319212  0.598898
0.276135 -0.31895 0.598607
 0.276386 -0.318683  0.598311
 0.276642 -0.318412  0.598011
 0.276902 -0.318136  0.597705
 0.277167 -0.317855  0.597394
0.277435 -0.31757 0.597078
 0.277709 -0.317281  0.596757
 0.277986 -0.316986  0.596431
 0.278268 -0.316688  0.596099
 0.278554 -0.316384  0.595763
 0.278844 -0.316076  0.595422
 0.279438 -0.315447  0.594724
 0.279438 -0.315447  0.594724
 0.279741 -0.315125  0.594367
0.280047  -0.3148 0.594007
0.280359 -0.31447 0.593641
 0.280675 -0.314134  0.593269
 0.280996 -0.313794  0.592892
 0.28132 -0.31345  0.59251
 0.281649 -0.313101  0.592123
 0.281983 -0.312747  0.591731
  0.28232 -0.312389  0.591334
 0.282662 -0.312027  0.590932
 0.283009 -0.311659  0.590525
 0.283359 -0.311287  0.590113
 0.283714 -0.310911  0.589696
0.284073 -0.31053 0.589273
 0.284804 -0.309755  0.588414
0.285176 -0.30936 0.587976
 0.285553 -0.308961  0.587534
 0.285933 -0.308557  0.587086
 0.286319 -0.308148  0.586633
 0.286709 -0.307735  0.586175
 0.287102 -0.307317  0.585712
   0.2875 -0.306895  0.585244
 0.287902 -0.306469  0.584771
 0.288309 -0.306037  0.584293
  0.28872 -0.305602   0.58381
 0.289136 -0.305161  0.583321
 0.289555 -0.304716  0.582828
 0.289979 -0.304266   0.58233
 0.290406 -0.303813  0.581827
0.290834 -0.30336 0.581324
 0.291261 -0.302906  0.580822
 0.291689 -0.302453  0.580319
 0.292117 -0.301999  0.579816
 0.292544 -0.301545  0.579313
 0.292972 -0.301092   0.57881
   0.2934 -0.300638  0.578307
 0.293827 -0.300185  0.577805
 0.294255 -0.299731  0.577302
 0.294683 -0.299278  0.576799
 0.295111 -0.298823  0.576296
0.295538 -0.29837 0.575793
 0.295966 -0.297916   0.57529
 0.296394 -0.297463  0.574787
 0.296821 -0.297009  0.574285
 0.297249 -0.296555  0.573781
 0.297678 -0.296101  0.573278
 0.298106 -0.295646  0.572774
 0.298534 -0.295193  0.572271
 0.298962 -0.294739  0.571768
 0.299389 -0.294286  0.571265
 0.299817 -0.293832  0.570762
 0.300245 -0.293377  0.570258
 0.300674 -0.292923  0.569755
 0.301102 -0.292469  0.569252
  0.30153 -0.292015  0.568748
 0.301957 -0.291562  0.568245
 0.301957 -0.291562  0.568245
 0.302385 -0.291108  0.567742
 0.302813 -0.290654  0.567239
0.303241  -0.2902 0.566736
 0.304097 -0.289292   0.56573
 0.304525 -0.288839  0.565227
 0.304952 -0.288385  0.564724
  0.30538 -0.287932  0.564221
 0.305808 -0.287478  0.563718
 0.306235 -0.287025  0.563216
0.306663 -0.28657 0.562712
 0.307091 -0.286117   0.56221
 0.307519 -0.285663  0.561707
0.307946 -0.28521 0.561204
 0.308374 -0.284756  0.560701
 0.308802 -0.284303  0.560198
  0.30923 -0.283848  0.559695
 0.309658 -0.283394  0.559191
0.310086 -0.28294 0.558688
 0.310514 -0.282486  0.558185
 0.310942 -0.282032  0.557681
  0.31137 -0.281578  0.557178
 0.311798 -0.281125  0.556675
 0.312226 -0.280671  0.556172
 0.312654 -0.280217  0.555669
 0.312654 -0.280217  0.555669
  0.31351 -0.279309  0.554663
  0.31351 -0.279309  0.554663
 0.313938 -0.278855  0.554159
 0.314366 -0.278401  0.553656
 0.314793 -0.277948  0.553154
 0.315221 -0.277494  0.552651
 0.315648 -0.277041  0.552148
 0.316076 -0.276587  0.551645
 0.316504 -0.276134  0.551142
0.316931 -0.27568  0.55064
 0.317359 -0.275226  0.550137
 0.318215 -0.274318   0.54913
 0.318215 -0.274318   0.54913
 0.318643 -0.273864  0.548626
0.319071 -0.27341 0.548123
   0.3195 -0.272956   0.54762
 0.319928 -0.272502  0.547116
 0.320356 -0.272048  0.546613
 0.320784 -0.271594  0.546109
 0.321212 -0.271139  0.545606
  0.32164 -0.270685  0.545103
 0.322068 -0.270232    0.5446
 0.322496 -0.269778  0.544097
 0.322923 -0.269325  0.543594
 0.323349 -0.268873  0.543093
 0.323777 -0.268419   0.54259
 0.324205 -0.267965  0.542087
 0.324632 -0.267512  0.541585
  0.32506 -0.267058  0.541082
 0.325488 -0.266605  0.540579
 0.325916 -0.266151  0.540076
 0.326344 -0.265697  0.539572
 0.326772 -0.265243  0.539069
0.327199 -0.26479 0.538567
 0.327627 -0.264335  0.538063
 0.328055 -0.263882   0.53756
 0.328483 -0.263428  0.537058
 0.328911 -0.262974  0.536554
 0.329338 -0.262521  0.536051
 0.329766 -0.262067  0.535549
 0.330194 -0.261613  0.535046
0.330621 -0.26116 0.534543
  0.33105 -0.260706  0.534039
 0.331479 -0.260251  0.533535
 0.332335 -0.259343  0.532528
 0.332335 -0.259343  0.532528
 0.332762 -0.258889  0.532026
  0.33319 -0.258435  0.531522
 0.334046 -0.257528  0.530516
 0.334474 -0.257074  0.530014
 0.334901 -0.256621  0.529511
 0.335329 -0.256167  0.529007
 0.335757 -0.255713  0.528504
0.336184 -0.25526 0.528003
 0.336611 -0.254807    0.5275
 0.337039 -0.254353  0.526997
0.337466  -0.2539 0.526495
 0.337894 -0.253446  0.525992
 0.338322 -0.252992  0.525488
  0.33875 -0.252538  0.524986
 0.339176 -0.252087  0.524485
 0.339598 -0.251639  0.523989
 0.340015 -0.251197  0.523498
 0.340428 -0.250759  0.523013
 0.340836 -0.250325  0.522532
 0.341241 -0.249897  0.522057
 0.341641 -0.249473  0.521587
 0.342036 -0.249053  0.521122
 0.342036 -0.249053  0.521122
 0.342427 -0.248638  0.520662
 0.342814 -0.248227  0.520206
 0.343197 -0.247822  0.519757
 0.343574 -0.247422  0.519313
 0.344317 -0.246634   0.51844
 0.344317 -0.246634   0.51844
 0.345043 -0.245864  0.517586
   0.3454 -0.245485  0.517167
 0.345752 -0.245112  0.516753
   0.3461 -0.244743  0.516343
 0.346444 -0.244378  0.515939
 0.346783 -0.244018   0.51554
 0.347118 -0.243663  0.515146
 0.347449 -0.243312  0.514757
 0.347776 -0.242965  0.514373
 0.348099 -0.242623  0.513993
 0.348418 -0.242285  0.513618
 0.348732 -0.241951  0.513249
 0.349041 -0.241623  0.512885
 0.349041 -0.241623  0.512885
0.349346  -0.2413 0.512526
 0.349647 -0.240981  0.512173
 0.349943 -0.240666  0.511824
 0.350235 -0.240357  0.511481
 0.350523 -0.240052  0.511143
 0.350806 -0.239751   0.51081
  0.35136 -0.239164  0.510159
 0.351631 -0.238877   0.50984
 0.351631 -0.238877   0.50984
 0.351897 -0.238594  0.509527
 0.352417 -0.238042  0.508916
 0.352417 -0.238042  0.508916
  0.35292 -0.237509  0.508325
 0.353165 -0.237249  0.508036
 0.353165 -0.237249  0.508036
 0.353406 -0.236994  0.507753
 0.353873 -0.236498  0.507204
 0.353873 -0.236498  0.507204
 0.354101 -0.236257  0.506936
 0.354543 -0.235788  0.506416
 0.354757 -0.235561  0.506165
 0.354967 -0.235338  0.505918
0.355173 -0.23512 0.505676
 0.355374 -0.234906  0.505439
 0.355572 -0.234697  0.505207
 0.355765 -0.234492   0.50498
 0.355953 -0.234292  0.504758
 0.356138 -0.234096  0.504541
 0.356318 -0.233905  0.504329
 0.356494 -0.233719  0.504122
 0.356494 -0.233719  0.504122
 0.356833 -0.233359  0.503724
 0.356996 -0.233186  0.503532
 0.357154 -0.233018  0.503346
 0.357309 -0.232855  0.503164
 0.357459 -0.232695  0.502988
 0.357604 -0.232541  0.502817
 0.357746 -0.232391   0.50265
 0.357883 -0.232245  0.502489
 0.358016 -0.232104  0.502333
 0.358144 -0.231969  0.502183
 0.358268 -0.231837  0.502036
0.358388 -0.23171 0.501895
 0.358504 -0.231587  0.501759
 0.358615 -0.231469  0.501628
 0.358722 -0.231355  0.501503
 0.358825 -0.231246  0.501382
 0.358923 -0.231142  0.501266
 0.358923 -0.231142  0.501266
 0.359017 -0.231042  0.501155
 0.359107 -0.230947   0.50105
 0.359193 -0.230856  0.500949
0.359274 -0.23077 0.500854
 0.359351 -0.230688  0.500763
 0.359424 -0.230611  0.500678
 0.359492 -0.230539  0.500597
 0.359616 -0.230408  0.500452
 0.359616 -0.230408  0.500452
 0.359671 -0.230349  0.500387
 0.359722 -0.230295  0.500327
 0.359769 -0.230245  0.500272
0.359811  -0.2302 0.500222
0.359849 -0.23016 0.500177
 0.359883 -0.230124  0.500137
 0.359913 -0.230092  0.500102
 0.359938 -0.230066  0.500073
 0.359959 -0.230043  0.500048
 0.359976 -0.230026  0.500029
 0.359988 -0.230013  0.500014
 0.36 -0.23   0.5
 0.36 -0.23   0.5
 0.36 -0.23   0.5
 0.36 -0.23   0.5
 0.36 -0.23   0.5
 0.36 -0.23   0.5
 0.36 -0.23   0.5
 0.36 -0.23   0.5
 0.36 -0.23   0.5
 0.36 -0.23   0.5
 0.36 -0.23   0.5
 0.36 -0.23   0.5
 0.36 -0.23   0.5
 0.36 -0.23   0.5
 0.36 -0.23   0.5
 0.36 -0.23   0.5
 0.36 -0.23   0.5
 0.36 -0.23   0.5
 0.36 -0.23   0.5
 0.36 -0.23   0.5
 0.36 -0.23   0.5
 0.36 -0.23   0.5
 0.36 -0.23   0.5
 0.36 -0.23   0.5
 0.36 -0.23   0.5
 0.36 -0.23   0.5
 0.36 -0.23   0.5
 0.36 -0.23   0.5
 0.36 -0.23   0.5
 0.36 -0.23   0.5
 0.36 -0.23   0.5
 0.36 -0.23   0.5
 0.36 -0.23   0.5
 0.36 -0.23   0.5
 0.36 -0.23   0.5
 0.36 -0.23   0.5
 0.36 -0.23   0.5
 0.36 -0.23   0.5
 0.36 -0.23   0.5
 0.36 -0.23   0.5
 0.36 -0.23   0.5
 0.36 -0.23   0.5
 0.36 -0.23   0.5
 0.36 -0.23   0.5
 0.36 -0.23   0.5
 0.36 -0.23   0.5
 0.36 -0.23   0.5
 0.36 -0.23   0.5
 0.36 -0.23   0.5
 0.36 -0.23   0.5
 0.36 -0.23   0.5
 0.36 -0.23   0.5
 0.36 -0.23   0.5
 0.36 -0.23   0.5
 0.36 -0.23   0.5
 0.36 -0.23   0.5
 0.36 -0.23   0.5
 0.36 -0.23   0.5
 0.36 -0.23   0.5
 0.36 -0.23   0.5
 0.36 -0.23   0.5
 0.36 -0.23   0.5
 0.36 -0.23   0.5
 0.36 -0.23   0.5
 0.36 -0.23   0.5
 0.36 -0.23   0.5
 0.36 -0.23   0.5
 0.36 -0.23   0.5
 0.36 -0.23   0.5
 0.36 -0.23   0.5
 0.36 -0.23   0.5
 0.36 -0.23   0.5
 0.36 -0.23   0.5
 0.36 -0.23   0.5
 0.36 -0.23   0.5
 0.36 -0.23   0.5
 0.36 -0.23   0.5
 0.36 -0.23   0.5
 0.36 -0.23   0.5
 0.36 -0.23   0.5
 0.36 -0.23   0.5
 0.36 -0.23   0.5
 0.36 -0.23   0.5
 0.36 -0.23   0.5
 0.36 -0.23   0.5
 0.36 -0.23   0.5
 0.36 -0.23   0.5
 0.36 -0.23   0.5
 0.36 -0.23   0.5
 0.36 -0.23   0.5
 0.36 -0.23   0.5
 0.36 -0.23   0.5
 0.36 -0.23   0.5
 0.36 -0.23   0.5
 0.36 -0.23   0.5
 0.36 -0.23   0.5
 0.36 -0.23   0.5
 0.36 -0.23   0.5
 0.36 -0.23   0.5
 0.36 -0.23   0.5
 0.36 -0.23   0.5
 0.36 -0.23   0.5
 0.36 -0.23   0.5
 0.36 -0.23   0.5
 0.36 -0.23   0.5
 0.36 -0.23   0.5
 0.36 -0.23   0.5
 0.36 -0.23   0.5
 0.36 -0.23   0.5
 0.36 -0.23   0.5
 0.36 -0.23   0.5
 0.36 -0.23   0.5
 0.36 -0.23   0.5
 0.36 -0.23   0.5
 0.36 -0.23   0.5
 0.36 -0.23   0.5
 0.36 -0.23   0.5
 0.36 -0.23   0.5
 0.36 -0.23   0.5
