4.05312e-06
0.00956392
0.0196309
0.0296891
0.0397551
0.0498221
0.0598931
0.069963
0.08003
0.090096
0.100163
0.110221
0.120288
0.13036
0.140426
0.150481
0.160539
0.170605
0.180672
0.190744
0.200812
0.210868
0.220925
0.230985
0.241045
0.251104
0.261163
0.271223
0.281283
0.291343
0.301402
0.311462
0.321523
0.331583
0.341641
0.351699
0.361756
0.371822
0.38188
0.391937
0.401992
0.412048
0.422104
0.432186
0.442266
0.452332
0.462387
0.47246
0.482514
0.49258
0.502647
0.512715
0.522782
0.532848
0.542904
0.552973
0.563038
0.573104
0.58317
0.593237
0.603305
0.613373
0.623439
0.633507
0.643571
0.653637
0.663693
0.67376
0.683816
0.693872
0.703988
0.714044
0.724099
0.734164
0.744219
0.754275
0.764331
0.774388
0.784444
0.794502
0.804557
0.814613
0.824669
0.834725
0.84479
0.854856
0.864922
0.874988
0.885055
0.895121
0.905187
0.915257
0.925327
0.935398
0.94547
0.955543
0.965612
0.975683
0.985741
0.995801
1.00585
1.0159
1.02596
1.03602
1.04608
1.05613
1.06619
1.07625
1.0863
1.09636
1.10642
1.11647
1.12654
1.13659
1.14665
1.15671
1.16676
1.17683
1.1869
1.19695
1.20701
1.21707
1.22713
1.2372
1.24726
1.25731
1.26737
1.27743
1.28749
1.29755
1.30762
1.31767
1.32774
1.33781
1.34787
1.35792
1.36799
1.37803
1.3881
1.39815
1.40823
1.41829
1.42836
1.43842
1.44848
1.45853
1.46859
1.47865
1.48871
1.49877
1.50883
1.51889
1.52895
1.53901
1.54907
1.55912
1.56918
1.57919
1.58926
1.59931
1.60937
1.61943
1.62949
1.63956
1.64964
1.65969
1.66975
1.67981
1.68987
1.69993
1.70999
1.72005
1.73011
1.74017
1.75023
1.76029
1.77035
1.78041
1.79046
1.80052
1.81057
1.82064
1.83071
1.84077
1.85083
1.86089
1.87094
1.881
1.89106
1.90111
1.91118
1.92124
1.93129
1.94136
1.95145
1.96152
1.97161
1.98168
1.99176
2.00181
2.01188
2.02194
2.03201
2.04207
2.05214
2.0622
2.07225
2.08231
2.09238
2.10243
2.11249
2.12255
2.13261
2.14266
2.15274
2.16281
2.17287
2.18293
2.19298
2.20304
2.2131
2.22316
2.23322
2.24327
2.25333
2.26339
2.27344
2.2835
2.29356
2.30362
2.31369
2.32376
2.33382
2.34389
2.35395
2.364
2.37408
2.38413
2.39419
2.40425
2.41432
2.42438
2.43444
2.44449
2.45455
2.46462
2.47467
2.48474
2.49481
2.50487
2.51494
2.52501
2.53508
2.54514
2.55521
2.56528
2.57535
2.58541
2.59547
2.60553
2.61559
2.62564
2.6357
2.64576
2.65582
2.66587
2.67593
2.68599
2.69605
2.7061
2.71616
2.72622
2.73627
2.74634
2.7564
2.76645
2.77651
2.78657
2.79663
2.80669
2.81675
2.82681
2.83687
2.84692
2.85699
2.86705
2.87711
2.88717
2.89722
2.90728
2.91733
2.92734
2.9374
2.94745
2.95751
2.96759
2.97768
2.98774
2.99781
3.00788
3.01794
3.028
3.03805
3.04811
3.05817
3.06822
3.07829
3.08836
3.09842
3.10848
3.11854
3.12861
3.13868
3.14875
3.15881
3.16887
3.17893
3.18899
3.19905
3.2091
3.21917
3.22923
3.23929
3.24936
3.25942
3.26949
3.27956
3.28962
3.29968
3.30974
3.3198
3.32985
3.33993
3.34998
3.36004
3.37009
3.38015
3.3902
3.40027
3.41032
3.42038
3.43043
3.44049
3.45054
3.4606
3.47066
3.48073
3.49078
3.50085
3.51092
3.52099
3.53105
3.54112
3.5512
3.56129
3.57135
3.58142
3.59151
3.60156
3.61167
3.62174
3.6318
3.64186
3.65191
3.66197
3.67198
3.68204
3.69211
3.70217
3.71223
3.72228
3.73234
3.74237
3.75243
3.76247
3.77254
3.78259
3.79265
3.8027
3.81276
3.82283
3.83289
3.84295
3.85301
3.86307
3.87313
3.88318
3.89323
3.9033
3.91336
3.92341
3.93347
3.94353
3.95359
3.96364
3.97373
3.9838
3.99386
4.00392
4.01397
4.02403
4.03409
4.04414
4.0542
4.06425
4.07431
4.08438
4.09444
4.1045
4.11456
4.12462
4.13469
4.14476
4.15482
4.16488
4.17495
4.18501
4.19507
4.20513
4.21518
4.22524
4.2353
4.24536
4.25541
4.26549
4.27555
4.28562
4.29568
4.30573
4.3158
4.32586
