0.0168823 -0.105418  0.508466
0.0168695 -0.105416  0.508466
0.0168537 -0.105415  0.508465
 0.016836 -0.105412  0.508465
0.0168166  -0.10541  0.508464
0.0167966 -0.105407  0.508464
0.0167774 -0.105407  0.508462
0.0167571 -0.105402  0.508461
0.0167384 -0.105402  0.508459
0.0167212   -0.1054  0.508457
0.0166902 -0.105398  0.508452
0.0166785 -0.105398  0.508449
0.0166669 -0.105398  0.508447
0.0166592 -0.105399  0.508445
0.0166518 -0.105399  0.508442
0.0166474   -0.1054   0.50844
0.0166448 -0.105403  0.508438
0.0166442 -0.105404  0.508436
0.0166454 -0.105407  0.508434
0.0166486 -0.105407  0.508432
0.0166545 -0.105408  0.508431
0.0166594 -0.105414  0.508429
0.0166675 -0.105416  0.508427
0.0166747 -0.105421  0.508426
0.0166837 -0.105426  0.508424
0.0166935 -0.105431  0.508422
0.0167041 -0.105438   0.50842
0.0167156 -0.105441  0.508418
0.0167265 -0.105448  0.508416
 0.016737 -0.105455  0.508413
0.0167495 -0.105463   0.50841
0.0167612  -0.10547  0.508407
0.0167729 -0.105479  0.508403
0.0167837 -0.105488  0.508399
0.0167963 -0.105497  0.508394
 0.016808 -0.105506  0.508389
0.0168187 -0.105516  0.508384
0.0168313 -0.105527  0.508378
 0.016843 -0.105538  0.508371
0.0168547 -0.105551  0.508363
0.0168657 -0.105565  0.508355
0.0168787 -0.105578  0.508347
 0.016891 -0.105592  0.508338
0.0169049 -0.105616  0.508326
0.0169171 -0.105631  0.508315
0.0169313  -0.10565  0.508304
0.0169443 -0.105667  0.508292
 0.016959 -0.105685  0.508279
 0.016974 -0.105706  0.508266
0.0169901 -0.105725  0.508252
0.0170065 -0.105747  0.508237
0.0170241  -0.10577  0.508222
0.0170424 -0.105793  0.508206
0.0170616 -0.105818  0.508188
0.0170818 -0.105843  0.508171
0.017103 -0.10587 0.508152
0.0171251 -0.105897  0.508133
0.0171484 -0.105926  0.508112
0.0171728 -0.105955  0.508092
0.0171981 -0.105987   0.50807
0.0172254 -0.106019  0.508046
0.0172522 -0.106051  0.508023
0.0172817 -0.106086  0.507998
0.0173107 -0.106121  0.507973
0.0173425 -0.106158  0.507946
0.0173737 -0.106194  0.507919
0.0174076 -0.106234   0.50789
 0.017441 -0.106272  0.507861
 0.017477 -0.106314  0.507831
0.0175125 -0.106355  0.507799
0.0175505 -0.106398  0.507766
0.0175881 -0.106441  0.507733
0.0176282 -0.106487  0.507698
0.0176678 -0.106533  0.507662
  0.01771 -0.106581  0.507624
0.0177517 -0.106629  0.507586
0.0177952 -0.106678  0.507546
0.0178395  -0.10673  0.507504
0.0178859 -0.106783  0.507461
0.0179316 -0.106836  0.507417
0.0179801 -0.106891  0.507372
 0.018028 -0.106946  0.507325
0.0180777 -0.107002  0.507276
0.0181285 -0.107062  0.507226
0.0181804 -0.107121  0.507174
0.0182332 -0.107183   0.50712
0.0182935 -0.107241  0.507064
0.0183426 -0.107309  0.507008
0.0184044 -0.107369  0.506948
0.0184629 -0.107437  0.506887
0.0185209 -0.107503  0.506825
0.0185814 -0.107581  0.506755
0.0186423 -0.107653  0.506688
0.0187037 -0.107729  0.506619
0.0187677   -0.1078  0.506548
0.0188314 -0.107878  0.506475
0.0188967 -0.107955  0.506399
0.0189644 -0.108032  0.506322
0.0190316 -0.108113  0.506242
0.0191007 -0.108195  0.506159
 0.019172 -0.108276  0.506075
0.0192439 -0.108362  0.505987
0.0193158 -0.108447  0.505897
0.0193909 -0.108535  0.505804
0.0194658 -0.108625  0.505708
0.0195425 -0.108715   0.50561
0.0196215 -0.108807  0.505509
0.0197002 -0.108901  0.505405
0.0197816 -0.108996  0.505298
0.0198635 -0.109092  0.505188
0.0199467 -0.109192  0.505074
0.0200305 -0.109292  0.504957
0.0201169 -0.109394  0.504837
0.0202036 -0.109498  0.504713
0.0202916 -0.109602  0.504586
0.0203808  -0.10971  0.504455
0.0204711 -0.109817  0.504321
 0.020562 -0.109929  0.504183
0.0206551 -0.110038  0.504041
 0.020748 -0.110153  0.503895
0.0208523 -0.110261  0.503741
 0.020952 -0.110371   0.50359
0.0210487 -0.110488  0.503432
0.0211416 -0.110634  0.503255
0.0212396 -0.110754  0.503089
0.0213375 -0.110873  0.502919
0.0214374 -0.110997  0.502745
0.0215374  -0.11112  0.502566
0.0216372 -0.111242  0.502384
 0.021739 -0.111369  0.502197
0.0218411 -0.111495  0.502006
0.0219435 -0.111621   0.50181
0.0220459 -0.111748  0.501609
  0.02215 -0.111878  0.501403
0.0222549 -0.112005  0.501193
0.0223598 -0.112136  0.500978
0.0224651 -0.112267  0.500757
0.0225715 -0.112396  0.500532
0.0225715 -0.112396  0.500532
 0.022678 -0.112529  0.500301
0.0228033 -0.112651   0.50006
0.0229069 -0.112789  0.499813
0.0230219  -0.11292  0.499563
0.0232348 -0.113219   0.49901
0.0233468  -0.11336  0.498734
0.0234588 -0.113501  0.498454
  0.02357 -0.113641  0.498171
0.0236812 -0.113783  0.497885
0.0237911 -0.113924  0.497595
0.0237911 -0.113924  0.497595
0.0239004 -0.114065    0.4973
0.0241171 -0.114346  0.496696
0.0241171 -0.114346  0.496696
 0.024334 -0.114627  0.496064
0.0244419 -0.114769  0.495739
0.0245494 -0.114907   0.49541
0.0246559 -0.115046  0.495078
0.0247625 -0.115182  0.494743
0.0247625 -0.115182  0.494743
0.0248673 -0.115319  0.494404
0.0249707 -0.115455  0.494061
0.025074 -0.11559  0.49371
0.0251777 -0.115723   0.49335
0.0252811 -0.115858  0.492983
0.0253845 -0.115991  0.492609
0.0254874 -0.116124  0.492227
0.0255948 -0.116253  0.491844
0.0256974 -0.116384  0.491449
0.0258187 -0.116505  0.491037
0.0259197 -0.116635  0.490631
0.0260198 -0.116764   0.49022
0.0261189 -0.116892  0.489804
0.0262168 -0.117019  0.489385
0.0263137 -0.117145  0.488961
0.0264088 -0.117269  0.488534
0.0265025 -0.117393  0.488103
0.0265949 -0.117514  0.487669
0.0266858 -0.117635  0.487232
 0.026759 -0.117781  0.486754
0.0268465 -0.117898  0.486312
0.0269324 -0.118013  0.485869
0.0270163 -0.118127  0.485425
0.0270987 -0.118238  0.484979
0.0271797 -0.118348  0.484532
0.0272592 -0.118455  0.484084
0.0273374 -0.118559  0.483636
0.0274142 -0.118661  0.483186
0.0274905 -0.118762  0.482736
0.0275655  -0.11886  0.482284
0.0276385 -0.118956  0.481833
0.0277102 -0.119049   0.48138
0.0277804 -0.119126  0.480981
0.0278675 -0.119206  0.480515
0.0279367 -0.119293  0.480064
 0.028006 -0.119376  0.479613
0.0280712  -0.11946   0.47916
0.0281365 -0.119539  0.478712
0.0282002 -0.119618  0.478262
0.0282642 -0.119693  0.477815
0.0283257 -0.119767  0.477369
0.0283694 -0.119858  0.476884
0.0284284 -0.119927  0.476441
0.0284863 -0.119994     0.476
0.0285431 -0.120061  0.475561
0.0285983 -0.120124  0.475125
0.0286524 -0.120186  0.474692
0.0287053 -0.120245  0.474261
0.0287568 -0.120303  0.473834
0.0288073 -0.120359   0.47341
0.0288576 -0.120413   0.47299
0.0289056 -0.120464  0.472573
0.0289525 -0.120515  0.472159
0.0289981 -0.120564  0.471749
0.0290427 -0.120611  0.471343
 0.029086 -0.120656   0.47094
0.0291282 -0.120699  0.470542
0.0291691 -0.120741  0.470146
0.0291992  -0.12079  0.469726
0.0292506 -0.120822  0.469329
0.0292877 -0.120859  0.468946
0.0293239 -0.120894  0.468567
0.0293589 -0.120929  0.468193
0.0293925  -0.12096  0.467823
0.0294251 -0.120992  0.467458
0.0294565 -0.121021  0.467098
0.0294865 -0.121048  0.466743
0.0295153 -0.121075  0.466393
0.0295429   -0.1211  0.466048
0.0295693 -0.121124  0.465707
0.0295946 -0.121146  0.465373
0.0296187 -0.121167  0.465043
0.0296415 -0.121186  0.464719
 0.029664 -0.121204    0.4644
0.0296836 -0.121222  0.464085
0.0297028 -0.121237  0.463776
 0.029722 -0.121251  0.463473
0.0297381 -0.121265  0.463173
0.0297543 -0.121277  0.462879
0.0297693 -0.121288  0.462589
0.0297833 -0.121297  0.462304
0.0297966 -0.121306  0.462024
0.0298087 -0.121313  0.461748
  0.02982 -0.121319  0.461477
0.0298304 -0.121324  0.461211
  0.02984 -0.121329  0.460949
0.0298488 -0.121332  0.460692
0.0298568 -0.121335  0.460439
0.0298639 -0.121336  0.460191
0.0298713 -0.121337  0.459947
0.0298703 -0.121342  0.459686
0.0298768 -0.121341  0.459451
0.0298817  -0.12134  0.459219
0.0298914 -0.121336  0.458986
0.0298951 -0.121334  0.458763
0.0298983 -0.121331  0.458543
0.0299011 -0.121328  0.458327
0.0299034 -0.121325  0.458115
0.0299052 -0.121321  0.457907
0.0299066 -0.121317  0.457703
0.0299075 -0.121313  0.457503
0.0299082 -0.121309  0.457307
0.0299086 -0.121304  0.457114
0.0299084 -0.121299  0.456925
0.0299081 -0.121295  0.456739
0.0299081 -0.121289  0.456557
0.0299067 -0.121284  0.456377
0.0299055 -0.121279  0.456201
0.0299046 -0.121272  0.456029
0.0299036 -0.121266   0.45586
 0.029902 -0.121262  0.455692
0.0299012 -0.121257  0.455532
0.0298991 -0.121252   0.45537
0.0298924 -0.121247  0.455193
0.0298903 -0.121242  0.455037
0.0298904 -0.121236  0.454882
0.0298877 -0.121232  0.454731
0.0298849 -0.121227  0.454584
0.0298818 -0.121222  0.454438
0.0298787 -0.121217  0.454296
0.0298753 -0.121212  0.454156
0.0298718 -0.121208  0.454019
0.0298678 -0.121204  0.453884
0.0298644 -0.121197  0.453753
0.0298603 -0.121193  0.453623
0.0298557 -0.121189  0.453496
0.0298518 -0.121183  0.453371
0.0298473 -0.121178  0.453249
0.0298426 -0.121173  0.453129
 0.029838 -0.121166  0.453011
0.0298332 -0.121162  0.452895
0.0298282 -0.121158  0.452782
0.0298232 -0.121151  0.452671
 0.029818 -0.121146  0.452561
0.0298128  -0.12114  0.452453
0.0298076 -0.121134  0.452348
0.0298021 -0.121128  0.452244
0.0297968 -0.121123  0.452142
0.0297909 -0.121118  0.452042
0.0297858  -0.12111  0.451944
0.0297802 -0.121105  0.451848
0.0297742 -0.121099  0.451753
0.0297686 -0.121093   0.45166
0.0297634 -0.121086  0.451569
0.0297574 -0.121081   0.45148
0.0297522 -0.121073  0.451392
0.0297468 -0.121068  0.451306
0.0297417 -0.121063  0.451224
0.0297363 -0.121054   0.45114
 0.029731 -0.121051  0.451059
 0.029725 -0.121045  0.450978
0.0297176 -0.121036  0.450891
0.0297117 -0.121031  0.450813
0.0297065 -0.121023  0.450738
0.0297014 -0.121019  0.450664
 0.029696 -0.121013  0.450591
0.0296906 -0.121007   0.45052
0.0296853 -0.121002   0.45045
  0.02968 -0.120996  0.450382
0.0296747 -0.120991  0.450315
0.0296694 -0.120985  0.450249
0.0296642  -0.12098  0.450185
0.0296591 -0.120975  0.450122
0.029654 -0.12097  0.45006
0.0296489 -0.120965      0.45
0.0296439 -0.120959   0.44994
0.0296389 -0.120954  0.449882
 0.029634 -0.120949  0.449825
0.0296292 -0.120944  0.449769
0.0296244  -0.12094  0.449714
0.0296196 -0.120935   0.44966
0.029615 -0.12093 0.449607
0.0296111 -0.120925  0.449556
0.0296066 -0.120921  0.449504
0.0296021 -0.120916  0.449454
 0.029598 -0.120912  0.449404
0.0295932 -0.120908  0.449355
0.0295896 -0.120905  0.449308
0.0295852   -0.1209  0.449261
0.0295808 -0.120896  0.449214
0.0295765 -0.120892  0.449168
0.0295703 -0.120886  0.449116
0.0295661 -0.120882  0.449072
0.0295618 -0.120878  0.449028
0.0295575 -0.120874  0.448986
0.0295533 -0.120873  0.448945
0.0295489 -0.120867  0.448903
0.0295446 -0.120864  0.448863
0.0295404 -0.120863  0.448824
0.0295362  -0.12086  0.448785
0.0295323 -0.120856  0.448747
0.0295277 -0.120853   0.44871
0.0295238 -0.120849  0.448673
0.0295197 -0.120846  0.448637
 0.029515 -0.120843  0.448602
0.0295113 -0.120839  0.448567
0.0295072 -0.120836  0.448533
0.0295029 -0.120834  0.448499
0.0294991  -0.12083  0.448466
0.0294953 -0.120827  0.448434
0.0294909 -0.120824  0.448401
0.0294873  -0.12082   0.44837
0.0294841 -0.120817   0.44834
  0.02948 -0.120814  0.448309
0.0294765 -0.120809  0.448279
0.0294727 -0.120807   0.44825
0.0294686 -0.120804   0.44822
0.0294655 -0.120801  0.448193
0.0294618 -0.120798  0.448164
0.0294577 -0.120795  0.448136
0.0294543 -0.120791  0.448109
0.0294489 -0.120785  0.448077
0.0294456  -0.12078  0.448051
0.0294419 -0.120777  0.448025
0.0294378 -0.120777  0.448001
0.0294345 -0.120773  0.447976
0.0294309  -0.12077  0.447951
 0.029427 -0.120768  0.447927
0.0294236 -0.120764  0.447904
0.0294206 -0.120761  0.447881
0.0294168 -0.120759  0.447858
0.0294136 -0.120755  0.447836
0.0294102 -0.120753  0.447814
0.0294065 -0.120751  0.447792
0.0294036 -0.120747  0.447772
0.0294005 -0.120745   0.44775
0.0293972 -0.120744   0.44773
0.0293944  -0.12074  0.447709
0.0293914 -0.120738  0.447689
0.0293881 -0.120736  0.447669
 0.029386 -0.120734   0.44765
0.0293833 -0.120732  0.447633
0.0293805  -0.12073  0.447614
0.0293773 -0.120728  0.447594
0.0293749 -0.120725  0.447576
0.0293722 -0.120723  0.447558
0.0293682 -0.120717  0.447536
0.0293656 -0.120715  0.447518
0.0293626 -0.120714    0.4475
0.0293602  -0.12071  0.447483
0.0293575 -0.120711  0.447466
0.0293545 -0.120707  0.447449
0.0293522 -0.120704  0.447432
0.0293496 -0.120703  0.447416
0.0293466 -0.120703  0.447401
0.0293446   -0.1207  0.447386
 0.029342 -0.120698   0.44737
 0.029339 -0.120697  0.447355
0.0293367 -0.120694   0.44734
0.0293343 -0.120692  0.447326
0.0293312 -0.120691  0.447311
 0.029329 -0.120687  0.447297
0.0293264 -0.120686  0.447283
0.0293236 -0.120684  0.447269
0.0293212 -0.120681  0.447256
0.0293188 -0.120679  0.447243
0.0293159 -0.120677  0.447229
0.0293137 -0.120674  0.447216
0.0293112 -0.120672  0.447203
0.0293085 -0.120671  0.447191
0.0293063 -0.120667  0.447179
0.0293039 -0.120665  0.447166
0.0293012 -0.120664  0.447154
0.029299 -0.12066 0.447142
0.0292967 -0.120659   0.44713
 0.029294 -0.120657  0.447118
0.0292926 -0.120655  0.447108
0.0292903 -0.120653  0.447096
0.0292878 -0.120652  0.447085
0.0292858 -0.120649  0.447074
0.0292837 -0.120648  0.447063
0.0292806 -0.120645  0.447051
0.0292789 -0.120642  0.447041
0.0292768 -0.120641   0.44703
0.0292744  -0.12064  0.447019
0.0292726 -0.120637  0.447009
0.0292706 -0.120636  0.446999
0.0292682 -0.120635  0.446989
0.0292664 -0.120632  0.446979
0.0292644 -0.120631  0.446969
0.0292621 -0.120629   0.44696
0.0292603 -0.120627   0.44695
0.0292584 -0.120626  0.446941
0.0292561 -0.120625  0.446931
0.0292544 -0.120622  0.446922
0.0292525 -0.120621  0.446913
0.0292503  -0.12062  0.446904
0.0292486 -0.120617  0.446896
0.0292469 -0.120616  0.446887
0.0292446 -0.120614  0.446878
0.0292429 -0.120611   0.44687
0.029241 -0.12061 0.446862
0.0292387 -0.120609  0.446854
 0.029237 -0.120606  0.446846
0.0292351 -0.120605  0.446838
0.0292329 -0.120604   0.44683
0.0292313 -0.120601  0.446823
0.0292294   -0.1206  0.446815
0.0292271 -0.120599  0.446807
0.0292255 -0.120596    0.4468
0.0292238 -0.120595  0.446792
0.0292215 -0.120593  0.446785
0.0292199 -0.120591  0.446778
0.0292181 -0.120589  0.446771
0.0292159 -0.120589  0.446764
0.0292149 -0.120587  0.446758
0.0292132 -0.120586  0.446751
 0.029211 -0.120584  0.446744
0.0292094 -0.120582  0.446737
0.0292077 -0.120581   0.44673
0.0292055  -0.12058  0.446724
 0.029204 -0.120577  0.446718
0.0292027 -0.120576  0.446711
0.0292004 -0.120577  0.446705
0.0291989 -0.120574  0.446699
0.0291975 -0.120574  0.446693
0.0291945 -0.120569  0.446685
0.0291929 -0.120568  0.446679
0.0291908 -0.120567  0.446673
0.0291893 -0.120565  0.446667
0.0291878 -0.120564  0.446661
0.0291857 -0.120564  0.446655
0.0291843 -0.120561   0.44665
0.0291827  -0.12056  0.446644
0.0291807 -0.120559  0.446638
0.0291793 -0.120557  0.446633
0.0291776 -0.120556  0.446627
0.0291757 -0.120555  0.446622
0.0291743 -0.120553  0.446616
0.0291727 -0.120552  0.446611
0.0291708 -0.120551  0.446606
0.0291694 -0.120548  0.446601
0.0291678 -0.120548  0.446595
0.0291666 -0.120547   0.44659
0.0291648 -0.120544  0.446585
0.0291629 -0.120543   0.44658
 0.029161 -0.120542  0.446575
0.0291595  -0.12054   0.44657
0.0291579 -0.120539  0.446565
0.0291566 -0.120538  0.446561
0.0291554 -0.120537  0.446557
0.0291537 -0.120536  0.446552
0.0291517 -0.120536  0.446548
0.0291502 -0.120533  0.446543
0.0291486 -0.120532  0.446539
0.0291467 -0.120531  0.446534
0.0291453 -0.120528   0.44653
0.0291437 -0.120528  0.446525
0.0291416 -0.120527  0.446521
