  0.26905 -0.326483  0.607112
 0.269025 -0.326493  0.607086
 0.268995 -0.326507  0.607059
 0.268959 -0.326523  0.607028
 0.268922 -0.326541  0.607002
 0.268884 -0.326556  0.606976
 0.268852 -0.326574  0.606958
 0.268819 -0.326585  0.606942
 0.268792 -0.326597  0.606931
  0.26877 -0.326604  0.606927
 0.268742 -0.326613  0.606935
 0.268738 -0.326612  0.606944
  0.26874 -0.326607  0.606965
 0.268749 -0.326599  0.606983
 0.268763 -0.326586   0.60701
 0.268786 -0.326568  0.607042
 0.268815 -0.326549  0.607077
  0.26885 -0.326523  0.607118
 0.268891 -0.326495  0.607159
  0.26894 -0.326456  0.607211
 0.268995 -0.326416   0.60726
  0.26905 -0.326379  0.607313
 0.269109 -0.326335   0.60736
 0.269169 -0.326291   0.60741
 0.269233 -0.326246  0.607461
 0.269297 -0.326198  0.607511
0.269363 -0.32615  0.60756
 0.269429 -0.326097  0.607607
 0.269495 -0.326047  0.607654
 0.269557 -0.325997  0.607692
 0.269621 -0.325945   0.60773
 0.269683 -0.325892  0.607766
 0.269742 -0.325841  0.607796
   0.2698 -0.325789  0.607824
 0.269859 -0.325731  0.607846
 0.269914 -0.325676  0.607866
 0.269966 -0.325622  0.607879
  0.27002 -0.325567  0.607891
0.270071 -0.32551 0.607894
 0.270122 -0.325454  0.607894
 0.270173 -0.325395  0.607891
 0.270225 -0.325333  0.607883
 0.270278 -0.325268  0.607873
 0.270336 -0.325206  0.607853
 0.270392 -0.325135  0.607837
  0.27045 -0.325063  0.607811
 0.270509 -0.324985  0.607785
 0.270573 -0.324902  0.607757
  0.27064 -0.324817  0.607723
 0.270711 -0.324724  0.607689
 0.270785 -0.324623  0.607646
 0.270865 -0.324522  0.607606
 0.270947 -0.324415  0.607561
 0.271036 -0.324303  0.607517
 0.271128 -0.324186  0.607465
 0.271225 -0.324064  0.607413
 0.271327 -0.323935  0.607359
 0.271434 -0.323803  0.607301
 0.271545 -0.323671  0.607248
  0.27166 -0.323522   0.60718
 0.271782 -0.323375  0.607116
 0.271904 -0.323222  0.607047
 0.272032 -0.323067  0.606976
 0.272162 -0.322905  0.606904
 0.272297 -0.322742  0.606826
 0.272434 -0.322572  0.606747
 0.272574 -0.322402  0.606662
 0.272717 -0.322226  0.606578
0.272862 -0.32205 0.606485
 0.273009 -0.321868  0.606396
 0.273158 -0.321686  0.606293
0.273308  -0.3215 0.606192
 0.273461 -0.321313  0.606085
 0.273614 -0.321121  0.605975
 0.273771 -0.320929  0.605861
 0.273927 -0.320733  0.605741
 0.274087 -0.320534  0.605619
 0.274246 -0.320336  0.605487
 0.274409 -0.320133  0.605352
 0.274573 -0.319927  0.605215
 0.274739 -0.319719   0.60507
 0.274907 -0.319506  0.604924
0.275077 -0.31929  0.60477
  0.27525 -0.319072  0.604613
0.275425 -0.31885 0.604447
 0.275602 -0.318625  0.604277
 0.275796 -0.318382  0.604094
0.275967 -0.31816 0.603924
 0.276166 -0.317907  0.603731
 0.276358 -0.317667  0.603539
 0.276551 -0.317416  0.603347
 0.276755 -0.317163  0.603142
 0.276957 -0.316906  0.602939
 0.277159 -0.316648  0.602723
0.277367 -0.31638 0.602506
 0.277577 -0.316112  0.602283
 0.277791 -0.315835  0.602055
 0.278011 -0.315554  0.601824
 0.27823 -0.31527 0.601583
 0.278456 -0.314981  0.601342
 0.278684 -0.314686  0.601089
 0.278915 -0.314389  0.600832
 0.279148 -0.314087  0.600572
0.279386 -0.31378 0.600304
 0.279629 -0.313453  0.600028
 0.279872 -0.313137  0.599748
  0.28012 -0.312817  0.599464
 0.280368 -0.312496  0.599171
 0.280621 -0.312168  0.598878
 0.280874 -0.311839  0.598571
  0.28113 -0.311507  0.598261
 0.281388 -0.311173  0.597945
 0.281648 -0.310835  0.597621
  0.28191 -0.310496  0.597294
 0.282173 -0.310153  0.596958
0.282439 -0.30981 0.596618
 0.282704 -0.309464  0.596268
  0.28297 -0.309119  0.595912
  0.28324 -0.308768  0.595552
 0.283508 -0.308421  0.595183
 0.283796 -0.308049  0.594779
 0.284067 -0.307694  0.594397
  0.28434 -0.307342  0.594011
 0.284613 -0.307005  0.593597
 0.284886 -0.306651  0.593195
 0.285158 -0.306294  0.592788
 0.285432 -0.305942  0.592371
 0.285706 -0.305586   0.59195
 0.285979 -0.305227  0.591522
 0.286256 -0.304872  0.591088
 0.286531 -0.304515  0.590645
 0.286808 -0.304154  0.590202
 0.287083 -0.303795  0.589744
 0.287361 -0.303437  0.589282
 0.287653 -0.303049  0.588829
 0.287933 -0.302687  0.588355
 0.288214 -0.302325  0.587876
 0.288496 -0.301959  0.587389
 0.288496 -0.301959  0.587389
 0.288779 -0.301594  0.586897
 0.289079 -0.301206  0.586346
 0.289364 -0.300837  0.585835
 0.289654 -0.300467  0.585315
 0.290231 -0.299731  0.584229
 0.290525 -0.299357  0.583681
 0.29082 -0.29898 0.583131
 0.291113 -0.298603  0.582572
 0.291408 -0.298226  0.582012
0.291699 -0.29785  0.58144
0.291699 -0.29785  0.58144
 0.291992 -0.297474  0.580867
 0.292579 -0.296719  0.579704
 0.292579 -0.296719  0.579704
 0.293171 -0.295963  0.578516
 0.293469 -0.295583  0.577913
 0.293765 -0.295202  0.577304
 0.294062 -0.294822  0.576691
 0.294383 -0.294414  0.576109
 0.294383 -0.294414  0.576109
 0.294678 -0.294034  0.575489
 0.294973 -0.293655  0.574869
 0.295269 -0.293275  0.574238
 0.295568 -0.292891  0.573604
 0.295866 -0.292509  0.572959
 0.296167 -0.292124  0.572313
0.296466 -0.29174 0.571653
 0.296767 -0.291353  0.570989
 0.297069 -0.290964   0.57032
0.297384 -0.29055 0.569562
0.297687 -0.29016 0.568882
 0.297988 -0.289768  0.568195
 0.298291 -0.289375  0.567508
 0.298592 -0.288981  0.566813
 0.298894 -0.288586  0.566117
 0.299196 -0.288188  0.565421
 0.299498 -0.287791  0.564721
 0.299802 -0.287392  0.564023
 0.300104 -0.286992  0.563322
 0.300391 -0.286607  0.562593
 0.300694 -0.286206  0.561893
 0.300997 -0.285802  0.561195
 0.301301 -0.285398  0.560501
 0.301606 -0.284992  0.559809
 0.301911 -0.284584  0.559121
 0.302216 -0.284176  0.558434
 0.302523 -0.283764  0.557754
 0.302829 -0.283352  0.557072
 0.303138 -0.282938    0.5564
 0.303445 -0.282524  0.555722
 0.303754 -0.282107  0.555055
 0.304063 -0.281687  0.554391
  0.30438 -0.281281  0.553853
 0.304701 -0.280833  0.553108
 0.305011 -0.280409  0.552457
 0.305324 -0.279981  0.551813
 0.305634 -0.279553   0.55117
 0.305943 -0.279122  0.550535
 0.306255 -0.278689  0.549905
 0.306564 -0.278254  0.549279
 0.306874 -0.277816  0.548662
 0.307167 -0.277383  0.548018
0.307477 -0.27694 0.547414
 0.307785 -0.276497  0.546812
 0.308093 -0.276052  0.546216
 0.308401 -0.275604  0.545631
 0.308708 -0.275154   0.54505
 0.309015 -0.274701  0.544478
 0.309321 -0.274247  0.543913
0.309627 -0.27379 0.543356
 0.309962 -0.273315  0.542841
 0.310273 -0.272848  0.542319
 0.310575 -0.272386   0.54178
0.310878 -0.27192 0.541252
  0.31118 -0.271453  0.540731
 0.311481 -0.270982  0.540218
 0.311781 -0.270509  0.539713
 0.312079 -0.270035  0.539212
 0.312366 -0.269551  0.538697
 0.312668 -0.269048  0.538136
 0.312962 -0.268566  0.537659
 0.313255 -0.268081  0.537188
 0.313546 -0.267595  0.536723
 0.313835 -0.267107  0.536268
 0.314123 -0.266617  0.535818
 0.314409 -0.266125  0.535378
 0.314692 -0.265632  0.534943
 0.314975 -0.265138  0.534521
 0.315253 -0.264644    0.5341
 0.315531 -0.264148  0.533689
 0.315807 -0.263651  0.533288
  0.31608 -0.263154  0.532893
 0.316351 -0.262656  0.532509
 0.316642 -0.262147   0.53216
 0.316885 -0.261661  0.531763
 0.317147 -0.261164  0.531396
 0.317432 -0.260652   0.53108
0.317663 -0.26017  0.53069
 0.317916 -0.259674  0.530346
 0.318167 -0.259179   0.53001
 0.318413 -0.258685  0.529678
 0.318658 -0.258193  0.529356
 0.318897 -0.257703  0.529036
 0.319133 -0.257215  0.528723
 0.319366 -0.256728  0.528418
 0.319596 -0.256245  0.528118
 0.319822 -0.255762  0.527824
 0.320044 -0.255284  0.527535
 0.320263 -0.254806  0.527256
   0.3205 -0.254322  0.527009
 0.320709 -0.253835  0.526722
 0.320917 -0.253369  0.526454
 0.321123 -0.252905  0.526194
  0.32133 -0.252426  0.525901
0.321529 -0.25197 0.525652
 0.321725 -0.251517   0.52541
 0.321918 -0.251069  0.525171
 0.322108 -0.250623  0.524942
 0.322294 -0.250184  0.524713
 0.322477 -0.249748  0.524492
 0.322658 -0.249316  0.524276
 0.322835 -0.248888  0.524065
 0.323011 -0.248465   0.52386
 0.323182 -0.248047  0.523659
 0.323353 -0.247632  0.523465
 0.323534 -0.247214  0.523297
 0.323685 -0.246814   0.52309
 0.323847 -0.246412  0.522905
0.324008 -0.24601 0.522728
  0.32418 -0.245608  0.522578
 0.324336 -0.245217  0.522408
  0.32449 -0.244829  0.522242
 0.324641 -0.244444  0.522078
 0.324791 -0.244044  0.521907
 0.324938 -0.243667  0.521748
 0.325085 -0.243279  0.521572
 0.325228 -0.242909  0.521422
 0.325369 -0.242542  0.521274
 0.325507 -0.242179   0.52113
0.325643 -0.24182 0.520988
 0.325777 -0.241464  0.520851
 0.325908 -0.241114  0.520713
 0.326037 -0.240768  0.520584
 0.326163 -0.240426   0.52045
 0.326287 -0.240091  0.520322
 0.326408 -0.239759  0.520198
 0.326527 -0.239432  0.520075
0.326644 -0.23911 0.519957
 0.326758 -0.238794  0.519838
 0.326871 -0.238481  0.519728
 0.326979 -0.238177  0.519612
 0.327095 -0.237875  0.519516
 0.327191 -0.237581  0.519395
 0.327293 -0.237293  0.519289
 0.327394 -0.237008  0.519187
 0.327491 -0.236729  0.519085
 0.327587 -0.236455  0.518988
  0.32768 -0.236189  0.518889
 0.327771 -0.235928  0.518793
  0.32786 -0.235669  0.518702
 0.327947 -0.235419   0.51861
 0.328032 -0.235174  0.518522
 0.328114 -0.234934  0.518434
 0.328196 -0.234697  0.518352
 0.328274 -0.234469  0.518267
 0.328353 -0.234242  0.518191
 0.328435 -0.234024  0.518119
0.328508 -0.23381 0.518042
0.328581  -0.2336 0.517968
 0.328651 -0.233398  0.517894
  0.32872 -0.233201  0.517824
 0.328788 -0.232991  0.517745
 0.328854 -0.232804   0.51768
 0.328918 -0.232621  0.517613
  0.32898 -0.232441  0.517542
0.329041 -0.23227 0.517482
   0.3291 -0.232104  0.517422
 0.329159 -0.231943  0.517366
 0.329215 -0.231787   0.51731
 0.329271 -0.231636  0.517259
 0.329325 -0.231491  0.517206
0.329378 -0.23135 0.517162
 0.329429 -0.231216  0.517111
 0.329479 -0.231086  0.517066
 0.329528 -0.230961  0.517024
0.329576 -0.23084 0.516983
 0.329623 -0.230724  0.516945
 0.329669 -0.230613  0.516906
 0.329714 -0.230504  0.516874
 0.329757 -0.230401  0.516837
   0.3298 -0.230302  0.516803
 0.329842 -0.230205  0.516772
 0.329889 -0.230113  0.516749
 0.329929 -0.230023   0.51672
 0.329969 -0.229936   0.51669
 0.330009 -0.229853  0.516663
 0.330046 -0.229771  0.516634
0.330085 -0.22969 0.516611
 0.330122 -0.229613  0.516581
 0.330158 -0.229537  0.516554
 0.330195 -0.229462  0.516529
  0.33023 -0.229378  0.516495
 0.330265 -0.229306  0.516472
 0.330299 -0.229237  0.516446
 0.330334 -0.229168  0.516424
 0.330365 -0.229106  0.516395
   0.3304 -0.229035  0.516373
 0.330433 -0.228971   0.51635
 0.330463 -0.228913  0.516324
 0.330495 -0.228852  0.516302
 0.330526 -0.228791  0.516279
 0.330557 -0.228733  0.516259
 0.330587 -0.228675  0.516236
0.330617 -0.22862 0.516214
 0.330647 -0.228566  0.516194
 0.330676 -0.228512  0.516173
 0.330705 -0.228461  0.516154
 0.330733 -0.228413  0.516133
 0.330761 -0.228363  0.516116
 0.330788 -0.228318  0.516095
 0.330816 -0.228274  0.516081
0.330842 -0.22823 0.516059
 0.330868 -0.228189   0.51604
 0.330897 -0.228152  0.516029
 0.330922 -0.228113  0.516011
 0.330947 -0.228078  0.515995
  0.33097 -0.228044  0.515976
0.330995 -0.22801 0.515963
0.331017 -0.22798 0.515943
  0.33104 -0.227951  0.515926
 0.331062 -0.227921  0.515911
 0.331084 -0.227884  0.515887
 0.331106 -0.227857  0.515872
 0.331127 -0.227833  0.515855
 0.331146 -0.227817  0.515841
 0.331166 -0.227794  0.515824
 0.331188 -0.227772  0.515813
 0.331206 -0.227754  0.515793
 0.331226 -0.227733  0.515778
 0.331247 -0.227715  0.515764
 0.331266 -0.227698  0.515749
 0.331286 -0.227679  0.515736
 0.331306 -0.227662   0.51572
 0.331326 -0.227645  0.515709
 0.331345 -0.227628  0.515693
 0.331368 -0.227615  0.515684
0.331389  -0.2276  0.51567
 0.331409 -0.227582  0.515656
 0.331429 -0.227566  0.515642
 0.331449 -0.227551  0.515627
  0.33147 -0.227533  0.515616
 0.331488 -0.227519  0.515601
 0.331509 -0.227503  0.515586
 0.331529 -0.227488  0.515572
 0.331549 -0.227471  0.515558
  0.33157 -0.227456  0.515544
 0.331591 -0.227429  0.515522
 0.331612 -0.227414  0.515509
 0.331631 -0.227401  0.515492
 0.331652 -0.227385  0.515482
0.331669 -0.22738 0.515463
0.331689 -0.22736 0.515448
  0.33171 -0.227347  0.515434
 0.331728 -0.227337  0.515418
 0.331745 -0.227334  0.515405
 0.331764 -0.227323  0.515389
 0.331783 -0.227315  0.515378
   0.3318 -0.227309   0.51536
 0.331821 -0.227303  0.515351
 0.331839 -0.227298  0.515337
 0.331856 -0.227293  0.515322
 0.331874 -0.227287  0.515309
 0.331891 -0.227283  0.515294
0.331908 -0.22728 0.515282
 0.331925 -0.227275  0.515266
 0.331943 -0.227272  0.515256
0.331959 -0.22727 0.515238
 0.331976 -0.227266  0.515223
 0.331993 -0.227264  0.515209
  0.33201 -0.227263  0.515194
 0.332027 -0.227259  0.515181
 0.332044 -0.227257  0.515165
 0.332062 -0.227255  0.515154
 0.332078 -0.227251  0.515137
0.332095 -0.22725 0.515121
 0.332113 -0.227247  0.515107
  0.33213 -0.227243  0.515092
 0.332148 -0.227241  0.515078
 0.332165 -0.227239  0.515062
 0.332184 -0.227234   0.51505
 0.332201 -0.227232  0.515033
 0.332219 -0.227229  0.515018
 0.332238 -0.227224  0.515004
 0.332256 -0.227222  0.514988
0.332274 -0.22722 0.514974
 0.332292 -0.227216  0.514959
 0.332311 -0.227213  0.514946
 0.332329 -0.227211   0.51493
 0.332348 -0.227207   0.51492
 0.332366 -0.227205  0.514901
 0.332383 -0.227204  0.514886
0.332402  -0.2272 0.514873
 0.33242  -0.2272 0.514857
 0.332439 -0.227198  0.514845
 0.332457 -0.227196  0.514829
 0.332475 -0.227195  0.514818
 0.332493 -0.227195    0.5148
 0.332511 -0.227193  0.514786
 0.332529 -0.227193  0.514772
 0.332547 -0.227194  0.514757
 0.332565 -0.227193  0.514744
 0.332582 -0.227194  0.514728
   0.3326 -0.227195  0.514717
 0.332618 -0.227195  0.514701
 0.332635 -0.227197  0.514686
 0.332653 -0.227199  0.514672
  0.33267 -0.227199  0.514658
 0.332688 -0.227202  0.514645
 0.332705 -0.227205   0.51463
 0.332723 -0.227205  0.514618
 0.332741 -0.227208  0.514601
0.332758 -0.22721 0.514592
 0.332776 -0.227212  0.514574
 0.332793 -0.227214  0.514559
 0.332811 -0.227217  0.514546
 0.332828 -0.227218  0.514532
0.332847 -0.22722 0.514519
 0.332864 -0.227223  0.514503
 0.332883 -0.227223  0.514493
   0.3329 -0.227226  0.514476
 0.332918 -0.227228  0.514462
 0.332937 -0.227229  0.514449
0.332955 -0.22723 0.514434
 0.332971 -0.227238  0.514422
  0.33299 -0.227239  0.514407
 0.333012 -0.227244  0.514399
  0.33303 -0.227235  0.514378
  0.33305 -0.227237  0.514368
 0.333067 -0.227239   0.51435
 0.333086 -0.227239  0.514337
0.333106 -0.22724 0.514323
 0.333124 -0.227242  0.514309
 0.333143 -0.227241  0.514297
 0.333162 -0.227243  0.514282
 0.333181 -0.227244  0.514271
 0.333199 -0.227243  0.514255
 0.333218 -0.227245  0.514241
 0.333237 -0.227246  0.514228
 0.333256 -0.227246  0.514214
 0.333275 -0.227247  0.514202
 0.333293 -0.227249  0.514187
 0.333312 -0.227248  0.514177
 0.333331 -0.227251   0.51416
 0.333349 -0.227252  0.514146
 0.333368 -0.227253  0.514134
 0.333387 -0.227255   0.51412
 0.333405 -0.227258  0.514108
0.333424 -0.22726 0.514094
 0.333443 -0.227262  0.514082
  0.33346 -0.227266  0.514067
 0.333478 -0.227273   0.51406
 0.333496 -0.227277  0.514042
 0.333514 -0.227281  0.514029
 0.333533 -0.227283  0.514017
 0.333551 -0.227286  0.514003
0.333569 -0.22729 0.513992
  0.33359 -0.227295  0.513982
 0.333609 -0.227299  0.513971
 0.333627 -0.227303  0.513956
