 0.269503 -0.328264  0.604075
  0.26905 -0.326483  0.607112
 0.269052 -0.326481  0.607109
 0.269059 -0.326474  0.607102
 0.269069 -0.326463  0.607089
 0.269084 -0.326447  0.607071
 0.269104 -0.326426  0.607049
 0.269127 -0.326401  0.607021
 0.269155 -0.326371  0.606988
 0.269187 -0.326337   0.60695
 0.269224 -0.326299  0.606907
 0.269265 -0.326255  0.606859
  0.26931 -0.326207  0.606806
 0.269359 -0.326155  0.606748
 0.269413 -0.326098  0.606685
 0.269471 -0.326037  0.606616
 0.269533 -0.325971  0.606543
  0.2696  -0.3259 0.606465
 0.269671 -0.325824  0.606381
 0.269746 -0.325745  0.606292
0.269826 -0.32566 0.606199
 0.269909 -0.325571    0.6061
 0.269997 -0.325478  0.605996
 0.27009 -0.32538 0.605887
 0.270186 -0.325278  0.605774
0.270287 -0.32517 0.605655
 0.270393 -0.325059  0.605531
 0.270502 -0.324943  0.605402
 0.270616 -0.324822  0.605268
 0.270734 -0.324697  0.605129
 0.270856 -0.324567  0.604985
 0.270983 -0.324432  0.604835
 0.271114 -0.324293  0.604681
0.271249 -0.32415 0.604522
 0.271394 -0.323996  0.604351
 0.271538 -0.323843  0.604181
 0.271687 -0.323685  0.604006
  0.27184 -0.323524  0.603826
 0.271997 -0.323357  0.603642
 0.272158 -0.323186  0.603452
 0.272323 -0.323011  0.603257
 0.272493 -0.322831  0.603057
 0.272667 -0.322646  0.602852
 0.272845 -0.322457  0.602642
 0.273028 -0.322263  0.602427
 0.273215 -0.322065  0.602207
 0.273406 -0.321862  0.601982
 0.273602 -0.321654  0.601751
 0.273802 -0.321442  0.601516
 0.274006 -0.321226  0.601276
 0.274214 -0.321005   0.60103
 0.274427 -0.320779  0.600779
 0.274685 -0.320505  0.600475
 0.274907 -0.320269  0.600214
 0.275134 -0.320029  0.599947
 0.275365 -0.319784  0.599675
   0.2756 -0.319535  0.599398
 0.275839 -0.319281  0.599117
 0.276083 -0.319023   0.59883
 0.27633 -0.31876 0.598538
 0.276583 -0.318492  0.598241
0.276839 -0.31822 0.597939
   0.2771 -0.317944  0.597632
 0.277365 -0.317662   0.59732
 0.277634 -0.317377  0.597002
 0.277908 -0.317086   0.59668
 0.278186 -0.316792  0.596353
 0.278468 -0.316492   0.59602
 0.278754 -0.316188  0.595683
0.279045 -0.31588 0.595341
  0.27934 -0.315567  0.594993
  0.27964 -0.315249   0.59464
 0.279943 -0.314927  0.594283
0.280251  -0.3146  0.59392
 0.280564 -0.314269  0.593552
  0.28088 -0.313933  0.593179
 0.281201 -0.313592  0.592801
 0.281527 -0.313247  0.592418
 0.281856 -0.312898   0.59203
  0.28219 -0.312544  0.591637
 0.282528 -0.312185  0.591239
  0.28287 -0.311822  0.590836
 0.283217 -0.311454  0.590427
 0.283567 -0.311083  0.590016
 0.283922 -0.310706  0.589597
 0.284282 -0.310324  0.589173
 0.284646 -0.309938  0.588744
 0.285015 -0.309547   0.58831
 0.285388 -0.309152  0.587871
 0.285764 -0.308752  0.587428
 0.286145 -0.308348  0.586979
 0.286531 -0.307939  0.586525
  0.28692 -0.307526  0.586066
 0.287314 -0.307108  0.585603
 0.287712 -0.306685  0.585133
 0.288115 -0.306258  0.584659
 0.288521 -0.305827   0.58418
 0.288933 -0.305391  0.583696
 0.289347 -0.304951  0.583208
 0.289767 -0.304506  0.582714
 0.290191 -0.304056  0.582214
 0.290618 -0.303603  0.581711
0.291045 -0.30315 0.581208
 0.291473 -0.302696  0.580705
   0.2919 -0.302243  0.580201
0.292327 -0.30179 0.579699
 0.292754 -0.301337  0.579196
 0.293181 -0.300884  0.578693
 0.293608 -0.300431   0.57819
 0.294035 -0.299978  0.577687
 0.294462 -0.299525  0.577184
 0.294889 -0.299072  0.576682
 0.295316 -0.298619  0.576179
 0.295743 -0.298166  0.575676
  0.29617 -0.297713  0.575173
 0.296597 -0.297261   0.57467
 0.297024 -0.296808  0.574167
 0.297451 -0.296354  0.573664
 0.297878 -0.295901  0.573161
 0.298305 -0.295448  0.572658
 0.298732 -0.294996  0.572156
 0.299159 -0.294542  0.571652
 0.299586 -0.294089  0.571149
 0.300014 -0.293636  0.570646
 0.300441 -0.293183  0.570143
0.300868 -0.29273  0.56964
 0.301294 -0.292277  0.569138
 0.301721 -0.291824  0.568635
 0.302149 -0.291371  0.568132
 0.302576 -0.290917  0.567628
 0.303003 -0.290465  0.567126
  0.30343 -0.290012  0.566623
 0.303857 -0.289559   0.56612
 0.304284 -0.289106  0.565617
  0.30471 -0.288653  0.565115
0.305137  -0.2882 0.564612
 0.305564 -0.287747  0.564109
 0.305991 -0.287295  0.563606
 0.306418 -0.286842  0.563103
 0.306845 -0.286389  0.562601
 0.307272 -0.285936  0.562098
 0.307699 -0.285483  0.561595
0.308126 -0.28503 0.561092
 0.308553 -0.284577  0.560589
  0.30898 -0.284124  0.560086
 0.309407 -0.283671  0.559583
 0.309834 -0.283218   0.55908
 0.310261 -0.282765  0.558578
 0.310688 -0.282312  0.558075
 0.311115 -0.281859  0.557572
 0.311542 -0.281406  0.557069
 0.311969 -0.280953  0.556566
0.312396  -0.2805 0.556064
 0.312823 -0.280047  0.555561
  0.31325 -0.279594  0.555058
 0.313677 -0.279142  0.554555
 0.314104 -0.278689  0.554052
 0.314531 -0.278236  0.553549
 0.314958 -0.277783  0.553046
0.315385 -0.27733 0.552544
 0.315812 -0.276876   0.55204
 0.316239 -0.276423  0.551537
0.316666 -0.27597 0.551034
 0.317093 -0.275517  0.550531
  0.31752 -0.275064  0.550028
 0.317947 -0.274611  0.549526
 0.318374 -0.274158  0.549023
 0.318802 -0.273705  0.548519
 0.319229 -0.273252  0.548016
 0.319656 -0.272799  0.547514
 0.320083 -0.272346  0.547011
  0.32051 -0.271893  0.546508
 0.320937 -0.271439  0.546005
 0.321364 -0.270987  0.545502
 0.321791 -0.270533  0.544998
 0.322218 -0.270081  0.544496
 0.322645 -0.269627  0.543993
 0.323072 -0.269175   0.54349
 0.323499 -0.268722  0.542987
 0.323926 -0.268269  0.542484
 0.324353 -0.267816  0.541981
  0.32478 -0.267363  0.541479
0.325207 -0.26691 0.540976
 0.325634 -0.266457  0.540473
 0.326061 -0.266003   0.53997
0.326489 -0.26555 0.539466
 0.326916 -0.265096  0.538963
 0.327344 -0.264643  0.538459
 0.32777 -0.26419 0.537957
 0.328197 -0.263737  0.537454
 0.328624 -0.263284  0.536951
 0.329051 -0.262832  0.536448
 0.329478 -0.262379  0.535946
 0.329905 -0.261926  0.535443
 0.330332 -0.261473   0.53494
0.330759 -0.26102 0.534437
 0.331186 -0.260567  0.533934
 0.331613 -0.260114  0.533431
  0.33204 -0.259661  0.532929
 0.332467 -0.259208  0.532426
 0.332894 -0.258755  0.531923
 0.333321 -0.258302   0.53142
 0.333748 -0.257849  0.530917
 0.334175 -0.257396  0.530414
 0.334602 -0.256943  0.529911
0.335029 -0.25649 0.529408
 0.335456 -0.256037  0.528905
 0.335884 -0.255584  0.528402
  0.33631 -0.255131  0.527899
 0.336738 -0.254677  0.527396
 0.337165 -0.254224  0.526893
 0.337592 -0.253771   0.52639
  0.33802 -0.253318  0.525886
 0.338447 -0.252865  0.525383
 0.338874 -0.252412  0.524881
 0.339298 -0.251962  0.524381
 0.339717 -0.251517  0.523887
 0.340133 -0.251076  0.523398
0.340544 -0.25064 0.522913
 0.340951 -0.250208  0.522434
 0.341353 -0.249781   0.52196
 0.341751 -0.249359  0.521491
 0.342145 -0.248941  0.521028
 0.342535 -0.248528  0.520569
  0.34292 -0.248119  0.520115
 0.343301 -0.247714  0.519666
 0.343678 -0.247315  0.519222
 0.34405 -0.24692 0.518784
0.344418 -0.24653 0.518351
 0.344782 -0.246144  0.517923
 0.345141 -0.245763  0.517499
 0.345496 -0.245386  0.517081
 0.345847 -0.245014  0.516668
 0.346195 -0.244645  0.516258
 0.346537 -0.244282  0.515856
 0.346875 -0.243924  0.515458
0.347208 -0.24357 0.515065
 0.347538 -0.243221  0.514677
 0.347862 -0.242876  0.514294
 0.348183 -0.242536  0.513917
  0.3485  -0.2422 0.513543
 0.348812 -0.241868  0.513176
  0.34912 -0.241542  0.512813
0.349424 -0.24122 0.512456
 0.349723 -0.240902  0.512103
 0.350018 -0.240589  0.511756
 0.350309 -0.240281  0.511413
 0.350595 -0.239977  0.511076
 0.350878 -0.239677  0.510744
 0.351156 -0.239383  0.510416
 0.351429 -0.239092  0.510094
 0.351698 -0.238807  0.509777
 0.351963 -0.238526  0.509465
 0.352222 -0.238251   0.50916
 0.352479 -0.237979  0.508858
 0.352731 -0.237711  0.508561
 0.352979 -0.237449  0.508269
0.353222 -0.23719 0.507982
 0.353461 -0.236937  0.507701
 0.353696 -0.236688  0.507424
 0.353926 -0.236443  0.507153
 0.354152 -0.236204  0.506887
 0.354374 -0.235968  0.506626
 0.354592 -0.235737  0.506369
 0.354805 -0.235511  0.506118
 0.355014 -0.235289  0.505872
 0.355219 -0.235072  0.505631
 0.355419 -0.234859  0.505395
 0.355616 -0.234651  0.505163
 0.355808 -0.234447  0.504937
 0.355995 -0.234249  0.504717
 0.356178 -0.234054  0.504501
 0.356357 -0.233864   0.50429
 0.356532 -0.233679  0.504084
 0.356703 -0.233498  0.503883
 0.356869 -0.233322  0.503688
 0.35703 -0.23315 0.503497
 0.357188 -0.232983  0.503311
0.357342 -0.23282  0.50313
 0.357491 -0.232662  0.502955
 0.357636 -0.232508  0.502784
 0.357776 -0.232359  0.502619
 0.357912 -0.232215  0.502459
 0.358044 -0.232075  0.502304
0.358171 -0.23194 0.502154
 0.358294 -0.231809  0.502009
 0.358413 -0.231683  0.501869
 0.358528 -0.231562  0.501734
 0.358638 -0.231445  0.501604
 0.358744 -0.231332  0.501479
 0.358846 -0.231224  0.501359
 0.358943 -0.231121  0.501245
 0.359036 -0.231022  0.501135
 0.359125 -0.230928   0.50103
  0.35921 -0.230838  0.500931
  0.35929 -0.230753  0.500836
 0.359366 -0.230673  0.500747
 0.359438 -0.230597  0.500662
 0.359505 -0.230525  0.500583
 0.359568 -0.230458  0.500509
 0.359627 -0.230396  0.500439
 0.359681 -0.230338  0.500375
 0.359732 -0.230285  0.500316
 0.359777 -0.230236  0.500262
 0.359819 -0.230192  0.500213
 0.359856 -0.230153  0.500169
 0.359889 -0.230118   0.50013
 0.359918 -0.230087  0.500097
 0.359942 -0.230061  0.500068
0.359962 -0.23004 0.500044
 0.359978 -0.230023  0.500026
  0.35999 -0.230011  0.500012
 0.359997 -0.230003  0.500004
 0.36 -0.23   0.5
 0.36 -0.23   0.5
 0.36 -0.23   0.5
 0.36 -0.23   0.5
 0.36 -0.23   0.5
 0.36 -0.23   0.5
 0.36 -0.23   0.5
 0.36 -0.23   0.5
 0.36 -0.23   0.5
 0.36 -0.23   0.5
 0.36 -0.23   0.5
 0.36 -0.23   0.5
 0.36 -0.23   0.5
 0.36 -0.23   0.5
 0.36 -0.23   0.5
 0.36 -0.23   0.5
 0.36 -0.23   0.5
 0.36 -0.23   0.5
 0.36 -0.23   0.5
 0.36 -0.23   0.5
 0.36 -0.23   0.5
 0.36 -0.23   0.5
 0.36 -0.23   0.5
 0.36 -0.23   0.5
 0.36 -0.23   0.5
 0.36 -0.23   0.5
 0.36 -0.23   0.5
 0.36 -0.23   0.5
 0.36 -0.23   0.5
 0.36 -0.23   0.5
 0.36 -0.23   0.5
 0.36 -0.23   0.5
 0.36 -0.23   0.5
 0.36 -0.23   0.5
 0.36 -0.23   0.5
 0.36 -0.23   0.5
 0.36 -0.23   0.5
 0.36 -0.23   0.5
 0.36 -0.23   0.5
 0.36 -0.23   0.5
 0.36 -0.23   0.5
 0.36 -0.23   0.5
 0.36 -0.23   0.5
 0.36 -0.23   0.5
 0.36 -0.23   0.5
 0.36 -0.23   0.5
 0.36 -0.23   0.5
 0.36 -0.23   0.5
 0.36 -0.23   0.5
 0.36 -0.23   0.5
 0.36 -0.23   0.5
 0.36 -0.23   0.5
 0.36 -0.23   0.5
 0.36 -0.23   0.5
 0.36 -0.23   0.5
 0.36 -0.23   0.5
 0.36 -0.23   0.5
 0.36 -0.23   0.5
 0.36 -0.23   0.5
 0.36 -0.23   0.5
 0.36 -0.23   0.5
 0.36 -0.23   0.5
 0.36 -0.23   0.5
 0.36 -0.23   0.5
 0.36 -0.23   0.5
 0.36 -0.23   0.5
 0.36 -0.23   0.5
 0.36 -0.23   0.5
 0.36 -0.23   0.5
 0.36 -0.23   0.5
 0.36 -0.23   0.5
 0.36 -0.23   0.5
 0.36 -0.23   0.5
 0.36 -0.23   0.5
 0.36 -0.23   0.5
 0.36 -0.23   0.5
 0.36 -0.23   0.5
 0.36 -0.23   0.5
 0.36 -0.23   0.5
 0.36 -0.23   0.5
 0.36 -0.23   0.5
 0.36 -0.23   0.5
 0.36 -0.23   0.5
 0.36 -0.23   0.5
 0.36 -0.23   0.5
 0.36 -0.23   0.5
 0.36 -0.23   0.5
 0.36 -0.23   0.5
 0.36 -0.23   0.5
 0.36 -0.23   0.5
 0.36 -0.23   0.5
 0.36 -0.23   0.5
 0.36 -0.23   0.5
 0.36 -0.23   0.5
 0.36 -0.23   0.5
 0.36 -0.23   0.5
 0.36 -0.23   0.5
 0.36 -0.23   0.5
 0.36 -0.23   0.5
 0.36 -0.23   0.5
 0.36 -0.23   0.5
 0.36 -0.23   0.5
 0.36 -0.23   0.5
 0.36 -0.23   0.5
 0.36 -0.23   0.5
 0.36 -0.23   0.5
 0.36 -0.23   0.5
 0.36 -0.23   0.5
 0.36 -0.23   0.5
 0.36 -0.23   0.5
 0.36 -0.23   0.5
 0.36 -0.23   0.5
 0.36 -0.23   0.5
 0.36 -0.23   0.5
 0.36 -0.23   0.5
 0.36 -0.23   0.5
 0.36 -0.23   0.5
 0.36 -0.23   0.5
 0.36 -0.23   0.5
 0.36 -0.23   0.5
 0.36 -0.23   0.5
 0.36 -0.23   0.5
 0.36 -0.23   0.5
 0.36 -0.23   0.5
 0.36 -0.23   0.5
 0.36 -0.23   0.5
 0.36 -0.23   0.5
 0.36 -0.23   0.5
 0.36 -0.23   0.5
 0.36 -0.23   0.5
 0.36 -0.23   0.5
 0.36 -0.23   0.5
 0.36 -0.23   0.5
 0.36 -0.23   0.5
 0.36 -0.23   0.5
 0.36 -0.23   0.5
 0.36 -0.23   0.5
 0.36 -0.23   0.5
 0.36 -0.23   0.5
 0.36 -0.23   0.5
 0.36 -0.23   0.5
 0.36 -0.23   0.5
 0.36 -0.23   0.5
 0.36 -0.23   0.5
 0.36 -0.23   0.5
 0.36 -0.23   0.5
 0.36 -0.23   0.5
 0.36 -0.23   0.5
 0.36 -0.23   0.5
 0.36 -0.23   0.5
 0.36 -0.23   0.5
 0.36 -0.23   0.5
 0.36 -0.23   0.5
 0.36 -0.23   0.5
 0.36 -0.23   0.5
 0.36 -0.23   0.5
 0.36 -0.23   0.5
 0.36 -0.23   0.5
 0.36 -0.23   0.5
 0.36 -0.23   0.5
 0.36 -0.23   0.5
 0.36 -0.23   0.5
 0.36 -0.23   0.5
 0.36 -0.23   0.5
 0.36 -0.23   0.5
 0.36 -0.23   0.5
 0.36 -0.23   0.5
 0.36 -0.23   0.5
 0.36 -0.23   0.5
 0.36 -0.23   0.5
 0.36 -0.23   0.5
 0.36 -0.23   0.5
 0.36 -0.23   0.5
 0.36 -0.23   0.5
 0.36 -0.23   0.5
 0.36 -0.23   0.5
 0.36 -0.23   0.5
 0.36 -0.23   0.5
 0.36 -0.23   0.5
 0.36 -0.23   0.5
 0.36 -0.23   0.5
 0.36 -0.23   0.5
 0.36 -0.23   0.5
 0.36 -0.23   0.5
 0.36 -0.23   0.5
 0.36 -0.23   0.5
 0.36 -0.23   0.5
 0.36 -0.23   0.5
 0.36 -0.23   0.5
 0.36 -0.23   0.5
 0.36 -0.23   0.5
 0.36 -0.23   0.5
 0.36 -0.23   0.5
 0.36 -0.23   0.5
 0.36 -0.23   0.5
