6.91414e-06
0.0095818
0.0196369
0.0296919
0.039748
0.0498519
0.059907
0.069962
0.080019
0.0900738
0.100107
0.110162
0.120217
0.130273
0.140329
0.150383
0.16044
0.170499
0.180556
0.190611
0.200678
0.210734
0.220805
0.230889
0.240944
0.250999
0.261054
0.271108
0.281162
0.291217
0.301272
0.311329
0.321385
0.331447
0.341506
0.351562
0.361619
0.371676
0.381733
0.391789
0.401846
0.411903
0.421959
0.432044
0.44218
0.45225
0.462275
0.472331
0.482389
0.492446
0.502504
0.512644
0.5227
0.532756
0.542813
0.552871
0.562927
0.572982
0.583039
0.593096
0.60315
0.613205
0.623259
0.633317
0.643375
0.653431
0.663486
0.673542
0.683598
0.693654
0.703711
0.713768
0.723825
0.73388
0.743934
0.753991
0.764047
0.774102
0.784158
0.794214
0.804272
0.814329
0.824385
0.834441
0.844497
0.854552
0.864608
0.874663
0.884718
0.894773
0.904829
0.914884
0.924939
0.934994
0.945049
0.955103
0.965161
0.975216
0.98527
0.995325
1.00538
1.01543
1.02549
1.03555
1.04559
1.05565
1.0657
1.07576
1.08581
1.09587
1.10592
1.11598
1.12603
1.1361
1.14617
1.15622
1.16628
1.17634
1.18639
1.19644
1.2065
1.21655
1.22661
1.23666
1.24672
1.25677
1.26683
1.27688
1.28694
1.29699
1.30705
1.31711
1.32716
1.33722
1.34727
1.35733
1.36738
1.37744
1.38749
1.39755
1.4076
1.41766
1.42771
1.43777
1.44782
1.45789
1.46794
1.478
1.48805
1.49811
1.50816
1.51822
1.52828
1.53834
1.5484
1.55845
1.56851
1.57857
1.58863
1.59869
1.60874
1.6188
1.62885
1.63891
1.64897
1.65902
1.66908
1.67913
1.68919
1.69925
1.7093
1.71936
1.72941
1.73947
1.74953
1.75958
1.76964
1.77969
1.78975
1.7998
1.80986
1.81991
1.82997
1.84003
1.85008
1.86014
1.87019
1.88025
1.8903
1.90036
1.91041
1.92047
1.93052
1.94058
1.95063
1.96069
1.97075
1.9808
1.99086
2.00091
2.01097
2.02102
2.03108
2.04113
2.05119
2.06125
2.0713
2.08136
2.09141
2.10147
2.11152
2.12158
2.13164
2.14169
2.15175
2.16181
2.17186
2.18192
2.19197
2.20203
2.21208
2.22214
2.23219
2.24225
2.25231
2.26237
2.27242
2.28248
2.29253
2.30259
2.31264
2.3227
2.33275
2.34281
2.35286
2.36292
2.37298
2.38303
2.39309
2.40314
2.41319
2.42325
2.4333
2.44336
2.45341
2.46347
2.47352
2.48358
2.49364
2.50369
2.51375
2.5238
2.53386
2.54391
2.55397
2.56402
2.57408
2.58413
2.59419
2.60424
2.61427
2.62433
2.63439
2.64445
2.65452
2.66458
2.67464
2.68469
2.69475
2.7048
2.71487
2.72492
2.73499
2.74504
2.7551
2.76515
2.77521
2.78526
2.79532
2.80537
2.81543
2.82548
2.83554
2.84559
2.85565
2.86571
2.87576
2.88584
2.89589
2.90595
2.91597
2.92603
2.93609
2.94614
2.9562
2.96627
2.97633
2.98638
2.99644
3.00649
3.01655
3.0266
3.03666
3.04673
3.05679
3.06685
3.07691
3.08696
3.09705
3.1071
3.11716
3.12721
3.13728
3.14734
3.15739
3.16745
3.1775
3.18756
3.19761
3.20768
3.21773
3.22779
3.23784
3.2479
3.25795
3.26801
3.27806
3.28812
3.29818
3.30823
3.31829
3.32834
3.3384
3.34845
3.35851
3.36858
3.37864
3.38871
3.39877
3.40882
3.41888
3.42894
3.43899
3.44905
3.4591
3.46916
3.47921
3.48927
3.49933
3.50938
3.51944
3.52951
3.53956
3.54961
3.55967
3.56973
3.57977
3.58983
3.59989
3.60999
3.62005
3.6301
3.64021
3.65023
3.66029
3.67034
3.6804
3.69045
3.70051
3.71056
3.72062
3.73068
3.74073
3.75079
3.76085
3.7709
3.78096
3.79101
3.80112
3.81114
3.8212
3.83126
3.84132
3.85137
3.86143
3.87148
3.88154
3.8916
3.90165
3.91171
3.9218
3.93186
3.94191
3.95197
3.96203
3.9721
3.98214
3.9922
4.00227
4.01233
4.0224
4.03246
4.04252
4.05264
4.0627
4.07276
4.08281
4.09287
4.10297
4.11303
4.12309
4.13314
4.14319
4.15323
4.16328
4.17334
4.1834
4.1935
4.20355
4.21361
4.22366
4.23373
4.24375
4.25381
4.2639
4.27394
4.28399
4.2941
4.30427
4.31434
4.32439
4.33445
4.3445
4.35456
4.36462
4.37469
4.38474
4.39481
4.40493
4.41492
4.42499
4.43507
4.44513
4.45521
4.46524
4.4753
4.4854
4.49546
4.50551
4.51557
4.52562
4.5357
4.54575
4.55581
4.5659
4.57595
4.58601
4.59607
4.60613
4.61618
4.62624
4.63629
4.64637
4.65642
4.66648
4.67654
4.68659
4.69665
4.7067
4.71676
4.72681
4.73687
4.74694
4.75703
4.76709
4.77714
4.7872
4.79725
4.80732
4.81738
4.82743
4.83748
4.84754
4.85759
4.86765
4.8777
4.88776
4.89781
4.90787
4.91792
4.92798
4.93804
4.94809
4.95815
4.96821
4.97826
4.98832
4.99841
5.00847
5.01853
5.02859
5.03864
5.04873
5.05879
5.06886
5.07894
5.08899
5.09905
