0.0167099 -0.105385  0.508511
0.0167099 -0.105385  0.508511
0.0167113 -0.105385  0.508509
0.0167153 -0.105386  0.508501
0.0167219 -0.105386  0.508488
0.0167313 -0.105387  0.508471
0.0167433 -0.105388  0.508448
 0.016758 -0.105389   0.50842
0.0167753  -0.10539  0.508387
0.0167954 -0.105391  0.508349
 0.016818 -0.105393  0.508306
0.0168434 -0.105395  0.508258
0.0168714 -0.105397  0.508205
0.0169021 -0.105399  0.508147
0.0169355 -0.105402  0.508084
0.0169715 -0.105404  0.508015
0.0170102 -0.105407  0.507942
0.0170516  -0.10541  0.507864
0.0170956 -0.105414   0.50778
0.0171423 -0.105417  0.507692
0.0171916 -0.105421  0.507598
0.0172437 -0.105425    0.5075
0.0172984 -0.105429  0.507396
0.0173558 -0.105433  0.507287
0.0174158 -0.105437  0.507173
0.0174785 -0.105442  0.507055
0.0175439 -0.105447  0.506931
 0.017612 -0.105452  0.506802
0.0176827 -0.105457  0.506668
0.0177561 -0.105462  0.506529
0.0178321 -0.105468  0.506384
0.0179109 -0.105474  0.506235
0.0179923  -0.10548  0.506081
0.0180763 -0.105486  0.505922
 0.018163 -0.105492  0.505757
0.0182524 -0.105499  0.505588
0.0183445 -0.105506  0.505414
0.0184392 -0.105513  0.505234
0.0185366  -0.10552  0.505049
0.0186367 -0.105527   0.50486
0.0187394 -0.105535  0.504665
0.0188448 -0.105543  0.504465
0.0189529 -0.105551   0.50426
0.0190637 -0.105559  0.504051
0.0191771 -0.105567  0.503836
0.0192932 -0.105576  0.503616
 0.019412 -0.105585   0.50339
0.0195334 -0.105594   0.50316
0.0197842 -0.105612  0.502685
0.0197842 -0.105612  0.502685
0.0199136 -0.105622   0.50244
0.0200458 -0.105632  0.502189
0.0203179 -0.105652  0.501674
0.0203179 -0.105652  0.501674
0.0206007 -0.105673  0.501138
0.0207462 -0.105683  0.500862
0.0208944 -0.105694  0.500581
0.0210452 -0.105705  0.500295
0.0211986 -0.105717  0.500005
0.0213547 -0.105728  0.499709
0.0215135  -0.10574  0.499408
0.0215135  -0.10574  0.499408
 0.021675 -0.105752  0.499102
0.0218391 -0.105764  0.498791
0.0220059 -0.105776  0.498475
0.0223477 -0.105802  0.497827
0.0223477 -0.105802  0.497827
0.0226999 -0.105828   0.49716
0.0226999 -0.105828   0.49716
0.0228797 -0.105841  0.496819
0.0230625 -0.105855  0.496472
0.0234362 -0.105882  0.495764
 0.023627 -0.105896  0.495403
0.0238205 -0.105911  0.495036
0.0238205 -0.105911  0.495036
0.0240166 -0.105925  0.494664
 0.024417 -0.105955  0.493905
0.0246211  -0.10597  0.493519
 0.024828 -0.105985  0.493127
0.0250377 -0.106001  0.492729
0.0252499 -0.106016  0.492327
0.0252499 -0.106016  0.492327
0.0256824 -0.106048  0.491507
0.0259027 -0.106064   0.49109
0.0259027 -0.106064   0.49109
0.0261258 -0.106081  0.490667
0.0265795 -0.106114  0.489807
0.0268103 -0.106132   0.48937
0.0270439 -0.106149  0.488927
  0.02728 -0.106166   0.48848
 0.027519 -0.106184  0.488027
0.0277605 -0.106202  0.487569
0.0280046  -0.10622  0.487107
0.0282517 -0.106238  0.486638
0.0285015 -0.106257  0.486165
0.0287536 -0.106275  0.485687
0.0290084 -0.106294  0.485204
 0.029266 -0.106313  0.484716
0.0295264 -0.106332  0.484223
0.0297893 -0.106352  0.483725
0.0300543 -0.106371  0.483222
0.0303196 -0.106391  0.482719
0.0305849  -0.10641  0.482217
0.0308502  -0.10643  0.481714
0.0311155  -0.10645  0.481211
0.0313812 -0.106469  0.480708
0.0316468 -0.106489  0.480204
0.0319121 -0.106509  0.479702
0.0321771 -0.106528  0.479199
0.0324406 -0.106548    0.4787
0.0327014 -0.106567  0.478206
0.0329586 -0.106586  0.477718
0.0332138 -0.106605  0.477235
0.0334668 -0.106623  0.476755
0.0337172 -0.106642  0.476281
0.0339647  -0.10666  0.475812
0.0342084 -0.106678   0.47535
0.0344512 -0.106696   0.47489
0.0346906 -0.106714  0.474436
0.0349278 -0.106731  0.473986
0.0351624 -0.106749  0.473542
0.0353942 -0.106766  0.473103
0.0356234 -0.106783  0.472668
0.0358496   -0.1068   0.47224
0.0360734 -0.106816  0.471815
0.0362942 -0.106832  0.471397
0.0365127 -0.106849  0.470983
0.0367284 -0.106864  0.470574
0.0369416  -0.10688   0.47017
0.0371522 -0.106896  0.469771
0.0373596 -0.106911  0.469378
0.0375644 -0.106926   0.46899
0.0377665 -0.106941  0.468607
0.0379659 -0.106956  0.468229
0.0381626  -0.10697  0.467856
0.0383567 -0.106985  0.467488
0.0385481 -0.106999  0.467126
0.0387371 -0.107013  0.466767
0.0389235 -0.107027  0.466414
0.0391072  -0.10704  0.466066
0.0392879 -0.107054  0.465724
0.0394663 -0.107067  0.465386
0.0396417  -0.10708  0.465053
0.0398147 -0.107093  0.464725
0.0399849 -0.107105  0.464403
0.0401524 -0.107118  0.464085
0.0403173  -0.10713  0.463773
0.0404794 -0.107142  0.463466
0.0406387 -0.107153  0.463164
0.0407955 -0.107165  0.462867
0.0409496 -0.107176  0.462574
0.0411006 -0.107188  0.462288
0.0412493 -0.107199  0.462007
0.0413954 -0.107209   0.46173
0.0415387  -0.10722  0.461458
0.0416794  -0.10723  0.461191
0.0418175 -0.107241   0.46093
 0.041953 -0.107251  0.460673
0.0420858  -0.10726  0.460421
0.042216 -0.10727 0.460175
0.0423434 -0.107279  0.459933
 0.042468 -0.107289  0.459697
0.0425901 -0.107298  0.459466
0.0427094 -0.107306   0.45924
0.0428261 -0.107315  0.459018
0.0429401 -0.107324  0.458802
0.0430516 -0.107332  0.458591
0.0431603  -0.10734  0.458385
0.0432663 -0.107348  0.458184
0.0433696 -0.107355  0.457988
0.0434703 -0.107363  0.457798
0.0435683  -0.10737  0.457612
0.0436636 -0.107377  0.457431
0.0437563 -0.107384  0.457256
0.0438463 -0.107391  0.457085
0.0439336 -0.107397   0.45692
0.0440183 -0.107403  0.456759
0.0441003 -0.107409  0.456604
0.0441796 -0.107415  0.456453
0.0442563 -0.107421  0.456308
0.0443303 -0.107426  0.456168
0.0444016 -0.107432  0.456033
0.0444703 -0.107437  0.455903
0.0445363 -0.107441  0.455777
0.0445996 -0.107446  0.455657
0.0446602 -0.107451  0.455543
0.0447183 -0.107455  0.455433
0.0447736 -0.107459  0.455328
0.0448262 -0.107463  0.455228
0.0448762 -0.107467  0.455133
0.0449235  -0.10747  0.455044
0.0449682 -0.107473  0.454959
0.0450101 -0.107477  0.454879
0.0450494 -0.107479  0.454805
 0.045086 -0.107482  0.454736
  0.04512 -0.107485  0.454671
0.0451513 -0.107487  0.454612
0.0451799 -0.107489  0.454558
0.0452059 -0.107491  0.454509
0.0452291 -0.107493  0.454464
0.0452498 -0.107494  0.454425
0.0452677 -0.107496  0.454391
 0.045283 -0.107497  0.454362
0.0452957 -0.107498  0.454338
0.0453056 -0.107498   0.45432
0.0453129 -0.107499  0.454306
0.0453175 -0.107499  0.454297
0.0453194 -0.107499  0.454293
0.0453195 -0.107499  0.454293
0.0453195 -0.107499  0.454293
0.0453195 -0.107499  0.454293
0.0453195 -0.107499  0.454293
0.0453195 -0.107499  0.454293
0.0453195 -0.107499  0.454293
0.0453195 -0.107499  0.454293
0.0453195 -0.107499  0.454293
0.0453195 -0.107499  0.454293
0.0453195 -0.107499  0.454293
0.0453195 -0.107499  0.454293
0.0453195 -0.107499  0.454293
0.0453195 -0.107499  0.454293
0.0453195 -0.107499  0.454293
0.0453195 -0.107499  0.454293
0.0453195 -0.107499  0.454293
0.0453195 -0.107499  0.454293
0.0453195 -0.107499  0.454293
0.0453195 -0.107499  0.454293
0.0453195 -0.107499  0.454293
0.0453195 -0.107499  0.454293
0.0453195 -0.107499  0.454293
0.0453195 -0.107499  0.454293
0.0453195 -0.107499  0.454293
0.0453195 -0.107499  0.454293
0.0453195 -0.107499  0.454293
0.0453195 -0.107499  0.454293
0.0453195 -0.107499  0.454293
0.0453195 -0.107499  0.454293
0.0453195 -0.107499  0.454293
0.0453195 -0.107499  0.454293
0.0453195 -0.107499  0.454293
0.0453195 -0.107499  0.454293
0.0453195 -0.107499  0.454293
0.0453195 -0.107499  0.454293
0.0453195 -0.107499  0.454293
0.0453195 -0.107499  0.454293
0.0453195 -0.107499  0.454293
0.0453195 -0.107499  0.454293
0.0453195 -0.107499  0.454293
0.0453195 -0.107499  0.454293
0.0453195 -0.107499  0.454293
0.0453195 -0.107499  0.454293
0.0453195 -0.107499  0.454293
0.0453195 -0.107499  0.454293
0.0453195 -0.107499  0.454293
0.0453195 -0.107499  0.454293
0.0453195 -0.107499  0.454293
0.0453195 -0.107499  0.454293
0.0453195 -0.107499  0.454293
0.0453195 -0.107499  0.454293
0.0453195 -0.107499  0.454293
0.0453195 -0.107499  0.454293
0.0453195 -0.107499  0.454293
0.0453195 -0.107499  0.454293
0.0453195 -0.107499  0.454293
0.0453195 -0.107499  0.454293
0.0453195 -0.107499  0.454293
0.0453195 -0.107499  0.454293
0.0453195 -0.107499  0.454293
0.0453195 -0.107499  0.454293
0.0453195 -0.107499  0.454293
0.0453195 -0.107499  0.454293
0.0453195 -0.107499  0.454293
0.0453195 -0.107499  0.454293
0.0453195 -0.107499  0.454293
0.0453195 -0.107499  0.454293
0.0453195 -0.107499  0.454293
0.0453195 -0.107499  0.454293
0.0453195 -0.107499  0.454293
0.0453195 -0.107499  0.454293
0.0453195 -0.107499  0.454293
0.0453195 -0.107499  0.454293
0.0453195 -0.107499  0.454293
0.0453195 -0.107499  0.454293
0.0453195 -0.107499  0.454293
0.0453195 -0.107499  0.454293
0.0453195 -0.107499  0.454293
0.0453195 -0.107499  0.454293
0.0453195 -0.107499  0.454293
0.0453195 -0.107499  0.454293
0.0453195 -0.107499  0.454293
0.0453195 -0.107499  0.454293
0.0453195 -0.107499  0.454293
0.0453195 -0.107499  0.454293
0.0453195 -0.107499  0.454293
0.0453195 -0.107499  0.454293
0.0453195 -0.107499  0.454293
0.0453195 -0.107499  0.454293
0.0453195 -0.107499  0.454293
0.0453195 -0.107499  0.454293
0.0453195 -0.107499  0.454293
0.0453195 -0.107499  0.454293
0.0453195 -0.107499  0.454293
0.0453195 -0.107499  0.454293
0.0453195 -0.107499  0.454293
0.0453195 -0.107499  0.454293
0.0453195 -0.107499  0.454293
0.0453195 -0.107499  0.454293
0.0453195 -0.107499  0.454293
0.0453195 -0.107499  0.454293
0.0453195 -0.107499  0.454293
0.0453195 -0.107499  0.454293
0.0453195 -0.107499  0.454293
0.0453195 -0.107499  0.454293
0.0453195 -0.107499  0.454293
0.0453195 -0.107499  0.454293
0.0453195 -0.107499  0.454293
0.0453195 -0.107499  0.454293
0.0453195 -0.107499  0.454293
0.0453195 -0.107499  0.454293
0.0453195 -0.107499  0.454293
0.0453195 -0.107499  0.454293
0.0453195 -0.107499  0.454293
0.0453195 -0.107499  0.454293
0.0453195 -0.107499  0.454293
0.0453195 -0.107499  0.454293
0.0453195 -0.107499  0.454293
0.0453195 -0.107499  0.454293
0.0453195 -0.107499  0.454293
0.0453195 -0.107499  0.454293
0.0453195 -0.107499  0.454293
0.0453195 -0.107499  0.454293
0.0453195 -0.107499  0.454293
0.0453195 -0.107499  0.454293
0.0453195 -0.107499  0.454293
0.0453195 -0.107499  0.454293
0.0453195 -0.107499  0.454293
0.0453195 -0.107499  0.454293
0.0453195 -0.107499  0.454293
0.0453195 -0.107499  0.454293
0.0453195 -0.107499  0.454293
0.0453195 -0.107499  0.454293
0.0453195 -0.107499  0.454293
0.0453195 -0.107499  0.454293
0.0453195 -0.107499  0.454293
0.0453195 -0.107499  0.454293
0.0453195 -0.107499  0.454293
0.0453195 -0.107499  0.454293
0.0453195 -0.107499  0.454293
0.0453195 -0.107499  0.454293
0.0453195 -0.107499  0.454293
0.0453195 -0.107499  0.454293
0.0453195 -0.107499  0.454293
0.0453195 -0.107499  0.454293
0.0453195 -0.107499  0.454293
0.0453195 -0.107499  0.454293
0.0453195 -0.107499  0.454293
0.0453195 -0.107499  0.454293
0.0453195 -0.107499  0.454293
0.0453195 -0.107499  0.454293
0.0453195 -0.107499  0.454293
0.0453195 -0.107499  0.454293
0.0453195 -0.107499  0.454293
0.0453195 -0.107499  0.454293
0.0453195 -0.107499  0.454293
0.0453195 -0.107499  0.454293
0.0453195 -0.107499  0.454293
0.0453195 -0.107499  0.454293
0.0453195 -0.107499  0.454293
0.0453195 -0.107499  0.454293
0.0453195 -0.107499  0.454293
0.0453195 -0.107499  0.454293
0.0453195 -0.107499  0.454293
0.0453195 -0.107499  0.454293
0.0453195 -0.107499  0.454293
0.0453195 -0.107499  0.454293
0.0453195 -0.107499  0.454293
0.0453195 -0.107499  0.454293
0.0453195 -0.107499  0.454293
0.0453195 -0.107499  0.454293
0.0453195 -0.107499  0.454293
0.0453195 -0.107499  0.454293
0.0453195 -0.107499  0.454293
0.0453195 -0.107499  0.454293
0.0453195 -0.107499  0.454293
0.0453195 -0.107499  0.454293
0.0453195 -0.107499  0.454293
0.0453195 -0.107499  0.454293
0.0453195 -0.107499  0.454293
0.0453195 -0.107499  0.454293
0.0453195 -0.107499  0.454293
0.0453195 -0.107499  0.454293
0.0453195 -0.107499  0.454293
0.0453195 -0.107499  0.454293
0.0453195 -0.107499  0.454293
0.0453195 -0.107499  0.454293
0.0453195 -0.107499  0.454293
0.0453195 -0.107499  0.454293
0.0453195 -0.107499  0.454293
0.0453195 -0.107499  0.454293
0.0453195 -0.107499  0.454293
0.0453195 -0.107499  0.454293
0.0453195 -0.107499  0.454293
0.0453195 -0.107499  0.454293
0.0453195 -0.107499  0.454293
0.0453195 -0.107499  0.454293
0.0453195 -0.107499  0.454293
0.0453195 -0.107499  0.454293
0.0453195 -0.107499  0.454293
0.0453195 -0.107499  0.454293
0.0453195 -0.107499  0.454293
0.0453195 -0.107499  0.454293
0.0453195 -0.107499  0.454293
0.0453195 -0.107499  0.454293
0.0453195 -0.107499  0.454293
0.0453195 -0.107499  0.454293
0.0453195 -0.107499  0.454293
0.0453195 -0.107499  0.454293
0.0453195 -0.107499  0.454293
0.0453195 -0.107499  0.454293
0.0453195 -0.107499  0.454293
0.0453195 -0.107499  0.454293
0.0453195 -0.107499  0.454293
0.0453195 -0.107499  0.454293
0.0453195 -0.107499  0.454293
0.0453195 -0.107499  0.454293
0.0453195 -0.107499  0.454293
0.0453195 -0.107499  0.454293
0.0453195 -0.107499  0.454293
0.0453195 -0.107499  0.454293
0.0453195 -0.107499  0.454293
0.0453195 -0.107499  0.454293
0.0453195 -0.107499  0.454293
0.0453195 -0.107499  0.454293
0.0453195 -0.107499  0.454293
0.0453195 -0.107499  0.454293
0.0453195 -0.107499  0.454293
0.0453195 -0.107499  0.454293
0.0453195 -0.107499  0.454293
0.0453195 -0.107499  0.454293
0.0453195 -0.107499  0.454293
0.0453195 -0.107499  0.454293
0.0453195 -0.107499  0.454293
0.0453195 -0.107499  0.454293
0.0453195 -0.107499  0.454293
0.0453195 -0.107499  0.454293
0.0453195 -0.107499  0.454293
0.0453195 -0.107499  0.454293
0.0453195 -0.107499  0.454293
0.0453195 -0.107499  0.454293
0.0453195 -0.107499  0.454293
0.0453195 -0.107499  0.454293
0.0453195 -0.107499  0.454293
0.0453195 -0.107499  0.454293
0.0453195 -0.107499  0.454293
0.0453195 -0.107499  0.454293
0.0453195 -0.107499  0.454293
0.0453195 -0.107499  0.454293
0.0453195 -0.107499  0.454293
0.0453195 -0.107499  0.454293
0.0453195 -0.107499  0.454293
0.0453195 -0.107499  0.454293
0.0453195 -0.107499  0.454293
0.0453195 -0.107499  0.454293
0.0453195 -0.107499  0.454293
0.0453195 -0.107499  0.454293
0.0453195 -0.107499  0.454293
0.0453195 -0.107499  0.454293
0.0453195 -0.107499  0.454293
0.0453195 -0.107499  0.454293
0.0453195 -0.107499  0.454293
0.0453195 -0.107499  0.454293
0.0453195 -0.107499  0.454293
0.0453195 -0.107499  0.454293
0.0453195 -0.107499  0.454293
0.0453195 -0.107499  0.454293
0.0453195 -0.107499  0.454293
0.0453195 -0.107499  0.454293
0.0453195 -0.107499  0.454293
0.0453195 -0.107499  0.454293
0.0453195 -0.107499  0.454293
0.0453195 -0.107499  0.454293
0.0453195 -0.107499  0.454293
0.0453195 -0.107499  0.454293
0.0453195 -0.107499  0.454293
0.0453195 -0.107499  0.454293
0.0453195 -0.107499  0.454293
0.0453195 -0.107499  0.454293
0.0453195 -0.107499  0.454293
0.0453195 -0.107499  0.454293
0.0453195 -0.107499  0.454293
0.0453195 -0.107499  0.454293
0.0453195 -0.107499  0.454293
0.0453195 -0.107499  0.454293
0.0453195 -0.107499  0.454293
0.0453195 -0.107499  0.454293
0.0453195 -0.107499  0.454293
0.0453195 -0.107499  0.454293
0.0453195 -0.107499  0.454293
0.0453195 -0.107499  0.454293
0.0453195 -0.107499  0.454293
0.0453195 -0.107499  0.454293
0.0453195 -0.107499  0.454293
0.0453195 -0.107499  0.454293
0.0453195 -0.107499  0.454293
0.0453195 -0.107499  0.454293
0.0453195 -0.107499  0.454293
0.0453195 -0.107499  0.454293
0.0453195 -0.107499  0.454293
0.0453195 -0.107499  0.454293
0.0453195 -0.107499  0.454293
0.0453195 -0.107499  0.454293
0.0453195 -0.107499  0.454293
0.0453195 -0.107499  0.454293
0.0453195 -0.107499  0.454293
0.0453195 -0.107499  0.454293
0.0453195 -0.107499  0.454293
0.0453195 -0.107499  0.454293
0.0453195 -0.107499  0.454293
0.0453195 -0.107499  0.454293
0.0453195 -0.107499  0.454293
0.0453195 -0.107499  0.454293
0.0453195 -0.107499  0.454293
0.0453195 -0.107499  0.454293
0.0453195 -0.107499  0.454293
0.0453195 -0.107499  0.454293
0.0453195 -0.107499  0.454293
0.0453195 -0.107499  0.454293
0.0453195 -0.107499  0.454293
0.0453195 -0.107499  0.454293
0.0453195 -0.107499  0.454293
0.0453195 -0.107499  0.454293
0.0453195 -0.107499  0.454293
0.0453195 -0.107499  0.454293
0.0453195 -0.107499  0.454293
0.0453195 -0.107499  0.454293
0.0453195 -0.107499  0.454293
0.0453195 -0.107499  0.454293
0.0453195 -0.107499  0.454293
0.0453195 -0.107499  0.454293
0.0453195 -0.107499  0.454293
0.0453195 -0.107499  0.454293
0.0453195 -0.107499  0.454293
0.0453195 -0.107499  0.454293
0.0453195 -0.107499  0.454293
0.0453195 -0.107499  0.454293
0.0453195 -0.107499  0.454293
0.0453195 -0.107499  0.454293
0.0453195 -0.107499  0.454293
0.0453195 -0.107499  0.454293
0.0453195 -0.107499  0.454293
0.0453195 -0.107499  0.454293
0.0453195 -0.107499  0.454293
0.0453195 -0.107499  0.454293
0.0453195 -0.107499  0.454293
0.0453195 -0.107499  0.454293
0.0453195 -0.107499  0.454293
0.0453195 -0.107499  0.454293
0.0453195 -0.107499  0.454293
0.0453195 -0.107499  0.454293
0.0453195 -0.107499  0.454293
0.0453195 -0.107499  0.454293
0.0453195 -0.107499  0.454293
0.0453195 -0.107499  0.454293
0.0453195 -0.107499  0.454293
0.0453195 -0.107499  0.454293
0.0453195 -0.107499  0.454293
0.0453195 -0.107499  0.454293
0.0453195 -0.107499  0.454293
0.0453195 -0.107499  0.454293
0.0453195 -0.107499  0.454293
0.0453195 -0.107499  0.454293
0.0453195 -0.107499  0.454293
0.0453195 -0.107499  0.454293
0.0453195 -0.107499  0.454293
0.0453195 -0.107499  0.454293
0.0453195 -0.107499  0.454293
0.0453195 -0.107499  0.454293
0.0453195 -0.107499  0.454293
0.0453195 -0.107499  0.454293
0.0453195 -0.107499  0.454293
0.0453195 -0.107499  0.454293
0.0453195 -0.107499  0.454293
0.0453195 -0.107499  0.454293
0.0453195 -0.107499  0.454293
0.0453195 -0.107499  0.454293
0.0453195 -0.107499  0.454293
0.0453195 -0.107499  0.454293
0.0453195 -0.107499  0.454293
0.0453195 -0.107499  0.454293
0.0453195 -0.107499  0.454293
0.0453195 -0.107499  0.454293
0.0453195 -0.107499  0.454293
0.0453195 -0.107499  0.454293
0.0453195 -0.107499  0.454293
0.0453195 -0.107499  0.454293
0.0453195 -0.107499  0.454293
0.0453195 -0.107499  0.454293
0.0453195 -0.107499  0.454293
0.0453195 -0.107499  0.454293
0.0453195 -0.107499  0.454293
0.0453195 -0.107499  0.454293
0.0453195 -0.107499  0.454293
0.0453195 -0.107499  0.454293
0.0453195 -0.107499  0.454293
0.0453195 -0.107499  0.454293
0.0453195 -0.107499  0.454293
0.0453195 -0.107499  0.454293
0.0453195 -0.107499  0.454293
0.0453195 -0.107499  0.454293
0.0453195 -0.107499  0.454293
0.0453195 -0.107499  0.454293
0.0453195 -0.107499  0.454293
0.0453195 -0.107499  0.454293
0.0453195 -0.107499  0.454293
0.0453195 -0.107499  0.454293
0.0453195 -0.107499  0.454293
0.0453195 -0.107499  0.454293
0.0453195 -0.107499  0.454293
0.0453195 -0.107499  0.454293
0.0453195 -0.107499  0.454293
0.0453195 -0.107499  0.454293
0.0453195 -0.107499  0.454293
0.0453195 -0.107499  0.454293
0.0453195 -0.107499  0.454293
0.0453195 -0.107499  0.454293
0.0453195 -0.107499  0.454293
0.0453195 -0.107499  0.454293
0.0453195 -0.107499  0.454293
0.0453195 -0.107499  0.454293
0.0453195 -0.107499  0.454293
0.0453195 -0.107499  0.454293
0.0453195 -0.107499  0.454293
0.0453195 -0.107499  0.454293
0.0453195 -0.107499  0.454293
0.0453195 -0.107499  0.454293
0.0453195 -0.107499  0.454293
0.0453195 -0.107499  0.454293
0.0453195 -0.107499  0.454293
0.0453195 -0.107499  0.454293
0.0453195 -0.107499  0.454293
0.0453195 -0.107499  0.454293
0.0453195 -0.107499  0.454293
0.0453195 -0.107499  0.454293
0.0453195 -0.107499  0.454293
0.0453195 -0.107499  0.454293
0.0453195 -0.107499  0.454293
0.0453195 -0.107499  0.454293
0.0453195 -0.107499  0.454293
0.0453195 -0.107499  0.454293
0.0453195 -0.107499  0.454293
0.0453195 -0.107499  0.454293
0.0453195 -0.107499  0.454293
0.0453195 -0.107499  0.454293
