0.0164622  -0.10538  0.508672
0.0164622  -0.10538  0.508672
0.0164623 -0.105379   0.50867
 0.016463 -0.105366  0.508649
0.0164635 -0.105354  0.508632
0.0164642  -0.10534  0.508609
0.0164642  -0.10534  0.508609
0.0164661 -0.105301  0.508548
0.0164661 -0.105301  0.508548
0.0164686 -0.105249  0.508467
0.0164701 -0.105219  0.508419
0.0164701 -0.105219  0.508419
0.0164735 -0.105147  0.508308
0.0164755 -0.105107  0.508245
0.0164776 -0.105063  0.508176
0.0164799 -0.105016  0.508103
0.0164823 -0.104966  0.508025
0.0164849 -0.104913  0.507941
0.0164877 -0.104856  0.507853
0.0164906 -0.104796  0.507759
0.0164936 -0.104733   0.50766
0.0164936 -0.104733   0.50766
0.0165002 -0.104598  0.507449
0.0165037 -0.104525  0.507335
0.0165074 -0.104449  0.507216
0.0165112  -0.10437  0.507092
0.0165152 -0.104287  0.506963
0.0165194 -0.104202  0.506829
0.0165237 -0.104113   0.50669
0.0165282  -0.10402  0.506546
0.0165328 -0.103925  0.506397
0.0165376 -0.103826  0.506243
0.0165425 -0.103725  0.506083
0.0165476 -0.103619  0.505919
0.0165529 -0.103511   0.50575
0.0165583   -0.1034  0.505575
0.0165638 -0.103285  0.505396
0.0165696 -0.103167  0.505211
0.0165754 -0.103045  0.505022
0.0165815 -0.102921  0.504827
0.0165877 -0.102793  0.504627
 0.016594 -0.102662  0.504422
0.0166005 -0.102528  0.504213
0.0166072 -0.102391  0.503998
0.016614 -0.10225 0.503778
 0.016621 -0.102106  0.503553
0.0166281 -0.101959  0.503323
0.0166354 -0.101808  0.503088
0.0166429 -0.101655  0.502847
0.0166505 -0.101498  0.502603
0.0166582 -0.101338  0.502353
0.0166661 -0.101175  0.502097
0.0166742 -0.101008  0.501837
0.0166824 -0.100839  0.501571
0.0166908 -0.100666  0.501301
0.0166994 -0.100489  0.501025
0.0167081  -0.10031  0.500745
0.0167169 -0.100127  0.500459
 0.0167259 -0.0999413   0.500169
 0.0167351 -0.0997521   0.499873
 0.0167444 -0.0995595   0.499572
 0.0167539 -0.0993638   0.499266
 0.0167636 -0.0991647   0.498954
 0.0167734 -0.0989626   0.498638
 0.0167833 -0.0987572   0.498317
 0.0167932 -0.0985529   0.497998
  0.016803 -0.0983517   0.497683
 0.0168126 -0.0981538   0.497374
  0.016822 -0.0979591    0.49707
 0.0168313 -0.0977676    0.49677
 0.0168404 -0.0975794   0.496476
 0.0168494 -0.0973944   0.496187
 0.0168582 -0.0972126   0.495903
 0.0168669 -0.0970341   0.495623
 0.0168754 -0.0968588   0.495349
 0.0168837 -0.0966867    0.49508
 0.0168919 -0.0965177   0.494816
 0.0168999 -0.0963521   0.494557
 0.0169078 -0.0961898   0.494303
 0.0169155 -0.0960307   0.494055
 0.0169231 -0.0958748   0.493811
 0.0169305 -0.0957221   0.493572
 0.0169377 -0.0955727   0.493339
 0.0169448 -0.0954265    0.49311
 0.0169517 -0.0952835   0.492886
 0.0169585 -0.0951438   0.492668
 0.0169651 -0.0950073   0.492455
0.0169716 -0.094874  0.492246
0.0169779 -0.094744  0.492043
  0.016984 -0.0946172   0.491845
   0.01699 -0.0944936   0.491652
 0.0169959 -0.0943733   0.491463
 0.0170015 -0.0942562    0.49128
 0.0170071 -0.0941422   0.491102
 0.0170124 -0.0940315   0.490929
 0.0170176 -0.0939241   0.490761
0.0170227  -0.09382  0.490598
0.0170276 -0.093719  0.490441
 0.0170323 -0.0936213   0.490288
 0.0170369 -0.0935268    0.49014
 0.0170413 -0.0934356   0.489997
 0.0170456 -0.0933476    0.48986
 0.0170497 -0.0932628   0.489727
 0.0170537 -0.0931813     0.4896
 0.0170575 -0.0931029   0.489477
 0.0170611 -0.0930279    0.48936
0.0170646 -0.092956  0.489248
 0.0170679 -0.0928875   0.489141
 0.0170711 -0.0928221   0.489038
0.0170741  -0.09276  0.488941
 0.0170769 -0.0927011   0.488849
 0.0170796 -0.0926455   0.488762
 0.0170822 -0.0925931    0.48868
 0.0170846 -0.0925439   0.488603
 0.0170868 -0.0924979   0.488532
 0.0170889 -0.0924552   0.488465
 0.0170908 -0.0924157   0.488403
 0.0170925 -0.0923795   0.488346
 0.0170941 -0.0923465   0.488295
 0.0170956 -0.0923167   0.488248
 0.0170969 -0.0922901   0.488207
  0.017098 -0.0922668    0.48817
  0.017099 -0.0922467   0.488139
 0.0170998 -0.0922299   0.488112
 0.0171004 -0.0922163   0.488091
 0.0171009 -0.0922059   0.488075
 0.0171013 -0.0921988   0.488064
 0.0171015 -0.0921949   0.488058
 0.0171015 -0.0921941   0.488056
 0.0171015 -0.0921941   0.488056
 0.0171015 -0.0921941   0.488056
 0.0171015 -0.0921941   0.488056
 0.0171015 -0.0921941   0.488056
 0.0171015 -0.0921941   0.488056
 0.0171015 -0.0921941   0.488056
 0.0171015 -0.0921941   0.488056
 0.0171015 -0.0921941   0.488056
 0.0171015 -0.0921941   0.488056
 0.0171015 -0.0921941   0.488056
 0.0171015 -0.0921941   0.488056
 0.0171015 -0.0921941   0.488056
 0.0171015 -0.0921941   0.488056
 0.0171015 -0.0921941   0.488056
 0.0171015 -0.0921941   0.488056
 0.0171015 -0.0921941   0.488056
 0.0171015 -0.0921941   0.488056
 0.0171015 -0.0921941   0.488056
 0.0171015 -0.0921941   0.488056
 0.0171015 -0.0921941   0.488056
 0.0171015 -0.0921941   0.488056
 0.0171015 -0.0921941   0.488056
 0.0171015 -0.0921941   0.488056
 0.0171015 -0.0921941   0.488056
 0.0171015 -0.0921941   0.488056
 0.0171015 -0.0921941   0.488056
 0.0171015 -0.0921941   0.488056
 0.0171015 -0.0921941   0.488056
 0.0171015 -0.0921941   0.488056
 0.0171015 -0.0921941   0.488056
 0.0171015 -0.0921941   0.488056
 0.0171015 -0.0921941   0.488056
 0.0171015 -0.0921941   0.488056
 0.0171015 -0.0921941   0.488056
 0.0171015 -0.0921941   0.488056
 0.0171015 -0.0921941   0.488056
 0.0171015 -0.0921941   0.488056
 0.0171015 -0.0921941   0.488056
 0.0171015 -0.0921941   0.488056
 0.0171015 -0.0921941   0.488056
 0.0171015 -0.0921941   0.488056
 0.0171015 -0.0921941   0.488056
 0.0171015 -0.0921941   0.488056
 0.0171015 -0.0921941   0.488056
 0.0171015 -0.0921941   0.488056
 0.0171015 -0.0921941   0.488056
 0.0171015 -0.0921941   0.488056
 0.0171015 -0.0921941   0.488056
 0.0171015 -0.0921941   0.488056
 0.0171015 -0.0921941   0.488056
 0.0171015 -0.0921941   0.488056
 0.0171015 -0.0921941   0.488056
 0.0171015 -0.0921941   0.488056
 0.0171015 -0.0921941   0.488056
 0.0171015 -0.0921941   0.488056
 0.0171015 -0.0921941   0.488056
 0.0171015 -0.0921941   0.488056
 0.0171015 -0.0921941   0.488056
 0.0171015 -0.0921941   0.488056
 0.0171015 -0.0921941   0.488056
 0.0171015 -0.0921941   0.488056
 0.0171015 -0.0921941   0.488056
 0.0171015 -0.0921941   0.488056
 0.0171015 -0.0921941   0.488056
 0.0171015 -0.0921941   0.488056
 0.0171015 -0.0921941   0.488056
 0.0171015 -0.0921941   0.488056
 0.0171015 -0.0921941   0.488056
 0.0171015 -0.0921941   0.488056
 0.0171015 -0.0921941   0.488056
 0.0171015 -0.0921941   0.488056
 0.0171015 -0.0921941   0.488056
 0.0171015 -0.0921941   0.488056
 0.0171015 -0.0921941   0.488056
 0.0171015 -0.0921941   0.488056
 0.0171015 -0.0921941   0.488056
 0.0171015 -0.0921941   0.488056
 0.0171015 -0.0921941   0.488056
 0.0171015 -0.0921941   0.488056
 0.0171015 -0.0921941   0.488056
 0.0171015 -0.0921941   0.488056
 0.0171015 -0.0921941   0.488056
 0.0171015 -0.0921941   0.488056
 0.0171015 -0.0921941   0.488056
 0.0171015 -0.0921941   0.488056
 0.0171015 -0.0921941   0.488056
 0.0171015 -0.0921941   0.488056
 0.0171015 -0.0921941   0.488056
 0.0171015 -0.0921941   0.488056
 0.0171015 -0.0921941   0.488056
 0.0171015 -0.0921941   0.488056
 0.0171015 -0.0921941   0.488056
 0.0171015 -0.0921941   0.488056
 0.0171015 -0.0921941   0.488056
 0.0171015 -0.0921941   0.488056
 0.0171015 -0.0921941   0.488056
 0.0171015 -0.0921941   0.488056
 0.0171015 -0.0921941   0.488056
 0.0171015 -0.0921941   0.488056
 0.0171015 -0.0921941   0.488056
 0.0171015 -0.0921941   0.488056
 0.0171015 -0.0921941   0.488056
 0.0171015 -0.0921941   0.488056
 0.0171015 -0.0921941   0.488056
 0.0171015 -0.0921941   0.488056
 0.0171015 -0.0921941   0.488056
 0.0171015 -0.0921941   0.488056
 0.0171015 -0.0921941   0.488056
 0.0171015 -0.0921941   0.488056
 0.0171015 -0.0921941   0.488056
 0.0171015 -0.0921941   0.488056
 0.0171015 -0.0921941   0.488056
 0.0171015 -0.0921941   0.488056
 0.0171015 -0.0921941   0.488056
 0.0171015 -0.0921941   0.488056
 0.0171015 -0.0921941   0.488056
 0.0171015 -0.0921941   0.488056
 0.0171015 -0.0921941   0.488056
 0.0171015 -0.0921941   0.488056
 0.0171015 -0.0921941   0.488056
 0.0171015 -0.0921941   0.488056
 0.0171015 -0.0921941   0.488056
 0.0171015 -0.0921941   0.488056
 0.0171015 -0.0921941   0.488056
 0.0171015 -0.0921941   0.488056
 0.0171015 -0.0921941   0.488056
 0.0171015 -0.0921941   0.488056
 0.0171015 -0.0921941   0.488056
 0.0171015 -0.0921941   0.488056
 0.0171015 -0.0921941   0.488056
 0.0171015 -0.0921941   0.488056
 0.0171015 -0.0921941   0.488056
 0.0171015 -0.0921941   0.488056
 0.0171015 -0.0921941   0.488056
 0.0171015 -0.0921941   0.488056
 0.0171015 -0.0921941   0.488056
 0.0171015 -0.0921941   0.488056
 0.0171015 -0.0921941   0.488056
 0.0171015 -0.0921941   0.488056
 0.0171015 -0.0921941   0.488056
 0.0171015 -0.0921941   0.488056
 0.0171015 -0.0921941   0.488056
 0.0171015 -0.0921941   0.488056
 0.0171015 -0.0921941   0.488056
 0.0171015 -0.0921941   0.488056
 0.0171015 -0.0921941   0.488056
 0.0171015 -0.0921941   0.488056
 0.0171015 -0.0921941   0.488056
 0.0171015 -0.0921941   0.488056
 0.0171015 -0.0921941   0.488056
 0.0171015 -0.0921941   0.488056
 0.0171015 -0.0921941   0.488056
 0.0171015 -0.0921941   0.488056
 0.0171015 -0.0921941   0.488056
 0.0171015 -0.0921941   0.488056
 0.0171015 -0.0921941   0.488056
 0.0171015 -0.0921941   0.488056
 0.0171015 -0.0921941   0.488056
 0.0171015 -0.0921941   0.488056
 0.0171015 -0.0921941   0.488056
 0.0171015 -0.0921941   0.488056
 0.0171015 -0.0921941   0.488056
 0.0171015 -0.0921941   0.488056
 0.0171015 -0.0921941   0.488056
 0.0171015 -0.0921941   0.488056
 0.0171015 -0.0921941   0.488056
 0.0171015 -0.0921941   0.488056
 0.0171015 -0.0921941   0.488056
 0.0171015 -0.0921941   0.488056
 0.0171015 -0.0921941   0.488056
 0.0171015 -0.0921941   0.488056
 0.0171015 -0.0921941   0.488056
 0.0171015 -0.0921941   0.488056
 0.0171015 -0.0921941   0.488056
 0.0171015 -0.0921941   0.488056
 0.0171015 -0.0921941   0.488056
 0.0171015 -0.0921941   0.488056
 0.0171015 -0.0921941   0.488056
 0.0171015 -0.0921941   0.488056
 0.0171015 -0.0921941   0.488056
 0.0171015 -0.0921941   0.488056
 0.0171015 -0.0921941   0.488056
 0.0171015 -0.0921941   0.488056
 0.0171015 -0.0921941   0.488056
 0.0171015 -0.0921941   0.488056
 0.0171015 -0.0921941   0.488056
 0.0171015 -0.0921941   0.488056
 0.0171015 -0.0921941   0.488056
 0.0171015 -0.0921941   0.488056
 0.0171015 -0.0921941   0.488056
 0.0171015 -0.0921941   0.488056
 0.0171015 -0.0921941   0.488056
 0.0171015 -0.0921941   0.488056
 0.0171015 -0.0921941   0.488056
 0.0171015 -0.0921941   0.488056
 0.0171015 -0.0921941   0.488056
 0.0171015 -0.0921941   0.488056
 0.0171015 -0.0921941   0.488056
 0.0171015 -0.0921941   0.488056
 0.0171015 -0.0921941   0.488056
 0.0171015 -0.0921941   0.488056
 0.0171015 -0.0921941   0.488056
 0.0171015 -0.0921941   0.488056
 0.0171015 -0.0921941   0.488056
 0.0171015 -0.0921941   0.488056
 0.0171015 -0.0921941   0.488056
 0.0171015 -0.0921941   0.488056
 0.0171015 -0.0921941   0.488056
 0.0171015 -0.0921941   0.488056
 0.0171015 -0.0921941   0.488056
 0.0171015 -0.0921941   0.488056
 0.0171015 -0.0921941   0.488056
 0.0171015 -0.0921941   0.488056
 0.0171015 -0.0921941   0.488056
 0.0171015 -0.0921941   0.488056
 0.0171015 -0.0921941   0.488056
 0.0171015 -0.0921941   0.488056
 0.0171015 -0.0921941   0.488056
 0.0171015 -0.0921941   0.488056
 0.0171015 -0.0921941   0.488056
 0.0171015 -0.0921941   0.488056
 0.0171015 -0.0921941   0.488056
 0.0171015 -0.0921941   0.488056
 0.0171015 -0.0921941   0.488056
 0.0171015 -0.0921941   0.488056
 0.0171015 -0.0921941   0.488056
 0.0171015 -0.0921941   0.488056
 0.0171015 -0.0921941   0.488056
 0.0171015 -0.0921941   0.488056
 0.0171015 -0.0921941   0.488056
 0.0171015 -0.0921941   0.488056
 0.0171015 -0.0921941   0.488056
 0.0171015 -0.0921941   0.488056
 0.0171015 -0.0921941   0.488056
 0.0171015 -0.0921941   0.488056
 0.0171015 -0.0921941   0.488056
 0.0171015 -0.0921941   0.488056
 0.0171015 -0.0921941   0.488056
 0.0171015 -0.0921941   0.488056
 0.0171015 -0.0921941   0.488056
 0.0171015 -0.0921941   0.488056
 0.0171015 -0.0921941   0.488056
 0.0171015 -0.0921941   0.488056
 0.0171015 -0.0921941   0.488056
 0.0171015 -0.0921941   0.488056
 0.0171015 -0.0921941   0.488056
 0.0171015 -0.0921941   0.488056
 0.0171015 -0.0921941   0.488056
 0.0171015 -0.0921941   0.488056
 0.0171015 -0.0921941   0.488056
 0.0171015 -0.0921941   0.488056
 0.0171015 -0.0921941   0.488056
 0.0171015 -0.0921941   0.488056
 0.0171015 -0.0921941   0.488056
 0.0171015 -0.0921941   0.488056
 0.0171015 -0.0921941   0.488056
 0.0171015 -0.0921941   0.488056
 0.0171015 -0.0921941   0.488056
 0.0171015 -0.0921941   0.488056
 0.0171015 -0.0921941   0.488056
 0.0171015 -0.0921941   0.488056
 0.0171015 -0.0921941   0.488056
 0.0171015 -0.0921941   0.488056
 0.0171015 -0.0921941   0.488056
 0.0171015 -0.0921941   0.488056
 0.0171015 -0.0921941   0.488056
 0.0171015 -0.0921941   0.488056
 0.0171015 -0.0921941   0.488056
 0.0171015 -0.0921941   0.488056
 0.0171015 -0.0921941   0.488056
 0.0171015 -0.0921941   0.488056
 0.0171015 -0.0921941   0.488056
 0.0171015 -0.0921941   0.488056
 0.0171015 -0.0921941   0.488056
 0.0171015 -0.0921941   0.488056
 0.0171015 -0.0921941   0.488056
 0.0171015 -0.0921941   0.488056
 0.0171015 -0.0921941   0.488056
 0.0171015 -0.0921941   0.488056
 0.0171015 -0.0921941   0.488056
 0.0171015 -0.0921941   0.488056
 0.0171015 -0.0921941   0.488056
 0.0171015 -0.0921941   0.488056
 0.0171015 -0.0921941   0.488056
 0.0171015 -0.0921941   0.488056
 0.0171015 -0.0921941   0.488056
 0.0171015 -0.0921941   0.488056
 0.0171015 -0.0921941   0.488056
 0.0171015 -0.0921941   0.488056
 0.0171015 -0.0921941   0.488056
 0.0171015 -0.0921941   0.488056
 0.0171015 -0.0921941   0.488056
 0.0171015 -0.0921941   0.488056
 0.0171015 -0.0921941   0.488056
 0.0171015 -0.0921941   0.488056
 0.0171015 -0.0921941   0.488056
 0.0171015 -0.0921941   0.488056
 0.0171015 -0.0921941   0.488056
 0.0171015 -0.0921941   0.488056
 0.0171015 -0.0921941   0.488056
 0.0171015 -0.0921941   0.488056
 0.0171015 -0.0921941   0.488056
 0.0171015 -0.0921941   0.488056
 0.0171015 -0.0921941   0.488056
 0.0171015 -0.0921941   0.488056
 0.0171015 -0.0921941   0.488056
 0.0171015 -0.0921941   0.488056
 0.0171015 -0.0921941   0.488056
 0.0171015 -0.0921941   0.488056
 0.0171015 -0.0921941   0.488056
 0.0171015 -0.0921941   0.488056
 0.0171015 -0.0921941   0.488056
 0.0171015 -0.0921941   0.488056
 0.0171015 -0.0921941   0.488056
 0.0171015 -0.0921941   0.488056
 0.0171015 -0.0921941   0.488056
 0.0171015 -0.0921941   0.488056
 0.0171015 -0.0921941   0.488056
 0.0171015 -0.0921941   0.488056
 0.0171015 -0.0921941   0.488056
 0.0171015 -0.0921941   0.488056
 0.0171015 -0.0921941   0.488056
 0.0171015 -0.0921941   0.488056
 0.0171015 -0.0921941   0.488056
 0.0171015 -0.0921941   0.488056
 0.0171015 -0.0921941   0.488056
 0.0171015 -0.0921941   0.488056
 0.0171015 -0.0921941   0.488056
 0.0171015 -0.0921941   0.488056
 0.0171015 -0.0921941   0.488056
 0.0171015 -0.0921941   0.488056
 0.0171015 -0.0921941   0.488056
 0.0171015 -0.0921941   0.488056
 0.0171015 -0.0921941   0.488056
 0.0171015 -0.0921941   0.488056
 0.0171015 -0.0921941   0.488056
 0.0171015 -0.0921941   0.488056
 0.0171015 -0.0921941   0.488056
 0.0171015 -0.0921941   0.488056
 0.0171015 -0.0921941   0.488056
 0.0171015 -0.0921941   0.488056
 0.0171015 -0.0921941   0.488056
 0.0171015 -0.0921941   0.488056
 0.0171015 -0.0921941   0.488056
 0.0171015 -0.0921941   0.488056
 0.0171015 -0.0921941   0.488056
 0.0171015 -0.0921941   0.488056
 0.0171015 -0.0921941   0.488056
 0.0171015 -0.0921941   0.488056
 0.0171015 -0.0921941   0.488056
 0.0171015 -0.0921941   0.488056
 0.0171015 -0.0921941   0.488056
 0.0171015 -0.0921941   0.488056
 0.0171015 -0.0921941   0.488056
 0.0171015 -0.0921941   0.488056
 0.0171015 -0.0921941   0.488056
 0.0171015 -0.0921941   0.488056
 0.0171015 -0.0921941   0.488056
 0.0171015 -0.0921941   0.488056
 0.0171015 -0.0921941   0.488056
 0.0171015 -0.0921941   0.488056
 0.0171015 -0.0921941   0.488056
 0.0171015 -0.0921941   0.488056
 0.0171015 -0.0921941   0.488056
 0.0171015 -0.0921941   0.488056
 0.0171015 -0.0921941   0.488056
 0.0171015 -0.0921941   0.488056
 0.0171015 -0.0921941   0.488056
 0.0171015 -0.0921941   0.488056
 0.0171015 -0.0921941   0.488056
 0.0171015 -0.0921941   0.488056
 0.0171015 -0.0921941   0.488056
 0.0171015 -0.0921941   0.488056
 0.0171015 -0.0921941   0.488056
 0.0171015 -0.0921941   0.488056
 0.0171015 -0.0921941   0.488056
 0.0171015 -0.0921941   0.488056
 0.0171015 -0.0921941   0.488056
 0.0171015 -0.0921941   0.488056
 0.0171015 -0.0921941   0.488056
 0.0171015 -0.0921941   0.488056
 0.0171015 -0.0921941   0.488056
 0.0171015 -0.0921941   0.488056
 0.0171015 -0.0921941   0.488056
 0.0171015 -0.0921941   0.488056
 0.0171015 -0.0921941   0.488056
 0.0171015 -0.0921941   0.488056
 0.0171015 -0.0921941   0.488056
 0.0171015 -0.0921941   0.488056
 0.0171015 -0.0921941   0.488056
 0.0171015 -0.0921941   0.488056
 0.0171015 -0.0921941   0.488056
 0.0171015 -0.0921941   0.488056
 0.0171015 -0.0921941   0.488056
 0.0171015 -0.0921941   0.488056
 0.0171015 -0.0921941   0.488056
 0.0171015 -0.0921941   0.488056
 0.0171015 -0.0921941   0.488056
 0.0171015 -0.0921941   0.488056
 0.0171015 -0.0921941   0.488056
 0.0171015 -0.0921941   0.488056
 0.0171015 -0.0921941   0.488056
 0.0171015 -0.0921941   0.488056
 0.0171015 -0.0921941   0.488056
 0.0171015 -0.0921941   0.488056
 0.0171015 -0.0921941   0.488056
 0.0171015 -0.0921941   0.488056
 0.0171015 -0.0921941   0.488056
 0.0171015 -0.0921941   0.488056
 0.0171015 -0.0921941   0.488056
 0.0171015 -0.0921941   0.488056
 0.0171015 -0.0921941   0.488056
 0.0171015 -0.0921941   0.488056
 0.0171015 -0.0921941   0.488056
 0.0171015 -0.0921941   0.488056
 0.0171015 -0.0921941   0.488056
 0.0171015 -0.0921941   0.488056
 0.0171015 -0.0921941   0.488056
 0.0171015 -0.0921941   0.488056
 0.0171015 -0.0921941   0.488056
 0.0171015 -0.0921941   0.488056
 0.0171015 -0.0921941   0.488056
 0.0171015 -0.0921941   0.488056
 0.0171015 -0.0921941   0.488056
 0.0171015 -0.0921941   0.488056
 0.0171015 -0.0921941   0.488056
 0.0171015 -0.0921941   0.488056
 0.0171015 -0.0921941   0.488056
 0.0171015 -0.0921941   0.488056
 0.0171015 -0.0921941   0.488056
 0.0171015 -0.0921941   0.488056
 0.0171015 -0.0921941   0.488056
 0.0171015 -0.0921941   0.488056
 0.0171015 -0.0921941   0.488056
 0.0171015 -0.0921941   0.488056
 0.0171015 -0.0921941   0.488056
 0.0171015 -0.0921941   0.488056
 0.0171015 -0.0921941   0.488056
 0.0171015 -0.0921941   0.488056
 0.0171015 -0.0921941   0.488056
 0.0171015 -0.0921941   0.488056
 0.0171015 -0.0921941   0.488056
 0.0171015 -0.0921941   0.488056
 0.0171015 -0.0921941   0.488056
 0.0171015 -0.0921941   0.488056
 0.0171015 -0.0921941   0.488056
 0.0171015 -0.0921941   0.488056
 0.0171015 -0.0921941   0.488056
 0.0171015 -0.0921941   0.488056
 0.0171015 -0.0921941   0.488056
 0.0171015 -0.0921941   0.488056
 0.0171015 -0.0921941   0.488056
 0.0171015 -0.0921941   0.488056
 0.0171015 -0.0921941   0.488056
 0.0171015 -0.0921941   0.488056
 0.0171015 -0.0921941   0.488056
 0.0171015 -0.0921941   0.488056
 0.0171015 -0.0921941   0.488056
 0.0171015 -0.0921941   0.488056
 0.0171015 -0.0921941   0.488056
 0.0171015 -0.0921941   0.488056
 0.0171015 -0.0921941   0.488056
 0.0171015 -0.0921941   0.488056
 0.0171015 -0.0921941   0.488056
 0.0171015 -0.0921941   0.488056
 0.0171015 -0.0921941   0.488056
 0.0171015 -0.0921941   0.488056
 0.0171015 -0.0921941   0.488056
 0.0171015 -0.0921941   0.488056
 0.0171015 -0.0921941   0.488056
 0.0171015 -0.0921941   0.488056
 0.0171015 -0.0921941   0.488056
 0.0171015 -0.0921941   0.488056
 0.0171015 -0.0921941   0.488056
 0.0171015 -0.0921941   0.488056
 0.0171015 -0.0921941   0.488056
 0.0171015 -0.0921941   0.488056
 0.0171015 -0.0921941   0.488056
 0.0171015 -0.0921941   0.488056
 0.0171015 -0.0921941   0.488056
 0.0171015 -0.0921941   0.488056
 0.0171015 -0.0921941   0.488056
 0.0171015 -0.0921941   0.488056
 0.0171015 -0.0921941   0.488056
 0.0171015 -0.0921941   0.488056
 0.0171015 -0.0921941   0.488056
 0.0171015 -0.0921941   0.488056
 0.0171015 -0.0921941   0.488056
 0.0171015 -0.0921941   0.488056
 0.0171015 -0.0921941   0.488056
 0.0171015 -0.0921941   0.488056
 0.0171015 -0.0921941   0.488056
 0.0171015 -0.0921941   0.488056
 0.0171015 -0.0921941   0.488056
 0.0171015 -0.0921941   0.488056
 0.0171015 -0.0921941   0.488056
 0.0171015 -0.0921941   0.488056
 0.0171015 -0.0921941   0.488056
 0.0171015 -0.0921941   0.488056
 0.0171015 -0.0921941   0.488056
 0.0171015 -0.0921941   0.488056
 0.0171015 -0.0921941   0.488056
 0.0171015 -0.0921941   0.488056
 0.0171015 -0.0921941   0.488056
 0.0171015 -0.0921941   0.488056
 0.0171015 -0.0921941   0.488056
 0.0171015 -0.0921941   0.488056
 0.0171015 -0.0921941   0.488056
 0.0171015 -0.0921941   0.488056
 0.0171015 -0.0921941   0.488056
 0.0171015 -0.0921941   0.488056
 0.0171015 -0.0921941   0.488056
 0.0171015 -0.0921941   0.488056
 0.0171015 -0.0921941   0.488056
 0.0171015 -0.0921941   0.488056
 0.0171015 -0.0921941   0.488056
 0.0171015 -0.0921941   0.488056
 0.0171015 -0.0921941   0.488056
 0.0171015 -0.0921941   0.488056
 0.0171015 -0.0921941   0.488056
 0.0171015 -0.0921941   0.488056
 0.0171015 -0.0921941   0.488056
 0.0171015 -0.0921941   0.488056
 0.0171015 -0.0921941   0.488056
 0.0171015 -0.0921941   0.488056
 0.0171015 -0.0921941   0.488056
 0.0171015 -0.0921941   0.488056
 0.0171015 -0.0921941   0.488056
 0.0171015 -0.0921941   0.488056
 0.0171015 -0.0921941   0.488056
 0.0171015 -0.0921941   0.488056
 0.0171015 -0.0921941   0.488056
 0.0171015 -0.0921941   0.488056
 0.0171015 -0.0921941   0.488056
 0.0171015 -0.0921941   0.488056
 0.0171015 -0.0921941   0.488056
 0.0171015 -0.0921941   0.488056
 0.0171015 -0.0921941   0.488056
 0.0171015 -0.0921941   0.488056
 0.0171015 -0.0921941   0.488056
 0.0171015 -0.0921941   0.488056
 0.0171015 -0.0921941   0.488056
 0.0171015 -0.0921941   0.488056
 0.0171015 -0.0921941   0.488056
 0.0171015 -0.0921941   0.488056
 0.0171015 -0.0921941   0.488056
 0.0171015 -0.0921941   0.488056
 0.0171015 -0.0921941   0.488056
 0.0171015 -0.0921941   0.488056
 0.0171015 -0.0921941   0.488056
 0.0171015 -0.0921941   0.488056
 0.0171015 -0.0921941   0.488056
 0.0171015 -0.0921941   0.488056
 0.0171015 -0.0921941   0.488056
 0.0171015 -0.0921941   0.488056
 0.0171015 -0.0921941   0.488056
 0.0171015 -0.0921941   0.488056
 0.0171015 -0.0921941   0.488056
 0.0171015 -0.0921941   0.488056
 0.0171015 -0.0921941   0.488056
 0.0171015 -0.0921941   0.488056
 0.0171015 -0.0921941   0.488056
 0.0171015 -0.0921941   0.488056
 0.0171015 -0.0921941   0.488056
 0.0171015 -0.0921941   0.488056
 0.0171015 -0.0921941   0.488056
 0.0171015 -0.0921941   0.488056
 0.0171015 -0.0921941   0.488056
 0.0171015 -0.0921941   0.488056
 0.0171015 -0.0921941   0.488056
 0.0171015 -0.0921941   0.488056
 0.0171015 -0.0921941   0.488056
 0.0171015 -0.0921941   0.488056
 0.0171015 -0.0921941   0.488056
 0.0171015 -0.0921941   0.488056
 0.0171015 -0.0921941   0.488056
 0.0171015 -0.0921941   0.488056
 0.0171015 -0.0921941   0.488056
 0.0171015 -0.0921941   0.488056
 0.0171015 -0.0921941   0.488056
 0.0171015 -0.0921941   0.488056
 0.0171015 -0.0921941   0.488056
 0.0171015 -0.0921941   0.488056
 0.0171015 -0.0921941   0.488056
 0.0171015 -0.0921941   0.488056
 0.0171015 -0.0921941   0.488056
 0.0171015 -0.0921941   0.488056
 0.0171015 -0.0921941   0.488056
 0.0171015 -0.0921941   0.488056
 0.0171015 -0.0921941   0.488056
 0.0171015 -0.0921941   0.488056
 0.0171015 -0.0921941   0.488056
 0.0171015 -0.0921941   0.488056
 0.0171015 -0.0921941   0.488056
 0.0171015 -0.0921941   0.488056
 0.0171015 -0.0921941   0.488056
 0.0171015 -0.0921941   0.488056
 0.0171015 -0.0921941   0.488056
 0.0171015 -0.0921941   0.488056
 0.0171015 -0.0921941   0.488056
 0.0171015 -0.0921941   0.488056
 0.0171015 -0.0921941   0.488056
 0.0171015 -0.0921941   0.488056
 0.0171015 -0.0921941   0.488056
 0.0171015 -0.0921941   0.488056
 0.0171015 -0.0921941   0.488056
 0.0171015 -0.0921941   0.488056
 0.0171015 -0.0921941   0.488056
 0.0171015 -0.0921941   0.488056
 0.0171015 -0.0921941   0.488056
 0.0171015 -0.0921941   0.488056
 0.0171015 -0.0921941   0.488056
 0.0171015 -0.0921941   0.488056
 0.0171015 -0.0921941   0.488056
 0.0171015 -0.0921941   0.488056
 0.0171015 -0.0921941   0.488056
 0.0171015 -0.0921941   0.488056
 0.0171015 -0.0921941   0.488056
 0.0171015 -0.0921941   0.488056
 0.0171015 -0.0921941   0.488056
 0.0171015 -0.0921941   0.488056
 0.0171015 -0.0921941   0.488056
 0.0171015 -0.0921941   0.488056
 0.0171015 -0.0921941   0.488056
 0.0171015 -0.0921941   0.488056
 0.0171015 -0.0921941   0.488056
 0.0171015 -0.0921941   0.488056
 0.0171015 -0.0921941   0.488056
 0.0171015 -0.0921941   0.488056
 0.0171015 -0.0921941   0.488056
 0.0171015 -0.0921941   0.488056
 0.0171015 -0.0921941   0.488056
 0.0171015 -0.0921941   0.488056
 0.0171015 -0.0921941   0.488056
 0.0171015 -0.0921941   0.488056
 0.0171015 -0.0921941   0.488056
 0.0171015 -0.0921941   0.488056
 0.0171015 -0.0921941   0.488056
 0.0171015 -0.0921941   0.488056
 0.0171015 -0.0921941   0.488056
 0.0171015 -0.0921941   0.488056
 0.0171015 -0.0921941   0.488056
 0.0171015 -0.0921941   0.488056
 0.0171015 -0.0921941   0.488056
 0.0171015 -0.0921941   0.488056
 0.0171015 -0.0921941   0.488056
 0.0171015 -0.0921941   0.488056
 0.0171015 -0.0921941   0.488056
 0.0171015 -0.0921941   0.488056
 0.0171015 -0.0921941   0.488056
 0.0171015 -0.0921941   0.488056
 0.0171015 -0.0921941   0.488056
 0.0171015 -0.0921941   0.488056
 0.0171015 -0.0921941   0.488056
 0.0171015 -0.0921941   0.488056
 0.0171015 -0.0921941   0.488056
 0.0171015 -0.0921941   0.488056
 0.0171015 -0.0921941   0.488056
 0.0171015 -0.0921941   0.488056
 0.0171015 -0.0921941   0.488056
