 0.269535 -0.328387  0.605385
 0.269059 -0.326701  0.608348
 0.269062 -0.326699  0.608345
 0.269068 -0.326692  0.608338
 0.269079 -0.326681  0.608325
 0.269093 -0.326665  0.608307
 0.269112 -0.326645  0.608285
0.269136 -0.32662 0.608257
0.269163 -0.32659 0.608224
 0.269195 -0.326557  0.608186
 0.269231 -0.326518  0.608143
 0.269272 -0.326475  0.608095
 0.269316 -0.326428  0.608042
 0.269365 -0.326376  0.607984
0.269418 -0.32632 0.607921
 0.269475 -0.326259  0.607852
 0.269537 -0.326193  0.607779
 0.269603 -0.326123  0.607701
 0.269673 -0.326049  0.607617
0.269747 -0.32597 0.607529
 0.269825 -0.325887  0.607435
 0.269908 -0.325799  0.607337
 0.269995 -0.325706  0.607233
 0.270086 -0.325609  0.607124
 0.270182 -0.325508  0.607011
 0.270282 -0.325402  0.606892
 0.270385 -0.325291  0.606768
 0.270494 -0.325176  0.606639
 0.270606 -0.325056  0.606505
 0.270723 -0.324932  0.606366
 0.270844 -0.324804  0.606222
 0.270969 -0.324671  0.606073
 0.271098 -0.324533  0.605919
 0.271232 -0.324391   0.60576
  0.27137 -0.324245  0.605596
 0.271511 -0.324094  0.605427
 0.271657 -0.323939  0.605253
 0.271808 -0.323778  0.605073
 0.271963 -0.323614  0.604889
 0.272122 -0.323445  0.604699
 0.272285 -0.323271  0.604505
 0.272453 -0.323093  0.604305
0.272625 -0.32291   0.6041
 0.272801 -0.322723   0.60389
 0.272981 -0.322531  0.603675
 0.273166 -0.322334  0.603455
 0.273355 -0.322133   0.60323
 0.273548 -0.321928     0.603
 0.273746 -0.321718  0.602765
 0.273947 -0.321504  0.602525
 0.274153 -0.321285  0.602279
 0.274363 -0.321062  0.602029
 0.274577 -0.320834  0.601774
 0.274796 -0.320601  0.601513
 0.275019 -0.320364  0.601248
 0.275246 -0.320123  0.600978
 0.275477 -0.319877  0.600702
 0.275712 -0.319627  0.600421
 0.275952 -0.319372  0.600136
 0.276196 -0.319112  0.599845
 0.276444 -0.318848  0.599549
0.276697 -0.31858 0.599248
 0.276954 -0.318307  0.598943
 0.277215 -0.318029  0.598632
  0.27748 -0.317747  0.598316
 0.277749 -0.317461  0.597995
0.278023 -0.31717 0.597669
 0.278301 -0.316874  0.597338
 0.278583 -0.316574  0.597001
0.278869 -0.31627  0.59666
  0.27916 -0.315961  0.596314
 0.279455 -0.315647  0.595962
 0.279754 -0.315329  0.595606
 0.280057 -0.315006  0.595245
 0.280365 -0.314679  0.594878
 0.280677 -0.314348  0.594507
 0.280993 -0.314012   0.59413
 0.281313 -0.313671  0.593748
 0.281638 -0.313326  0.593362
 0.281967 -0.312976   0.59297
   0.2823 -0.312622  0.592573
 0.282637 -0.312263  0.592171
0.283326 -0.31153  0.59135
0.283326 -0.31153  0.59135
 0.283676 -0.311158  0.590933
 0.284031 -0.310781  0.590511
0.284389  -0.3104 0.590084
 0.284752 -0.310014  0.589651
 0.285119 -0.309624  0.589214
 0.285491 -0.309229  0.588772
0.285866 -0.30883 0.588324
 0.286246 -0.308426  0.587872
  0.28663 -0.308017  0.587414
 0.287018 -0.307604  0.586951
 0.287411 -0.307187  0.586484
 0.287808 -0.306765  0.586011
 0.288209 -0.306339  0.585533
 0.288615 -0.305907   0.58505
 0.289024 -0.305472  0.584562
 0.289438 -0.305032  0.584069
 0.289856 -0.304588  0.583571
 0.290277 -0.304139  0.583069
 0.290699 -0.303691  0.582566
 0.291121 -0.303242  0.582063
 0.291543 -0.302793   0.58156
 0.291966 -0.302344  0.581057
 0.292387 -0.301896  0.580555
 0.292809 -0.301447  0.580052
 0.293231 -0.300998  0.579549
 0.293653 -0.300549  0.579047
 0.294075 -0.300101  0.578544
 0.294497 -0.299652  0.578041
 0.294919 -0.299203  0.577538
 0.295341 -0.298754  0.577035
 0.295763 -0.298306  0.576533
 0.296185 -0.297857   0.57603
 0.296607 -0.297408  0.575527
 0.297029 -0.296959  0.575024
  0.29745 -0.296513  0.574523
 0.297872 -0.296064  0.574021
 0.298294 -0.295615  0.573518
 0.298716 -0.295166  0.573015
 0.299138 -0.294718  0.572512
  0.29956 -0.294269  0.572009
0.299982 -0.29382 0.571507
 0.300404 -0.293371  0.571004
 0.300826 -0.292922  0.570501
 0.301248 -0.292474  0.569998
  0.30167 -0.292025  0.569495
 0.302092 -0.291576  0.568992
 0.302514 -0.291127   0.56849
 0.302936 -0.290679  0.567987
0.303358 -0.29023 0.567484
  0.30378 -0.289781  0.566981
 0.304202 -0.289333  0.566479
 0.304624 -0.288884  0.565976
 0.305046 -0.288435  0.565473
 0.305468 -0.287987  0.564971
  0.30589 -0.287537  0.564467
 0.306312 -0.287088  0.563964
0.306734 -0.28664 0.563462
 0.307156 -0.286191  0.562959
 0.307578 -0.285742  0.562456
    0.308 -0.285294  0.561953
 0.308422 -0.284845  0.561451
 0.308844 -0.284396  0.560948
 0.309266 -0.283947  0.560445
 0.309688 -0.283499  0.559942
0.310111 -0.28305 0.559439
 0.310533 -0.282601  0.558936
 0.310955 -0.282152  0.558433
 0.311376 -0.281703  0.557931
 0.311798 -0.281255  0.557428
  0.31222 -0.280806  0.556925
 0.313068 -0.279905  0.555916
  0.31349 -0.279457  0.555413
 0.313911 -0.279008  0.554911
 0.314333 -0.278559  0.554408
0.314755 -0.27811 0.553905
 0.315177 -0.277662  0.553402
   0.3156 -0.277213  0.552899
 0.316022 -0.276763  0.552396
 0.316445 -0.276314  0.551892
 0.316867 -0.275866   0.55139
 0.317289 -0.275416  0.550886
 0.317712 -0.274967  0.550383
 0.318134 -0.274518   0.54988
0.318556 -0.27407 0.549378
 0.318977 -0.273621  0.548875
 0.319399 -0.273172  0.548372
 0.319821 -0.272724  0.547869
 0.320243 -0.272275  0.547367
 0.320665 -0.271826  0.546864
 0.321087 -0.271378  0.546361
 0.321509 -0.270929  0.545858
0.321931 -0.27048 0.545356
 0.322353 -0.270032  0.544853
 0.322773 -0.269585  0.544353
 0.323195 -0.269136   0.54385
 0.323617 -0.268687  0.543347
 0.324039 -0.268239  0.542844
0.324461 -0.26779 0.542341
 0.324883 -0.267341  0.541839
 0.325305 -0.266892  0.541336
 0.325727 -0.266444  0.540833
 0.326149 -0.265995   0.54033
 0.326571 -0.265546  0.539827
 0.326993 -0.265097  0.539325
 0.327415 -0.264649  0.538822
0.327837  -0.2642 0.538319
 0.328259 -0.263751  0.537816
 0.328681 -0.263302  0.537313
 0.329103 -0.262854  0.536811
 0.329525 -0.262405  0.536308
 0.329947 -0.261956  0.535805
  0.33037 -0.261507  0.535302
 0.330791 -0.261059  0.534799
0.331213 -0.26061 0.534297
 0.331635 -0.260161  0.533794
 0.332057 -0.259713  0.533291
 0.332479 -0.259264  0.532788
 0.332901 -0.258815  0.532286
 0.333323 -0.258366  0.531783
 0.333745 -0.257918   0.53128
 0.334167 -0.257469  0.530777
0.334589 -0.25702 0.530275
  0.33501 -0.256573  0.529774
 0.335432 -0.256125  0.529271
 0.335854 -0.255676  0.528768
 0.336276 -0.255227  0.528266
 0.336697 -0.254779  0.527763
0.337119 -0.25433  0.52726
 0.337541 -0.253881  0.526758
 0.337963 -0.253433  0.526255
 0.338385 -0.252984  0.525752
 0.338807 -0.252535  0.525249
 0.339229 -0.252087  0.524747
 0.339646 -0.251643   0.52425
  0.34006 -0.251203  0.523757
 0.340469 -0.250768  0.523269
 0.340874 -0.250337  0.522787
 0.341275 -0.249911  0.522309
0.341671 -0.24949 0.521837
 0.342064 -0.249072   0.52137
0.342452 -0.24866 0.520907
 0.342835 -0.248252   0.52045
 0.343215 -0.247848  0.519998
  0.34359 -0.247449  0.519551
 0.343961 -0.247055  0.519109
 0.344328 -0.246665  0.518672
  0.34469 -0.246279   0.51824
 0.345049 -0.245898  0.517813
 0.345403 -0.245522  0.517391
0.345753 -0.24515 0.516975
 0.346098 -0.244782  0.516563
0.346439 -0.24442 0.516156
 0.346777 -0.244061  0.515755
 0.347109 -0.243707  0.515358
 0.347438 -0.243358  0.514967
 0.347762 -0.243013   0.51458
 0.348082 -0.242672  0.514199
 0.348398 -0.242337  0.513822
  0.34871 -0.242005  0.513451
 0.349017 -0.241678  0.513085
  0.34932 -0.241356  0.512724
 0.349619 -0.241038  0.512368
 0.349914 -0.240725  0.512017
 0.350205 -0.240416   0.51167
 0.350491 -0.240112   0.51133
 0.350773 -0.239812  0.510994
  0.35105 -0.239517  0.510663
 0.351324 -0.239226  0.510337
0.351593 -0.23894 0.510016
 0.351858 -0.238658  0.509701
 0.352119 -0.238381   0.50939
 0.352375 -0.238108  0.509084
0.352627 -0.23784 0.508784
 0.352875 -0.237576  0.508488
 0.353119 -0.237317  0.508198
 0.353359 -0.237062  0.507913
 0.353594 -0.236812  0.507632
 0.353825 -0.236566  0.507357
 0.354052 -0.236325  0.507087
0.354273 -0.23609 0.506823
 0.354491 -0.235858  0.506563
0.354705 -0.23563 0.506308
 0.354915 -0.235407  0.506058
 0.355121 -0.235188  0.505813
 0.355322 -0.234974  0.505573
 0.355519 -0.234764  0.505338
 0.355712 -0.234559  0.505108
 0.355901 -0.234359  0.504884
 0.356085 -0.234163  0.504664
 0.356265 -0.233971  0.504449
 0.356441 -0.233785  0.504241
 0.356612 -0.233602  0.504036
  0.35678 -0.233424  0.503837
 0.356943 -0.233251  0.503642
 0.357102 -0.233082  0.503453
 0.357256 -0.232917  0.503269
 0.357407 -0.232757  0.503089
 0.357553 -0.232602  0.502915
 0.357695 -0.232451  0.502746
 0.357833 -0.232304  0.502582
 0.357966 -0.232162  0.502423
 0.358096 -0.232025  0.502269
 0.358221 -0.231892   0.50212
 0.358341 -0.231764  0.501976
0.358458 -0.23164 0.501837
  0.35857 -0.231521  0.501704
 0.358678 -0.231406  0.501575
 0.358782 -0.231295  0.501451
 0.358881 -0.231189  0.501333
 0.358977 -0.231088  0.501219
 0.359068 -0.230991  0.501111
 0.359155 -0.230899  0.501007
 0.359237 -0.230811  0.500909
 0.359316 -0.230728  0.500815
  0.35939 -0.230649  0.500727
 0.359459 -0.230575  0.500644
 0.359525 -0.230505  0.500566
0.359586 -0.23044 0.500493
 0.359644 -0.230379  0.500425
 0.359696 -0.230323  0.500362
 0.359745 -0.230271  0.500304
 0.359789 -0.230224  0.500251
  0.35983 -0.230181  0.500203
 0.359866 -0.230143   0.50016
 0.359897 -0.230109  0.500123
0.359925 -0.23008  0.50009
 0.359948 -0.230056  0.500062
 0.359967 -0.230035   0.50004
0.359981 -0.23002 0.500022
 0.359992 -0.230009   0.50001
 0.359998 -0.230002  0.500002
 0.36 -0.23   0.5
 0.36 -0.23   0.5
 0.36 -0.23   0.5
 0.36 -0.23   0.5
 0.36 -0.23   0.5
 0.36 -0.23   0.5
 0.36 -0.23   0.5
 0.36 -0.23   0.5
 0.36 -0.23   0.5
 0.36 -0.23   0.5
 0.36 -0.23   0.5
 0.36 -0.23   0.5
 0.36 -0.23   0.5
 0.36 -0.23   0.5
 0.36 -0.23   0.5
 0.36 -0.23   0.5
 0.36 -0.23   0.5
 0.36 -0.23   0.5
 0.36 -0.23   0.5
 0.36 -0.23   0.5
 0.36 -0.23   0.5
 0.36 -0.23   0.5
 0.36 -0.23   0.5
 0.36 -0.23   0.5
 0.36 -0.23   0.5
 0.36 -0.23   0.5
 0.36 -0.23   0.5
 0.36 -0.23   0.5
 0.36 -0.23   0.5
 0.36 -0.23   0.5
 0.36 -0.23   0.5
 0.36 -0.23   0.5
 0.36 -0.23   0.5
 0.36 -0.23   0.5
 0.36 -0.23   0.5
 0.36 -0.23   0.5
 0.36 -0.23   0.5
 0.36 -0.23   0.5
 0.36 -0.23   0.5
 0.36 -0.23   0.5
 0.36 -0.23   0.5
 0.36 -0.23   0.5
 0.36 -0.23   0.5
 0.36 -0.23   0.5
 0.36 -0.23   0.5
 0.36 -0.23   0.5
 0.36 -0.23   0.5
 0.36 -0.23   0.5
 0.36 -0.23   0.5
 0.36 -0.23   0.5
 0.36 -0.23   0.5
 0.36 -0.23   0.5
 0.36 -0.23   0.5
 0.36 -0.23   0.5
 0.36 -0.23   0.5
 0.36 -0.23   0.5
 0.36 -0.23   0.5
 0.36 -0.23   0.5
 0.36 -0.23   0.5
 0.36 -0.23   0.5
 0.36 -0.23   0.5
 0.36 -0.23   0.5
 0.36 -0.23   0.5
 0.36 -0.23   0.5
 0.36 -0.23   0.5
 0.36 -0.23   0.5
 0.36 -0.23   0.5
 0.36 -0.23   0.5
 0.36 -0.23   0.5
 0.36 -0.23   0.5
 0.36 -0.23   0.5
 0.36 -0.23   0.5
 0.36 -0.23   0.5
 0.36 -0.23   0.5
 0.36 -0.23   0.5
 0.36 -0.23   0.5
 0.36 -0.23   0.5
 0.36 -0.23   0.5
 0.36 -0.23   0.5
 0.36 -0.23   0.5
 0.36 -0.23   0.5
 0.36 -0.23   0.5
 0.36 -0.23   0.5
 0.36 -0.23   0.5
 0.36 -0.23   0.5
 0.36 -0.23   0.5
 0.36 -0.23   0.5
 0.36 -0.23   0.5
 0.36 -0.23   0.5
 0.36 -0.23   0.5
 0.36 -0.23   0.5
 0.36 -0.23   0.5
 0.36 -0.23   0.5
 0.36 -0.23   0.5
 0.36 -0.23   0.5
 0.36 -0.23   0.5
 0.36 -0.23   0.5
 0.36 -0.23   0.5
 0.36 -0.23   0.5
 0.36 -0.23   0.5
 0.36 -0.23   0.5
 0.36 -0.23   0.5
 0.36 -0.23   0.5
 0.36 -0.23   0.5
 0.36 -0.23   0.5
 0.36 -0.23   0.5
 0.36 -0.23   0.5
 0.36 -0.23   0.5
 0.36 -0.23   0.5
 0.36 -0.23   0.5
 0.36 -0.23   0.5
 0.36 -0.23   0.5
 0.36 -0.23   0.5
 0.36 -0.23   0.5
 0.36 -0.23   0.5
 0.36 -0.23   0.5
 0.36 -0.23   0.5
 0.36 -0.23   0.5
 0.36 -0.23   0.5
 0.36 -0.23   0.5
 0.36 -0.23   0.5
 0.36 -0.23   0.5
 0.36 -0.23   0.5
 0.36 -0.23   0.5
 0.36 -0.23   0.5
 0.36 -0.23   0.5
 0.36 -0.23   0.5
 0.36 -0.23   0.5
 0.36 -0.23   0.5
 0.36 -0.23   0.5
 0.36 -0.23   0.5
 0.36 -0.23   0.5
 0.36 -0.23   0.5
 0.36 -0.23   0.5
 0.36 -0.23   0.5
 0.36 -0.23   0.5
 0.36 -0.23   0.5
 0.36 -0.23   0.5
 0.36 -0.23   0.5
 0.36 -0.23   0.5
 0.36 -0.23   0.5
 0.36 -0.23   0.5
 0.36 -0.23   0.5
 0.36 -0.23   0.5
 0.36 -0.23   0.5
 0.36 -0.23   0.5
 0.36 -0.23   0.5
 0.36 -0.23   0.5
 0.36 -0.23   0.5
 0.36 -0.23   0.5
 0.36 -0.23   0.5
 0.36 -0.23   0.5
 0.36 -0.23   0.5
 0.36 -0.23   0.5
 0.36 -0.23   0.5
 0.36 -0.23   0.5
 0.36 -0.23   0.5
 0.36 -0.23   0.5
 0.36 -0.23   0.5
 0.36 -0.23   0.5
 0.36 -0.23   0.5
 0.36 -0.23   0.5
 0.36 -0.23   0.5
 0.36 -0.23   0.5
 0.36 -0.23   0.5
 0.36 -0.23   0.5
 0.36 -0.23   0.5
 0.36 -0.23   0.5
 0.36 -0.23   0.5
 0.36 -0.23   0.5
 0.36 -0.23   0.5
 0.36 -0.23   0.5
 0.36 -0.23   0.5
 0.36 -0.23   0.5
 0.36 -0.23   0.5
 0.36 -0.23   0.5
 0.36 -0.23   0.5
 0.36 -0.23   0.5
 0.36 -0.23   0.5
 0.36 -0.23   0.5
 0.36 -0.23   0.5
 0.36 -0.23   0.5
 0.36 -0.23   0.5
 0.36 -0.23   0.5
 0.36 -0.23   0.5
 0.36 -0.23   0.5
 0.36 -0.23   0.5
 0.36 -0.23   0.5
 0.36 -0.23   0.5
 0.36 -0.23   0.5
 0.36 -0.23   0.5
 0.36 -0.23   0.5
 0.36 -0.23   0.5
 0.36 -0.23   0.5
 0.36 -0.23   0.5
 0.36 -0.23   0.5
 0.36 -0.23   0.5
 0.36 -0.23   0.5
 0.36 -0.23   0.5
 0.36 -0.23   0.5
 0.36 -0.23   0.5
 0.36 -0.23   0.5
 0.36 -0.23   0.5
 0.36 -0.23   0.5
 0.36 -0.23   0.5
 0.36 -0.23   0.5
 0.36 -0.23   0.5
 0.36 -0.23   0.5
 0.36 -0.23   0.5
 0.36 -0.23   0.5
 0.36 -0.23   0.5
 0.36 -0.23   0.5
 0.36 -0.23   0.5
 0.36 -0.23   0.5
 0.36 -0.23   0.5
 0.36 -0.23   0.5
 0.36 -0.23   0.5
 0.36 -0.23   0.5
 0.36 -0.23   0.5
 0.36 -0.23   0.5
 0.36 -0.23   0.5
 0.36 -0.23   0.5
 0.36 -0.23   0.5
 0.36 -0.23   0.5
 0.36 -0.23   0.5
 0.36 -0.23   0.5
 0.36 -0.23   0.5
 0.36 -0.23   0.5
 0.36 -0.23   0.5
 0.36 -0.23   0.5
 0.36 -0.23   0.5
 0.36 -0.23   0.5
 0.36 -0.23   0.5
 0.36 -0.23   0.5
 0.36 -0.23   0.5
 0.36 -0.23   0.5
 0.36 -0.23   0.5
 0.36 -0.23   0.5
 0.36 -0.23   0.5
 0.36 -0.23   0.5
 0.36 -0.23   0.5
 0.36 -0.23   0.5
 0.36 -0.23   0.5
 0.36 -0.23   0.5
 0.36 -0.23   0.5
 0.36 -0.23   0.5
 0.36 -0.23   0.5
 0.36 -0.23   0.5
 0.36 -0.23   0.5
 0.36 -0.23   0.5
 0.36 -0.23   0.5
 0.36 -0.23   0.5
 0.36 -0.23   0.5
 0.36 -0.23   0.5
 0.36 -0.23   0.5
 0.36 -0.23   0.5
 0.36 -0.23   0.5
 0.36 -0.23   0.5
 0.36 -0.23   0.5
 0.36 -0.23   0.5
 0.36 -0.23   0.5
 0.36 -0.23   0.5
 0.36 -0.23   0.5
 0.36 -0.23   0.5
 0.36 -0.23   0.5
 0.36 -0.23   0.5
 0.36 -0.23   0.5
 0.36 -0.23   0.5
 0.36 -0.23   0.5
 0.36 -0.23   0.5
 0.36 -0.23   0.5
 0.36 -0.23   0.5
 0.36 -0.23   0.5
 0.36 -0.23   0.5
 0.36 -0.23   0.5
 0.36 -0.23   0.5
 0.36 -0.23   0.5
 0.36 -0.23   0.5
 0.36 -0.23   0.5
 0.36 -0.23   0.5
 0.36 -0.23   0.5
 0.36 -0.23   0.5
 0.36 -0.23   0.5
 0.36 -0.23   0.5
 0.36 -0.23   0.5
 0.36 -0.23   0.5
 0.36 -0.23   0.5
 0.36 -0.23   0.5
 0.36 -0.23   0.5
 0.36 -0.23   0.5
 0.36 -0.23   0.5
 0.36 -0.23   0.5
 0.36 -0.23   0.5
 0.36 -0.23   0.5
 0.36 -0.23   0.5
 0.36 -0.23   0.5
 0.36 -0.23   0.5
 0.36 -0.23   0.5
 0.36 -0.23   0.5
 0.36 -0.23   0.5
 0.36 -0.23   0.5
 0.36 -0.23   0.5
 0.36 -0.23   0.5
 0.36 -0.23   0.5
 0.36 -0.23   0.5
 0.36 -0.23   0.5
 0.36 -0.23   0.5
 0.36 -0.23   0.5
 0.36 -0.23   0.5
 0.36 -0.23   0.5
 0.36 -0.23   0.5
 0.36 -0.23   0.5
 0.36 -0.23   0.5
 0.36 -0.23   0.5
 0.36 -0.23   0.5
 0.36 -0.23   0.5
 0.36 -0.23   0.5
 0.36 -0.23   0.5
 0.36 -0.23   0.5
 0.36 -0.23   0.5
 0.36 -0.23   0.5
 0.36 -0.23   0.5
 0.36 -0.23   0.5
 0.36 -0.23   0.5
 0.36 -0.23   0.5
 0.36 -0.23   0.5
 0.36 -0.23   0.5
 0.36 -0.23   0.5
 0.36 -0.23   0.5
 0.36 -0.23   0.5
 0.36 -0.23   0.5
 0.36 -0.23   0.5
 0.36 -0.23   0.5
 0.36 -0.23   0.5
 0.36 -0.23   0.5
 0.36 -0.23   0.5
 0.36 -0.23   0.5
 0.36 -0.23   0.5
 0.36 -0.23   0.5
 0.36 -0.23   0.5
 0.36 -0.23   0.5
 0.36 -0.23   0.5
 0.36 -0.23   0.5
 0.36 -0.23   0.5
 0.36 -0.23   0.5
 0.36 -0.23   0.5
 0.36 -0.23   0.5
 0.36 -0.23   0.5
 0.36 -0.23   0.5
 0.36 -0.23   0.5
 0.36 -0.23   0.5
 0.36 -0.23   0.5
 0.36 -0.23   0.5
 0.36 -0.23   0.5
 0.36 -0.23   0.5
 0.36 -0.23   0.5
 0.36 -0.23   0.5
 0.36 -0.23   0.5
 0.36 -0.23   0.5
 0.36 -0.23   0.5
 0.36 -0.23   0.5
 0.36 -0.23   0.5
 0.36 -0.23   0.5
 0.36 -0.23   0.5
 0.36 -0.23   0.5
 0.36 -0.23   0.5
 0.36 -0.23   0.5
 0.36 -0.23   0.5
 0.36 -0.23   0.5
 0.36 -0.23   0.5
 0.36 -0.23   0.5
 0.36 -0.23   0.5
 0.36 -0.23   0.5
 0.36 -0.23   0.5
 0.36 -0.23   0.5
 0.36 -0.23   0.5
 0.36 -0.23   0.5
 0.36 -0.23   0.5
 0.36 -0.23   0.5
 0.36 -0.23   0.5
 0.36 -0.23   0.5
 0.36 -0.23   0.5
 0.36 -0.23   0.5
 0.36 -0.23   0.5
 0.36 -0.23   0.5
 0.36 -0.23   0.5
 0.36 -0.23   0.5
 0.36 -0.23   0.5
 0.36 -0.23   0.5
 0.36 -0.23   0.5
 0.36 -0.23   0.5
 0.36 -0.23   0.5
 0.36 -0.23   0.5
 0.36 -0.23   0.5
 0.36 -0.23   0.5
 0.36 -0.23   0.5
 0.36 -0.23   0.5
 0.36 -0.23   0.5
 0.36 -0.23   0.5
 0.36 -0.23   0.5
 0.36 -0.23   0.5
 0.36 -0.23   0.5
 0.36 -0.23   0.5
 0.36 -0.23   0.5
 0.36 -0.23   0.5
 0.36 -0.23   0.5
 0.36 -0.23   0.5
 0.36 -0.23   0.5
 0.36 -0.23   0.5
 0.36 -0.23   0.5
 0.36 -0.23   0.5
 0.36 -0.23   0.5
 0.36 -0.23   0.5
 0.36 -0.23   0.5
 0.36 -0.23   0.5
 0.36 -0.23   0.5
 0.36 -0.23   0.5
 0.36 -0.23   0.5
 0.36 -0.23   0.5
 0.36 -0.23   0.5
 0.36 -0.23   0.5
 0.36 -0.23   0.5
 0.36 -0.23   0.5
 0.36 -0.23   0.5
 0.36 -0.23   0.5
 0.36 -0.23   0.5
 0.36 -0.23   0.5
 0.36 -0.23   0.5
 0.36 -0.23   0.5
 0.36 -0.23   0.5
 0.36 -0.23   0.5
 0.36 -0.23   0.5
 0.36 -0.23   0.5
 0.36 -0.23   0.5
 0.36 -0.23   0.5
 0.36 -0.23   0.5
 0.36 -0.23   0.5
 0.36 -0.23   0.5
 0.36 -0.23   0.5
 0.36 -0.23   0.5
 0.36 -0.23   0.5
 0.36 -0.23   0.5
 0.36 -0.23   0.5
 0.36 -0.23   0.5
 0.36 -0.23   0.5
 0.36 -0.23   0.5
 0.36 -0.23   0.5
 0.36 -0.23   0.5
 0.36 -0.23   0.5
 0.36 -0.23   0.5
 0.36 -0.23   0.5
 0.36 -0.23   0.5
 0.36 -0.23   0.5
 0.36 -0.23   0.5
 0.36 -0.23   0.5
 0.36 -0.23   0.5
 0.36 -0.23   0.5
 0.36 -0.23   0.5
 0.36 -0.23   0.5
 0.36 -0.23   0.5
 0.36 -0.23   0.5
 0.36 -0.23   0.5
 0.36 -0.23   0.5
 0.36 -0.23   0.5
 0.36 -0.23   0.5
 0.36 -0.23   0.5
 0.36 -0.23   0.5
 0.36 -0.23   0.5
 0.36 -0.23   0.5
 0.36 -0.23   0.5
 0.36 -0.23   0.5
 0.36 -0.23   0.5
 0.36 -0.23   0.5
 0.36 -0.23   0.5
