5.00679e-06
0.00964904
0.0197051
0.0297611
0.039818
0.049885
0.0599411
0.0700071
0.0800622
0.0901191
0.100176
0.110231
0.120286
0.130363
0.140437
0.150491
0.160564
0.170621
0.18068
0.190731
0.200785
0.210839
0.220894
0.230949
0.241003
0.251058
0.261111
0.271176
0.28123
0.291283
0.301339
0.311394
0.321449
0.331518
0.341574
0.351648
0.361719
0.371785
0.38184
0.391893
0.401948
0.412001
0.422055
0.432109
0.442163
0.452221
0.462289
0.472345
0.4824
0.492455
0.50251
0.512564
0.522619
0.532675
0.54273
0.552785
0.562839
0.572895
0.582949
0.593004
0.603074
0.613129
0.623201
0.633256
0.643313
0.653369
0.663426
0.673485
0.683539
0.693594
0.703648
0.713702
0.723757
0.733812
0.743867
0.753922
0.763983
0.77405
0.784104
0.79416
0.804215
0.81427
0.824327
0.834382
0.844437
0.854492
0.864548
0.874603
0.884658
0.894712
0.904767
0.914822
0.924877
0.934942
0.944985
0.955041
0.965096
0.97515
0.985206
0.99526
1.00532
1.01537
1.02543
1.03548
1.04554
1.05559
1.06565
1.0757
1.08576
1.09581
1.10587
1.11592
1.12598
1.13604
1.14609
1.15615
1.1662
1.17626
1.18631
1.19637
1.20642
1.21648
1.22653
1.23659
1.24664
1.2567
1.26675
1.27681
1.28686
1.29692
1.30697
1.31703
1.32708
1.33715
1.34721
1.35726
1.36732
1.37738
1.38744
1.39749
1.40755
1.41762
1.42769
1.43774
1.4478
1.45785
1.46791
1.47797
1.48802
1.49809
1.50823
1.51829
1.52835
1.53841
1.54879
1.55885
1.56891
1.57896
1.58902
1.59908
1.60913
1.6192
1.62926
1.63931
1.64936
1.65942
1.66947
1.67952
1.68958
1.69963
1.70968
1.71974
1.72979
1.73985
1.7499
1.75996
1.77001
1.78007
1.79012
1.80017
1.81023
1.82029
1.83034
1.8404
1.85045
1.8605
1.87056
1.88062
1.89067
1.90073
1.91078
1.92084
1.93089
1.94094
1.951
1.96106
1.97111
1.98116
1.99122
2.00127
2.01133
2.02138
2.03144
2.0415
2.05155
2.06161
2.07166
2.08172
2.09177
2.10182
2.11188
2.12193
2.13199
2.14204
2.1521
2.16215
2.17221
2.18226
2.19232
2.20237
2.21242
2.22248
2.23253
2.24259
2.25264
2.26269
2.27272
2.28277
2.29282
2.30288
2.31293
2.32299
2.33304
2.34309
2.35315
2.3632
2.37326
2.38331
2.39337
2.40342
2.41348
2.42353
2.43359
2.44365
2.4537
2.46376
2.47381
2.48387
2.49392
2.50397
2.51403
2.52408
2.53414
2.54419
2.55425
2.5643
2.57436
2.58441
2.59447
2.60452
2.61458
2.62463
2.63469
2.64474
2.6548
2.66485
2.67491
2.68496
2.69501
2.70507
2.71512
2.72518
2.73523
2.74529
2.75534
2.7654
2.77545
2.78551
2.79556
2.80562
2.81568
2.82574
2.83579
2.84584
2.8559
2.86595
2.87601
2.88606
2.89612
2.90617
2.91623
2.92629
2.93634
2.9464
2.95645
2.96651
2.97656
2.98662
2.99667
3.00673
3.01678
3.02683
3.03689
3.04694
3.057
3.06705
3.07711
3.08717
3.09722
3.10728
3.11741
3.12747
3.13753
3.14758
3.15764
3.1677
3.17775
3.18781
3.19786
3.20792
3.21797
3.22803
3.23808
3.24814
3.2582
3.26825
3.27831
3.28836
3.29842
3.30847
3.31853
3.32858
3.33864
3.34869
3.35875
3.3688
3.37886
3.38891
3.39897
3.40902
3.41908
3.42913
3.43919
3.44925
3.4593
3.46937
3.47942
3.48948
3.49953
3.50959
3.51964
3.5297
3.53976
3.54981
3.55986
3.56992
3.57999
3.59004
3.6001
3.61015
3.62021
3.63026
3.64032
3.65037
3.66043
3.67048
3.68054
3.69059
3.70065
3.7107
3.72076
3.73082
3.74087
3.75089
3.76095
3.77101
3.78106
3.79112
3.80117
3.81123
3.82128
3.83134
3.8414
3.85145
3.86151
3.87156
3.88162
3.89167
3.90173
3.91178
3.92184
3.9319
3.94195
3.95201
3.96206
3.97212
3.98217
3.99223
4.00228
4.01234
4.02239
4.03245
4.0425
4.05256
4.06262
4.07267
4.08273
4.09279
4.10288
4.11294
4.12299
4.13305
4.14306
4.15311
4.16317
4.17322
4.18323
4.19328
4.20334
4.21339
4.22345
4.2335
4.24356
4.25361
4.26367
4.27372
4.28378
4.29383
4.30389
4.31394
4.324
4.33405
4.34411
4.35416
4.36422
4.37428
4.38433
4.39439
4.40444
4.4145
4.42456
4.43461
4.44467
4.45477
4.46485
4.4749
4.48496
4.49502
4.50507
4.51513
4.52518
4.53522
4.54532
4.55538
4.56549
4.57555
4.5856
4.59566
4.60571
4.61577
4.62582
4.63588
4.64597
4.65602
4.66608
4.67614
4.68619
4.69625
4.70633
4.71639
4.72645
4.73651
4.74656
4.75661
4.76667
4.77672
4.78678
4.79684
4.80689
4.81695
4.82701
4.83706
4.84712
4.85717
4.86722
4.87727
4.88732
4.89738
4.90743
4.91749
4.92755
4.9376
4.94766
4.95772
4.96777
4.97783
4.98788
4.99794
5.00799
5.01805
5.0281
5.03816
5.04823
5.05829
5.06834
5.0784
5.08845
5.09851
5.10856
5.11862
5.12867
5.13873
5.14878
5.15884
5.1689
5.17895
5.18904
5.19909
5.20915
5.2192
5.22926
5.23932
5.24941
5.25947
5.26952
5.27958
5.28964
5.2997
5.30975
5.31981
5.32986
5.33992
5.34997
5.36003
5.37008
5.38014
5.3902
5.40025
5.4103
5.42036
5.43041
5.44047
5.45053
5.46059
5.4707
5.48075
5.49081
5.50086
5.51091
5.52097
5.53102
5.54108
5.55114
5.56129
5.57133
5.58139
5.59148
5.60154
5.61159
5.62165
5.6317
5.64176
5.65182
5.66188
5.67195
5.68203
5.69208
5.70214
5.71219
5.72225
5.7323
5.74236
5.75241
5.76247
5.77253
5.78259
5.79265
5.80271
5.81276
5.82278
5.83284
5.84289
5.85295
5.86301
5.87306
5.88311
5.89317
5.90321
5.91327
5.92332
5.93341
5.94347
5.95352
5.96358
5.97363
5.98369
5.99374
6.00382
6.01388
6.02393
6.03399
6.04405
6.05412
6.06419
6.07425
6.08432
6.09436
6.10447
6.11453
6.12458
6.13464
6.14468
6.15473
6.16479
6.17484
6.1849
6.19495
6.20503
6.21508
6.22514
6.23519
6.24525
6.2553
6.26536
6.27545
6.28551
6.29559
6.30565
6.3157
6.32576
6.33582
6.34587
6.35593
6.36598
6.37604
6.38611
6.39616
6.40629
6.41637
6.42644
6.43655
6.44672
6.45677
6.46683
6.47688
6.48694
6.49699
6.50705
6.5171
6.52716
6.53722
6.54739
6.55745
6.56751
6.57756
6.58762
6.59767
6.60773
6.61778
6.62784
6.63789
6.64795
6.658
6.66806
6.67812
6.68817
6.6982
6.70825
6.71832
6.72838
6.73848
6.74849
6.75854
6.7686
6.77904
6.7891
6.79916
6.80921
6.81926
6.82931
6.83937
6.84947
6.85953
6.86958
6.87964
6.88969
6.89974
6.9098
6.91985
6.92991
6.93996
6.95002
6.96007
6.97013
6.98018
6.99023
7.00029
7.01034
7.0204
7.03045
7.0405
7.05056
7.06062
7.07067
7.08073
7.09078
7.10084
7.1109
7.12095
7.13101
7.14106
7.15112
7.16118
7.17123
7.18129
7.19134
7.2014
7.21145
7.22151
7.23156
7.24162
7.25168
7.26173
7.27179
7.28181
7.29187
7.30192
7.31197
7.32203
7.33208
7.34214
7.35219
7.36225
7.3723
7.38236
7.39241
7.40247
7.41254
7.4226
7.43265
7.44271
7.45278
7.46287
7.47297
7.48302
7.49312
7.50317
7.51327
7.52332
7.5334
7.54346
7.55351
7.56359
7.57365
7.5837
7.59376
7.60381
7.61387
7.62392
7.63398
7.64403
7.65409
7.66414
7.6742
7.68425
7.69431
7.7044
7.71446
7.72451
7.73457
7.74462
7.7547
7.76476
7.77482
7.78487
7.79493
7.80498
7.81504
7.8251
7.83515
7.8452
7.85526
7.86531
7.87537
7.88542
7.89548
7.90554
7.91559
7.92565
