0.0167743 -0.105384  0.508469
 0.016773 -0.105385  0.508468
0.0167732 -0.105384  0.508468
 0.016772 -0.105383  0.508468
0.0167704 -0.105384  0.508467
0.0167675 -0.105384  0.508466
 0.016766 -0.105384  0.508466
0.0167634 -0.105383  0.508466
0.0167608 -0.105385  0.508465
0.0167576 -0.105384  0.508465
0.0167539 -0.105387  0.508464
0.0167516 -0.105384  0.508464
0.0167481 -0.105383  0.508464
 0.016746 -0.105384  0.508463
0.0167428 -0.105385  0.508463
0.0167413 -0.105384  0.508462
0.0167385 -0.105383  0.508461
0.0167379 -0.105382   0.50846
0.0167371  -0.10538  0.508459
0.0167366 -0.105379  0.508458
0.0167356  -0.10538  0.508455
0.0167366 -0.105376  0.508454
 0.016738 -0.105372  0.508452
0.0167401 -0.105367   0.50845
0.0167432 -0.105359  0.508448
 0.016747 -0.105353  0.508446
0.0167517 -0.105345  0.508443
0.0167571 -0.105337   0.50844
0.0167638 -0.105325  0.508437
0.0167712 -0.105315  0.508434
0.0167798 -0.105302   0.50843
0.0167892 -0.105289  0.508426
0.0167998 -0.105273  0.508422
0.0168115 -0.105258  0.508418
0.0168243  -0.10524  0.508413
0.0168385 -0.105219  0.508408
0.0168538   -0.1052  0.508403
0.0168703 -0.105178  0.508397
0.0168879 -0.105156  0.508391
0.0169071 -0.105131  0.508384
0.0169274 -0.105106  0.508377
0.0169491 -0.105078   0.50837
 0.016972 -0.105051  0.508362
0.0169965 -0.105021  0.508354
0.0170223 -0.104991  0.508346
0.0170495 -0.104958  0.508337
0.0170783 -0.104923  0.508328
0.0171085 -0.104889  0.508318
0.0171402 -0.104852  0.508307
0.0171733 -0.104816  0.508296
0.0172081 -0.104776  0.508285
0.0172443 -0.104737  0.508272
0.0172822 -0.104694   0.50826
0.0173216 -0.104652  0.508246
0.0173625 -0.104607  0.508232
0.0174052  -0.10456  0.508218
0.0174536 -0.104502  0.508202
 0.017501 -0.104454  0.508185
0.0175486 -0.104403  0.508169
0.0175979 -0.104352  0.508151
0.0176488 -0.104298  0.508133
0.0177014 -0.104244  0.508113
0.0177556 -0.104187  0.508093
0.0178115 -0.104128  0.508073
0.0178692  -0.10407  0.508051
0.0179285  -0.10401  0.508029
0.0179895 -0.103949  0.508005
0.0180523 -0.103884   0.50798
0.0181168 -0.103819  0.507955
0.0181831 -0.103751  0.507928
0.0182511 -0.103681  0.507901
0.0183208 -0.103609  0.507871
0.0183924 -0.103536  0.507841
0.0184661 -0.103465   0.50781
0.0185412 -0.103386  0.507778
0.0186185 -0.103312  0.507744
0.0186977 -0.103231  0.507709
0.0187787 -0.103149  0.507673
0.0188617 -0.103066  0.507636
0.0189466  -0.10298  0.507597
0.0190353 -0.102895  0.507556
0.0191304 -0.102795  0.507509
0.0192214 -0.102703  0.507466
0.0193144 -0.102608  0.507421
0.0194094 -0.102513  0.507374
0.0195064 -0.102415  0.507326
0.0196053 -0.102314  0.507277
0.0197063 -0.102213  0.507225
0.0198092 -0.102109  0.507172
0.0199142 -0.102004  0.507117
0.0200212 -0.101895   0.50706
0.0201302 -0.101784  0.507001
0.0202412 -0.101673   0.50694
0.0203551 -0.101562  0.506878
0.0204705 -0.101447  0.506813
 0.020588 -0.101327  0.506746
0.0207079 -0.101206  0.506677
0.0208386 -0.101062  0.506598
0.0209663 -0.100935  0.506523
0.0210928 -0.100809  0.506445
0.0212213 -0.100678  0.506366
0.0213519 -0.100547  0.506284
0.0214847 -0.100412  0.506199
0.0216195 -0.100275  0.506112
0.0217565 -0.100137  0.506021
 0.0218956 -0.0999951   0.505928
 0.0220368 -0.0998513   0.505832
 0.0221803 -0.0997069   0.505733
 0.0223259 -0.0995584    0.50563
 0.0224736 -0.0994081   0.505525
 0.0226235 -0.0992551   0.505416
 0.0227754 -0.0991016   0.505303
 0.0229293 -0.0989446   0.505187
 0.0230854 -0.0987849   0.505068
 0.0232434 -0.0986243   0.504945
 0.0234036 -0.0984606   0.504818
 0.0235666 -0.0983005   0.504689
 0.0237309 -0.0981332   0.504554
 0.0238965 -0.0979621   0.504416
 0.0240642 -0.0977838   0.504271
 0.0242322 -0.0976111   0.504124
 0.0244043 -0.0974398   0.503976
 0.0245782 -0.0972624    0.50382
 0.0247513 -0.0970814    0.50366
 0.0249268 -0.0969003   0.503496
 0.0251039 -0.0967105   0.503325
 0.0252836 -0.0965319   0.503154
 0.0254633 -0.0963463   0.502976
 0.0256443 -0.0961575   0.502793
 0.0258319 -0.0959415   0.502587
 0.0260151 -0.0957497   0.502394
 0.0261994 -0.0955563   0.502196
 0.0263797 -0.0953891   0.502013
  0.026566 -0.0951951   0.501805
 0.0267688 -0.0949739   0.501567
 0.0269571 -0.0947771   0.501348
 0.0271462 -0.0945775   0.501123
  0.027336 -0.0943773   0.500893
 0.0275266 -0.0941759   0.500658
 0.0277176 -0.0939748   0.500416
 0.0279094 -0.0937713   0.500168
 0.0281016 -0.0935666   0.499916
 0.0282946 -0.0933613   0.499656
 0.0284884 -0.0931563    0.49939
 0.0286841 -0.0929569    0.49912
 0.0288791 -0.0927487    0.49884
 0.0290753 -0.0925395   0.498555
  0.029291 -0.0922963   0.498228
 0.0294876 -0.0920847   0.497927
 0.0296843 -0.0918722    0.49762
 0.0298812 -0.0916604   0.497305
 0.0300783 -0.0914464   0.496985
 0.0302754 -0.0912322   0.496658
 0.0304725 -0.0910166   0.496325
 0.0306698 -0.0908011   0.495984
  0.030867 -0.0905862   0.495637
 0.0310641 -0.0903696   0.495282
 0.0312611 -0.0901528   0.494922
 0.0314578 -0.0899357   0.494555
 0.0316545 -0.0897182   0.494181
 0.0318509 -0.0895001     0.4938
 0.0320472 -0.0892822   0.493413
 0.0322435 -0.0890639   0.493019
 0.0324396 -0.0888453   0.492617
 0.0326364 -0.0886312   0.492208
 0.0328324 -0.0884123   0.491793
 0.0330282 -0.0881931    0.49137
  0.033224 -0.0879735   0.490941
 0.0334196 -0.0877529   0.490504
 0.0336153 -0.0875332   0.490059
 0.0338107 -0.0873129   0.489608
 0.0340058 -0.0870921    0.48915
 0.0342006 -0.0868717   0.488685
0.0343954 -0.086651  0.488213
 0.0345898 -0.0864293   0.487733
 0.0347841 -0.0862085   0.487247
 0.0349764 -0.0859952    0.48676
 0.0351702 -0.0857752    0.48626
 0.0353632 -0.0855532   0.485753
 0.0355558 -0.0853322    0.48524
0.0357478 -0.085111  0.484722
  0.035939 -0.0848901   0.484197
 0.0361314 -0.0846318   0.483616
 0.0363403 -0.0844124   0.483071
 0.0365279 -0.0841969   0.482529
 0.0367159 -0.0839744   0.481984
 0.0369025 -0.0837536   0.481435
 0.0370872 -0.0835395   0.480881
 0.0372706 -0.0833199   0.480323
  0.037453 -0.0831022   0.479763
 0.0376332 -0.0828908   0.479197
 0.0378121 -0.0826747    0.47863
 0.0379898 -0.0824606   0.478059
 0.0381651 -0.0822523   0.477485
 0.0383391 -0.0820402   0.476908
  0.038512 -0.0818302   0.476328
  0.038683 -0.0816262   0.475744
 0.0388482 -0.0814257   0.475166
0.039016 -0.08122 0.474578
 0.0391816 -0.0810202   0.473987
  0.039346 -0.0808182   0.473394
 0.0395084 -0.0806168     0.4728
0.0396689 -0.080422  0.472203
  0.039851 -0.0802311   0.471585
 0.0400035 -0.0800038    0.47094
 0.0401578 -0.0798097    0.47034
 0.0403102 -0.0796173   0.469741
 0.0404605 -0.0794315   0.469141
 0.0406083 -0.0792424   0.468542
 0.0407543 -0.0790567   0.467945
 0.0408977 -0.0788763   0.467349
 0.0410392 -0.0786939   0.466754
 0.0411782 -0.0785144   0.466161
 0.0413153 -0.0783409    0.46557
   0.04145 -0.0781649    0.46498
 0.0415827 -0.0779919   0.464393
 0.0417129 -0.0778244   0.463807
 0.0418414 -0.0776552   0.463224
 0.0419679 -0.0774889   0.462643
 0.0420924 -0.0773276   0.462063
 0.0422152 -0.0771657   0.461486
 0.0423359 -0.0770055   0.460911
 0.0424549 -0.0768507   0.460339
 0.0425723 -0.0766937   0.459769
 0.0426878 -0.0765412   0.459202
 0.0428017 -0.0763932   0.458636
0.0429089 -0.076248  0.458081
 0.0430193 -0.0761016   0.457522
 0.0431282 -0.0759587   0.456965
0.0432465 -0.075817  0.456407
0.0433513 -0.075678  0.455858
 0.0434595 -0.0755199   0.455255
  0.043561 -0.0753819   0.454714
 0.0436608 -0.0752502   0.454177
0.0437587 -0.075118  0.453645
 0.0438548 -0.0749873   0.453118
 0.0439489 -0.0748601   0.452595
 0.0440412 -0.0747355   0.452078
 0.0441314 -0.0746128   0.451567
0.0442199 -0.074492  0.451061
 0.0443065 -0.0743744   0.450561
 0.0443911 -0.0742585   0.450066
 0.0444741 -0.0741452   0.449577
 0.0445553 -0.0740337   0.449094
 0.0446291 -0.0739287   0.448621
 0.0447126 -0.0738182   0.448143
 0.0447887 -0.0737137   0.447675
 0.0448579 -0.0736149   0.447218
 0.0449366 -0.0735113   0.446755
 0.0450025 -0.0734171   0.446308
0.0450725 -0.073321   0.44586
 0.0451416 -0.0732278   0.445419
 0.0452085 -0.0731366   0.444982
 0.0452739 -0.0730469    0.44455
 0.0453374 -0.0729596   0.444124
 0.0453995 -0.0728747   0.443703
 0.0454602 -0.0727912   0.443289
 0.0455231 -0.0727121   0.442876
   0.04558 -0.0726331   0.442473
 0.0456355 -0.0725559   0.442075
 0.0456893 -0.0724815   0.441682
0.0457469 -0.072396  0.441254
 0.0457973 -0.0723254   0.440874
 0.0458461 -0.0722567   0.440501
 0.0458931 -0.0721904   0.440133
 0.0459386 -0.0721264   0.439772
 0.0459823 -0.0720635   0.439418
 0.0460245 -0.0720037    0.43907
 0.0460652 -0.0719462   0.438728
 0.0461042 -0.0718896   0.438393
 0.0461373 -0.0718389   0.438068
 0.0461731 -0.0717865   0.437746
 0.0462077 -0.0717372   0.437431
 0.0462406 -0.0716889   0.437122
 0.0462722 -0.0716439   0.436819
  0.046303 -0.0716007   0.436524
 0.0463318 -0.0715591   0.436234
 0.0463594 -0.0715203   0.435951
 0.0463851 -0.0714823   0.435674
 0.0464104 -0.0714487   0.435402
 0.0464334 -0.0714148   0.435137
 0.0464552 -0.0713838   0.434878
 0.0464756 -0.0713541   0.434625
  0.046495 -0.0713261   0.434377
 0.0465131 -0.0713001   0.434135
 0.0465345 -0.0712692   0.433871
 0.0465505 -0.0712465    0.43364
 0.0465654 -0.0712258   0.433414
0.0465795 -0.071207  0.433193
0.0465928 -0.071189  0.432976
 0.0466051 -0.0711727   0.432764
 0.0466168 -0.0711574   0.432557
 0.0466276 -0.0711439   0.432355
