-0.00489256 -0.00348373  0.00122867   -0.521565    0.488766  -0.0329836     0.81163  -0.0565313   -0.506875    0.493139  -0.0323921    0.801846  -0.0554001    0.207933   0.0857596 -0.00298098    -0.21198  -0.0678807  -0.0851573    0.215132   0.0818849  0.00215015    -0.21066  -0.0589439  -0.0808472
-0.00486613 -0.00349359  0.00122205   -0.521556     0.48874  -0.0330241    0.811672  -0.0566125   -0.506852    0.493137  -0.0324359    0.801884  -0.0554788    0.207924   0.0857571 -0.00298035   -0.212001  -0.0678902  -0.0851555    0.215125   0.0818877  0.00214622    -0.21068  -0.0589532  -0.0808486
-0.00483866 -0.00350167  0.00121766   -0.521548    0.488715  -0.0330642    0.811715  -0.0566935   -0.506829    0.493135  -0.0324797     0.80191  -0.0555574    0.207919   0.0857526 -0.00297584   -0.212023  -0.0679021   -0.085152    0.215121   0.0818931  0.00213851   -0.210695  -0.0589557   -0.080858
-0.00481603 -0.00350799  0.00121263    -0.52154     0.48869  -0.0331046    0.811759   -0.056774   -0.506815    0.493132   -0.032523    0.801961   -0.055636     0.20792   0.0857484 -0.00296841    -0.21204  -0.0679072   -0.085147    0.215127    0.081897  0.00212925   -0.210709  -0.0589557  -0.0808597
 -0.0047952 -0.00351076  0.00120959   -0.521533    0.488665  -0.0331447    0.811803  -0.0568542   -0.506812    0.493129  -0.0325646    0.801994   -0.055715    0.207927   0.0857441 -0.00296404   -0.212049  -0.0679049  -0.0851463    0.215138    0.081901  0.00212369   -0.210718  -0.0589505  -0.0808628
-0.00477473 -0.00351248  0.00120747   -0.521527    0.488638  -0.0331847    0.811848  -0.0569342   -0.506818    0.493125  -0.0326071    0.802052  -0.0557943    0.207938   0.0857413 -0.00296421   -0.212052  -0.0678942  -0.0851456    0.215155   0.0819064  0.00212248   -0.210727  -0.0589451  -0.0808748
-0.00475397 -0.00350994  0.00120584   -0.521521    0.488611   -0.033224    0.811894  -0.0570144   -0.506836    0.493122  -0.0326491    0.802119  -0.0558741    0.207952    0.085738 -0.00296825   -0.212053  -0.0678839   -0.085144    0.215172   0.0819091  0.00212605   -0.210735  -0.0589357  -0.0808686
-0.00473281 -0.00350581  0.00120313   -0.521516    0.488583   -0.033263     0.81194  -0.0570945   -0.506861     0.49312   -0.032692    0.802191  -0.0559543     0.20797   0.0857353 -0.00297732   -0.212053  -0.0678686  -0.0851431    0.215192    0.081911  0.00213409   -0.210748  -0.0589296  -0.0808703
-0.00471107 -0.00349795  0.00119922   -0.521511     0.48855  -0.0333052    0.811991  -0.0571827   -0.506897    0.493118   -0.032735    0.802275  -0.0560351     0.20799   0.0857335 -0.00299127   -0.212052   -0.067852  -0.0851475    0.215215   0.0819137  0.00214606   -0.210765  -0.0589247  -0.0808671
-0.00468849  -0.0034885   0.0011928   -0.521507    0.488519  -0.0333433    0.812038  -0.0572629   -0.506939    0.493117  -0.0327788    0.802355  -0.0561163    0.208012   0.0857311 -0.00300932   -0.212054  -0.0678341  -0.0851474    0.215239   0.0819148  0.00216221   -0.210788  -0.0589234  -0.0808627
-0.00466521 -0.00347654  0.00118382   -0.521503    0.488486  -0.0333811    0.812085  -0.0573433   -0.506989    0.493116  -0.0328236    0.802456  -0.0561978    0.208036   0.0857303 -0.00303223   -0.212057  -0.0678149  -0.0851558    0.215265   0.0819174  0.00218215   -0.210817   -0.058928  -0.0808641
-0.00464113 -0.00346242  0.00117154   -0.521498    0.488452  -0.0334188    0.812133  -0.0574235   -0.507045    0.493116  -0.0328683    0.802538  -0.0562799    0.208062   0.0857274 -0.00305811   -0.212065  -0.0678012  -0.0851537    0.215292    0.081919  0.00220542   -0.210853  -0.0589348  -0.0808584
-0.00461638 -0.00344739  0.00115563   -0.521492    0.488419  -0.0334529    0.812176  -0.0574959   -0.507105    0.493115  -0.0329155     0.80266  -0.0563621    0.208089   0.0857257 -0.00308827   -0.212078  -0.0677876  -0.0851558    0.215292    0.081919  0.00220542   -0.210853  -0.0589348  -0.0808584
-0.00459141 -0.00342974  0.00113593   -0.521486    0.488378  -0.0334944    0.812228  -0.0575842   -0.507172    0.493115  -0.0329606    0.802734   -0.056445    0.208118   0.0857233 -0.00312156   -0.212097  -0.0677778  -0.0851625     0.21535    0.081924  0.00226032    -0.21095  -0.0589616  -0.0808475
-0.00456579 -0.00341245  0.00111192   -0.521478    0.488338  -0.0335325    0.812275  -0.0576647   -0.507248    0.493113  -0.0330126    0.802845  -0.0565361    0.208148   0.0857207 -0.00315825   -0.212122  -0.0677697  -0.0851685     0.21538   0.0819282  0.00229153   -0.211013   -0.058988  -0.0808485
-0.00454001 -0.00339372  0.00108412    -0.52147    0.488297  -0.0335711    0.812323  -0.0577452    -0.50732    0.493111  -0.0330599    0.802951  -0.0566193     0.20818   0.0857155 -0.00319658   -0.212158   -0.067771  -0.0851706    0.215412   0.0819344  0.00232431   -0.211086  -0.0590188  -0.0808438
-0.00451347 -0.00337622  0.00105193   -0.521459    0.488253  -0.0336101     0.81237  -0.0578257   -0.507392    0.493108   -0.033108    0.803053  -0.0567026    0.208212   0.0857099 -0.00323772   -0.212201  -0.0677737  -0.0851743    0.215443   0.0819409  0.00235822   -0.211168  -0.0590542  -0.0808397
-0.00448689 -0.00335869  0.00101607   -0.521448    0.488208  -0.0336498    0.812417  -0.0579063   -0.507467    0.493104  -0.0331561    0.803165   -0.056786    0.208246   0.0857019 -0.00327971   -0.212256  -0.0677878  -0.0851758    0.215475    0.081951   0.0023928   -0.211261  -0.0590986  -0.0808386
-0.00445702 -0.00334089 0.000972067   -0.521435     0.48816  -0.0336898    0.812464  -0.0579869   -0.507541    0.493097  -0.0332043    0.803264  -0.0568696     0.20828   0.0856913 -0.00332302   -0.212321  -0.0678069  -0.0851743    0.215508   0.0819636   0.0024279   -0.211366  -0.0591534  -0.0808448
-0.00443003 -0.00332686 0.000928575    -0.52142     0.48811  -0.0337307     0.81251  -0.0580677   -0.507613    0.493088  -0.0332535    0.803385   -0.056953    0.208316   0.0856781 -0.00336682   -0.212398   -0.067834  -0.0851745    0.215541   0.0819789  0.00246237   -0.211481  -0.0592121  -0.0808428
 -0.0044027 -0.00331535 0.000881643   -0.521403    0.488057   -0.033772    0.812556  -0.0581484   -0.507686    0.493077  -0.0333009    0.803474  -0.0570368    0.208357   0.0856623  -0.0034155   -0.212497  -0.0678719  -0.0851802    0.215575   0.0819984  0.00249571   -0.211608  -0.0592801  -0.0808522
 -0.0043757 -0.00330625 0.000832022   -0.521385    0.488002  -0.0338141    0.812601  -0.0582292   -0.507755    0.493063  -0.0333496    0.803579  -0.0571203    0.208395   0.0856408 -0.00345845   -0.212601  -0.0679183  -0.0851701    0.215611   0.0820227  0.00252794   -0.211749  -0.0593598  -0.0808629
 -0.0043485 -0.00330043 0.000780041   -0.521365    0.487945  -0.0338567    0.812646    -0.05831   -0.507824    0.493046  -0.0333974    0.803684   -0.057204    0.208436   0.0856145 -0.00350035    -0.21272  -0.0679744  -0.0851614    0.215648   0.0820516    0.002558   -0.211901  -0.0594442  -0.0808741
 -0.0043213 -0.00329846 0.000725972   -0.521342    0.487884     -0.0339    0.812691  -0.0583908   -0.507888    0.493026  -0.0334458    0.803785  -0.0572875    0.208478   0.0855833 -0.00354128   -0.212853  -0.0680399  -0.0851456    0.215687   0.0820864  0.00258578   -0.212067  -0.0595391  -0.0808908
-0.00429425 -0.00330052 0.000670532   -0.521318     0.48782   -0.033944    0.812735  -0.0584717   -0.507951    0.493003  -0.0334937     0.80389   -0.057371    0.208522   0.0855455 -0.00358018   -0.213002  -0.0681173  -0.0851244    0.215727   0.0821278  0.00261159   -0.212247  -0.0596462  -0.0809173
-0.00426714 -0.00330761 0.000613746   -0.521293    0.487754  -0.0339884    0.812779  -0.0585526   -0.508009    0.492976  -0.0335416    0.803986  -0.0574545    0.208567   0.0855023 -0.00361768   -0.213164  -0.0682045   -0.085103    0.215769   0.0821742  0.00263463   -0.212439  -0.0597582  -0.0809371
-0.00424053 -0.00331924 0.000556475   -0.521265    0.487684  -0.0340335    0.812823  -0.0586335   -0.508065    0.492946    -0.03359    0.804096  -0.0575379    0.208616    0.085452 -0.00365325   -0.213344  -0.0683035  -0.0850739    0.215813   0.0822293  0.00265486   -0.212645  -0.0598813  -0.0809724
-0.00421348 -0.00333675  0.00049865   -0.521235    0.487611  -0.0340788    0.812866  -0.0587145   -0.508117    0.492912  -0.0336374    0.804182  -0.0576214    0.208665   0.0853955 -0.00368746   -0.213539  -0.0684131   -0.085044    0.215858   0.0822905  0.00267313   -0.212864  -0.0600165  -0.0810093
-0.00418725 -0.00336003 0.000440856   -0.521203    0.487533   -0.034125    0.812909  -0.0587955   -0.508164    0.492874  -0.0336869    0.804305  -0.0577046    0.208719   0.0853305 -0.00371936   -0.213751  -0.0685352  -0.0850033    0.215906   0.0823591  0.00268846   -0.213097  -0.0601574  -0.0810458
-0.00416124 -0.00338842  0.00038314   -0.521169    0.487453  -0.0341711    0.812952  -0.0588765   -0.508212    0.492832  -0.0337338    0.804375  -0.0577882    0.208775   0.0852586 -0.00374991    -0.21398  -0.0686685  -0.0849615    0.215956   0.0824365  0.00270112   -0.213344  -0.0603095  -0.0810965
-0.00413582 -0.00342333 0.000325756   -0.521134    0.487368  -0.0342178    0.812995  -0.0589576   -0.508253    0.492786  -0.0337828    0.804468  -0.0578714    0.208835   0.0851785 -0.00377883   -0.214225  -0.0688134  -0.0849111     0.21601    0.082522  0.00271187   -0.213606  -0.0604748  -0.0811514
-0.00411047 -0.00346456 0.000268938   -0.521096     0.48728  -0.0342648    0.813037  -0.0590388   -0.508293    0.492737  -0.0338316    0.804564  -0.0579548    0.208899     0.08509 -0.00380667   -0.214487    -0.06897  -0.0848591    0.216066   0.0826154  0.00272029   -0.213881  -0.0606458  -0.0812089
-0.00408557 -0.00351207 0.000212535   -0.521056    0.487187  -0.0343122    0.813079    -0.05912   -0.508329    0.492683  -0.0338815    0.804653  -0.0580382    0.208966   0.0849934 -0.00383316   -0.214766  -0.0691388  -0.0847957    0.216132    0.082726  0.00272786   -0.214203  -0.0608504  -0.0812717
-0.00406083 -0.00356579 0.000156942   -0.521014     0.48709  -0.0343599    0.813121  -0.0592013   -0.508363    0.492627   -0.033932    0.804754  -0.0581216    0.209038   0.0848878 -0.00385902   -0.215063  -0.0693195  -0.0847311    0.216195   0.0828386  0.00273251    -0.21451  -0.0610437  -0.0813465
 -0.0040363 -0.00362688 0.000101575    -0.52097    0.486989  -0.0344078    0.813163  -0.0592827   -0.508395    0.492566  -0.0339827    0.804836  -0.0582051    0.209114   0.0847739 -0.00388473   -0.215376  -0.0695113  -0.0846571    0.216262   0.0829592  0.00273621   -0.214832  -0.0612492   -0.081426
-0.00401185 -0.00369389 4.69213e-05   -0.520924    0.486883  -0.0344562    0.813204  -0.0593643   -0.508422    0.492501  -0.0340358    0.804947  -0.0582884    0.209196   0.0846506  -0.0039099   -0.215708  -0.0697162  -0.0845759    0.216333    0.083089  0.00273938    -0.21517  -0.0614682  -0.0815062
 -0.00398707  -0.00376798 -8.25536e-06    -0.520875     0.486772   -0.0345046     0.813245   -0.0594458    -0.508451     0.492433   -0.0340874     0.805017   -0.0583724     0.209282    0.0845194  -0.00393546    -0.216057   -0.0699325   -0.0844928     0.216408    0.0832282   0.00274089    -0.215524   -0.0616945   -0.0816032
 -0.00396243  -0.00384789 -6.26911e-05    -0.520825     0.486657   -0.0345535     0.813286   -0.0595276    -0.508476     0.492361   -0.0341418     0.805108    -0.058456     0.209375    0.0843786  -0.00396127    -0.216425    -0.070161   -0.0844009     0.216487    0.0833764   0.00274252    -0.215893   -0.0619335   -0.0816977
-0.00393723 -0.00393526 -0.00011768   -0.520772    0.486536  -0.0346029    0.813327  -0.0596095   -0.508501    0.492285  -0.0341964      0.8052    -0.05854    0.209473   0.0842296  -0.0039883    -0.21681  -0.0704012  -0.0843072    0.216571   0.0835329  0.00274423   -0.216281  -0.0621873  -0.0818002
-0.00391237 -0.00402818 -0.00017285   -0.520716     0.48641  -0.0346525    0.813368  -0.0596917   -0.508524    0.492206  -0.0342531    0.805289   -0.058624    0.209578   0.0840712 -0.00401599   -0.217214  -0.0706543  -0.0842021    0.216661   0.0837002  0.00274563   -0.216685  -0.0624484  -0.0819121
 -0.00388702   -0.0041283 -0.000228829    -0.520658      0.48628   -0.0347028     0.813409   -0.0597739    -0.508547     0.492124   -0.0343107     0.805387   -0.0587083      0.20969    0.0839037   -0.0040454    -0.217637    -0.070919   -0.0840952     0.216756    0.0838752   0.00274763    -0.217107   -0.0627235   -0.0820285
 -0.00386045   -0.0042341 -0.000285876    -0.520598     0.486143   -0.0347534     0.813449   -0.0598563    -0.508569     0.492037   -0.0343696     0.805473   -0.0587928     0.209808    0.0837278  -0.00407627    -0.218079    -0.071196   -0.0839797     0.216856    0.0840599   0.00275055    -0.217547   -0.0630137   -0.0821458
 -0.00383291  -0.00434684 -0.000344227    -0.520534     0.486002   -0.0348048     0.813489    -0.059939     -0.50859     0.491948   -0.0344309     0.805581   -0.0588773     0.209934    0.0835426   -0.0041092     -0.21854   -0.0714855   -0.0838626     0.216962    0.0842541   0.00275353    -0.218006   -0.0633126   -0.0822796
 -0.00380481  -0.00446551 -0.000403925    -0.520462     0.485839   -0.0348617     0.813532   -0.0600302    -0.508612     0.491855    -0.034492      0.80566   -0.0589624     0.210067    0.0833486    -0.004144    -0.219021    -0.071788   -0.0837339     0.217075    0.0844569   0.00275794    -0.218484   -0.0636259   -0.0824106
 -0.00377557  -0.00459017 -0.000465188    -0.520392     0.485685   -0.0349145     0.813572   -0.0601135    -0.508633     0.491759   -0.0345559     0.805756   -0.0590475     0.210209    0.0831451  -0.00418126    -0.219524   -0.0721032   -0.0836043     0.217195     0.084669   0.00276377    -0.218983   -0.0639554   -0.0825496
 -0.00374513  -0.00472169 -0.000528525     -0.52032     0.485526   -0.0349676     0.813611   -0.0601968    -0.508656      0.49166   -0.0346205     0.805853    -0.059133      0.21036    0.0829337  -0.00422127    -0.220045   -0.0724306   -0.0834656     0.217321    0.0848907   0.00277008      -0.2195   -0.0642941    -0.082698
 -0.00371307   -0.0048585 -0.000593952    -0.520245      0.48536   -0.0350216     0.813649   -0.0602805    -0.508678     0.491557   -0.0346877      0.80595   -0.0592187     0.210519    0.0827117  -0.00426318    -0.220589    -0.072772   -0.0833197     0.217455    0.0851215   0.00277785    -0.220039    -0.064648   -0.0828505
-0.00367926 -0.00500205 -0.00066207   -0.520167    0.485188  -0.0350765    0.813687  -0.0603645   -0.508702    0.491451   -0.034756    0.806055  -0.0593047    0.210687   0.0824824 -0.00430795   -0.221153   -0.073126  -0.0831724    0.217597   0.0853607  0.00278694     -0.2206  -0.0650187  -0.0830039
 -0.00364337  -0.00515082 -0.000732735    -0.520085     0.485009   -0.0351322     0.813725   -0.0604487    -0.508726     0.491341   -0.0348264     0.806152    -0.059391     0.210865     0.082243  -0.00435497     -0.22174   -0.0734935   -0.0830165     0.217747    0.0856108   0.00279644    -0.221181   -0.0653986   -0.0831737
 -0.00360527  -0.00530683 -0.000806541        -0.52     0.484824    -0.035189     0.813762   -0.0605332    -0.508751     0.491229   -0.0348989     0.806267   -0.0594775     0.211052    0.0819958  -0.00440463    -0.222348    -0.073874    -0.082859     0.217905    0.0858681   0.00280706    -0.221784   -0.0657946   -0.0833408
 -0.00356458  -0.00546752 -0.000883198    -0.519912     0.484632   -0.0352465     0.813799    -0.060618    -0.508778     0.491112   -0.0349724     0.806362   -0.0595645     0.211249    0.0817386  -0.00445614     -0.22298   -0.0742694   -0.0826903     0.218071     0.086136    0.0028188    -0.222409   -0.0662069   -0.0835157
 -0.00352108  -0.00563605 -0.000963304     -0.51982     0.484433   -0.0353054     0.813835   -0.0607031    -0.508804     0.490993   -0.0350496     0.806496   -0.0596516     0.211456    0.0814735  -0.00451021    -0.223634   -0.0746777   -0.0825215     0.218246     0.086412   0.00283043    -0.223055   -0.0666295   -0.0836992
-0.00347484 -0.00580883 -0.00104647   -0.519724    0.484228  -0.0353649    0.813871  -0.0607886   -0.508836     0.49087   -0.035126    0.806581  -0.0597394    0.211674   0.0811985 -0.00456588   -0.224312   -0.075101   -0.082341     0.21843   0.0866986  0.00284255   -0.223725  -0.0670681   -0.083889
-0.00342509 -0.00598836 -0.00113309   -0.519625    0.484015  -0.0354257    0.813906  -0.0608744   -0.508867    0.490743  -0.0352062    0.806693  -0.0598273    0.211904   0.0809145 -0.00462335   -0.225014  -0.0755385  -0.0821595    0.218625   0.0869934  0.00285511    -0.22442  -0.0675244  -0.0840782
-0.00337174 -0.00617416  -0.0012229   -0.519522    0.483794  -0.0354876    0.813941  -0.0609605   -0.508901    0.490614  -0.0352877    0.806811  -0.0599157    0.212143   0.0806217 -0.00468285   -0.225741    -0.07599  -0.0819685    0.218828   0.0872993  0.00286686   -0.225136  -0.0679906  -0.0842856
-0.00331453 -0.00636612 -0.00131607   -0.519415    0.483566  -0.0355506    0.813975   -0.061047   -0.508935    0.490481  -0.0353718    0.806926  -0.0600044    0.212395   0.0803185 -0.00474311   -0.226493  -0.0764573    -0.08177    0.219043   0.0876134  0.00287857   -0.225878  -0.0684736  -0.0844893
-0.00325309 -0.00656423 -0.00141236   -0.519305    0.483331  -0.0356148    0.814008   -0.061134   -0.508973    0.490345   -0.035458    0.807056  -0.0600936    0.212686   0.0799726 -0.00481117    -0.22735  -0.0769879  -0.0815403    0.219269   0.0879377   0.0028899   -0.226645  -0.0689744  -0.0846986
-0.00318031 -0.00678978 -0.00152201    -0.51919    0.483087  -0.0356801     0.81404  -0.0612213   -0.509016    0.490191   -0.035555    0.807183  -0.0601923    0.212963   0.0796499 -0.00487364   -0.228157  -0.0774891   -0.081331    0.219505    0.088273  0.00289962   -0.227436  -0.0694861  -0.0849251
-0.00310894 -0.00700133 -0.00162467   -0.519072    0.482835  -0.0357466    0.814072  -0.0613091   -0.509057    0.490047  -0.0356465    0.807325  -0.0602822    0.213252   0.0793175 -0.00493725   -0.228989  -0.0780031  -0.0811141    0.219753   0.0886168  0.00290864   -0.228252  -0.0700143  -0.0851494
-0.00303279 -0.00721843 -0.00173013   -0.518949    0.482575  -0.0358141    0.814104  -0.0613972   -0.509102      0.4899  -0.0357389     0.80744  -0.0603729    0.213553   0.0789759 -0.00500149   -0.229847   -0.078532  -0.0808943    0.220012    0.088971  0.00291651   -0.229093  -0.0705595  -0.0853824
-0.00295145 -0.00744155 -0.00183822   -0.518822    0.482307  -0.0358828    0.814134  -0.0614859   -0.509148    0.489749  -0.0358348    0.807574  -0.0604638    0.213867   0.0786241 -0.00506589   -0.230731  -0.0790761  -0.0806647    0.220284   0.0893358  0.00292197   -0.229959  -0.0711156  -0.0856252
 -0.0028648 -0.00767094 -0.00194863   -0.518692    0.482031  -0.0359528    0.814164  -0.0615749   -0.509199    0.489596  -0.0359325    0.807711  -0.0605554    0.214194   0.0782626 -0.00513038   -0.231642  -0.0796358   -0.080432    0.220569   0.0897106  0.00292572   -0.230853  -0.0716887  -0.0858737
-0.00277198 -0.00790643 -0.00206121   -0.518557    0.481745  -0.0360238    0.814193  -0.0616645    -0.50925    0.489438  -0.0360333    0.807849  -0.0606473    0.214536   0.0778904 -0.00519478   -0.232581  -0.0802114  -0.0801886    0.220866   0.0900956   0.0029278   -0.231773  -0.0722797  -0.0861238
 -0.0026725 -0.00814893 -0.00217564   -0.518418    0.481451  -0.0360961    0.814222  -0.0617545   -0.509306    0.489279  -0.0361361    0.807997  -0.0607401    0.214891   0.0775086 -0.00525935    -0.23355   -0.080804  -0.0799389    0.221178   0.0904917  0.00292699   -0.232722  -0.0728834  -0.0863916
-0.00256638  -0.0083978 -0.00229194   -0.518275    0.481147  -0.0361694    0.814249   -0.061845   -0.509363    0.489115  -0.0362419    0.808139  -0.0608331     0.21526   0.0771164 -0.00532376   -0.234548  -0.0814131  -0.0796858    0.221501   0.0908977  0.00292426   -0.233696  -0.0735032  -0.0866578
-0.00245362 -0.00865391 -0.00241004   -0.518128    0.480834  -0.0362441    0.814276   -0.061936   -0.509424    0.488949  -0.0363508    0.808301  -0.0609266    0.215645   0.0767142 -0.00538774   -0.235576  -0.0820389  -0.0794222    0.221875   0.0913595  0.00291793   -0.234802  -0.0742047  -0.0869734
 -0.0023334 -0.00891562 -0.00252948   -0.517976    0.480511  -0.0363197    0.814303  -0.0620276   -0.509489     0.48878  -0.0364615    0.808444  -0.0610207    0.216044   0.0763011 -0.00545153   -0.236635  -0.0826819  -0.0791552    0.222229   0.0917889  0.00290965   -0.235837  -0.0748584  -0.0872569
-0.00220505 -0.00918675 -0.00265047   -0.517821    0.480178  -0.0363969    0.814329  -0.0621198   -0.509555    0.488609  -0.0365768    0.808628  -0.0611152    0.216459   0.0758775 -0.00551515   -0.237726  -0.0833428  -0.0788774    0.222596   0.0922286  0.00289925   -0.236901  -0.0755311  -0.0875548
 -0.0020687 -0.00946402  -0.0027725   -0.517662    0.479836  -0.0364748    0.814354  -0.0622126   -0.509629    0.488435  -0.0366921    0.808765  -0.0612106     0.21689   0.0754439 -0.00557877    -0.23885  -0.0840221  -0.0785958    0.222978   0.0926783  0.00288621   -0.237992  -0.0762153  -0.0878485
 -0.0019239  -0.0097495  -0.0028959   -0.517498    0.479483  -0.0365542    0.814378  -0.0623061   -0.509703    0.488259  -0.0368122    0.808931  -0.0613063    0.217338   0.0749993 -0.00564219   -0.240008  -0.0847198  -0.0783029    0.223375     0.09314  0.00287047   -0.239116  -0.0769189  -0.0881592
-0.00177033  -0.0100422 -0.00302022   -0.517331    0.479119  -0.0366347    0.814402  -0.0624003   -0.509783    0.488081  -0.0369347    0.809104  -0.0614024    0.217802   0.0745437 -0.00570556   -0.241199  -0.0854358  -0.0780029    0.223786    0.093613  0.00285208   -0.240268  -0.0776386  -0.0884746
-0.00160786  -0.0103425 -0.00314567   -0.517159    0.478745  -0.0367166    0.814425  -0.0624952   -0.509866    0.487901  -0.0370607    0.809276  -0.0614989    0.218283    0.074077 -0.00576897   -0.242424  -0.0861705  -0.0776988     0.22417   0.0940465  0.00283391   -0.241333  -0.0783018  -0.0887592
-0.00143613  -0.0106507 -0.00327219   -0.516983     0.47836  -0.0367998    0.814448  -0.0625909   -0.509953    0.487718  -0.0371898    0.809464  -0.0615959    0.218782   0.0735986 -0.00583255   -0.243684  -0.0869241  -0.0773835    0.224612   0.0945419  0.00281085   -0.242549  -0.0790564  -0.0890917
-0.00125438   -0.010965  -0.0033995   -0.516803    0.477965  -0.0368839    0.814469  -0.0626874   -0.510044    0.487534  -0.0373216    0.809639  -0.0616934    0.219297   0.0731079 -0.00589653   -0.244979  -0.0876969  -0.0770636    0.225119   0.0951053  0.00278255   -0.243928  -0.0799095  -0.0894739
-0.00106235  -0.0112876  -0.0035278    -0.51662    0.477558  -0.0369697    0.814491  -0.0627848   -0.510139    0.487347  -0.0374581    0.809848   -0.061791    0.219831   0.0726039  -0.0059612   -0.246311  -0.0884893  -0.0767324    0.225549   0.0955731  0.00275807    -0.24509  -0.0806262  -0.0897821
-0.000859688   -0.0116168  -0.00365709    -0.516413     0.477098   -0.0370652     0.814514   -0.0628928     -0.51024     0.487159   -0.0375954     0.810022   -0.0618895     0.220382    0.0720874  -0.00602667    -0.247679   -0.0893015   -0.0763958     0.226093    0.0961651    0.0027252     -0.24655   -0.0815242   -0.0901813
-0.000646187    -0.011954  -0.00378765    -0.516221     0.476667   -0.0371538     0.814534    -0.062992    -0.510345     0.486969   -0.0377376      0.81022   -0.0619882     0.220951    0.0715577  -0.00609318    -0.249086   -0.0901341   -0.0760472     0.226607    0.0967157   0.00269357    -0.247917   -0.0823641   -0.0905506
-0.000421389   -0.0122995  -0.00391951    -0.516025     0.476225   -0.0372438     0.814554   -0.0630919    -0.510456     0.486778   -0.0378824     0.810426   -0.0620873     0.221539    0.0710149  -0.00616081     -0.25053   -0.0909869   -0.0756905     0.227137    0.0972791   0.00266006     -0.24932   -0.0832224   -0.0909292
-0.000185481   -0.0126529  -0.00405305    -0.515825     0.475771   -0.0373352     0.814573   -0.0631929     -0.51057     0.486585   -0.0380312     0.810632   -0.0621867     0.222145    0.0704599  -0.00622971    -0.252013   -0.0918606    -0.075329     0.227685    0.0978559   0.00262473    -0.250761    -0.084101   -0.0913127
6.15714e-05  -0.0130145 -0.00418878   -0.515621    0.475305  -0.0374281    0.814592  -0.0632949    -0.51069    0.486391  -0.0381833    0.810853  -0.0622867    0.222771   0.0698911 -0.00629954   -0.253535  -0.0927551  -0.0749554    0.228251   0.0984463  0.00258726    -0.25224  -0.0850008  -0.0917097
0.000347364  -0.0134213 -0.00434006   -0.515413    0.474826  -0.0375225    0.814611  -0.0633978   -0.510829    0.486176  -0.0383543    0.811089   -0.062397    0.223417   0.0693101 -0.00637082   -0.255097  -0.0936707  -0.0745768    0.228835   0.0990501  0.00254841   -0.253756  -0.0859212  -0.0921116
0.000619753  -0.0138004 -0.00447965   -0.515201    0.474336  -0.0376187    0.814629  -0.0635018   -0.510961     0.48598  -0.0385138    0.811327  -0.0624976    0.224151   0.0686575  -0.0064517   -0.256862  -0.0947014  -0.0741574    0.229437   0.0996679  0.00250753   -0.255313  -0.0868617  -0.0925243
0.000904543  -0.0141873 -0.00462149   -0.514985    0.473834  -0.0377164    0.814646  -0.0636069   -0.511099    0.485783  -0.0386757    0.811547  -0.0625987    0.224839   0.0680473 -0.00652616   -0.258511  -0.0956627   -0.073756    0.230059    0.100301   0.0024652   -0.256911  -0.0878288  -0.0929521
 0.00120198   -0.014582 -0.00476554   -0.514765    0.473319   -0.037816    0.814664  -0.0637131   -0.511241    0.485584  -0.0388431    0.811812  -0.0626998    0.225547   0.0674228 -0.00660194     -0.2602  -0.0966456  -0.0733465      0.2307    0.100948  0.00242054    -0.25855  -0.0888159  -0.0933828
 0.00151206  -0.0149836 -0.00491204   -0.514542    0.472792   -0.037917     0.81468  -0.0638203   -0.511394    0.485385  -0.0390111    0.812031  -0.0628017    0.226275   0.0667849 -0.00667879   -0.261929   -0.097649  -0.0729316    0.231361    0.101609  0.00237363    -0.26023  -0.0898253  -0.0938263
 0.00183514  -0.0153933 -0.00506087   -0.514314    0.472253  -0.0380199    0.814697  -0.0639287   -0.511551    0.485184  -0.0391844    0.812281  -0.0629037    0.227023   0.0661326 -0.00675689   -0.263698  -0.0986737  -0.0725047    0.232042    0.102283  0.00232473   -0.261951  -0.0908564  -0.0942761
 0.00217153  -0.0158107 -0.00521206   -0.514083    0.471702  -0.0381248    0.814713  -0.0640382   -0.511716    0.484984  -0.0393606    0.812542  -0.0630063    0.227794   0.0654667 -0.00683628   -0.265511  -0.0997205  -0.0720681    0.232742    0.102973  0.00227352   -0.263713    -0.09191  -0.0947385
 0.00252167  -0.0162361 -0.00536592   -0.513849    0.471137  -0.0382314    0.814728  -0.0641488   -0.511887    0.484783  -0.0395406    0.812803  -0.0631092    0.228585   0.0647874 -0.00691678   -0.267366    -0.10079  -0.0716267    0.233465    0.103677  0.00221983    -0.26552  -0.0929873  -0.0952071
 0.00288614  -0.0166686 -0.00552193   -0.513611     0.47056  -0.0383399    0.814744  -0.0642607   -0.512066    0.484583  -0.0397242    0.813082  -0.0632124      0.2294   0.0640936 -0.00699854   -0.269268   -0.101882  -0.0711731    0.234209    0.104396  0.00216356   -0.267372  -0.0940881  -0.0956889
  0.0032655  -0.0171101 -0.00568095    -0.51337     0.46997  -0.0384505    0.814759  -0.0643736   -0.512254    0.484383  -0.0399107    0.813352  -0.0633162    0.230238   0.0633871 -0.00708134   -0.271214   -0.102998  -0.0707142    0.234974    0.105129   0.0021046   -0.269268  -0.0952124  -0.0961809
 0.00366007  -0.0175596 -0.00584223   -0.513126    0.469366  -0.0385631    0.814773  -0.0644878   -0.512447    0.484183  -0.0401023    0.813657    -0.06342    0.231098   0.0626658 -0.00716521   -0.273208   -0.104138  -0.0702422    0.235761    0.105875  0.00204292   -0.271209  -0.0963595  -0.0966751
 0.00407058   -0.018016 -0.00600599   -0.512878     0.46875  -0.0386775    0.814788  -0.0646033   -0.512652    0.483984  -0.0402949     0.81393  -0.0635246    0.231983    0.061931 -0.00725008   -0.275251   -0.105304   -0.069762    0.236571    0.106638  0.00197799   -0.273201  -0.0975359  -0.0971896
 0.00449732  -0.0184818 -0.00617249   -0.512603    0.468055  -0.0388059    0.814804  -0.0647319   -0.512863    0.483786  -0.0404927     0.81423  -0.0636292    0.232891   0.0611818 -0.00733585   -0.277344   -0.106494  -0.0692757    0.237403    0.107414   0.0019101    -0.27524  -0.0987364  -0.0977064
 0.00494117  -0.0189543 -0.00634098    -0.51235     0.46741  -0.0389248    0.814818  -0.0648503   -0.513084    0.483589  -0.0406934     0.81454  -0.0637342    0.233824   0.0604182 -0.00742244   -0.279487   -0.107711   -0.068777    0.238345    0.108284  0.00183108   -0.277542   -0.100085  -0.0982809
 0.00540211  -0.0194363 -0.00651234   -0.512094     0.46675  -0.0390459    0.814832  -0.0649699   -0.513313    0.483394  -0.0408982    0.814854  -0.0638394    0.234781   0.0596404 -0.00750988   -0.281683   -0.108954  -0.0682725    0.239227    0.109092   0.0017556   -0.279689   -0.101342  -0.0988242
 0.00588098  -0.0199274 -0.00668595   -0.511836    0.466076  -0.0391692    0.814847   -0.065091   -0.513552    0.483201  -0.0411061    0.815183   -0.063945    0.235765   0.0588481 -0.00759799   -0.283935   -0.110227  -0.0677543    0.240132    0.109915  0.00167688   -0.281888   -0.102628  -0.0993745
 0.00638074   -0.020429 -0.00686136   -0.511577    0.465387  -0.0392945     0.81486  -0.0652136   -0.513826    0.482993   -0.041338    0.815542  -0.0640618    0.236776   0.0580418 -0.00768766   -0.286249   -0.111531  -0.0672274    0.241062    0.110754  0.00159388   -0.284148   -0.103942  -0.0999375
 0.00690226  -0.0209914  -0.0070559   -0.511316    0.464683  -0.0394221    0.814874  -0.0653379   -0.514085    0.482807  -0.0415531    0.815894   -0.064168    0.237917   0.0571335 -0.00778728   -0.288863   -0.113002  -0.0666284    0.242016    0.111609  0.00150783   -0.286468   -0.105292    -0.10051
 0.00749798  -0.0215106 -0.00723524   -0.511053    0.463965  -0.0395519    0.814889  -0.0654636   -0.514354    0.482623  -0.0417713    0.816231  -0.0642742    0.238981    0.056294 -0.00787847   -0.291299   -0.114369  -0.0660798    0.242993     0.11248  0.00141635    -0.28884   -0.106666   -0.101095
 0.00806157  -0.0220393 -0.00741673   -0.510788    0.463233  -0.0396842    0.814904  -0.0655912   -0.514631    0.482441  -0.0419953    0.816615  -0.0643799    0.240069   0.0554403 -0.00796981    -0.29379   -0.115764  -0.0655256    0.243994    0.113367  0.00132075   -0.291268   -0.108071   -0.101692
 0.00864484  -0.0225749 -0.00759996    -0.51052    0.462486  -0.0398184    0.814919  -0.0657204   -0.514921    0.482262  -0.0422202    0.816956  -0.0644863     0.24118   0.0545712 -0.00806074   -0.296335   -0.117187  -0.0649585    0.245018    0.114269  0.00122041    -0.29375   -0.109506   -0.102296
 0.00924801  -0.0231184 -0.00778482   -0.510251    0.461726  -0.0399551    0.814934  -0.0658513   -0.515218    0.482085  -0.0424507    0.817331  -0.0645924    0.242317   0.0536872 -0.00815134   -0.298935   -0.118637  -0.0643851    0.246069    0.115187  0.00111422   -0.296287   -0.110965   -0.102912
 0.00987194  -0.0236695 -0.00797091    -0.50998     0.46095  -0.0400943     0.81495  -0.0659839   -0.515528    0.481911   -0.042684    0.817718  -0.0646989     0.24348   0.0527865 -0.00824156   -0.301593   -0.120117   -0.063798    0.247145    0.116122  0.00100338   -0.298885    -0.11246    -0.10354
   0.010517    -0.02423 -0.00815876   -0.509708     0.46016  -0.0402358    0.814966  -0.0661181   -0.515847    0.481741  -0.0429213    0.818108  -0.0648055     0.24467   0.0518716 -0.00833137   -0.304309   -0.121626  -0.0632019    0.248247    0.117073 0.000886564   -0.301538   -0.113979   -0.104182
  0.0111834  -0.0247995 -0.00834789   -0.509435    0.459355  -0.0403798    0.814982   -0.066254   -0.516177    0.481575  -0.0431623    0.818519  -0.0649122    0.245888   0.0509427 -0.00842101   -0.307086   -0.123165  -0.0625996    0.249375    0.118038 0.000765015   -0.304251   -0.115533   -0.104827
  0.0118728  -0.0253766 -0.00853809   -0.509161    0.458535  -0.0405259    0.814999  -0.0663918   -0.516519    0.481413  -0.0434062    0.818922  -0.0650191    0.247134   0.0499972 -0.00851026   -0.309926   -0.124736  -0.0619835    0.250531     0.11902 0.000636925   -0.307027   -0.117116    -0.10549
  0.0125858  -0.0259622 -0.00872898   -0.508887      0.4577  -0.0406745    0.815016  -0.0665315   -0.516872    0.481255  -0.0436551    0.819364  -0.0651257    0.248407   0.0490365 -0.00859928   -0.312828   -0.126339  -0.0613582    0.251714    0.120017 0.000503891   -0.309868   -0.118735   -0.106162
  0.0133226  -0.0265561 -0.00892022   -0.508615    0.456849   -0.040825    0.815033  -0.0666729   -0.517241    0.481105  -0.0439042    0.819774  -0.0652337    0.249714   0.0480585 -0.00868885   -0.315806   -0.127978  -0.0607257    0.252932    0.121034 0.000363823   -0.312787   -0.120391   -0.106846
  0.0140867  -0.0271584 -0.00911221   -0.508342    0.455983  -0.0409782    0.815052  -0.0668163   -0.517619     0.48096  -0.0441591    0.820215  -0.0653406    0.251045   0.0470642 -0.00877812   -0.318848   -0.129651  -0.0600793    0.254173    0.122067 0.000218806   -0.315769   -0.122084    -0.10754
  0.0148763   -0.027769 -0.00930482   -0.508069    0.455101  -0.0411338    0.815071  -0.0669618   -0.518011     0.48082   -0.044417    0.820668  -0.0654474    0.252403   0.0460543 -0.00886694   -0.321954   -0.131355  -0.0594236    0.255439    0.123118 6.71641e-05   -0.318814   -0.123805   -0.108246
   0.0156909    -0.028389  -0.00949841    -0.507797     0.454204   -0.0412919     0.815092   -0.0671092    -0.518415     0.480686   -0.0446786     0.821126   -0.0655542      0.25379    0.0450288  -0.00895547    -0.325128    -0.133094   -0.0587573     0.256734     0.124185 -9.00704e-05    -0.321928    -0.125565    -0.108964
   0.0165321    -0.029018  -0.00969254    -0.507525     0.453292   -0.0414524     0.815113   -0.0672589    -0.518832     0.480559   -0.0449433     0.821603   -0.0656609     0.255207    0.0439872  -0.00904389    -0.328372    -0.134867   -0.0580845     0.258056     0.125268 -0.000254218    -0.325108    -0.127355    -0.109696
   0.0174014   -0.0296561   -0.0098873    -0.507255     0.452364   -0.0416153     0.815135   -0.0674108    -0.519263     0.480438   -0.0452114     0.822078   -0.0657672     0.256649    0.0429311  -0.00913189     -0.33168    -0.136672   -0.0573993     0.259401     0.126367 -0.000423262    -0.328351    -0.129182    -0.110433
   0.0182995   -0.0303041   -0.0100821    -0.506988      0.45142   -0.0417807     0.815158   -0.0675651    -0.519707     0.480326   -0.0454832     0.822586   -0.0658734     0.258119    0.0418589   -0.0092201    -0.335059    -0.138513   -0.0567029     0.260773     0.127483 -0.000599018    -0.331664    -0.131041     -0.11119
   0.0192271   -0.0309603   -0.0102766    -0.506723     0.450462   -0.0419481     0.815182   -0.0677217    -0.520167     0.480221   -0.0457563     0.823073   -0.0659797     0.259618    0.0407729  -0.00930873     -0.33851    -0.140389       -0.056     0.262173     0.128617 -0.000779819     -0.33505     -0.13294    -0.111953
   0.0201838   -0.0316257   -0.0104713     -0.50646     0.449489   -0.0421179     0.815207   -0.0678806     -0.52064     0.480124   -0.0460338     0.823587   -0.0660855     0.261146    0.0396687  -0.00939728    -0.342033      -0.1423   -0.0552849     0.263599     0.129767 -0.000967873    -0.338505    -0.134871    -0.112729
  0.0211676  -0.0322989  -0.0106663   -0.506173    0.448402  -0.0423073    0.815236  -0.0680581   -0.521128    0.480035   -0.046314    0.824112  -0.0661912    0.262701    0.038549 -0.00948501   -0.345624   -0.144245  -0.0545585    0.265203    0.131053 -0.00118211   -0.342392   -0.137046   -0.113608
  0.0221812  -0.0329789  -0.0108613   -0.505941    0.447499  -0.0424643    0.815261  -0.0682053    -0.52163    0.479954  -0.0465981    0.824645  -0.0662965    0.264288   0.0374104  -0.0095725   -0.349289   -0.146225  -0.0538269    0.266689    0.132238 -0.00138488   -0.345996   -0.139052   -0.114405
  0.0232262  -0.0336696  -0.0110565   -0.505687    0.446482  -0.0426414    0.815291  -0.0683709   -0.522148    0.479884  -0.0468846    0.825196  -0.0664015    0.265901   0.0362609 -0.00965941   -0.353024    -0.14824   -0.053081      0.2682    0.133437 -0.00159354   -0.349667   -0.141094   -0.115218
  0.0242996  -0.0343733  -0.0112536   -0.505436    0.445449  -0.0428212    0.815322  -0.0685385    -0.52268    0.479822  -0.0471741    0.825749  -0.0665063    0.267545   0.0350988 -0.00974527    -0.35683   -0.150292  -0.0523277    0.269584    0.134523 -0.00178724   -0.353028    -0.14296   -0.115947
  0.0254035  -0.0350833  -0.0114501   -0.505188    0.444403  -0.0430031    0.815355   -0.068709   -0.523228     0.47977  -0.0474673    0.826329  -0.0666104    0.269217   0.0339238 -0.00983104   -0.360705   -0.152371  -0.0515698    0.271145    0.135747 -0.00200947   -0.356822   -0.145063   -0.116779
  0.0265411  -0.0357984  -0.0116451   -0.504947    0.443345  -0.0431867     0.81539  -0.0688821   -0.523793    0.479727  -0.0477621    0.826898  -0.0667143    0.270916   0.0327343 -0.00991536   -0.364651   -0.154486  -0.0507977    0.272892    0.137114 -0.00226271    -0.36108   -0.147418   -0.117715
  0.0277118  -0.0365213  -0.0118395   -0.504686    0.442165  -0.0433915     0.81543  -0.0690753   -0.524373    0.479694  -0.0480615    0.827516  -0.0668175    0.272643   0.0315289 -0.00999876   -0.368671   -0.156641  -0.0500183    0.274512    0.138373 -0.00250079   -0.365031   -0.149599    -0.11857
  0.0289109  -0.0372529  -0.0120342   -0.504478    0.441188  -0.0435612    0.815464  -0.0692352   -0.524974    0.479673  -0.0483605    0.828093  -0.0669212    0.274407   0.0303116  -0.0100819   -0.372773   -0.158827  -0.0492312    0.276162    0.139641 -0.00274733   -0.369058   -0.151816   -0.119435
  0.0301445  -0.0379913  -0.0122285   -0.504251    0.440089  -0.0437521    0.815506  -0.0694151   -0.525588    0.479662  -0.0486644    0.828707  -0.0670236    0.276198    0.029084   -0.010163   -0.376945    -0.16105  -0.0484383    0.277835    0.140922 -0.00300129   -0.373147   -0.154064   -0.120306
  0.0314133  -0.0387401  -0.0124233    -0.50403    0.438978  -0.0439455    0.815549  -0.0695973   -0.526221    0.479663  -0.0489705    0.829338  -0.0671256    0.278007   0.0278466  -0.0102416   -0.381177   -0.163305  -0.0476365    0.279359    0.142081 -0.00323574   -0.376882   -0.156114   -0.121093
  0.0327163  -0.0394918  -0.0126154   -0.503796    0.437742  -0.0441605      0.8156   -0.069801   -0.526871    0.479674  -0.0492796    0.829975  -0.0672269    0.279847   0.0265953  -0.0103202   -0.385483   -0.165591  -0.0468259    0.281252    0.143521 -0.00353169   -0.381526   -0.158658   -0.122081
  0.0340546  -0.0402477  -0.0128051    -0.50359    0.436607  -0.0443582    0.815648  -0.0699887    -0.52754    0.479697  -0.0495911    0.830635  -0.0673277    0.281716   0.0253308  -0.0103984   -0.389864   -0.167911  -0.0460116    0.283003    0.144844 -0.00380868   -0.385828    -0.16101   -0.122985
   0.035429  -0.0410068  -0.0129925   -0.503393     0.43546  -0.0445579    0.815699  -0.0701788   -0.528228    0.479732  -0.0499043    0.831291  -0.0674281    0.283611   0.0240508  -0.0104753   -0.394316   -0.170263  -0.0451863     0.28478     0.14618 -0.00409375   -0.390206   -0.163398   -0.123894
  0.0368393  -0.0417729  -0.0131784   -0.503203    0.434301  -0.0447602    0.815754  -0.0703711   -0.528932     0.47978  -0.0502215    0.831988  -0.0675276    0.285727    0.022633  -0.0105601   -0.399297   -0.172886  -0.0442811    0.286583    0.147527 -0.00438651   -0.394656   -0.165822   -0.124816
  0.0382856  -0.0425441  -0.0133626   -0.503022    0.433131  -0.0449645    0.815812  -0.0705657   -0.529658    0.479842  -0.0505385    0.832658   -0.067627     0.28768     0.02133  -0.0106355   -0.403903    -0.17531  -0.0434424     0.28841    0.148888 -0.00468699   -0.399177   -0.168279   -0.125746
  0.0397683  -0.0433211  -0.0135455   -0.502849     0.43195  -0.0451712    0.815873  -0.0707629   -0.530401    0.479916  -0.0508596     0.83336  -0.0677252    0.289657   0.0200171  -0.0107099   -0.408579   -0.177765  -0.0425972    0.290262    0.150259 -0.00499531   -0.403767    -0.17077   -0.126685
  0.0412867  -0.0440997  -0.0137257   -0.502685    0.430759  -0.0453798    0.815937  -0.0709626   -0.531163    0.480004  -0.0511826    0.834077  -0.0678226    0.291457   0.0188254  -0.0107749   -0.412845   -0.180005   -0.041824    0.292138    0.151644 -0.00531152   -0.408429   -0.173295   -0.127629
  0.0428409  -0.0448806  -0.0139036    -0.50253    0.429558  -0.0455905    0.816006  -0.0711649   -0.531944    0.480103  -0.0515084    0.834802  -0.0679192    0.293481   0.0174896  -0.0108473   -0.417648   -0.182518   -0.040971     0.29404    0.153042 -0.00563557   -0.413162   -0.175855   -0.128584
  0.0445921  -0.0457455  -0.0140973   -0.502386    0.428346  -0.0458038    0.816077  -0.0713694   -0.532826    0.480231  -0.0518682    0.835622  -0.0680248     0.29574    0.016011  -0.0109274   -0.423017   -0.185316  -0.0400295    0.295967     0.15445 -0.00596713   -0.417968   -0.178449   -0.129547
  0.046223 -0.0465382 -0.0142717  -0.502251   0.427125 -0.0460193   0.816153 -0.0715764  -0.533648   0.480361 -0.0521972   0.836371   -0.06812   0.297822  0.0146559 -0.0109992  -0.427978    -0.1879 -0.0391651   0.297918   0.155868 -0.0063062   -0.42285   -0.18108  -0.130519
  0.0478899  -0.0473339  -0.0144444   -0.502127    0.425894  -0.0462371    0.816233  -0.0717861   -0.534489    0.480507  -0.0525288    0.837149  -0.0682138    0.299929    0.013291  -0.0110704   -0.433012   -0.190517  -0.0382921    0.299894    0.157293 -0.00665322   -0.427803   -0.183745   -0.131495
  0.0495924  -0.0481303   -0.014615   -0.502012    0.424655   -0.046457    0.816317  -0.0719984   -0.535349    0.480665  -0.0528613    0.837918  -0.0683068    0.302059   0.0119149  -0.0111404   -0.438114   -0.193164  -0.0374147    0.301892    0.158734 -0.00700832   -0.432828   -0.186445   -0.132482
  0.0513314  -0.0489273   -0.014783   -0.501908    0.423408  -0.0466793    0.816405  -0.0722135   -0.536227    0.480837  -0.0531975    0.838737  -0.0683983    0.304213   0.0105264  -0.0112097   -0.443284   -0.195841  -0.0365317    0.303914    0.160188 -0.00737148   -0.437928   -0.189181   -0.133477
  0.0531067  -0.0497208  -0.0149475   -0.501815    0.422154  -0.0469031    0.816496  -0.0724312   -0.537128    0.481023  -0.0535324    0.839516  -0.0684893    0.306388   0.0091247  -0.0112786   -0.448525    -0.19855  -0.0356465    0.305951    0.161658 -0.00774036   -0.443091   -0.191951   -0.134481
   0.054917   -0.050521  -0.0151121   -0.501733    0.420891  -0.0471299    0.816593  -0.0726508   -0.538047    0.481224    -0.05387    0.840333  -0.0685793    0.308589   0.0077142  -0.0113467   -0.453836   -0.201291  -0.0347538    0.308019    0.163135 -0.00811905   -0.448336   -0.194757   -0.135491
  0.0567636  -0.0513232  -0.0152747   -0.501664    0.419619  -0.0473591    0.816694   -0.072873   -0.538987    0.481441  -0.0542084    0.841167  -0.0686682    0.310813  0.00629815  -0.0114147   -0.459219   -0.204063  -0.0338568    0.310109    0.164621 -0.00850535   -0.453656     -0.1976   -0.136509
  0.0586462  -0.0521256  -0.0154353   -0.501608    0.418342  -0.0475899      0.8168  -0.0730981   -0.539946    0.481674  -0.0545479    0.842006  -0.0687561    0.313063  0.00486663  -0.0114824   -0.464678   -0.206869  -0.0329551    0.312227    0.166122 -0.00890009   -0.459063   -0.200485   -0.137531
  0.0605714  -0.0529317  -0.0155931   -0.501567    0.417056  -0.0478228    0.816909   -0.073326   -0.540929    0.481926  -0.0548868    0.842869  -0.0688434    0.315341  0.00342418  -0.0115512   -0.470228   -0.209718  -0.0320514     0.31437    0.167637 -0.00930318   -0.464565   -0.203418   -0.138566
  0.0625428  -0.0537417  -0.0157487   -0.501542    0.415634  -0.0480817    0.817036  -0.0735795   -0.541934    0.482195  -0.0552254    0.843728  -0.0689291     0.31764  0.00197055  -0.0116209   -0.475865   -0.212607  -0.0311397    0.316747    0.169313 -0.00975489   -0.470715   -0.206692   -0.139708
  0.0645571  -0.0545554  -0.0159022   -0.501533    0.414333  -0.0483198    0.817157  -0.0738128   -0.542959    0.482482  -0.0555665    0.844629  -0.0690128    0.319958 0.000505918  -0.0116916   -0.481585   -0.215534  -0.0302236    0.318924    0.170852  -0.0101725   -0.476392   -0.209714    -0.14076
   0.0666093   -0.0553725   -0.0160546     -0.50154     0.413026   -0.0485598     0.817282   -0.0740487    -0.544113     0.482818   -0.0559055     0.845503   -0.0690957       0.3223 -0.000970246   -0.0117628    -0.487391    -0.218502   -0.0293021     0.321123     0.172404   -0.0105982    -0.482157    -0.212782     -0.14182
  0.0689165  -0.0562788  -0.0162219   -0.501561    0.411711  -0.0488027    0.817414  -0.0742872   -0.545181    0.483141  -0.0562811    0.846502  -0.0691844    0.324896 -0.00260329  -0.0118408   -0.493869   -0.221813  -0.0282765    0.323331    0.173961  -0.0110306   -0.487991   -0.215883   -0.142889
  0.0710557  -0.0571048  -0.0163733   -0.501596    0.410392   -0.049048    0.817552  -0.0745285    -0.54627    0.483481  -0.0566225    0.847423  -0.0692632    0.327273 -0.00409885  -0.0119123   -0.499837   -0.224856  -0.0273454    0.325554    0.175534  -0.0114713   -0.493903   -0.219026   -0.143966
  0.0732317  -0.0579338   -0.016524   -0.501645    0.409067  -0.0492957    0.817696  -0.0747725   -0.547377    0.483835  -0.0569654    0.848356  -0.0693401    0.329665 -0.00560328  -0.0119838   -0.505875   -0.227932  -0.0264107    0.327788    0.177116  -0.0119186   -0.499883   -0.222202    -0.14505
  0.0754422  -0.0587617  -0.0166728   -0.501707    0.407739  -0.0495457    0.817845  -0.0750195   -0.548503    0.484203  -0.0573088    0.849306  -0.0694153    0.332071 -0.00711926  -0.0120553   -0.511976   -0.231036  -0.0254749    0.330035    0.178711  -0.0123733   -0.505931   -0.225414   -0.146143
  0.0776869  -0.0595899  -0.0168203   -0.501783    0.406409  -0.0497978       0.818   -0.075269   -0.549647    0.484586  -0.0576528    0.850259  -0.0694892     0.33449 -0.00864515  -0.0121267   -0.518141   -0.234169  -0.0245329    0.332291    0.180315  -0.0128336   -0.512044    -0.22866   -0.147241
 0.0799648 -0.0604179 -0.0169666  -0.501873   0.405075  -0.050052   0.818161  -0.075521  -0.550809   0.484984 -0.0579973    0.85124 -0.0695618   0.336922 -0.0101809 -0.0121982  -0.524369   -0.23733 -0.0235883    0.33456   0.181931 -0.0133015  -0.518223  -0.231938  -0.148347
 0.0822753 -0.0612452 -0.0171119  -0.501979    0.40374 -0.0503081   0.818328 -0.0757753  -0.551991   0.485396 -0.0583407   0.852208 -0.0696333   0.339368  -0.011723 -0.0122695  -0.530661  -0.240521 -0.0226394   0.336839   0.183559  -0.013776  -0.524468  -0.235251   -0.14946
  0.084618 -0.0620711 -0.0172563  -0.502099   0.402404 -0.0505663     0.8185 -0.0760319   -0.55319   0.485823 -0.0586861   0.853226 -0.0697032   0.341825 -0.0132797 -0.0123401  -0.537014  -0.243739  -0.021688   0.339129   0.185199 -0.0142585  -0.530781  -0.238599  -0.150579
 0.0869916 -0.0628944 -0.0173999  -0.502234   0.401066 -0.0508261   0.818678 -0.0762906  -0.554411   0.486264 -0.0590281   0.854203 -0.0697724   0.344293 -0.0148474 -0.0124098   -0.54343  -0.246986 -0.0207365   0.341428   0.186848 -0.0147486  -0.537158  -0.241981  -0.151706
  0.089396 -0.0637198 -0.0175435  -0.502385   0.399728 -0.0510881   0.818863 -0.0765514  -0.555648   0.486721 -0.0593715   0.855216 -0.0698399   0.346773 -0.0164226 -0.0124792  -0.549908  -0.250261 -0.0197798   0.343736   0.188508 -0.0152453  -0.543598  -0.245395  -0.152838
 0.0918272 -0.0645442 -0.0176865   -0.50255   0.398388 -0.0513522   0.819054  -0.076814  -0.556904    0.48719 -0.0597147   0.856244  -0.069906   0.349262 -0.0180053 -0.0125482   -0.55644  -0.253561 -0.0188213   0.346048   0.190176 -0.0157482  -0.550091  -0.248837  -0.153976
 0.0942852 -0.0653681 -0.0178296   -0.50273   0.397049  -0.051618   0.819251 -0.0770787  -0.558175   0.487673 -0.0600579   0.857276 -0.0699706   0.351759 -0.0195957 -0.0126166  -0.563026  -0.256885  -0.017861   0.348365   0.191853 -0.0162574  -0.556638  -0.252309  -0.155121
 0.0967695 -0.0661918 -0.0179725  -0.502925   0.395709 -0.0518857   0.819455 -0.0773454  -0.559464    0.48817 -0.0604007    0.85833  -0.070034   0.354263 -0.0211935 -0.0126845  -0.569666  -0.260235 -0.0168989   0.350686   0.193536 -0.0167731  -0.563241   -0.25581  -0.156271
 0.0992796 -0.0670144 -0.0181155  -0.503136   0.394371 -0.0521549   0.819665 -0.0776141  -0.560771   0.488681 -0.0607421   0.859377 -0.0700963   0.356775 -0.0227957 -0.0127515  -0.576361  -0.263611 -0.0159345   0.353011   0.195231 -0.0172956  -0.569899  -0.259341  -0.157427
  0.101815 -0.0678365 -0.0182593  -0.503363   0.393033 -0.0524259   0.819881 -0.0778846  -0.562094   0.489205 -0.0610842   0.860462 -0.0701569   0.359294 -0.0244087  -0.012817  -0.583113  -0.267012 -0.0149686    0.35534   0.196936 -0.0178261  -0.576615  -0.262905  -0.158597
  0.104376 -0.0686581 -0.0184028  -0.503606   0.391697 -0.0526983   0.820103  -0.078157  -0.563436   0.489742 -0.0614225   0.861517 -0.0702169   0.361818   -0.02603 -0.0128815   -0.58992  -0.270442 -0.0140007   0.357669   0.198648 -0.0183628  -0.583386  -0.266499  -0.159765
  0.106962 -0.0694815  -0.018547  -0.503865   0.390362 -0.0529726   0.820333  -0.078431  -0.564794   0.490293 -0.0617615   0.862602 -0.0702752   0.364346  -0.027658 -0.0129453  -0.596784  -0.273898 -0.0130312   0.359999   0.200366 -0.0189061  -0.590211  -0.270123  -0.160939
  0.109572 -0.0703048 -0.0186924   -0.50414   0.389029 -0.0532484   0.820569 -0.0787069  -0.566169   0.490858 -0.0620985   0.863697 -0.0703323   0.366877 -0.0292905  -0.013008  -0.603701  -0.277383 -0.0120705   0.362329   0.202094 -0.0194578  -0.597093   -0.27378  -0.162122
  0.112204  -0.071127 -0.0188369  -0.504431   0.387698 -0.0535256   0.820811 -0.0789846  -0.567558   0.491436 -0.0624352   0.864798 -0.0703878   0.369412 -0.0309337 -0.0130683  -0.610676  -0.280894 -0.0110974   0.364658   0.203833 -0.0200163   -0.60403  -0.277469   -0.16331
  0.114859 -0.0719474 -0.0189805  -0.504739   0.386371 -0.0538041    0.82106 -0.0792641  -0.568964   0.492025 -0.0627705   0.865915  -0.070442    0.37195 -0.0325863 -0.0131269  -0.617707  -0.284434 -0.0101218   0.366981   0.205584 -0.0205802  -0.611015  -0.281188  -0.164506
  0.117535   -0.07277 -0.0191252  -0.505063   0.385046 -0.0540842   0.821316  -0.079545  -0.570385   0.492628 -0.0631041   0.867029  -0.070495   0.374489  -0.034246 -0.0131832  -0.624792  -0.288002 -0.0091443   0.369303   0.207339 -0.0211538  -0.618056  -0.284939  -0.165708
   0.120232  -0.0735908  -0.0192694   -0.505404    0.383725  -0.0543657    0.821579  -0.0798275   -0.571821    0.493243  -0.0634374    0.868173  -0.0705464    0.377027  -0.0359138  -0.0132363   -0.631926   -0.291595 -0.00816244    0.371619    0.209108  -0.0217354   -0.625147   -0.288719   -0.166918
  0.122956 -0.0744159 -0.0194153  -0.505765   0.382408 -0.0546483   0.821848 -0.0801117  -0.573276   0.493874 -0.0637655   0.869294 -0.0705976   0.379565 -0.0375879 -0.0132864  -0.639128  -0.295224  -0.007181    0.37393   0.210882 -0.0223263  -0.632299  -0.292536  -0.168133
   0.125696  -0.0752443   -0.019562    -0.50614    0.381094  -0.0549329    0.822125   -0.080397   -0.574742    0.494516  -0.0640944    0.870439  -0.0706465    0.382102   -0.039266  -0.0133335    -0.64638   -0.298879 -0.00619742    0.376234    0.212658  -0.0229251   -0.639493    -0.29638   -0.169357
   0.128451  -0.0760744  -0.0197088    -0.50653    0.379784  -0.0552192    0.822409  -0.0806838   -0.576221     0.49517  -0.0644214    0.871592   -0.070694    0.384635  -0.0409455  -0.0133777   -0.653676   -0.302559 -0.00521188    0.378529    0.214444  -0.0235311   -0.646728   -0.300249   -0.170584
   0.131221  -0.0769041  -0.0198558   -0.506936    0.378479  -0.0555064      0.8227  -0.0809722   -0.577712    0.495833  -0.0647478     0.87275  -0.0707399    0.387163  -0.0426355  -0.0134174   -0.661015   -0.306261 -0.00422481    0.380816    0.216239  -0.0241464   -0.654004   -0.304144    -0.17182
   0.134001  -0.0777349  -0.0200023   -0.507357    0.377179  -0.0557946    0.822997  -0.0812621   -0.579216    0.496509  -0.0650717     0.87392  -0.0707848    0.389693  -0.0443318   -0.013453   -0.668404   -0.309991 -0.00323564    0.383099    0.218038  -0.0247709   -0.661327    -0.30807   -0.173064
   0.136793  -0.0785695  -0.0201502   -0.507794    0.375885  -0.0560839    0.823302  -0.0815531   -0.580731    0.497195  -0.0653938    0.875087  -0.0708285     0.39222  -0.0460307  -0.0134844   -0.675843   -0.313747 -0.00224292    0.385373    0.219843  -0.0254035    -0.66869    -0.31202   -0.174312
   0.139597  -0.0794045  -0.0202971   -0.508247    0.374597  -0.0563738    0.823613  -0.0818454   -0.582258    0.497892   -0.065715    0.876277  -0.0708709    0.394742  -0.0477352  -0.0135116   -0.683326   -0.317529 -0.00125093    0.387635    0.221653   -0.026045   -0.676094   -0.315999   -0.175568
    0.142413   -0.0802417   -0.0204439    -0.508716     0.373315   -0.0566646      0.82393   -0.0821385    -0.583797     0.498599   -0.0660333     0.877449   -0.0709123     0.397256   -0.0494446   -0.0135343    -0.690851    -0.321335 -0.000256545     0.390106     0.223652   -0.0267591    -0.684278    -0.320403    -0.176959
   0.145238  -0.0810793  -0.0205896   -0.509249    0.371914  -0.0569854    0.824288  -0.0824622   -0.585343    0.499316  -0.0663521    0.878664  -0.0709519     0.39976  -0.0511599  -0.0135525   -0.698415   -0.325163 0.000739641    0.392338    0.225477  -0.0274167   -0.691753   -0.324432   -0.178223
  0.148073 -0.0819214 -0.0207362   -0.50975   0.370646 -0.0572781    0.82462 -0.0827572  -0.586904   0.500044 -0.0666656   0.879833  -0.070991   0.402255 -0.0528772 -0.0135665  -0.706016  -0.329014 0.00173929    0.39455   0.227307 -0.0280829  -0.699254  -0.328481  -0.179504
  0.150923 -0.0827661 -0.0208832  -0.510268   0.369385 -0.0575421   0.824925 -0.0830234  -0.588473    0.50078 -0.0669788   0.881031 -0.0710283   0.404731 -0.0545963 -0.0135756  -0.713647  -0.332884 0.00273759   0.396737   0.229137 -0.0287553  -0.706777  -0.332549  -0.180787
  0.153779 -0.0836161  -0.021031  -0.510801   0.368131 -0.0578657   0.825306 -0.0833497  -0.590052   0.501527 -0.0672893   0.882238 -0.0710646   0.407192 -0.0563155 -0.0135807  -0.721307  -0.336772 0.00373726   0.398903   0.230967 -0.0294331  -0.714317  -0.336632  -0.182068
   0.15664 -0.0844704 -0.0211795  -0.511349   0.366885 -0.0581604   0.825659 -0.0836471  -0.591638   0.502282 -0.0675982   0.883442 -0.0710994    0.40964 -0.0580329 -0.0135823  -0.728992  -0.340676 0.00473668   0.401046   0.232798 -0.0301176  -0.721872  -0.340729  -0.183364
  0.159504 -0.0853292 -0.0213288  -0.511911   0.365647 -0.0584558   0.826019 -0.0839453  -0.593391   0.503122 -0.0679355   0.884781 -0.0711364   0.412316 -0.0599206 -0.0135792  -0.737472  -0.344985 0.00584384   0.403166   0.234629 -0.0308055  -0.729435  -0.344838   -0.18466
  0.162655  -0.086279 -0.0214948  -0.512487   0.364418 -0.0587515   0.826385 -0.0842441  -0.594992   0.503893 -0.0682396   0.885989 -0.0711688   0.414729 -0.0616349 -0.0135728  -0.745194  -0.348918 0.00684826   0.405264   0.236454 -0.0314976  -0.737005  -0.348956  -0.185954
  0.165516 -0.0871415 -0.0216447  -0.513077   0.363199 -0.0590474   0.826759 -0.0845437  -0.596598   0.504669 -0.0685432   0.887221 -0.0711994   0.417129 -0.0633469 -0.0135648   -0.75293  -0.352854 0.00783631   0.407337   0.238285 -0.0321944  -0.744575   -0.35308   -0.18726
   0.16837 -0.0880004 -0.0217934  -0.513679   0.361992 -0.0593431   0.827139 -0.0848439  -0.598208   0.505449 -0.0688433   0.888424 -0.0712291    0.41951 -0.0650613 -0.0135519  -0.760667  -0.356798 0.00884039   0.409386   0.240115 -0.0328929   -0.75214  -0.357208  -0.188567
  0.171215 -0.0888607 -0.0219437  -0.514292   0.360795 -0.0596392   0.827525 -0.0851444  -0.599819   0.506234 -0.0691426   0.889644 -0.0712578   0.421869 -0.0667673 -0.0135374  -0.768396   -0.36074  0.0098397   0.411411   0.241941 -0.0335934  -0.759697  -0.361338  -0.189867
   0.17405 -0.0897178 -0.0220937  -0.514917    0.35961 -0.0599353   0.827918  -0.085445  -0.601435   0.507022 -0.0694389   0.890864 -0.0712856   0.424212 -0.0684719  -0.013522  -0.776123  -0.364681  0.0108229   0.413412   0.243767 -0.0342964  -0.767243  -0.365468  -0.191177
  0.176874 -0.0905701 -0.0222448  -0.515555   0.358438 -0.0602311   0.828318 -0.0857459  -0.603052   0.507813 -0.0697336   0.892082 -0.0713123   0.426536 -0.0701776 -0.0135011  -0.783844  -0.368621  0.0118189   0.415388    0.24559  -0.035002  -0.774777  -0.369598  -0.192488
  0.179687 -0.0914204 -0.0223967  -0.516205   0.357278 -0.0605266   0.828723 -0.0860467  -0.604671   0.508608  -0.070025   0.893305 -0.0713383    0.42884  -0.071878 -0.0134802  -0.791557   -0.37256   0.012809   0.417338    0.24741 -0.0357072  -0.782299  -0.373726   -0.19379
  0.182487  -0.092267 -0.0225494  -0.516867   0.356131  -0.060822   0.829134 -0.0863473  -0.606291   0.509406 -0.0703138   0.894518 -0.0713633   0.431124 -0.0735728 -0.0134597   -0.79926  -0.376495  0.0137828   0.419261   0.249226 -0.0364119  -0.789805  -0.377853    -0.1951
  0.185273 -0.0931104 -0.0227039  -0.517541   0.354996 -0.0611171   0.829552 -0.0866476  -0.607911   0.510206 -0.0706001   0.895745 -0.0713873   0.433388 -0.0752647 -0.0134374  -0.806953  -0.380427  0.0147665   0.421156   0.251039 -0.0371147  -0.797294  -0.381977  -0.196404
  0.188046 -0.0939506 -0.0228614  -0.518226   0.353874 -0.0614122   0.829975 -0.0869476  -0.609532   0.511009  -0.070882   0.896947 -0.0714105    0.43563 -0.0769496 -0.0134166  -0.814631  -0.384354  0.0157435   0.423022   0.252845  -0.037816  -0.804763  -0.386097  -0.197715
  0.190801 -0.0947863 -0.0230231  -0.518924   0.352765 -0.0617069   0.830405 -0.0872474   -0.61115   0.511813 -0.0711617   0.898159 -0.0714324   0.437851 -0.0786236 -0.0133956  -0.822296  -0.388275  0.0167044   0.424864   0.254647 -0.0385169  -0.812216  -0.390214  -0.199015
  0.193539 -0.0956177 -0.0231886  -0.519632   0.351669 -0.0620012    0.83084  -0.087547  -0.612769    0.51262 -0.0714372   0.899367 -0.0714536   0.440055 -0.0802967 -0.0133732  -0.829953  -0.392195   0.017673    0.42668   0.256442 -0.0392161  -0.819655   -0.39433   -0.20032
  0.196259 -0.0964501 -0.0233602  -0.520351   0.350585 -0.0622959   0.831281  -0.087846  -0.614384   0.513429 -0.0717091    0.90057 -0.0714738   0.442239 -0.0819591 -0.0133539    -0.8376  -0.396112  0.0186338   0.428469   0.258228 -0.0399111  -0.827076  -0.398443  -0.201618
  0.198964 -0.0972766 -0.0235359  -0.521081   0.349516 -0.0625901   0.831728 -0.0881448  -0.615997   0.514239 -0.0719774   0.901777 -0.0714925   0.444403 -0.0836127 -0.0133362  -0.845236  -0.400027   0.019578   0.430227   0.260007 -0.0406034   -0.83448  -0.402555  -0.202915
  0.201657 -0.0980989 -0.0237162  -0.521824   0.348459 -0.0628844   0.832181 -0.0884431  -0.617608    0.51505 -0.0722411   0.902967 -0.0715099   0.446538 -0.0852618 -0.0133191  -0.852857  -0.403936  0.0205287   0.432122   0.261959 -0.0413608  -0.842604  -0.407076  -0.204339
  0.204335 -0.0989177 -0.0239018  -0.522577   0.347416 -0.0631791   0.832639 -0.0887411  -0.619214   0.515862 -0.0725021    0.90418 -0.0715255   0.448648 -0.0869035 -0.0133054  -0.860465  -0.407843  0.0214719    0.43381   0.263724 -0.0420445  -0.849968  -0.411182   -0.20563
  0.206994 -0.0997325 -0.0240938   -0.52334   0.346386  -0.063474   0.833104 -0.0890384  -0.620818   0.516675 -0.0727562   0.905347 -0.0715403   0.450733 -0.0885315 -0.0132942  -0.868056  -0.411743  0.0223986   0.435467   0.265486 -0.0427242  -0.857308  -0.415283  -0.206918
  0.209635  -0.100544 -0.0242936  -0.524191   0.345268  -0.063799   0.833621  -0.089365  -0.622414   0.517486 -0.0730078   0.906529 -0.0715533   0.452794 -0.0901562 -0.0132834  -0.875627  -0.415635  0.0233305   0.437091   0.267235 -0.0433996  -0.864622  -0.419377  -0.208203
  0.212253  -0.101355 -0.0245031  -0.524974   0.344265 -0.0640947   0.834096 -0.0896615  -0.624004   0.518299 -0.0732543   0.907708 -0.0715653   0.454832 -0.0917685 -0.0132749   -0.88318  -0.419523  0.0242555   0.438685   0.268974 -0.0440709  -0.871909  -0.423465  -0.209483
   0.21485  -0.102161 -0.0247198  -0.525765   0.343276 -0.0643905   0.834577 -0.0899574  -0.625585   0.519108  -0.073497   0.908874 -0.0715754   0.456843 -0.0933687 -0.0132688  -0.890707  -0.423401  0.0251617   0.440245   0.270704 -0.0447372  -0.879163  -0.427541  -0.210759
  0.217425  -0.102962 -0.0249439  -0.526565     0.3423 -0.0646866   0.835063 -0.0902526  -0.627158   0.519916 -0.0737357   0.910049 -0.0715839   0.459024 -0.0951198 -0.0132631  -0.898205  -0.427266  0.0260729   0.441771   0.272424 -0.0453979  -0.886382  -0.431607  -0.212031
  0.220228  -0.103837 -0.0251996  -0.527372   0.341338 -0.0649827   0.835554 -0.0905472  -0.628877   0.520801 -0.0739916   0.911307 -0.0715919   0.460978 -0.0967004 -0.0132612  -0.906415  -0.431503  0.0270592   0.443263   0.274138 -0.0460528  -0.893564   -0.43566  -0.213298
  0.222756  -0.104631 -0.0254425  -0.528188   0.340389 -0.0652792    0.83605 -0.0908411  -0.630429   0.521603 -0.0742209   0.912479 -0.0715976   0.462901 -0.0982707 -0.0132596  -0.913848  -0.435342  0.0279549   0.444716   0.275836 -0.0467025  -0.900709    -0.4397  -0.214561
  0.225254  -0.105416 -0.0256927   -0.52901   0.339456 -0.0655755   0.836549 -0.0911345  -0.631972   0.522401 -0.0744424   0.913591 -0.0716023   0.464794 -0.0998252 -0.0132598  -0.921245  -0.439168  0.0288429   0.446138   0.277525 -0.0473476  -0.907813  -0.443726  -0.215819
  0.227717  -0.106191 -0.0259477  -0.529836   0.338538 -0.0658719   0.837054 -0.0914272  -0.633499   0.523191 -0.0746623   0.914719 -0.0716048   0.466662  -0.101375 -0.0132623  -0.928593  -0.442971  0.0297128   0.447529    0.27921 -0.0479861  -0.914866  -0.447731  -0.217069
  0.230147  -0.106956 -0.0262097  -0.530668   0.337635 -0.0661682   0.837563 -0.0917188  -0.635014   0.523976 -0.0748772   0.915842 -0.0716062   0.468501  -0.102919 -0.0132635   -0.93589  -0.446748  0.0305876   0.448889   0.280885 -0.0486195  -0.921867  -0.451714  -0.218314
  0.232543  -0.107714 -0.0264785  -0.531506   0.336746 -0.0664645   0.838077 -0.0920092  -0.636514   0.524755 -0.0750871   0.916945 -0.0716066    0.47031  -0.104452 -0.0132679  -0.943131  -0.450501  0.0314514   0.450215   0.282552 -0.0492451  -0.928812  -0.455673  -0.219552
  0.234903  -0.108464  -0.026754  -0.532349   0.335872 -0.0667603   0.838594 -0.0922986  -0.637999   0.525527  -0.075293   0.918057 -0.0716056    0.47209  -0.105968 -0.0132749  -0.950317  -0.454227  0.0322983   0.451508   0.284205 -0.0498629  -0.935701  -0.459608  -0.220783
  0.237228  -0.109204 -0.0270358  -0.533197   0.335013 -0.0670556   0.839114 -0.0925868  -0.639471   0.526293 -0.0754917   0.919127  -0.071604    0.47384  -0.107479 -0.0132832  -0.957448  -0.457929  0.0331471   0.452769   0.285849 -0.0504735  -0.942533  -0.463519  -0.222007
  0.239518  -0.109937 -0.0273251  -0.534052   0.334169 -0.0673504   0.839639 -0.0928738  -0.640926   0.527051 -0.0756866   0.920201 -0.0716009   0.475563   -0.10898 -0.0132933  -0.964525  -0.461604  0.0339858   0.453996   0.287483  -0.051077  -0.949308  -0.467406  -0.223223
  0.241771  -0.110662 -0.0276231  -0.534911    0.33334 -0.0676446   0.840167 -0.0931597  -0.642368   0.527803 -0.0758755   0.921264 -0.0715968   0.477255  -0.110465 -0.0133047  -0.971544  -0.465254  0.0348063   0.455192   0.289103 -0.0516748  -0.956027  -0.471268  -0.224431
  0.243989  -0.111377 -0.0279292  -0.535776   0.332525 -0.0679384   0.840699 -0.0934442  -0.643792   0.528548 -0.0760594   0.922311 -0.0715914   0.478918  -0.111941  -0.013315  -0.978508  -0.468879  0.0356297   0.456356   0.290712 -0.0522671  -0.962689  -0.475106  -0.225633
   0.24617  -0.112085 -0.0282432  -0.536647   0.331725 -0.0682317   0.841235 -0.0937274    -0.6452   0.529286 -0.0762379   0.923356 -0.0715848   0.480551  -0.113405 -0.0133266  -0.985417  -0.472479  0.0364429   0.457488   0.292311 -0.0528529  -0.969294   -0.47892  -0.226825
  0.248315  -0.112786 -0.0285636  -0.537522   0.330939 -0.0685244   0.841774 -0.0940092  -0.646593   0.530016 -0.0764101   0.924371  -0.071577   0.482156  -0.114851 -0.0133406  -0.992271  -0.476055  0.0372387   0.458587   0.293896   -0.05343  -0.975841  -0.482709   -0.22801
  0.250424  -0.113482 -0.0288912  -0.538403   0.330166 -0.0688169   0.842317 -0.0942897  -0.647966   0.530739 -0.0765788   0.925408 -0.0715677    0.48373  -0.116289 -0.0133564  -0.999069  -0.479605  0.0380358   0.459653   0.295468 -0.0539989  -0.982331  -0.486474  -0.229188
  0.252496   -0.11417 -0.0292254  -0.539288   0.329407 -0.0691084   0.842864 -0.0945689  -0.649325   0.531455 -0.0767388    0.92638 -0.0715576   0.485276  -0.117715 -0.0133745   -1.00581  -0.483131  0.0388227   0.460687    0.29703 -0.0545605  -0.988764  -0.490215  -0.230356
  0.254532  -0.114851 -0.0295691  -0.540179   0.328663  -0.069399   0.843413 -0.0948471  -0.650664   0.532163 -0.0768953   0.927362  -0.071546   0.486794  -0.119126 -0.0133925    -1.0125  -0.486636  0.0395939   0.461691   0.298577 -0.0551181  -0.995146  -0.493936  -0.231518
  0.256535  -0.115529 -0.0299202  -0.541074   0.327932 -0.0696895   0.843966 -0.0951237  -0.651988   0.532865 -0.0770451   0.928337 -0.0715333    0.48828  -0.120524  -0.013411   -1.01915  -0.490121  0.0403639    0.46266   0.300109 -0.0556678   -1.00147  -0.497634  -0.232672
  0.258499    -0.1162 -0.0302771  -0.541973   0.327214 -0.0699794   0.844522 -0.0953988  -0.653291   0.533558 -0.0771901   0.929289 -0.0715189   0.489737  -0.121906 -0.0134311   -1.02574  -0.493582  0.0411264   0.463599   0.301633 -0.0562109   -1.00775  -0.501309  -0.233817
  0.260425  -0.116865 -0.0306397  -0.542876   0.326509 -0.0702686   0.845081 -0.0956727  -0.654576   0.534243  -0.077331   0.930248 -0.0715028   0.491167   -0.12328 -0.0134521   -1.03227   -0.49702  0.0418736   0.464509   0.303145  -0.056748   -1.01396  -0.504961  -0.234957
  0.262312  -0.117523  -0.031008  -0.543782   0.325818 -0.0705569   0.845643 -0.0959451  -0.655843   0.534919 -0.0774648   0.931161 -0.0714857   0.492569  -0.124645 -0.0134725   -1.03875  -0.500434  0.0426239   0.465389   0.304645 -0.0572795   -1.02012   -0.50859  -0.236088
  0.264161  -0.118179 -0.0313839  -0.544692   0.325139 -0.0708445   0.846208 -0.0962161   -0.65709   0.535588 -0.0775943   0.932076 -0.0714674   0.493945  -0.125993 -0.0134934   -1.04517  -0.503827  0.0433601   0.466241   0.306131 -0.0578046   -1.02623  -0.512195  -0.237212
  0.265975  -0.118828 -0.0317658  -0.545606   0.324473 -0.0711309   0.846775 -0.0964858  -0.658319   0.536249 -0.0777178   0.932978 -0.0714478   0.495292  -0.127327 -0.0135142   -1.05155  -0.507199  0.0440829   0.467062   0.307604 -0.0583256   -1.03228  -0.515778  -0.238328
  0.267756  -0.119474 -0.0321538  -0.546614   0.323755 -0.0714454   0.847402 -0.0967806  -0.659529   0.536902 -0.0778363   0.933862 -0.0714269   0.496605  -0.128647 -0.0135335   -1.05787   -0.51055  0.0448106   0.467925   0.309209 -0.0588921   -1.03887  -0.519694  -0.239548
    0.2695  -0.120115 -0.0325469  -0.547535   0.323116 -0.0717303   0.847974 -0.0970472  -0.660719   0.537548 -0.0779497   0.934743 -0.0714046    0.49789  -0.129955  -0.013552   -1.06414  -0.513879  0.0455247   0.468679   0.310655 -0.0594028    -1.0448  -0.523228   -0.24065
  0.271207  -0.120752 -0.0329457  -0.548458   0.322488 -0.0720142   0.848549 -0.0973122   -0.66189   0.538184 -0.0780575   0.935592 -0.0713811   0.499145   -0.13125 -0.0135692   -1.07035  -0.517186  0.0462285   0.469405   0.312087 -0.0599089   -1.05068  -0.526738  -0.241743
  0.273041  -0.121448 -0.0333912  -0.549383   0.321873  -0.072297   0.849126 -0.0975756  -0.663154   0.538875 -0.0781722   0.936538 -0.0713535   0.500371  -0.132532 -0.0135845    -1.0765  -0.520468  0.0469325   0.470102   0.313506 -0.0604114   -1.05649   -0.53022  -0.242829
  0.274668  -0.122077 -0.0338012  -0.550311    0.32127 -0.0725785   0.849705 -0.0978374  -0.664285   0.539494 -0.0782687   0.937345 -0.0713276    0.50157  -0.133794 -0.0135974    -1.0826  -0.523726  0.0476217   0.470772   0.314909 -0.0609092   -1.06225  -0.533674  -0.243907
  0.276255  -0.122702 -0.0342154   -0.55124   0.320678 -0.0728589   0.850287 -0.0980977  -0.665393   0.540104 -0.0783624   0.938157 -0.0713001   0.502856  -0.135171   -0.01361   -1.08923  -0.527278  0.0483725   0.471414   0.316298 -0.0614034   -1.06793  -0.537099  -0.244978
  0.277802  -0.123323 -0.0346331  -0.552169   0.320099  -0.073138   0.850869 -0.0983565  -0.666481   0.540705 -0.0784511   0.938957 -0.0712714   0.503995  -0.136405 -0.0136179   -1.09519  -0.530479  0.0490554    0.47203   0.317672  -0.061893   -1.07356  -0.540493  -0.246039
  0.279309  -0.123937 -0.0350524    -0.5531   0.319531 -0.0734153   0.851454 -0.0986137  -0.667548   0.541296 -0.0785358   0.939736 -0.0712414   0.505107  -0.137627 -0.0136246   -1.10108  -0.533649  0.0497215    0.47262   0.319036 -0.0623784   -1.07911  -0.543854  -0.247093
  0.280775  -0.124546 -0.0354728  -0.554033   0.318977 -0.0736909    0.85204 -0.0988692  -0.668595   0.541878 -0.0786168   0.940515 -0.0712102   0.506189  -0.138838 -0.0136282    -1.1069  -0.536785  0.0503868   0.473184   0.320385 -0.0628583   -1.08459   -0.54718  -0.248137
    0.2822  -0.125148 -0.0358943  -0.554967   0.318434 -0.0739647   0.852627 -0.0991229  -0.669622    0.54245 -0.0786922   0.941255 -0.0711782   0.507244  -0.140037 -0.0136308   -1.11265  -0.539888  0.0510466   0.473721    0.32172 -0.0633336      -1.09   -0.55047  -0.249173
  0.283585  -0.125752 -0.0363198  -0.555901   0.317902 -0.0742368   0.853216 -0.0993749  -0.670627   0.543014 -0.0787637   0.941992 -0.0711453   0.508272  -0.141211 -0.0136321   -1.11833   -0.54296  0.0516945   0.474234   0.323036 -0.0638021   -1.09533  -0.553725  -0.250197
  0.284929  -0.126348 -0.0367451  -0.556837   0.317382 -0.0745067   0.853805 -0.0996252  -0.671613   0.543569 -0.0788308   0.942713 -0.0711112   0.509272  -0.142375 -0.0136315   -1.12393  -0.545999  0.0523343   0.474721   0.324336 -0.0642654    -1.1006  -0.556944  -0.251213
  0.286233  -0.126938 -0.0371706  -0.557774   0.316875 -0.0747744   0.854397 -0.0998737  -0.672578   0.544114 -0.0788945   0.943418 -0.0710758   0.510246  -0.143522  -0.013629   -1.12946  -0.549002  0.0529667   0.475185   0.325623 -0.0647233   -1.10578  -0.560126  -0.252218
  0.287496  -0.127524 -0.0375965  -0.558712   0.316378 -0.0750401   0.854989   -0.10012  -0.673523   0.544651 -0.0789539   0.944114 -0.0710395   0.511193  -0.144658 -0.0136252   -1.13491  -0.551969  0.0535926   0.475625   0.326895  -0.065175    -1.1109   -0.56327  -0.253213
   0.28872  -0.128104 -0.0380226  -0.559651   0.315892 -0.0753037   0.855582  -0.100365  -0.674448   0.545178 -0.0790091   0.944782  -0.071002   0.512112  -0.145779 -0.0136203   -1.14029    -0.5549  0.0542087   0.476041   0.328155 -0.0656206   -1.11593  -0.566376  -0.254198
  0.289904  -0.128679 -0.0384488  -0.560591   0.315417  -0.075565   0.856176  -0.100608  -0.675351   0.545697  -0.079062   0.945462 -0.0709632   0.513008  -0.146884 -0.0136141   -1.14559  -0.557796  0.0548179   0.476437   0.329398 -0.0660602    -1.1209  -0.569446  -0.255173
   0.29105  -0.129248 -0.0388749  -0.561531   0.314954 -0.0758238   0.856772   -0.10085  -0.676237   0.546207 -0.0791081   0.946086 -0.0709238   0.513878  -0.147978 -0.0136071   -1.15082  -0.560657  0.0554185    0.47681   0.330628 -0.0664939    -1.1258  -0.572481  -0.256137
   0.29216  -0.129812 -0.0393013  -0.562473   0.314501 -0.0760804   0.857368  -0.101089  -0.677102   0.546708 -0.0791521   0.946715 -0.0708829    0.51472  -0.149059 -0.0135991   -1.15597  -0.563485  0.0560131   0.477159   0.331847 -0.0669215   -1.13062   -0.57548  -0.257092
  0.293232  -0.130371 -0.0397281  -0.563415   0.314057  -0.076335   0.857965  -0.101327  -0.677947   0.547202 -0.0791915   0.947332 -0.0708411    0.51554  -0.150124 -0.0135908   -1.16105  -0.566279  0.0565987    0.47752   0.333168 -0.0673841   -1.13585   -0.57874   -0.25813
  0.294269  -0.130927 -0.0401563  -0.564358   0.313624 -0.0765877   0.858563  -0.101564  -0.678773   0.547688 -0.0792272   0.947927 -0.0707982   0.516335  -0.151178  -0.013583   -1.16607  -0.569042  0.0571758   0.477795   0.334237 -0.0677563   -1.14007  -0.581378   -0.25897
  0.295272   -0.13148 -0.0405868  -0.565301     0.3132  -0.076838   0.859161  -0.101798  -0.679579   0.548167 -0.0792596   0.948523 -0.0707541   0.517106  -0.152213 -0.0135747   -1.17102  -0.571775  0.0577454   0.478082   0.335409 -0.0681644    -1.1447  -0.584278  -0.259894
   0.29624  -0.132029 -0.0410183  -0.566244   0.312786 -0.0770864    0.85976  -0.102031  -0.680366   0.548637 -0.0792867   0.949081 -0.0707089   0.517856  -0.153238 -0.0135665   -1.17591  -0.574477  0.0583083   0.478375   0.336684 -0.0686056   -1.14971  -0.587431  -0.260898
  0.297175  -0.132572 -0.0414504  -0.567188   0.312382 -0.0773324   0.860359  -0.102263  -0.681133     0.5491 -0.0793115   0.949636 -0.0706621   0.518583  -0.154252 -0.0135581   -1.18073  -0.577149  0.0588621   0.478598   0.337717 -0.0689614   -1.15376  -0.589983  -0.261712
  0.298074  -0.133111 -0.0418833  -0.568131   0.311988 -0.0775766   0.860958  -0.102493  -0.681882   0.549556 -0.0793316   0.950178 -0.0706141   0.519289   -0.15525   -0.01355   -1.18548  -0.579791  0.0594091   0.478852   0.338966 -0.0693893   -1.15864  -0.593068  -0.262695
  0.298942  -0.133646 -0.0423171  -0.569074   0.311602  -0.077819   0.861557  -0.102721  -0.682611   0.550003 -0.0793485   0.950702 -0.0705648   0.519975   -0.15624 -0.0135425   -1.19018  -0.582402  0.0599493   0.479064   0.340088 -0.0697709   -1.16302   -0.59584  -0.263578
  0.299776  -0.134178 -0.0427521   -0.57011   0.311187 -0.0780837   0.862217   -0.10297  -0.683322   0.550444 -0.0793613    0.95122 -0.0705142   0.520641  -0.157214 -0.0135357   -1.19481  -0.584983   0.060481   0.479258   0.341197 -0.0701458   -1.16733   -0.59858  -0.264451
  0.300579  -0.134707 -0.0431888  -0.571051   0.310818 -0.0783225   0.862817  -0.103195  -0.684013   0.550877 -0.0793702   0.951711 -0.0704623   0.521286   -0.15818 -0.0135294   -1.19937  -0.587531  0.0610047   0.479436   0.342295 -0.0705142   -1.17158  -0.601287  -0.265314
   0.30135  -0.135232 -0.0436271  -0.571992   0.310458 -0.0785592   0.863416  -0.103418  -0.684684   0.551302  -0.079377   0.952215 -0.0704088   0.521911  -0.159133 -0.0135235   -1.20387  -0.590049  0.0615225   0.479598   0.343379 -0.0708764   -1.17576  -0.603961  -0.266168
  0.302089   -0.13575 -0.0440672  -0.572931   0.310107 -0.0787937   0.864015   -0.10364  -0.685339    0.55172 -0.0793775   0.952664 -0.0703545   0.522518  -0.160072 -0.0135168    -1.2083  -0.592533  0.0620317   0.479745   0.344451 -0.0712337   -1.17989  -0.606602  -0.267011
  0.302799  -0.136266 -0.0445086   -0.57387   0.309763 -0.0790262   0.864614   -0.10386  -0.685973    0.55213 -0.0793762   0.953119 -0.0702986   0.523105  -0.161003 -0.0135105   -1.21267  -0.594986  0.0625331   0.479876   0.345511  -0.071584   -1.18395   -0.60921  -0.267844
  0.303478  -0.136777  -0.044951  -0.574807   0.309427 -0.0792568   0.865212  -0.104079  -0.686651   0.552573   -0.07937   0.953605 -0.0702359   0.523673   -0.16192 -0.0135048   -1.21697  -0.597405  0.0630293   0.479993   0.346561 -0.0719274   -1.18795  -0.611784  -0.268667
   0.30419  -0.137335 -0.0454385  -0.575742     0.3091 -0.0794851   0.865809  -0.104296  -0.687246   0.552967 -0.0793613   0.954028 -0.0701774   0.524223  -0.162828 -0.0134997    -1.2212   -0.59979  0.0635155   0.480095   0.347598 -0.0722645   -1.19189  -0.614324   -0.26948
  0.304807  -0.137838 -0.0458825  -0.576676    0.30878 -0.0797113   0.866406  -0.104511  -0.687824   0.553355 -0.0793493   0.954448 -0.0701178   0.524755  -0.163723 -0.0134949   -1.22537  -0.602142  0.0639952   0.480184   0.348623 -0.0725952   -1.19576  -0.616829  -0.270281
  0.305395  -0.138336 -0.0463273  -0.577607   0.308468 -0.0799354   0.867002  -0.104725  -0.688384   0.553734 -0.0793333   0.954837 -0.0700571   0.525269  -0.164609 -0.0134907   -1.22947  -0.604459  0.0644683   0.480259   0.349638 -0.0729194   -1.19957  -0.619299  -0.271072
  0.305954  -0.138831 -0.0467728  -0.578536   0.308163 -0.0801574   0.867596  -0.104938  -0.688923   0.554105 -0.0793161   0.955248 -0.0699949   0.525766  -0.165484 -0.0134865    -1.2335  -0.606742  0.0649323   0.480323   0.350639 -0.0732378   -1.20332  -0.621734  -0.271853
  0.306483   -0.13932 -0.0472184  -0.579463   0.307867 -0.0803769    0.86819  -0.105149  -0.689448   0.554469 -0.0792924   0.955593 -0.0699323   0.526293  -0.166433 -0.0134816   -1.23786  -0.609212  0.0654354   0.480374   0.351628 -0.0735507     -1.207  -0.624134  -0.272624
  0.306986  -0.139807 -0.0476654  -0.580388   0.307578 -0.0805941   0.868782  -0.105358  -0.689953   0.554825 -0.0792674   0.955949 -0.0698683   0.526755   -0.16728 -0.0134772   -1.24175  -0.611423  0.0658844   0.480414   0.352603 -0.0738576   -1.21063  -0.626498  -0.273382
   0.30746  -0.140288 -0.0481109  -0.581311   0.307297 -0.0808089   0.869373  -0.105566  -0.690441   0.555175  -0.079239   0.956298 -0.0698033   0.527201  -0.168119 -0.0134726   -1.24557  -0.613597   0.066327   0.480443   0.353569 -0.0741585   -1.21418  -0.628824  -0.274129
  0.307907  -0.140764 -0.0485547  -0.582232   0.307023 -0.0810212   0.869963  -0.105772  -0.690912   0.555515 -0.0792081   0.956623 -0.0697372    0.52763  -0.168946  -0.013468   -1.24932  -0.615733  0.0667607   0.480462   0.354522 -0.0744534   -1.21767  -0.631113  -0.274866
  0.308327  -0.141235 -0.0489972  -0.583152   0.306756 -0.0812311   0.870552  -0.105976  -0.691366   0.555849 -0.0791752   0.956957   -0.06967   0.528044  -0.169765 -0.0134636     -1.253   -0.61783  0.0671864    0.48047   0.355463  -0.074742    -1.2211  -0.633362  -0.275591
   0.30872  -0.141702 -0.0494384  -0.584068   0.306497 -0.0814385   0.871139  -0.106178  -0.691804   0.556176 -0.0791372   0.957246 -0.0696025    0.52844  -0.170569 -0.0134593   -1.25661  -0.619891  0.0676064   0.480466    0.35639 -0.0750243   -1.22446  -0.635575  -0.276305
  0.309088  -0.142164 -0.0498781  -0.584984   0.306245 -0.0816433   0.871725  -0.106379  -0.692225   0.556496 -0.0790983   0.957538 -0.0695337   0.528822  -0.171364 -0.0134552   -1.26014  -0.621914  0.0680165   0.480454   0.357306 -0.0753006   -1.22775  -0.637748  -0.277006
  0.309433  -0.142622 -0.0503169  -0.585897   0.305999 -0.0818454    0.87231  -0.106578  -0.692631    0.55681 -0.0790558   0.957819 -0.0694643   0.529184  -0.172146  -0.013451   -1.26361    -0.6239  0.0684181   0.480429   0.358207 -0.0755711   -1.23097  -0.639884  -0.277695
   0.30975  -0.143075 -0.0507537  -0.586808   0.305761 -0.0820449   0.872893  -0.106776  -0.693019   0.557116 -0.0790116   0.958083 -0.0693938   0.529533  -0.172913 -0.0134464     -1.267  -0.625848  0.0688141   0.480397   0.359094 -0.0758358   -1.23414   -0.64198  -0.278371
  0.310045  -0.143524  -0.051189  -0.587718   0.305529 -0.0822416   0.873475  -0.106972  -0.693393   0.557416 -0.0789649   0.958346 -0.0693225   0.529866  -0.173671  -0.013442   -1.27032  -0.627759  0.0691999   0.480351   0.360055 -0.0761205   -1.23754  -0.644242  -0.279102
  0.310313  -0.143969 -0.0516216  -0.588624   0.305304  -0.082436   0.874055  -0.107166  -0.693751    0.55771 -0.0789151    0.95858 -0.0692505   0.530185  -0.174413 -0.0134375   -1.27358  -0.629632  0.0695797   0.480302   0.360912 -0.0763725   -1.24056  -0.646258  -0.279753
  0.310557  -0.144412 -0.0520527  -0.589528   0.305083 -0.0826282   0.874634  -0.107359  -0.694091   0.557998 -0.0788647   0.958836 -0.0691774   0.530491  -0.175145 -0.0134338   -1.27676  -0.631468  0.0699491   0.480245   0.361755 -0.0766182   -1.24353  -0.648235  -0.280391
  0.310777   -0.14485 -0.0524816  -0.590429    0.30487 -0.0828178   0.875212   -0.10755   -0.69442    0.55828 -0.0788085   0.959029  -0.069104   0.530783   -0.17586 -0.0134303   -1.27988  -0.633268  0.0703124    0.48018   0.362584 -0.0768578   -1.24642  -0.650174  -0.281016
  0.310976  -0.145287 -0.0529086  -0.591327   0.304662 -0.0830052   0.875787  -0.107739  -0.694731   0.558556 -0.0787518   0.959235 -0.0690294    0.53106  -0.176565 -0.0134277   -1.28293  -0.635032  0.0706647   0.480106   0.363396  -0.077091   -1.24926  -0.652077  -0.281629
  0.311155  -0.145719 -0.0533327  -0.592311   0.304441 -0.0832083   0.876419  -0.107946  -0.695029   0.558828 -0.0786923   0.959435  -0.068954   0.531321  -0.177254 -0.0134256   -1.28591  -0.636762  0.0710099   0.480022   0.364195 -0.0773184   -1.25203  -0.653944   -0.28223
  0.311309  -0.146146 -0.0537536  -0.593203   0.304246   -0.08339    0.87699  -0.108132  -0.695311   0.559093 -0.0786313   0.959614 -0.0688774    0.53157  -0.177934 -0.0134234   -1.28883  -0.638456   0.071348   0.479936   0.364983 -0.0775407   -1.25475  -0.655773  -0.282818
   0.31144  -0.146569 -0.0541711  -0.594092   0.304057 -0.0835687    0.87756  -0.108317  -0.695605   0.559378 -0.0785625   0.959815  -0.068792    0.53181  -0.178603 -0.0134215   -1.29168  -0.640112  0.0716764   0.479847   0.365757 -0.0777579    -1.2574  -0.657565  -0.283394
   0.31155  -0.146985 -0.0545856  -0.594979   0.303873 -0.0837446   0.878128    -0.1085  -0.695859   0.559632 -0.0784968   0.959964 -0.0687136    0.53204  -0.179258  -0.013419   -1.29446  -0.641733  0.0719993   0.479755   0.366519 -0.0779708      -1.26  -0.659322  -0.283959
  0.311646  -0.147438 -0.0550373  -0.595863   0.303696 -0.0839176   0.878693  -0.108682  -0.696098    0.55988 -0.0784302   0.960115 -0.0686341   0.532259  -0.179907 -0.0134169   -1.29718  -0.643318  0.0723124   0.479658   0.367269  -0.078178   -1.26254  -0.661043  -0.284512
  0.311714  -0.147846  -0.055444  -0.596745   0.303523  -0.084088   0.879256  -0.108861  -0.696325   0.560124 -0.0783609   0.960255  -0.068554   0.532467  -0.180542 -0.0134153   -1.29984  -0.644869  0.0726199   0.479556    0.36801 -0.0783796   -1.26503   -0.66273  -0.285052
  0.311763  -0.148248 -0.0558471  -0.597623   0.303355 -0.0842555   0.879817  -0.109039  -0.696538   0.560363 -0.0782907   0.960382 -0.0684728   0.532665  -0.181171 -0.0134142   -1.30244  -0.646385  0.0729174   0.479451   0.368739 -0.0785767   -1.26746  -0.664383  -0.285582
  0.311793  -0.148646 -0.0562467  -0.598499   0.303192 -0.0844202   0.880376  -0.109216  -0.696739   0.560597 -0.0782185   0.960508 -0.0683908   0.532852  -0.181788 -0.0134129   -1.30497  -0.647868  0.0732088   0.479342   0.369458 -0.0787693   -1.26983  -0.666003  -0.286101
  0.311806   -0.14904 -0.0566426  -0.599371   0.303034 -0.0845822   0.880933  -0.109391  -0.696927   0.560827 -0.0781443    0.96061  -0.068308    0.53303  -0.182398 -0.0134113   -1.30745  -0.649318  0.0734943    0.47923   0.370166 -0.0789577   -1.27216  -0.667591   -0.28661
  0.311801   -0.14943 -0.0570348   -0.60024    0.30288 -0.0847416   0.881487  -0.109565  -0.697102   0.561052   -0.07807   0.960731 -0.0682241   0.533198  -0.182998 -0.0134095   -1.30987  -0.650737  0.0737723   0.479114   0.370867 -0.0791424   -1.27443  -0.669148  -0.287108
  0.311781  -0.149815  -0.057423  -0.601107   0.302731 -0.0848982   0.882039  -0.109737  -0.697268   0.561274 -0.0779913   0.960801 -0.0681399   0.533372  -0.183651 -0.0134066   -1.31247  -0.652262  0.0740714   0.478997   0.371558 -0.0793239   -1.27666  -0.670675  -0.287597
  0.311744  -0.150197 -0.0578076   -0.60197   0.302585 -0.0850523   0.882589  -0.109907  -0.697421   0.561491 -0.0779128   0.960882 -0.0680545   0.533521  -0.184238 -0.0134032   -1.31477  -0.653617  0.0743376   0.478876   0.372241 -0.0795024   -1.27884  -0.672173  -0.288076
  0.311692  -0.150574 -0.0581877   -0.60283   0.302444 -0.0852037   0.883136  -0.110076  -0.697565   0.561705 -0.0778322   0.960958 -0.0679685   0.533661  -0.184816 -0.0133987   -1.31702  -0.654944  0.0745969   0.478754   0.372917 -0.0796781   -1.28097  -0.673643  -0.288547
  0.311625  -0.150948 -0.0585635  -0.603687   0.302306 -0.0853524   0.883681  -0.110244  -0.697696   0.561915 -0.0777507   0.961019 -0.0678815   0.533793  -0.185391 -0.0133934   -1.31922  -0.656241  0.0748506   0.478629   0.373588 -0.0798512   -1.28306  -0.675084  -0.289009
  0.311543  -0.151318  -0.058935  -0.604541   0.302172 -0.0854987   0.884223   -0.11041  -0.697818   0.562122 -0.0776682   0.961087 -0.0677937   0.533917  -0.185961 -0.0133864   -1.32137   -0.65751   0.075101   0.478502   0.374251 -0.0800221   -1.28511  -0.676498  -0.289464
   0.31145  -0.151686 -0.0593025  -0.605393    0.30204 -0.0856423   0.884763  -0.110575  -0.697931   0.562326 -0.0775831   0.961124 -0.0677054    0.53403  -0.186522 -0.0133778   -1.32347  -0.658753  0.0753458    0.47837   0.374908 -0.0801908   -1.28711  -0.677886   -0.28991
  0.311345  -0.152051 -0.0596662  -0.606241   0.301912 -0.0857835     0.8853  -0.110739  -0.698033   0.562527 -0.0774978   0.961165 -0.0676161   0.534133  -0.187081 -0.0133673   -1.32552   -0.65997  0.0755873   0.478234   0.375558 -0.0803581   -1.28907  -0.679248   -0.29035
  0.311228  -0.152414 -0.0600264  -0.607086   0.301787 -0.0859221   0.885835  -0.110901  -0.698127   0.562726 -0.0774106   0.961199 -0.0675264   0.534226  -0.187631 -0.0133544   -1.32753  -0.661162  0.0758238   0.478095   0.376204 -0.0805246   -1.29099  -0.680585  -0.290782
