 0.269481 -0.328182  0.603217
 0.268892 -0.326517  0.606296
 0.268894 -0.326515  0.606294
   0.2689 -0.326508  0.606286
 0.268911 -0.326496  0.606273
0.268926 -0.32648 0.606256
0.268946 -0.32646 0.606233
  0.26897 -0.326434  0.606205
 0.268998 -0.326405  0.606172
0.269031 -0.32637 0.606134
 0.269067 -0.326331  0.606091
 0.269109 -0.326287  0.606043
 0.269155 -0.326239  0.605989
 0.269204 -0.326186  0.605931
 0.269259 -0.326128  0.605868
 0.269317 -0.326066    0.6058
 0.26938   -0.326 0.605726
 0.269447 -0.325929  0.605648
 0.269519 -0.325853  0.605564
 0.269595 -0.325772  0.605476
 0.269675 -0.325687  0.605382
  0.26976 -0.325598  0.605283
 0.269849 -0.325504   0.60518
 0.269942 -0.325405  0.605071
 0.270039 -0.325301  0.604957
 0.270141 -0.325193  0.604838
 0.270248 -0.325081  0.604714
 0.270358 -0.324964  0.604585
 0.270473 -0.324842  0.604451
 0.270592 -0.324716  0.604312
 0.270716 -0.324585  0.604168
 0.270844 -0.324449  0.604019
 0.270976 -0.324309  0.603864
 0.271113 -0.324165  0.603705
 0.271253 -0.324015  0.603541
 0.271399 -0.323861  0.603371
 0.271548 -0.323703  0.603197
0.271702 -0.32354 0.603017
  0.27186 -0.323372  0.602833
0.272023  -0.3232 0.602643
  0.27219 -0.323023  0.602448
 0.272361 -0.322842  0.602248
 0.272537 -0.322656  0.602044
 0.272717 -0.322465  0.601834
0.272901 -0.32227 0.601619
0.273089 -0.32207 0.601399
 0.273282 -0.321866  0.601174
  0.27348 -0.321657  0.600943
 0.273681 -0.321443  0.600708
 0.273887 -0.321225  0.600468
 0.274097 -0.321003  0.600223
 0.274312 -0.320775  0.599972
 0.274531 -0.320543  0.599717
 0.274754 -0.320307  0.599456
 0.274981 -0.320066  0.599191
0.275213 -0.31982 0.598921
 0.27545 -0.31957 0.598645
  0.27569 -0.319315  0.598364
 0.275935 -0.319056  0.598079
 0.276184 -0.318792  0.597788
 0.276438 -0.318523  0.597492
0.276696 -0.31825 0.597191
 0.276958 -0.317972  0.596885
0.277225 -0.31769 0.596574
 0.277496 -0.317403  0.596258
 0.277771 -0.317111  0.595937
  0.27805 -0.316815  0.595611
 0.278334 -0.316514   0.59528
 0.278622 -0.316209  0.594943
 0.278915 -0.315899  0.594602
 0.279212 -0.315584  0.594256
 0.279513 -0.315265  0.593904
 0.279819 -0.314941  0.593548
 0.280129 -0.314613  0.593186
0.280443 -0.31428 0.592819
 0.280761 -0.313943  0.592448
 0.281084 -0.313601  0.592071
 0.281412 -0.313254  0.591689
 0.281743 -0.312903  0.591302
  0.28208 -0.312546   0.59091
  0.28242 -0.312185  0.590512
0.282766 -0.31182 0.590109
 0.283115 -0.311449  0.589702
 0.283469 -0.311075  0.589289
 0.283826 -0.310696  0.588872
 0.284188 -0.310312  0.588449
 0.284555 -0.309924  0.588022
 0.284926 -0.309531  0.587589
   0.2853 -0.309135  0.587153
 0.285679 -0.308733   0.58671
 0.286063 -0.308327  0.586263
  0.28645 -0.307916   0.58581
0.286843  -0.3075 0.585353
 0.287238 -0.307082  0.584891
 0.287639 -0.306657  0.584424
 0.288044 -0.306228  0.583951
 0.288454 -0.305794  0.583473
 0.288868 -0.305355   0.58299
 0.289286 -0.304912  0.582502
 0.289709 -0.304464  0.582009
 0.290136 -0.304012  0.581511
 0.290566 -0.303556  0.581008
 0.290997 -0.303099  0.580505
 0.291428 -0.302643  0.580003
 0.291859 -0.302186    0.5795
 0.292291 -0.301729  0.578996
 0.292722 -0.301272  0.578493
 0.293153 -0.300816   0.57799
 0.293584 -0.300359  0.577488
 0.294015 -0.299902  0.576985
 0.294447 -0.299445  0.576481
 0.294877 -0.298989  0.575979
 0.295308 -0.298532  0.575476
 0.295739 -0.298076  0.574973
 0.296171 -0.297619   0.57447
 0.296602 -0.297162  0.573967
 0.297033 -0.296705  0.573464
 0.297464 -0.296249  0.572961
 0.297895 -0.295792  0.572458
 0.298326 -0.295336  0.571955
 0.298757 -0.294879  0.571452
 0.299188 -0.294422  0.570949
 0.299619 -0.293966  0.570447
  0.30005 -0.293509  0.569944
 0.300481 -0.293053  0.569441
 0.300912 -0.292596  0.568938
 0.301343 -0.292139  0.568435
 0.301774 -0.291683  0.567932
 0.302205 -0.291226  0.567429
 0.302636 -0.290769  0.566926
 0.303067 -0.290313  0.566423
 0.303498 -0.289856  0.565921
0.303929  -0.2894 0.565418
 0.304361 -0.288942  0.564914
 0.304792 -0.288485  0.564411
 0.305224 -0.288028  0.563908
 0.305655 -0.287571  0.563404
 0.306087 -0.287114  0.562901
 0.306518 -0.286657  0.562397
 0.306949 -0.286201  0.561895
 0.307381 -0.285743  0.561391
 0.307812 -0.285286  0.560888
0.308243 -0.28483 0.560385
 0.308674 -0.284373  0.559882
 0.309105 -0.283917  0.559379
0.309536 -0.28346 0.558876
 0.309967 -0.283003  0.558374
 0.310398 -0.282547  0.557871
0.310829 -0.28209 0.557368
  0.31126 -0.281633  0.556865
 0.311691 -0.281177  0.556362
0.312122 -0.28072 0.555859
 0.312553 -0.280264  0.555356
 0.312984 -0.279807  0.554854
 0.313415 -0.279351  0.554351
 0.313846 -0.278894  0.553848
 0.314277 -0.278438  0.553345
 0.314708 -0.277981  0.552843
 0.315139 -0.277525   0.55234
  0.31557 -0.277068  0.551837
 0.316001 -0.276612  0.551334
 0.316432 -0.276155  0.550831
 0.316863 -0.275698  0.550328
 0.317294 -0.275242  0.549826
 0.317725 -0.274785  0.549323
 0.318156 -0.274329   0.54882
 0.318587 -0.273872  0.548317
 0.319018 -0.273415  0.547814
 0.319449 -0.272959  0.547311
  0.31988 -0.272502  0.546808
 0.320311 -0.272046  0.546306
 0.320742 -0.271589  0.545803
 0.321173 -0.271133    0.5453
 0.321603 -0.270676  0.544797
0.322034 -0.27022 0.544294
 0.322465 -0.269763  0.543792
 0.322897 -0.269306  0.543288
0.323328 -0.26885 0.542786
 0.323759 -0.268393  0.542283
 0.324189 -0.267937   0.54178
 0.32462 -0.26748 0.541277
 0.325051 -0.267023  0.540775
 0.325483 -0.266566  0.540271
 0.325914 -0.266109  0.539768
 0.326345 -0.265653  0.539265
 0.326776 -0.265196  0.538762
0.327207 -0.26474 0.538259
 0.327638 -0.264283  0.537756
 0.328069 -0.263826  0.537254
  0.3285 -0.26337 0.536751
 0.328931 -0.262913  0.536248
 0.329362 -0.262457  0.535745
0.329793   -0.262 0.535242
 0.330225 -0.261543  0.534739
 0.330655 -0.261088  0.534237
 0.331086 -0.260631  0.533735
 0.331516 -0.260175  0.533232
 0.331947 -0.259718  0.532729
 0.332378 -0.259261  0.532226
 0.332809 -0.258805  0.531723
  0.33324 -0.258348  0.531221
 0.333671 -0.257892  0.530718
 0.334102 -0.257435  0.530215
 0.334533 -0.256978  0.529712
 0.334964 -0.256522  0.529209
 0.335395 -0.256065  0.528706
 0.335826 -0.255609  0.528203
 0.336257 -0.255152  0.527701
 0.336688 -0.254695  0.527198
 0.337119 -0.254239  0.526695
 0.337551 -0.253782  0.526192
 0.337982 -0.253325  0.525689
 0.338413 -0.252869  0.525186
 0.338843 -0.252413  0.524684
 0.339269 -0.251962  0.524187
  0.33969 -0.251516  0.523696
 0.340107 -0.251074  0.523209
  0.34052 -0.250636  0.522727
 0.340929 -0.250203   0.52225
 0.341334 -0.249774  0.521778
0.341734 -0.24935 0.521311
  0.34213 -0.248931  0.520849
 0.342521 -0.248516  0.520392
 0.342908 -0.248106  0.519941
 0.343291 -0.247701  0.519494
0.343669  -0.2473 0.519053
 0.344044 -0.246904  0.518616
 0.344413 -0.246512  0.518185
 0.344779 -0.246125  0.517759
  0.34514 -0.245743  0.517338
 0.345496 -0.245365  0.516921
 0.345848 -0.244992  0.516511
 0.346196 -0.244623  0.516105
  0.34654 -0.244259  0.515704
  0.34688 -0.243899  0.515308
 0.347215 -0.243544  0.514917
 0.347545 -0.243194  0.514531
 0.347872 -0.242848   0.51415
 0.348194 -0.242507  0.513774
0.348512 -0.24217 0.513404
 0.348824 -0.241839  0.513039
 0.349133 -0.241512  0.512678
 0.349438 -0.241189  0.512323
 0.349738 -0.240871  0.511972
 0.350035 -0.240557  0.511627
 0.350326 -0.240248  0.511286
 0.350614 -0.239944  0.510951
 0.350897 -0.239644  0.510621
 0.351175 -0.239348  0.510296
  0.35145 -0.239058  0.509975
  0.35172 -0.238772   0.50966
0.351986 -0.23849  0.50935
 0.352247 -0.238213  0.509045
 0.352504 -0.237941  0.508745
 0.352757 -0.237673  0.508451
0.353005 -0.23741 0.508161
 0.353249 -0.237151  0.507876
 0.353489 -0.236897  0.507596
 0.353725 -0.236648  0.507322
 0.353956 -0.236403  0.507052
 0.354182 -0.236163  0.506787
 0.354405 -0.235927  0.506528
 0.354623 -0.235696  0.506274
0.354837 -0.23547 0.506024
 0.355046 -0.235248   0.50578
 0.355251 -0.235031  0.505541
 0.355452 -0.234818  0.505307
0.355648 -0.23461 0.505077
  0.35584 -0.234407  0.504853
 0.356028 -0.234208  0.504634
 0.356211 -0.234014   0.50442
  0.35639 -0.233824  0.504211
 0.356565 -0.233639  0.504007
 0.356736 -0.233458  0.503809
 0.356902 -0.233282  0.503615
 0.357064 -0.233111  0.503426
 0.357221 -0.232944  0.503242
 0.357374 -0.232782  0.503064
 0.357523 -0.232624   0.50289
 0.357667 -0.232471  0.502722
 0.357807 -0.232323  0.502558
 0.357943 -0.232179    0.5024
0.358074 -0.23204 0.502247
 0.358201 -0.231906  0.502099
 0.358324 -0.231775  0.501955
0.358442 -0.23165 0.501817
 0.358556 -0.231529  0.501684
 0.358666 -0.231413  0.501556
 0.358771 -0.231302  0.501434
 0.358872 -0.231195  0.501316
 0.358969 -0.231092  0.501203
 0.359061 -0.230994  0.501095
 0.359149 -0.230901  0.500992
