5.00679e-06
0.00957203
0.0196378
0.0296938
0.0397539
0.0498199
0.0598869
0.069942
0.079999
0.090054
0.100109
0.110166
0.120226
0.13028
0.140335
0.150389
0.160445
0.170499
0.180565
0.190621
0.200678
0.210735
0.220806
0.230861
0.240917
0.250975
0.261033
0.27109
0.281146
0.291203
0.301261
0.311328
0.321395
0.331462
0.341529
0.351595
0.361666
0.371733
0.381802
0.391858
0.401925
0.411981
0.422037
0.432096
0.442152
0.452208
0.462265
0.472332
0.482388
0.492444
0.502511
0.512578
0.522634
0.53269
0.542747
0.552802
0.562871
0.572926
0.582981
0.593035
0.603092
0.613148
0.623202
0.63327
0.643325
0.65338
0.663435
0.67349
0.683545
0.693603
0.703671
0.713725
0.723792
0.733848
0.743913
0.753979
0.764034
0.77409
0.784146
0.794201
0.804258
0.814313
0.824369
0.834436
0.844502
0.854557
0.864622
0.874677
0.884733
0.894788
0.904846
0.914869
0.924924
0.934981
0.945037
0.955094
0.965158
0.975213
0.985268
0.995323
1.00538
1.01541
1.02547
1.03552
1.04558
1.05564
1.06569
1.07575
1.0858
1.09586
1.10591
1.11597
1.12602
1.13608
1.14613
1.15619
1.16624
1.1763
1.18635
1.19641
1.20647
1.21652
1.22658
1.23665
1.2467
1.25676
1.26682
1.27688
1.28693
1.297
1.30705
1.31711
1.32717
1.33723
1.34729
1.35734
1.3674
1.37749
1.38755
1.39761
1.40766
1.41772
1.42779
1.43784
1.4479
1.45795
1.46801
1.47807
1.48812
1.49818
1.50823
1.51829
1.52834
1.5384
1.54846
1.55853
1.56861
1.57866
1.58873
1.59878
1.60884
1.6189
1.62895
1.63901
1.64907
1.65913
1.66919
1.67924
1.6893
1.69936
1.70942
1.71945
1.72951
1.73956
1.74962
1.75968
1.76973
1.77979
1.78984
1.79989
1.80995
1.82
1.83006
1.84011
1.85017
1.86022
1.87025
1.88031
1.89036
1.90043
1.9105
1.92055
1.93061
1.94067
1.95073
1.96079
1.97086
1.98093
1.99098
2.00104
2.01109
2.02115
2.03121
2.04128
2.05133
2.06139
2.07144
2.0815
2.09157
2.10163
2.11169
2.12176
2.13182
2.14188
2.15193
2.16199
2.17205
2.1821
2.19216
2.20222
2.21227
2.22233
2.23239
2.24245
2.25251
2.26256
2.27262
2.28267
2.29273
2.30279
2.31284
2.3229
2.33296
2.34301
2.35307
2.36314
2.37319
2.38322
2.39327
2.40333
2.41338
2.42344
2.43349
2.44355
2.4536
2.46366
2.47371
2.48376
2.49382
2.50388
2.51393
2.52399
2.53404
2.5441
2.55415
2.56421
2.57427
2.58432
2.59438
2.60443
2.61449
2.62455
2.6346
2.64466
2.65472
2.6648
2.67488
2.68495
2.69502
2.70508
2.71514
2.7252
2.73526
2.74531
2.75537
2.76542
2.77549
2.78556
2.79561
2.80567
2.81572
2.82579
2.83585
2.8459
2.85596
2.86601
2.87607
2.88612
2.89618
2.90626
2.91632
2.9264
2.93645
