0.0165693 -0.105389  0.508572
0.0165689 -0.105392  0.508573
0.0165678 -0.105399  0.508576
0.0165659 -0.105412   0.50858
0.0165633 -0.105429  0.508585
0.0165599 -0.105452  0.508593
0.0165557  -0.10548  0.508602
0.0165508 -0.105513  0.508613
0.0165451 -0.105551  0.508625
0.0165387 -0.105594  0.508639
0.0165315 -0.105642  0.508655
0.0165235 -0.105695  0.508673
0.0165148 -0.105753  0.508692
0.0165054 -0.105816  0.508713
0.0164952 -0.105885  0.508735
0.0164842 -0.105958  0.508759
0.0164725 -0.106036  0.508785
 0.01646 -0.10612 0.508812
0.0164467 -0.106208  0.508841
0.0164327 -0.106302  0.508872
 0.016418 -0.106401  0.508905
0.0164024 -0.106504  0.508939
0.0163862 -0.106613  0.508974
0.0163691 -0.106727  0.509012
0.0163513 -0.106846  0.509051
0.0163329 -0.106969  0.509091
0.0163136 -0.107098  0.509134
0.0162935 -0.107232  0.509178
0.0162727 -0.107371  0.509224
0.0162511 -0.107516  0.509271
0.0162288 -0.107665   0.50932
0.0162057 -0.107819  0.509371
0.0161818 -0.107979  0.509423
0.0161572 -0.108143  0.509477
0.0161318 -0.108313  0.509533
0.0161058 -0.108486   0.50959
 0.016079 -0.108666  0.509649
0.0160513 -0.108851   0.50971
0.0160229  -0.10904  0.509772
0.0159937 -0.109235  0.509836
0.0159638 -0.109435  0.509902
0.0159331  -0.10964  0.509969
0.0159017  -0.10985  0.510038
0.0158695 -0.110066  0.510109
0.0158365 -0.110286  0.510181
0.0158028 -0.110511  0.510256
0.0157684 -0.110742  0.510331
0.0157332 -0.110977  0.510408
0.0156972 -0.111217  0.510487
0.0156605 -0.111462  0.510568
 0.015623 -0.111713   0.51065
0.0155847 -0.111969  0.510734
0.0155458 -0.112229   0.51082
 0.015506 -0.112495  0.510907
0.0154655 -0.112765  0.510996
0.0154242 -0.113041  0.511087
0.0153822 -0.113322  0.511179
0.0153394 -0.113608  0.511273
0.0152959 -0.113899  0.511369
0.0152515 -0.114195  0.511466
0.0152065 -0.114496  0.511565
0.0151606 -0.114803  0.511666
0.0151141 -0.115114  0.511768
0.0150668  -0.11543  0.511872
0.0150187 -0.115751  0.511978
0.0149698 -0.116078  0.512085
0.0149202 -0.116409  0.512194
0.0148699 -0.116746  0.512304
0.0148188 -0.117087  0.512416
0.0147669 -0.117434   0.51253
0.0147143 -0.117785  0.512646
 0.014661 -0.118142  0.512763
0.0146068 -0.118504  0.512882
0.0145518 -0.118871  0.513003
0.0144961 -0.119243  0.513125
0.0144399 -0.119619  0.513248
 0.014383 -0.119999  0.513373
0.0143252 -0.120386    0.5135
0.0142679 -0.120768  0.513626
0.0142114 -0.121146   0.51375
0.0141557 -0.121518  0.513873
0.0141007 -0.121885  0.513993
0.0140465 -0.122247  0.514112
0.0139931 -0.122605   0.51423
0.0139404 -0.122957  0.514345
0.0138884 -0.123304   0.51446
0.0138373 -0.123646  0.514572
0.0137869 -0.123983  0.514683
0.0137372 -0.124315  0.514792
0.0136883 -0.124642  0.514899
0.0136401 -0.124963  0.515005
0.0135928  -0.12528  0.515109
0.0135461 -0.125592  0.515211
0.0135002 -0.125898  0.515312
0.0134551 -0.126199  0.515411
0.0134108 -0.126496  0.515508
0.0133672 -0.126787  0.515604
0.0133244 -0.127073  0.515698
0.0132823 -0.127355  0.515791
0.0132409 -0.127631  0.515881
0.0132004 -0.127902  0.515971
0.0131605 -0.128168  0.516058
0.0131215 -0.128429  0.516144
0.0130832 -0.128685  0.516228
0.0130457 -0.128936   0.51631
0.0130089 -0.129181  0.516391
0.0129729 -0.129422   0.51647
0.0129377 -0.129657  0.516547
0.0129032 -0.129888  0.516623
0.0128695 -0.130113  0.516697
0.0128365 -0.130334   0.51677
0.0128043 -0.130549   0.51684
0.0127728 -0.130759  0.516909
0.0127421 -0.130964  0.516977
0.0127121 -0.131165  0.517043
0.0126829  -0.13136  0.517107
0.0126545  -0.13155  0.517169
0.0126269 -0.131734   0.51723
   0.0126 -0.131914  0.517289
0.0125738 -0.132089  0.517346
0.0125484 -0.132259  0.517402
0.0125238 -0.132423  0.517456
0.0124999 -0.132583  0.517509
0.0124768 -0.132738   0.51756
0.0124543 -0.132887  0.517609
0.0124327 -0.133032  0.517656
0.0124119 -0.133171  0.517702
0.0123917 -0.133306  0.517746
0.0123724 -0.133435  0.517789
0.0123538 -0.133559   0.51783
0.0123359 -0.133679  0.517869
0.0123189 -0.133793  0.517906
0.0123025 -0.133902  0.517942
0.0122869 -0.134006  0.517976
0.0122721 -0.134105  0.518009
0.0122581 -0.134199   0.51804
0.0122448 -0.134288  0.518069
0.0122322 -0.134372  0.518097
0.0122204  -0.13445  0.518122
0.0122094 -0.134524  0.518147
0.0121991 -0.134593  0.518169
0.0121896 -0.134656   0.51819
0.0121808 -0.134715  0.518209
0.0121728 -0.134769  0.518227
0.0121656 -0.134817  0.518243
0.0121591  -0.13486  0.518257
0.0121534 -0.134899   0.51827
0.0121484 -0.134932  0.518281
0.0121442  -0.13496   0.51829
0.0121407 -0.134983  0.518298
 0.012138 -0.135001  0.518303
0.0121361 -0.135014  0.518308
0.0121349 -0.135022   0.51831
0.0121345 -0.135025  0.518311
0.0121345 -0.135025  0.518311
0.0121345 -0.135025  0.518311
0.0121345 -0.135025  0.518311
0.0121345 -0.135025  0.518311
0.0121345 -0.135025  0.518311
0.0121345 -0.135025  0.518311
0.0121345 -0.135025  0.518311
0.0121345 -0.135025  0.518311
0.0121345 -0.135025  0.518311
0.0121345 -0.135025  0.518311
0.0121345 -0.135025  0.518311
0.0121345 -0.135025  0.518311
0.0121345 -0.135025  0.518311
0.0121345 -0.135025  0.518311
0.0121345 -0.135025  0.518311
0.0121345 -0.135025  0.518311
0.0121345 -0.135025  0.518311
0.0121345 -0.135025  0.518311
0.0121345 -0.135025  0.518311
0.0121345 -0.135025  0.518311
0.0121345 -0.135025  0.518311
0.0121345 -0.135025  0.518311
0.0121345 -0.135025  0.518311
0.0121345 -0.135025  0.518311
0.0121345 -0.135025  0.518311
0.0121345 -0.135025  0.518311
0.0121345 -0.135025  0.518311
0.0121345 -0.135025  0.518311
0.0121345 -0.135025  0.518311
0.0121345 -0.135025  0.518311
0.0121345 -0.135025  0.518311
0.0121345 -0.135025  0.518311
0.0121345 -0.135025  0.518311
0.0121345 -0.135025  0.518311
0.0121345 -0.135025  0.518311
0.0121345 -0.135025  0.518311
0.0121345 -0.135025  0.518311
0.0121345 -0.135025  0.518311
0.0121345 -0.135025  0.518311
0.0121345 -0.135025  0.518311
0.0121345 -0.135025  0.518311
0.0121345 -0.135025  0.518311
0.0121345 -0.135025  0.518311
0.0121345 -0.135025  0.518311
0.0121345 -0.135025  0.518311
0.0121345 -0.135025  0.518311
0.0121345 -0.135025  0.518311
0.0121345 -0.135025  0.518311
0.0121345 -0.135025  0.518311
0.0121345 -0.135025  0.518311
0.0121345 -0.135025  0.518311
0.0121345 -0.135025  0.518311
0.0121345 -0.135025  0.518311
0.0121345 -0.135025  0.518311
0.0121345 -0.135025  0.518311
0.0121345 -0.135025  0.518311
0.0121345 -0.135025  0.518311
0.0121345 -0.135025  0.518311
0.0121345 -0.135025  0.518311
0.0121345 -0.135025  0.518311
0.0121345 -0.135025  0.518311
0.0121345 -0.135025  0.518311
0.0121345 -0.135025  0.518311
0.0121345 -0.135025  0.518311
0.0121345 -0.135025  0.518311
0.0121345 -0.135025  0.518311
0.0121345 -0.135025  0.518311
0.0121345 -0.135025  0.518311
0.0121345 -0.135025  0.518311
0.0121345 -0.135025  0.518311
0.0121345 -0.135025  0.518311
0.0121345 -0.135025  0.518311
0.0121345 -0.135025  0.518311
0.0121345 -0.135025  0.518311
0.0121345 -0.135025  0.518311
0.0121345 -0.135025  0.518311
0.0121345 -0.135025  0.518311
0.0121345 -0.135025  0.518311
0.0121345 -0.135025  0.518311
0.0121345 -0.135025  0.518311
0.0121345 -0.135025  0.518311
0.0121345 -0.135025  0.518311
0.0121345 -0.135025  0.518311
0.0121345 -0.135025  0.518311
0.0121345 -0.135025  0.518311
0.0121345 -0.135025  0.518311
0.0121345 -0.135025  0.518311
0.0121345 -0.135025  0.518311
0.0121345 -0.135025  0.518311
0.0121345 -0.135025  0.518311
0.0121345 -0.135025  0.518311
0.0121345 -0.135025  0.518311
0.0121345 -0.135025  0.518311
0.0121345 -0.135025  0.518311
0.0121345 -0.135025  0.518311
0.0121345 -0.135025  0.518311
0.0121345 -0.135025  0.518311
0.0121345 -0.135025  0.518311
0.0121345 -0.135025  0.518311
0.0121345 -0.135025  0.518311
0.0121345 -0.135025  0.518311
0.0121345 -0.135025  0.518311
0.0121345 -0.135025  0.518311
0.0121345 -0.135025  0.518311
0.0121345 -0.135025  0.518311
0.0121345 -0.135025  0.518311
0.0121345 -0.135025  0.518311
0.0121345 -0.135025  0.518311
0.0121345 -0.135025  0.518311
0.0121345 -0.135025  0.518311
0.0121345 -0.135025  0.518311
0.0121345 -0.135025  0.518311
0.0121345 -0.135025  0.518311
0.0121345 -0.135025  0.518311
0.0121345 -0.135025  0.518311
0.0121345 -0.135025  0.518311
0.0121345 -0.135025  0.518311
0.0121345 -0.135025  0.518311
0.0121345 -0.135025  0.518311
0.0121345 -0.135025  0.518311
0.0121345 -0.135025  0.518311
0.0121345 -0.135025  0.518311
0.0121345 -0.135025  0.518311
0.0121345 -0.135025  0.518311
0.0121345 -0.135025  0.518311
0.0121345 -0.135025  0.518311
0.0121345 -0.135025  0.518311
0.0121345 -0.135025  0.518311
0.0121345 -0.135025  0.518311
0.0121345 -0.135025  0.518311
0.0121345 -0.135025  0.518311
0.0121345 -0.135025  0.518311
0.0121345 -0.135025  0.518311
0.0121345 -0.135025  0.518311
0.0121345 -0.135025  0.518311
0.0121345 -0.135025  0.518311
0.0121345 -0.135025  0.518311
0.0121345 -0.135025  0.518311
0.0121345 -0.135025  0.518311
0.0121345 -0.135025  0.518311
0.0121345 -0.135025  0.518311
0.0121345 -0.135025  0.518311
0.0121345 -0.135025  0.518311
0.0121345 -0.135025  0.518311
0.0121345 -0.135025  0.518311
0.0121345 -0.135025  0.518311
0.0121345 -0.135025  0.518311
0.0121345 -0.135025  0.518311
0.0121345 -0.135025  0.518311
0.0121345 -0.135025  0.518311
0.0121345 -0.135025  0.518311
0.0121345 -0.135025  0.518311
0.0121345 -0.135025  0.518311
0.0121345 -0.135025  0.518311
0.0121345 -0.135025  0.518311
0.0121345 -0.135025  0.518311
0.0121345 -0.135025  0.518311
0.0121345 -0.135025  0.518311
0.0121345 -0.135025  0.518311
0.0121345 -0.135025  0.518311
0.0121345 -0.135025  0.518311
0.0121345 -0.135025  0.518311
0.0121345 -0.135025  0.518311
0.0121345 -0.135025  0.518311
0.0121345 -0.135025  0.518311
0.0121345 -0.135025  0.518311
0.0121345 -0.135025  0.518311
0.0121345 -0.135025  0.518311
0.0121345 -0.135025  0.518311
0.0121345 -0.135025  0.518311
0.0121345 -0.135025  0.518311
0.0121345 -0.135025  0.518311
0.0121345 -0.135025  0.518311
0.0121345 -0.135025  0.518311
0.0121345 -0.135025  0.518311
0.0121345 -0.135025  0.518311
0.0121345 -0.135025  0.518311
0.0121345 -0.135025  0.518311
0.0121345 -0.135025  0.518311
0.0121345 -0.135025  0.518311
0.0121345 -0.135025  0.518311
0.0121345 -0.135025  0.518311
0.0121345 -0.135025  0.518311
0.0121345 -0.135025  0.518311
0.0121345 -0.135025  0.518311
0.0121345 -0.135025  0.518311
0.0121345 -0.135025  0.518311
0.0121345 -0.135025  0.518311
0.0121345 -0.135025  0.518311
0.0121345 -0.135025  0.518311
0.0121345 -0.135025  0.518311
0.0121345 -0.135025  0.518311
0.0121345 -0.135025  0.518311
0.0121345 -0.135025  0.518311
0.0121345 -0.135025  0.518311
0.0121345 -0.135025  0.518311
0.0121345 -0.135025  0.518311
0.0121345 -0.135025  0.518311
0.0121345 -0.135025  0.518311
0.0121345 -0.135025  0.518311
0.0121345 -0.135025  0.518311
0.0121345 -0.135025  0.518311
0.0121345 -0.135025  0.518311
0.0121345 -0.135025  0.518311
0.0121345 -0.135025  0.518311
0.0121345 -0.135025  0.518311
0.0121345 -0.135025  0.518311
0.0121345 -0.135025  0.518311
0.0121345 -0.135025  0.518311
0.0121345 -0.135025  0.518311
0.0121345 -0.135025  0.518311
0.0121345 -0.135025  0.518311
0.0121345 -0.135025  0.518311
0.0121345 -0.135025  0.518311
0.0121345 -0.135025  0.518311
0.0121345 -0.135025  0.518311
0.0121345 -0.135025  0.518311
0.0121345 -0.135025  0.518311
0.0121345 -0.135025  0.518311
0.0121345 -0.135025  0.518311
0.0121345 -0.135025  0.518311
0.0121345 -0.135025  0.518311
0.0121345 -0.135025  0.518311
0.0121345 -0.135025  0.518311
0.0121345 -0.135025  0.518311
0.0121345 -0.135025  0.518311
0.0121345 -0.135025  0.518311
0.0121345 -0.135025  0.518311
0.0121345 -0.135025  0.518311
0.0121345 -0.135025  0.518311
0.0121345 -0.135025  0.518311
0.0121345 -0.135025  0.518311
0.0121345 -0.135025  0.518311
0.0121345 -0.135025  0.518311
0.0121345 -0.135025  0.518311
0.0121345 -0.135025  0.518311
0.0121345 -0.135025  0.518311
0.0121345 -0.135025  0.518311
0.0121345 -0.135025  0.518311
0.0121345 -0.135025  0.518311
0.0121345 -0.135025  0.518311
0.0121345 -0.135025  0.518311
0.0121345 -0.135025  0.518311
0.0121345 -0.135025  0.518311
0.0121345 -0.135025  0.518311
0.0121345 -0.135025  0.518311
0.0121345 -0.135025  0.518311
0.0121345 -0.135025  0.518311
0.0121345 -0.135025  0.518311
0.0121345 -0.135025  0.518311
0.0121345 -0.135025  0.518311
0.0121345 -0.135025  0.518311
0.0121345 -0.135025  0.518311
0.0121345 -0.135025  0.518311
0.0121345 -0.135025  0.518311
0.0121345 -0.135025  0.518311
0.0121345 -0.135025  0.518311
0.0121345 -0.135025  0.518311
0.0121345 -0.135025  0.518311
0.0121345 -0.135025  0.518311
0.0121345 -0.135025  0.518311
0.0121345 -0.135025  0.518311
0.0121345 -0.135025  0.518311
0.0121345 -0.135025  0.518311
0.0121345 -0.135025  0.518311
0.0121345 -0.135025  0.518311
0.0121345 -0.135025  0.518311
0.0121345 -0.135025  0.518311
0.0121345 -0.135025  0.518311
0.0121345 -0.135025  0.518311
0.0121345 -0.135025  0.518311
0.0121345 -0.135025  0.518311
0.0121345 -0.135025  0.518311
0.0121345 -0.135025  0.518311
0.0121345 -0.135025  0.518311
0.0121345 -0.135025  0.518311
0.0121345 -0.135025  0.518311
0.0121345 -0.135025  0.518311
0.0121345 -0.135025  0.518311
0.0121345 -0.135025  0.518311
0.0121345 -0.135025  0.518311
0.0121345 -0.135025  0.518311
0.0121345 -0.135025  0.518311
0.0121345 -0.135025  0.518311
0.0121345 -0.135025  0.518311
0.0121345 -0.135025  0.518311
0.0121345 -0.135025  0.518311
0.0121345 -0.135025  0.518311
0.0121345 -0.135025  0.518311
0.0121345 -0.135025  0.518311
0.0121345 -0.135025  0.518311
0.0121345 -0.135025  0.518311
0.0121345 -0.135025  0.518311
0.0121345 -0.135025  0.518311
0.0121345 -0.135025  0.518311
0.0121345 -0.135025  0.518311
0.0121345 -0.135025  0.518311
0.0121345 -0.135025  0.518311
0.0121345 -0.135025  0.518311
0.0121345 -0.135025  0.518311
0.0121345 -0.135025  0.518311
0.0121345 -0.135025  0.518311
0.0121345 -0.135025  0.518311
0.0121345 -0.135025  0.518311
0.0121345 -0.135025  0.518311
0.0121345 -0.135025  0.518311
0.0121345 -0.135025  0.518311
0.0121345 -0.135025  0.518311
0.0121345 -0.135025  0.518311
0.0121345 -0.135025  0.518311
0.0121345 -0.135025  0.518311
0.0121345 -0.135025  0.518311
0.0121345 -0.135025  0.518311
0.0121345 -0.135025  0.518311
0.0121345 -0.135025  0.518311
0.0121345 -0.135025  0.518311
0.0121345 -0.135025  0.518311
0.0121345 -0.135025  0.518311
0.0121345 -0.135025  0.518311
0.0121345 -0.135025  0.518311
0.0121345 -0.135025  0.518311
0.0121345 -0.135025  0.518311
0.0121345 -0.135025  0.518311
0.0121345 -0.135025  0.518311
0.0121345 -0.135025  0.518311
0.0121345 -0.135025  0.518311
0.0121345 -0.135025  0.518311
0.0121345 -0.135025  0.518311
0.0121345 -0.135025  0.518311
0.0121345 -0.135025  0.518311
0.0121345 -0.135025  0.518311
0.0121345 -0.135025  0.518311
0.0121345 -0.135025  0.518311
0.0121345 -0.135025  0.518311
0.0121345 -0.135025  0.518311
0.0121345 -0.135025  0.518311
0.0121345 -0.135025  0.518311
0.0121345 -0.135025  0.518311
0.0121345 -0.135025  0.518311
0.0121345 -0.135025  0.518311
0.0121345 -0.135025  0.518311
0.0121345 -0.135025  0.518311
0.0121345 -0.135025  0.518311
0.0121345 -0.135025  0.518311
0.0121345 -0.135025  0.518311
0.0121345 -0.135025  0.518311
0.0121345 -0.135025  0.518311
0.0121345 -0.135025  0.518311
0.0121345 -0.135025  0.518311
0.0121345 -0.135025  0.518311
0.0121345 -0.135025  0.518311
0.0121345 -0.135025  0.518311
0.0121345 -0.135025  0.518311
0.0121345 -0.135025  0.518311
0.0121345 -0.135025  0.518311
0.0121345 -0.135025  0.518311
0.0121345 -0.135025  0.518311
0.0121345 -0.135025  0.518311
0.0121345 -0.135025  0.518311
0.0121345 -0.135025  0.518311
0.0121345 -0.135025  0.518311
0.0121345 -0.135025  0.518311
0.0121345 -0.135025  0.518311
0.0121345 -0.135025  0.518311
0.0121345 -0.135025  0.518311
0.0121345 -0.135025  0.518311
0.0121345 -0.135025  0.518311
0.0121345 -0.135025  0.518311
0.0121345 -0.135025  0.518311
0.0121345 -0.135025  0.518311
0.0121345 -0.135025  0.518311
0.0121345 -0.135025  0.518311
0.0121345 -0.135025  0.518311
0.0121345 -0.135025  0.518311
0.0121345 -0.135025  0.518311
0.0121345 -0.135025  0.518311
0.0121345 -0.135025  0.518311
0.0121345 -0.135025  0.518311
0.0121345 -0.135025  0.518311
0.0121345 -0.135025  0.518311
0.0121345 -0.135025  0.518311
0.0121345 -0.135025  0.518311
0.0121345 -0.135025  0.518311
0.0121345 -0.135025  0.518311
0.0121345 -0.135025  0.518311
0.0121345 -0.135025  0.518311
0.0121345 -0.135025  0.518311
0.0121345 -0.135025  0.518311
0.0121345 -0.135025  0.518311
0.0121345 -0.135025  0.518311
0.0121345 -0.135025  0.518311
0.0121345 -0.135025  0.518311
0.0121345 -0.135025  0.518311
0.0121345 -0.135025  0.518311
0.0121345 -0.135025  0.518311
0.0121345 -0.135025  0.518311
0.0121345 -0.135025  0.518311
0.0121345 -0.135025  0.518311
0.0121345 -0.135025  0.518311
0.0121345 -0.135025  0.518311
0.0121345 -0.135025  0.518311
0.0121345 -0.135025  0.518311
0.0121345 -0.135025  0.518311
0.0121345 -0.135025  0.518311
0.0121345 -0.135025  0.518311
0.0121345 -0.135025  0.518311
0.0121345 -0.135025  0.518311
0.0121345 -0.135025  0.518311
0.0121345 -0.135025  0.518311
0.0121345 -0.135025  0.518311
0.0121345 -0.135025  0.518311
0.0121345 -0.135025  0.518311
0.0121345 -0.135025  0.518311
0.0121345 -0.135025  0.518311
0.0121345 -0.135025  0.518311
0.0121345 -0.135025  0.518311
0.0121345 -0.135025  0.518311
0.0121345 -0.135025  0.518311
0.0121345 -0.135025  0.518311
0.0121345 -0.135025  0.518311
0.0121345 -0.135025  0.518311
0.0121345 -0.135025  0.518311
0.0121345 -0.135025  0.518311
0.0121345 -0.135025  0.518311
0.0121345 -0.135025  0.518311
0.0121345 -0.135025  0.518311
0.0121345 -0.135025  0.518311
0.0121345 -0.135025  0.518311
0.0121345 -0.135025  0.518311
0.0121345 -0.135025  0.518311
0.0121345 -0.135025  0.518311
0.0121345 -0.135025  0.518311
0.0121345 -0.135025  0.518311
0.0121345 -0.135025  0.518311
0.0121345 -0.135025  0.518311
0.0121345 -0.135025  0.518311
0.0121345 -0.135025  0.518311
0.0121345 -0.135025  0.518311
0.0121345 -0.135025  0.518311
0.0121345 -0.135025  0.518311
0.0121345 -0.135025  0.518311
0.0121345 -0.135025  0.518311
0.0121345 -0.135025  0.518311
0.0121345 -0.135025  0.518311
0.0121345 -0.135025  0.518311
0.0121345 -0.135025  0.518311
0.0121345 -0.135025  0.518311
0.0121345 -0.135025  0.518311
0.0121345 -0.135025  0.518311
0.0121345 -0.135025  0.518311
0.0121345 -0.135025  0.518311
0.0121345 -0.135025  0.518311
0.0121345 -0.135025  0.518311
0.0121345 -0.135025  0.518311
0.0121345 -0.135025  0.518311
0.0121345 -0.135025  0.518311
0.0121345 -0.135025  0.518311
0.0121345 -0.135025  0.518311
0.0121345 -0.135025  0.518311
0.0121345 -0.135025  0.518311
0.0121345 -0.135025  0.518311
0.0121345 -0.135025  0.518311
0.0121345 -0.135025  0.518311
0.0121345 -0.135025  0.518311
0.0121345 -0.135025  0.518311
0.0121345 -0.135025  0.518311
0.0121345 -0.135025  0.518311
0.0121345 -0.135025  0.518311
0.0121345 -0.135025  0.518311
0.0121345 -0.135025  0.518311
0.0121345 -0.135025  0.518311
0.0121345 -0.135025  0.518311
0.0121345 -0.135025  0.518311
0.0121345 -0.135025  0.518311
0.0121345 -0.135025  0.518311
0.0121345 -0.135025  0.518311
0.0121345 -0.135025  0.518311
0.0121345 -0.135025  0.518311
0.0121345 -0.135025  0.518311
0.0121345 -0.135025  0.518311
0.0121345 -0.135025  0.518311
0.0121345 -0.135025  0.518311
0.0121345 -0.135025  0.518311
0.0121345 -0.135025  0.518311
0.0121345 -0.135025  0.518311
0.0121345 -0.135025  0.518311
0.0121345 -0.135025  0.518311
0.0121345 -0.135025  0.518311
0.0121345 -0.135025  0.518311
0.0121345 -0.135025  0.518311
0.0121345 -0.135025  0.518311
0.0121345 -0.135025  0.518311
0.0121345 -0.135025  0.518311
0.0121345 -0.135025  0.518311
0.0121345 -0.135025  0.518311
0.0121345 -0.135025  0.518311
0.0121345 -0.135025  0.518311
0.0121345 -0.135025  0.518311
0.0121345 -0.135025  0.518311
0.0121345 -0.135025  0.518311
0.0121345 -0.135025  0.518311
0.0121345 -0.135025  0.518311
0.0121345 -0.135025  0.518311
0.0121345 -0.135025  0.518311
0.0121345 -0.135025  0.518311
0.0121345 -0.135025  0.518311
0.0121345 -0.135025  0.518311
0.0121345 -0.135025  0.518311
0.0121345 -0.135025  0.518311
0.0121345 -0.135025  0.518311
0.0121345 -0.135025  0.518311
0.0121345 -0.135025  0.518311
0.0121345 -0.135025  0.518311
0.0121345 -0.135025  0.518311
0.0121345 -0.135025  0.518311
0.0121345 -0.135025  0.518311
0.0121345 -0.135025  0.518311
0.0121345 -0.135025  0.518311
0.0121345 -0.135025  0.518311
0.0121345 -0.135025  0.518311
0.0121345 -0.135025  0.518311
0.0121345 -0.135025  0.518311
0.0121345 -0.135025  0.518311
0.0121345 -0.135025  0.518311
0.0121345 -0.135025  0.518311
0.0121345 -0.135025  0.518311
0.0121345 -0.135025  0.518311
0.0121345 -0.135025  0.518311
0.0121345 -0.135025  0.518311
0.0121345 -0.135025  0.518311
0.0121345 -0.135025  0.518311
0.0121345 -0.135025  0.518311
0.0121345 -0.135025  0.518311
0.0121345 -0.135025  0.518311
0.0121345 -0.135025  0.518311
0.0121345 -0.135025  0.518311
0.0121345 -0.135025  0.518311
0.0121345 -0.135025  0.518311
0.0121345 -0.135025  0.518311
0.0121345 -0.135025  0.518311
0.0121345 -0.135025  0.518311
0.0121345 -0.135025  0.518311
0.0121345 -0.135025  0.518311
0.0121345 -0.135025  0.518311
0.0121345 -0.135025  0.518311
0.0121345 -0.135025  0.518311
0.0121345 -0.135025  0.518311
0.0121345 -0.135025  0.518311
0.0121345 -0.135025  0.518311
0.0121345 -0.135025  0.518311
0.0121345 -0.135025  0.518311
0.0121345 -0.135025  0.518311
0.0121345 -0.135025  0.518311
0.0121345 -0.135025  0.518311
0.0121345 -0.135025  0.518311
0.0121345 -0.135025  0.518311
0.0121345 -0.135025  0.518311
0.0121345 -0.135025  0.518311
0.0121345 -0.135025  0.518311
0.0121345 -0.135025  0.518311
0.0121345 -0.135025  0.518311
0.0121345 -0.135025  0.518311
0.0121345 -0.135025  0.518311
0.0121345 -0.135025  0.518311
0.0121345 -0.135025  0.518311
0.0121345 -0.135025  0.518311
0.0121345 -0.135025  0.518311
0.0121345 -0.135025  0.518311
0.0121345 -0.135025  0.518311
0.0121345 -0.135025  0.518311
0.0121345 -0.135025  0.518311
0.0121345 -0.135025  0.518311
0.0121345 -0.135025  0.518311
0.0121345 -0.135025  0.518311
0.0121345 -0.135025  0.518311
0.0121345 -0.135025  0.518311
0.0121345 -0.135025  0.518311
0.0121345 -0.135025  0.518311
0.0121345 -0.135025  0.518311
0.0121345 -0.135025  0.518311
0.0121345 -0.135025  0.518311
0.0121345 -0.135025  0.518311
0.0121345 -0.135025  0.518311
0.0121345 -0.135025  0.518311
0.0121345 -0.135025  0.518311
0.0121345 -0.135025  0.518311
0.0121345 -0.135025  0.518311
0.0121345 -0.135025  0.518311
0.0121345 -0.135025  0.518311
0.0121345 -0.135025  0.518311
0.0121345 -0.135025  0.518311
0.0121345 -0.135025  0.518311
0.0121345 -0.135025  0.518311
0.0121345 -0.135025  0.518311
0.0121345 -0.135025  0.518311
0.0121345 -0.135025  0.518311
0.0121345 -0.135025  0.518311
0.0121345 -0.135025  0.518311
0.0121345 -0.135025  0.518311
0.0121345 -0.135025  0.518311
0.0121345 -0.135025  0.518311
0.0121345 -0.135025  0.518311
0.0121345 -0.135025  0.518311
0.0121345 -0.135025  0.518311
0.0121345 -0.135025  0.518311
0.0121345 -0.135025  0.518311
0.0121345 -0.135025  0.518311
0.0121345 -0.135025  0.518311
0.0121345 -0.135025  0.518311
0.0121345 -0.135025  0.518311
0.0121345 -0.135025  0.518311
0.0121345 -0.135025  0.518311
0.0121345 -0.135025  0.518311
0.0121345 -0.135025  0.518311
0.0121345 -0.135025  0.518311
0.0121345 -0.135025  0.518311
0.0121345 -0.135025  0.518311
0.0121345 -0.135025  0.518311
0.0121345 -0.135025  0.518311
0.0121345 -0.135025  0.518311
0.0121345 -0.135025  0.518311
0.0121345 -0.135025  0.518311
0.0121345 -0.135025  0.518311
0.0121345 -0.135025  0.518311
0.0121345 -0.135025  0.518311
0.0121345 -0.135025  0.518311
0.0121345 -0.135025  0.518311
0.0121345 -0.135025  0.518311
0.0121345 -0.135025  0.518311
0.0121345 -0.135025  0.518311
0.0121345 -0.135025  0.518311
0.0121345 -0.135025  0.518311
