 0.269082 -0.326871  0.609589
 0.269079 -0.326871  0.609583
 0.269076 -0.326868  0.609579
 0.269071 -0.326866  0.609574
 0.269067 -0.326865  0.609571
 0.269066 -0.326862  0.609574
0.269066 -0.32686 0.609577
  0.26907 -0.326852  0.609589
 0.269075 -0.326847    0.6096
 0.269084 -0.326837  0.609621
0.269093 -0.32683 0.609636
 0.269106 -0.326818  0.609659
 0.269121 -0.326806  0.609684
0.269139 -0.32679 0.609712
 0.269159 -0.326773  0.609743
 0.269181 -0.326756  0.609773
 0.269206 -0.326734  0.609809
 0.269231 -0.326714  0.609839
 0.269259 -0.326688  0.609874
 0.269289 -0.326662  0.609908
 0.269319 -0.326633  0.609943
 0.269351 -0.326603  0.609977
 0.269384 -0.326571  0.610007
 0.269417 -0.326535  0.610042
  0.26945 -0.326498  0.610069
 0.269485 -0.326461  0.610094
 0.269518 -0.326417  0.610121
 0.269553 -0.326372  0.610143
0.269588 -0.32632 0.610166
 0.269623 -0.326271  0.610181
0.269657 -0.32622 0.610196
 0.269693 -0.326167  0.610203
 0.269727 -0.326111  0.610214
 0.269762 -0.326053  0.610212
 0.269795 -0.325993  0.610212
 0.269833 -0.325927  0.610209
 0.269867 -0.325861    0.6102
 0.269905 -0.325791  0.610189
  0.26994 -0.325719  0.610173
0.269979 -0.32564 0.610158
 0.270016 -0.325564  0.610132
 0.270057 -0.325479  0.610107
 0.270098 -0.325395  0.610077
 0.270142 -0.325303  0.610045
 0.270186 -0.325211  0.610008
 0.270234 -0.325111  0.609969
 0.270282 -0.325011  0.609927
 0.270334 -0.324902   0.60988
 0.270388 -0.324793  0.609834
 0.270444 -0.324675  0.609778
 0.270502 -0.324555  0.609722
0.270565 -0.32443 0.609663
 0.270628 -0.324301    0.6096
   0.2707 -0.324162   0.60953
 0.270768 -0.324024  0.609459
 0.270842 -0.323879  0.609389
 0.270919 -0.323729  0.609305
 0.270997 -0.323574  0.609225
 0.271077 -0.323418  0.609141
 0.271161 -0.323254  0.609054
 0.271246 -0.323088  0.608963
 0.271335 -0.322911  0.608869
 0.271426 -0.322734  0.608773
 0.271518 -0.322555  0.608668
0.271613 -0.32237 0.608565
 0.271709 -0.322183   0.60845
 0.271806 -0.321991  0.608335
 0.271907 -0.321795  0.608216
 0.272008 -0.321595  0.608092
 0.272111 -0.321392  0.607964
 0.272215 -0.321185   0.60783
 0.272322 -0.320972  0.607696
 0.272435 -0.320753  0.607539
 0.272544 -0.320534  0.607391
 0.272658 -0.320296  0.607234
  0.27277 -0.320071  0.607075
 0.272883 -0.319842  0.606913
 0.272999 -0.319608  0.606743
 0.273115 -0.319371  0.606573
0.273234 -0.31913 0.606391
 0.273353 -0.318884  0.606208
 0.273474 -0.318635   0.60602
 0.273599 -0.318382  0.605825
 0.273723 -0.318125  0.605626
 0.273852 -0.317863   0.60542
0.273986 -0.31759 0.605217
 0.274117 -0.317323     0.605
 0.274253 -0.317044  0.604783
 0.274388 -0.316765  0.604554
0.274529 -0.31648 0.604321
  0.27467 -0.316191  0.604084
 0.274816 -0.315896  0.603839
 0.274971 -0.315586   0.60357
  0.27512 -0.315282  0.603312
0.275274 -0.31497 0.603053
 0.275429 -0.314653  0.602783
 0.275579 -0.314343  0.602532
 0.275748 -0.314007  0.602229
 0.275911 -0.313677  0.601942
 0.276079 -0.313329  0.601634
 0.276247 -0.312987  0.601334
 0.276418 -0.312639  0.601031
0.276591 -0.31229 0.600717
 0.276776 -0.311926  0.600416
 0.276953 -0.311568  0.600088
 0.277134 -0.311203  0.599757
 0.277316 -0.310835   0.59942
 0.277501 -0.310461  0.599076
 0.277688 -0.310083  0.598727
 0.277876 -0.309703  0.598368
 0.278076 -0.309306  0.597971
 0.278267 -0.308919  0.597595
  0.27846 -0.308527  0.597216
 0.278654 -0.308132   0.59683
 0.278849 -0.307709  0.596417
0.279045 -0.30731 0.596016
 0.279242 -0.306908  0.595608
  0.27944 -0.306502  0.595195
 0.279638 -0.306098  0.594771
0.279839 -0.30569 0.594348
 0.280037 -0.305283  0.593909
 0.280237 -0.304873  0.593467
 0.280439 -0.304463   0.59302
  0.28064 -0.304053  0.592564
 0.280858 -0.303636  0.592134
 0.281061 -0.303226  0.591665
 0.281265 -0.302812  0.591194
 0.281469 -0.302399  0.590712
 0.281674 -0.301987  0.590224
  0.28188 -0.301573  0.589731
 0.282086 -0.301159  0.589229
 0.282293 -0.300745  0.588721
0.282501 -0.30033 0.588205
  0.28271 -0.299916  0.587683
 0.282927 -0.299487  0.587087
0.283138 -0.29907 0.586553
 0.283349 -0.298655  0.586002
 0.283561 -0.298237  0.585449
 0.283774 -0.297819   0.58489
 0.283989 -0.297402  0.584321
0.284193 -0.29696 0.583716
 0.28441 -0.29654 0.583133
 0.284629 -0.296119  0.582549
 0.284848 -0.295701  0.581951
  0.28507 -0.295279  0.581351
 0.285293 -0.294858  0.580744
 0.285518 -0.294438   0.58013
 0.285745 -0.294016  0.579513
 0.285973 -0.293595  0.578886
 0.286205 -0.293174  0.578257
 0.286468 -0.292755  0.577674
 0.286704 -0.292333  0.577035
  0.28694 -0.291913   0.57638
 0.287178 -0.291494  0.575723
 0.287417 -0.291074   0.57506
 0.287658 -0.290654  0.574389
 0.287901 -0.290236  0.573712
 0.288143 -0.289818  0.573027
 0.288395 -0.289386  0.572241
0.288639 -0.28897 0.571539
 0.288885 -0.288555  0.570832
 0.289133 -0.288141  0.570121
 0.289375 -0.287741  0.569508
0.289625 -0.28733 0.568788
 0.289875 -0.286919  0.568061
0.290127 -0.28651 0.567332
 0.290379 -0.286102  0.566594
 0.290638 -0.285683  0.565743
 0.290873 -0.285241  0.564959
  0.29113 -0.284838  0.564208
 0.291389 -0.284436  0.563456
 0.291649 -0.284035  0.562698
 0.291911 -0.283634  0.561942
 0.292175 -0.283237  0.561179
0.292442 -0.28284 0.560421
  0.29271 -0.282444  0.559654
0.292981 -0.28205  0.55889
 0.293254 -0.281656  0.558127
 0.293577 -0.281273  0.557451
 0.293857 -0.280882   0.55669
 0.294139 -0.280492  0.555927
 0.294424 -0.280101  0.555169
 0.294711 -0.279712  0.554407
 0.295001 -0.279325  0.553648
 0.295245 -0.278926  0.552801
 0.295539 -0.278537  0.552045
 0.295836 -0.278148  0.551292
 0.296184 -0.277768  0.550633
 0.296486 -0.277378  0.549888
  0.29679 -0.276987  0.549142
 0.297098 -0.276596  0.548406
 0.297406 -0.276204  0.547666
 0.297718 -0.275811  0.546934
 0.298032 -0.275417  0.546208
 0.298349 -0.275022  0.545486
 0.298668 -0.274625  0.544772
 0.298989 -0.274228  0.544061
 0.299314 -0.273829   0.54336
0.299639 -0.27343 0.542659
0.299968 -0.27303 0.541968
 0.300298 -0.272628  0.541283
  0.30063 -0.272226  0.540605
 0.300964 -0.271822  0.539935
 0.301299 -0.271418  0.539271
 0.301636 -0.271012  0.538617
 0.301974 -0.270606  0.537966
 0.302313 -0.270199  0.537326
 0.302659 -0.269772  0.536583
    0.303 -0.269364  0.535961
 0.303343 -0.268954   0.53535
 0.303686 -0.268545  0.534746
 0.304031 -0.268134  0.534154
 0.304375 -0.267723  0.533569
 0.304719 -0.267312  0.532996
  0.30505 -0.266872  0.532396
0.305396 -0.26646 0.531844
 0.305742 -0.266048  0.531305
 0.306088 -0.265635  0.530774
 0.306435 -0.265221   0.53026
 0.306781 -0.264807  0.529749
 0.307168 -0.264401  0.529333
 0.307515 -0.263985  0.528847
 0.307861 -0.263568  0.528371
 0.308207 -0.263149  0.527909
0.308552 -0.26273 0.527451
 0.308898 -0.262308  0.527005
 0.309243 -0.261884  0.526569
 0.309595 -0.261436  0.526056
 0.309939 -0.261007   0.52564
 0.310275 -0.260546  0.525199
 0.310618 -0.260114  0.524802
0.310958 -0.25968 0.524407
 0.311299 -0.259244  0.524022
 0.311638 -0.258807  0.523648
 0.312007 -0.258376  0.523346
 0.312342 -0.257936  0.522988
0.312645 -0.25749  0.52257
 0.312978 -0.257049  0.522227
 0.313338 -0.256615  0.521955
 0.313665 -0.256174  0.521628
 0.313989 -0.255733   0.52131
 0.314312 -0.255293  0.520999
 0.314631 -0.254854  0.520699
 0.314946 -0.254416  0.520402
 0.315268 -0.253956  0.520056
 0.315577 -0.253521  0.519777
 0.315874 -0.253111  0.519562
 0.316176 -0.252679  0.519298
 0.316473 -0.252249  0.519038
 0.316768 -0.251821   0.51879
 0.317058 -0.251396  0.518541
 0.317344 -0.250974  0.518303
 0.317636 -0.250531  0.518024
 0.317915 -0.250114    0.5178
  0.31819 -0.249699  0.517586
 0.318461 -0.249287  0.517373
 0.318728 -0.248878  0.517169
 0.318992 -0.248473  0.516973
 0.319244 -0.248091  0.516823
 0.319501 -0.247691   0.51664
 0.319754 -0.247294   0.51646
0.320004  -0.2469 0.516294
  0.32025 -0.246509  0.516124
0.320493 -0.24612 0.515964
 0.320733 -0.245734  0.515812
 0.32097 -0.24535 0.515664
 0.321204 -0.244969  0.515525
 0.321434 -0.244592  0.515385
 0.321662 -0.244216  0.515253
 0.321895 -0.243821    0.5151
 0.322116 -0.243448  0.514979
0.322336 -0.24308 0.514862
 0.322553 -0.242712  0.514748
 0.322767 -0.242346  0.514644
 0.322979 -0.241967   0.51452
 0.323186 -0.241608  0.514419
 0.323391 -0.241255  0.514322
 0.323593 -0.240902  0.514226
 0.323791 -0.240553  0.514139
 0.323986 -0.240211  0.514048
0.324178 -0.23987 0.513963
 0.324366 -0.239533  0.513882
 0.324551 -0.239205  0.513802
 0.324733 -0.238877  0.513727
  0.32491 -0.238554  0.513652
 0.325084 -0.238238  0.513583
 0.325255 -0.237925  0.513509
 0.325421 -0.237616  0.513441
 0.325584 -0.237315  0.513375
 0.325752 -0.237018  0.513325
 0.325907 -0.236724  0.513264
 0.326058 -0.236438  0.513198
 0.326208 -0.236154  0.513136
 0.326352 -0.235874  0.513076
 0.326493 -0.235603  0.513015
 0.326635 -0.235322  0.512948
 0.326769 -0.235058  0.512889
   0.3269 -0.234801  0.512835
 0.327027 -0.234546  0.512775
 0.327151 -0.234297  0.512719
 0.327272 -0.234054  0.512663
  0.32739 -0.233814  0.512608
 0.327498 -0.233585  0.512553
  0.32761 -0.233356  0.512496
 0.327721 -0.233129  0.512444
 0.327828 -0.232906  0.512393
0.327933 -0.23269 0.512341
 0.328041 -0.232477  0.512302
 0.328141 -0.232267  0.512253
 0.328239 -0.232064  0.512208
 0.328338 -0.231856  0.512153
 0.328432 -0.231658  0.512108
 0.328524 -0.231467  0.512064
 0.328618 -0.231262  0.512012
 0.328706 -0.231079  0.511972
 0.328792 -0.230898  0.511931
 0.328877 -0.230721  0.511891
  0.32896 -0.230552  0.511854
  0.32904 -0.230384  0.511818
 0.329119 -0.230222  0.511784
 0.329196 -0.230067  0.511749
  0.32927 -0.229914  0.511722
 0.329342 -0.229766  0.511689
 0.329413 -0.229626  0.511659
 0.329481 -0.229489  0.511633
 0.329547 -0.229358  0.511607
 0.329612 -0.229234  0.511583
 0.329673 -0.229113  0.511559
 0.329733 -0.228997  0.511537
0.329791 -0.22889 0.511516
 0.329847 -0.228785  0.511496
   0.3299 -0.228684  0.511479
 0.329952 -0.228591  0.511459
0.330003  -0.2285 0.511445
 0.330051 -0.228413  0.511425
 0.330097 -0.228333  0.511408
 0.330143 -0.228253  0.511394
 0.330187 -0.228177  0.511377
  0.33023 -0.228107  0.511362
 0.330272 -0.228037  0.511345
 0.330312 -0.227969  0.511329
 0.330352 -0.227905  0.511313
  0.33039 -0.227841  0.511297
 0.330429 -0.227778  0.511282
 0.330467 -0.227719  0.511263
 0.330504 -0.227658   0.51125
 0.330541 -0.227598  0.511229
 0.330577 -0.227542   0.51121
 0.330613 -0.227483  0.511192
 0.330649 -0.227425  0.511173
0.330684 -0.22737 0.511155
 0.330719 -0.227312  0.511134
 0.330754 -0.227255  0.511115
 0.330788 -0.227201  0.511094
 0.330823 -0.227145  0.511074
 0.330856 -0.227089  0.511055
 0.330889 -0.227037  0.511033
  0.33092 -0.226987  0.511018
0.330954 -0.22693 0.510994
 0.330984 -0.226884  0.510973
 0.331017 -0.226838  0.510958
 0.331045 -0.226785  0.510934
 0.331077 -0.226744  0.510918
 0.331106 -0.226698  0.510897
 0.331138 -0.226643  0.510874
 0.331166 -0.226601   0.51085
0.331192 -0.22656 0.510831
 0.331219 -0.226525  0.510811
 0.331244 -0.226488  0.510791
 0.331269 -0.226454  0.510775
 0.331292 -0.226425  0.510753
 0.331316 -0.226395  0.510734
 0.331338 -0.226368  0.510716
 0.331359 -0.226346  0.510696
  0.33138 -0.226322   0.51068
 0.331401 -0.226301   0.51066
 0.331421 -0.226284  0.510646
 0.331439 -0.226266  0.510625
0.331458 -0.22625 0.510607
 0.331477 -0.226237  0.510589
 0.331495 -0.226224  0.510571
 0.331513 -0.226212  0.510557
  0.33153 -0.226203  0.510536
 0.331547 -0.226191  0.510519
 0.331565 -0.226181  0.510502
 0.331582 -0.226173  0.510484
 0.331599 -0.226164  0.510468
 0.331617 -0.226154  0.510449
 0.331635 -0.226146  0.510435
 0.331652 -0.226136  0.510413
  0.33167 -0.226125  0.510395
 0.331689 -0.226117  0.510377
 0.331707 -0.226105  0.510358
 0.331726 -0.226092  0.510343
 0.331745 -0.226082   0.51032
 0.331764 -0.226068  0.510301
 0.331784 -0.226053  0.510283
 0.331804 -0.226041  0.510262
 0.331823 -0.226026  0.510244
0.331844 -0.22601 0.510222
 0.331864 -0.225997  0.510206
 0.331884 -0.225981  0.510182
 0.331904 -0.225964  0.510161
 0.331924 -0.225951  0.510141
 0.331944 -0.225935  0.510119
0.331964 -0.22592 0.510101
 0.331983 -0.225908  0.510076
 0.332002 -0.225894  0.510055
 0.332022 -0.225881  0.510034
  0.33204 -0.225871  0.510012
