5.00679e-06
0.00949192
0.019546
0.029603
0.0396569
0.0497129
0.059768
0.069823
0.0798779
0.0899329
0.0999889
0.110043
0.1201
0.130157
0.140215
0.150273
0.160329
0.170385
0.180441
0.190497
0.200553
0.21061
0.220664
0.23072
0.240786
0.250841
0.260896
0.270951
0.281008
0.291063
0.301118
0.311175
0.32123
0.331287
0.341343
0.351387
0.361444
0.371499
0.381556
0.391612
0.401667
0.411722
0.421778
0.431834
0.441892
0.451947
0.461965
0.471984
0.482041
0.492097
0.502153
0.512209
0.522265
0.532321
0.542378
0.552436
0.562491
0.572547
0.582604
0.592661
0.602723
0.612778
0.622831
0.632887
0.642943
0.652999
0.663055
0.673111
0.683167
0.693222
0.703277
0.713335
0.723391
0.733447
0.743505
0.753561
0.763617
0.773674
0.78373
0.793786
0.803842
0.813898
0.823955
0.834012
0.844068
0.854124
0.86418
0.874235
0.8843
0.894357
0.904413
0.91447
0.924527
0.934582
0.944651
0.954708
0.964764
0.97482
0.984875
0.994932
1.00499
1.01504
1.0251
1.03516
1.04521
1.05527
1.06532
1.07538
1.08543
1.09549
1.10553
1.11558
1.12564
1.1357
1.14575
1.15581
1.16586
1.17592
1.18598
1.19603
1.20609
1.21614
1.2262
1.23625
1.24631
1.25637
1.26642
1.27648
1.28653
1.29654
1.3066
1.31665
1.32671
1.33677
1.34682
1.35688
1.36693
1.37699
1.38704
1.3971
1.40715
1.41721
1.42726
1.43732
1.44738
1.45743
1.46749
1.47755
1.4876
1.49766
1.50772
1.51777
1.52783
1.53789
1.54795
1.55798
1.56804
1.57809
1.58815
1.59821
1.60826
1.61832
1.62838
1.63843
1.64849
1.65855
1.6686
1.67866
1.68872
1.69878
1.70883
1.71889
1.72894
1.739
1.74906
1.75911
1.76917
1.77923
1.78929
1.79934
1.8094
1.81945
1.82951
1.83957
1.84962
1.85968
1.86974
1.87979
1.88985
1.89991
1.90996
1.92002
1.93007
1.94013
1.95019
1.96024
1.9703
1.98034
1.9904
2.00045
2.01051
2.02057
2.03063
2.04068
2.05074
2.06079
2.07085
2.0809
2.09096
2.10102
2.11107
2.12113
2.13119
2.14124
2.1513
2.16136
2.17141
2.18147
2.19152
2.20158
2.21164
2.22169
2.23175
2.2418
2.25186
2.26191
2.27197
2.28203
2.29208
2.30214
2.3122
2.32226
2.33231
2.34237
2.35243
2.36248
2.37254
2.3826
2.39266
2.40271
2.41277
2.42283
2.43288
2.44294
2.453
2.46306
2.47311
2.48317
2.49323
2.50328
2.51334
2.5234
2.53345
2.54351
2.55357
2.56362
2.57368
2.58373
2.59379
2.60385
2.6139
2.62396
2.63401
2.64407
2.65412
2.66418
2.67424
2.6843
2.69435
2.70441
2.71446
2.72452
2.73457
2.74463
2.75465
2.76471
2.77477
2.78484
2.79489
2.80495
2.81501
2.82506
2.83509
2.84519
2.85525
2.86531
2.87537
2.88543
2.89548
2.90554
2.91559
2.92565
2.93571
2.94577
2.95582
2.9659
2.97596
2.98608
2.99613
3.00619
3.01625
3.0263
3.03636
3.04641
3.05647
3.06653
3.07658
3.08664
3.09669
3.10675
3.11681
3.12686
3.13692
3.14697
3.15703
3.16708
3.17714
3.18715
3.19718
3.20726
3.21729
3.22735
3.23741
3.24747
3.25752
3.26758
3.27764
3.28769
3.29775
3.3078
3.31786
3.32791
3.33798
3.34803
3.35809
3.3682
3.37826
3.38831
3.39837
3.40843
3.41851
3.42854
3.4386
3.44866
3.45874
3.46877
3.47883
3.48889
3.49895
3.509
3.51906
3.52912
3.53918
3.54923
3.55929
3.56935
3.5794
3.58946
3.59951
3.60957
3.61963
3.62968
3.63974
3.6498
3.65986
3.66991
3.67997
3.69003
3.70008
3.71014
3.7202
3.73025
3.74031
3.75037
3.76042
3.77048
3.78054
3.79059
3.80065
3.81071
3.82076
3.83082
3.84087
3.85093
3.86099
3.87104
3.8811
3.89115
3.90121
3.91126
3.92132
3.93137
3.94143
3.95149
3.96155
3.9716
3.98166
3.99171
4.00177
4.01183
4.02188
4.03194
4.04196
4.05202
4.06208
4.0721
4.08215
4.09221
4.10227
4.11232
