0.0165511 -0.105383  0.508545
0.0165502 -0.105385  0.508546
0.0165477 -0.105393  0.508548
0.0165434 -0.105406  0.508552
0.0165375 -0.105423  0.508558
0.0165298 -0.105446  0.508565
0.0165205 -0.105474  0.508574
0.0165095 -0.105507  0.508584
0.0164968 -0.105544  0.508596
0.0164823 -0.105587  0.508609
0.0164662 -0.105635  0.508625
0.0164484 -0.105688  0.508641
0.0164288 -0.105747   0.50866
0.0164076  -0.10581   0.50868
0.0163847 -0.105878  0.508701
0.0163601 -0.105951  0.508724
0.0163338  -0.10603  0.508749
0.0163058 -0.106113  0.508775
 0.016276 -0.106201  0.508803
0.0162446 -0.106295  0.508832
0.0162114 -0.106394  0.508864
0.0161766 -0.106497  0.508896
0.0161401 -0.106606  0.508931
0.0161019  -0.10672  0.508966
 0.016062 -0.106839  0.509004
0.0160204 -0.106963  0.509043
0.0159771 -0.107091  0.509083
0.0159321 -0.107225  0.509126
0.0158854 -0.107364  0.509169
 0.015837 -0.107509  0.509215
0.0157869 -0.107658  0.509262
0.0157361 -0.107809  0.509309
0.0156869 -0.107955  0.509356
0.0156395 -0.108096    0.5094
0.0155937 -0.108233  0.509443
0.0155497 -0.108364  0.509484
0.0155073  -0.10849  0.509524
0.0154666 -0.108611  0.509562
0.0154276 -0.108727  0.509599
0.0153904 -0.108838  0.509634
0.0153548 -0.108944  0.509667
0.0153209 -0.109045  0.509699
0.0152887 -0.109141  0.509729
0.0152583 -0.109231  0.509758
0.0152295 -0.109317  0.509785
0.0152024 -0.109397   0.50981
 0.015177 -0.109473  0.509834
0.0151534 -0.109543  0.509856
0.0151314 -0.109609  0.509877
0.0151111 -0.109669  0.509896
0.0150925 -0.109725  0.509913
0.0150757 -0.109775  0.509929
0.0150605  -0.10982  0.509943
0.015047 -0.10986 0.509956
0.0150352 -0.109895  0.509967
0.0150252 -0.109925  0.509976
0.0150168  -0.10995  0.509984
 0.01501 -0.10997 0.509991
 0.015005 -0.109985  0.509995
0.0150018 -0.109995  0.509998
0.0150002     -0.11      0.51
0.015 -0.11  0.51
0.015 -0.11  0.51
0.015 -0.11  0.51
0.015 -0.11  0.51
0.015 -0.11  0.51
0.015 -0.11  0.51
0.015 -0.11  0.51
0.015 -0.11  0.51
0.015 -0.11  0.51
0.015 -0.11  0.51
0.015 -0.11  0.51
0.015 -0.11  0.51
0.015 -0.11  0.51
0.015 -0.11  0.51
0.015 -0.11  0.51
0.015 -0.11  0.51
0.015 -0.11  0.51
0.015 -0.11  0.51
0.015 -0.11  0.51
0.015 -0.11  0.51
0.015 -0.11  0.51
0.015 -0.11  0.51
0.015 -0.11  0.51
0.015 -0.11  0.51
0.015 -0.11  0.51
0.015 -0.11  0.51
0.015 -0.11  0.51
0.015 -0.11  0.51
0.015 -0.11  0.51
0.015 -0.11  0.51
0.015 -0.11  0.51
0.015 -0.11  0.51
0.015 -0.11  0.51
0.015 -0.11  0.51
0.015 -0.11  0.51
0.015 -0.11  0.51
0.015 -0.11  0.51
0.015 -0.11  0.51
0.015 -0.11  0.51
0.015 -0.11  0.51
0.015 -0.11  0.51
0.015 -0.11  0.51
0.015 -0.11  0.51
0.015 -0.11  0.51
0.015 -0.11  0.51
0.015 -0.11  0.51
0.015 -0.11  0.51
0.015 -0.11  0.51
0.015 -0.11  0.51
0.015 -0.11  0.51
0.015 -0.11  0.51
0.015 -0.11  0.51
0.015 -0.11  0.51
0.015 -0.11  0.51
0.015 -0.11  0.51
0.015 -0.11  0.51
0.015 -0.11  0.51
0.015 -0.11  0.51
0.015 -0.11  0.51
0.015 -0.11  0.51
0.015 -0.11  0.51
0.015 -0.11  0.51
0.015 -0.11  0.51
0.015 -0.11  0.51
0.015 -0.11  0.51
0.015 -0.11  0.51
0.015 -0.11  0.51
0.015 -0.11  0.51
0.015 -0.11  0.51
0.015 -0.11  0.51
0.015 -0.11  0.51
0.015 -0.11  0.51
0.015 -0.11  0.51
0.015 -0.11  0.51
0.015 -0.11  0.51
0.015 -0.11  0.51
0.015 -0.11  0.51
0.015 -0.11  0.51
0.015 -0.11  0.51
0.015 -0.11  0.51
0.015 -0.11  0.51
0.015 -0.11  0.51
0.015 -0.11  0.51
0.015 -0.11  0.51
0.015 -0.11  0.51
0.015 -0.11  0.51
0.015 -0.11  0.51
0.015 -0.11  0.51
0.015 -0.11  0.51
0.015 -0.11  0.51
0.015 -0.11  0.51
0.015 -0.11  0.51
0.015 -0.11  0.51
0.015 -0.11  0.51
0.015 -0.11  0.51
0.015 -0.11  0.51
0.015 -0.11  0.51
0.015 -0.11  0.51
0.015 -0.11  0.51
0.015 -0.11  0.51
0.015 -0.11  0.51
0.015 -0.11  0.51
0.015 -0.11  0.51
0.015 -0.11  0.51
0.015 -0.11  0.51
0.015 -0.11  0.51
0.015 -0.11  0.51
0.015 -0.11  0.51
0.015 -0.11  0.51
0.015 -0.11  0.51
0.015 -0.11  0.51
0.015 -0.11  0.51
0.015 -0.11  0.51
0.015 -0.11  0.51
0.015 -0.11  0.51
0.015 -0.11  0.51
0.015 -0.11  0.51
0.015 -0.11  0.51
0.015 -0.11  0.51
0.015 -0.11  0.51
0.015 -0.11  0.51
0.015 -0.11  0.51
0.015 -0.11  0.51
0.015 -0.11  0.51
0.015 -0.11  0.51
0.015 -0.11  0.51
0.015 -0.11  0.51
0.015 -0.11  0.51
0.015 -0.11  0.51
0.015 -0.11  0.51
0.015 -0.11  0.51
0.015 -0.11  0.51
0.015 -0.11  0.51
0.015 -0.11  0.51
0.015 -0.11  0.51
0.015 -0.11  0.51
0.015 -0.11  0.51
0.015 -0.11  0.51
0.015 -0.11  0.51
0.015 -0.11  0.51
0.015 -0.11  0.51
0.015 -0.11  0.51
0.015 -0.11  0.51
0.015 -0.11  0.51
0.015 -0.11  0.51
0.015 -0.11  0.51
0.015 -0.11  0.51
0.015 -0.11  0.51
0.015 -0.11  0.51
0.015 -0.11  0.51
0.015 -0.11  0.51
0.015 -0.11  0.51
0.015 -0.11  0.51
0.015 -0.11  0.51
0.015 -0.11  0.51
0.015 -0.11  0.51
0.015 -0.11  0.51
0.015 -0.11  0.51
0.015 -0.11  0.51
0.015 -0.11  0.51
0.015 -0.11  0.51
0.015 -0.11  0.51
0.015 -0.11  0.51
0.015 -0.11  0.51
0.015 -0.11  0.51
0.015 -0.11  0.51
0.015 -0.11  0.51
0.015 -0.11  0.51
0.015 -0.11  0.51
0.015 -0.11  0.51
0.015 -0.11  0.51
0.015 -0.11  0.51
0.015 -0.11  0.51
0.015 -0.11  0.51
0.015 -0.11  0.51
0.015 -0.11  0.51
0.015 -0.11  0.51
0.015 -0.11  0.51
0.015 -0.11  0.51
0.015 -0.11  0.51
0.015 -0.11  0.51
0.015 -0.11  0.51
0.015 -0.11  0.51
0.015 -0.11  0.51
0.015 -0.11  0.51
0.015 -0.11  0.51
0.015 -0.11  0.51
0.015 -0.11  0.51
0.015 -0.11  0.51
0.015 -0.11  0.51
0.015 -0.11  0.51
0.015 -0.11  0.51
0.015 -0.11  0.51
0.015 -0.11  0.51
0.015 -0.11  0.51
0.015 -0.11  0.51
0.015 -0.11  0.51
0.015 -0.11  0.51
0.015 -0.11  0.51
0.015 -0.11  0.51
0.015 -0.11  0.51
0.015 -0.11  0.51
0.015 -0.11  0.51
0.015 -0.11  0.51
0.015 -0.11  0.51
0.015 -0.11  0.51
0.015 -0.11  0.51
0.015 -0.11  0.51
0.015 -0.11  0.51
0.015 -0.11  0.51
0.015 -0.11  0.51
0.015 -0.11  0.51
0.015 -0.11  0.51
0.015 -0.11  0.51
0.015 -0.11  0.51
0.015 -0.11  0.51
0.015 -0.11  0.51
0.015 -0.11  0.51
0.015 -0.11  0.51
0.015 -0.11  0.51
0.015 -0.11  0.51
0.015 -0.11  0.51
0.015 -0.11  0.51
0.015 -0.11  0.51
0.015 -0.11  0.51
0.015 -0.11  0.51
0.015 -0.11  0.51
0.015 -0.11  0.51
0.015 -0.11  0.51
0.015 -0.11  0.51
0.015 -0.11  0.51
0.015 -0.11  0.51
0.015 -0.11  0.51
0.015 -0.11  0.51
0.015 -0.11  0.51
0.015 -0.11  0.51
0.015 -0.11  0.51
0.015 -0.11  0.51
0.015 -0.11  0.51
0.015 -0.11  0.51
0.015 -0.11  0.51
0.015 -0.11  0.51
0.015 -0.11  0.51
0.015 -0.11  0.51
0.015 -0.11  0.51
0.015 -0.11  0.51
0.015 -0.11  0.51
0.015 -0.11  0.51
0.015 -0.11  0.51
0.015 -0.11  0.51
0.015 -0.11  0.51
0.015 -0.11  0.51
0.015 -0.11  0.51
0.015 -0.11  0.51
0.015 -0.11  0.51
0.015 -0.11  0.51
0.015 -0.11  0.51
0.015 -0.11  0.51
0.015 -0.11  0.51
0.015 -0.11  0.51
0.015 -0.11  0.51
0.015 -0.11  0.51
0.015 -0.11  0.51
0.015 -0.11  0.51
0.015 -0.11  0.51
0.015 -0.11  0.51
0.015 -0.11  0.51
0.015 -0.11  0.51
0.015 -0.11  0.51
0.015 -0.11  0.51
0.015 -0.11  0.51
0.015 -0.11  0.51
0.015 -0.11  0.51
0.015 -0.11  0.51
0.015 -0.11  0.51
0.015 -0.11  0.51
0.015 -0.11  0.51
0.015 -0.11  0.51
0.015 -0.11  0.51
0.015 -0.11  0.51
0.015 -0.11  0.51
0.015 -0.11  0.51
0.015 -0.11  0.51
0.015 -0.11  0.51
0.015 -0.11  0.51
0.015 -0.11  0.51
0.015 -0.11  0.51
0.015 -0.11  0.51
0.015 -0.11  0.51
0.015 -0.11  0.51
0.015 -0.11  0.51
0.015 -0.11  0.51
0.015 -0.11  0.51
0.015 -0.11  0.51
0.015 -0.11  0.51
0.015 -0.11  0.51
0.015 -0.11  0.51
0.015 -0.11  0.51
0.015 -0.11  0.51
0.015 -0.11  0.51
0.015 -0.11  0.51
0.015 -0.11  0.51
0.015 -0.11  0.51
0.015 -0.11  0.51
0.015 -0.11  0.51
0.015 -0.11  0.51
0.015 -0.11  0.51
0.015 -0.11  0.51
0.015 -0.11  0.51
0.015 -0.11  0.51
0.015 -0.11  0.51
0.015 -0.11  0.51
0.015 -0.11  0.51
0.015 -0.11  0.51
0.015 -0.11  0.51
0.015 -0.11  0.51
0.015 -0.11  0.51
0.015 -0.11  0.51
0.015 -0.11  0.51
0.015 -0.11  0.51
0.015 -0.11  0.51
0.015 -0.11  0.51
0.015 -0.11  0.51
0.015 -0.11  0.51
0.015 -0.11  0.51
0.015 -0.11  0.51
0.015 -0.11  0.51
0.015 -0.11  0.51
0.015 -0.11  0.51
0.015 -0.11  0.51
0.015 -0.11  0.51
0.015 -0.11  0.51
0.015 -0.11  0.51
0.015 -0.11  0.51
0.015 -0.11  0.51
0.015 -0.11  0.51
0.015 -0.11  0.51
0.015 -0.11  0.51
0.015 -0.11  0.51
0.015 -0.11  0.51
0.015 -0.11  0.51
0.015 -0.11  0.51
0.015 -0.11  0.51
0.015 -0.11  0.51
0.015 -0.11  0.51
0.015 -0.11  0.51
0.015 -0.11  0.51
0.015 -0.11  0.51
0.015 -0.11  0.51
0.015 -0.11  0.51
0.015 -0.11  0.51
0.015 -0.11  0.51
0.015 -0.11  0.51
0.015 -0.11  0.51
0.015 -0.11  0.51
0.015 -0.11  0.51
0.015 -0.11  0.51
0.015 -0.11  0.51
0.015 -0.11  0.51
0.015 -0.11  0.51
0.015 -0.11  0.51
0.015 -0.11  0.51
0.015 -0.11  0.51
0.015 -0.11  0.51
0.015 -0.11  0.51
0.015 -0.11  0.51
0.015 -0.11  0.51
0.015 -0.11  0.51
0.015 -0.11  0.51
0.015 -0.11  0.51
0.015 -0.11  0.51
0.015 -0.11  0.51
0.015 -0.11  0.51
0.015 -0.11  0.51
0.015 -0.11  0.51
0.015 -0.11  0.51
0.015 -0.11  0.51
0.015 -0.11  0.51
0.015 -0.11  0.51
0.015 -0.11  0.51
0.015 -0.11  0.51
0.015 -0.11  0.51
0.015 -0.11  0.51
0.015 -0.11  0.51
0.015 -0.11  0.51
0.015 -0.11  0.51
0.015 -0.11  0.51
0.015 -0.11  0.51
0.015 -0.11  0.51
0.015 -0.11  0.51
0.015 -0.11  0.51
0.015 -0.11  0.51
0.015 -0.11  0.51
0.015 -0.11  0.51
0.015 -0.11  0.51
0.015 -0.11  0.51
0.015 -0.11  0.51
0.015 -0.11  0.51
0.015 -0.11  0.51
0.015 -0.11  0.51
0.015 -0.11  0.51
0.015 -0.11  0.51
0.015 -0.11  0.51
0.015 -0.11  0.51
0.015 -0.11  0.51
0.015 -0.11  0.51
0.015 -0.11  0.51
0.015 -0.11  0.51
0.015 -0.11  0.51
0.015 -0.11  0.51
0.015 -0.11  0.51
0.015 -0.11  0.51
0.015 -0.11  0.51
0.015 -0.11  0.51
0.015 -0.11  0.51
0.015 -0.11  0.51
0.015 -0.11  0.51
0.015 -0.11  0.51
0.015 -0.11  0.51
0.015 -0.11  0.51
0.015 -0.11  0.51
0.015 -0.11  0.51
0.015 -0.11  0.51
0.015 -0.11  0.51
0.015 -0.11  0.51
0.015 -0.11  0.51
0.015 -0.11  0.51
0.015 -0.11  0.51
0.015 -0.11  0.51
0.015 -0.11  0.51
0.015 -0.11  0.51
0.015 -0.11  0.51
0.015 -0.11  0.51
0.015 -0.11  0.51
0.015 -0.11  0.51
0.015 -0.11  0.51
0.015 -0.11  0.51
0.015 -0.11  0.51
0.015 -0.11  0.51
0.015 -0.11  0.51
0.015 -0.11  0.51
0.015 -0.11  0.51
0.015 -0.11  0.51
0.015 -0.11  0.51
0.015 -0.11  0.51
0.015 -0.11  0.51
0.015 -0.11  0.51
0.015 -0.11  0.51
0.015 -0.11  0.51
0.015 -0.11  0.51
0.015 -0.11  0.51
0.015 -0.11  0.51
0.015 -0.11  0.51
0.015 -0.11  0.51
0.015 -0.11  0.51
0.015 -0.11  0.51
0.015 -0.11  0.51
0.015 -0.11  0.51
0.015 -0.11  0.51
0.015 -0.11  0.51
0.015 -0.11  0.51
0.015 -0.11  0.51
0.015 -0.11  0.51
0.015 -0.11  0.51
0.015 -0.11  0.51
0.015 -0.11  0.51
0.015 -0.11  0.51
0.015 -0.11  0.51
0.015 -0.11  0.51
0.015 -0.11  0.51
0.015 -0.11  0.51
0.015 -0.11  0.51
0.015 -0.11  0.51
0.015 -0.11  0.51
0.015 -0.11  0.51
0.015 -0.11  0.51
0.015 -0.11  0.51
0.015 -0.11  0.51
0.015 -0.11  0.51
0.015 -0.11  0.51
0.015 -0.11  0.51
0.015 -0.11  0.51
0.015 -0.11  0.51
0.015 -0.11  0.51
0.015 -0.11  0.51
0.015 -0.11  0.51
0.015 -0.11  0.51
0.015 -0.11  0.51
0.015 -0.11  0.51
0.015 -0.11  0.51
0.015 -0.11  0.51
0.015 -0.11  0.51
0.015 -0.11  0.51
0.015 -0.11  0.51
0.015 -0.11  0.51
0.015 -0.11  0.51
0.015 -0.11  0.51
0.015 -0.11  0.51
0.015 -0.11  0.51
0.015 -0.11  0.51
0.015 -0.11  0.51
0.015 -0.11  0.51
0.015 -0.11  0.51
0.015 -0.11  0.51
0.015 -0.11  0.51
0.015 -0.11  0.51
0.015 -0.11  0.51
0.015 -0.11  0.51
0.015 -0.11  0.51
0.015 -0.11  0.51
0.015 -0.11  0.51
0.015 -0.11  0.51
0.015 -0.11  0.51
0.015 -0.11  0.51
0.015 -0.11  0.51
0.015 -0.11  0.51
0.015 -0.11  0.51
0.015 -0.11  0.51
0.015 -0.11  0.51
0.015 -0.11  0.51
0.015 -0.11  0.51
0.015 -0.11  0.51
0.015 -0.11  0.51
0.015 -0.11  0.51
0.015 -0.11  0.51
0.015 -0.11  0.51
0.015 -0.11  0.51
0.015 -0.11  0.51
0.015 -0.11  0.51
0.015 -0.11  0.51
0.015 -0.11  0.51
0.015 -0.11  0.51
0.015 -0.11  0.51
0.015 -0.11  0.51
0.015 -0.11  0.51
0.015 -0.11  0.51
0.015 -0.11  0.51
0.015 -0.11  0.51
0.015 -0.11  0.51
0.015 -0.11  0.51
0.015 -0.11  0.51
0.015 -0.11  0.51
0.015 -0.11  0.51
0.015 -0.11  0.51
0.015 -0.11  0.51
0.015 -0.11  0.51
0.015 -0.11  0.51
0.015 -0.11  0.51
0.015 -0.11  0.51
0.015 -0.11  0.51
0.015 -0.11  0.51
0.015 -0.11  0.51
0.015 -0.11  0.51
0.015 -0.11  0.51
0.015 -0.11  0.51
0.015 -0.11  0.51
0.015 -0.11  0.51
0.015 -0.11  0.51
0.015 -0.11  0.51
0.015 -0.11  0.51
0.015 -0.11  0.51
0.015 -0.11  0.51
0.015 -0.11  0.51
0.015 -0.11  0.51
0.015 -0.11  0.51
0.015 -0.11  0.51
0.015 -0.11  0.51
0.015 -0.11  0.51
0.015 -0.11  0.51
0.015 -0.11  0.51
0.015 -0.11  0.51
0.015 -0.11  0.51
0.015 -0.11  0.51
0.015 -0.11  0.51
0.015 -0.11  0.51
0.015 -0.11  0.51
0.015 -0.11  0.51
0.015 -0.11  0.51
0.015 -0.11  0.51
0.015 -0.11  0.51
0.015 -0.11  0.51
0.015 -0.11  0.51
0.015 -0.11  0.51
0.015 -0.11  0.51
0.015 -0.11  0.51
0.015 -0.11  0.51
0.015 -0.11  0.51
0.015 -0.11  0.51
0.015 -0.11  0.51
0.015 -0.11  0.51
0.015 -0.11  0.51
0.015 -0.11  0.51
0.015 -0.11  0.51
0.015 -0.11  0.51
0.015 -0.11  0.51
0.015 -0.11  0.51
0.015 -0.11  0.51
0.015 -0.11  0.51
0.015 -0.11  0.51
0.015 -0.11  0.51
0.015 -0.11  0.51
0.015 -0.11  0.51
0.015 -0.11  0.51
0.015 -0.11  0.51
0.015 -0.11  0.51
0.015 -0.11  0.51
0.015 -0.11  0.51
0.015 -0.11  0.51
0.015 -0.11  0.51
0.015 -0.11  0.51
0.015 -0.11  0.51
0.015 -0.11  0.51
0.015 -0.11  0.51
0.015 -0.11  0.51
0.015 -0.11  0.51
0.015 -0.11  0.51
0.015 -0.11  0.51
0.015 -0.11  0.51
0.015 -0.11  0.51
0.015 -0.11  0.51
0.015 -0.11  0.51
0.015 -0.11  0.51
0.015 -0.11  0.51
0.015 -0.11  0.51
0.015 -0.11  0.51
0.015 -0.11  0.51
0.015 -0.11  0.51
0.015 -0.11  0.51
0.015 -0.11  0.51
0.015 -0.11  0.51
0.015 -0.11  0.51
0.015 -0.11  0.51
0.015 -0.11  0.51
0.015 -0.11  0.51
0.015 -0.11  0.51
0.015 -0.11  0.51
0.015 -0.11  0.51
0.015 -0.11  0.51
0.015 -0.11  0.51
0.015 -0.11  0.51
0.015 -0.11  0.51
0.015 -0.11  0.51
0.015 -0.11  0.51
0.015 -0.11  0.51
0.015 -0.11  0.51
0.015 -0.11  0.51
0.015 -0.11  0.51
0.015 -0.11  0.51
0.015 -0.11  0.51
0.015 -0.11  0.51
0.015 -0.11  0.51
0.015 -0.11  0.51
0.015 -0.11  0.51
0.015 -0.11  0.51
0.015 -0.11  0.51
0.015 -0.11  0.51
0.015 -0.11  0.51
0.015 -0.11  0.51
0.015 -0.11  0.51
0.015 -0.11  0.51
0.015 -0.11  0.51
0.015 -0.11  0.51
0.015 -0.11  0.51
0.015 -0.11  0.51
0.015 -0.11  0.51
0.015 -0.11  0.51
0.015 -0.11  0.51
0.015 -0.11  0.51
0.015 -0.11  0.51
0.015 -0.11  0.51
0.015 -0.11  0.51
0.015 -0.11  0.51
0.015 -0.11  0.51
0.015 -0.11  0.51
0.015 -0.11  0.51
0.015 -0.11  0.51
0.015 -0.11  0.51
0.015 -0.11  0.51
0.015 -0.11  0.51
0.015 -0.11  0.51
0.015 -0.11  0.51
0.015 -0.11  0.51
0.015 -0.11  0.51
0.015 -0.11  0.51
0.015 -0.11  0.51
0.015 -0.11  0.51
0.015 -0.11  0.51
0.015 -0.11  0.51
0.015 -0.11  0.51
0.015 -0.11  0.51
0.015 -0.11  0.51
0.015 -0.11  0.51
0.015 -0.11  0.51
0.015 -0.11  0.51
0.015 -0.11  0.51
0.015 -0.11  0.51
0.015 -0.11  0.51
0.015 -0.11  0.51
0.015 -0.11  0.51
0.015 -0.11  0.51
0.015 -0.11  0.51
0.015 -0.11  0.51
0.015 -0.11  0.51
0.015 -0.11  0.51
0.015 -0.11  0.51
0.015 -0.11  0.51
0.015 -0.11  0.51
0.015 -0.11  0.51
0.015 -0.11  0.51
0.015 -0.11  0.51
0.015 -0.11  0.51
0.015 -0.11  0.51
0.015 -0.11  0.51
0.015 -0.11  0.51
0.015 -0.11  0.51
0.015 -0.11  0.51
0.015 -0.11  0.51
0.015 -0.11  0.51
0.015 -0.11  0.51
0.015 -0.11  0.51
0.015 -0.11  0.51
0.015 -0.11  0.51
0.015 -0.11  0.51
0.015 -0.11  0.51
0.015 -0.11  0.51
0.015 -0.11  0.51
