0.0165479 -0.105381  0.508545
0.0165436 -0.105382  0.508545
0.0165374 -0.105382  0.508545
0.0165321  -0.10538  0.508545
0.0165251 -0.105379  0.508545
0.0165177  -0.10538  0.508544
0.0165088 -0.105379  0.508544
0.0165019 -0.105379  0.508543
 0.016494 -0.105377  0.508543
0.0164853 -0.105378  0.508542
0.0164787 -0.105378  0.508542
0.0164713 -0.105378  0.508541
0.0164642  -0.10538  0.508541
0.0164564 -0.105382   0.50854
0.0164501 -0.105386  0.508539
0.0164446 -0.105386  0.508539
0.0164376 -0.105392  0.508538
0.0164319 -0.105396  0.508538
0.0164262 -0.105402  0.508538
0.0164207 -0.105408  0.508538
0.0164151 -0.105415  0.508538
0.0164105 -0.105424  0.508537
0.0164039 -0.105436  0.508537
0.0163979 -0.105449  0.508537
0.0163913 -0.105462  0.508537
0.0163843 -0.105478  0.508537
0.0163778 -0.105494  0.508537
0.0163697 -0.105515  0.508536
0.0163597 -0.105537  0.508536
0.0163496 -0.105562  0.508535
0.0163356 -0.105597  0.508535
0.0163235 -0.105626  0.508534
  0.01631 -0.105658  0.508533
0.0162962 -0.105693  0.508532
0.0162801  -0.10573  0.508531
0.0162619 -0.105774  0.508529
0.0162431 -0.105816  0.508528
0.0162227 -0.105862  0.508526
 0.016202 -0.105911  0.508524
0.0161782 -0.105965  0.508521
0.0161536 -0.106021  0.508518
0.0161289 -0.106077  0.508516
 0.016097 -0.106154  0.508512
0.0160697  -0.10622  0.508508
0.0160395 -0.106284  0.508504
 0.016009 -0.106354    0.5085
0.0159788 -0.106425  0.508495
0.0159461 -0.106497  0.508491
0.0159135  -0.10657  0.508486
0.0158815 -0.106647  0.508481
0.0158482 -0.106723  0.508475
0.0158146 -0.106801  0.508469
0.0157809 -0.106878  0.508464
0.0157464 -0.106952  0.508458
0.0157129 -0.107029  0.508452
0.0156808 -0.107105  0.508445
0.0156479 -0.107181  0.508439
0.0156151 -0.107258  0.508433
 0.015583 -0.107333  0.508426
0.0155516 -0.107409   0.50842
0.0155209 -0.107481  0.508414
0.0154909 -0.107553  0.508407
0.0154617 -0.107622  0.508401
0.0154335  -0.10769  0.508394
0.0154064 -0.107757  0.508388
0.0153791 -0.107822  0.508383
0.0153603 -0.107869  0.508378
 0.015336 -0.107929  0.508372
 0.015313 -0.107986  0.508366
0.0152911 -0.108039  0.508361
0.0152704 -0.108092  0.508356
0.0152507 -0.108141  0.508351
  0.01523 -0.108192  0.508348
0.0152126 -0.108237  0.508343
0.0151962 -0.108278  0.508339
0.0151801  -0.10832  0.508335
0.0151679 -0.108355   0.50833
0.0151536 -0.108389  0.508327
0.0151414 -0.108422  0.508323
0.0151294 -0.108453  0.508319
0.0151182 -0.108484  0.508316
0.0151076 -0.108514  0.508312
0.0150977  -0.10854  0.508309
0.0150882 -0.108566  0.508306
0.0150789 -0.108592  0.508304
0.0150707 -0.108614  0.508301
 0.015063 -0.108637  0.508298
0.0150557 -0.108657  0.508295
0.0150489 -0.108678  0.508292
0.0150416 -0.108698  0.508289
0.0150358 -0.108716  0.508286
0.0150299 -0.108735  0.508283
0.0150241 -0.108753   0.50828
0.0150186 -0.108771  0.508277
0.0150133 -0.108788  0.508274
0.0150082 -0.108806  0.508271
0.0150033 -0.108822  0.508268
0.0149986  -0.10884  0.508265
 0.014994 -0.108857  0.508261
0.0149892 -0.108873  0.508257
0.0149849  -0.10889  0.508253
0.0149805 -0.108913  0.508249
0.0149764 -0.108928  0.508245
0.0149728 -0.108938  0.508242
 0.014969 -0.108954  0.508238
0.0149652 -0.108969  0.508234
0.0149617 -0.108985  0.508229
0.0149583 -0.109002  0.508225
0.0149548 -0.109016   0.50822
0.0149515 -0.109036  0.508215
0.0149487 -0.109052   0.50821
 0.014946 -0.109065  0.508205
0.0149435 -0.109079    0.5082
0.0149413 -0.109092  0.508195
0.0149393 -0.109106  0.508189
0.0149375 -0.109119  0.508184
 0.014936 -0.109131  0.508179
0.0149348 -0.109143  0.508173
 0.014934 -0.109154  0.508168
0.0149333 -0.109165  0.508163
0.0149323 -0.109175  0.508157
0.0149323 -0.109185  0.508151
0.0149333 -0.109195  0.508145
0.0149338 -0.109204   0.50814
0.0149346 -0.109213  0.508134
0.0149357 -0.109221  0.508129
0.0149371  -0.10923  0.508123
0.0149386 -0.109237  0.508117
0.0149404 -0.109245  0.508112
0.0149425 -0.109254  0.508106
0.0149448  -0.10926    0.5081
0.0149473 -0.109267  0.508094
  0.01495 -0.109273  0.508089
0.0149529  -0.10928  0.508083
 0.014956 -0.109286  0.508077
0.0149593 -0.109293  0.508072
0.0149628   -0.1093  0.508066
0.0149666 -0.109305   0.50806
0.0149705 -0.109311  0.508054
0.0149746 -0.109316  0.508048
0.0149789 -0.109323  0.508042
0.0149834 -0.109327  0.508037
 0.014988 -0.109334  0.508031
0.0149929  -0.10934  0.508024
0.0149979 -0.109345  0.508019
 0.015003 -0.109351  0.508012
0.0150083 -0.109355  0.508007
0.0150138 -0.109361  0.508001
0.0150194 -0.109367  0.507994
0.0150251 -0.109371  0.507988
 0.015031 -0.109377  0.507982
 0.015037 -0.109381  0.507976
0.0150431 -0.109386  0.507969
0.0150493  -0.10939  0.507963
0.0150556 -0.109395  0.507957
 0.015062 -0.109401   0.50795
0.0150687 -0.109404  0.507944
0.0150751 -0.109409  0.507937
0.0150818 -0.109412  0.507931
0.0150886 -0.109417  0.507925
0.0150954 -0.109422  0.507918
0.0151036 -0.109423  0.507912
0.0151097 -0.109426  0.507906
0.0151165 -0.109432  0.507899
 0.015124 -0.109433  0.507893
0.0151312 -0.109438  0.507886
0.0151394 -0.109441  0.507879
 0.015146 -0.109445  0.507873
0.0151535 -0.109449  0.507866
0.0151609 -0.109451  0.507859
0.0151684 -0.109455  0.507852
0.0151773 -0.109458  0.507846
0.0151843 -0.109461  0.507839
0.0151922 -0.109465  0.507832
0.0152011 -0.109467  0.507825
0.0152091  -0.10947  0.507818
0.0152174 -0.109474  0.507812
0.0152257 -0.109476  0.507805
0.0152341  -0.10948  0.507798
0.0152426 -0.109482  0.507792
0.0152511 -0.109485  0.507785
0.0152597 -0.109489  0.507778
0.0152683 -0.109491  0.507771
0.0152769 -0.109494  0.507765
0.0152856 -0.109496  0.507758
0.0152943 -0.109499  0.507751
0.0153033 -0.109506  0.507743
0.0153121 -0.109509  0.507737
0.0153208  -0.10951   0.50773
0.0153295 -0.109513  0.507723
0.0153392 -0.109517  0.507715
0.0153473 -0.109517  0.507709
 0.015356 -0.109519  0.507702
0.0153648  -0.10952  0.507695
0.0153736 -0.109522  0.507687
0.0153829 -0.109525   0.50768
0.0153917 -0.109525  0.507674
0.0154017 -0.109527  0.507666
0.0154118 -0.109528  0.507659
0.0154201 -0.109529  0.507652
0.0154294 -0.109531  0.507645
0.0154388 -0.109531  0.507638
0.0154481 -0.109532  0.507631
0.0154575 -0.109532  0.507624
0.0154669 -0.109534  0.507616
0.0154761 -0.109536  0.507609
0.0154855 -0.109536  0.507602
0.0154949 -0.109538  0.507595
0.0155052 -0.109541  0.507587
0.0155146 -0.109541   0.50758
0.0155233 -0.109541  0.507573
0.0155327 -0.109541  0.507566
0.0155421 -0.109543  0.507558
0.0155513 -0.109545  0.507551
0.0155607 -0.109545  0.507544
0.0155714 -0.109543  0.507536
  0.01558 -0.109545  0.507529
0.0155895 -0.109546  0.507521
0.0155988 -0.109545  0.507514
0.0156084 -0.109547  0.507507
 0.015618 -0.109549  0.507499
0.0156286 -0.109547  0.507492
0.0156383 -0.109549  0.507484
0.015648 -0.10955 0.507476
0.0156571 -0.109552  0.507468
 0.015667 -0.109553   0.50746
0.0156768 -0.109552  0.507453
0.0156867 -0.109555  0.507445
0.0156967 -0.109557  0.507437
0.0157066 -0.109559  0.507429
0.0157167 -0.109558  0.507422
0.0157268 -0.109559  0.507414
0.0157379 -0.109562  0.507406
 0.015748 -0.109561  0.507398
0.0157577  -0.10956  0.507391
0.0157679 -0.109558  0.507383
0.0157776 -0.109561  0.507375
0.0157875 -0.109562  0.507367
0.0157977 -0.109561   0.50736
0.0158079 -0.109562  0.507352
0.0158195 -0.109557  0.507345
0.0158281 -0.109562  0.507337
0.0158383 -0.109562  0.507329
0.0158485 -0.109563  0.507321
0.0158588 -0.109561  0.507314
0.0158691 -0.109562  0.507306
0.0158798  -0.10956  0.507299
0.0158901 -0.109558  0.507291
0.0159005 -0.109557  0.507284
0.0159118 -0.109556  0.507277
0.0159229 -0.109557  0.507269
0.0159331 -0.109557  0.507261
0.0159437 -0.109558  0.507254
0.0159533  -0.10956  0.507246
0.0159638 -0.109558  0.507239
0.0159742 -0.109559  0.507232
0.0159847 -0.109558  0.507225
0.0159952 -0.109559  0.507217
0.0160057  -0.10956   0.50721
0.0160162 -0.109559  0.507203
0.0160267  -0.10956  0.507196
0.0160382  -0.10956  0.507189
 0.016048 -0.109564   0.50718
0.0160591  -0.10956  0.507175
0.0160688 -0.109564  0.507166
0.0160797 -0.109565  0.507159
  0.01609 -0.109566  0.507152
0.0161001 -0.109566  0.507145
0.0161104 -0.109567  0.507138
0.0161207 -0.109566  0.507131
0.0161316 -0.109569  0.507123
0.0161407 -0.109569  0.507116
0.0161515 -0.109569  0.507109
0.0161616 -0.109571  0.507102
0.0161716 -0.109572  0.507095
0.0161804 -0.109569  0.507089
0.0161906 -0.109572  0.507081
0.0161999 -0.109573  0.507074
0.0162082  -0.10957  0.507068
0.0162173 -0.109571  0.507061
0.0162262 -0.109572  0.507054
 0.016235 -0.109571  0.507048
0.0162437 -0.109571  0.507041
0.0162523 -0.109572  0.507034
0.0162608  -0.10957  0.507028
0.0162692 -0.109571  0.507021
0.0162775 -0.109572  0.507014
0.0162871 -0.109571  0.507007
0.0162953 -0.109571  0.507001
0.0163026 -0.109568  0.506995
0.0163104 -0.109569  0.506989
0.0163183 -0.109569  0.506982
0.0163265 -0.109564  0.506977
0.0163342 -0.109564   0.50697
0.0163417 -0.109563  0.506964
0.0163492 -0.109563  0.506958
0.0163566 -0.109564  0.506952
0.0163639 -0.109562  0.506946
0.0163712 -0.109563   0.50694
0.0163783 -0.109561  0.506935
0.0163854 -0.109563  0.506929
0.0163929 -0.109564  0.506923
0.0163998 -0.109563  0.506918
0.0164066 -0.109564  0.506912
0.0164133 -0.109565  0.506906
0.0164199 -0.109565  0.506901
0.0164265 -0.109566  0.506895
 0.016433 -0.109567  0.506889
0.0164393 -0.109567  0.506884
0.0164456 -0.109569  0.506879
0.0164517 -0.109568  0.506874
0.0164576  -0.10957  0.506868
0.0164635 -0.109572  0.506863
0.0164699 -0.109571  0.506858
0.0164754 -0.109572  0.506853
0.0164808 -0.109574  0.506848
0.0164861 -0.109574  0.506843
0.0164912 -0.109575  0.506838
0.0164949 -0.109579  0.506832
0.0164997 -0.109581  0.506827
0.0165044  -0.10958  0.506823
 0.016509 -0.109582  0.506818
0.0165134 -0.109584  0.506813
0.0165177 -0.109583  0.506809
0.0165219 -0.109585  0.506804
0.0165259 -0.109586    0.5068
0.0165302 -0.109586  0.506796
0.0165337 -0.109587  0.506792
0.0165374 -0.109589  0.506788
0.0165412  -0.10959  0.506784
0.0165447 -0.109591   0.50678
0.016548 -0.10959 0.506777
0.0165513 -0.109592  0.506773
0.0165543 -0.109593  0.506769
0.0165573 -0.109592  0.506766
0.0165601 -0.109594  0.506762
0.0165628 -0.109595  0.506759
0.0165652 -0.109594  0.506755
0.0165675 -0.109596  0.506752
0.0165704 -0.109597  0.506748
0.0165724 -0.109596  0.506745
0.0165744 -0.109597  0.506742
0.0165762 -0.109599  0.506739
0.0165778 -0.109598  0.506736
0.0165792 -0.109599  0.506733
0.0165814   -0.1096   0.50673
0.0165817 -0.109595  0.506727
0.0165827 -0.109601  0.506724
0.0165842 -0.109603  0.506721
0.0165843 -0.109599  0.506718
0.0165848 -0.109598  0.506716
0.0165844 -0.109601  0.506712
0.0165855   -0.1096   0.50671
0.0165856 -0.109599  0.506707
0.0165858 -0.109601  0.506704
0.0165856 -0.109602  0.506702
0.0165854 -0.109602  0.506699
0.0165852 -0.109603  0.506697
0.0165848 -0.109602  0.506694
0.0165844 -0.109604  0.506692
 0.016584 -0.109605  0.506689
0.0165834 -0.109605  0.506687
0.0165829 -0.109607  0.506685
0.0165821 -0.109608  0.506682
0.0165813 -0.109608  0.506681
0.0165805  -0.10961  0.506678
  0.01658 -0.109611  0.506676
 0.016579 -0.109611  0.506674
0.0165781 -0.109613  0.506672
0.0165769 -0.109615   0.50667
0.0165757 -0.109615  0.506669
0.0165745 -0.109617  0.506667
0.0165732 -0.109619  0.506665
0.0165719 -0.109619  0.506664
0.0165704 -0.109621  0.506662
 0.016569 -0.109621  0.506661
0.0165675 -0.109625  0.506659
0.0165645 -0.109628  0.506657
0.0165629  -0.10963  0.506655
0.0165612 -0.109632  0.506654
0.0165595 -0.109632  0.506652
0.0165577 -0.109634  0.506651
0.0165559 -0.109634   0.50665
 0.016554 -0.109636  0.506649
0.0165522 -0.109638  0.506647
0.0165503 -0.109637  0.506647
0.0165484 -0.109639  0.506645
0.0165464 -0.109641  0.506644
0.0165445  -0.10964  0.506643
0.0165427 -0.109641  0.506642
0.0165407 -0.109643  0.506641
0.0165387 -0.109642  0.506641
0.0165366 -0.109643   0.50664
0.0165345 -0.109643  0.506639
0.0165324 -0.109644  0.506639
0.0165299 -0.109646  0.506638
0.0165277 -0.109646  0.506638
0.0165255 -0.109647  0.506637
0.0165239 -0.109642  0.506637
0.0165216 -0.109642  0.506636
0.0165192 -0.109644  0.506635
0.0165168 -0.109643  0.506635
0.0165145 -0.109644  0.506635
0.0165121 -0.109643  0.506634
0.0165096 -0.109644  0.506634
0.0165072 -0.109645  0.506633
0.0165047 -0.109644  0.506633
0.0165022 -0.109646  0.506633
0.0164997 -0.109647  0.506632
0.0164972 -0.109646  0.506632
0.0164946 -0.109648  0.506632
0.0164918 -0.109651  0.506631
0.0164892 -0.109651  0.506631
0.0164865 -0.109652  0.506631
0.0164842 -0.109653  0.506631
0.0164816 -0.109655  0.506631
0.0164777 -0.109658   0.50663
0.016475 -0.10966 0.506629
0.0164723 -0.109662  0.506629
0.0164696 -0.109662  0.506629
0.0164669 -0.109664  0.506629
0.0164642 -0.109664  0.506629
0.0164615 -0.109667  0.506628
0.0164588 -0.109668  0.506628
0.0164562 -0.109668  0.506628
0.0164535  -0.10967  0.506628
0.0164508 -0.109672  0.506628
0.0164482 -0.109672  0.506628
0.0164456 -0.109674  0.506628
 0.016443 -0.109676  0.506628
0.0164404 -0.109675  0.506628
0.0164377 -0.109676  0.506628
0.0164352 -0.109676  0.506629
0.0164326 -0.109678  0.506629
  0.01643 -0.109679  0.506629
0.0164275 -0.109678  0.506629
0.0164249 -0.109679  0.506629
0.0164221 -0.109682  0.506629
0.0164195 -0.109681   0.50663
 0.016417 -0.109682   0.50663
0.0164144 -0.109684   0.50663
0.0164118 -0.109683  0.506631
0.0164092 -0.109684  0.506631
 0.016407 -0.109683  0.506631
0.0164044 -0.109684  0.506631
0.0164024 -0.109678  0.506633
0.0163993 -0.109684  0.506632
0.0163972  -0.10968  0.506633
0.0163946 -0.109679  0.506634
0.0163921  -0.10968  0.506634
0.0163894 -0.109679  0.506635
0.0163868  -0.10968  0.506635
0.0163842 -0.109681  0.506635
0.0163816  -0.10968  0.506636
 0.016379 -0.109682  0.506636
0.0163765 -0.109683  0.506636
 0.016374 -0.109682  0.506637
0.0163715 -0.109684  0.506637
 0.016369 -0.109686  0.506637
0.0163665 -0.109685  0.506638
0.0163641 -0.109687  0.506638
0.0163617 -0.109686  0.506638
0.0163593 -0.109688  0.506639
0.0163567  -0.10969  0.506639
0.0163543  -0.10969  0.506639
 0.016352 -0.109692   0.50664
0.0163498 -0.109695   0.50664
0.0163469 -0.109695  0.506641
0.0163446 -0.109697  0.506641
0.0163422 -0.109697  0.506641
0.0163398 -0.109699  0.506642
0.0163377 -0.109702  0.506642
0.0163377  -0.10969  0.506641
 0.016332 -0.109707  0.506641
0.0163296 -0.109707  0.506642
0.0163272 -0.109709  0.506642
0.0163249 -0.109708  0.506643
0.0163247 -0.109699  0.506641
0.0163202 -0.109712  0.506643
0.0163178 -0.109712  0.506644
0.0163155 -0.109713  0.506644
0.0163153 -0.109703  0.506643
0.0163128 -0.109703  0.506643
0.0163105 -0.109704  0.506644
0.0163083 -0.109706  0.506644
0.0163039 -0.109717  0.506646
0.0163037 -0.109706  0.506645
0.0162996 -0.109717  0.506648
0.0162973 -0.109719  0.506648
0.0162951  -0.10972  0.506648
0.0162929 -0.109719  0.506649
0.0162927 -0.109709  0.506648
0.0162905  -0.10971  0.506648
0.0162862 -0.109721  0.506651
 0.016284 -0.109722  0.506651
0.0162839  -0.10971   0.50665
0.0162797 -0.109723  0.506652
0.0162795 -0.109712  0.506651
0.0162754 -0.109723  0.506654
0.0162731 -0.109724  0.506654
0.0162708 -0.109726  0.506655
0.0162688 -0.109725  0.506656
0.0162668 -0.109726  0.506656
0.0162648 -0.109728  0.506657
0.0162629 -0.109727  0.506658
 0.016261 -0.109727  0.506658
0.0162591 -0.109726  0.506659
0.0162572 -0.109727   0.50666
0.0162553 -0.109729   0.50666
0.0162537 -0.109728  0.506661
0.0162543  -0.10971  0.506661
0.0162524 -0.109711  0.506661
0.0162506 -0.109711  0.506662
0.0162487  -0.10971  0.506663
0.0162469 -0.109711  0.506663
 0.016245 -0.109712  0.506664
0.0162414 -0.109723  0.506666
0.0162395 -0.109724  0.506666
0.0162375 -0.109723  0.506667
0.0162353 -0.109725  0.506667
0.0162333 -0.109726  0.506668
0.0162313 -0.109725  0.506668
0.0162306 -0.109716  0.506667
0.0162272  -0.10973  0.506669
0.0162251  -0.10973   0.50667
0.0162231 -0.109732   0.50667
0.0162222  -0.10972  0.506669
0.0162191 -0.109734  0.506671
0.0162171 -0.109735  0.506671
0.0162162 -0.109724   0.50667
0.0162131 -0.109736  0.506672
0.0162111 -0.109738  0.506672
0.0162102 -0.109727  0.506672
0.0162084 -0.109728  0.506672
0.0162054 -0.109738  0.506674
0.0162035  -0.10974  0.506674
0.0162016 -0.109741  0.506674
0.0161997 -0.109741  0.506675
0.0161988 -0.109731  0.506674
0.0161969 -0.109733  0.506675
0.0161951 -0.109732  0.506676
0.0161923 -0.109746  0.506677
0.0161904 -0.109745  0.506678
0.0161887 -0.109747  0.506678
0.0161869 -0.109748  0.506679
0.0161852 -0.109747  0.506679
0.0161835 -0.109748   0.50668
0.0161818  -0.10975   0.50668
0.0161801 -0.109749  0.506681
0.0161787 -0.109751  0.506681
0.016177 -0.10975 0.506682
0.0161742 -0.109754  0.506681
0.0161725 -0.109753  0.506682
0.0161709 -0.109754  0.506683
0.0161693 -0.109755  0.506683
0.0161676 -0.109754  0.506684
 0.016166 -0.109755  0.506684
0.0161644 -0.109753  0.506685
0.0161629 -0.109753  0.506686
0.0161613 -0.109754  0.506686
0.0161598 -0.109752  0.506687
0.0161583 -0.109752  0.506687
0.0161568 -0.109753  0.506688
0.0161553 -0.109751  0.506689
0.0161538 -0.109751  0.506689
0.0161513  -0.10974   0.50669
0.0161513  -0.10974   0.50669
0.0161502 -0.109746  0.506692
 0.016148 -0.109749  0.506691
0.0161464 -0.109749  0.506692
0.0161449 -0.109748  0.506693
0.0161434 -0.109748  0.506693
0.0161418 -0.109749  0.506693
0.0161403 -0.109748  0.506694
0.0161389 -0.109749  0.506694
0.0161373  -0.10975  0.506694
0.0161357 -0.109749  0.506695
0.0161341  -0.10975  0.506695
0.0161325 -0.109749  0.506696
0.0161309  -0.10975  0.506696
0.0161293 -0.109751  0.506696
0.0161277  -0.10975  0.506697
0.0161261 -0.109751  0.506697
0.0161246 -0.109743  0.506697
0.0161236 -0.109741  0.506699
0.016122 -0.10974 0.506699
0.0161204 -0.109742    0.5067
0.0161188 -0.109743    0.5067
0.0161172 -0.109742    0.5067
0.0161156 -0.109744  0.506701
 0.016114 -0.109743  0.506701
0.0161124 -0.109745  0.506701
0.0161109 -0.109747  0.506702
0.0161093 -0.109746  0.506702
0.0161078 -0.109748  0.506702
0.0161063  -0.10975  0.506703
0.0161047  -0.10975  0.506703
0.0161032 -0.109752  0.506703
0.0161017 -0.109752  0.506704
0.0161002 -0.109754  0.506704
0.0160987 -0.109756  0.506704
0.0160972 -0.109756  0.506705
0.0160958 -0.109757  0.506705
0.0160943  -0.10976  0.506705
0.0160929 -0.109759  0.506706
0.0160915 -0.109761  0.506706
0.0160901  -0.10976  0.506707
0.0160887 -0.109762  0.506707
0.0160873 -0.109764  0.506708
0.0160861 -0.109763  0.506708
0.0160848 -0.109765  0.506709
0.0160827 -0.109768  0.506708
0.0160813 -0.109769  0.506709
  0.01608 -0.109768   0.50671
0.0160787  -0.10977   0.50671
0.0160773 -0.109771   0.50671
0.0160761  -0.10977  0.506711
0.0160743 -0.109771  0.506712
0.0160731 -0.109772  0.506712
0.0160718 -0.109771  0.506713
0.0160705 -0.109771  0.506713
0.0160693  -0.10977  0.506714
0.0160681 -0.109771  0.506715
0.0160669 -0.109772  0.506715
0.0160656  -0.10977  0.506716
0.0160644 -0.109771  0.506716
0.0160632 -0.109772  0.506717
0.0160619  -0.10977  0.506717
0.0160607 -0.109771  0.506718
0.0160594 -0.109769  0.506719
0.0160581  -0.10977  0.506719
0.0160568 -0.109771  0.506719
0.0160555  -0.10977   0.50672
0.0160542 -0.109771  0.506721
0.0160528 -0.109772  0.506721
0.0160515 -0.109771  0.506722
0.0160502 -0.109771  0.506722
0.0160488  -0.10977  0.506723
0.0160475 -0.109771  0.506723
0.0160461 -0.109772  0.506723
 0.016045 -0.109771  0.506724
0.0160435 -0.109772  0.506724
0.0160421 -0.109773  0.506724
0.0160407 -0.109772  0.506725
0.0160394 -0.109773  0.506725
0.0160381 -0.109772  0.506726
0.0160368 -0.109773  0.506727
0.0160354 -0.109774  0.506727
0.0160341 -0.109773  0.506727
0.0160328 -0.109774  0.506728
0.0160315 -0.109776  0.506728
0.0160304 -0.109775  0.506729
0.0160289 -0.109775  0.506729
0.0160277 -0.109774   0.50673
0.0160264 -0.109775   0.50673
0.0160252 -0.109776   0.50673
0.0160239 -0.109775  0.506731
0.0160227 -0.109776  0.506732
0.0160215 -0.109778  0.506732
0.0160202 -0.109776  0.506733
0.0160192 -0.109777  0.506733
 0.016018 -0.109776  0.506734
0.0160176 -0.109773  0.506735
0.0160155 -0.109778  0.506734
0.0160143 -0.109777  0.506735
0.0160136 -0.109772  0.506737
0.0160124 -0.109773  0.506737
0.0160112 -0.109774  0.506737
  0.01601 -0.109773  0.506738
0.0160088 -0.109774  0.506738
0.0160077 -0.109775  0.506739
0.0160065 -0.109774  0.506739
0.0160054 -0.109775   0.50674
0.0160042 -0.109774   0.50674
 0.016003 -0.109775  0.506741
0.0160018 -0.109776  0.506741
0.0160006 -0.109775  0.506742
0.0159995 -0.109776  0.506742
0.0159983 -0.109778  0.506742
0.0159972 -0.109777  0.506743
0.0159961 -0.109778  0.506743
0.0159949 -0.109777  0.506744
0.0159937 -0.109778  0.506744
0.0159925 -0.109779  0.506744
0.0159913 -0.109778  0.506745
0.0159901 -0.109779  0.506745
0.0159883 -0.109778  0.506746
0.0159864 -0.109783  0.506745
0.0159852 -0.109782  0.506746
0.0159842 -0.109784  0.506746
 0.015983 -0.109785  0.506746
0.0159818 -0.109784  0.506747
0.0159806 -0.109785  0.506747
0.0159795 -0.109784  0.506748
0.0159783 -0.109785  0.506749
0.0159772 -0.109786  0.506749
0.0159761 -0.109785  0.506749
 0.015975 -0.109786   0.50675
0.0159739 -0.109785  0.506751
0.0159728 -0.109786  0.506751
0.0159717 -0.109787  0.506751
0.0159707 -0.109786  0.506752
0.0159697 -0.109787  0.506752
0.0159686 -0.109788  0.506752
0.0159676 -0.109787  0.506753
0.0159666 -0.109787  0.506754
0.0159656 -0.109786  0.506754
0.0159648 -0.109787  0.506755
0.0159638 -0.109788  0.506755
0.0159628 -0.109787  0.506756
0.0159618 -0.109788  0.506756
0.0159608 -0.109786  0.506757
0.0159598 -0.109787  0.506757
0.0159583 -0.109788  0.506757
0.0159573 -0.109787  0.506758
0.0159562 -0.109788  0.506758
 0.015956 -0.109782   0.50676
 0.015955 -0.109783   0.50676
0.0159541 -0.109782  0.506761
0.0159531 -0.109783  0.506761
0.0159521 -0.109784  0.506762
 0.015951 -0.109783  0.506762
  0.01595 -0.109784  0.506763
0.0159489 -0.109782  0.506763
0.0159478 -0.109783  0.506764
0.0159468 -0.109784  0.506764
0.0159457 -0.109783  0.506765
0.0159446 -0.109784  0.506765
0.0159435 -0.109783  0.506765
0.0159424 -0.109784  0.506766
0.0159414 -0.109785  0.506766
0.0159403 -0.109784  0.506767
0.0159393 -0.109785  0.506767
0.0159382 -0.109787  0.506767
0.0159371 -0.109786  0.506768
0.0159357 -0.109787  0.506768
0.0159346 -0.109786  0.506769
0.0159336 -0.109787  0.506769
0.0159325 -0.109789  0.506769
0.0159315 -0.109788   0.50677
0.0159304 -0.109789   0.50677
0.0159294 -0.109788  0.506771
0.0159276 -0.109793   0.50677
0.0159267 -0.109793  0.506771
0.0159257 -0.109794  0.506771
0.0159247 -0.109795  0.506771
0.0159237 -0.109794  0.506772
0.0159227 -0.109795  0.506772
0.0159217 -0.109794  0.506773
0.0159207 -0.109795  0.506773
0.0159197 -0.109797  0.506773
0.0159188 -0.109796  0.506774
0.0159178 -0.109796  0.506774
0.0159169 -0.109795  0.506775
 0.015916 -0.109796  0.506775
0.0159151 -0.109797  0.506776
0.0159143 -0.109795  0.506776
0.0159134 -0.109796  0.506777
 0.015912 -0.109795  0.506778
0.0159112 -0.109795  0.506778
0.0159105 -0.109796  0.506778
0.0159097 -0.109795  0.506779
0.0159088 -0.109795  0.506779
 0.015908 -0.109796  0.506779
0.0159071 -0.109794   0.50678
0.0159063 -0.109795  0.506781
0.0159054 -0.109793  0.506781
0.0159046 -0.109794  0.506782
0.0159037 -0.109794  0.506782
0.0159028 -0.109793  0.506783
0.0159019 -0.109793  0.506783
 0.015901 -0.109792  0.506784
0.0159001 -0.109792  0.506784
0.0158992 -0.109793  0.506784
0.0158991 -0.109787  0.506786
0.0158973 -0.109792  0.506785
0.0158974 -0.109787  0.506787
0.0158965 -0.109788  0.506787
0.0158955 -0.109786  0.506788
0.0158945 -0.109787  0.506788
0.0158936 -0.109788  0.506788
0.0158926 -0.109787  0.506789
0.0158917 -0.109788  0.506789
0.0158907 -0.109787   0.50679
0.0158898 -0.109788   0.50679
0.0158889 -0.109789   0.50679
0.0158879 -0.109788  0.506791
