 0.268943 -0.326611  0.607924
 0.268943 -0.326611  0.607924
 0.268945 -0.326609  0.607921
 0.268951 -0.326602  0.607914
 0.268962 -0.326591  0.607901
 0.268977 -0.326575  0.607883
 0.268996 -0.326555  0.607861
0.269019 -0.32653 0.607833
 0.269047 -0.326501    0.6078
 0.269079 -0.326467  0.607762
 0.269115 -0.326428  0.607719
 0.269156 -0.326385  0.607671
 0.269201 -0.326338  0.607618
  0.26925 -0.326285   0.60756
 0.269303 -0.326229  0.607497
 0.269361 -0.326168  0.607428
 0.269423 -0.326102  0.607355
 0.269489 -0.326032  0.607277
 0.269559 -0.325957  0.607193
 0.269634 -0.325878  0.607105
 0.269713 -0.325794  0.607011
 0.269796 -0.325706  0.606912
 0.269884 -0.325613  0.606809
 0.269975 -0.325516    0.6067
 0.270071 -0.325414  0.606586
 0.270172 -0.325308  0.606467
 0.270276 -0.325197  0.606343
 0.270385 -0.325081  0.606214
 0.270498 -0.324961   0.60608
 0.270615 -0.324837  0.605941
 0.270737 -0.324708  0.605797
 0.270863 -0.324574  0.605648
 0.270993 -0.324436  0.605494
 0.271127 -0.324294  0.605335
 0.271266 -0.324146   0.60517
 0.271409 -0.323994     0.605
 0.271556 -0.323838  0.604826
 0.271708 -0.323677  0.604646
 0.271864 -0.323512  0.604462
 0.272024 -0.323343  0.604272
 0.272188 -0.323168  0.604078
 0.272357 -0.322989  0.603878
 0.272529 -0.322806  0.603673
 0.272706 -0.322618  0.603463
 0.272888 -0.322426  0.603248
 0.273073 -0.322229  0.603028
 0.273263 -0.322027  0.602803
 0.273457 -0.321821  0.602573
 0.273656 -0.321611  0.602338
 0.273859 -0.321396  0.602098
 0.274065 -0.321176  0.601852
 0.274277 -0.320952  0.601602
 0.274492 -0.320723  0.601346
0.274712 -0.32049 0.601085
 0.274936 -0.320253   0.60082
0.275164 -0.32001  0.60055
 0.275396 -0.319765  0.600276
 0.275633 -0.319513  0.599995
 0.275874 -0.319258  0.599709
 0.276119 -0.318997  0.599418
 0.276369 -0.318732  0.599122
 0.276623 -0.318463  0.598821
 0.276881 -0.318189  0.598515
 0.277143 -0.317911  0.598204
  0.27741 -0.317628  0.597888
0.277681 -0.31734 0.597567
 0.277956 -0.317048  0.597241
 0.278235 -0.316752   0.59691
 0.278519 -0.316451  0.596574
 0.278807 -0.316145  0.596232
 0.279099 -0.315835  0.595886
 0.279396 -0.315521  0.595535
 0.279697 -0.315202  0.595178
 0.280002 -0.314878  0.594816
0.280311 -0.31455  0.59445
 0.280625 -0.314217  0.594078
 0.280943 -0.313879  0.593701
 0.281265 -0.313537  0.593319
 0.281591 -0.313191  0.592932
0.281922 -0.31284  0.59254
 0.282257 -0.312485  0.592143
 0.282596 -0.312125  0.591741
  0.28294 -0.311761  0.591334
 0.283287 -0.311392  0.590922
 0.283639 -0.311018  0.590505
0.283996 -0.31064 0.590082
 0.284356 -0.310257  0.589655
0.284721 -0.30987 0.589223
  0.28509 -0.309479  0.588785
 0.285464 -0.309083  0.588343
 0.285841 -0.308682  0.587895
 0.286223 -0.308277  0.587442
 0.286609 -0.307867  0.586985
    0.287 -0.307453  0.586522
 0.287394 -0.307034  0.586054
 0.287793 -0.306611  0.585582
 0.288196 -0.306183  0.585104
 0.288604 -0.305751  0.584621
 0.289015 -0.305314  0.584133
 0.289431 -0.304873   0.58364
 0.289852 -0.304427  0.583142
 0.290276 -0.303977  0.582639
   0.2907 -0.303527  0.582137
 0.291124 -0.303077  0.581634
 0.291548 -0.302627  0.581131
 0.291972 -0.302177  0.580628
 0.292397 -0.301727  0.580126
 0.292821 -0.301276  0.579622
 0.293245 -0.300826  0.579119
  0.29367 -0.300376  0.578616
 0.294094 -0.299926  0.578114
 0.294518 -0.299476  0.577611
 0.294943 -0.299026  0.577108
 0.295367 -0.298575  0.576605
 0.295791 -0.298125  0.576102
 0.296215 -0.297675    0.5756
  0.29664 -0.297225  0.575096
 0.297065 -0.296774  0.574593
 0.297489 -0.296324   0.57409
 0.297914 -0.295873  0.573587
 0.298338 -0.295423  0.573084
 0.298762 -0.294973  0.572581
 0.299186 -0.294523  0.572078
 0.299611 -0.294073  0.571575
 0.300035 -0.293622  0.571072
 0.300459 -0.293172  0.570569
 0.300884 -0.292722  0.570067
 0.301308 -0.292272  0.569564
 0.301732 -0.291822  0.569061
 0.302156 -0.291372  0.568558
  0.30258 -0.290922  0.568056
 0.303005 -0.290472  0.567553
 0.303429 -0.290022   0.56705
 0.303853 -0.289572  0.566547
 0.304277 -0.289122  0.566044
 0.304701 -0.288672  0.565542
 0.305125 -0.288222  0.565039
  0.30555 -0.287772  0.564536
 0.305974 -0.287321  0.564033
 0.306398 -0.286871  0.563531
 0.306822 -0.286422  0.563028
 0.307246 -0.285971  0.562525
  0.30767 -0.285521  0.562023
 0.308095 -0.285071   0.56152
 0.308519 -0.284621  0.561017
 0.308943 -0.284171  0.560514
 0.309367 -0.283721  0.560012
 0.309791 -0.283271  0.559509
 0.310216 -0.282821  0.559006
 0.31064 -0.28237 0.558503
0.311065 -0.28192    0.558
0.311489 -0.28147 0.557497
0.311913 -0.28102 0.556994
 0.312345 -0.280562  0.556482
 0.312769 -0.280112   0.55598
 0.313193 -0.279662  0.555477
 0.313617 -0.279212  0.554974
 0.314041 -0.278762  0.554471
 0.314466 -0.278312  0.553969
  0.31489 -0.277862  0.553466
 0.315314 -0.277412  0.552963
 0.315738 -0.276961   0.55246
 0.316163 -0.276511  0.551957
 0.316587 -0.276061  0.551455
 0.317011 -0.275611  0.550952
 0.317436 -0.275161  0.550449
  0.31786 -0.274711  0.549946
 0.318284 -0.274261  0.549443
0.318708 -0.27381  0.54894
0.319132 -0.27336 0.548438
0.319557 -0.27291 0.547935
0.319981 -0.27246 0.547432
0.320405 -0.27201 0.546929
0.320829 -0.27156 0.546426
 0.321254 -0.271109  0.545923
 0.321678 -0.270659   0.54542
 0.322102 -0.270209  0.544918
 0.322526 -0.269759  0.544415
 0.322951 -0.269309  0.543912
 0.323375 -0.268859  0.543409
 0.323799 -0.268409  0.542907
 0.324223 -0.267959  0.542404
 0.324648 -0.267509  0.541901
 0.325072 -0.267059  0.541398
 0.325496 -0.266608  0.540895
  0.32592 -0.266158  0.540392
 0.326344 -0.265708   0.53989
 0.326769 -0.265258  0.539386
 0.327193 -0.264808  0.538884
 0.327617 -0.264358  0.538381
 0.328042 -0.263907  0.537877
 0.328466 -0.263457  0.537374
 0.328891 -0.263007  0.536872
 0.329315 -0.262557  0.536369
 0.329739 -0.262107  0.535866
 0.330163 -0.261657  0.535363
 0.330587 -0.261207  0.534861
 0.331012 -0.260756  0.534358
 0.331436 -0.260306  0.533855
  0.33186 -0.259856  0.533352
 0.332284 -0.259406   0.53285
 0.332709 -0.258956  0.532347
 0.333133 -0.258506  0.531844
 0.333557 -0.258056  0.531341
 0.333982 -0.257605  0.530838
 0.334406 -0.257155  0.530335
  0.33483 -0.256705  0.529832
 0.335255 -0.256255  0.529329
 0.335679 -0.255805  0.528826
 0.336103 -0.255355  0.528323
 0.336527 -0.254905  0.527821
 0.336951 -0.254454  0.527318
 0.337376 -0.254004  0.526815
   0.3378 -0.253554  0.526312
 0.338224 -0.253104  0.525809
 0.338648 -0.252654  0.525307
 0.339072 -0.252204  0.524804
 0.339493 -0.251758  0.524306
 0.339909 -0.251317  0.523813
0.340321 -0.25088 0.523324
 0.340728 -0.250447  0.522841
 0.341132 -0.250019  0.522363
 0.341531 -0.249595   0.52189
 0.341926 -0.249177  0.521422
 0.342316 -0.248763  0.520959
 0.342702 -0.248353  0.520502
 0.343085 -0.247947  0.520049
 0.343462 -0.247546  0.519601
0.343836 -0.24715 0.519158
 0.344205 -0.246758  0.518721
  0.34457 -0.246371  0.518288
 0.344931 -0.245989  0.517861
0.345287 -0.24561 0.517438
 0.345639 -0.245237  0.517021
 0.345987 -0.244868  0.516609
 0.346331 -0.244503  0.516201
  0.34667 -0.244143  0.515799
 0.347005 -0.243787  0.515402
 0.347336 -0.243436   0.51501
0.347663 -0.24309 0.514623
 0.347985 -0.242748  0.514241
0.348303 -0.24241 0.513864
 0.348617 -0.242077  0.513492
 0.348926 -0.241749  0.513125
 0.349231 -0.241425  0.512763
 0.349533 -0.241106  0.512406
 0.349829 -0.240791  0.512055
 0.350122 -0.240481  0.511708
  0.35041 -0.240175  0.511366
 0.350694 -0.239874   0.51103
 0.350974 -0.239577  0.510698
 0.351249 -0.239285  0.510372
  0.35152 -0.238997  0.510051
 0.351787 -0.238714  0.509734
 0.352049 -0.238436  0.509423
 0.352308 -0.238161  0.509117
 0.352562 -0.237892  0.508816
 0.352812 -0.237627   0.50852
 0.353057 -0.237366  0.508229
0.353299 -0.23711 0.507943
 0.353536 -0.236859  0.507662
 0.353768 -0.236612  0.507386
 0.353997 -0.236369  0.507115
 0.354221 -0.236131  0.506849
 0.354441 -0.235898  0.506589
 0.354657 -0.235669  0.506333
 0.354868 -0.235445  0.506082
 0.355075 -0.235225  0.505837
0.355278 -0.23501 0.505597
 0.355477 -0.234799  0.505361
 0.355671 -0.234593  0.505131
 0.355861 -0.234391  0.504906
 0.356047 -0.234194  0.504686
 0.356228 -0.234002   0.50447
 0.356406 -0.233814   0.50426
0.356579 -0.23363 0.504055
 0.356747 -0.233451  0.503855
 0.356912 -0.233277   0.50366
 0.357072 -0.233107  0.503471
 0.357228 -0.232941  0.503286
0.357379 -0.23278 0.503106
 0.357527 -0.232624  0.502931
  0.35767 -0.232472  0.502762
 0.357809 -0.232325  0.502597
 0.357944 -0.232182  0.502437
 0.358074 -0.232044  0.502283
  0.3582 -0.23191 0.502134
 0.358322 -0.231781  0.501989
 0.358439 -0.231656   0.50185
 0.358553 -0.231536  0.501715
0.358662 -0.23142 0.501586
 0.358766 -0.231309  0.501462
 0.358867 -0.231202  0.501343
0.358963  -0.2311 0.501229
 0.359055 -0.231003   0.50112
0.359143 -0.23091 0.501016
 0.359226 -0.230821  0.500917
 0.359305 -0.230737  0.500824
  0.35938 -0.230658  0.500735
 0.359451 -0.230583  0.500651
 0.359517 -0.230513  0.500573
 0.359579 -0.230447  0.500499
 0.359637 -0.230385   0.50043
  0.35969 -0.230329  0.500367
  0.35974 -0.230276  0.500309
 0.359785 -0.230229  0.500255
 0.359825 -0.230185  0.500207
 0.359862 -0.230147  0.500164
 0.359894 -0.230112  0.500126
 0.359922 -0.230083  0.500092
 0.359946 -0.230058  0.500064
 0.359965 -0.230037  0.500041
  0.35998 -0.230021  0.500023
 0.359991 -0.230009  0.500011
 0.359998 -0.230002  0.500003
 0.36 -0.23   0.5
 0.36 -0.23   0.5
 0.36 -0.23   0.5
 0.36 -0.23   0.5
 0.36 -0.23   0.5
 0.36 -0.23   0.5
 0.36 -0.23   0.5
 0.36 -0.23   0.5
 0.36 -0.23   0.5
 0.36 -0.23   0.5
 0.36 -0.23   0.5
 0.36 -0.23   0.5
 0.36 -0.23   0.5
 0.36 -0.23   0.5
 0.36 -0.23   0.5
 0.36 -0.23   0.5
 0.36 -0.23   0.5
 0.36 -0.23   0.5
 0.36 -0.23   0.5
 0.36 -0.23   0.5
 0.36 -0.23   0.5
 0.36 -0.23   0.5
 0.36 -0.23   0.5
 0.36 -0.23   0.5
 0.36 -0.23   0.5
 0.36 -0.23   0.5
 0.36 -0.23   0.5
 0.36 -0.23   0.5
 0.36 -0.23   0.5
 0.36 -0.23   0.5
 0.36 -0.23   0.5
 0.36 -0.23   0.5
 0.36 -0.23   0.5
 0.36 -0.23   0.5
 0.36 -0.23   0.5
 0.36 -0.23   0.5
 0.36 -0.23   0.5
 0.36 -0.23   0.5
 0.36 -0.23   0.5
 0.36 -0.23   0.5
 0.36 -0.23   0.5
 0.36 -0.23   0.5
 0.36 -0.23   0.5
 0.36 -0.23   0.5
 0.36 -0.23   0.5
 0.36 -0.23   0.5
 0.36 -0.23   0.5
 0.36 -0.23   0.5
 0.36 -0.23   0.5
 0.36 -0.23   0.5
 0.36 -0.23   0.5
 0.36 -0.23   0.5
 0.36 -0.23   0.5
 0.36 -0.23   0.5
 0.36 -0.23   0.5
 0.36 -0.23   0.5
 0.36 -0.23   0.5
 0.36 -0.23   0.5
 0.36 -0.23   0.5
 0.36 -0.23   0.5
 0.36 -0.23   0.5
 0.36 -0.23   0.5
 0.36 -0.23   0.5
 0.36 -0.23   0.5
 0.36 -0.23   0.5
 0.36 -0.23   0.5
 0.36 -0.23   0.5
 0.36 -0.23   0.5
 0.36 -0.23   0.5
 0.36 -0.23   0.5
 0.36 -0.23   0.5
 0.36 -0.23   0.5
 0.36 -0.23   0.5
 0.36 -0.23   0.5
 0.36 -0.23   0.5
 0.36 -0.23   0.5
 0.36 -0.23   0.5
 0.36 -0.23   0.5
 0.36 -0.23   0.5
 0.36 -0.23   0.5
 0.36 -0.23   0.5
 0.36 -0.23   0.5
 0.36 -0.23   0.5
 0.36 -0.23   0.5
 0.36 -0.23   0.5
 0.36 -0.23   0.5
 0.36 -0.23   0.5
 0.36 -0.23   0.5
 0.36 -0.23   0.5
 0.36 -0.23   0.5
 0.36 -0.23   0.5
 0.36 -0.23   0.5
 0.36 -0.23   0.5
 0.36 -0.23   0.5
 0.36 -0.23   0.5
 0.36 -0.23   0.5
 0.36 -0.23   0.5
 0.36 -0.23   0.5
 0.36 -0.23   0.5
 0.36 -0.23   0.5
 0.36 -0.23   0.5
 0.36 -0.23   0.5
 0.36 -0.23   0.5
 0.36 -0.23   0.5
 0.36 -0.23   0.5
 0.36 -0.23   0.5
 0.36 -0.23   0.5
 0.36 -0.23   0.5
 0.36 -0.23   0.5
 0.36 -0.23   0.5
 0.36 -0.23   0.5
 0.36 -0.23   0.5
 0.36 -0.23   0.5
 0.36 -0.23   0.5
 0.36 -0.23   0.5
 0.36 -0.23   0.5
 0.36 -0.23   0.5
 0.36 -0.23   0.5
 0.36 -0.23   0.5
 0.36 -0.23   0.5
 0.36 -0.23   0.5
 0.36 -0.23   0.5
 0.36 -0.23   0.5
 0.36 -0.23   0.5
 0.36 -0.23   0.5
 0.36 -0.23   0.5
 0.36 -0.23   0.5
 0.36 -0.23   0.5
 0.36 -0.23   0.5
 0.36 -0.23   0.5
 0.36 -0.23   0.5
 0.36 -0.23   0.5
 0.36 -0.23   0.5
 0.36 -0.23   0.5
 0.36 -0.23   0.5
 0.36 -0.23   0.5
 0.36 -0.23   0.5
 0.36 -0.23   0.5
 0.36 -0.23   0.5
 0.36 -0.23   0.5
 0.36 -0.23   0.5
 0.36 -0.23   0.5
 0.36 -0.23   0.5
 0.36 -0.23   0.5
 0.36 -0.23   0.5
 0.36 -0.23   0.5
 0.36 -0.23   0.5
 0.36 -0.23   0.5
 0.36 -0.23   0.5
 0.36 -0.23   0.5
 0.36 -0.23   0.5
 0.36 -0.23   0.5
 0.36 -0.23   0.5
 0.36 -0.23   0.5
 0.36 -0.23   0.5
 0.36 -0.23   0.5
 0.36 -0.23   0.5
 0.36 -0.23   0.5
 0.36 -0.23   0.5
 0.36 -0.23   0.5
 0.36 -0.23   0.5
 0.36 -0.23   0.5
 0.36 -0.23   0.5
 0.36 -0.23   0.5
 0.36 -0.23   0.5
 0.36 -0.23   0.5
 0.36 -0.23   0.5
 0.36 -0.23   0.5
 0.36 -0.23   0.5
 0.36 -0.23   0.5
 0.36 -0.23   0.5
 0.36 -0.23   0.5
 0.36 -0.23   0.5
 0.36 -0.23   0.5
 0.36 -0.23   0.5
 0.36 -0.23   0.5
 0.36 -0.23   0.5
 0.36 -0.23   0.5
 0.36 -0.23   0.5
 0.36 -0.23   0.5
 0.36 -0.23   0.5
 0.36 -0.23   0.5
 0.36 -0.23   0.5
 0.36 -0.23   0.5
 0.36 -0.23   0.5
 0.36 -0.23   0.5
 0.36 -0.23   0.5
 0.36 -0.23   0.5
 0.36 -0.23   0.5
 0.36 -0.23   0.5
 0.36 -0.23   0.5
 0.36 -0.23   0.5
 0.36 -0.23   0.5
 0.36 -0.23   0.5
 0.36 -0.23   0.5
 0.36 -0.23   0.5
 0.36 -0.23   0.5
 0.36 -0.23   0.5
 0.36 -0.23   0.5
 0.36 -0.23   0.5
 0.36 -0.23   0.5
 0.36 -0.23   0.5
 0.36 -0.23   0.5
 0.36 -0.23   0.5
 0.36 -0.23   0.5
 0.36 -0.23   0.5
 0.36 -0.23   0.5
 0.36 -0.23   0.5
 0.36 -0.23   0.5
 0.36 -0.23   0.5
 0.36 -0.23   0.5
 0.36 -0.23   0.5
 0.36 -0.23   0.5
 0.36 -0.23   0.5
 0.36 -0.23   0.5
 0.36 -0.23   0.5
 0.36 -0.23   0.5
 0.36 -0.23   0.5
 0.36 -0.23   0.5
 0.36 -0.23   0.5
 0.36 -0.23   0.5
 0.36 -0.23   0.5
 0.36 -0.23   0.5
 0.36 -0.23   0.5
 0.36 -0.23   0.5
 0.36 -0.23   0.5
 0.36 -0.23   0.5
 0.36 -0.23   0.5
 0.36 -0.23   0.5
 0.36 -0.23   0.5
 0.36 -0.23   0.5
 0.36 -0.23   0.5
 0.36 -0.23   0.5
 0.36 -0.23   0.5
 0.36 -0.23   0.5
 0.36 -0.23   0.5
 0.36 -0.23   0.5
 0.36 -0.23   0.5
 0.36 -0.23   0.5
 0.36 -0.23   0.5
 0.36 -0.23   0.5
 0.36 -0.23   0.5
 0.36 -0.23   0.5
 0.36 -0.23   0.5
 0.36 -0.23   0.5
 0.36 -0.23   0.5
 0.36 -0.23   0.5
 0.36 -0.23   0.5
 0.36 -0.23   0.5
 0.36 -0.23   0.5
 0.36 -0.23   0.5
 0.36 -0.23   0.5
 0.36 -0.23   0.5
 0.36 -0.23   0.5
 0.36 -0.23   0.5
 0.36 -0.23   0.5
 0.36 -0.23   0.5
 0.36 -0.23   0.5
 0.36 -0.23   0.5
 0.36 -0.23   0.5
 0.36 -0.23   0.5
 0.36 -0.23   0.5
 0.36 -0.23   0.5
 0.36 -0.23   0.5
 0.36 -0.23   0.5
 0.36 -0.23   0.5
 0.36 -0.23   0.5
 0.36 -0.23   0.5
 0.36 -0.23   0.5
 0.36 -0.23   0.5
 0.36 -0.23   0.5
 0.36 -0.23   0.5
 0.36 -0.23   0.5
 0.36 -0.23   0.5
 0.36 -0.23   0.5
 0.36 -0.23   0.5
 0.36 -0.23   0.5
 0.36 -0.23   0.5
 0.36 -0.23   0.5
 0.36 -0.23   0.5
 0.36 -0.23   0.5
 0.36 -0.23   0.5
 0.36 -0.23   0.5
 0.36 -0.23   0.5
 0.36 -0.23   0.5
 0.36 -0.23   0.5
 0.36 -0.23   0.5
 0.36 -0.23   0.5
 0.36 -0.23   0.5
 0.36 -0.23   0.5
 0.36 -0.23   0.5
 0.36 -0.23   0.5
 0.36 -0.23   0.5
 0.36 -0.23   0.5
 0.36 -0.23   0.5
 0.36 -0.23   0.5
 0.36 -0.23   0.5
 0.36 -0.23   0.5
 0.36 -0.23   0.5
 0.36 -0.23   0.5
 0.36 -0.23   0.5
 0.36 -0.23   0.5
 0.36 -0.23   0.5
 0.36 -0.23   0.5
 0.36 -0.23   0.5
 0.36 -0.23   0.5
 0.36 -0.23   0.5
 0.36 -0.23   0.5
 0.36 -0.23   0.5
 0.36 -0.23   0.5
 0.36 -0.23   0.5
 0.36 -0.23   0.5
 0.36 -0.23   0.5
 0.36 -0.23   0.5
 0.36 -0.23   0.5
 0.36 -0.23   0.5
 0.36 -0.23   0.5
 0.36 -0.23   0.5
 0.36 -0.23   0.5
 0.36 -0.23   0.5
 0.36 -0.23   0.5
 0.36 -0.23   0.5
 0.36 -0.23   0.5
 0.36 -0.23   0.5
 0.36 -0.23   0.5
 0.36 -0.23   0.5
 0.36 -0.23   0.5
 0.36 -0.23   0.5
 0.36 -0.23   0.5
 0.36 -0.23   0.5
 0.36 -0.23   0.5
 0.36 -0.23   0.5
 0.36 -0.23   0.5
 0.36 -0.23   0.5
 0.36 -0.23   0.5
 0.36 -0.23   0.5
 0.36 -0.23   0.5
 0.36 -0.23   0.5
 0.36 -0.23   0.5
 0.36 -0.23   0.5
 0.36 -0.23   0.5
 0.36 -0.23   0.5
 0.36 -0.23   0.5
 0.36 -0.23   0.5
 0.36 -0.23   0.5
 0.36 -0.23   0.5
 0.36 -0.23   0.5
 0.36 -0.23   0.5
 0.36 -0.23   0.5
 0.36 -0.23   0.5
 0.36 -0.23   0.5
 0.36 -0.23   0.5
 0.36 -0.23   0.5
 0.36 -0.23   0.5
 0.36 -0.23   0.5
 0.36 -0.23   0.5
 0.36 -0.23   0.5
 0.36 -0.23   0.5
 0.36 -0.23   0.5
 0.36 -0.23   0.5
 0.36 -0.23   0.5
 0.36 -0.23   0.5
 0.36 -0.23   0.5
 0.36 -0.23   0.5
 0.36 -0.23   0.5
 0.36 -0.23   0.5
 0.36 -0.23   0.5
 0.36 -0.23   0.5
 0.36 -0.23   0.5
 0.36 -0.23   0.5
 0.36 -0.23   0.5
 0.36 -0.23   0.5
 0.36 -0.23   0.5
 0.36 -0.23   0.5
 0.36 -0.23   0.5
 0.36 -0.23   0.5
 0.36 -0.23   0.5
 0.36 -0.23   0.5
 0.36 -0.23   0.5
 0.36 -0.23   0.5
 0.36 -0.23   0.5
 0.36 -0.23   0.5
 0.36 -0.23   0.5
 0.36 -0.23   0.5
 0.36 -0.23   0.5
 0.36 -0.23   0.5
 0.36 -0.23   0.5
 0.36 -0.23   0.5
 0.36 -0.23   0.5
 0.36 -0.23   0.5
 0.36 -0.23   0.5
 0.36 -0.23   0.5
 0.36 -0.23   0.5
 0.36 -0.23   0.5
 0.36 -0.23   0.5
 0.36 -0.23   0.5
 0.36 -0.23   0.5
 0.36 -0.23   0.5
 0.36 -0.23   0.5
 0.36 -0.23   0.5
 0.36 -0.23   0.5
 0.36 -0.23   0.5
 0.36 -0.23   0.5
 0.36 -0.23   0.5
 0.36 -0.23   0.5
 0.36 -0.23   0.5
 0.36 -0.23   0.5
 0.36 -0.23   0.5
 0.36 -0.23   0.5
 0.36 -0.23   0.5
 0.36 -0.23   0.5
 0.36 -0.23   0.5
 0.36 -0.23   0.5
 0.36 -0.23   0.5
 0.36 -0.23   0.5
 0.36 -0.23   0.5
 0.36 -0.23   0.5
 0.36 -0.23   0.5
 0.36 -0.23   0.5
 0.36 -0.23   0.5
 0.36 -0.23   0.5
 0.36 -0.23   0.5
 0.36 -0.23   0.5
 0.36 -0.23   0.5
 0.36 -0.23   0.5
 0.36 -0.23   0.5
 0.36 -0.23   0.5
 0.36 -0.23   0.5
 0.36 -0.23   0.5
 0.36 -0.23   0.5
 0.36 -0.23   0.5
 0.36 -0.23   0.5
 0.36 -0.23   0.5
 0.36 -0.23   0.5
 0.36 -0.23   0.5
 0.36 -0.23   0.5
 0.36 -0.23   0.5
 0.36 -0.23   0.5
 0.36 -0.23   0.5
 0.36 -0.23   0.5
 0.36 -0.23   0.5
 0.36 -0.23   0.5
 0.36 -0.23   0.5
 0.36 -0.23   0.5
 0.36 -0.23   0.5
 0.36 -0.23   0.5
 0.36 -0.23   0.5
 0.36 -0.23   0.5
 0.36 -0.23   0.5
 0.36 -0.23   0.5
 0.36 -0.23   0.5
 0.36 -0.23   0.5
 0.36 -0.23   0.5
 0.36 -0.23   0.5
 0.36 -0.23   0.5
 0.36 -0.23   0.5
 0.36 -0.23   0.5
 0.36 -0.23   0.5
 0.36 -0.23   0.5
 0.36 -0.23   0.5
 0.36 -0.23   0.5
 0.36 -0.23   0.5
 0.36 -0.23   0.5
 0.36 -0.23   0.5
 0.36 -0.23   0.5
 0.36 -0.23   0.5
 0.36 -0.23   0.5
 0.36 -0.23   0.5
 0.36 -0.23   0.5
 0.36 -0.23   0.5
 0.36 -0.23   0.5
 0.36 -0.23   0.5
