 0.268943 -0.326611  0.607924
 0.268938 -0.326612  0.607919
 0.268927 -0.326616  0.607909
 0.268916 -0.326621  0.607901
 0.268903 -0.326627  0.607897
  0.26889 -0.326635  0.607895
 0.268878 -0.326642  0.607898
 0.268869 -0.326648  0.607902
 0.268863 -0.326652  0.607915
 0.268856 -0.326657  0.607927
 0.268857 -0.326659  0.607948
0.268857 -0.32666 0.607966
0.268861 -0.32666 0.607989
 0.268868 -0.326657  0.608018
  0.26888 -0.326654  0.608048
 0.268897 -0.326642  0.608084
 0.268915 -0.326634  0.608118
 0.268939 -0.326619   0.60816
 0.268965 -0.326603  0.608196
 0.268995 -0.326582  0.608239
 0.269029 -0.326558  0.608283
 0.269067 -0.326531  0.608325
 0.269107 -0.326503   0.60837
 0.269149 -0.326472  0.608412
 0.269195 -0.326436  0.608459
0.269241  -0.3264 0.608498
 0.269291 -0.326359  0.608541
 0.269341 -0.326319  0.608581
 0.269392 -0.326277  0.608619
 0.269444 -0.326233  0.608658
0.269499 -0.32619 0.608697
 0.269557 -0.326139  0.608735
 0.26961 -0.32609 0.608765
0.269666 -0.32604 0.608799
0.269719 -0.32599 0.608822
 0.269771 -0.325943  0.608846
0.269825 -0.32589  0.60887
 0.269878 -0.325833  0.608886
0.269933 -0.32578 0.608904
 0.269985 -0.325727  0.608918
  0.27004 -0.325672  0.608932
 0.270094 -0.325613   0.60894
 0.270148 -0.325568  0.608947
 0.270205 -0.325511   0.60895
  0.27026 -0.325447  0.608953
 0.270318 -0.325384  0.608952
 0.270378 -0.325318  0.608946
 0.270439 -0.325246  0.608943
 0.270501 -0.325172  0.608932
 0.270568 -0.325096  0.608921
 0.270635 -0.325014  0.608902
 0.270705 -0.324928  0.608883
 0.270778 -0.324834  0.608863
 0.270852 -0.324736  0.608838
0.270931 -0.32463 0.608813
0.271022 -0.32451 0.608781
 0.271108 -0.324391   0.60875
 0.271195 -0.324269  0.608708
 0.271285 -0.324138  0.608666
 0.271379 -0.324003   0.60862
 0.271475 -0.323858  0.608571
 0.271574 -0.323709  0.608518
 0.271672 -0.323545  0.608449
 0.271776 -0.323382  0.608389
 0.271881 -0.323214  0.608321
0.271978 -0.32305 0.608256
  0.27208 -0.322896  0.608206
 0.272186 -0.322704  0.608115
 0.272298 -0.322511  0.608035
 0.272412 -0.322311  0.607949
 0.272527 -0.322106  0.607861
 0.272643 -0.321894  0.607766
 0.272765 -0.321672  0.607675
 0.272884 -0.321449  0.607572
 0.273005 -0.321219  0.607467
0.273115   -0.321 0.607359
 0.273236 -0.320774  0.607252
 0.273361 -0.320528  0.607137
 0.273496 -0.320264  0.607011
 0.273622 -0.320008  0.606886
 0.273749 -0.319749  0.606757
 0.273876 -0.319486  0.606623
 0.274006 -0.319215  0.606488
 0.274129 -0.318935  0.606331
 0.274268 -0.318646  0.606194
 0.274399 -0.318362  0.606045
 0.274533 -0.318075  0.605897
 0.274666 -0.317784   0.60574
   0.2748 -0.317489  0.605581
 0.274937 -0.317191  0.605419
 0.275085 -0.316871  0.605252
 0.275224 -0.316563  0.605085
0.275363 -0.31625 0.604913
 0.275505 -0.315935  0.604741
 0.275647 -0.315614  0.604562
0.275791 -0.31529 0.604382
0.275937 -0.31496 0.604199
 0.276084 -0.314628  0.604012
 0.276233 -0.314291  0.603823
 0.276377 -0.313939  0.603612
  0.27653 -0.313592  0.603417
 0.276694 -0.313233  0.603216
 0.276852 -0.312873  0.603017
 0.277007 -0.312523  0.602826
 0.277167 -0.312155  0.602615
 0.277331 -0.311779  0.602404
 0.277496 -0.311399  0.602187
 0.277664 -0.311013  0.601968
 0.277825 -0.310612  0.601725
 0.278009 -0.310204  0.601501
 0.278182 -0.309801  0.601267
 0.278358 -0.309389  0.601034
 0.278535 -0.308974  0.600797
 0.278714 -0.308552  0.600557
 0.278895 -0.308127  0.600314
 0.279076 -0.307698  0.600066
 0.279259 -0.307261  0.599819
 0.279442 -0.306823  0.599564
 0.279627 -0.306378  0.599314
  0.27981 -0.305933  0.599052
 0.279994 -0.305483  0.598792
 0.280179 -0.305032   0.59853
 0.280378 -0.304556  0.598256
 0.280562 -0.304098  0.597991
 0.280745 -0.303641   0.59772
0.280929 -0.30318 0.597452
  0.28111 -0.302721  0.597176
 0.281291 -0.302258  0.596901
 0.281471 -0.301797  0.596624
 0.281649 -0.301336  0.596344
 0.281827 -0.300872  0.596066
 0.282003 -0.300411  0.595783
 0.282179 -0.299946  0.595503
 0.282352 -0.299484  0.595216
0.282525 -0.29902  0.59493
 0.282698 -0.298557  0.594643
  0.28287 -0.298093  0.594354
 0.283042 -0.297627  0.594065
 0.283213 -0.297161  0.593774
 0.283385 -0.296691  0.593485
 0.283556 -0.296223  0.593189
0.283729 -0.29575   0.5929
   0.2839 -0.295278    0.5926
 0.284073 -0.294803  0.592303
 0.284246 -0.294324  0.592007
  0.28442 -0.293844  0.591708
0.284596 -0.29336  0.59141
  0.28477 -0.292875  0.591109
 0.284948 -0.292387   0.59081
 0.285124 -0.291896  0.590506
 0.285301 -0.291403  0.590202
  0.28548 -0.290906  0.589899
 0.285659 -0.290408  0.589594
 0.285838 -0.289906   0.58929
 0.286017 -0.289404  0.588983
0.286198  -0.2889 0.588677
 0.286377 -0.288393  0.588369
 0.286557 -0.287886  0.588059
 0.286736 -0.287376  0.587751
 0.286915 -0.286867  0.587441
 0.287094 -0.286357  0.587131
 0.287286 -0.285821  0.586819
 0.287462 -0.285309  0.586511
 0.287624 -0.284821  0.586197
 0.287814 -0.284285  0.585889
 0.287986 -0.283776  0.585571
 0.288159 -0.283265  0.585258
  0.28833 -0.282755  0.584945
 0.288499 -0.282248  0.584631
 0.288657 -0.281734  0.584299
 0.288824 -0.281229  0.583983
 0.288991 -0.280722  0.583671
 0.289154 -0.280219  0.583354
 0.289317 -0.279716   0.58304
 0.289493 -0.279186  0.582717
 0.289654 -0.278686  0.582401
 0.289814 -0.278186  0.582088
 0.289974 -0.277684  0.581773
 0.290133 -0.277185  0.581461
 0.290291 -0.276685  0.581146
  0.29045 -0.276186  0.580835
 0.290605 -0.275688  0.580518
 0.290762 -0.275188  0.580204
 0.290919 -0.274689  0.579892
 0.291075 -0.274188  0.579578
 0.291231 -0.273688  0.579266
0.291399 -0.27317 0.578946
 0.291556 -0.272668  0.578635
 0.291711 -0.272164  0.578319
0.291866 -0.27166 0.578006
 0.292023 -0.271157  0.577691
 0.292178 -0.270648  0.577379
 0.292324 -0.270137  0.577048
 0.292479 -0.269627  0.576734
 0.292636 -0.269116  0.576423
 0.292792 -0.268605  0.576107
 0.292962 -0.268063  0.575794
0.293117 -0.26755 0.575472
 0.293274 -0.267035  0.575159
 0.293429 -0.266518  0.574849
 0.293585 -0.266003  0.574536
 0.293741 -0.265485  0.574227
0.293895 -0.26497 0.573914
  0.29405 -0.264453  0.573607
0.294202 -0.26394 0.573294
 0.294354 -0.263428  0.572984
 0.294506 -0.262914  0.572676
 0.294656 -0.262403  0.572366
 0.294807 -0.261895  0.572057
 0.294954 -0.261386  0.571749
 0.295102 -0.260876  0.571445
0.295246 -0.26037 0.571136
 0.295391 -0.259866  0.570828
 0.295535 -0.259363  0.570521
 0.295678 -0.258859  0.570215
 0.295834 -0.258331  0.569905
0.295974 -0.25783 0.569599
0.296116 -0.25733 0.569295
 0.296255 -0.256828  0.568988
 0.296396 -0.256328  0.568687
0.296534 -0.25583 0.568378
 0.296673 -0.255329  0.568075
 0.296812 -0.254831  0.567772
  0.29695 -0.254334  0.567467
 0.297087 -0.253835  0.567166
 0.297224 -0.253339  0.566861
 0.297362 -0.252838  0.566564
 0.297485 -0.252369  0.566265
 0.297621 -0.251874  0.565964
 0.297758 -0.251379  0.565665
 0.297893 -0.250882  0.565367
 0.298029 -0.250388   0.56507
 0.298164 -0.249898  0.564771
   0.2983 -0.249404  0.564478
 0.298432 -0.248912  0.564182
 0.298576 -0.248396  0.563884
 0.298697 -0.247936  0.563597
 0.298829 -0.247452  0.563305
  0.29896 -0.246968  0.563016
 0.299089 -0.246489  0.562727
  0.29923 -0.245985  0.562437
 0.299344 -0.245541  0.562154
 0.299471 -0.245073  0.561873
 0.299594 -0.244611  0.561586
0.299717 -0.24415 0.561305
 0.299838 -0.243696  0.561026
 0.299957 -0.243245  0.560748
 0.300086 -0.242776  0.560468
 0.300202 -0.242336  0.560192
0.300319  -0.2419 0.559922
 0.300441 -0.241446   0.55964
 0.300544 -0.241028  0.559359
 0.300655 -0.240611  0.559092
 0.300762 -0.240201  0.558826
  0.30087 -0.239792  0.558564
 0.300976 -0.239391  0.558302
 0.301081 -0.238993  0.558046
 0.301184 -0.238604  0.557786
 0.301288 -0.238217  0.557535
 0.301389 -0.237835  0.557279
0.301489 -0.23746 0.557028
 0.301591 -0.237087  0.556779
 0.301698 -0.236702  0.556523
 0.301789 -0.236353  0.556288
 0.301895 -0.235976  0.556036
 0.301994 -0.235618  0.555797
 0.302091 -0.235265  0.555555
 0.302188 -0.234912  0.555318
 0.302286 -0.234563  0.555082
 0.302382 -0.234215  0.554848
  0.30248 -0.233874  0.554616
 0.302575 -0.233533  0.554386
 0.302673 -0.233195  0.554159
 0.302768 -0.232861   0.55393
  0.30287 -0.232508  0.553698
 0.302963 -0.232176  0.553478
 0.303058 -0.231854  0.553255
 0.303152 -0.231533  0.553037
 0.303238 -0.231222  0.552813
  0.30333 -0.230909    0.5526
  0.30342 -0.230602  0.552385
 0.303512 -0.230295  0.552178
 0.303599 -0.229997  0.551966
 0.303687 -0.229704  0.551759
 0.303774 -0.229413  0.551556
 0.30386 -0.22913 0.551353
 0.303945 -0.228853  0.551154
0.304029 -0.22858 0.550955
 0.304113 -0.228313  0.550761
 0.304192 -0.228049  0.550568
 0.304273 -0.227794  0.550377
 0.304352 -0.227544  0.550188
 0.304437 -0.227278  0.549996
 0.304515 -0.227039  0.549812
 0.304591 -0.226804   0.54963
 0.304667 -0.226577  0.549452
  0.30474 -0.226356  0.549273
 0.304815 -0.226137  0.549102
 0.304886 -0.225927  0.548925
0.304958 -0.22572 0.548755
0.305029 -0.22552 0.548587
0.305103 -0.22531 0.548415
 0.305173 -0.225117  0.548253
 0.305241 -0.224933   0.54809
 0.305311 -0.224752  0.547934
 0.305377 -0.224574  0.547775
 0.305444 -0.224403   0.54762
 0.305511 -0.224236  0.547468
 0.305577 -0.224071  0.547318
 0.305643 -0.223923  0.547168
 0.305708 -0.223767  0.547022
 0.305774 -0.223616  0.546881
 0.305838 -0.223469  0.546738
 0.305904 -0.223323  0.546604
 0.305967 -0.223184  0.546464
 0.306031 -0.223049   0.54633
 0.306095 -0.222915  0.546199
 0.306157 -0.222787  0.546069
 0.306224 -0.222654  0.545935
 0.306285 -0.222534  0.545808
 0.306348 -0.222416  0.545688
 0.306408 -0.222305  0.545564
 0.306468 -0.222197  0.545445
 0.306528 -0.222092   0.54533
 0.306587 -0.221994  0.545215
 0.306646 -0.221899  0.545104
 0.306703 -0.221808  0.544993
  0.30676 -0.221721  0.544888
 0.306816 -0.221641  0.544779
 0.306873 -0.221553  0.544672
0.306928 -0.22148 0.544571
 0.306981 -0.221409  0.544471
 0.307035 -0.221344  0.544374
 0.307087 -0.221283  0.544277
 0.307141 -0.221222  0.544185
 0.307191 -0.221167  0.544091
 0.307245 -0.221114  0.544004
 0.307294 -0.221064  0.543912
 0.307344 -0.221016  0.543824
 0.307395 -0.220971  0.543738
 0.307445 -0.220927  0.543654
 0.307497 -0.220897  0.543572
 0.307546 -0.220858  0.543488
 0.307597 -0.220816  0.543411
 0.307646 -0.220779   0.54333
 0.307696 -0.220742  0.543252
 0.307748 -0.220691  0.543172
 0.307795 -0.220669  0.543101
 0.307847 -0.220626  0.543025
 0.307899 -0.220577  0.542948
  0.30795 -0.220539  0.542879
 0.307999 -0.220507  0.542806
 0.308051 -0.220471  0.542741
   0.3081 -0.220436   0.54267
  0.30815 -0.220404  0.542602
   0.3082 -0.220371  0.542537
  0.30825 -0.220338  0.542473
   0.3083 -0.220307   0.54241
 0.308349 -0.220276  0.542348
   0.3084 -0.220247  0.542289
 0.308448 -0.220222  0.542226
 0.308496 -0.220195  0.542168
 0.308545 -0.220172  0.542111
0.308593 -0.22015 0.542054
 0.308641 -0.220127     0.542
 0.308687 -0.220109  0.541945
 0.308735 -0.220091  0.541894
  0.30878 -0.220075   0.54184
 0.308826 -0.220062  0.541788
 0.308874 -0.220062   0.54174
 0.308918 -0.220049  0.541691
0.308963 -0.22004 0.541643
 0.309007 -0.220033  0.541594
 0.309052 -0.220025  0.541549
0.309095 -0.22002 0.541502
 0.309139 -0.220013   0.54146
 0.309181 -0.220007  0.541411
0.309225    -0.22 0.541362
 0.309267 -0.219998  0.541319
 0.309309 -0.219997  0.541276
 0.309352 -0.219994  0.541235
 0.309394 -0.219993  0.541193
 0.309437 -0.219989  0.541155
 0.309478 -0.219989  0.541113
  0.30952 -0.219988  0.541073
 0.309562 -0.219984  0.541035
 0.309604 -0.219983  0.540997
 0.309646 -0.219981   0.54096
 0.309688 -0.219978  0.540922
 0.309731 -0.219975  0.540887
 0.309773 -0.219973  0.540849
 0.309818 -0.219979  0.540819
 0.309859 -0.219977  0.540781
 0.309901 -0.219972  0.540747
0.309943 -0.21997 0.540714
 0.309985 -0.219963  0.540678
 0.310028 -0.219958  0.540647
 0.310069 -0.219955  0.540613
 0.310114 -0.219938  0.540582
 0.310155 -0.219936  0.540548
 0.310196 -0.219934  0.540516
0.310237 -0.21993 0.540486
 0.310277 -0.219929  0.540455
 0.310318 -0.219926  0.540427
 0.310357 -0.219926  0.540396
 0.310398 -0.219926  0.540368
 0.310436 -0.219926  0.540339
 0.310477 -0.219927  0.540314
 0.310514 -0.219932  0.540282
 0.310552 -0.219935  0.540255
  0.31059 -0.219939  0.540228
 0.310629 -0.219954    0.5402
 0.310667 -0.219958  0.540175
 0.310703 -0.219966  0.540147
 0.310741 -0.219971  0.540124
 0.310776 -0.219981  0.540096
 0.310812 -0.219986  0.540067
 0.310848 -0.219996  0.540042
 0.310884 -0.220006  0.540017
  0.31092 -0.220013  0.539993
 0.310955 -0.220023  0.539968
0.310991 -0.22003 0.539946
0.311025 -0.22004  0.53992
 0.311062 -0.220047  0.539899
 0.311096 -0.220055  0.539873
 0.311131 -0.220064  0.539849
 0.311167 -0.220071  0.539826
 0.311202 -0.220076  0.539803
 0.311238 -0.220083  0.539782
0.311273 -0.22009 0.539757
  0.31131 -0.220092  0.539738
 0.311344 -0.220098  0.539713
 0.311379 -0.220101  0.539692
 0.311415 -0.220106   0.53967
 0.31145 -0.22011 0.539647
 0.311486 -0.220111  0.539627
 0.311521 -0.220115  0.539605
 0.311559 -0.220126  0.539584
 0.311593 -0.220128  0.539562
0.311629 -0.22013 0.539545
 0.311663 -0.220135   0.53952
 0.311697 -0.220137    0.5395
0.311732 -0.22014  0.53948
 0.311765 -0.220143  0.539459
   0.3118 -0.220147   0.53944
 0.311835 -0.220139  0.539418
 0.311867 -0.220154  0.539402
 0.311902 -0.220151  0.539378
 0.311934 -0.220154  0.539359
 0.311967 -0.220161  0.539339
 0.311999 -0.220166   0.53932
 0.312031 -0.220173  0.539301
 0.312062 -0.220182   0.53928
 0.312095 -0.220187  0.539264
 0.312125 -0.220197  0.539242
 0.312156 -0.220207  0.539222
 0.312187 -0.220214  0.539204
 0.312217 -0.220225  0.539185
 0.312248 -0.220236  0.539167
 0.312278 -0.220245  0.539148
 0.312309 -0.220255  0.539131
 0.312338 -0.220264  0.539111
  0.31237 -0.220274  0.539096
 0.312398 -0.220286  0.539074
 0.312428 -0.220295  0.539057
 0.312459 -0.220305  0.539039
 0.312488 -0.220315  0.539016
 0.312519 -0.220322  0.539003
 0.312548 -0.220332  0.538983
 0.312579 -0.220338  0.538969
 0.312609 -0.220357  0.538949
 0.312639 -0.220366  0.538931
  0.31267 -0.220389  0.538929
   0.3127 -0.220378  0.538893
  0.31273 -0.220383  0.538877
 0.31276 -0.22039 0.538858
 0.312791 -0.220393  0.538843
  0.31282 -0.220418  0.538838
 0.312851 -0.220404  0.538808
 0.312879 -0.220409  0.538788
 0.312909 -0.220414   0.53877
 0.312939 -0.220437  0.538768
 0.312968 -0.220439  0.538751
 0.312998 -0.220443  0.538735
 0.313027 -0.220448  0.538715
 0.313057 -0.220432  0.538685
 0.313086 -0.220454  0.538681
0.313114 -0.22044 0.538648
 0.313143 -0.220444   0.53863
 0.313171 -0.220449  0.538612
   0.3132 -0.220452  0.538596
 0.313228 -0.220475  0.538594
0.313257 -0.22048 0.538578
 0.313283 -0.220468  0.538543
  0.31331 -0.220474  0.538525
 0.313339 -0.220495  0.538526
 0.313364 -0.220487  0.538492
0.313393 -0.22051 0.538492
 0.313418 -0.220501  0.538458
 0.313445 -0.220509  0.538443
 0.313471 -0.220518  0.538423
 0.313499 -0.220523  0.538411
 0.313524 -0.220534  0.538391
 0.313549 -0.220544  0.538374
 0.313576 -0.220552   0.53836
 0.313602 -0.220561  0.538343
 0.313628 -0.220568  0.538329
 0.313654 -0.220578  0.538312
 0.313682 -0.220596  0.538299
 0.313706 -0.220604  0.538282
 0.313737 -0.220614  0.538284
 0.313763 -0.220623  0.538269
 0.313789 -0.220632  0.538253
 0.313816 -0.220637  0.538239
 0.313841 -0.220646  0.538223
 0.313868 -0.220653  0.538209
 0.313891 -0.220647  0.538175
 0.313918 -0.220652  0.538162
 0.313943 -0.220658  0.538143
 0.313969 -0.220664  0.538126
 0.313995 -0.220669   0.53811
  0.31402 -0.220672  0.538094
 0.314049 -0.220691  0.538097
 0.314072 -0.220681  0.538058
 0.314099 -0.220682  0.538045
 0.314123 -0.220688  0.538026
  0.31415 -0.220705  0.538029
 0.314174 -0.220696  0.537994
 0.314199 -0.220701  0.537978
 0.314226 -0.220719  0.537983
0.314249 -0.22071 0.537947
 0.314275 -0.220716  0.537933
   0.3143 -0.220735  0.537935
 0.314325 -0.220743  0.537921
 0.314348 -0.220734  0.537888
 0.314371 -0.220742  0.537872
 0.314396 -0.220749  0.537857
 0.314419 -0.220755  0.537842
 0.314447 -0.220774  0.537847
  0.31447 -0.220783   0.53783
 0.314495 -0.220788   0.53782
 0.314514 -0.220784   0.53778
 0.314537 -0.220791  0.537765
  0.31456 -0.220799   0.53775
 0.314583 -0.220807  0.537734
 0.314607 -0.220813  0.537721
  0.31463 -0.220821  0.537704
 0.314654 -0.220828  0.537691
 0.314676 -0.220834  0.537674
  0.3147 -0.22085 0.537659
 0.314723 -0.220855  0.537646
 0.314747 -0.220861  0.537629
 0.314771 -0.220865  0.537616
 0.314794 -0.220872    0.5376
 0.314818 -0.220878  0.537587
  0.31484 -0.220881   0.53757
 0.314865 -0.220885  0.537559
 0.314887 -0.220889  0.537542
  0.31491 -0.220894  0.537527
 0.314934 -0.220899  0.537513
 0.314958 -0.220901  0.537499
 0.314982 -0.220905  0.537486
0.315004 -0.22091  0.53747
 0.315029 -0.220911   0.53746
 0.315051 -0.220915  0.537443
   0.3151 -0.220932  0.537436
   0.3151 -0.220932  0.537436
 0.315119 -0.220928  0.537404
  0.31514 -0.220935  0.537392
0.315162 -0.22094 0.537376
 0.315186 -0.220941  0.537365
 0.315207 -0.220947  0.537349
 0.315229 -0.220952  0.537334
 0.315251 -0.220955   0.53732
 0.315273 -0.220961  0.537306
 0.315295 -0.220967  0.537292
 0.315317 -0.220971  0.537277
 0.315339 -0.220976  0.537265
  0.31536 -0.220981  0.537249
 0.315381 -0.220987  0.537235
 0.315403 -0.220994  0.537221
 0.315424 -0.220998  0.537207
 0.315445 -0.221004  0.537194
 0.315469 -0.221022    0.5372
 0.315494 -0.221028  0.537181
 0.315514 -0.221033  0.537167
 0.315536 -0.221039  0.537155
 0.315556 -0.221047  0.537139
 0.315577 -0.221051  0.537125
 0.315598 -0.221058  0.537112
 0.315619 -0.221062  0.537098
  0.31564 -0.221068  0.537084
  0.31566 -0.221075  0.537069
 0.315682 -0.221078  0.537057
 0.315702 -0.221084  0.537041
 0.315724 -0.221089   0.53703
 0.315743 -0.221093  0.537013
 0.315764 -0.221099  0.536998
 0.315785 -0.221101  0.536985
 0.315805 -0.221107   0.53697
 0.315826 -0.221111  0.536956
 0.315846 -0.221114  0.536942
 0.315869 -0.221118   0.53693
 0.315888 -0.221123  0.536913
 0.315908 -0.221126    0.5369
0.315929 -0.22113 0.536886
  0.31595 -0.221133  0.536872
 0.315971 -0.221138  0.536859
 0.315991 -0.221143  0.536844
 0.316013 -0.221145  0.536834
 0.316032 -0.221151  0.536818
 0.316053 -0.221153  0.536804
 0.316074 -0.221158  0.536791
 0.316094 -0.221161  0.536778
 0.316114 -0.221165  0.536763
 0.316134 -0.221171  0.536749
 0.316155 -0.221174  0.536738
0.316174 -0.22118 0.536723
 0.316196 -0.221185  0.536713
 0.316214 -0.221198  0.536698
 0.316233 -0.221196  0.536684
 0.316253 -0.221199  0.536673
 0.316273 -0.221213  0.536659
 0.316294 -0.221219  0.536647
 0.316312 -0.221223  0.536634
 0.316333 -0.221228  0.536623
 0.316351 -0.221235  0.536608
 0.316371 -0.221238  0.536595
  0.31639 -0.221244  0.536583
 0.316409 -0.221248   0.53657
 0.316429 -0.221253  0.536558
 0.316448 -0.221259  0.536544
 0.316468 -0.221261  0.536533
 0.316486 -0.221267  0.536519
 0.316505 -0.221272  0.536505
 0.316524 -0.221275  0.536493
0.316543 -0.22128  0.53648
 0.316563 -0.221282  0.536468
 0.316582 -0.221286  0.536455
0.316602 -0.22129 0.536444
  0.31662 -0.221293  0.536429
 0.316639 -0.221297  0.536416
 0.316658 -0.221301  0.536403
 0.316677 -0.221296  0.536391
 0.316697 -0.221306  0.536379
 0.316715 -0.221308  0.536366
 0.316736 -0.221311  0.536356
 0.316753 -0.221317   0.53634
 0.316772 -0.221319  0.536328
 0.316791 -0.221323  0.536316
  0.31681 -0.221328  0.536303
0.316829 -0.22133 0.536293
 0.316847 -0.221334  0.536279
 0.316865 -0.221337  0.536267
 0.316884 -0.221342  0.536255
 0.316902 -0.221347  0.536242
0.316921 -0.22135 0.536231
 0.316939 -0.221355  0.536218
0.316958 -0.22136 0.536208
 0.316975 -0.221364  0.536194
 0.316993 -0.221369  0.536182
 0.317012 -0.221372  0.536171
 0.317032 -0.221369   0.53616
 0.317048 -0.221383  0.536148
 0.317065 -0.221387  0.536135
0.317085 -0.22138 0.536123
 0.317103 -0.221385  0.536111
 0.317121 -0.221391  0.536099
 0.317139 -0.221394  0.536089
 0.317156 -0.221399  0.536075
 0.317176 -0.221411  0.536066
 0.317192 -0.221415  0.536052
 0.31721 -0.22142  0.53604
 0.317228 -0.221423   0.53603
 0.317245 -0.221429  0.536017
 0.317263 -0.221434  0.536006
  0.31728 -0.221437  0.535994
   0.3173 -0.221441  0.535985
 0.317315 -0.221447   0.53597
0.317333 -0.22145 0.535959
 0.317351 -0.221454  0.535948
 0.317368 -0.221457  0.535936
0.317386 -0.22146 0.535926
 0.317403 -0.221466  0.535912
  0.31742 -0.221467  0.535901
 0.317438 -0.221471  0.535889
 0.317455 -0.221473  0.535878
 0.317474 -0.221476  0.535867
 0.317491 -0.221478  0.535855
 0.31751 -0.22148 0.535844
 0.317525 -0.221485  0.535829
 0.317542 -0.221487  0.535818
  0.31756 -0.221497  0.535807
 0.317577 -0.221499  0.535795
 0.317595 -0.221503  0.535785
 0.317611 -0.221508  0.535772
0.317628 -0.22151 0.535761
 0.317646 -0.221514   0.53575
 0.317662 -0.221517  0.535739
  0.31768 -0.221521  0.535729
 0.317696 -0.221526  0.535716
 0.317714 -0.221528  0.535709
 0.317729 -0.221534  0.535695
 0.317746 -0.221539  0.535683
 0.317763 -0.221541  0.535673
 0.317779 -0.221546  0.535662
 0.317797 -0.221548  0.535653
 0.317813 -0.221553   0.53564
 0.317829 -0.221558  0.535629
0.317846 -0.22156 0.535619
 0.317862 -0.221565  0.535608
 0.317879 -0.221567  0.535598
 0.317895 -0.221572  0.535586
 0.317913 -0.221575  0.535578
 0.317928 -0.221578  0.535565
 0.317944 -0.221582  0.535554
 0.317964 -0.221575  0.535546
 0.31798 -0.22158 0.535534
0.317997 -0.22158 0.535523
 0.318012 -0.221585  0.535511
 0.318028 -0.221589  0.535499
 0.318045 -0.221591  0.535489
 0.318061 -0.221601  0.535478
 0.318078 -0.221603  0.535469
 0.318093 -0.221608  0.535457
  0.31811 -0.221612  0.535448
 0.318125 -0.221614  0.535435
 0.318141 -0.221619  0.535424
 0.318157 -0.221621  0.535415
 0.318172 -0.221626  0.535403
0.318189 -0.22163 0.535393
 0.318204 -0.221633  0.535382
 0.318222 -0.221636  0.535375
 0.318236 -0.221642  0.535361
 0.318251 -0.221645   0.53535
 0.318267 -0.221649   0.53534
 0.318282 -0.221651   0.53533
 0.318299 -0.221655  0.535321
0.318314 -0.22166 0.535308
 0.318329 -0.221662  0.535298
 0.318345 -0.221666  0.535288
  0.31836 -0.221669  0.535278
 0.318377 -0.221673  0.535268
 0.318392 -0.221675  0.535255
 0.318409 -0.221678  0.535247
0.318423 -0.22169 0.535233
 0.318438 -0.221692  0.535223
 0.318454 -0.221696  0.535213
 0.318469 -0.221698  0.535203
 0.318485 -0.221702  0.535195
   0.3185 -0.221707  0.535182
 0.318515 -0.221709  0.535172
  0.31853 -0.221713  0.535163
 0.318546 -0.221715  0.535153
 0.318561 -0.221718  0.535143
 0.318576 -0.221723  0.535132
 0.318593 -0.221723  0.535125
 0.318607 -0.221727  0.535112
 0.318622 -0.221729  0.535103
 0.318638 -0.221732  0.535093
 0.318653 -0.221735  0.535082
 0.318669 -0.221736  0.535075
 0.318684 -0.221739  0.535063
 0.318699 -0.221743  0.535052
 0.318715 -0.221744  0.535044
  0.31873 -0.221747  0.535033
 0.318745 -0.221747  0.535025
  0.31876 -0.221751  0.535014
 0.318776 -0.221754  0.535006
  0.31879 -0.221756  0.534994
 0.318805 -0.221759  0.534984
 0.31882 -0.22176 0.534975
 0.318834 -0.221764  0.534964
  0.31885 -0.221767  0.534956
 0.318866 -0.221761  0.534947
 0.318878 -0.221773  0.534934
 0.318894 -0.221766  0.534925
0.318909 -0.22177 0.534915
 0.318924 -0.221778  0.534906
 0.318938 -0.221783  0.534895
 0.318953 -0.221787  0.534887
0.318966 -0.22179 0.534876
  0.31898 -0.221795  0.534866
 0.318995 -0.221797  0.534857
 0.319009 -0.221802  0.534847
 0.319023 -0.221807  0.534838
0.319037 -0.22181 0.534828
