6.91414e-06
0.00958085
0.0196431
0.029701
0.039763
0.0498199
0.059876
0.069932
0.080004
0.09006
0.100116
0.110178
0.120235
0.130291
0.14035
0.150405
0.160461
0.170516
0.180571
0.190627
0.200685
0.210742
0.220798
0.230886
0.240942
0.250997
0.261053
0.271108
0.281163
0.291217
0.301272
0.311328
0.321383
0.33144
0.341506
0.351566
0.361622
0.371676
0.381732
0.39179
0.401847
0.411903
0.422223
0.432278
0.442335
0.45239
0.462446
0.472502
0.482558
0.492614
0.50267
0.512726
0.522781
0.532839
0.542893
0.552949
0.563002
0.573057
0.583113
0.593168
0.603225
0.613281
0.623336
0.633391
0.643447
0.653503
0.663559
0.673616
0.683672
0.693727
0.703782
0.713839
0.723894
0.733949
0.744006
0.754059
0.764113
0.774169
0.784224
0.79428
0.804336
0.814391
0.824447
0.834504
0.844559
0.854616
0.864671
0.874727
0.884784
0.894841
0.904896
0.914915
0.92497
0.935026
0.945083
0.955138
0.965194
0.975251
0.985306
0.995364
1.00542
1.01548
1.02553
1.03559
1.04565
1.0557
1.06575
1.07581
1.08586
1.09592
1.10597
1.11602
1.12608
1.13613
1.14619
1.15624
1.1663
1.17636
1.18641
1.19647
1.20653
1.21658
1.22664
1.23669
1.24675
1.2568
1.26686
1.27692
1.28697
1.29703
1.30708
1.31714
1.32719
1.33725
1.3473
1.35736
1.36741
1.37747
1.38753
1.39758
1.40764
1.41769
1.42775
1.4378
1.44786
1.45791
1.46797
1.47803
1.48808
1.49814
1.50819
1.51825
1.5283
1.53836
1.54841
1.55847
1.56853
1.57859
1.58864
1.5987
1.60875
1.61881
1.62886
1.63892
1.64899
1.65904
1.6691
1.67915
1.68921
1.69927
1.70932
1.71938
1.72943
1.73949
1.74955
1.7596
1.76966
1.77971
1.78977
1.79982
1.80988
1.81994
1.82999
1.84005
1.8501
1.86016
1.87021
1.88027
1.89033
1.90038
1.91044
1.9205
1.93055
1.94063
1.95073
1.96078
1.97084
1.9809
1.99095
2.00101
2.01107
2.02112
2.03118
2.04123
2.05129
2.06135
2.07141
2.08147
2.09152
2.10158
2.11163
2.12169
2.13175
2.1418
2.15186
2.16191
2.17197
2.18202
2.19208
2.20214
2.21219
2.22225
2.23231
2.24236
2.25242
2.26252
2.27257
2.28263
2.29268
2.30274
2.31279
2.32285
2.33291
2.34299
2.35304
2.3631
2.37316
2.38323
2.39329
2.40334
2.4134
2.42346
2.43351
2.44356
2.45363
2.46368
2.47374
2.48379
2.49385
2.50391
2.51396
2.52402
2.53408
2.54413
2.55419
2.56424
2.5743
2.58435
2.59441
2.60447
2.61452
2.62458
2.63463
2.64469
2.65474
2.6648
2.67485
2.68491
2.69496
2.70502
2.71508
2.72514
2.7352
2.74525
2.75531
2.76536
2.77546
2.78547
2.79553
2.80558
2.81564
2.8257
2.83575
2.84581
2.85586
2.86592
2.87597
2.88603
2.89608
2.90614
2.91619
2.92625
2.93631
2.94636
2.95642
2.96647
2.97653
2.98658
2.99665
3.00671
3.01676
3.02682
3.03687
3.04693
3.05699
3.06704
3.0771
3.08715
3.09721
3.10728
3.11733
3.12739
3.1374
3.14749
3.15753
3.16759
3.17764
3.1877
3.19776
3.20781
3.21787
3.22793
3.23798
3.24804
3.25809
3.26815
3.27821
3.28828
3.29834
3.30839
3.31844
3.3285
3.33856
3.34861
3.35866
3.36872
3.37878
3.38883
3.39889
3.40894
3.41921
3.42927
3.43932
3.44938
3.45943
3.4695
3.47955
3.48962
3.49968
3.50973
3.51979
3.52985
3.53991
3.54996
3.56002
3.57008
3.58013
3.59019
3.60025
3.6103
3.62037
3.63042
3.64048
3.65053
3.66059
3.67064
3.6807
3.69075
3.70081
3.71087
3.72092
3.73097
3.74103
3.75109
3.76114
3.7712
3.78125
3.79131
3.80136
3.81141
3.82147
3.83153
3.84158
3.85164
3.8617
3.87176
3.88181
3.89187
3.90192
3.91198
3.92203
3.93209
3.94214
3.9522
3.96228
3.97234
3.98239
3.99245
4.0025
4.01256
4.02261
4.03267
4.04272
4.05277
4.06283
4.07288
4.08294
4.093
4.10305
4.11311
4.12317
4.13322
4.14328
4.15334
4.1634
4.17345
4.18351
4.19356
4.20362
4.21367
4.22373
4.23378
4.24384
4.25391
4.26396
4.27402
4.28407
4.29413
4.30418
4.31424
4.3243
4.33435
4.34441
4.35446
4.36452
4.37457
4.38463
4.39469
4.40475
4.4148
4.42486
4.43492
4.44497
4.45502
4.46508
4.47513
4.48519
4.49524
4.5053
4.51536
4.52541
4.53547
4.54554
4.55559
4.56565
4.57571
4.58576
4.59582
4.60587
4.61593
4.62599
4.63604
4.6461
4.65615
4.66621
4.67626
4.68632
4.69638
4.70643
4.71649
4.72656
4.73662
4.74667
4.75673
4.76678
4.77684
4.78689
4.79695
4.807
4.81706
4.82712
4.83717
4.84723
4.8573
4.86735
4.87741
4.88747
4.89752
4.90758
4.91759
4.92765
4.93771
4.94777
4.95782
4.96788
4.97793
4.98799
4.99804
5.0081
5.01816
5.02821
5.03827
5.04833
5.05838
5.06843
5.07849
5.08854
5.0986
5.10866
5.11871
5.12877
5.13882
5.14887
5.15894
5.16906
5.17912
5.18917
5.19922
5.20928
5.21933
5.22939
5.23944
5.24949
5.25956
5.26962
5.27967
5.28973
5.29978
5.30983
5.31989
5.32994
5.34
5.35005
5.36011
5.37016
5.38022
5.39028
5.40033
5.41039
5.42047
5.43053
5.44058
5.45061
5.46067
5.47074
5.4808
5.49084
5.50089
5.51104
5.5211
5.53115
5.54125
5.55131
5.56136
5.57142
5.58148
5.59154
5.6016
5.61165
5.62171
5.63176
5.6419
5.652
5.66206
5.67211
5.68228
5.69234
5.7024
5.71245
5.72251
5.73256
5.74262
5.75267
5.76273
5.77278
5.78284
5.79289
5.80295
5.81301
5.82306
5.83337
5.84343
5.85388
5.86393
5.874
5.88406
5.89412
5.9042
5.91428
5.92436
5.93441
5.94447
5.95449
5.96455
5.9746
5.98465
5.99471
6.00477
6.01483
6.02489
6.03494
6.045
6.05505
6.06511
6.07516
6.08522
6.09527
6.10533
6.11538
6.12544
6.13549
6.14555
6.1556
6.16566
6.17571
6.18577
6.19582
6.20588
6.21593
6.22599
6.23604
6.2461
6.25615
6.26621
6.27626
6.28632
6.29637
6.30643
6.31648
6.32654
6.33659
6.34665
6.3567
6.36676
6.37681
6.38689
6.39696
6.40701
6.41708
6.42715
6.43721
6.44726
6.45733
6.46739
6.47744
6.48749
6.49755
6.50761
6.51767
6.52772
6.53779
6.54785
6.5579
6.56793
6.57798
6.58804
6.59809
6.60815
6.61821
6.62826
6.63832
6.64839
6.65845
6.6685
6.67856
6.68861
6.69866
6.70872
6.71877
6.72883
6.73889
6.74894
6.759
6.76905
6.77911
6.78917
6.79922
6.80928
6.81933
6.82939
6.83945
6.8495
6.85956
6.86962
6.87967
6.88973
6.89978
6.90984
6.9199
6.92997
6.94002
6.95008
6.96013
6.9702
6.98025
6.99031
7.00036
7.01042
7.02048
7.03053
7.04059
7.05064
7.0607
7.07075
7.08081
7.09086
7.10092
7.11097
7.12103
7.13109
7.14115
7.1512
7.16126
7.17133
7.18138
7.19144
7.20149
7.21155
7.22161
7.23166
7.24172
7.25178
7.26183
7.27188
7.28194
7.292
7.30205
7.31211
7.32216
7.33222
7.3423
7.35235
7.36241
7.37247
7.38253
7.3926
7.40265
7.41272
7.4228
7.43286
7.44291
7.45297
7.46303
7.4731
7.48316
7.49323
7.50329
7.51335
7.52341
7.53346
7.54353
7.55359
7.56365
7.57371
7.58378
7.59383
7.60391
7.61397
7.62402
7.63408
7.64413
7.6542
7.66427
7.67433
7.68439
7.69444
7.70452
7.71455
7.72461
7.73467
7.74472
7.75478
7.76483
7.77489
7.78495
7.795
7.80505
7.81512
7.82518
7.83523
7.8453
7.85535
7.86541
7.87548
7.88553
7.89559
7.90564
