 0.016868 -0.105389  0.508474
 0.016868 -0.105389  0.508474
0.0168692 -0.105391  0.508471
0.0168728 -0.105398  0.508464
0.0168789  -0.10541  0.508451
0.0168873 -0.105426  0.508434
0.0168982 -0.105447  0.508411
0.0169271 -0.105503   0.50835
0.0169452 -0.105538  0.508312
0.0169452 -0.105538  0.508312
0.0169656 -0.105578  0.508269
0.0169885 -0.105622  0.508221
0.0170138 -0.105671  0.508168
0.0170416 -0.105725   0.50811
0.0170717 -0.105783  0.508046
0.0171043 -0.105847  0.507978
0.0171392 -0.105914  0.507905
0.0171766 -0.105987  0.507826
0.0172583 -0.106145  0.507655
0.0173029 -0.106231  0.507561
  0.01735 -0.106323  0.507463
  0.01735 -0.106323  0.507463
0.0173994 -0.106418  0.507359
0.0174512 -0.106519   0.50725
0.0175621 -0.106734  0.507017
0.0175621 -0.106734  0.507017
0.0176213 -0.106848  0.506893
0.0176827 -0.106967  0.506764
0.0177466 -0.107091   0.50663
0.0178128  -0.10722  0.506491
0.0178815 -0.107353  0.506347
0.0179526  -0.10749  0.506198
0.0180261 -0.107633  0.506043
0.0181021  -0.10778  0.505884
0.0181804 -0.107932   0.50572
0.0182611 -0.108088   0.50555
0.0183443  -0.10825  0.505375
  0.01843 -0.108415  0.505196
 0.018518 -0.108586  0.505011
0.0186084 -0.108761  0.504821
0.0187011 -0.108941  0.504627
0.0187963 -0.109125  0.504427
 0.018994 -0.109508  0.504012
0.0190961 -0.109706  0.503798
0.0192009 -0.109909  0.503578
0.0193077 -0.110116  0.503354
0.0194173 -0.110329  0.503124
0.0195293 -0.110546  0.502888
0.0196439 -0.110768  0.502648
0.0197607 -0.110994  0.502403
  0.01988 -0.111225  0.502152
0.0200017 -0.111461  0.501897
0.0201257 -0.111702  0.501637
0.0202524 -0.111947  0.501371
0.0203813 -0.112197    0.5011
0.0205127 -0.112451  0.500824
0.0206464  -0.11271  0.500544
0.0207827 -0.112975  0.500258
0.0209214 -0.113243  0.499967
0.0210624 -0.113517  0.499671
0.0212057 -0.113794   0.49937
0.0213515 -0.114077  0.499064
0.0214997 -0.114364  0.498753
0.0216503 -0.114656  0.498437
0.0218033 -0.114952  0.498116
0.0219587 -0.115253   0.49779
0.0221165 -0.115559  0.497458
0.0222767  -0.11587  0.497122
0.0224394 -0.116185  0.496781
0.0226046 -0.116505  0.496434
0.0227721  -0.11683  0.496082
 0.022942 -0.117159  0.495726
0.0231143 -0.117493  0.495364
 0.023289 -0.117831  0.494997
0.0234662 -0.118175  0.494626
0.0236457 -0.118523  0.494249
0.0238277 -0.118875  0.493867
0.0240121 -0.119233   0.49348
 0.024199 -0.119595  0.493088
0.0243884 -0.119962   0.49269
0.0245801 -0.120333  0.492287
0.0247743 -0.120709   0.49188
0.0249709  -0.12109  0.491467
0.0251697 -0.121476   0.49105
0.0253709 -0.121866  0.490628
0.0255745  -0.12226    0.4902
0.0257806 -0.122659  0.489768
 0.025989 -0.123063  0.489331
0.0261999 -0.123472  0.488888
0.0261999 -0.123472  0.488888
0.0266293 -0.124304  0.487987
0.0268476 -0.124727  0.487528
0.0270681 -0.125154  0.487066
 0.027291 -0.125586  0.486598
0.0275163 -0.126023  0.486125
0.0277441 -0.126464  0.485647
0.0279742  -0.12691  0.485164
 0.028207 -0.127361  0.484675
 0.028442 -0.127817  0.484182
0.0286796 -0.128277  0.483683
0.0289192 -0.128741   0.48318
0.0291588 -0.129206  0.482678
0.0291588 -0.129206  0.482678
0.0293996 -0.129672  0.482172
 0.029879 -0.130601  0.481166
 0.029879 -0.130601  0.481166
0.0301186 -0.131066  0.480663
0.0303581  -0.13153   0.48016
0.0308372 -0.132458  0.479155
0.0310768 -0.132922  0.478652
0.0313163 -0.133387  0.478149
0.0315559 -0.133851  0.477646
0.0317955 -0.134315  0.477144
 0.032035 -0.134779  0.476641
0.0322746 -0.135243  0.476138
0.0325146 -0.135708  0.475634
0.0327544 -0.136173  0.475131
 0.032994 -0.136637  0.474628
 0.032994 -0.136637  0.474628
0.0332338 -0.137102  0.474125
0.0334737 -0.137567  0.473621
0.0339528 -0.138495  0.472616
0.0339528 -0.138495  0.472616
0.0341923  -0.13896  0.472113
0.0344319 -0.139424   0.47161
0.0346715 -0.139888  0.471107
 0.034911 -0.140352  0.470605
0.0351506 -0.140816  0.470102
0.0353902 -0.141281  0.469599
0.0356298 -0.141745  0.469096
0.0358694 -0.142209  0.468593
0.0361092 -0.142674   0.46809
0.0363488 -0.143138  0.467587
0.0365884 -0.143603  0.467084
0.0368277 -0.144066  0.466582
0.0370651 -0.144526  0.466084
   0.0373 -0.144982  0.465591
0.0375325 -0.145432  0.465103
0.0377626 -0.145878   0.46462
0.0379903 -0.146319  0.464142
0.0384385 -0.147188  0.463201
 0.038659 -0.147615  0.462738
 0.038877 -0.148038  0.462281
0.0390929 -0.148456  0.461828
0.0390929 -0.148456  0.461828
0.0393062 -0.148869   0.46138
 0.039517 -0.149278  0.460937
0.0397254 -0.149682    0.4605
0.0399314 -0.150081  0.460068
 0.040135 -0.150475   0.45964
0.0403361 -0.150865  0.459218
0.0407316 -0.151631  0.458388
0.0409256 -0.152007  0.457981
0.0409256 -0.152007  0.457981
0.0413063 -0.152745  0.457182
 0.041493 -0.153107   0.45679
 0.041493 -0.153107   0.45679
0.0416774 -0.153464  0.456403
0.0420389 -0.154165  0.455644
0.0422162 -0.154508  0.455272
0.0422162 -0.154508  0.455272
0.042563 -0.15518 0.454544
0.0427329 -0.155509  0.454188
0.0429014 -0.155836  0.453834
0.0430665 -0.156156  0.453488
0.0432291 -0.156471  0.453146
0.0433896 -0.156782  0.452809
0.0435474 -0.157088  0.452478
0.0437028 -0.157389  0.452152
0.0438558 -0.157685  0.451831
0.0440065 -0.157977  0.451515
0.0441546 -0.158264  0.451204
0.0443004 -0.158547  0.450898
0.0444438 -0.158825  0.450597
0.0445847 -0.159098  0.450301
0.0447233 -0.159366   0.45001
0.0448595  -0.15963  0.449724
0.0448595  -0.15963  0.449724
0.0451246 -0.160144  0.449168
0.0452535 -0.160394  0.448897
  0.04538 -0.160639  0.448632
0.0455037 -0.160879  0.448372
0.0456254 -0.161114  0.448117
0.0457447 -0.161346  0.447866
0.0458612 -0.161571  0.447622
0.0459756 -0.161793  0.447382
0.0460877  -0.16201  0.447147
0.0461973 -0.162223  0.446916
0.0463046  -0.16243  0.446691
0.0464091 -0.162633  0.446472
0.0465121 -0.162833  0.446256
0.0466121 -0.163026  0.446046
0.0467096 -0.163215  0.445841
0.0468044 -0.163399  0.445642
0.0468973 -0.163579  0.445447
0.0469877 -0.163754  0.445258
0.0470756 -0.163925  0.445073
0.0471612  -0.16409  0.444893
0.0472444 -0.164252  0.444719
0.0473251 -0.164408  0.444549
0.0474035  -0.16456  0.444385
0.0474794 -0.164707  0.444226
0.0475529  -0.16485  0.444071
 0.047624 -0.164987  0.443922
0.0476927  -0.16512  0.443778
 0.047759 -0.165249  0.443639
0.0478229 -0.165373  0.443505
0.0478843 -0.165492  0.443376
0.0479434 -0.165606  0.443252
    0.048 -0.165716  0.443133
0.0480543 -0.165821  0.443019
0.0481061 -0.165922   0.44291
0.0481555 -0.166017  0.442807
0.0482024 -0.166108  0.442708
 0.048247 -0.166195  0.442614
0.0482892 -0.166276  0.442526
 0.048329 -0.166353  0.442442
0.0483663 -0.166426  0.442364
0.0484013 -0.166494  0.442291
0.0484339 -0.166557  0.442222
 0.048464 -0.166615  0.442159
0.0484917 -0.166669  0.442101
0.0485171 -0.166718  0.442048
  0.04854 -0.166762     0.442
0.0485605 -0.166802  0.441956
0.0485786 -0.166837  0.441918
0.0485943 -0.166868  0.441886
0.0486076 -0.166893  0.441858
0.0486184 -0.166914  0.441835
0.0486269 -0.166931  0.441817
0.0486329 -0.166942  0.441805
0.0486365 -0.166949  0.441797
0.0486377 -0.166952  0.441794
0.0486377 -0.166952  0.441794
0.0486377 -0.166952  0.441794
0.0486377 -0.166952  0.441794
0.0486377 -0.166952  0.441794
0.0486377 -0.166952  0.441794
0.0486377 -0.166952  0.441794
0.0486377 -0.166952  0.441794
0.0486377 -0.166952  0.441794
0.0486377 -0.166952  0.441794
0.0486377 -0.166952  0.441794
0.0486377 -0.166952  0.441794
0.0486377 -0.166952  0.441794
0.0486377 -0.166952  0.441794
0.0486377 -0.166952  0.441794
0.0486377 -0.166952  0.441794
0.0486377 -0.166952  0.441794
0.0486377 -0.166952  0.441794
0.0486377 -0.166952  0.441794
0.0486377 -0.166952  0.441794
0.0486377 -0.166952  0.441794
0.0486377 -0.166952  0.441794
0.0486377 -0.166952  0.441794
0.0486377 -0.166952  0.441794
0.0486377 -0.166952  0.441794
0.0486377 -0.166952  0.441794
0.0486377 -0.166952  0.441794
0.0486377 -0.166952  0.441794
0.0486377 -0.166952  0.441794
0.0486377 -0.166952  0.441794
0.0486377 -0.166952  0.441794
0.0486377 -0.166952  0.441794
0.0486377 -0.166952  0.441794
0.0486377 -0.166952  0.441794
0.0486377 -0.166952  0.441794
0.0486377 -0.166952  0.441794
0.0486377 -0.166952  0.441794
0.0486377 -0.166952  0.441794
0.0486377 -0.166952  0.441794
0.0486377 -0.166952  0.441794
0.0486377 -0.166952  0.441794
0.0486377 -0.166952  0.441794
0.0486377 -0.166952  0.441794
0.0486377 -0.166952  0.441794
0.0486377 -0.166952  0.441794
0.0486377 -0.166952  0.441794
0.0486377 -0.166952  0.441794
0.0486377 -0.166952  0.441794
0.0486377 -0.166952  0.441794
0.0486377 -0.166952  0.441794
0.0486377 -0.166952  0.441794
0.0486377 -0.166952  0.441794
0.0486377 -0.166952  0.441794
0.0486377 -0.166952  0.441794
0.0486377 -0.166952  0.441794
0.0486377 -0.166952  0.441794
0.0486377 -0.166952  0.441794
0.0486377 -0.166952  0.441794
0.0486377 -0.166952  0.441794
0.0486377 -0.166952  0.441794
0.0486377 -0.166952  0.441794
0.0486377 -0.166952  0.441794
0.0486377 -0.166952  0.441794
0.0486377 -0.166952  0.441794
0.0486377 -0.166952  0.441794
0.0486377 -0.166952  0.441794
0.0486377 -0.166952  0.441794
0.0486377 -0.166952  0.441794
0.0486377 -0.166952  0.441794
0.0486377 -0.166952  0.441794
0.0486377 -0.166952  0.441794
0.0486377 -0.166952  0.441794
0.0486377 -0.166952  0.441794
0.0486377 -0.166952  0.441794
0.0486377 -0.166952  0.441794
0.0486377 -0.166952  0.441794
0.0486377 -0.166952  0.441794
0.0486377 -0.166952  0.441794
0.0486377 -0.166952  0.441794
0.0486377 -0.166952  0.441794
0.0486377 -0.166952  0.441794
0.0486377 -0.166952  0.441794
0.0486377 -0.166952  0.441794
0.0486377 -0.166952  0.441794
0.0486377 -0.166952  0.441794
0.0486377 -0.166952  0.441794
0.0486377 -0.166952  0.441794
0.0486377 -0.166952  0.441794
0.0486377 -0.166952  0.441794
0.0486377 -0.166952  0.441794
0.0486377 -0.166952  0.441794
0.0486377 -0.166952  0.441794
0.0486377 -0.166952  0.441794
0.0486377 -0.166952  0.441794
0.0486377 -0.166952  0.441794
0.0486377 -0.166952  0.441794
0.0486377 -0.166952  0.441794
0.0486377 -0.166952  0.441794
0.0486377 -0.166952  0.441794
0.0486377 -0.166952  0.441794
0.0486377 -0.166952  0.441794
0.0486377 -0.166952  0.441794
0.0486377 -0.166952  0.441794
0.0486377 -0.166952  0.441794
0.0486377 -0.166952  0.441794
0.0486377 -0.166952  0.441794
0.0486377 -0.166952  0.441794
0.0486377 -0.166952  0.441794
0.0486377 -0.166952  0.441794
0.0486377 -0.166952  0.441794
0.0486377 -0.166952  0.441794
0.0486377 -0.166952  0.441794
0.0486377 -0.166952  0.441794
0.0486377 -0.166952  0.441794
0.0486377 -0.166952  0.441794
0.0486377 -0.166952  0.441794
0.0486377 -0.166952  0.441794
0.0486377 -0.166952  0.441794
0.0486377 -0.166952  0.441794
0.0486377 -0.166952  0.441794
0.0486377 -0.166952  0.441794
0.0486377 -0.166952  0.441794
0.0486377 -0.166952  0.441794
0.0486377 -0.166952  0.441794
0.0486377 -0.166952  0.441794
0.0486377 -0.166952  0.441794
0.0486377 -0.166952  0.441794
0.0486377 -0.166952  0.441794
0.0486377 -0.166952  0.441794
0.0486377 -0.166952  0.441794
0.0486377 -0.166952  0.441794
0.0486377 -0.166952  0.441794
0.0486377 -0.166952  0.441794
0.0486377 -0.166952  0.441794
0.0486377 -0.166952  0.441794
0.0486377 -0.166952  0.441794
0.0486377 -0.166952  0.441794
0.0486377 -0.166952  0.441794
0.0486377 -0.166952  0.441794
0.0486377 -0.166952  0.441794
0.0486377 -0.166952  0.441794
0.0486377 -0.166952  0.441794
0.0486377 -0.166952  0.441794
0.0486377 -0.166952  0.441794
0.0486377 -0.166952  0.441794
0.0486377 -0.166952  0.441794
0.0486377 -0.166952  0.441794
0.0486377 -0.166952  0.441794
0.0486377 -0.166952  0.441794
0.0486377 -0.166952  0.441794
0.0486377 -0.166952  0.441794
0.0486377 -0.166952  0.441794
0.0486377 -0.166952  0.441794
0.0486377 -0.166952  0.441794
0.0486377 -0.166952  0.441794
0.0486377 -0.166952  0.441794
0.0486377 -0.166952  0.441794
0.0486377 -0.166952  0.441794
0.0486377 -0.166952  0.441794
0.0486377 -0.166952  0.441794
0.0486377 -0.166952  0.441794
0.0486377 -0.166952  0.441794
0.0486377 -0.166952  0.441794
0.0486377 -0.166952  0.441794
0.0486377 -0.166952  0.441794
0.0486377 -0.166952  0.441794
0.0486377 -0.166952  0.441794
0.0486377 -0.166952  0.441794
0.0486377 -0.166952  0.441794
0.0486377 -0.166952  0.441794
0.0486377 -0.166952  0.441794
0.0486377 -0.166952  0.441794
0.0486377 -0.166952  0.441794
0.0486377 -0.166952  0.441794
0.0486377 -0.166952  0.441794
0.0486377 -0.166952  0.441794
0.0486377 -0.166952  0.441794
0.0486377 -0.166952  0.441794
0.0486377 -0.166952  0.441794
0.0486377 -0.166952  0.441794
0.0486377 -0.166952  0.441794
0.0486377 -0.166952  0.441794
0.0486377 -0.166952  0.441794
0.0486377 -0.166952  0.441794
0.0486377 -0.166952  0.441794
0.0486377 -0.166952  0.441794
0.0486377 -0.166952  0.441794
0.0486377 -0.166952  0.441794
0.0486377 -0.166952  0.441794
0.0486377 -0.166952  0.441794
0.0486377 -0.166952  0.441794
0.0486377 -0.166952  0.441794
0.0486377 -0.166952  0.441794
0.0486377 -0.166952  0.441794
0.0486377 -0.166952  0.441794
0.0486377 -0.166952  0.441794
0.0486377 -0.166952  0.441794
0.0486377 -0.166952  0.441794
0.0486377 -0.166952  0.441794
0.0486377 -0.166952  0.441794
0.0486377 -0.166952  0.441794
0.0486377 -0.166952  0.441794
0.0486377 -0.166952  0.441794
0.0486377 -0.166952  0.441794
0.0486377 -0.166952  0.441794
0.0486377 -0.166952  0.441794
0.0486377 -0.166952  0.441794
0.0486377 -0.166952  0.441794
0.0486377 -0.166952  0.441794
0.0486377 -0.166952  0.441794
0.0486377 -0.166952  0.441794
0.0486377 -0.166952  0.441794
0.0486377 -0.166952  0.441794
0.0486377 -0.166952  0.441794
0.0486377 -0.166952  0.441794
0.0486377 -0.166952  0.441794
0.0486377 -0.166952  0.441794
0.0486377 -0.166952  0.441794
0.0486377 -0.166952  0.441794
0.0486377 -0.166952  0.441794
0.0486377 -0.166952  0.441794
0.0486377 -0.166952  0.441794
0.0486377 -0.166952  0.441794
0.0486377 -0.166952  0.441794
0.0486377 -0.166952  0.441794
0.0486377 -0.166952  0.441794
0.0486377 -0.166952  0.441794
0.0486377 -0.166952  0.441794
0.0486377 -0.166952  0.441794
0.0486377 -0.166952  0.441794
0.0486377 -0.166952  0.441794
0.0486377 -0.166952  0.441794
0.0486377 -0.166952  0.441794
0.0486377 -0.166952  0.441794
0.0486377 -0.166952  0.441794
0.0486377 -0.166952  0.441794
0.0486377 -0.166952  0.441794
0.0486377 -0.166952  0.441794
0.0486377 -0.166952  0.441794
0.0486377 -0.166952  0.441794
0.0486377 -0.166952  0.441794
0.0486377 -0.166952  0.441794
0.0486377 -0.166952  0.441794
0.0486377 -0.166952  0.441794
0.0486377 -0.166952  0.441794
0.0486377 -0.166952  0.441794
0.0486377 -0.166952  0.441794
0.0486377 -0.166952  0.441794
0.0486377 -0.166952  0.441794
0.0486377 -0.166952  0.441794
0.0486377 -0.166952  0.441794
0.0486377 -0.166952  0.441794
0.0486377 -0.166952  0.441794
0.0486377 -0.166952  0.441794
0.0486377 -0.166952  0.441794
0.0486377 -0.166952  0.441794
0.0486377 -0.166952  0.441794
0.0486377 -0.166952  0.441794
0.0486377 -0.166952  0.441794
0.0486377 -0.166952  0.441794
0.0486377 -0.166952  0.441794
0.0486377 -0.166952  0.441794
0.0486377 -0.166952  0.441794
0.0486377 -0.166952  0.441794
0.0486377 -0.166952  0.441794
0.0486377 -0.166952  0.441794
0.0486377 -0.166952  0.441794
0.0486377 -0.166952  0.441794
0.0486377 -0.166952  0.441794
0.0486377 -0.166952  0.441794
0.0486377 -0.166952  0.441794
0.0486377 -0.166952  0.441794
0.0486377 -0.166952  0.441794
0.0486377 -0.166952  0.441794
0.0486377 -0.166952  0.441794
0.0486377 -0.166952  0.441794
0.0486377 -0.166952  0.441794
0.0486377 -0.166952  0.441794
0.0486377 -0.166952  0.441794
0.0486377 -0.166952  0.441794
0.0486377 -0.166952  0.441794
0.0486377 -0.166952  0.441794
0.0486377 -0.166952  0.441794
0.0486377 -0.166952  0.441794
0.0486377 -0.166952  0.441794
0.0486377 -0.166952  0.441794
0.0486377 -0.166952  0.441794
0.0486377 -0.166952  0.441794
0.0486377 -0.166952  0.441794
0.0486377 -0.166952  0.441794
0.0486377 -0.166952  0.441794
0.0486377 -0.166952  0.441794
0.0486377 -0.166952  0.441794
0.0486377 -0.166952  0.441794
0.0486377 -0.166952  0.441794
0.0486377 -0.166952  0.441794
0.0486377 -0.166952  0.441794
0.0486377 -0.166952  0.441794
0.0486377 -0.166952  0.441794
0.0486377 -0.166952  0.441794
0.0486377 -0.166952  0.441794
0.0486377 -0.166952  0.441794
0.0486377 -0.166952  0.441794
0.0486377 -0.166952  0.441794
0.0486377 -0.166952  0.441794
0.0486377 -0.166952  0.441794
0.0486377 -0.166952  0.441794
0.0486377 -0.166952  0.441794
0.0486377 -0.166952  0.441794
0.0486377 -0.166952  0.441794
0.0486377 -0.166952  0.441794
0.0486377 -0.166952  0.441794
0.0486377 -0.166952  0.441794
0.0486377 -0.166952  0.441794
0.0486377 -0.166952  0.441794
0.0486377 -0.166952  0.441794
0.0486377 -0.166952  0.441794
0.0486377 -0.166952  0.441794
0.0486377 -0.166952  0.441794
0.0486377 -0.166952  0.441794
0.0486377 -0.166952  0.441794
0.0486377 -0.166952  0.441794
0.0486377 -0.166952  0.441794
0.0486377 -0.166952  0.441794
0.0486377 -0.166952  0.441794
0.0486377 -0.166952  0.441794
0.0486377 -0.166952  0.441794
0.0486377 -0.166952  0.441794
0.0486377 -0.166952  0.441794
0.0486377 -0.166952  0.441794
0.0486377 -0.166952  0.441794
0.0486377 -0.166952  0.441794
0.0486377 -0.166952  0.441794
0.0486377 -0.166952  0.441794
0.0486377 -0.166952  0.441794
0.0486377 -0.166952  0.441794
0.0486377 -0.166952  0.441794
0.0486377 -0.166952  0.441794
0.0486377 -0.166952  0.441794
0.0486377 -0.166952  0.441794
0.0486377 -0.166952  0.441794
0.0486377 -0.166952  0.441794
0.0486377 -0.166952  0.441794
0.0486377 -0.166952  0.441794
0.0486377 -0.166952  0.441794
0.0486377 -0.166952  0.441794
0.0486377 -0.166952  0.441794
0.0486377 -0.166952  0.441794
0.0486377 -0.166952  0.441794
0.0486377 -0.166952  0.441794
0.0486377 -0.166952  0.441794
0.0486377 -0.166952  0.441794
0.0486377 -0.166952  0.441794
0.0486377 -0.166952  0.441794
0.0486377 -0.166952  0.441794
0.0486377 -0.166952  0.441794
0.0486377 -0.166952  0.441794
0.0486377 -0.166952  0.441794
0.0486377 -0.166952  0.441794
0.0486377 -0.166952  0.441794
0.0486377 -0.166952  0.441794
0.0486377 -0.166952  0.441794
0.0486377 -0.166952  0.441794
0.0486377 -0.166952  0.441794
0.0486377 -0.166952  0.441794
0.0486377 -0.166952  0.441794
0.0486377 -0.166952  0.441794
0.0486377 -0.166952  0.441794
0.0486377 -0.166952  0.441794
0.0486377 -0.166952  0.441794
0.0486377 -0.166952  0.441794
0.0486377 -0.166952  0.441794
0.0486377 -0.166952  0.441794
0.0486377 -0.166952  0.441794
0.0486377 -0.166952  0.441794
0.0486377 -0.166952  0.441794
0.0486377 -0.166952  0.441794
0.0486377 -0.166952  0.441794
0.0486377 -0.166952  0.441794
0.0486377 -0.166952  0.441794
0.0486377 -0.166952  0.441794
0.0486377 -0.166952  0.441794
0.0486377 -0.166952  0.441794
0.0486377 -0.166952  0.441794
0.0486377 -0.166952  0.441794
0.0486377 -0.166952  0.441794
0.0486377 -0.166952  0.441794
0.0486377 -0.166952  0.441794
0.0486377 -0.166952  0.441794
0.0486377 -0.166952  0.441794
0.0486377 -0.166952  0.441794
0.0486377 -0.166952  0.441794
0.0486377 -0.166952  0.441794
0.0486377 -0.166952  0.441794
0.0486377 -0.166952  0.441794
0.0486377 -0.166952  0.441794
0.0486377 -0.166952  0.441794
0.0486377 -0.166952  0.441794
0.0486377 -0.166952  0.441794
0.0486377 -0.166952  0.441794
0.0486377 -0.166952  0.441794
0.0486377 -0.166952  0.441794
0.0486377 -0.166952  0.441794
0.0486377 -0.166952  0.441794
0.0486377 -0.166952  0.441794
0.0486377 -0.166952  0.441794
0.0486377 -0.166952  0.441794
0.0486377 -0.166952  0.441794
0.0486377 -0.166952  0.441794
0.0486377 -0.166952  0.441794
0.0486377 -0.166952  0.441794
0.0486377 -0.166952  0.441794
0.0486377 -0.166952  0.441794
0.0486377 -0.166952  0.441794
0.0486377 -0.166952  0.441794
0.0486377 -0.166952  0.441794
0.0486377 -0.166952  0.441794
0.0486377 -0.166952  0.441794
0.0486377 -0.166952  0.441794
0.0486377 -0.166952  0.441794
0.0486377 -0.166952  0.441794
0.0486377 -0.166952  0.441794
0.0486377 -0.166952  0.441794
0.0486377 -0.166952  0.441794
0.0486377 -0.166952  0.441794
0.0486377 -0.166952  0.441794
0.0486377 -0.166952  0.441794
0.0486377 -0.166952  0.441794
0.0486377 -0.166952  0.441794
0.0486377 -0.166952  0.441794
0.0486377 -0.166952  0.441794
0.0486377 -0.166952  0.441794
0.0486377 -0.166952  0.441794
0.0486377 -0.166952  0.441794
0.0486377 -0.166952  0.441794
0.0486377 -0.166952  0.441794
0.0486377 -0.166952  0.441794
0.0486377 -0.166952  0.441794
0.0486377 -0.166952  0.441794
0.0486377 -0.166952  0.441794
0.0486377 -0.166952  0.441794
0.0486377 -0.166952  0.441794
0.0486377 -0.166952  0.441794
0.0486377 -0.166952  0.441794
0.0486377 -0.166952  0.441794
0.0486377 -0.166952  0.441794
0.0486377 -0.166952  0.441794
0.0486377 -0.166952  0.441794
0.0486377 -0.166952  0.441794
0.0486377 -0.166952  0.441794
0.0486377 -0.166952  0.441794
0.0486377 -0.166952  0.441794
0.0486377 -0.166952  0.441794
0.0486377 -0.166952  0.441794
0.0486377 -0.166952  0.441794
0.0486377 -0.166952  0.441794
0.0486377 -0.166952  0.441794
0.0486377 -0.166952  0.441794
0.0486377 -0.166952  0.441794
0.0486377 -0.166952  0.441794
0.0486377 -0.166952  0.441794
0.0486377 -0.166952  0.441794
0.0486377 -0.166952  0.441794
0.0486377 -0.166952  0.441794
0.0486377 -0.166952  0.441794
0.0486377 -0.166952  0.441794
0.0486377 -0.166952  0.441794
0.0486377 -0.166952  0.441794
0.0486377 -0.166952  0.441794
0.0486377 -0.166952  0.441794
0.0486377 -0.166952  0.441794
0.0486377 -0.166952  0.441794
0.0486377 -0.166952  0.441794
0.0486377 -0.166952  0.441794
0.0486377 -0.166952  0.441794
0.0486377 -0.166952  0.441794
0.0486377 -0.166952  0.441794
0.0486377 -0.166952  0.441794
0.0486377 -0.166952  0.441794
0.0486377 -0.166952  0.441794
0.0486377 -0.166952  0.441794
0.0486377 -0.166952  0.441794
0.0486377 -0.166952  0.441794
0.0486377 -0.166952  0.441794
0.0486377 -0.166952  0.441794
0.0486377 -0.166952  0.441794
0.0486377 -0.166952  0.441794
0.0486377 -0.166952  0.441794
0.0486377 -0.166952  0.441794
0.0486377 -0.166952  0.441794
0.0486377 -0.166952  0.441794
0.0486377 -0.166952  0.441794
0.0486377 -0.166952  0.441794
0.0486377 -0.166952  0.441794
0.0486377 -0.166952  0.441794
0.0486377 -0.166952  0.441794
0.0486377 -0.166952  0.441794
0.0486377 -0.166952  0.441794
0.0486377 -0.166952  0.441794
0.0486377 -0.166952  0.441794
0.0486377 -0.166952  0.441794
0.0486377 -0.166952  0.441794
0.0486377 -0.166952  0.441794
0.0486377 -0.166952  0.441794
0.0486377 -0.166952  0.441794
0.0486377 -0.166952  0.441794
0.0486377 -0.166952  0.441794
0.0486377 -0.166952  0.441794
0.0486377 -0.166952  0.441794
0.0486377 -0.166952  0.441794
0.0486377 -0.166952  0.441794
0.0486377 -0.166952  0.441794
0.0486377 -0.166952  0.441794
0.0486377 -0.166952  0.441794
0.0486377 -0.166952  0.441794
0.0486377 -0.166952  0.441794
0.0486377 -0.166952  0.441794
0.0486377 -0.166952  0.441794
0.0486377 -0.166952  0.441794
0.0486377 -0.166952  0.441794
0.0486377 -0.166952  0.441794
0.0486377 -0.166952  0.441794
0.0486377 -0.166952  0.441794
0.0486377 -0.166952  0.441794
0.0486377 -0.166952  0.441794
0.0486377 -0.166952  0.441794
0.0486377 -0.166952  0.441794
0.0486377 -0.166952  0.441794
0.0486377 -0.166952  0.441794
0.0486377 -0.166952  0.441794
0.0486377 -0.166952  0.441794
0.0486377 -0.166952  0.441794
0.0486377 -0.166952  0.441794
0.0486377 -0.166952  0.441794
0.0486377 -0.166952  0.441794
0.0486377 -0.166952  0.441794
0.0486377 -0.166952  0.441794
0.0486377 -0.166952  0.441794
0.0486377 -0.166952  0.441794
0.0486377 -0.166952  0.441794
0.0486377 -0.166952  0.441794
0.0486377 -0.166952  0.441794
0.0486377 -0.166952  0.441794
0.0486377 -0.166952  0.441794
0.0486377 -0.166952  0.441794
