  0.26947 -0.328142  0.602839
  0.26884 -0.326342  0.606118
0.268843 -0.32634 0.606116
 0.268849 -0.326333  0.606108
  0.26886 -0.326321  0.606096
 0.268875 -0.326305  0.606078
 0.268895 -0.326284  0.606055
 0.268919 -0.326259  0.606027
 0.268947 -0.326229  0.605995
 0.268979 -0.326195  0.605957
 0.269016 -0.326156  0.605914
 0.269058 -0.326112  0.605866
 0.269103 -0.326064  0.605813
 0.269153 -0.326011  0.605754
 0.269207 -0.325954  0.605691
 0.269266 -0.325892  0.605623
 0.269329 -0.325825   0.60555
 0.269397 -0.325754  0.605471
 0.269468 -0.325678  0.605388
 0.269544 -0.325598  0.605299
 0.269625 -0.325513  0.605206
 0.269709 -0.325424  0.605107
 0.269798 -0.325329  0.605003
 0.269892 -0.325231  0.604895
  0.26999 -0.325127  0.604781
 0.270092 -0.325019  0.604662
 0.270198 -0.324907  0.604538
0.270309 -0.32479 0.604409
 0.270424 -0.324668  0.604275
 0.270543 -0.324542  0.604136
 0.270667 -0.324411  0.603992
 0.270795 -0.324276  0.603843
 0.270928 -0.324136  0.603689
 0.271065 -0.323991  0.603529
 0.271206 -0.323842  0.603365
 0.271351 -0.323688  0.603195
0.271501 -0.32353 0.603021
 0.271656 -0.323367  0.602841
 0.271814 -0.323199  0.602657
 0.271977 -0.323027  0.602467
0.272144 -0.32285 0.602272
 0.272316 -0.322669  0.602072
 0.272492 -0.322483  0.601868
 0.272672 -0.322292  0.601658
 0.272857 -0.322097  0.601443
 0.273046 -0.321897  0.601223
 0.273239 -0.321693  0.600998
 0.273437 -0.321484  0.600768
 0.273639 -0.321271  0.600533
 0.273845 -0.321053  0.600293
0.274056 -0.32083 0.600047
 0.274271 -0.320603  0.599797
  0.27449 -0.320371  0.599541
 0.274714 -0.320134  0.599281
 0.274942 -0.319893  0.599016
 0.275174 -0.319648  0.598745
 0.275411 -0.319398  0.598469
 0.275652 -0.319143  0.598189
 0.275898 -0.318883  0.597903
 0.276147 -0.318619  0.597612
 0.276402 -0.318351  0.597317
  0.27666 -0.318078  0.597016
0.276923  -0.3178  0.59671
  0.27719 -0.317518  0.596399
 0.277461 -0.317231  0.596083
 0.277738 -0.316939  0.595761
 0.278018 -0.316643  0.595435
 0.278303 -0.316341  0.595103
 0.278592 -0.316036  0.594767
 0.278885 -0.315726  0.594426
 0.279183 -0.315412  0.594079
 0.279484 -0.315093  0.593728
 0.279791 -0.314769  0.593371
 0.280101 -0.314441   0.59301
 0.280416 -0.314108  0.592643
 0.280735 -0.313771  0.592272
 0.281059 -0.313429  0.591895
 0.281387 -0.313082  0.591513
  0.28172 -0.312731  0.591126
 0.282056 -0.312375  0.590734
 0.282397 -0.312014  0.590337
0.282742 -0.31165 0.589935
0.283092 -0.31128 0.589528
 0.283446 -0.310906  0.589116
 0.283804 -0.310527  0.588699
 0.284168 -0.310143  0.588276
 0.284535 -0.309756  0.587849
 0.284906 -0.309363  0.587417
 0.285282 -0.308966  0.586979
 0.285662 -0.308564  0.586537
 0.286046 -0.308158  0.586089
 0.286435 -0.307747  0.585637
 0.286828 -0.307332  0.585179
 0.287226 -0.306912  0.584716
 0.287627 -0.306487  0.584249
 0.288034 -0.306058  0.583776
 0.288444 -0.305624  0.583298
 0.288859 -0.305185  0.582815
 0.289278 -0.304742  0.582327
 0.289702 -0.304295  0.581834
  0.29013 -0.303842  0.581336
 0.290561 -0.303386  0.580833
 0.290994 -0.302929   0.58033
0.291428 -0.30247 0.579825
  0.29186 -0.302014  0.579322
 0.292292 -0.301557  0.578819
 0.292724 -0.301101  0.578316
 0.293156 -0.300644  0.577813
 0.293588 -0.300188   0.57731
  0.29402 -0.299731  0.576808
 0.294452 -0.299275  0.576305
 0.294884 -0.298818  0.575802
 0.295316 -0.298362  0.575299
 0.295747 -0.297905  0.574796
 0.296179 -0.297449  0.574293
 0.296611 -0.296992   0.57379
 0.297043 -0.296536  0.573288
 0.297475 -0.296079  0.572785
 0.297907 -0.295623  0.572282
 0.298337 -0.295168  0.571781
  0.29877 -0.294711  0.571278
 0.299202 -0.294254  0.570775
 0.299634 -0.293798  0.570272
 0.300067 -0.293341  0.569768
 0.300499 -0.292884  0.569265
 0.300931 -0.292427  0.568762
0.301363 -0.29197 0.568259
 0.301795 -0.291514  0.567756
 0.302227 -0.291057  0.567253
 0.302659 -0.290601   0.56675
 0.303091 -0.290144  0.566247
 0.303521 -0.289689  0.565746
 0.303953 -0.289233  0.565244
 0.304385 -0.288776  0.564741
0.304817 -0.28832 0.564238
 0.305249 -0.287863  0.563735
 0.305681 -0.287407  0.563233
 0.306113 -0.286951   0.56273
 0.306545 -0.286494  0.562227
 0.306977 -0.286037  0.561724
0.307409 -0.28558 0.561221
 0.307841 -0.285124  0.560718
 0.308273 -0.284668  0.560215
 0.308705 -0.284211  0.559712
 0.309137 -0.283755  0.559209
 0.309569 -0.283298  0.558707
 0.310001 -0.282842  0.558204
 0.310433 -0.282385  0.557701
 0.310865 -0.281929  0.557198
 0.311297 -0.281472  0.556695
 0.311729 -0.281016  0.556193
 0.312161 -0.280559   0.55569
 0.312593 -0.280103  0.555187
 0.313025 -0.279646  0.554684
 0.313456 -0.279189  0.554181
 0.313888 -0.278733  0.553678
  0.31432 -0.278276  0.553175
 0.314753 -0.277819  0.552672
 0.315185 -0.277362  0.552169
 0.315617 -0.276906  0.551666
0.316049 -0.27645 0.551163
 0.316481 -0.275993   0.55066
 0.316913 -0.275537  0.550158
0.317345 -0.27508 0.549655
 0.317777 -0.274623  0.549151
 0.318209 -0.274167  0.548649
0.318641 -0.27371 0.548146
 0.319073 -0.273254  0.547643
 0.319506 -0.272796  0.547139
0.319938 -0.27234 0.546636
  0.32037 -0.271883  0.546134
 0.320801 -0.271427  0.545631
 0.321233 -0.270971  0.545128
 0.321665 -0.270514  0.544625
 0.322097 -0.270058  0.544123
 0.322529 -0.269601   0.54362
 0.322961 -0.269145  0.543117
 0.323393 -0.268688  0.542614
 0.323825 -0.268232  0.542111
 0.324256 -0.267776  0.541609
 0.324689 -0.267319  0.541106
 0.325121 -0.266862  0.540603
 0.325553 -0.266405    0.5401
 0.325985 -0.265949  0.539597
 0.326417 -0.265492  0.539094
 0.326849 -0.265036  0.538591
 0.327281 -0.264579  0.538088
 0.327713 -0.264122  0.537585
 0.328145 -0.263666  0.537082
 0.328577 -0.263209   0.53658
 0.329007 -0.262754  0.536078
 0.329439 -0.262298  0.535575
 0.329872 -0.261841  0.535072
 0.330304 -0.261385  0.534569
 0.330736 -0.260928  0.534067
 0.331167 -0.260472  0.533564
   0.3316 -0.260015  0.533061
 0.332031 -0.259559  0.532558
 0.332463 -0.259102  0.532055
 0.332895 -0.258645  0.531552
 0.333327 -0.258189   0.53105
 0.333759 -0.257732  0.530547
 0.334191 -0.257276  0.530044
 0.334623 -0.256819  0.529541
 0.335055 -0.256363  0.529038
 0.335487 -0.255906  0.528535
0.335919 -0.25545 0.528032
 0.336351 -0.254993   0.52753
 0.336783 -0.254537  0.527027
0.337215 -0.25408 0.526524
 0.337647 -0.253624  0.526021
 0.338079 -0.253167  0.525518
 0.338511 -0.252711  0.525015
 0.338941 -0.252256  0.524515
 0.339367 -0.251806  0.524019
 0.339788 -0.251361  0.523529
0.340205 -0.25092 0.523043
 0.340617 -0.250484  0.522563
  0.34143 -0.249626  0.521618
 0.341829 -0.249204  0.521153
 0.342225 -0.248786  0.520692
 0.342225 -0.248786  0.520692
 0.342616 -0.248372  0.520237
0.343385 -0.24756 0.519342
0.343385 -0.24756 0.519342
 0.344137 -0.246765  0.518466
 0.344506 -0.246375  0.518036
 0.344871 -0.245989  0.517611
 0.344871 -0.245989  0.517611
 0.345232 -0.245608  0.517192
 0.345588 -0.245231  0.516777
  0.34594 -0.244859  0.516367
 0.346287 -0.244492  0.515963
 0.34663 -0.24413 0.515564
 0.346969 -0.243772   0.51517
 0.347303 -0.243419  0.514781
0.347633 -0.24307 0.514397
 0.347959 -0.242726  0.514017
  0.34828 -0.242386  0.513643
 0.34891 -0.24172  0.51291
 0.34891 -0.24172  0.51291
 0.349522 -0.241073  0.512197
 0.349522 -0.241073  0.512197
 0.350117 -0.240445  0.511504
 0.350117 -0.240445  0.511504
 0.350408 -0.240137  0.511166
 0.350695 -0.239834  0.510832
 0.351254 -0.239243  0.510181
 0.351254 -0.239243  0.510181
 0.351527 -0.238954  0.509863
0.352062 -0.23839 0.509241
0.352062 -0.23839 0.509241
 0.352322 -0.238114  0.508938
  0.35283 -0.237577  0.508346
 0.353078 -0.237316  0.508058
 0.353321 -0.237059  0.507775
 0.353321 -0.237059  0.507775
 0.353559 -0.236807  0.507497
 0.353794 -0.236559  0.507224
  0.35425 -0.236077  0.506693
 0.354472 -0.235842  0.506435
 0.354689 -0.235613  0.506183
 0.354689 -0.235613  0.506183
 0.354902 -0.235388  0.505935
  0.35511 -0.235168  0.505692
 0.355314 -0.234952  0.505455
 0.355709 -0.234535  0.504995
 0.355709 -0.234535  0.504995
 0.356086 -0.234136  0.504556
 0.356086 -0.234136  0.504556
 0.356269 -0.233943  0.504343
 0.356447 -0.233755  0.504136
 0.356621 -0.233572  0.503934
  0.35679 -0.233393  0.503737
 0.356955 -0.233219  0.503545
 0.357115 -0.233049  0.503358
 0.357271 -0.232884  0.503176
 0.357423 -0.232723  0.502999
 0.357571 -0.232567  0.502828
 0.357714 -0.232416  0.502661
 0.357853 -0.232269  0.502499
 0.357988 -0.232127  0.502342
 0.358118 -0.231989  0.502191
 0.358244 -0.231856  0.502045
 0.358482 -0.231604  0.501767
 0.358482 -0.231604  0.501767
 0.358595 -0.231485  0.501636
 0.358703 -0.231371   0.50151
 0.358907 -0.231156  0.501273
 0.358907 -0.231156  0.501273
 0.359002 -0.231055  0.501162
  0.35918 -0.230867  0.500955
  0.35918 -0.230867  0.500955
0.359262 -0.23078 0.500859
0.359414 -0.23062 0.500683
0.359414 -0.23062 0.500683
 0.359483 -0.230546  0.500602
 0.359608 -0.230414  0.500456
 0.359608 -0.230414  0.500456
 0.359664 -0.230355  0.500391
0.359764 -0.23025 0.500275
 0.359807 -0.230204  0.500225
 0.359846 -0.230163   0.50018
  0.35988 -0.230127  0.500139
  0.35991 -0.230095  0.500104
 0.359936 -0.230068  0.500074
 0.359957 -0.230045   0.50005
 0.359974 -0.230027   0.50003
 0.359974 -0.230027   0.50003
 0.359996 -0.230005  0.500005
 0.36 -0.23   0.5
 0.36 -0.23   0.5
 0.36 -0.23   0.5
 0.36 -0.23   0.5
 0.36 -0.23   0.5
 0.36 -0.23   0.5
 0.36 -0.23   0.5
 0.36 -0.23   0.5
 0.36 -0.23   0.5
 0.36 -0.23   0.5
 0.36 -0.23   0.5
 0.36 -0.23   0.5
 0.36 -0.23   0.5
 0.36 -0.23   0.5
 0.36 -0.23   0.5
 0.36 -0.23   0.5
 0.36 -0.23   0.5
 0.36 -0.23   0.5
 0.36 -0.23   0.5
 0.36 -0.23   0.5
 0.36 -0.23   0.5
 0.36 -0.23   0.5
 0.36 -0.23   0.5
 0.36 -0.23   0.5
 0.36 -0.23   0.5
 0.36 -0.23   0.5
 0.36 -0.23   0.5
 0.36 -0.23   0.5
 0.36 -0.23   0.5
 0.36 -0.23   0.5
 0.36 -0.23   0.5
 0.36 -0.23   0.5
 0.36 -0.23   0.5
 0.36 -0.23   0.5
 0.36 -0.23   0.5
 0.36 -0.23   0.5
 0.36 -0.23   0.5
 0.36 -0.23   0.5
 0.36 -0.23   0.5
 0.36 -0.23   0.5
 0.36 -0.23   0.5
 0.36 -0.23   0.5
 0.36 -0.23   0.5
 0.36 -0.23   0.5
 0.36 -0.23   0.5
 0.36 -0.23   0.5
 0.36 -0.23   0.5
 0.36 -0.23   0.5
 0.36 -0.23   0.5
 0.36 -0.23   0.5
 0.36 -0.23   0.5
 0.36 -0.23   0.5
 0.36 -0.23   0.5
 0.36 -0.23   0.5
 0.36 -0.23   0.5
 0.36 -0.23   0.5
 0.36 -0.23   0.5
 0.36 -0.23   0.5
 0.36 -0.23   0.5
 0.36 -0.23   0.5
 0.36 -0.23   0.5
 0.36 -0.23   0.5
 0.36 -0.23   0.5
 0.36 -0.23   0.5
 0.36 -0.23   0.5
 0.36 -0.23   0.5
 0.36 -0.23   0.5
 0.36 -0.23   0.5
 0.36 -0.23   0.5
 0.36 -0.23   0.5
 0.36 -0.23   0.5
 0.36 -0.23   0.5
 0.36 -0.23   0.5
 0.36 -0.23   0.5
 0.36 -0.23   0.5
 0.36 -0.23   0.5
 0.36 -0.23   0.5
 0.36 -0.23   0.5
 0.36 -0.23   0.5
 0.36 -0.23   0.5
 0.36 -0.23   0.5
 0.36 -0.23   0.5
 0.36 -0.23   0.5
 0.36 -0.23   0.5
 0.36 -0.23   0.5
 0.36 -0.23   0.5
 0.36 -0.23   0.5
 0.36 -0.23   0.5
 0.36 -0.23   0.5
 0.36 -0.23   0.5
 0.36 -0.23   0.5
 0.36 -0.23   0.5
 0.36 -0.23   0.5
 0.36 -0.23   0.5
 0.36 -0.23   0.5
 0.36 -0.23   0.5
 0.36 -0.23   0.5
 0.36 -0.23   0.5
 0.36 -0.23   0.5
 0.36 -0.23   0.5
 0.36 -0.23   0.5
 0.36 -0.23   0.5
 0.36 -0.23   0.5
 0.36 -0.23   0.5
 0.36 -0.23   0.5
 0.36 -0.23   0.5
 0.36 -0.23   0.5
 0.36 -0.23   0.5
 0.36 -0.23   0.5
 0.36 -0.23   0.5
 0.36 -0.23   0.5
 0.36 -0.23   0.5
 0.36 -0.23   0.5
 0.36 -0.23   0.5
 0.36 -0.23   0.5
 0.36 -0.23   0.5
 0.36 -0.23   0.5
 0.36 -0.23   0.5
 0.36 -0.23   0.5
 0.36 -0.23   0.5
 0.36 -0.23   0.5
 0.36 -0.23   0.5
 0.36 -0.23   0.5
 0.36 -0.23   0.5
 0.36 -0.23   0.5
 0.36 -0.23   0.5
 0.36 -0.23   0.5
 0.36 -0.23   0.5
 0.36 -0.23   0.5
 0.36 -0.23   0.5
 0.36 -0.23   0.5
 0.36 -0.23   0.5
 0.36 -0.23   0.5
 0.36 -0.23   0.5
 0.36 -0.23   0.5
 0.36 -0.23   0.5
 0.36 -0.23   0.5
 0.36 -0.23   0.5
 0.36 -0.23   0.5
 0.36 -0.23   0.5
 0.36 -0.23   0.5
 0.36 -0.23   0.5
 0.36 -0.23   0.5
 0.36 -0.23   0.5
 0.36 -0.23   0.5
 0.36 -0.23   0.5
 0.36 -0.23   0.5
 0.36 -0.23   0.5
 0.36 -0.23   0.5
 0.36 -0.23   0.5
 0.36 -0.23   0.5
 0.36 -0.23   0.5
 0.36 -0.23   0.5
 0.36 -0.23   0.5
 0.36 -0.23   0.5
 0.36 -0.23   0.5
 0.36 -0.23   0.5
 0.36 -0.23   0.5
 0.36 -0.23   0.5
 0.36 -0.23   0.5
 0.36 -0.23   0.5
 0.36 -0.23   0.5
 0.36 -0.23   0.5
 0.36 -0.23   0.5
 0.36 -0.23   0.5
 0.36 -0.23   0.5
 0.36 -0.23   0.5
 0.36 -0.23   0.5
 0.36 -0.23   0.5
 0.36 -0.23   0.5
 0.36 -0.23   0.5
 0.36 -0.23   0.5
 0.36 -0.23   0.5
 0.36 -0.23   0.5
 0.36 -0.23   0.5
 0.36 -0.23   0.5
 0.36 -0.23   0.5
 0.36 -0.23   0.5
 0.36 -0.23   0.5
 0.36 -0.23   0.5
 0.36 -0.23   0.5
 0.36 -0.23   0.5
 0.36 -0.23   0.5
 0.36 -0.23   0.5
 0.36 -0.23   0.5
 0.36 -0.23   0.5
 0.36 -0.23   0.5
 0.36 -0.23   0.5
 0.36 -0.23   0.5
 0.36 -0.23   0.5
 0.36 -0.23   0.5
 0.36 -0.23   0.5
 0.36 -0.23   0.5
 0.36 -0.23   0.5
 0.36 -0.23   0.5
 0.36 -0.23   0.5
 0.36 -0.23   0.5
 0.36 -0.23   0.5
 0.36 -0.23   0.5
 0.36 -0.23   0.5
 0.36 -0.23   0.5
 0.36 -0.23   0.5
 0.36 -0.23   0.5
 0.36 -0.23   0.5
 0.36 -0.23   0.5
 0.36 -0.23   0.5
 0.36 -0.23   0.5
 0.36 -0.23   0.5
 0.36 -0.23   0.5
 0.36 -0.23   0.5
 0.36 -0.23   0.5
 0.36 -0.23   0.5
 0.36 -0.23   0.5
 0.36 -0.23   0.5
 0.36 -0.23   0.5
 0.36 -0.23   0.5
 0.36 -0.23   0.5
 0.36 -0.23   0.5
 0.36 -0.23   0.5
 0.36 -0.23   0.5
 0.36 -0.23   0.5
 0.36 -0.23   0.5
 0.36 -0.23   0.5
 0.36 -0.23   0.5
 0.36 -0.23   0.5
 0.36 -0.23   0.5
 0.36 -0.23   0.5
 0.36 -0.23   0.5
 0.36 -0.23   0.5
 0.36 -0.23   0.5
 0.36 -0.23   0.5
 0.36 -0.23   0.5
 0.36 -0.23   0.5
 0.36 -0.23   0.5
 0.36 -0.23   0.5
 0.36 -0.23   0.5
 0.36 -0.23   0.5
 0.36 -0.23   0.5
 0.36 -0.23   0.5
 0.36 -0.23   0.5
 0.36 -0.23   0.5
 0.36 -0.23   0.5
 0.36 -0.23   0.5
 0.36 -0.23   0.5
 0.36 -0.23   0.5
 0.36 -0.23   0.5
 0.36 -0.23   0.5
 0.36 -0.23   0.5
 0.36 -0.23   0.5
 0.36 -0.23   0.5
 0.36 -0.23   0.5
 0.36 -0.23   0.5
 0.36 -0.23   0.5
 0.36 -0.23   0.5
 0.36 -0.23   0.5
 0.36 -0.23   0.5
 0.36 -0.23   0.5
 0.36 -0.23   0.5
 0.36 -0.23   0.5
 0.36 -0.23   0.5
 0.36 -0.23   0.5
 0.36 -0.23   0.5
 0.36 -0.23   0.5
 0.36 -0.23   0.5
 0.36 -0.23   0.5
 0.36 -0.23   0.5
 0.36 -0.23   0.5
 0.36 -0.23   0.5
 0.36 -0.23   0.5
 0.36 -0.23   0.5
 0.36 -0.23   0.5
 0.36 -0.23   0.5
 0.36 -0.23   0.5
 0.36 -0.23   0.5
 0.36 -0.23   0.5
 0.36 -0.23   0.5
 0.36 -0.23   0.5
 0.36 -0.23   0.5
 0.36 -0.23   0.5
 0.36 -0.23   0.5
 0.36 -0.23   0.5
 0.36 -0.23   0.5
 0.36 -0.23   0.5
 0.36 -0.23   0.5
 0.36 -0.23   0.5
 0.36 -0.23   0.5
 0.36 -0.23   0.5
 0.36 -0.23   0.5
 0.36 -0.23   0.5
 0.36 -0.23   0.5
 0.36 -0.23   0.5
 0.36 -0.23   0.5
 0.36 -0.23   0.5
 0.36 -0.23   0.5
 0.36 -0.23   0.5
 0.36 -0.23   0.5
 0.36 -0.23   0.5
 0.36 -0.23   0.5
 0.36 -0.23   0.5
 0.36 -0.23   0.5
 0.36 -0.23   0.5
 0.36 -0.23   0.5
 0.36 -0.23   0.5
 0.36 -0.23   0.5
 0.36 -0.23   0.5
 0.36 -0.23   0.5
 0.36 -0.23   0.5
 0.36 -0.23   0.5
 0.36 -0.23   0.5
 0.36 -0.23   0.5
 0.36 -0.23   0.5
 0.36 -0.23   0.5
 0.36 -0.23   0.5
 0.36 -0.23   0.5
 0.36 -0.23   0.5
 0.36 -0.23   0.5
 0.36 -0.23   0.5
 0.36 -0.23   0.5
 0.36 -0.23   0.5
 0.36 -0.23   0.5
 0.36 -0.23   0.5
 0.36 -0.23   0.5
 0.36 -0.23   0.5
 0.36 -0.23   0.5
 0.36 -0.23   0.5
 0.36 -0.23   0.5
 0.36 -0.23   0.5
 0.36 -0.23   0.5
 0.36 -0.23   0.5
 0.36 -0.23   0.5
 0.36 -0.23   0.5
 0.36 -0.23   0.5
 0.36 -0.23   0.5
 0.36 -0.23   0.5
 0.36 -0.23   0.5
 0.36 -0.23   0.5
 0.36 -0.23   0.5
 0.36 -0.23   0.5
 0.36 -0.23   0.5
 0.36 -0.23   0.5
 0.36 -0.23   0.5
 0.36 -0.23   0.5
 0.36 -0.23   0.5
 0.36 -0.23   0.5
 0.36 -0.23   0.5
 0.36 -0.23   0.5
 0.36 -0.23   0.5
 0.36 -0.23   0.5
 0.36 -0.23   0.5
 0.36 -0.23   0.5
 0.36 -0.23   0.5
 0.36 -0.23   0.5
 0.36 -0.23   0.5
 0.36 -0.23   0.5
 0.36 -0.23   0.5
 0.36 -0.23   0.5
 0.36 -0.23   0.5
 0.36 -0.23   0.5
 0.36 -0.23   0.5
 0.36 -0.23   0.5
 0.36 -0.23   0.5
 0.36 -0.23   0.5
 0.36 -0.23   0.5
 0.36 -0.23   0.5
 0.36 -0.23   0.5
 0.36 -0.23   0.5
 0.36 -0.23   0.5
 0.36 -0.23   0.5
 0.36 -0.23   0.5
 0.36 -0.23   0.5
 0.36 -0.23   0.5
 0.36 -0.23   0.5
 0.36 -0.23   0.5
 0.36 -0.23   0.5
 0.36 -0.23   0.5
 0.36 -0.23   0.5
 0.36 -0.23   0.5
 0.36 -0.23   0.5
 0.36 -0.23   0.5
 0.36 -0.23   0.5
 0.36 -0.23   0.5
 0.36 -0.23   0.5
 0.36 -0.23   0.5
 0.36 -0.23   0.5
 0.36 -0.23   0.5
 0.36 -0.23   0.5
 0.36 -0.23   0.5
 0.36 -0.23   0.5
 0.36 -0.23   0.5
 0.36 -0.23   0.5
 0.36 -0.23   0.5
 0.36 -0.23   0.5
 0.36 -0.23   0.5
 0.36 -0.23   0.5
 0.36 -0.23   0.5
 0.36 -0.23   0.5
 0.36 -0.23   0.5
 0.36 -0.23   0.5
 0.36 -0.23   0.5
 0.36 -0.23   0.5
 0.36 -0.23   0.5
 0.36 -0.23   0.5
 0.36 -0.23   0.5
 0.36 -0.23   0.5
 0.36 -0.23   0.5
 0.36 -0.23   0.5
 0.36 -0.23   0.5
 0.36 -0.23   0.5
 0.36 -0.23   0.5
 0.36 -0.23   0.5
 0.36 -0.23   0.5
 0.36 -0.23   0.5
 0.36 -0.23   0.5
 0.36 -0.23   0.5
 0.36 -0.23   0.5
 0.36 -0.23   0.5
 0.36 -0.23   0.5
 0.36 -0.23   0.5
 0.36 -0.23   0.5
 0.36 -0.23   0.5
 0.36 -0.23   0.5
 0.36 -0.23   0.5
 0.36 -0.23   0.5
 0.36 -0.23   0.5
 0.36 -0.23   0.5
 0.36 -0.23   0.5
 0.36 -0.23   0.5
 0.36 -0.23   0.5
 0.36 -0.23   0.5
 0.36 -0.23   0.5
 0.36 -0.23   0.5
 0.36 -0.23   0.5
 0.36 -0.23   0.5
 0.36 -0.23   0.5
 0.36 -0.23   0.5
 0.36 -0.23   0.5
 0.36 -0.23   0.5
 0.36 -0.23   0.5
 0.36 -0.23   0.5
 0.36 -0.23   0.5
 0.36 -0.23   0.5
 0.36 -0.23   0.5
 0.36 -0.23   0.5
 0.36 -0.23   0.5
 0.36 -0.23   0.5
 0.36 -0.23   0.5
 0.36 -0.23   0.5
 0.36 -0.23   0.5
 0.36 -0.23   0.5
 0.36 -0.23   0.5
 0.36 -0.23   0.5
 0.36 -0.23   0.5
 0.36 -0.23   0.5
 0.36 -0.23   0.5
 0.36 -0.23   0.5
 0.36 -0.23   0.5
 0.36 -0.23   0.5
 0.36 -0.23   0.5
 0.36 -0.23   0.5
 0.36 -0.23   0.5
 0.36 -0.23   0.5
 0.36 -0.23   0.5
 0.36 -0.23   0.5
 0.36 -0.23   0.5
 0.36 -0.23   0.5
 0.36 -0.23   0.5
 0.36 -0.23   0.5
