  0.26884 -0.326342  0.606118
 0.268838 -0.326339  0.606112
0.268831 -0.32634 0.606097
0.268825 -0.32634  0.60609
  0.26882 -0.326341  0.606086
0.268817 -0.32634 0.606086
0.268815 -0.32634 0.606091
 0.268815 -0.326338  0.606098
 0.268819 -0.326335  0.606113
 0.268823 -0.326334  0.606125
 0.268829 -0.326331  0.606144
  0.26884 -0.326325  0.606167
 0.268852 -0.326319  0.606192
0.268869 -0.32631 0.606221
0.268888  -0.3263 0.606252
  0.26891 -0.326289  0.606287
 0.268933 -0.326276  0.606321
 0.268962 -0.326261  0.606363
 0.268993 -0.326249  0.606397
 0.269025 -0.326224   0.60644
 0.269062 -0.326204  0.606482
 0.269101 -0.326181  0.606525
 0.269145 -0.326161  0.606569
  0.26919 -0.326137  0.606612
 0.269238 -0.326108   0.60666
 0.269287 -0.326079  0.606702
 0.269339 -0.326049  0.606747
 0.269394 -0.326019  0.606791
 0.269453 -0.325985  0.606836
 0.269512 -0.325951  0.606881
 0.269574 -0.325918  0.606923
 0.269637 -0.325881  0.606969
 0.269703 -0.325847  0.607009
 0.269771 -0.325808  0.607056
 0.269841 -0.325771  0.607094
 0.269915 -0.325733  0.607133
  0.26999 -0.325693  0.607174
  0.27007 -0.325654  0.607212
 0.270151 -0.325611  0.607252
 0.270235 -0.325569  0.607288
 0.270325 -0.325528  0.607326
 0.270415 -0.325481   0.60736
 0.270509 -0.325437  0.607394
 0.27061 -0.32539 0.607426
0.270711 -0.32534 0.607459
 0.270818 -0.325288  0.607491
  0.27093 -0.325238  0.607518
0.271045 -0.32518 0.607551
 0.271173 -0.325127  0.607585
 0.271297 -0.325071  0.607608
  0.27136 -0.325083  0.607568
 0.271562 -0.324943  0.607655
 0.271698 -0.324866  0.607664
 0.271843 -0.324796  0.607681
0.271993 -0.32472   0.6077
 0.272147 -0.324644  0.607711
 0.272316 -0.324552  0.607734
 0.27248 -0.32447  0.60774
 0.272649 -0.324383  0.607747
 0.272825 -0.324294   0.60775
 0.273002 -0.324202  0.607751
 0.273187 -0.324108  0.607749
 0.273373 -0.324014  0.607742
 0.273566 -0.323914  0.607737
 0.273761 -0.323815  0.607722
 0.273961 -0.323711  0.607708
 0.274165 -0.323608  0.607689
0.274373  -0.3235 0.607668
 0.274586 -0.323392  0.607644
0.274802 -0.32328 0.607616
0.275023 -0.32317 0.607585
 0.275248 -0.323056  0.607548
 0.275495 -0.322966  0.607519
 0.275728 -0.322847  0.607473
  0.27596 -0.322709  0.607403
 0.276203 -0.322587  0.607352
0.276451 -0.32246 0.607297
 0.276703 -0.322332  0.607239
  0.27696 -0.322203  0.607174
 0.277238 -0.322049   0.60712
 0.277504 -0.321913  0.607045
 0.277775 -0.321771   0.60697
0.278052 -0.32163 0.606889
 0.278333 -0.321484  0.606803
 0.278619 -0.321334  0.606715
  0.27891 -0.321184  0.606618
 0.279206 -0.321029  0.606521
 0.279506 -0.320872  0.606414
0.279813 -0.32071 0.606309
 0.280142 -0.320574  0.606204
 0.280448 -0.320383  0.606053
 0.280769 -0.320215  0.605929
 0.281093 -0.320044  0.605798
 0.281423 -0.319868  0.605664
 0.281757 -0.319691  0.605523
 0.282117 -0.319486  0.605388
  0.28246 -0.319301  0.605235
 0.282809 -0.319115  0.605078
 0.283163 -0.318926  0.604914
 0.283521 -0.318734  0.604746
0.283884 -0.31854 0.604572
 0.284251 -0.318341  0.604392
 0.284623 -0.318142  0.604208
 0.284999 -0.317941  0.604013
 0.285381 -0.317735  0.603819
0.285765 -0.31753 0.603611
 0.286155 -0.317319  0.603402
  0.28655 -0.317108  0.603186
 0.286948 -0.316894  0.602963
 0.287352 -0.316678  0.602734
0.287758 -0.31646 0.602499
 0.288171 -0.316239  0.602259
 0.288585 -0.316016  0.602006
 0.289005 -0.315789   0.60175
 0.289457 -0.315616  0.601494
 0.289884 -0.315387  0.601223
 0.290315 -0.315153  0.600948
 0.290735 -0.314877  0.600622
 0.291171 -0.314638  0.600332
 0.291608 -0.314397  0.600031
  0.29205 -0.314152  0.599728
 0.292491 -0.313909  0.599408
 0.292935 -0.313661  0.599085
 0.29338 -0.31341 0.598756
 0.293827 -0.313158  0.598417
 0.294302 -0.312864  0.598074
  0.29475 -0.312609  0.597719
0.295201 -0.31235 0.597361
  0.29565 -0.312094  0.596989
   0.2961 -0.311834  0.596612
  0.29655 -0.311574  0.596228
    0.297 -0.311313  0.595836
  0.29745 -0.311053  0.595437
 0.297899 -0.310791  0.595029
 0.298349 -0.310525   0.59462
 0.298797 -0.310264  0.594197
 0.299245 -0.310005  0.593767
 0.299694 -0.309735  0.593335
 0.300141 -0.309472  0.592893
  0.30059 -0.309206  0.592445
 0.301037 -0.308934  0.591993
 0.301486 -0.308666  0.591532
 0.301934 -0.308397  0.591063
 0.302383 -0.308118  0.590597
 0.302831 -0.307845  0.590113
  0.30328 -0.307567  0.589628
0.303729 -0.30728 0.589141
 0.304178 -0.306996  0.588645
 0.304628 -0.306707  0.588144
 0.305077 -0.306412  0.587638
 0.305557 -0.306183  0.587123
 0.306004 -0.305879  0.586607
 0.306441 -0.305519  0.586052
0.306887 -0.30521 0.585525
 0.307333 -0.304893  0.584998
 0.307775 -0.304575   0.58446
0.308217 -0.30425 0.583921
  0.30868 -0.303877  0.583365
 0.309118 -0.303545  0.582817
 0.309553 -0.303207  0.582268
 0.309985 -0.302868  0.581713
 0.310415 -0.302524  0.581159
  0.31084 -0.302179  0.580598
 0.311263 -0.301829  0.580039
 0.311681 -0.301479  0.579472
 0.312096 -0.301123  0.578909
 0.312505 -0.300769  0.578338
 0.312911 -0.300409  0.577768
 0.313313 -0.300048  0.577197
  0.31371 -0.299684  0.576624
 0.314103 -0.299315  0.576052
 0.314492 -0.298944  0.575476
 0.314877 -0.298569  0.574901
 0.315256 -0.298191  0.574324
 0.315633 -0.297808  0.573749
 0.316005 -0.297422  0.573169
 0.316374 -0.297028  0.572595
 0.316738 -0.296634  0.572016
 0.317098 -0.296233   0.57144
 0.317456 -0.295828  0.570865
  0.31781 -0.295418   0.57029
 0.318161 -0.295002  0.569718
 0.318532 -0.294634  0.569132
 0.318851 -0.294155  0.568579
 0.319191 -0.293725  0.568011
 0.319553 -0.293339  0.567434
 0.319886 -0.292898   0.56687
0.320218 -0.29245 0.566313
 0.320538 -0.291946  0.565734
 0.320862 -0.291489   0.56518
 0.321183 -0.291028  0.564637
 0.321503 -0.289701  0.564454
0.321808 -0.28832 0.564343
0.322103 -0.28701 0.564207
0.322391 -0.28575 0.564054
 0.322667 -0.285677  0.563347
 0.322978 -0.287673  0.561739
 0.323222 -0.287232  0.561239
 0.323498 -0.282006  0.562934
 0.323552 -0.273057  0.566089
0.323607 -0.27037 0.566692
 0.323834 -0.272204  0.565358
 0.324061 -0.277913  0.562359
  0.32435 -0.285922  0.558241
 0.324508 -0.286255  0.557402
 0.324661 -0.286213  0.556855
 0.324815 -0.286195  0.556346
 0.325011 -0.281158  0.558161
 0.325151 -0.265656  0.564212
 0.324707 -0.253883  0.568656
 0.324432 -0.249601  0.570133
 0.324641 -0.251119  0.569242
 0.324924 -0.259151  0.565795
0.325201 -0.27064 0.560733
 0.325478 -0.284298  0.554365
 0.325698 -0.291285  0.550432
 0.325807 -0.284032  0.553718
 0.325938 -0.267023  0.560749
  0.32575 -0.244846  0.569286
 0.324814 -0.232625  0.573966
 0.325018 -0.228633  0.575306
 0.325287 -0.232681  0.573893
 0.325589 -0.243427   0.57003
 0.325923 -0.258672   0.56414
 0.326187 -0.276056  0.556824
 0.326428 -0.283313  0.553721
 0.326641 -0.276917  0.556294
 0.326804 -0.259888  0.563302
 0.326812 -0.235596  0.572432
 0.325808 -0.220149  0.578198
 0.325775 -0.213935  0.580792
 0.326108 -0.215662  0.580609
 0.326497 -0.225097   0.57784
 0.326943 -0.239897  0.572942
 0.327392 -0.257308  0.566481
 0.327856 -0.274541  0.559462
 0.328274 -0.275124  0.558948
 0.328767 -0.267521  0.561967
 0.329141 -0.248435  0.569435
 0.329139 -0.224194   0.57807
 0.327762 -0.210311  0.583218
0.327104 -0.20476 0.585432
 0.327885 -0.204976  0.585436
 0.328461 -0.210899  0.584148
 0.329135 -0.220204  0.581102
  0.32973 -0.231576   0.57734
 0.330352 -0.243139  0.573236
 0.330975 -0.253968  0.569027
 0.331606 -0.263391  0.565199
 0.332124 -0.262781  0.565159
   0.3326 -0.258462  0.566887
  0.33304 -0.243341  0.572683
 0.333436 -0.220438  0.580393
  0.33267 -0.203635  0.586389
 0.330365 -0.196281  0.590711
0.328748 -0.19446  0.59246
0.328422 -0.19507  0.59317
 0.328866 -0.199354   0.59259
 0.329365 -0.208767  0.590387
0.329733 -0.22158  0.58676
 0.330009 -0.237014  0.582149
0.330042 -0.25235 0.577929
 0.329843 -0.258111  0.576518
 0.329712 -0.257438  0.578079
 0.329599 -0.256978  0.579797
 0.329559 -0.257468  0.581438
 0.329522 -0.257607   0.58315
 0.329516 -0.256752  0.585438
 0.329618 -0.253536  0.588279
 0.330966 -0.245883  0.592179
 0.336192 -0.234279   0.59534
 0.345486 -0.220696  0.597046
 0.357887 -0.208903  0.598716
 0.372524 -0.193494  0.592679
 0.386349 -0.179823   0.58744
 0.396154 -0.167515  0.584467
 0.400923 -0.157844  0.584158
 0.398874 -0.155566  0.585388
 0.394415 -0.146917  0.598053
 0.389913 -0.137729  0.616209
 0.391017 -0.141005  0.614368
 0.392991 -0.141823  0.614697
 0.396008 -0.142581  0.616237
 0.400561 -0.141543  0.616712
 0.405172 -0.139493  0.614476
 0.410824 -0.136399  0.614565
 0.414478 -0.135649  0.615733
 0.414896 -0.141599  0.622497
0.417258 -0.15203 0.632423
0.415648 -0.16959 0.643133
 0.410604 -0.193798  0.653772
 0.407544 -0.193918  0.657414
0.416104 -0.17366 0.650981
 0.420918 -0.148504  0.643965
 0.428194 -0.119718  0.635431
 0.429609 -0.104672  0.618528
  0.429288 -0.0914205   0.609831
  0.433616 -0.0839965    0.59868
  0.440306 -0.0759846   0.588371
  0.450287 -0.0658168   0.573798
  0.458912 -0.0501339   0.563377
  0.464554 -0.0384475   0.555701
  0.472209 -0.0232435   0.547487
    0.48655 -0.00766831    0.537714
  0.504228 0.00862319   0.524053
 0.523951 0.0200959  0.507956
0.545258 0.022991 0.491155
0.569701 0.022987 0.470793
 0.594327 0.0234872  0.450608
 0.619472 0.0316482    0.4307
 0.634656 0.0448607   0.41992
 0.640644 0.0510248  0.423946
 0.645058 0.0590092  0.427597
 0.648284 0.0601802  0.438822
 0.648222 0.0715772  0.454542
 0.645549 0.0876181  0.469209
 0.648028 0.0935922  0.477775
 0.658875 0.0920476  0.478643
 0.673866 0.0881975  0.473852
 0.692707 0.0847107  0.464578
 0.713645 0.0822952  0.454633
0.725751 0.081425 0.452081
0.723492 0.080125 0.469278
 0.711545 0.0758878   0.49759
 0.696605 0.0670032  0.528656
 0.682267 0.0554706  0.553981
 0.664066 0.0402487  0.580493
0.640573 0.020255 0.607961
  0.612088 0.00172418   0.637327
  0.580187 -0.0261926   0.665051
  0.545044 -0.0524023   0.688767
    0.5075 -0.0806532   0.708784
 0.468968 -0.107727  0.724329
 0.436499 -0.123992  0.733403
0.411791 -0.13066 0.740514
 0.388552 -0.115855  0.752279
  0.367744 -0.0711043   0.765324
   0.345682 -0.00495205     0.77592
  0.32167 0.0756437    0.7787
0.292783 0.161345 0.773262
0.260779 0.230108 0.764156
0.232722 0.254732 0.764857
0.213833 0.256409 0.767197
0.198634 0.249992 0.771453
0.191441 0.229887 0.777414
0.197966 0.187965 0.787044
0.212249 0.153589 0.792825
0.227595 0.124647 0.796641
0.252532 0.102585 0.783388
 0.257775 0.0740613  0.793072
 0.273497 0.0585528  0.793853
 0.283365 0.0400865  0.794496
  0.29656 0.0241316  0.791527
 0.316174 0.0106289  0.785989
    0.342991 -0.000916429     0.774929
  0.370064 -0.0199903   0.757308
  0.395219 -0.0433778   0.742565
  0.422088 -0.0693613   0.726201
 0.453107 -0.105928  0.704654
 0.498236 -0.138782  0.667372
 0.559319 -0.159598  0.610701
 0.616535 -0.168085  0.545287
 0.660731 -0.171913  0.481975
 0.700366 -0.165647  0.407237
 0.732228 -0.172011  0.337682
 0.743736 -0.210962  0.283572
 0.743185 -0.245595  0.254211
 0.733632 -0.281443  0.252906
 0.714148 -0.318832  0.280932
 0.685792 -0.350636  0.332368
 0.649374 -0.373202  0.398082
 0.609777 -0.385109   0.46058
0.570329 -0.38663 0.517978
  0.54598 -0.375957  0.561252
 0.513555 -0.371557  0.595543
 0.486162 -0.373569  0.622141
 0.445063 -0.383533  0.648759
 0.393821 -0.397365    0.6773
 0.333441 -0.411778  0.706532
 0.267747 -0.428296  0.723359
 0.205613 -0.449269  0.728084
 0.151349 -0.471389  0.722043
 0.107004 -0.490795  0.710663
0.0658301 -0.504272  0.701701
0.0444911 -0.506162  0.698127
0.0469284 -0.502474  0.695303
0.0658004 -0.499414  0.688868
0.0966652 -0.497941  0.677224
0.138137 -0.49644 0.654237
 0.190887 -0.493723  0.630275
 0.250209 -0.479482   0.61606
 0.308539 -0.450475  0.600124
  0.36791 -0.408729  0.583292
 0.424882 -0.357139  0.560314
 0.480753 -0.311765  0.529557
 0.523855 -0.290003  0.505544
 0.541403 -0.272675  0.498758
  0.54979 -0.239609   0.51849
 0.532138 -0.197489  0.565849
  0.48103 -0.142927  0.637225
   0.39354 -0.0909483    0.71428
  0.262557 -0.0568204   0.794646
  0.105254 -0.0367781   0.848465
-0.0485368  -0.028567   0.871404
 -0.141804 -0.0366739   0.875786
 -0.209424 -0.0505911    0.87695
 -0.260281 -0.0645857   0.876808
 -0.296778 -0.0759115   0.877012
   -0.3234 -0.0828604   0.877786
-0.370225 -0.152738  0.857287
-0.387074  -0.23059  0.835998
-0.382661 -0.301169  0.817214
-0.365896 -0.360615  0.801155
-0.346186 -0.391481  0.794247
-0.325588 -0.368435  0.812799
-0.312717 -0.342403  0.827499
-0.299527 -0.344939  0.827708
-0.283866 -0.374102  0.816394
-0.266827 -0.391523  0.809624
 -0.25169 -0.393131  0.809676
-0.245321 -0.417344  0.794959
-0.255537 -0.450673   0.76701
-0.283011 -0.482963  0.727985
-0.328977  -0.50502    0.6815
-0.377263 -0.524204  0.626985
-0.42469 -0.53848 0.564401
-0.469294 -0.547511  0.494111
-0.506002 -0.549555    0.4217
-0.533549 -0.545511  0.356442
-0.542675 -0.546463  0.305826
-0.544395 -0.547311  0.273473
-0.532312 -0.552228  0.268618
-0.503486 -0.567389  0.282186
-0.456305 -0.588709  0.311235
-0.411341 -0.601665  0.324727
-0.356652 -0.610303  0.339678
-0.293778 -0.606983  0.377037
-0.226112 -0.580066  0.439772
-0.162325 -0.545905  0.489789
-0.111071 -0.522929  0.509223
-0.067768 -0.513727  0.503672
-0.0340736  -0.516707   0.479702
-0.0141113  -0.512505   0.461843
-0.00932265   -0.494362    0.464086
-0.0100905  -0.489543   0.458087
-0.0058165  -0.491414   0.457204
0.0140301 -0.496217  0.464006
0.0533635 -0.499592  0.479443
 0.103128 -0.496633  0.501267
 0.138489 -0.480965  0.539598
 0.143758 -0.445746  0.595692
 0.100218 -0.380291  0.664793
0.0536163 -0.306613  0.719153
0.00750731  -0.242351   0.750165
-0.019449 -0.190226  0.766417
-0.0157055  -0.168053   0.770074
-0.00626346   -0.152372    0.770332
0.00715294  -0.141004   0.768113
0.0241367 -0.131183  0.764468
0.0456846   -0.1222  0.758532
0.0693827 -0.112796  0.750903
0.0948089 -0.102199  0.741424
 0.122584 -0.087905  0.730679
  0.139053 -0.0726923   0.721411
  0.125864 -0.0619021   0.717551
0.0877295    -0.053  0.717494
 0.0316385 -0.0462211   0.716764
-0.0319855 -0.0441841   0.711475
-0.0838032 -0.0502539   0.700713
 -0.132851 -0.0538786   0.686848
 -0.153594 -0.0618197   0.675764
 -0.171274 -0.0736212   0.663928
 -0.189435 -0.0871654   0.653784
-0.204117 -0.106312  0.644643
-0.204652 -0.131257  0.637866
-0.198182 -0.148231  0.638138
-0.175658 -0.169417   0.64359
-0.140603 -0.185999  0.652039
-0.0918084  -0.200937   0.662127
-0.0280041  -0.211443   0.669975
0.0345413 -0.215453  0.673014
 0.097175 -0.215111  0.670374
0.160353 -0.21229 0.663181
 0.208452 -0.207134  0.656224
 0.235298 -0.199578  0.654001
 0.248164 -0.186291  0.658939
 0.247155 -0.164734  0.671427
 0.224365 -0.134677  0.692068
  0.179713 -0.0992486   0.715232
  0.120626 -0.0534152   0.734874
 0.0567354 -0.0154732   0.746477
-0.0169111  0.0106572   0.750526
-0.0688755  0.0264608   0.748695
-0.0899861 -0.0147972   0.746188
 -0.107828 -0.0482718   0.740809
 -0.124112 -0.0765939   0.735584
-0.141506 -0.105002  0.728761
-0.158864 -0.144415  0.716114
-0.175324 -0.195447  0.693888
-0.201164 -0.235899  0.667628
-0.242619 -0.258315  0.637592
-0.294052 -0.262574  0.604737
-0.343346 -0.258058  0.573027
-0.383149 -0.250542  0.546773
-0.408474 -0.245838  0.529792
-0.420327 -0.239776  0.526587
-0.416611 -0.234908  0.537228
-0.399791 -0.227862  0.559315
-0.369245 -0.218977  0.588391
-0.339386  -0.20749  0.617284
-0.308375  -0.18299  0.644637
-0.274142 -0.157775  0.665404
-0.238871 -0.154033  0.675799
-0.207233   -0.1725  0.675587
-0.179046 -0.206757  0.671063
-0.155561 -0.242968  0.660117
-0.140721 -0.287583  0.642307
-0.128206 -0.322263   0.62392
-0.121205 -0.333727  0.614446
-0.123393 -0.355812  0.595603
-0.135458 -0.367091  0.580831
-0.157053 -0.379532  0.563164
-0.172602 -0.388115  0.551112
-0.180299 -0.391931  0.548032
-0.177066 -0.396323  0.550523
-0.171711 -0.395931  0.558345
-0.180961 -0.395819  0.567752
 -0.20637 -0.388295  0.578527
-0.241811 -0.376774  0.585193
-0.284469 -0.358577  0.589538
-0.330737 -0.331403  0.591423
-0.375613 -0.302867  0.584283
-0.420812 -0.279046  0.563757
-0.457737 -0.264495  0.538445
-0.479658 -0.259731   0.52063
-0.487246 -0.259606  0.516283
-0.484339 -0.257707  0.522168
-0.478478 -0.249881  0.527922
 -0.46412 -0.244727  0.532368
-0.441795 -0.243833  0.533712
-0.411986 -0.248581  0.529772
-0.392573 -0.241393  0.523471
-0.368388 -0.234293  0.521214
-0.343949 -0.220535  0.522307
-0.334545 -0.198257  0.519084
-0.327295 -0.175757   0.52194
 -0.33735 -0.138008  0.531062
-0.359803 -0.131254   0.52386
-0.382346 -0.158365  0.502968
-0.394146 -0.194587  0.482643
-0.395951 -0.208647  0.477448
-0.393426 -0.206445  0.480917
-0.392268 -0.207841  0.484484
-0.390729 -0.209695  0.488848
-0.389046 -0.214109  0.490966
 -0.3846  -0.2226 0.492181
-0.378622 -0.220149  0.498729
-0.363083 -0.217218  0.512608
-0.342532 -0.216326  0.528836
-0.317849 -0.216956  0.544493
 -0.28841 -0.223738  0.559457
-0.256396 -0.231056  0.574471
 -0.22582 -0.236567  0.591612
-0.200984 -0.250162  0.596846
-0.188526 -0.265882   0.58895
-0.169192 -0.277084  0.590512
-0.160655 -0.303861  0.585955
-0.122392 -0.326851  0.590837
-0.0636034  -0.320891   0.617641
-0.0173101  -0.294342   0.652155
0.0463161 -0.263368  0.684204
 0.123345 -0.266924  0.693375
  0.21059 -0.249001  0.699605
 0.313552 -0.221554  0.683607
0.413817 -0.20775 0.646603
 0.487276 -0.173302  0.618034
 0.534718 -0.155884  0.583834
 0.533943 -0.123565  0.596515
  0.483488 -0.0999024   0.643988
  0.395866 -0.0726421   0.698602
  0.268882 -0.0627117   0.753595
  0.127462 -0.0581459   0.780323
-0.0245315 -0.0630024   0.785091
 -0.144181 -0.0970437   0.766774
-0.184857 -0.135247  0.746916
-0.208153 -0.169191  0.734893
-0.214177 -0.192999   0.72756
-0.207954 -0.203323    0.7261
-0.193189 -0.198946  0.733229
-0.175599 -0.186182  0.739677
-0.170808 -0.167549  0.737105
-0.177752 -0.146182  0.729517
-0.187861 -0.124578  0.717418
-0.204149 -0.109893    0.7005
-0.217595 -0.118272  0.679645
-0.236019 -0.152037  0.650705
-0.260863 -0.204211   0.61446
-0.272256 -0.262173  0.575085
-0.284727 -0.296064  0.544478
-0.283218 -0.301865  0.539021
-0.267046 -0.293774  0.552872
-0.236647 -0.273862  0.581876
-0.193826 -0.240827  0.619988
-0.140173 -0.194539  0.660878
-0.078088 -0.137708  0.698986
-0.00770288  -0.0712482    0.730824
  0.0717445 -0.00203636    0.752316
 0.154295 0.0389164  0.764113
 0.190989 0.0821059  0.777892
 0.19207 0.117244 0.798833
0.170735 0.150936 0.823329
0.143636 0.178364 0.841653
 0.10904 0.204881 0.856377
0.0538825  0.222781  0.866388
0.00251792   0.218026   0.870938
0.000399213    0.211509    0.872731
0.0230784  0.232866  0.865998
0.0417634  0.275631  0.852565
0.056551 0.314655   0.8383
0.0684835  0.334569  0.832073
0.0776254  0.328399  0.836097
0.0797223  0.314965  0.841762
0.0921458  0.295264  0.845939
0.111276 0.274041 0.847925
0.133108 0.257301 0.846272
0.160552 0.238865 0.841873
 0.18984 0.219094  0.83487
0.219428 0.198861 0.825508
0.243591 0.179593 0.816774
0.263603 0.161119 0.807423
0.279381 0.144791 0.798449
0.291729 0.128356 0.790155
0.295342 0.116339 0.786493
 0.28441  0.11259 0.786788
0.255035 0.130049 0.789294
0.218844 0.161573 0.789792
 0.17382 0.193468 0.789105
0.121664 0.210264 0.790233
0.0635662  0.202233  0.795527
0.00776589   0.190148   0.799095
-0.0293096   0.186045   0.798801
-0.0477247   0.186234   0.798072
-0.0563185   0.182152   0.799214
-0.0667597   0.174276   0.800571
-0.0664784    0.15713   0.800898
-0.0516173   0.133141   0.802258
-0.0305751   0.108738   0.804305
0.000649735   0.0816586    0.804907
0.0400063 0.0505028  0.802631
0.0899272 0.0146981  0.796927
  0.135246 -0.0201669   0.789545
  0.167949 -0.0562693   0.779004
  0.191685 -0.0884714   0.767096
 0.207427 -0.112693  0.756457
  0.21421 -0.126422  0.749488
 0.21054 -0.13282 0.747523
 0.191647 -0.134377  0.752374
 0.153985 -0.132674  0.762561
 0.098314 -0.125282  0.774871
0.0307748 -0.110544  0.784633
 -0.039774 -0.0876906   0.788921
 -0.100782 -0.0624606   0.788044
 -0.143465 -0.0447832   0.785292
 -0.164722 -0.0338643   0.789129
 -0.178189 -0.0354859   0.796538
 -0.181056 -0.0393036   0.804389
 -0.172361 -0.0473738   0.812788
 -0.149404 -0.0600908    0.82206
 -0.120326 -0.0754201   0.829261
-0.0994308 -0.0939509   0.831806
-0.0743312  -0.118413   0.831759
-0.0415096  -0.143454   0.829355
-0.00798344   -0.161261    0.825517
0.0227654 -0.173908  0.820267
0.0487189  -0.18421  0.813534
0.0705581 -0.193799  0.806039
0.0872126 -0.202597  0.798592
0.0913518  -0.20485  0.794114
0.0770976 -0.194962  0.795756
0.0487293 -0.177396   0.80012
0.00867005  -0.154032   0.804797
-0.0392025  -0.126518   0.807274
-0.0853038  -0.102267   0.806081
 -0.112972 -0.0910293   0.803307
  -0.13206 -0.0858447   0.801472
 -0.146546 -0.0858563   0.799906
 -0.157288 -0.0938135   0.796887
 -0.16449 -0.106645  0.793168
-0.165393 -0.127563  0.788221
-0.164763 -0.147867  0.784966
-0.158399 -0.173504  0.781289
-0.146135 -0.199907  0.777773
-0.128497 -0.229708  0.772444
-0.100589 -0.265296  0.763284
-0.0657481  -0.293601   0.754907
-0.0307366  -0.305064   0.750335
0.00830081  -0.305889   0.749205
0.0476472 -0.295425  0.750066
0.0616296 -0.277049   0.75409
0.0587076 -0.254206  0.761484
0.0331997  -0.23729  0.769328
-0.00769328   -0.220793    0.775807
-0.0611085   -0.20516   0.780847
-0.122366 -0.195242  0.778837
-0.177339 -0.200421  0.768807
-0.208486 -0.210717  0.760508
-0.236591 -0.220025  0.751635
-0.260403 -0.229067  0.742928
-0.283989 -0.238816  0.732155
-0.303148 -0.254528  0.718476
-0.323438 -0.266924  0.703049
-0.348531 -0.271888  0.684929
-0.378062 -0.266182  0.664849
-0.409425 -0.259362  0.640305
-0.437649  -0.25222  0.616484
-0.459574 -0.251358  0.595668
-0.473201 -0.254468  0.580254
-0.477523 -0.255588  0.573289
-0.475102 -0.260092  0.571423
-0.467346 -0.265502  0.575323
-0.455529 -0.269213  0.586824
-0.434439 -0.272745  0.607759
-0.408253   -0.2708  0.632915
-0.376854 -0.267734  0.658563
 -0.34171 -0.262453  0.685301
-0.298896 -0.257977   0.71055
-0.250968 -0.257199  0.729786
-0.202733 -0.260958  0.741055
-0.159067 -0.268811  0.745726
-0.123895 -0.280697  0.744691
-0.0939476  -0.300919   0.737759
-0.072306 -0.326699   0.72682
-0.0587504  -0.355571   0.711618
-0.0543113  -0.373453   0.701142
-0.0651181  -0.374799    0.70058
-0.0982474  -0.359665   0.709298
-0.146785 -0.330121  0.722647
-0.205507 -0.290566  0.733242
-0.266929 -0.244158  0.738514
-0.323584 -0.209657  0.732029
-0.372016 -0.189469  0.718164
-0.389724 -0.172711  0.714528
-0.400724 -0.154181  0.713912
-0.405653 -0.138583  0.715233
  -0.4014 -0.126331  0.721108
-0.390374  -0.11426   0.73229
-0.373827 -0.104167  0.744579
 -0.342718 -0.0966741   0.762695
-0.304645 -0.100102  0.781031
-0.254355 -0.114708  0.797719
-0.192841 -0.144006  0.808345
-0.130423 -0.182663   0.81206
-0.0741674  -0.222432   0.809004
-0.0240436  -0.260605   0.799974
0.0161566 -0.291494  0.790814
0.0468103 -0.316405  0.781493
0.0634112 -0.326533  0.780501
0.0461782 -0.313059  0.792645
0.00620063   -0.28951   0.808407
-0.0488337  -0.265187   0.820438
-0.117836 -0.241499  0.825339
-0.198089 -0.219868  0.818989
-0.286938 -0.205336  0.797131
-0.369199  -0.21393  0.760729
-0.397152 -0.232223  0.740374
-0.398642 -0.243876  0.736564
-0.395031  -0.25285  0.737479
 -0.37772 -0.268087  0.743367
-0.347561 -0.290425  0.751386
-0.304648 -0.310204  0.764496
-0.249128 -0.337256  0.774545
-0.179242 -0.372511  0.779064
-0.093454 -0.407379  0.774928
-0.00859591   -0.431583    0.764309
0.0758282 -0.442315  0.750882
 0.149559 -0.439609  0.741672
0.189159  -0.4316 0.734608
