0.0169925 -0.105397  0.508353
0.0169878 -0.105398  0.508353
0.0169707 -0.105394  0.508354
0.0169749 -0.105395  0.508353
0.0169669 -0.105396  0.508353
0.0169438 -0.105394  0.508352
0.0169334 -0.105394  0.508351
0.0169251 -0.105394  0.508351
0.0169163 -0.105393   0.50835
0.0169081 -0.105395  0.508349
0.0168993 -0.105395  0.508348
0.0168922 -0.105396  0.508346
0.0168977 -0.105396  0.508346
 0.016892 -0.105393  0.508346
0.0168852 -0.105394  0.508344
0.0168731 -0.105393  0.508342
0.0168689 -0.105397   0.50834
0.0168722 -0.105396   0.50834
0.0168702 -0.105393  0.508339
0.0168673 -0.105391  0.508336
0.0168692  -0.10539  0.508336
0.0168695  -0.10539  0.508334
0.0168699 -0.105388  0.508332
0.0168729 -0.105386  0.508331
0.0168781 -0.105382  0.508326
0.0168835 -0.105378  0.508324
0.0168883 -0.105377   0.50832
0.0168884 -0.105377  0.508321
0.0168943 -0.105369  0.508319
0.0169069 -0.105358  0.508312
 0.016914 -0.105355  0.508308
0.0169215 -0.105347  0.508304
0.0169296  -0.10534  0.508299
0.0169381 -0.105331  0.508294
0.0169467 -0.105323  0.508289
0.0169486 -0.105324  0.508289
 0.016958 -0.105314  0.508284
0.0169751  -0.10529  0.508272
0.0169854 -0.105277  0.508265
0.0169959 -0.105266  0.508257
0.0170071 -0.105252   0.50825
0.0170186 -0.105238  0.508241
0.0170306 -0.105224  0.508232
0.0170429  -0.10521  0.508223
 0.017056 -0.105193  0.508213
0.0170694 -0.105178  0.508202
0.0170834 -0.105161  0.508191
0.0170982 -0.105143  0.508179
0.0171136 -0.105126  0.508167
0.0171182 -0.105109  0.508152
0.0171463 -0.105091   0.50814
0.0171654 -0.105065  0.508125
 0.017184 -0.105045  0.508109
0.0172046 -0.105026  0.508093
 0.017224 -0.105006  0.508077
0.0172462 -0.104984  0.508059
0.0172683 -0.104961  0.508041
0.0172847  -0.10497  0.508039
0.0173077 -0.104948   0.50802
0.0173406 -0.104892  0.507983
0.0173672  -0.10487  0.507961
0.0173945 -0.104844  0.507939
0.0174227 -0.104819  0.507916
0.0174518 -0.104792  0.507892
 0.017481 -0.104767  0.507867
 0.017513 -0.104737  0.507842
0.0175442 -0.104709  0.507815
0.0175782  -0.10468  0.507788
0.0176123 -0.104649  0.507759
0.0176465 -0.104618  0.507729
0.0176826 -0.104586  0.507699
0.0177197 -0.104555  0.507667
0.0177588 -0.104522  0.507634
0.017798 -0.10449   0.5076
0.0178383 -0.104454  0.507565
0.0178795 -0.104418  0.507529
0.0179219 -0.104383  0.507491
0.0179649 -0.104345  0.507448
0.0180093 -0.104307  0.507408
0.0180547 -0.104321  0.507402
0.0181043 -0.104229  0.507322
 0.018152 -0.104189  0.507276
0.0182008 -0.104147   0.50723
0.0182507 -0.104104  0.507183
0.0183016 -0.104061  0.507133
0.0183536 -0.104016  0.507082
0.0184066 -0.103972  0.507029
0.0184606 -0.103926  0.506975
0.0185157  -0.10388  0.506919
0.0185736 -0.103833  0.506863
0.0186309 -0.103784  0.506803
0.0186895 -0.103735  0.506742
 0.018749 -0.103684  0.506679
0.0188096 -0.103634  0.506614
0.0188805 -0.103655  0.506606
0.0189341  -0.10353  0.506477
0.0189976 -0.103463  0.506399
0.0190627 -0.103409  0.506325
0.0191288 -0.103353  0.506249
 0.019196 -0.103297   0.50617
  0.01927 -0.103239  0.506088
0.0193393 -0.103182  0.506005
0.0194094 -0.103122   0.50592
0.0194805 -0.103062  0.505832
0.0195525 -0.103003  0.505742
0.0196253 -0.102941  0.505649
0.0196989 -0.102881  0.505554
0.0197732 -0.102818  0.505457
0.0198481 -0.102756  0.505358
0.0199236 -0.102694  0.505255
0.0200337 -0.102718  0.505244
0.0201124 -0.102654   0.50514
0.0201915 -0.102592  0.505032
0.0202304 -0.102438   0.50482
0.0203518 -0.102463  0.504808
0.0204325 -0.102399  0.504691
0.0205168 -0.102335  0.504573
0.0205978 -0.102268   0.50445
0.0206789 -0.102202  0.504323
0.0207601 -0.102134  0.504194
0.0208411 -0.102067  0.504061
0.0209219 -0.101998  0.503925
0.0209328 -0.101832  0.503659
0.0210091 -0.101761  0.503514
0.0210852 -0.101691  0.503366
0.0211607  -0.10162  0.503217
0.0212361  -0.10155  0.503065
0.0213111 -0.101481   0.50291
 0.021377 -0.101407  0.502739
0.0214517 -0.101339   0.50258
0.0215263 -0.101272  0.502418
 0.021601 -0.101207  0.502254
 0.021688 -0.101141  0.502082
0.0217631 -0.101077  0.501913
0.0218384 -0.101016  0.501741
0.0219137 -0.100954  0.501566
0.0219891 -0.100894  0.501389
0.0221742 -0.100913  0.501373
0.0222516 -0.100855  0.501193
0.0223298 -0.100797   0.50101
 0.022406 -0.100738  0.500824
0.0224837 -0.100682  0.500633
0.0224396 -0.100554   0.50026
0.0225119 -0.100498  0.500059
0.0225827 -0.100442  0.499854
0.0226519 -0.100387  0.499648
0.0227074 -0.100321  0.499421
0.0227744 -0.100265  0.499209
0.0228403  -0.10021  0.498995
0.0229202 -0.100154  0.498772
0.0229845   -0.1001  0.498554
0.0230482 -0.100046  0.498334
 0.0231112 -0.0999942   0.498111
0.0231736 -0.099942  0.497887
 0.0232355 -0.0998918   0.497661
  0.023298 -0.0998413   0.497433
 0.0233695 -0.0997955   0.497205
 0.0234027 -0.0997469   0.496979
 0.0234783 -0.0996961   0.496739
 0.0235357 -0.0996487   0.496506
 0.0235931 -0.0996029    0.49627
  0.023651 -0.0995569   0.496033
 0.0237056 -0.0995131   0.495795
 0.0239249 -0.0995182   0.495774
 0.0238199 -0.0994269   0.495317
 0.0238714 -0.0993848   0.495073
 0.0239235 -0.0993427   0.494828
 0.0241391 -0.0993431   0.494804
0.0240238  -0.09926  0.494336
 0.0240534 -0.0992194   0.494064
  0.024099 -0.0991785   0.493815
 0.0241447 -0.0991389   0.493566
 0.0241893 -0.0991021   0.493315
 0.0242313 -0.0990629   0.493065
 0.0242877 -0.0990222   0.492806
 0.0243289 -0.0989875   0.492555
0.0243678 -0.098951  0.492305
 0.0244063 -0.0989163   0.492055
0.0244446 -0.098884  0.491805
 0.0244807 -0.0988503   0.491556
 0.0245164 -0.0988178   0.491307
 0.0245521 -0.0987883   0.491059
 0.0245855 -0.0987574   0.490812
0.0246182 -0.098728  0.490566
 0.0246555 -0.0987042   0.490324
 0.0246917 -0.0986769   0.490079
 0.0247155 -0.0986499   0.489838
  0.024745 -0.0986262   0.489596
 0.0247731 -0.0986014   0.489357
 0.0247996 -0.0985782   0.489119
 0.0248259 -0.0985574   0.488881
 0.0248498 -0.0985351   0.488646
 0.0248732 -0.0985141   0.488412
 0.0248966 -0.0984957   0.488179
 0.0249176 -0.0984759   0.487948
 0.0249383 -0.0984578   0.487717
 0.0249429 -0.0984372   0.487468
  0.024962 -0.0984215    0.48724
 0.0249813 -0.0984056   0.487014
0.0249989  -0.09839   0.48679
 0.0250157 -0.0983759   0.486568
 0.0250441 -0.0983581   0.486339
 0.0250588 -0.0983447   0.486119
 0.0250735 -0.0983323   0.485901
 0.0250885 -0.0983199   0.485684
  0.025101 -0.0983077    0.48547
 0.0251135 -0.0982968   0.485258
 0.0251266 -0.0982861   0.485047
 0.0251404 -0.0982785   0.484841
 0.0251557 -0.0982683   0.484634
 0.0251619 -0.0982578   0.484431
 0.0251706 -0.0982495   0.484228
0.0251802  -0.09824  0.484029
0.0251892 -0.098231  0.483831
 0.0251958 -0.0982233   0.483634
0.0252028 -0.098215   0.48344
   0.02521 -0.0982069   0.483248
0.0252151   -0.0982  0.483058
 0.0252204 -0.0981922    0.48287
 0.0252123 -0.0981888   0.482666
 0.0252172 -0.0981822   0.482482
 0.0252217 -0.0981754   0.482299
 0.0252346 -0.0981666   0.482114
 0.0252385 -0.0981603   0.481936
 0.0252429 -0.0981554   0.481759
 0.0252456 -0.0981503   0.481585
 0.0252488 -0.0981447   0.481413
 0.0252543 -0.0981415   0.481245
 0.0252547 -0.0981351   0.481074
 0.0252571 -0.0981316   0.480908
0.0252618 -0.098129  0.480746
  0.025264 -0.0981253   0.480584
 0.0252669 -0.0981215   0.480425
 0.0252686 -0.0981189   0.480266
 0.0252699 -0.0981153    0.48011
 0.0252713 -0.0981125   0.479956
 0.0252722 -0.0981095   0.479803
 0.0252728 -0.0981079   0.479653
 0.0252734 -0.0981055   0.479504
 0.0252649 -0.0981014   0.479343
 0.0252651 -0.0980991   0.479198
 0.0252651 -0.0980972   0.479055
 0.0252652 -0.0980954   0.478914
 0.0252701 -0.0980923    0.47877
 0.0252696 -0.0980908   0.478633
 0.0252691 -0.0980899   0.478497
 0.0252684 -0.0980884   0.478363
 0.0253515 -0.0980877   0.478366
 0.0252672 -0.0980877     0.4781
 0.0253471 -0.0980882   0.478104
 0.0252643 -0.0980863   0.477843
 0.0252623 -0.0980871   0.477716
0.0252598 -0.098087  0.477591
  0.025257 -0.0980872   0.477468
 0.0252541 -0.0980876   0.477347
 0.0252536 -0.0980908    0.47723
0.0252501 -0.098091  0.477111
 0.0252466 -0.0980921   0.476995
 0.0252427 -0.0980924    0.47688
  0.025239 -0.0980938   0.476767
 0.0252353 -0.0980948   0.476655
 0.0252316 -0.0980958   0.476546
  0.025228 -0.0980963   0.476438
 0.0252246 -0.0980983   0.476331
0.0252214 -0.098099  0.476227
 0.0252185 -0.0981003   0.476124
 0.0252156 -0.0981011   0.476023
 0.0252129 -0.0981028   0.475923
0.0252104 -0.098104  0.475825
 0.0252078 -0.0981051   0.475728
 0.0252055 -0.0981064   0.475633
  0.025203 -0.0981083   0.475539
 0.0252007 -0.0981093   0.475446
 0.0251985 -0.0981108   0.475355
 0.0251963 -0.0981119   0.475265
 0.025194 -0.098114  0.475176
  0.025192 -0.0981156   0.475089
 0.0251898 -0.0981169   0.475003
 0.0251877 -0.0981185   0.474918
 0.0251801 -0.0981212   0.474824
 0.0251778 -0.0981224   0.474742
 0.0251756 -0.0981245   0.474661
 0.0251755 -0.0981257    0.47458
  0.025174 -0.0981272   0.474502
 0.0251731 -0.0981309   0.474426
 0.025171 -0.098133  0.474349
 0.0251685 -0.0981341   0.474274
 0.0251662 -0.0981357     0.4742
0.0251636 -0.098137  0.474128
 0.0251611 -0.0981391   0.474056
 0.0251584 -0.0981402   0.473985
 0.0251558 -0.0981413   0.473915
 0.0251529 -0.0981423   0.473847
   0.02515 -0.0981439    0.47378
0.0251472 -0.098145  0.473713
 0.0251442 -0.0981456   0.473648
 0.0251412 -0.0981476   0.473583
0.0251381 -0.098148   0.47352
 0.0251316 -0.0981442    0.47345
 0.0251284 -0.0981447   0.473388
 0.0251254 -0.0981457   0.473328
0.0251222 -0.098146  0.473268
 0.0251203 -0.0981484   0.473208
 0.0251179 -0.0981492    0.47315
 0.0251161 -0.0981523   0.473094
0.0251131 -0.098153  0.473038
   0.02511 -0.0981545   0.472982
 0.0251075 -0.0981558   0.472928
 0.0251046 -0.0981569   0.472874
 0.0251018 -0.0981579   0.472821
 0.0250989 -0.0981596   0.472768
 0.0250962 -0.0981608   0.472716
 0.0250934 -0.0981621   0.472666
 0.0250907 -0.0981632   0.472616
 0.0251197 -0.0981966   0.472633
 0.0251165 -0.0981989   0.472584
 0.0251133 -0.0982002   0.472536
 0.0251103 -0.0982021   0.472488
 0.0251069 -0.0982033   0.472441
 0.0250725 -0.0981707   0.472329
 0.0250651 -0.0981706   0.472276
 0.0250613 -0.0981714    0.47223
0.0250571 -0.098172  0.472186
 0.0250838 -0.0982091   0.472203
 0.0250487 -0.0981742   0.472098
 0.0250451 -0.0981743   0.472056
 0.0250415 -0.0981765   0.472013
 0.0250366 -0.0981751   0.471972
 0.0250332 -0.0981781    0.47193
 0.0250292 -0.0981781   0.471891
 0.0250256 -0.0981787   0.471851
 0.0250492 -0.0982171   0.471869
 0.0250189 -0.0981791   0.471776
 0.0250161 -0.0981804   0.471738
 0.0250142 -0.0981821   0.471703
 0.0250117 -0.0981828   0.471667
 0.0250091 -0.0981829   0.471632
 0.0250068 -0.0981841   0.471598
 0.0250274 -0.0982239   0.471616
 0.0250249 -0.0982243   0.471583
0.0250223 -0.098225  0.471549
0.0249975 -0.098186  0.471465
 0.0249951 -0.0981862   0.471433
 0.0250142 -0.0982273   0.471452
 0.0249895 -0.0981868    0.47137
 0.0249865 -0.0981878   0.471339
0.0249816 -0.098181  0.471304
 0.0249999 -0.0982224   0.471322
 0.0249749 -0.0981824   0.471243
 0.0249715 -0.0981829   0.471214
 0.0249677 -0.0981831   0.471185
  0.024964 -0.0981836   0.471156
 0.0249813 -0.0982248   0.471174
 0.0249561 -0.0981854     0.4711
 0.0249528 -0.0981862   0.471072
 0.0249488 -0.0981866   0.471045
 0.0249449 -0.0981885   0.471018
 0.0249409 -0.0981891   0.470991
 0.0249371 -0.0981901   0.470965
 0.0249331 -0.0981907   0.470939
 0.0249294 -0.0981926   0.470914
 0.0249253 -0.0981951   0.470889
 0.0249403 -0.0982356   0.470907
 0.0249364 -0.0982367   0.470882
0.0249138 -0.098197  0.470816
 0.0249101 -0.0981984   0.470791
 0.0249252 -0.0982415    0.47081
 0.0249033 -0.0982012   0.470745
 0.0248993 -0.0982012   0.470722
 0.0248953 -0.0982022   0.470699
 0.0248912 -0.0982019   0.470677
 0.0249047 -0.0982432   0.470695
 0.0248808 -0.0982003   0.470628
 0.0248795 -0.0982015   0.470611
 0.0248752 -0.0982016    0.47059
 0.0248703 -0.0982008   0.470568
  0.024883 -0.0982424   0.470586
 0.0248619 -0.0981997   0.470527
0.0248578 -0.098199  0.470506
 0.0248536 -0.0981992   0.470486
 0.0248495 -0.0981988   0.470466
 0.0248454 -0.0981983   0.470447
 0.0248408 -0.0981938   0.470427
0.0248368 -0.098194  0.470408
 0.0248329 -0.0981939   0.470389
 0.0248287 -0.0981953   0.470371
 0.0248248 -0.0981949   0.470353
 0.0248211 -0.0981946   0.470335
 0.0248174 -0.0981952   0.470317
 0.0248139 -0.0981952   0.470299
0.0248102 -0.098195  0.470282
 0.0248081 -0.0981969   0.470266
  0.024804 -0.0981965   0.470249
 0.0248007 -0.0981976   0.470232
 0.0247973 -0.0981975   0.470216
  0.024794 -0.0981977   0.470199
 0.0247906 -0.0981976   0.470184
 0.0247871 -0.0981983   0.470168
 0.0247839 -0.0981984   0.470152
 0.0247803 -0.0981982   0.470136
  0.024777 -0.0981986   0.470121
 0.0247736 -0.0981984   0.470106
 0.0247702 -0.0981993   0.470091
 0.0247665 -0.0981991   0.470077
  0.024763 -0.0981991   0.470062
 0.0247592 -0.0981989   0.470048
 0.0247556 -0.0981987   0.470033
 0.0247518 -0.0981992   0.470019
 0.0247479 -0.0981987   0.470005
 0.0247442 -0.0981985   0.469991
 0.0247403 -0.0981982   0.469978
 0.0247366 -0.0981977   0.469964
 0.0247326 -0.0981978    0.46995
 0.0247287 -0.0981972   0.469936
 0.0247248 -0.0981967   0.469923
 0.0247211 -0.0981962    0.46991
 0.0247171 -0.0981952   0.469897
 0.0247132 -0.0981952   0.469884
 0.0247094 -0.0981945   0.469871
 0.0247054 -0.0981933   0.469858
 0.0247018 -0.0981927   0.469846
 0.0246978 -0.0981914   0.469833
 0.0246942 -0.0981915   0.469821
 0.0246905 -0.0981904   0.469809
 0.0246869 -0.0981897   0.469796
 0.0246833 -0.0981886   0.469785
 0.0246798 -0.0981876   0.469773
 0.0246764 -0.0981875   0.469761
0.0246735 -0.098187   0.46975
  0.02467 -0.098186  0.469738
 0.0246661 -0.0981846   0.469727
 0.0246628 -0.0981836   0.469715
 0.0246594 -0.0981833   0.469704
 0.0246562 -0.0981826   0.469693
 0.0246529 -0.0981816   0.469683
 0.0246498 -0.0981811   0.469672
0.0246465  -0.09818  0.469662
 0.0246435 -0.0981802   0.469651
 0.0246403 -0.0981794   0.469641
 0.0246373 -0.0981788   0.469631
0.0246341 -0.098178  0.469621
 0.024631 -0.098177  0.469611
  0.024628 -0.0981742     0.4696
 0.0246254 -0.0981749   0.469591
 0.0246219 -0.0981759   0.469581
 0.0246188 -0.0981752   0.469572
 0.0246158 -0.0981746   0.469562
 0.0246127 -0.0981746   0.469553
0.0246098 -0.098174  0.469544
 0.0246067 -0.0981733   0.469535
 0.0246038 -0.0981727   0.469525
 0.0246013 -0.0981702   0.469516
 0.0245977 -0.0981708   0.469508
 0.0245948 -0.0981711   0.469499
 0.0245917 -0.0981702    0.46949
 0.0245888 -0.0981695   0.469481
 0.0245858 -0.0981686   0.469472
 0.0245829 -0.0981678   0.469464
 0.0245799 -0.0981676   0.469455
  0.024577 -0.0981668   0.469447
  0.024574 -0.0981659   0.469438
 0.0245712 -0.0981652    0.46943
0.0245682 -0.098164  0.469422
 0.0245653 -0.0981638   0.469414
0.0245625 -0.098163  0.469406
0.0245667 -0.098195  0.469419
 0.0245569 -0.0981611    0.46939
 0.0245544 -0.0981603   0.469382
 0.0245517 -0.0981601   0.469374
 0.0245488 -0.0981588   0.469367
 0.0245461 -0.0981579   0.469359
 0.0245421 -0.0981562   0.469349
 0.0245392 -0.0981547   0.469341
 0.0245365 -0.0981537   0.469334
 0.0245337 -0.0981526   0.469326
 0.0245309 -0.0981513   0.469319
 0.0245283 -0.0981503   0.469312
 0.0245255 -0.0981499   0.469305
  0.024523 -0.0981488   0.469297
 0.0245203 -0.0981477   0.469291
 0.0245179 -0.0981467   0.469283
 0.0245153 -0.0981456   0.469277
 0.0245137 -0.0981477    0.46927
 0.0245104 -0.0981468   0.469264
0.0245082 -0.098146  0.469257
 0.0245057 -0.0981448   0.469251
 0.0245033 -0.0981438   0.469244
 0.0245012 -0.0981438   0.469238
 0.0244988 -0.0981425   0.469232
 0.0244967 -0.0981416   0.469225
 0.0244943 -0.0981407   0.469219
 0.0244922 -0.0981399   0.469213
0.0244902 -0.098139  0.469207
0.0244881 -0.098139  0.469201
 0.0244855 -0.0981375   0.469195
 0.0244834 -0.0981367   0.469189
 0.0244811 -0.0981355   0.469183
 0.0244791 -0.0981347   0.469177
  0.024477 -0.0981347   0.469171
 0.0244747 -0.0981334   0.469166
 0.0244725 -0.0981326    0.46916
 0.0244704 -0.0981271   0.469153
 0.0244681 -0.0981259   0.469148
  0.024466 -0.0981251   0.469142
 0.0244687 -0.0981527   0.469153
 0.0244664 -0.0981515   0.469148
 0.0244591 -0.0981228   0.469125
 0.0244568 -0.0981219    0.46912
 0.0244544 -0.0981208   0.469114
 0.0244519 -0.0981197   0.469109
 0.0244495 -0.0981187   0.469103
  0.024447 -0.0981185   0.469098
 0.0244452 -0.0981188   0.469093
 0.0244421 -0.0981188   0.469088
 0.0244399 -0.0981158   0.469082
 0.0244375 -0.0981147   0.469077
 0.0244353 -0.0981139   0.469072
 0.0244329 -0.0981136   0.469067
 0.0244312 -0.0981141   0.469062
 0.0244284 -0.0981143   0.469057
 0.0244264 -0.0981137   0.469052
 0.0244242 -0.0981127   0.469048
 0.0244223 -0.0981128   0.469043
 0.0244247 -0.0981383   0.469053
 0.0244228 -0.0981375   0.469048
 0.0244208 -0.0981366   0.469044
 0.0244189 -0.0981361   0.469039
 0.0244169 -0.0981352   0.469034
  0.024415 -0.0981343    0.46903
0.0244129 -0.098134  0.469025
 0.0244109 -0.0981332    0.46902
 0.0244078 -0.0981312   0.469014
 0.0244012 -0.0981036   0.468994
 0.0243988 -0.0981023    0.46899
0.0243965 -0.098101  0.468985
  0.024394 -0.0980994   0.468981
 0.0243916 -0.0980978   0.468977
 0.0243894 -0.0980974   0.468972
 0.0243916 -0.0981222   0.468982
 0.0243861 -0.0980937   0.468965
 0.0243841 -0.0980926    0.46896
 0.0243821 -0.0980911   0.468956
 0.0243838 -0.0981143   0.468966
 0.0243782 -0.0980878   0.468948
 0.0243767 -0.0980876   0.468943
 0.0243751 -0.0980864   0.468939
 0.0243738 -0.0980858   0.468935
 0.0243724 -0.0980847   0.468932
 0.0243742 -0.0981081   0.468941
  0.024373 -0.0981075   0.468937
 0.0243688 -0.0980833    0.46892
 0.0243681 -0.0980836   0.468917
 0.0243668 -0.0980826   0.468913
 0.024365 -0.098083   0.46891
 0.0243637 -0.0980822   0.468907
 0.0243625 -0.0980816   0.468903
 0.0243612 -0.0980816     0.4689
 0.0243599 -0.0980811   0.468897
 0.0243585 -0.0980805   0.468893
 0.0243572 -0.0980802    0.46889
 0.0243557 -0.0980794   0.468887
0.0243544  -0.09808  0.468883
 0.0243529 -0.0980794    0.46888
 0.0243514 -0.0980791   0.468877
  0.024349 -0.0980792   0.468872
 0.0243474 -0.0980786   0.468869
  0.024346 -0.0980785   0.468866
 0.0243442 -0.0980782   0.468863
 0.0243425 -0.0980778    0.46886
 0.0243409 -0.0980775   0.468856
 0.0243391 -0.0980776   0.468853
 0.0243375 -0.0980772    0.46885
 0.0243356 -0.0980767   0.468847
  0.024334 -0.0980763   0.468844
 0.0243354 -0.0980974   0.468852
 0.0243336 -0.0980967   0.468849
 0.0243318 -0.0980968   0.468846
 0.0243299 -0.0980958   0.468843
 0.0243282 -0.0980951    0.46884
 0.0243262 -0.0980943   0.468837
  0.024321 -0.0980707   0.468821
 0.0243191 -0.0980704   0.468818
0.0243169 -0.098069  0.468815
 0.0243149 -0.0980679   0.468812
 0.0243127 -0.0980663   0.468809
 0.0243108 -0.0980648   0.468806
 0.0243087 -0.0980642   0.468803
 0.0243066 -0.0980624     0.4688
0.0243049 -0.098061  0.468797
  0.024303 -0.0980596   0.468794
 0.0243015 -0.0980583   0.468791
 0.0242998 -0.0980567   0.468788
 0.0242986 -0.0980565   0.468785
 0.0242972 -0.0980551   0.468783
 0.0242962 -0.0980542    0.46878
  0.024295 -0.0980528   0.468778
0.0242941 -0.098052  0.468775
 0.0242931 -0.0980516   0.468773
 0.0242922 -0.0980506    0.46877
 0.0242914 -0.0980499   0.468768
 0.0242906 -0.0980492   0.468765
 0.0242896 -0.0980482   0.468763
 0.0242888 -0.0980476   0.468761
 0.0242881 -0.0980484   0.468759
 0.0242872 -0.0980479   0.468757
 0.0242861 -0.0980473   0.468755
 0.0242846 -0.0980461   0.468752
 0.0242832 -0.0980451    0.46875
  0.024282 -0.0980448   0.468748
 0.0242809 -0.0980455   0.468746
 0.0242794 -0.0980449   0.468743
 0.0242781 -0.0980448   0.468741
 0.0242765 -0.0980443   0.468739
 0.0242772 -0.0980629   0.468747
 0.0242734 -0.0980446   0.468735
 0.0242719 -0.0980443   0.468732
 0.0242705 -0.0980445    0.46873
 0.0242688 -0.0980444   0.468728
 0.0242667 -0.0980409   0.468725
 0.0242647 -0.0980403   0.468723
0.0242629  -0.09804  0.468721
  0.024261 -0.0980393   0.468719
 0.0242593 -0.0980397   0.468716
0.0242573 -0.098039  0.468714
 0.0242556 -0.0980385   0.468711
 0.0242538 -0.0980378   0.468709
 0.0242522 -0.0980371   0.468707
 0.0242502 -0.0980407   0.468705
 0.0242491 -0.0980393   0.468702
 0.0242498 -0.0980566    0.46871
  0.024248 -0.0980526   0.468708
 0.0242444 -0.0980334   0.468696
 0.0242433 -0.0980325   0.468693
 0.0242418 -0.0980319   0.468691
 0.0242405 -0.0980309   0.468689
 0.0242391 -0.0980297   0.468687
 0.0242379 -0.0980289   0.468685
 0.0242366 -0.0980274   0.468683
 0.0242354 -0.0980273   0.468681
 0.0242341 -0.0980257   0.468679
 0.0242328 -0.0980244   0.468678
 0.0242317 -0.0980236   0.468676
 0.0242305 -0.0980223   0.468674
 0.0242293 -0.0980211   0.468672
0.0242283 -0.098021  0.468671
 0.0242273 -0.0980204   0.468669
 0.0242262 -0.0980195   0.468667
 0.0242252 -0.0980189   0.468665
 0.0242241 -0.0980181   0.468664
 0.0242231 -0.0980184   0.468662
 0.0242233 -0.0980353    0.46867
  0.024221 -0.0980175   0.468659
 0.0242212 -0.0980342   0.468666
 0.0242191 -0.0980175   0.468656
 0.0242172 -0.0980179   0.468653
0.0242152 -0.098018  0.468652
  0.024214 -0.0980178    0.46865
 0.0242125 -0.0980174   0.468648
