0.0169906 -0.105395  0.508354
 0.016991 -0.105394  0.508351
 0.016991 -0.105394  0.508351
0.0169942 -0.105391  0.508331
0.0169969 -0.105387  0.508313
0.0169969 -0.105387  0.508313
0.0170048 -0.105378  0.508263
0.0170048 -0.105378  0.508263
0.0170099 -0.105372   0.50823
0.0170159 -0.105365  0.508192
0.0170226 -0.105357  0.508149
0.0170301 -0.105348  0.508101
0.0170474 -0.105327   0.50799
0.0170573 -0.105315  0.507927
0.0170679 -0.105302  0.507859
0.0170679 -0.105302  0.507859
0.0170916 -0.105274  0.507707
0.0170916 -0.105274  0.507707
0.0171047 -0.105258  0.507623
0.0171185 -0.105242  0.507535
0.0171331 -0.105224  0.507442
0.0171485 -0.105206  0.507343
0.0171647 -0.105186  0.507239
0.0171994 -0.105145  0.507017
0.0172179 -0.105122  0.506898
0.0172373 -0.105099  0.506774
0.0172373 -0.105099  0.506774
0.0172783  -0.10505  0.506511
0.0172783  -0.10505  0.506511
   0.0173 -0.105024  0.506372
0.0173225 -0.104997  0.506228
0.0173699  -0.10494  0.505925
0.0173947  -0.10491  0.505766
0.0173947  -0.10491  0.505766
0.0174204  -0.10488  0.505601
0.0174468 -0.104848  0.505432
0.0174741 -0.104815  0.505258
0.0175021 -0.104782  0.505078
0.0175605 -0.104712  0.504704
0.0175909 -0.104675   0.50451
0.0175909 -0.104675   0.50451
0.0176221 -0.104638   0.50431
0.0176868  -0.10456  0.503895
0.0176868  -0.10456  0.503895
0.0177547 -0.104479  0.503461
0.0177547 -0.104479  0.503461
0.0177898 -0.104437  0.503236
0.0178624  -0.10435  0.502771
0.0178624  -0.10435  0.502771
0.0178999 -0.104305   0.50253
0.0179382 -0.104259  0.502285
0.0179773 -0.104212  0.502035
0.0180579 -0.104115  0.501519
0.0180579 -0.104115  0.501519
0.0180993 -0.104066  0.501253
0.0181416 -0.104015  0.500983
0.0182284 -0.103911  0.500427
0.0182284 -0.103911  0.500427
0.0183184 -0.103803   0.49985
0.0183646 -0.103748  0.499554
0.0184116 -0.103691  0.499253
0.0184593 -0.103634  0.498948
0.0185078 -0.103576  0.498637
0.0185572 -0.103517  0.498321
0.0185572 -0.103517  0.498321
0.0186073 -0.103457     0.498
0.0186583 -0.103396  0.497674
  0.01871 -0.103334  0.497342
0.0187625 -0.103271  0.497006
0.0188699 -0.103142  0.496318
0.0189248 -0.103076  0.495967
0.0189248 -0.103076  0.495967
0.0189804 -0.103009   0.49561
0.0190373 -0.102941  0.495246
0.0190945 -0.102873   0.49488
0.0191527 -0.102803  0.494507
0.0192115 -0.102732  0.494131
0.0192711 -0.102661  0.493749
0.0193315 -0.102588  0.493362
0.0194547 -0.102441  0.492573
0.0195175 -0.102365  0.492171
0.0195811 -0.102289  0.491763
0.0196455 -0.102212  0.491351
0.0197107 -0.102134  0.490934
0.0197766 -0.102055  0.490511
0.0198433 -0.101975  0.490084
0.0199108 -0.101894  0.489652
0.0199792 -0.101812  0.489214
0.0200482 -0.101729  0.488772
0.0201181 -0.101645  0.488324
0.0201888 -0.101561  0.487872
0.0202594 -0.101476  0.487419
0.0203292 -0.101392  0.486972
0.0203982  -0.10131   0.48653
0.0204665 -0.101228  0.486093
0.0205339 -0.101147  0.485661
0.0206006 -0.101067  0.485234
0.0206665 -0.100988  0.484812
0.0207315  -0.10091  0.484396
0.0207958 -0.100833  0.483984
0.0208593 -0.100757  0.483577
 0.020922 -0.100682  0.483175
 0.020984 -0.100607  0.482779
0.0210451 -0.100534  0.482387
0.0211052 -0.100462  0.482003
0.0211647 -0.100391  0.481621
0.0212235  -0.10032  0.481245
0.0212815 -0.100251  0.480874
0.0213388 -0.100182  0.480507
0.0213951 -0.100114  0.480146
0.0214508 -0.100048  0.479789
0.0215056 -0.099982  0.479438
 0.0215596 -0.0999172   0.479092
 0.0216129 -0.0998533   0.478751
 0.0216651 -0.0997908   0.478417
 0.0217167 -0.0997288   0.478086
 0.0217676 -0.0996678    0.47776
 0.0218177 -0.0996078   0.477439
  0.021867 -0.0995486   0.477123
 0.0219155 -0.0994905   0.476813
 0.0219633 -0.0994332   0.476507
 0.0220102 -0.0993769   0.476206
 0.0220564 -0.0993216   0.475911
 0.0221017 -0.0992672    0.47562
 0.0221463 -0.0992138   0.475335
 0.0221901 -0.0991613   0.475055
  0.022233 -0.0991098   0.474779
 0.0222752 -0.0990592   0.474509
 0.0223166 -0.0990096   0.474244
 0.0223571 -0.0989611   0.473985
 0.0223969 -0.0989133    0.47373
 0.0224359 -0.0988666    0.47348
 0.0224743 -0.0988206   0.473234
 0.0225118 -0.0987756   0.472994
 0.0225484 -0.0987318    0.47276
 0.0225842 -0.0986888    0.47253
 0.0226193 -0.0986467   0.472305
 0.0226537 -0.0986054   0.472085
 0.0226873 -0.0985652    0.47187
   0.02272 -0.0985259    0.47166
  0.022752 -0.0984877   0.471456
 0.0227831 -0.0984503   0.471256
 0.0228135 -0.0984139   0.471062
  0.022843 -0.0983785   0.470873
0.0228718 -0.098344  0.470689
 0.0228998 -0.0983104   0.470509
 0.0229271 -0.0982777   0.470334
0.0229535 -0.098246  0.470165
 0.0229791 -0.0982153   0.470001
 0.0230039 -0.0981856   0.469842
  0.023028 -0.0981568   0.469688
 0.0230512 -0.0981289    0.46954
0.0230736 -0.098102  0.469396
0.0230953 -0.098076  0.469257
0.0231162 -0.098051  0.469123
0.0231362 -0.098027  0.468995
 0.0231555 -0.0980039   0.468872
  0.023174 -0.0979817   0.468753
 0.0231917 -0.0979604    0.46864
 0.0232086 -0.0979402   0.468531
 0.0232248 -0.0979208   0.468428
 0.0232402 -0.0979024   0.468329
 0.0232547 -0.0978849   0.468236
 0.0232685 -0.0978684   0.468148
 0.0232815 -0.0978528   0.468065
 0.0232937 -0.0978382   0.467987
 0.0233051 -0.0978245   0.467914
 0.0233157 -0.0978118   0.467846
 0.0233255 -0.0978001   0.467783
 0.0233345 -0.0977892   0.467725
 0.0233427 -0.0977794   0.467672
 0.0233502 -0.0977705   0.467625
 0.0233568 -0.0977625   0.467582
 0.0233627 -0.0977554   0.467545
 0.0233678 -0.0977494   0.467512
 0.0233721 -0.0977442   0.467485
0.0233756  -0.09774  0.467462
 0.0233783 -0.0977368   0.467445
 0.0233802 -0.0977345   0.467433
 0.0233813 -0.0977331   0.467425
 0.0233816 -0.0977327   0.467423
 0.0233816 -0.0977327   0.467423
 0.0233816 -0.0977327   0.467423
 0.0233816 -0.0977327   0.467423
 0.0233816 -0.0977327   0.467423
 0.0233816 -0.0977327   0.467423
 0.0233816 -0.0977327   0.467423
 0.0233816 -0.0977327   0.467423
 0.0233816 -0.0977327   0.467423
 0.0233816 -0.0977327   0.467423
 0.0233816 -0.0977327   0.467423
 0.0233816 -0.0977327   0.467423
 0.0233816 -0.0977327   0.467423
 0.0233816 -0.0977327   0.467423
 0.0233816 -0.0977327   0.467423
 0.0233816 -0.0977327   0.467423
 0.0233816 -0.0977327   0.467423
 0.0233816 -0.0977327   0.467423
 0.0233816 -0.0977327   0.467423
 0.0233816 -0.0977327   0.467423
 0.0233816 -0.0977327   0.467423
 0.0233816 -0.0977327   0.467423
 0.0233816 -0.0977327   0.467423
 0.0233816 -0.0977327   0.467423
 0.0233816 -0.0977327   0.467423
 0.0233816 -0.0977327   0.467423
 0.0233816 -0.0977327   0.467423
 0.0233816 -0.0977327   0.467423
 0.0233816 -0.0977327   0.467423
 0.0233816 -0.0977327   0.467423
 0.0233816 -0.0977327   0.467423
 0.0233816 -0.0977327   0.467423
 0.0233816 -0.0977327   0.467423
 0.0233816 -0.0977327   0.467423
 0.0233816 -0.0977327   0.467423
 0.0233816 -0.0977327   0.467423
 0.0233816 -0.0977327   0.467423
 0.0233816 -0.0977327   0.467423
 0.0233816 -0.0977327   0.467423
 0.0233816 -0.0977327   0.467423
 0.0233816 -0.0977327   0.467423
 0.0233816 -0.0977327   0.467423
 0.0233816 -0.0977327   0.467423
 0.0233816 -0.0977327   0.467423
 0.0233816 -0.0977327   0.467423
 0.0233816 -0.0977327   0.467423
 0.0233816 -0.0977327   0.467423
 0.0233816 -0.0977327   0.467423
 0.0233816 -0.0977327   0.467423
 0.0233816 -0.0977327   0.467423
 0.0233816 -0.0977327   0.467423
 0.0233816 -0.0977327   0.467423
 0.0233816 -0.0977327   0.467423
 0.0233816 -0.0977327   0.467423
 0.0233816 -0.0977327   0.467423
 0.0233816 -0.0977327   0.467423
 0.0233816 -0.0977327   0.467423
 0.0233816 -0.0977327   0.467423
 0.0233816 -0.0977327   0.467423
 0.0233816 -0.0977327   0.467423
 0.0233816 -0.0977327   0.467423
 0.0233816 -0.0977327   0.467423
 0.0233816 -0.0977327   0.467423
 0.0233816 -0.0977327   0.467423
 0.0233816 -0.0977327   0.467423
 0.0233816 -0.0977327   0.467423
 0.0233816 -0.0977327   0.467423
 0.0233816 -0.0977327   0.467423
 0.0233816 -0.0977327   0.467423
 0.0233816 -0.0977327   0.467423
 0.0233816 -0.0977327   0.467423
 0.0233816 -0.0977327   0.467423
 0.0233816 -0.0977327   0.467423
 0.0233816 -0.0977327   0.467423
 0.0233816 -0.0977327   0.467423
 0.0233816 -0.0977327   0.467423
 0.0233816 -0.0977327   0.467423
 0.0233816 -0.0977327   0.467423
 0.0233816 -0.0977327   0.467423
 0.0233816 -0.0977327   0.467423
 0.0233816 -0.0977327   0.467423
 0.0233816 -0.0977327   0.467423
 0.0233816 -0.0977327   0.467423
 0.0233816 -0.0977327   0.467423
 0.0233816 -0.0977327   0.467423
 0.0233816 -0.0977327   0.467423
 0.0233816 -0.0977327   0.467423
 0.0233816 -0.0977327   0.467423
 0.0233816 -0.0977327   0.467423
 0.0233816 -0.0977327   0.467423
 0.0233816 -0.0977327   0.467423
 0.0233816 -0.0977327   0.467423
 0.0233816 -0.0977327   0.467423
 0.0233816 -0.0977327   0.467423
 0.0233816 -0.0977327   0.467423
 0.0233816 -0.0977327   0.467423
 0.0233816 -0.0977327   0.467423
 0.0233816 -0.0977327   0.467423
 0.0233816 -0.0977327   0.467423
 0.0233816 -0.0977327   0.467423
 0.0233816 -0.0977327   0.467423
 0.0233816 -0.0977327   0.467423
 0.0233816 -0.0977327   0.467423
 0.0233816 -0.0977327   0.467423
 0.0233816 -0.0977327   0.467423
 0.0233816 -0.0977327   0.467423
 0.0233816 -0.0977327   0.467423
 0.0233816 -0.0977327   0.467423
 0.0233816 -0.0977327   0.467423
 0.0233816 -0.0977327   0.467423
 0.0233816 -0.0977327   0.467423
 0.0233816 -0.0977327   0.467423
 0.0233816 -0.0977327   0.467423
 0.0233816 -0.0977327   0.467423
 0.0233816 -0.0977327   0.467423
 0.0233816 -0.0977327   0.467423
 0.0233816 -0.0977327   0.467423
 0.0233816 -0.0977327   0.467423
 0.0233816 -0.0977327   0.467423
 0.0233816 -0.0977327   0.467423
 0.0233816 -0.0977327   0.467423
 0.0233816 -0.0977327   0.467423
 0.0233816 -0.0977327   0.467423
 0.0233816 -0.0977327   0.467423
 0.0233816 -0.0977327   0.467423
 0.0233816 -0.0977327   0.467423
 0.0233816 -0.0977327   0.467423
 0.0233816 -0.0977327   0.467423
 0.0233816 -0.0977327   0.467423
 0.0233816 -0.0977327   0.467423
 0.0233816 -0.0977327   0.467423
 0.0233816 -0.0977327   0.467423
 0.0233816 -0.0977327   0.467423
 0.0233816 -0.0977327   0.467423
 0.0233816 -0.0977327   0.467423
 0.0233816 -0.0977327   0.467423
 0.0233816 -0.0977327   0.467423
 0.0233816 -0.0977327   0.467423
 0.0233816 -0.0977327   0.467423
 0.0233816 -0.0977327   0.467423
 0.0233816 -0.0977327   0.467423
 0.0233816 -0.0977327   0.467423
 0.0233816 -0.0977327   0.467423
 0.0233816 -0.0977327   0.467423
 0.0233816 -0.0977327   0.467423
 0.0233816 -0.0977327   0.467423
 0.0233816 -0.0977327   0.467423
 0.0233816 -0.0977327   0.467423
 0.0233816 -0.0977327   0.467423
 0.0233816 -0.0977327   0.467423
 0.0233816 -0.0977327   0.467423
 0.0233816 -0.0977327   0.467423
 0.0233816 -0.0977327   0.467423
 0.0233816 -0.0977327   0.467423
 0.0233816 -0.0977327   0.467423
 0.0233816 -0.0977327   0.467423
 0.0233816 -0.0977327   0.467423
 0.0233816 -0.0977327   0.467423
 0.0233816 -0.0977327   0.467423
 0.0233816 -0.0977327   0.467423
 0.0233816 -0.0977327   0.467423
 0.0233816 -0.0977327   0.467423
 0.0233816 -0.0977327   0.467423
 0.0233816 -0.0977327   0.467423
 0.0233816 -0.0977327   0.467423
 0.0233816 -0.0977327   0.467423
 0.0233816 -0.0977327   0.467423
 0.0233816 -0.0977327   0.467423
 0.0233816 -0.0977327   0.467423
 0.0233816 -0.0977327   0.467423
 0.0233816 -0.0977327   0.467423
 0.0233816 -0.0977327   0.467423
 0.0233816 -0.0977327   0.467423
 0.0233816 -0.0977327   0.467423
 0.0233816 -0.0977327   0.467423
 0.0233816 -0.0977327   0.467423
 0.0233816 -0.0977327   0.467423
 0.0233816 -0.0977327   0.467423
 0.0233816 -0.0977327   0.467423
 0.0233816 -0.0977327   0.467423
 0.0233816 -0.0977327   0.467423
 0.0233816 -0.0977327   0.467423
 0.0233816 -0.0977327   0.467423
 0.0233816 -0.0977327   0.467423
 0.0233816 -0.0977327   0.467423
 0.0233816 -0.0977327   0.467423
 0.0233816 -0.0977327   0.467423
 0.0233816 -0.0977327   0.467423
 0.0233816 -0.0977327   0.467423
 0.0233816 -0.0977327   0.467423
 0.0233816 -0.0977327   0.467423
 0.0233816 -0.0977327   0.467423
 0.0233816 -0.0977327   0.467423
 0.0233816 -0.0977327   0.467423
 0.0233816 -0.0977327   0.467423
 0.0233816 -0.0977327   0.467423
 0.0233816 -0.0977327   0.467423
 0.0233816 -0.0977327   0.467423
 0.0233816 -0.0977327   0.467423
 0.0233816 -0.0977327   0.467423
 0.0233816 -0.0977327   0.467423
 0.0233816 -0.0977327   0.467423
 0.0233816 -0.0977327   0.467423
 0.0233816 -0.0977327   0.467423
 0.0233816 -0.0977327   0.467423
 0.0233816 -0.0977327   0.467423
 0.0233816 -0.0977327   0.467423
 0.0233816 -0.0977327   0.467423
 0.0233816 -0.0977327   0.467423
 0.0233816 -0.0977327   0.467423
 0.0233816 -0.0977327   0.467423
 0.0233816 -0.0977327   0.467423
 0.0233816 -0.0977327   0.467423
 0.0233816 -0.0977327   0.467423
 0.0233816 -0.0977327   0.467423
 0.0233816 -0.0977327   0.467423
 0.0233816 -0.0977327   0.467423
 0.0233816 -0.0977327   0.467423
 0.0233816 -0.0977327   0.467423
 0.0233816 -0.0977327   0.467423
 0.0233816 -0.0977327   0.467423
 0.0233816 -0.0977327   0.467423
 0.0233816 -0.0977327   0.467423
 0.0233816 -0.0977327   0.467423
 0.0233816 -0.0977327   0.467423
 0.0233816 -0.0977327   0.467423
 0.0233816 -0.0977327   0.467423
 0.0233816 -0.0977327   0.467423
 0.0233816 -0.0977327   0.467423
 0.0233816 -0.0977327   0.467423
 0.0233816 -0.0977327   0.467423
 0.0233816 -0.0977327   0.467423
 0.0233816 -0.0977327   0.467423
 0.0233816 -0.0977327   0.467423
 0.0233816 -0.0977327   0.467423
 0.0233816 -0.0977327   0.467423
 0.0233816 -0.0977327   0.467423
 0.0233816 -0.0977327   0.467423
 0.0233816 -0.0977327   0.467423
 0.0233816 -0.0977327   0.467423
 0.0233816 -0.0977327   0.467423
 0.0233816 -0.0977327   0.467423
 0.0233816 -0.0977327   0.467423
 0.0233816 -0.0977327   0.467423
 0.0233816 -0.0977327   0.467423
 0.0233816 -0.0977327   0.467423
 0.0233816 -0.0977327   0.467423
 0.0233816 -0.0977327   0.467423
 0.0233816 -0.0977327   0.467423
 0.0233816 -0.0977327   0.467423
 0.0233816 -0.0977327   0.467423
 0.0233816 -0.0977327   0.467423
 0.0233816 -0.0977327   0.467423
 0.0233816 -0.0977327   0.467423
 0.0233816 -0.0977327   0.467423
 0.0233816 -0.0977327   0.467423
 0.0233816 -0.0977327   0.467423
 0.0233816 -0.0977327   0.467423
 0.0233816 -0.0977327   0.467423
 0.0233816 -0.0977327   0.467423
 0.0233816 -0.0977327   0.467423
 0.0233816 -0.0977327   0.467423
 0.0233816 -0.0977327   0.467423
 0.0233816 -0.0977327   0.467423
 0.0233816 -0.0977327   0.467423
 0.0233816 -0.0977327   0.467423
 0.0233816 -0.0977327   0.467423
 0.0233816 -0.0977327   0.467423
 0.0233816 -0.0977327   0.467423
 0.0233816 -0.0977327   0.467423
 0.0233816 -0.0977327   0.467423
 0.0233816 -0.0977327   0.467423
 0.0233816 -0.0977327   0.467423
 0.0233816 -0.0977327   0.467423
 0.0233816 -0.0977327   0.467423
 0.0233816 -0.0977327   0.467423
 0.0233816 -0.0977327   0.467423
 0.0233816 -0.0977327   0.467423
 0.0233816 -0.0977327   0.467423
 0.0233816 -0.0977327   0.467423
 0.0233816 -0.0977327   0.467423
 0.0233816 -0.0977327   0.467423
 0.0233816 -0.0977327   0.467423
 0.0233816 -0.0977327   0.467423
 0.0233816 -0.0977327   0.467423
 0.0233816 -0.0977327   0.467423
 0.0233816 -0.0977327   0.467423
 0.0233816 -0.0977327   0.467423
 0.0233816 -0.0977327   0.467423
 0.0233816 -0.0977327   0.467423
 0.0233816 -0.0977327   0.467423
 0.0233816 -0.0977327   0.467423
 0.0233816 -0.0977327   0.467423
 0.0233816 -0.0977327   0.467423
 0.0233816 -0.0977327   0.467423
 0.0233816 -0.0977327   0.467423
 0.0233816 -0.0977327   0.467423
 0.0233816 -0.0977327   0.467423
 0.0233816 -0.0977327   0.467423
 0.0233816 -0.0977327   0.467423
 0.0233816 -0.0977327   0.467423
 0.0233816 -0.0977327   0.467423
 0.0233816 -0.0977327   0.467423
 0.0233816 -0.0977327   0.467423
 0.0233816 -0.0977327   0.467423
 0.0233816 -0.0977327   0.467423
 0.0233816 -0.0977327   0.467423
 0.0233816 -0.0977327   0.467423
 0.0233816 -0.0977327   0.467423
 0.0233816 -0.0977327   0.467423
 0.0233816 -0.0977327   0.467423
 0.0233816 -0.0977327   0.467423
 0.0233816 -0.0977327   0.467423
 0.0233816 -0.0977327   0.467423
 0.0233816 -0.0977327   0.467423
 0.0233816 -0.0977327   0.467423
 0.0233816 -0.0977327   0.467423
 0.0233816 -0.0977327   0.467423
 0.0233816 -0.0977327   0.467423
 0.0233816 -0.0977327   0.467423
 0.0233816 -0.0977327   0.467423
 0.0233816 -0.0977327   0.467423
 0.0233816 -0.0977327   0.467423
 0.0233816 -0.0977327   0.467423
 0.0233816 -0.0977327   0.467423
 0.0233816 -0.0977327   0.467423
 0.0233816 -0.0977327   0.467423
 0.0233816 -0.0977327   0.467423
 0.0233816 -0.0977327   0.467423
 0.0233816 -0.0977327   0.467423
 0.0233816 -0.0977327   0.467423
 0.0233816 -0.0977327   0.467423
 0.0233816 -0.0977327   0.467423
 0.0233816 -0.0977327   0.467423
 0.0233816 -0.0977327   0.467423
 0.0233816 -0.0977327   0.467423
 0.0233816 -0.0977327   0.467423
 0.0233816 -0.0977327   0.467423
 0.0233816 -0.0977327   0.467423
 0.0233816 -0.0977327   0.467423
 0.0233816 -0.0977327   0.467423
 0.0233816 -0.0977327   0.467423
 0.0233816 -0.0977327   0.467423
 0.0233816 -0.0977327   0.467423
 0.0233816 -0.0977327   0.467423
 0.0233816 -0.0977327   0.467423
 0.0233816 -0.0977327   0.467423
 0.0233816 -0.0977327   0.467423
 0.0233816 -0.0977327   0.467423
 0.0233816 -0.0977327   0.467423
 0.0233816 -0.0977327   0.467423
 0.0233816 -0.0977327   0.467423
 0.0233816 -0.0977327   0.467423
 0.0233816 -0.0977327   0.467423
 0.0233816 -0.0977327   0.467423
 0.0233816 -0.0977327   0.467423
 0.0233816 -0.0977327   0.467423
 0.0233816 -0.0977327   0.467423
 0.0233816 -0.0977327   0.467423
 0.0233816 -0.0977327   0.467423
 0.0233816 -0.0977327   0.467423
 0.0233816 -0.0977327   0.467423
 0.0233816 -0.0977327   0.467423
 0.0233816 -0.0977327   0.467423
 0.0233816 -0.0977327   0.467423
 0.0233816 -0.0977327   0.467423
 0.0233816 -0.0977327   0.467423
 0.0233816 -0.0977327   0.467423
 0.0233816 -0.0977327   0.467423
 0.0233816 -0.0977327   0.467423
 0.0233816 -0.0977327   0.467423
 0.0233816 -0.0977327   0.467423
 0.0233816 -0.0977327   0.467423
 0.0233816 -0.0977327   0.467423
 0.0233816 -0.0977327   0.467423
 0.0233816 -0.0977327   0.467423
 0.0233816 -0.0977327   0.467423
 0.0233816 -0.0977327   0.467423
 0.0233816 -0.0977327   0.467423
 0.0233816 -0.0977327   0.467423
 0.0233816 -0.0977327   0.467423
 0.0233816 -0.0977327   0.467423
 0.0233816 -0.0977327   0.467423
 0.0233816 -0.0977327   0.467423
 0.0233816 -0.0977327   0.467423
 0.0233816 -0.0977327   0.467423
 0.0233816 -0.0977327   0.467423
 0.0233816 -0.0977327   0.467423
 0.0233816 -0.0977327   0.467423
 0.0233816 -0.0977327   0.467423
 0.0233816 -0.0977327   0.467423
 0.0233816 -0.0977327   0.467423
 0.0233816 -0.0977327   0.467423
 0.0233816 -0.0977327   0.467423
 0.0233816 -0.0977327   0.467423
 0.0233816 -0.0977327   0.467423
 0.0233816 -0.0977327   0.467423
 0.0233816 -0.0977327   0.467423
 0.0233816 -0.0977327   0.467423
 0.0233816 -0.0977327   0.467423
 0.0233816 -0.0977327   0.467423
 0.0233816 -0.0977327   0.467423
 0.0233816 -0.0977327   0.467423
 0.0233816 -0.0977327   0.467423
 0.0233816 -0.0977327   0.467423
 0.0233816 -0.0977327   0.467423
 0.0233816 -0.0977327   0.467423
 0.0233816 -0.0977327   0.467423
 0.0233816 -0.0977327   0.467423
 0.0233816 -0.0977327   0.467423
 0.0233816 -0.0977327   0.467423
 0.0233816 -0.0977327   0.467423
 0.0233816 -0.0977327   0.467423
 0.0233816 -0.0977327   0.467423
 0.0233816 -0.0977327   0.467423
 0.0233816 -0.0977327   0.467423
 0.0233816 -0.0977327   0.467423
 0.0233816 -0.0977327   0.467423
 0.0233816 -0.0977327   0.467423
 0.0233816 -0.0977327   0.467423
 0.0233816 -0.0977327   0.467423
 0.0233816 -0.0977327   0.467423
 0.0233816 -0.0977327   0.467423
 0.0233816 -0.0977327   0.467423
 0.0233816 -0.0977327   0.467423
 0.0233816 -0.0977327   0.467423
 0.0233816 -0.0977327   0.467423
 0.0233816 -0.0977327   0.467423
 0.0233816 -0.0977327   0.467423
 0.0233816 -0.0977327   0.467423
 0.0233816 -0.0977327   0.467423
 0.0233816 -0.0977327   0.467423
 0.0233816 -0.0977327   0.467423
 0.0233816 -0.0977327   0.467423
 0.0233816 -0.0977327   0.467423
 0.0233816 -0.0977327   0.467423
 0.0233816 -0.0977327   0.467423
 0.0233816 -0.0977327   0.467423
 0.0233816 -0.0977327   0.467423
 0.0233816 -0.0977327   0.467423
 0.0233816 -0.0977327   0.467423
 0.0233816 -0.0977327   0.467423
 0.0233816 -0.0977327   0.467423
 0.0233816 -0.0977327   0.467423
 0.0233816 -0.0977327   0.467423
 0.0233816 -0.0977327   0.467423
 0.0233816 -0.0977327   0.467423
 0.0233816 -0.0977327   0.467423
 0.0233816 -0.0977327   0.467423
 0.0233816 -0.0977327   0.467423
 0.0233816 -0.0977327   0.467423
 0.0233816 -0.0977327   0.467423
 0.0233816 -0.0977327   0.467423
 0.0233816 -0.0977327   0.467423
 0.0233816 -0.0977327   0.467423
 0.0233816 -0.0977327   0.467423
 0.0233816 -0.0977327   0.467423
 0.0233816 -0.0977327   0.467423
 0.0233816 -0.0977327   0.467423
 0.0233816 -0.0977327   0.467423
 0.0233816 -0.0977327   0.467423
 0.0233816 -0.0977327   0.467423
 0.0233816 -0.0977327   0.467423
 0.0233816 -0.0977327   0.467423
 0.0233816 -0.0977327   0.467423
 0.0233816 -0.0977327   0.467423
 0.0233816 -0.0977327   0.467423
 0.0233816 -0.0977327   0.467423
 0.0233816 -0.0977327   0.467423
 0.0233816 -0.0977327   0.467423
 0.0233816 -0.0977327   0.467423
 0.0233816 -0.0977327   0.467423
 0.0233816 -0.0977327   0.467423
 0.0233816 -0.0977327   0.467423
 0.0233816 -0.0977327   0.467423
 0.0233816 -0.0977327   0.467423
 0.0233816 -0.0977327   0.467423
 0.0233816 -0.0977327   0.467423
