 0.269468 -0.328134  0.602739
 0.268933 -0.326441   0.60575
 0.268935 -0.326438  0.605747
 0.268942 -0.326431   0.60574
0.268952 -0.32642 0.605727
 0.268968 -0.326404  0.605709
 0.268987 -0.326383  0.605687
 0.269011 -0.326358  0.605659
  0.26904 -0.326328  0.605626
 0.269072 -0.326293  0.605588
 0.269109 -0.326254  0.605545
0.269151 -0.32621 0.605497
 0.269196 -0.326162  0.605444
 0.269246 -0.326109  0.605386
 0.269301 -0.326051  0.605323
  0.26936 -0.325989  0.605254
 0.269423 -0.325922  0.605181
 0.26949 -0.32585 0.605103
 0.269562 -0.325774  0.605019
 0.269638 -0.325694  0.604931
 0.269719 -0.325608  0.604837
 0.269804 -0.325518  0.604739
 0.269893 -0.325424  0.604635
 0.269986 -0.325325  0.604526
 0.270084 -0.325221  0.604412
 0.270187 -0.325113  0.604294
0.270293   -0.325  0.60417
 0.270404 -0.324882  0.604041
 0.27052 -0.32476 0.603907
  0.27064 -0.324633  0.603768
 0.270767 -0.324498   0.60362
 0.270896 -0.324362   0.60347
 0.271029 -0.324221  0.603316
 0.271166 -0.324075  0.603156
 0.271308 -0.323925  0.602992
 0.271454 -0.323771  0.602822
 0.271604 -0.323612  0.602648
 0.271759 -0.323448  0.602468
 0.271918 -0.323279  0.602283
 0.272081 -0.323106  0.602094
 0.272249 -0.322929  0.601899
 0.272421 -0.322746  0.601699
0.272598 -0.32256 0.601494
 0.272778 -0.322368  0.601284
 0.272964 -0.322172  0.601069
 0.273153 -0.321971  0.600849
 0.273347 -0.321766  0.600624
 0.273545 -0.321556  0.600394
 0.273748 -0.321341  0.600158
 0.273955 -0.321122  0.599918
 0.274166 -0.320898  0.599672
0.274382 -0.32067 0.599422
 0.274602 -0.320437  0.599167
 0.274826 -0.320199  0.598906
 0.275055 -0.319957  0.598641
0.275288 -0.31971  0.59837
 0.275525 -0.319459  0.598094
 0.275767 -0.319203  0.597813
 0.276013 -0.318942  0.597528
 0.276264 -0.318677  0.597237
 0.276519 -0.318407  0.596941
 0.276778 -0.318133   0.59664
 0.277041 -0.317854  0.596334
0.277309 -0.31757 0.596023
 0.277581 -0.317282  0.595707
 0.277858 -0.316989  0.595386
 0.278139 -0.316691   0.59506
 0.278424 -0.316389  0.594728
 0.278714 -0.316083  0.594392
 0.279008 -0.315771   0.59405
 0.279306 -0.315455  0.593704
 0.279609 -0.315135  0.593352
 0.279916 -0.314809  0.592996
 0.280228 -0.314479  0.592634
 0.280543 -0.314145  0.592267
 0.280863 -0.313806  0.591896
 0.281188 -0.313462  0.591519
 0.281517 -0.313114  0.591137
  0.28185 -0.312761   0.59075
 0.282187 -0.312404  0.590358
 0.282529 -0.312042  0.589961
 0.282876 -0.311675  0.589559
 0.283226 -0.311304  0.589152
 0.283581 -0.310928  0.588739
 0.283941 -0.310547  0.588322
 0.284304 -0.310162    0.5879
 0.284672 -0.309772  0.587473
 0.285045 -0.309378   0.58704
 0.285421 -0.308979  0.586603
 0.285802 -0.308576  0.586161
 0.286188 -0.308167  0.585712
 0.286578 -0.307754   0.58526
 0.286972 -0.307337  0.584802
 0.287371 -0.306915  0.584339
 0.287773 -0.306488  0.583872
 0.288181 -0.306057  0.583399
 0.288592 -0.305621  0.582921
 0.289008 -0.305181  0.582438
 0.289428 -0.304736   0.58195
 0.289853 -0.304286  0.581457
 0.290282 -0.303832  0.580959
 0.290714 -0.303374  0.580456
 0.291147 -0.302915  0.579954
  0.29158 -0.302457  0.579451
 0.292013 -0.301998  0.578948
0.292446 -0.30154 0.578445
  0.29288 -0.301081  0.577942
 0.293313 -0.300622  0.577439
 0.293746 -0.300164  0.576937
 0.294178 -0.299705  0.576434
 0.294611 -0.299247  0.575931
 0.295044 -0.298788  0.575428
0.295477 -0.29833 0.574926
  0.29591 -0.297872  0.574423
 0.296343 -0.297413   0.57392
 0.296776 -0.296955  0.573418
 0.297209 -0.296496  0.572915
 0.297642 -0.296038  0.572412
 0.298075 -0.295579  0.571909
 0.298508 -0.295121  0.571407
 0.298941 -0.294662  0.570904
 0.299374 -0.294204  0.570401
 0.299807 -0.293745  0.569898
  0.30024 -0.293287  0.569395
 0.300673 -0.292828  0.568893
 0.301106 -0.292369  0.568389
0.301539 -0.29191 0.567886
 0.301973 -0.291451  0.567383
 0.302405 -0.290993   0.56688
 0.302838 -0.290535  0.566378
 0.303271 -0.290076  0.565875
 0.303704 -0.289618  0.565372
 0.304137 -0.289159   0.56487
  0.30457 -0.288701  0.564367
 0.305003 -0.288242  0.563864
 0.305436 -0.287784  0.563361
 0.305869 -0.287325  0.562858
 0.306302 -0.286867  0.562356
 0.306735 -0.286408  0.561853
0.307168 -0.28595  0.56135
 0.307601 -0.285491  0.560847
 0.308034 -0.285033  0.560345
 0.308467 -0.284574  0.559842
   0.3089 -0.284116  0.559339
 0.309333 -0.283657  0.558836
 0.309766 -0.283198  0.558334
0.310199 -0.28274 0.557831
 0.310632 -0.282281  0.557328
 0.311065 -0.281823  0.556825
 0.311497 -0.281364  0.556322
  0.31193 -0.280906   0.55582
 0.312363 -0.280447  0.555317
 0.312796 -0.279989  0.554814
0.313229 -0.27953 0.554311
 0.313662 -0.279072  0.553809
 0.314096 -0.278613  0.553306
 0.314528 -0.278155  0.552803
 0.314961 -0.277696    0.5523
 0.315394 -0.277238  0.551797
 0.315827 -0.276779  0.551295
  0.31626 -0.276321  0.550792
 0.316693 -0.275862  0.550289
 0.317126 -0.275404  0.549786
 0.317559 -0.274945  0.549284
 0.317992 -0.274487  0.548781
 0.318425 -0.274028  0.548278
0.318858 -0.27357 0.547775
 0.319291 -0.273111  0.547272
 0.319725 -0.272652  0.546769
 0.320158 -0.272193  0.546266
 0.320591 -0.271735  0.545763
 0.321024 -0.271276   0.54526
 0.321457 -0.270817  0.544757
  0.32189 -0.270359  0.544254
0.322323  -0.2699 0.543752
 0.322756 -0.269442  0.543249
 0.323189 -0.268983  0.542746
 0.323622 -0.268525  0.542243
 0.324055 -0.268066  0.541741
 0.324488 -0.267608  0.541238
 0.324921 -0.267149  0.540735
 0.325354 -0.266691  0.540232
 0.325787 -0.266232   0.53973
  0.32622 -0.265774  0.539227
 0.326652 -0.265315  0.538724
 0.327085 -0.264857  0.538221
 0.327518 -0.264398  0.537719
 0.327953 -0.263938  0.537214
0.328386 -0.26348 0.536711
 0.328819 -0.263021  0.536208
 0.329252 -0.262562  0.535706
 0.329685 -0.262104  0.535203
 0.330118 -0.261645    0.5347
 0.330551 -0.261187  0.534197
 0.330984 -0.260728  0.533694
 0.331418 -0.260268   0.53319
0.331851 -0.25981 0.532687
 0.332284 -0.259351  0.532184
 0.332717 -0.258893  0.531682
  0.33315 -0.258434  0.531179
 0.333583 -0.257976  0.530676
 0.334016 -0.257517  0.530173
 0.334449 -0.257059  0.529671
0.334882  -0.2566 0.529168
 0.335315 -0.256142  0.528665
 0.335748 -0.255683  0.528162
  0.33618 -0.255226  0.527661
 0.336613 -0.254767  0.527158
 0.337046 -0.254309  0.526655
0.337479 -0.25385 0.526152
 0.337912 -0.253392   0.52565
 0.338345 -0.252933  0.525147
 0.338776 -0.252476  0.524645
 0.339204 -0.252023  0.524149
 0.339628 -0.251574  0.523657
 0.340047 -0.251131   0.52317
 0.340461 -0.250692  0.522689
 0.340872 -0.250257  0.522212
 0.341278 -0.249827  0.521741
 0.341679 -0.249402  0.521275
 0.342076 -0.248981  0.520813
 0.342469 -0.248565  0.520357
 0.342859 -0.248153  0.519905
 0.343243 -0.247746  0.519459
 0.343623 -0.247343  0.519018
 0.343997 -0.246947  0.518583
 0.344369 -0.246554  0.518152
 0.344735 -0.246165  0.517726
 0.345096 -0.245784  0.517307
 0.345806 -0.245031  0.516482
 0.346156 -0.244661  0.516076
 0.346501 -0.244296  0.515676
 0.346842 -0.243934  0.515279
 0.347177 -0.243579   0.51489
 0.347509 -0.243228  0.514504
 0.347837 -0.242881  0.514124
 0.348162 -0.242537  0.513747
 0.348481 -0.242199  0.513376
 0.348796 -0.241866  0.513011
 0.349106 -0.241537  0.512651
 0.349412 -0.241213  0.512296
 0.349412 -0.241213  0.512296
 0.349713 -0.240894  0.511945
 0.350304 -0.240268   0.51126
 0.350592 -0.239963  0.510925
 0.350876 -0.239662  0.510595
 0.351156 -0.239366   0.51027
 0.351432 -0.239074   0.50995
 0.351432 -0.239074   0.50995
  0.35197 -0.238504  0.509325
 0.352232 -0.238226   0.50902
 0.352232 -0.238226   0.50902
 0.352491 -0.237952  0.508719
 0.352745 -0.237683  0.508425
 0.352994 -0.237419  0.508136
0.353239 -0.23716 0.507851
 0.353479 -0.236905  0.507572
 0.353716 -0.236655  0.507298
0.353947 -0.23641 0.507029
 0.354175 -0.236169  0.506764
 0.354398 -0.235933  0.506505
 0.354616 -0.235701  0.506252
 0.354831 -0.235474  0.506003
 0.355041 -0.235252  0.505759
 0.355246 -0.235034   0.50552
 0.355448 -0.234821  0.505286
 0.355645 -0.234612  0.505058
 0.355837 -0.234408  0.504834
 0.356026 -0.234209  0.504615
  0.35621 -0.234014  0.504402
 0.356389 -0.233824  0.504193
 0.356735 -0.233458  0.503791
 0.356902 -0.233281  0.503597
 0.356902 -0.233281  0.503597
 0.357222 -0.232942  0.503226
 0.357375 -0.232779  0.503048
 0.357524 -0.232622  0.502875
 0.357669 -0.232468  0.502707
0.357809 -0.23232 0.502544
 0.357946 -0.232175  0.502385
 0.358077 -0.232036  0.502233
0.358206  -0.2319 0.502083
0.358329 -0.23177 0.501941
 0.358447 -0.231644  0.501803
 0.358561 -0.231524  0.501671
 0.358671 -0.231407  0.501543
 0.358776 -0.231296  0.501421
 0.358877 -0.231189  0.501304
 0.358974 -0.231086  0.501191
 0.359066 -0.230989  0.501084
 0.359154 -0.230895  0.500982
 0.359238 -0.230807  0.500885
 0.359317 -0.230723  0.500793
 0.359392 -0.230644  0.500706
 0.359463 -0.230569  0.500624
 0.359529 -0.230499  0.500547
 0.359591 -0.230433  0.500475
 0.359648 -0.230372  0.500408
 0.359701 -0.230316  0.500347
  0.35975 -0.230264   0.50029
 0.359795 -0.230217  0.500238
 0.359835 -0.230175  0.500191
 0.359871 -0.230137   0.50015
 0.359902 -0.230104  0.500114
 0.359929 -0.230075  0.500082
 0.359952 -0.230051  0.500056
  0.35997 -0.230032  0.500035
 0.359984 -0.230017  0.500018
 0.359994 -0.230007  0.500007
 0.359999 -0.230001  0.500001
 0.36 -0.23   0.5
 0.36 -0.23   0.5
 0.36 -0.23   0.5
 0.36 -0.23   0.5
 0.36 -0.23   0.5
 0.36 -0.23   0.5
 0.36 -0.23   0.5
 0.36 -0.23   0.5
 0.36 -0.23   0.5
 0.36 -0.23   0.5
 0.36 -0.23   0.5
 0.36 -0.23   0.5
 0.36 -0.23   0.5
 0.36 -0.23   0.5
 0.36 -0.23   0.5
 0.36 -0.23   0.5
 0.36 -0.23   0.5
 0.36 -0.23   0.5
 0.36 -0.23   0.5
 0.36 -0.23   0.5
 0.36 -0.23   0.5
 0.36 -0.23   0.5
 0.36 -0.23   0.5
 0.36 -0.23   0.5
 0.36 -0.23   0.5
 0.36 -0.23   0.5
 0.36 -0.23   0.5
 0.36 -0.23   0.5
 0.36 -0.23   0.5
 0.36 -0.23   0.5
 0.36 -0.23   0.5
 0.36 -0.23   0.5
 0.36 -0.23   0.5
 0.36 -0.23   0.5
 0.36 -0.23   0.5
 0.36 -0.23   0.5
 0.36 -0.23   0.5
 0.36 -0.23   0.5
 0.36 -0.23   0.5
 0.36 -0.23   0.5
 0.36 -0.23   0.5
 0.36 -0.23   0.5
 0.36 -0.23   0.5
 0.36 -0.23   0.5
 0.36 -0.23   0.5
 0.36 -0.23   0.5
 0.36 -0.23   0.5
 0.36 -0.23   0.5
 0.36 -0.23   0.5
 0.36 -0.23   0.5
 0.36 -0.23   0.5
 0.36 -0.23   0.5
 0.36 -0.23   0.5
 0.36 -0.23   0.5
 0.36 -0.23   0.5
 0.36 -0.23   0.5
 0.36 -0.23   0.5
 0.36 -0.23   0.5
 0.36 -0.23   0.5
 0.36 -0.23   0.5
 0.36 -0.23   0.5
 0.36 -0.23   0.5
 0.36 -0.23   0.5
 0.36 -0.23   0.5
 0.36 -0.23   0.5
 0.36 -0.23   0.5
 0.36 -0.23   0.5
 0.36 -0.23   0.5
 0.36 -0.23   0.5
 0.36 -0.23   0.5
 0.36 -0.23   0.5
 0.36 -0.23   0.5
 0.36 -0.23   0.5
 0.36 -0.23   0.5
 0.36 -0.23   0.5
 0.36 -0.23   0.5
 0.36 -0.23   0.5
 0.36 -0.23   0.5
 0.36 -0.23   0.5
 0.36 -0.23   0.5
 0.36 -0.23   0.5
 0.36 -0.23   0.5
 0.36 -0.23   0.5
 0.36 -0.23   0.5
 0.36 -0.23   0.5
 0.36 -0.23   0.5
 0.36 -0.23   0.5
 0.36 -0.23   0.5
 0.36 -0.23   0.5
 0.36 -0.23   0.5
 0.36 -0.23   0.5
 0.36 -0.23   0.5
 0.36 -0.23   0.5
 0.36 -0.23   0.5
 0.36 -0.23   0.5
 0.36 -0.23   0.5
 0.36 -0.23   0.5
 0.36 -0.23   0.5
 0.36 -0.23   0.5
 0.36 -0.23   0.5
 0.36 -0.23   0.5
 0.36 -0.23   0.5
 0.36 -0.23   0.5
 0.36 -0.23   0.5
 0.36 -0.23   0.5
 0.36 -0.23   0.5
 0.36 -0.23   0.5
 0.36 -0.23   0.5
 0.36 -0.23   0.5
 0.36 -0.23   0.5
 0.36 -0.23   0.5
 0.36 -0.23   0.5
 0.36 -0.23   0.5
 0.36 -0.23   0.5
 0.36 -0.23   0.5
 0.36 -0.23   0.5
 0.36 -0.23   0.5
 0.36 -0.23   0.5
 0.36 -0.23   0.5
 0.36 -0.23   0.5
 0.36 -0.23   0.5
 0.36 -0.23   0.5
 0.36 -0.23   0.5
 0.36 -0.23   0.5
 0.36 -0.23   0.5
 0.36 -0.23   0.5
 0.36 -0.23   0.5
 0.36 -0.23   0.5
 0.36 -0.23   0.5
 0.36 -0.23   0.5
 0.36 -0.23   0.5
 0.36 -0.23   0.5
 0.36 -0.23   0.5
 0.36 -0.23   0.5
 0.36 -0.23   0.5
 0.36 -0.23   0.5
 0.36 -0.23   0.5
 0.36 -0.23   0.5
 0.36 -0.23   0.5
 0.36 -0.23   0.5
 0.36 -0.23   0.5
 0.36 -0.23   0.5
 0.36 -0.23   0.5
 0.36 -0.23   0.5
 0.36 -0.23   0.5
 0.36 -0.23   0.5
 0.36 -0.23   0.5
 0.36 -0.23   0.5
 0.36 -0.23   0.5
 0.36 -0.23   0.5
 0.36 -0.23   0.5
 0.36 -0.23   0.5
 0.36 -0.23   0.5
 0.36 -0.23   0.5
 0.36 -0.23   0.5
 0.36 -0.23   0.5
 0.36 -0.23   0.5
 0.36 -0.23   0.5
 0.36 -0.23   0.5
 0.36 -0.23   0.5
 0.36 -0.23   0.5
 0.36 -0.23   0.5
 0.36 -0.23   0.5
 0.36 -0.23   0.5
 0.36 -0.23   0.5
 0.36 -0.23   0.5
 0.36 -0.23   0.5
 0.36 -0.23   0.5
 0.36 -0.23   0.5
 0.36 -0.23   0.5
 0.36 -0.23   0.5
 0.36 -0.23   0.5
 0.36 -0.23   0.5
 0.36 -0.23   0.5
 0.36 -0.23   0.5
 0.36 -0.23   0.5
 0.36 -0.23   0.5
 0.36 -0.23   0.5
 0.36 -0.23   0.5
 0.36 -0.23   0.5
 0.36 -0.23   0.5
 0.36 -0.23   0.5
 0.36 -0.23   0.5
 0.36 -0.23   0.5
 0.36 -0.23   0.5
 0.36 -0.23   0.5
 0.36 -0.23   0.5
 0.36 -0.23   0.5
 0.36 -0.23   0.5
 0.36 -0.23   0.5
 0.36 -0.23   0.5
 0.36 -0.23   0.5
 0.36 -0.23   0.5
 0.36 -0.23   0.5
 0.36 -0.23   0.5
 0.36 -0.23   0.5
 0.36 -0.23   0.5
 0.36 -0.23   0.5
 0.36 -0.23   0.5
 0.36 -0.23   0.5
 0.36 -0.23   0.5
 0.36 -0.23   0.5
 0.36 -0.23   0.5
 0.36 -0.23   0.5
 0.36 -0.23   0.5
 0.36 -0.23   0.5
 0.36 -0.23   0.5
 0.36 -0.23   0.5
 0.36 -0.23   0.5
 0.36 -0.23   0.5
 0.36 -0.23   0.5
 0.36 -0.23   0.5
 0.36 -0.23   0.5
 0.36 -0.23   0.5
 0.36 -0.23   0.5
 0.36 -0.23   0.5
 0.36 -0.23   0.5
 0.36 -0.23   0.5
 0.36 -0.23   0.5
 0.36 -0.23   0.5
 0.36 -0.23   0.5
 0.36 -0.23   0.5
 0.36 -0.23   0.5
 0.36 -0.23   0.5
 0.36 -0.23   0.5
 0.36 -0.23   0.5
 0.36 -0.23   0.5
 0.36 -0.23   0.5
 0.36 -0.23   0.5
 0.36 -0.23   0.5
 0.36 -0.23   0.5
 0.36 -0.23   0.5
 0.36 -0.23   0.5
 0.36 -0.23   0.5
 0.36 -0.23   0.5
 0.36 -0.23   0.5
 0.36 -0.23   0.5
 0.36 -0.23   0.5
 0.36 -0.23   0.5
 0.36 -0.23   0.5
 0.36 -0.23   0.5
 0.36 -0.23   0.5
 0.36 -0.23   0.5
 0.36 -0.23   0.5
 0.36 -0.23   0.5
 0.36 -0.23   0.5
 0.36 -0.23   0.5
 0.36 -0.23   0.5
 0.36 -0.23   0.5
 0.36 -0.23   0.5
 0.36 -0.23   0.5
 0.36 -0.23   0.5
 0.36 -0.23   0.5
 0.36 -0.23   0.5
 0.36 -0.23   0.5
 0.36 -0.23   0.5
 0.36 -0.23   0.5
 0.36 -0.23   0.5
 0.36 -0.23   0.5
 0.36 -0.23   0.5
 0.36 -0.23   0.5
 0.36 -0.23   0.5
 0.36 -0.23   0.5
 0.36 -0.23   0.5
 0.36 -0.23   0.5
 0.36 -0.23   0.5
 0.36 -0.23   0.5
 0.36 -0.23   0.5
 0.36 -0.23   0.5
 0.36 -0.23   0.5
 0.36 -0.23   0.5
 0.36 -0.23   0.5
 0.36 -0.23   0.5
 0.36 -0.23   0.5
 0.36 -0.23   0.5
 0.36 -0.23   0.5
 0.36 -0.23   0.5
 0.36 -0.23   0.5
 0.36 -0.23   0.5
 0.36 -0.23   0.5
 0.36 -0.23   0.5
 0.36 -0.23   0.5
 0.36 -0.23   0.5
 0.36 -0.23   0.5
 0.36 -0.23   0.5
 0.36 -0.23   0.5
 0.36 -0.23   0.5
 0.36 -0.23   0.5
 0.36 -0.23   0.5
 0.36 -0.23   0.5
 0.36 -0.23   0.5
 0.36 -0.23   0.5
 0.36 -0.23   0.5
 0.36 -0.23   0.5
 0.36 -0.23   0.5
 0.36 -0.23   0.5
 0.36 -0.23   0.5
 0.36 -0.23   0.5
 0.36 -0.23   0.5
 0.36 -0.23   0.5
 0.36 -0.23   0.5
 0.36 -0.23   0.5
 0.36 -0.23   0.5
 0.36 -0.23   0.5
 0.36 -0.23   0.5
 0.36 -0.23   0.5
 0.36 -0.23   0.5
 0.36 -0.23   0.5
 0.36 -0.23   0.5
 0.36 -0.23   0.5
 0.36 -0.23   0.5
 0.36 -0.23   0.5
 0.36 -0.23   0.5
 0.36 -0.23   0.5
 0.36 -0.23   0.5
 0.36 -0.23   0.5
 0.36 -0.23   0.5
 0.36 -0.23   0.5
 0.36 -0.23   0.5
 0.36 -0.23   0.5
 0.36 -0.23   0.5
 0.36 -0.23   0.5
 0.36 -0.23   0.5
 0.36 -0.23   0.5
 0.36 -0.23   0.5
 0.36 -0.23   0.5
 0.36 -0.23   0.5
 0.36 -0.23   0.5
 0.36 -0.23   0.5
 0.36 -0.23   0.5
 0.36 -0.23   0.5
 0.36 -0.23   0.5
 0.36 -0.23   0.5
 0.36 -0.23   0.5
 0.36 -0.23   0.5
 0.36 -0.23   0.5
 0.36 -0.23   0.5
 0.36 -0.23   0.5
 0.36 -0.23   0.5
 0.36 -0.23   0.5
 0.36 -0.23   0.5
 0.36 -0.23   0.5
 0.36 -0.23   0.5
 0.36 -0.23   0.5
 0.36 -0.23   0.5
 0.36 -0.23   0.5
 0.36 -0.23   0.5
 0.36 -0.23   0.5
