 0.268933 -0.326446  0.605747
 0.268923 -0.326452  0.605736
0.268896 -0.32646 0.605725
 0.268896 -0.326466   0.60572
 0.268879 -0.326477  0.605712
 0.268846 -0.326489  0.605703
 0.268831 -0.326498  0.605702
 0.268822 -0.326503   0.60571
 0.268813 -0.326508  0.605715
 0.268809 -0.326512  0.605726
 0.268807 -0.326513  0.605743
 0.268809 -0.326512  0.605761
 0.268826 -0.326513  0.605785
 0.268835 -0.326505  0.605809
 0.268847 -0.326496  0.605839
 0.268862 -0.326474  0.605869
 0.268885 -0.326461    0.6059
 0.268909 -0.326453  0.605931
 0.268937 -0.326428  0.605966
 0.268978 -0.326386  0.606009
 0.269006 -0.326371  0.606039
 0.269045 -0.326339  0.606077
 0.269084 -0.326303  0.606112
  0.26913 -0.326262  0.606151
0.269188  -0.3262 0.606189
 0.269236 -0.326153   0.60622
 0.269286 -0.326106   0.60625
 0.269318 -0.326074  0.606272
 0.269367 -0.326017    0.6063
0.269433 -0.32594 0.606325
 0.269485 -0.325882  0.606345
 0.269533 -0.325821  0.606357
 0.269583 -0.325757  0.606367
0.269631 -0.32569 0.606375
 0.269678 -0.325624  0.606377
 0.269708 -0.325582  0.606379
 0.269753 -0.325512  0.606375
 0.269815 -0.325411  0.606365
 0.269858 -0.325336  0.606349
0.269902 -0.32526  0.60633
0.269946 -0.32518 0.606309
  0.26999 -0.325099  0.606282
 0.270034 -0.325014  0.606253
  0.27008 -0.324926  0.606217
 0.270126 -0.324834  0.606181
 0.270173 -0.324742  0.606137
 0.270222 -0.324644  0.606095
 0.270272 -0.324542  0.606042
 0.270324 -0.324437  0.605988
 0.270367 -0.324326  0.605934
 0.270437 -0.324214  0.605871
 0.270502 -0.324084  0.605808
 0.270568 -0.323957  0.605735
 0.270637 -0.323826  0.605666
 0.270707 -0.323693   0.60559
 0.270783 -0.323552  0.605512
 0.270862 -0.323405  0.605432
  0.27091 -0.323326  0.605376
 0.270994 -0.323172  0.605291
 0.271119 -0.322935  0.605169
 0.271213 -0.322768  0.605076
0.271311 -0.32259 0.604978
 0.271412 -0.322412  0.604879
 0.271515 -0.322228   0.60477
  0.27162 -0.322041   0.60466
  0.27173 -0.321845  0.604548
 0.271841 -0.321648   0.60443
 0.271956 -0.321445  0.604309
 0.272072 -0.321238  0.604183
 0.272189 -0.321033  0.604053
 0.272308 -0.320818  0.603915
 0.272429 -0.320602  0.603775
 0.272555 -0.320375  0.603635
  0.27268 -0.320151  0.603485
 0.272806 -0.319922  0.603333
0.272933 -0.31969 0.603174
 0.273062 -0.319457  0.603012
 0.273194 -0.319213  0.602833
0.273326 -0.31897 0.602663
 0.273427 -0.318831  0.602538
 0.273598 -0.318471  0.602278
0.273733 -0.31822 0.602087
  0.27387 -0.317962   0.60189
 0.274009 -0.317702   0.60169
 0.274149 -0.317439  0.601479
0.274292 -0.31717 0.601269
 0.274436 -0.316899  0.601045
 0.274582 -0.316622   0.60082
 0.274731 -0.316343  0.600589
 0.274881 -0.316056  0.600353
 0.275036 -0.315765  0.600112
 0.275197 -0.315464   0.59987
 0.275357 -0.315163  0.599619
0.275518 -0.31486 0.599357
 0.275651 -0.314703  0.599214
 0.275852 -0.314235  0.598821
0.276027 -0.31389 0.598533
 0.276202 -0.313564   0.59825
 0.276379 -0.313231  0.597959
 0.276561 -0.312894  0.597663
0.276752 -0.31254 0.597331
  0.27694 -0.312192  0.597023
 0.277129 -0.311837  0.596704
 0.277321 -0.311477  0.596382
 0.277517 -0.311115  0.596054
 0.277715 -0.310746  0.595718
 0.277917 -0.310374  0.595378
 0.278119 -0.309997  0.595031
 0.278326 -0.309615   0.59468
 0.278532 -0.309232  0.594319
 0.278722 -0.309042  0.594125
 0.278936 -0.308652  0.593758
  0.27915 -0.308261  0.593385
 0.279382 -0.307656  0.592824
 0.279586 -0.307464  0.592615
 0.279807 -0.307061   0.59222
 0.280027 -0.306653  0.591816
 0.280251 -0.306241  0.591411
 0.280473 -0.305828  0.590988
 0.280697 -0.305409  0.590562
 0.280923 -0.304987  0.590128
 0.281148 -0.304561  0.589687
 0.281362 -0.303898  0.589039
 0.281583 -0.303464   0.58858
 0.281807 -0.303029  0.588119
 0.282028 -0.302593  0.587647
 0.282251 -0.302156  0.587173
 0.282474 -0.301722  0.586696
 0.282708 -0.301263  0.586219
0.282932 -0.30083 0.585738
0.283155  -0.3004 0.585253
  0.28338 -0.299973  0.584767
 0.283614 -0.299533  0.584222
 0.28384 -0.29911 0.583736
 0.284066 -0.298692   0.58324
 0.284293 -0.298274  0.582747
0.284522 -0.29786 0.582254
   0.2848 -0.297673  0.582004
 0.285033 -0.297264  0.581511
 0.285267 -0.296855  0.581013
 0.285503 -0.296444  0.580519
 0.285741 -0.296036  0.580008
 0.285922 -0.295386  0.579239
 0.286161 -0.294968  0.578723
 0.286401 -0.294546    0.5782
 0.286642 -0.294124  0.577676
   0.2869 -0.293665   0.57716
 0.287146 -0.293235   0.57663
 0.287392 -0.292801  0.576093
 0.287652 -0.292349   0.57549
0.287902 -0.29191 0.574944
 0.288155 -0.291468    0.5744
 0.288411 -0.291025  0.573854
0.288668 -0.29058 0.573305
 0.288928 -0.290135  0.572758
  0.28919 -0.289688  0.572207
0.289453 -0.28924 0.571661
 0.289707 -0.288811  0.571179
 0.289983 -0.288344  0.570559
 0.290249 -0.287895  0.570012
 0.290516 -0.287446  0.569462
 0.290787 -0.286996  0.568914
 0.291055 -0.286548  0.568365
 0.291406 -0.286355  0.568114
 0.291598 -0.285647  0.567268
 0.291868 -0.285198   0.56672
  0.29214 -0.284748  0.566172
 0.292496 -0.284556  0.565921
 0.292684 -0.283847  0.565076
 0.292945 -0.283375  0.564496
 0.293217 -0.282923  0.563951
 0.293514 -0.282473  0.563451
 0.293787 -0.282024  0.562907
 0.294057 -0.281572  0.562361
 0.294336 -0.281102  0.561746
 0.294608 -0.280654  0.561205
 0.294878 -0.280203  0.560668
  0.29515 -0.279754  0.560134
 0.295422 -0.279307  0.559599
 0.295694 -0.278858  0.559074
 0.295966 -0.278409  0.558547
 0.296239 -0.277964  0.558025
 0.296512 -0.277516  0.557509
 0.296786 -0.277068  0.556996
 0.297063 -0.276622  0.556488
 0.297338 -0.276173  0.555984
 0.297616 -0.275724  0.555488
 0.297894 -0.275275   0.55499
 0.298174 -0.274822  0.554505
 0.298453 -0.274369  0.554016
 0.298735 -0.273916  0.553534
 0.299017 -0.273459  0.553059
 0.299301 -0.272999  0.552586
0.299587 -0.27254 0.552119
 0.299872 -0.272076  0.551655
  0.30016 -0.271609  0.551198
 0.300442 -0.271112  0.550711
 0.300731 -0.270643  0.550258
 0.301022 -0.270171  0.549809
 0.301336 -0.269698  0.549409
 0.301626 -0.269222  0.548969
0.301926 -0.26872 0.548471
0.302216 -0.26824  0.54804
 0.302505 -0.267759  0.547608
 0.302797 -0.267276  0.547185
 0.303083 -0.266793   0.54676
 0.30337 -0.26631 0.546342
 0.303658 -0.265826  0.545926
 0.303942 -0.265343  0.545515
 0.304226 -0.264858   0.54511
 0.304508 -0.264374  0.544706
 0.304789 -0.263891   0.54431
 0.305067 -0.263407  0.543913
 0.305345 -0.262924  0.543521
  0.30562 -0.262443  0.543135
0.305895 -0.26196 0.542751
 0.306169 -0.261478  0.542374
 0.306439 -0.260998  0.541998
  0.30671 -0.260516  0.541631
 0.306975 -0.260013  0.541235
 0.307243 -0.259533   0.54087
  0.30751 -0.259052  0.540511
0.307804 -0.25855 0.540143
0.308069 -0.25807 0.539792
 0.308333 -0.257591  0.539442
 0.308594 -0.257112  0.539099
 0.308855 -0.256632  0.538757
 0.309115 -0.256154  0.538424
 0.309373 -0.255676  0.538087
 0.309629 -0.255201  0.537758
 0.309885 -0.254725  0.537433
0.310139 -0.25425  0.53711
 0.310391 -0.253777  0.536794
 0.310641 -0.253306  0.536478
  0.31089 -0.252836  0.536171
 0.311137 -0.252368  0.535861
 0.311382 -0.251902  0.535559
 0.311625 -0.251439   0.53526
 0.311866 -0.250977  0.534963
 0.312106 -0.250491  0.534651
 0.312343 -0.250034  0.534361
0.312578 -0.24958 0.534078
 0.312811 -0.249129  0.533795
 0.313049 -0.248659  0.533488
 0.313276 -0.248215   0.53321
 0.313502 -0.247774  0.532937
 0.313726 -0.247337  0.532671
 0.313953 -0.247151  0.532637
 0.314179 -0.246477   0.53217
 0.314386 -0.246295  0.532114
 0.314609 -0.245628  0.531657
0.314819 -0.24521   0.5314
 0.315026 -0.244795  0.531149
 0.315232 -0.244383  0.530902
 0.315434 -0.243975  0.530655
 0.315633 -0.243573  0.530413
  0.31583 -0.243173  0.530172
 0.316025 -0.242777  0.529936
 0.316216 -0.242385  0.529701
 0.316407 -0.241997  0.529473
 0.316593 -0.241614   0.52924
 0.316778 -0.241234  0.529015
 0.316961 -0.240859  0.528794
 0.317142 -0.240488  0.528573
 0.317321 -0.240122  0.528361
0.317498 -0.23976 0.528147
 0.317673 -0.239401  0.527939
 0.317847 -0.239049  0.527735
 0.318019 -0.238699  0.527533
  0.31819 -0.238353  0.527336
 0.318358 -0.238011  0.527139
 0.318526 -0.237674   0.52695
 0.31869 -0.23734 0.526758
0.318854 -0.23701 0.526571
 0.319016 -0.236684  0.526389
 0.319176 -0.236363  0.526207
 0.319335 -0.236044   0.52603
0.319491 -0.23573 0.525853
0.319646 -0.23542 0.525679
   0.3198 -0.235095  0.525491
 0.319951 -0.234793  0.525322
   0.3201 -0.234496  0.525157
 0.32025 -0.23419 0.524976
 0.320396 -0.233901  0.524818
 0.320538 -0.233618  0.524655
 0.320688 -0.233345  0.524513
 0.320826 -0.233071   0.52436
 0.320962 -0.232802  0.524206
 0.321096 -0.232538  0.524058
0.321227 -0.23228 0.523907
 0.321357 -0.232027  0.523766
 0.321483 -0.231779  0.523618
 0.321607 -0.231537  0.523477
 0.321729 -0.231301  0.523339
0.321849 -0.23107   0.5232
 0.321967 -0.230844  0.523068
 0.322082 -0.230625  0.522932
 0.322194 -0.230409  0.522801
 0.322308 -0.230178  0.522658
 0.322416 -0.229973  0.522531
 0.322524 -0.229774  0.522407
0.322629 -0.22958 0.522284
 0.322734 -0.229384  0.522155
 0.322835 -0.229201  0.522034
 0.322935 -0.229021  0.521917
 0.323034 -0.228847  0.521805
 0.323131 -0.228678  0.521692
0.323235 -0.22852 0.521598
 0.323329 -0.228361   0.52149
 0.323421 -0.228205  0.521385
 0.323513 -0.228056  0.521284
 0.323603 -0.227911  0.521184
0.323692 -0.22777 0.521089
 0.323779 -0.227633  0.520993
0.323856 -0.22767 0.521038
  0.32394 -0.227543  0.520944
 0.324023 -0.227419  0.520856
0.324106  -0.2273 0.520769
 0.324186 -0.227183  0.520684
 0.324276 -0.226903  0.520467
 0.324354 -0.226779  0.520367
 0.324431 -0.226672  0.520284
 0.324506 -0.226569  0.520204
 0.324573 -0.226634  0.520254
 0.324653 -0.226375  0.520048
 0.324724 -0.226282  0.519971
 0.324794 -0.226192  0.519893
 0.324863 -0.226106  0.519825
 0.324929 -0.226026  0.519747
 0.324996 -0.225949  0.519681
 0.325062 -0.225875  0.519614
 0.325122 -0.225956  0.519674
 0.325191 -0.225741  0.519493
 0.325254 -0.225681  0.519434
 0.325317 -0.225622  0.519379
 0.325379 -0.225568  0.519325
  0.32544 -0.225516  0.519275
 0.325501 -0.225468  0.519224
 0.325555 -0.225565  0.519295
  0.32562 -0.225528  0.519257
 0.325679 -0.225486  0.519211
 0.325746 -0.225303  0.519054
 0.325804 -0.225262  0.519009
 0.325853 -0.225369  0.519084
 0.325919 -0.225185  0.518925
 0.325977 -0.225147  0.518887
 0.326034 -0.225092  0.518832
  0.32608 -0.225201  0.518904
0.326145 -0.22502 0.518751
   0.3262 -0.224983   0.51871
 0.326255 -0.224947  0.518673
 0.326308 -0.224911  0.518631
 0.326352 -0.225019  0.518701
 0.326414 -0.224844  0.518555
0.326466 -0.22481 0.518516
 0.326518 -0.224778   0.51848
 0.326569 -0.224748  0.518442
  0.32662 -0.224718  0.518411
 0.326669 -0.224691  0.518372
 0.326718 -0.224664  0.518338
 0.326767 -0.224639  0.518305
 0.326813 -0.224619   0.51827
 0.326853 -0.224729  0.518344
 0.326899 -0.224708   0.51831
 0.326954 -0.224557  0.518179
    0.327 -0.224539  0.518149
 0.327037 -0.224655  0.518222
 0.327096 -0.224515  0.518102
 0.32714  -0.2245 0.518073
 0.327184 -0.224487  0.518048
 0.327227 -0.224474  0.518018
 0.327261 -0.224592  0.518091
 0.327312 -0.224442  0.517955
 0.327353 -0.224441  0.517939
 0.327394 -0.224432  0.517915
 0.327434 -0.224423  0.517888
 0.327466 -0.224544  0.517961
 0.327514 -0.224408  0.517839
 0.327554 -0.224401  0.517815
 0.327593 -0.224396  0.517792
 0.327632 -0.224391  0.517768
 0.327671 -0.224386  0.517749
0.327706 -0.22437 0.517717
 0.327744 -0.224367  0.517695
 0.327782 -0.224364  0.517675
 0.327818 -0.224366  0.517653
 0.327856 -0.224364  0.517637
 0.327893 -0.224362  0.517615
  0.32793 -0.224361  0.517597
0.327968 -0.22436 0.517579
 0.328006 -0.224359  0.517562
 0.328044 -0.224359  0.517547
 0.328081 -0.224359  0.517529
 0.328119 -0.224359  0.517517
 0.328156 -0.224359  0.517498
 0.328193 -0.224359  0.517483
0.328231 -0.22436  0.51747
 0.328267 -0.224361  0.517454
 0.328305 -0.224361  0.517442
 0.328341 -0.224361  0.517426
 0.328378 -0.224362  0.517412
 0.328419 -0.224369  0.517407
0.328455 -0.22437 0.517392
  0.32849 -0.224371   0.51738
 0.328526 -0.224372  0.517365
 0.328561 -0.224373  0.517355
 0.328595 -0.224373  0.517338
 0.328629 -0.224376  0.517324
 0.328663 -0.224377  0.517311
 0.328697 -0.224378  0.517295
 0.32873 -0.22438 0.517284
 0.328763 -0.224381  0.517267
 0.328795 -0.224383  0.517252
 0.328823 -0.224378   0.51723
 0.328859 -0.224387  0.517222
 0.328891 -0.224389  0.517208
 0.328921 -0.224392  0.517193
 0.328949 -0.224388  0.517175
 0.328983 -0.224399  0.517163
 0.329009 -0.224396  0.517142
 0.329044 -0.224406  0.517134
 0.329069 -0.224403  0.517113
   0.3291 -0.224408  0.517101
 0.329129 -0.224413  0.517085
 0.329159 -0.224418  0.517071
 0.329189 -0.224424  0.517059
 0.329218 -0.224429  0.517045
 0.329252 -0.224443   0.51704
 0.329281 -0.224449  0.517025
 0.329311 -0.224455  0.517017
 0.329339 -0.224462  0.517002
 0.329365 -0.224461  0.516984
 0.329394 -0.224469  0.516974
 0.329424 -0.224476  0.516961
 0.329453 -0.224483  0.516953
 0.329482 -0.224489   0.51694
 0.329511 -0.224496  0.516929
 0.329541 -0.224503  0.516919
 0.329569 -0.224509  0.516908
 0.329599 -0.224515  0.516899
 0.329628 -0.224522  0.516888
 0.329658 -0.224527  0.516882
 0.329688 -0.224529  0.516867
 0.329717 -0.224535  0.516857
 0.329744 -0.224545  0.516848
0.329773 -0.22455 0.516838
 0.329802 -0.224556   0.51683
  0.32983 -0.224562  0.516818
 0.329858 -0.224568  0.516808
 0.329887 -0.224573  0.516799
 0.329915 -0.224579  0.516788
 0.329945 -0.224579  0.516779
 0.329971 -0.224589  0.516769
     0.33 -0.224595  0.516762
 0.330026 -0.224601  0.516748
 0.330053 -0.224606  0.516737
 0.330081 -0.224612  0.516728
 0.330108 -0.224618  0.516717
 0.330135 -0.224625  0.516709
0.330161 -0.22463 0.516696
 0.330187 -0.224636  0.516685
 0.330214 -0.224643  0.516675
  0.33024 -0.224649  0.516665
 0.330266 -0.224656  0.516656
 0.330292 -0.224662  0.516644
 0.330305 -0.224767  0.516709
 0.330344 -0.224675  0.516624
 0.330372 -0.224687  0.516618
 0.330398 -0.224694  0.516607
0.330424  -0.2247 0.516596
  0.33045 -0.224706  0.516587
 0.330476 -0.224705  0.516567
0.330501 -0.22471 0.516556
 0.330527 -0.224716  0.516546
 0.330551 -0.224721  0.516535
 0.330577 -0.224727  0.516526
 0.330602 -0.224733  0.516514
 0.330628 -0.224739  0.516508
 0.330652 -0.224745  0.516494
0.330677 -0.22475 0.516484
 0.330702 -0.224756  0.516474
 0.330727 -0.224762  0.516464
 0.330751 -0.224773  0.516453
0.330775 -0.22478 0.516447
   0.3308 -0.224786  0.516437
 0.330825 -0.224793  0.516429
0.330849  -0.2248  0.51642
 0.330875 -0.224807  0.516412
 0.330899 -0.224814  0.516402
0.330925 -0.22482 0.516397
 0.330948 -0.224828  0.516386
 0.330973 -0.224834  0.516377
 0.330998 -0.224841   0.51637
 0.331022 -0.224848   0.51636
 0.331047 -0.224855  0.516354
 0.331072 -0.224861  0.516343
 0.331096 -0.224868  0.516335
  0.33112 -0.224874  0.516328
 0.331145 -0.224881  0.516318
 0.331169 -0.224887  0.516312
 0.331193 -0.224892  0.516302
 0.331222 -0.224893  0.516293
 0.331246 -0.224898  0.516282
  0.33127 -0.224904  0.516273
0.331278   -0.225  0.51633
 0.331302 -0.225005  0.516321
0.331341 -0.22492 0.516248
 0.331365 -0.224924  0.516236
 0.331389 -0.224928  0.516231
 0.331412 -0.224933  0.516217
 0.331435 -0.224937  0.516207
 0.331459 -0.224942  0.516198
 0.331482 -0.224945  0.516186
 0.331504 -0.224953  0.516181
 0.331528 -0.224953  0.516166
  0.33155 -0.224957  0.516156
 0.331573 -0.224962  0.516146
 0.331596 -0.224967  0.516135
 0.331619 -0.224972  0.516127
 0.331639 -0.224981  0.516118
 0.331663 -0.224986  0.516113
 0.331684 -0.224993    0.5161
0.331706   -0.225 0.516091
 0.331713 -0.225092  0.516146
 0.331736 -0.225099  0.516136
 0.331758 -0.225106  0.516131
  0.33178 -0.225113   0.51612
0.331802 -0.22512 0.516111
 0.331824 -0.225127  0.516103
 0.331846 -0.225133  0.516094
  0.33187 -0.225138  0.516085
 0.331893 -0.225135  0.516067
 0.331936 -0.225052  0.515998
 0.331958 -0.225054  0.515985
 0.331981 -0.225055  0.515973
 0.332004 -0.225056  0.515963
 0.332026 -0.225057  0.515952
  0.33205 -0.225058  0.515942
 0.332056 -0.225147   0.51599
 0.332093 -0.225057   0.51592
 0.332116 -0.225058  0.515909
0.332138 -0.22506 0.515899
 0.332144 -0.225147  0.515951
 0.332182 -0.225066   0.51588
 0.332205 -0.225071  0.515874
 0.332226 -0.225076  0.515861
 0.332248 -0.225082  0.515853
  0.33227 -0.225089  0.515846
 0.332275 -0.225178  0.515897
 0.332297 -0.225186  0.515892
 0.332333 -0.225115  0.515823
 0.332355 -0.225123  0.515815
 0.332376 -0.225132  0.515809
 0.332395 -0.225145  0.515804
 0.332417 -0.225155  0.515799
 0.332437 -0.225164  0.515791
 0.332459 -0.225175  0.515788
 0.332479 -0.225184  0.515777
   0.3325 -0.225193   0.51577
 0.332521 -0.225202  0.515764
0.332542 -0.22521 0.515757
 0.332564 -0.225219  0.515752
 0.332584 -0.225227  0.515743
 0.332605 -0.225234  0.515735
 0.332627 -0.225235  0.515722
 0.332648 -0.225241  0.515715
 0.332672 -0.225252  0.515711
 0.332692 -0.225257  0.515703
 0.332714 -0.225262  0.515699
 0.332735 -0.225266  0.515688
0.332757 -0.22527  0.51568
 0.332779 -0.225273  0.515672
   0.3328 -0.225275  0.515664
 0.332822 -0.225277  0.515658
 0.332826 -0.225359  0.515704
0.332847 -0.22536 0.515696
 0.332868 -0.225357  0.515685
 0.332889 -0.225358  0.515677
 0.332911 -0.225358  0.515669
 0.332932 -0.225358  0.515659
 0.332971 -0.225274  0.515595
 0.332994 -0.225278  0.515582
 0.333015 -0.225277  0.515572
 0.333036 -0.225275  0.515562
 0.333057 -0.225274  0.515552
 0.333077 -0.225268  0.515541
 0.333096 -0.225268  0.515528
 0.333116 -0.225268  0.515519
 0.333137 -0.225268  0.515509
0.333156 -0.22527 0.515499
 0.333176 -0.225272  0.515492
 0.333195 -0.225276  0.515482
 0.333215 -0.225282  0.515477
 0.333234 -0.225293  0.515468
 0.333253 -0.225301   0.51546
 0.333272 -0.225309  0.515455
  0.33329 -0.225318  0.515448
 0.333309 -0.225329  0.515444
 0.333327 -0.225339  0.515436
0.333345 -0.22535 0.515431
0.333364 -0.22536 0.515426
 0.333382 -0.225371   0.51542
 0.333401 -0.225382  0.515416
 0.333419 -0.225393   0.51541
 0.333438 -0.225403  0.515408
 0.333456 -0.225413    0.5154
 0.333475 -0.225421  0.515395
 0.333493 -0.225425  0.515389
 0.333512 -0.225432  0.515383
 0.333534 -0.225443  0.515381
 0.333553 -0.225449  0.515374
 0.333573 -0.225453  0.515367
 0.333593 -0.225456  0.515362
 0.333596 -0.225534  0.515408
 0.333634 -0.225461   0.51535
 0.333654 -0.225462  0.515341
 0.333675 -0.225461  0.515338
0.333696 -0.22546 0.515327
 0.333718 -0.225451  0.515317
 0.333739 -0.225449  0.515311
 0.333759 -0.225447  0.515302
  0.33378 -0.225444  0.515296
   0.3338 -0.225442  0.515285
 0.33382 -0.22544 0.515277
  0.33384 -0.225438  0.515269
  0.33386 -0.225436  0.515261
  0.33388 -0.225435  0.515254
 0.333897 -0.225444  0.515249
 0.333917 -0.225441  0.515242
 0.333919 -0.225513  0.515282
 0.333939 -0.225508  0.515272
0.333973 -0.22544 0.515215
 0.333991 -0.225443  0.515206
 0.334009 -0.225447  0.515201
 0.334027 -0.225451  0.515191
 0.334044 -0.225456  0.515184
 0.334062 -0.225466  0.515179
 0.334079 -0.225472  0.515172
 0.334096 -0.225479  0.515165
 0.334112 -0.225481  0.515157
 0.334129 -0.225488  0.515154
 0.334145 -0.225495  0.515144
 0.334162 -0.225502  0.515137
 0.334179 -0.225509  0.515132
 0.334195 -0.225518  0.515125
 0.334213 -0.225525  0.515121
 0.334229 -0.225532  0.515114
 0.334247 -0.225539  0.515108
 0.334264 -0.225546  0.515103
 0.334282 -0.225553  0.515096
 0.334284 -0.225632  0.515142
 0.334318 -0.225568  0.515087
  0.33432 -0.225642  0.515133
 0.334355 -0.225576  0.515076
 0.334374 -0.225574  0.515064
 0.334392 -0.225579  0.515062
 0.334411 -0.225581  0.515055
  0.33443 -0.225582  0.515051
