0.0168761   -0.1054   0.50848
0.0168761   -0.1054   0.50848
0.0168763 -0.105401  0.508478
 0.016877 -0.105403   0.50847
0.0168782 -0.105406  0.508458
0.0168798  -0.10541   0.50844
0.0168819 -0.105416  0.508417
0.0168845 -0.105422  0.508389
0.0168876 -0.105431  0.508356
0.0168911  -0.10544  0.508319
0.0168951  -0.10545  0.508276
0.0168995 -0.105462  0.508227
0.0169045 -0.105475  0.508174
0.0169157 -0.105505  0.508053
0.0169157 -0.105505  0.508053
0.0169221 -0.105521  0.507985
0.0169289 -0.105539  0.507911
0.0169362 -0.105558  0.507833
0.0169439 -0.105579   0.50775
0.0169521   -0.1056  0.507661
0.0169608 -0.105623  0.507567
0.0169796 -0.105672  0.507365
0.0169796 -0.105672  0.507365
0.0170002 -0.105727  0.507143
0.0170002 -0.105727  0.507143
0.0170228 -0.105786    0.5069
0.0170228 -0.105786    0.5069
0.0170347 -0.105817  0.506771
0.0170472  -0.10585  0.506637
0.0170735 -0.105919  0.506354
0.0170735 -0.105919  0.506354
0.0170873 -0.105955  0.506204
0.0171016 -0.105993   0.50605
0.0171317 -0.106072  0.505726
0.0171317 -0.106072  0.505726
0.0171474 -0.106113  0.505557
0.0171636 -0.106156  0.505382
0.0171803   -0.1062  0.505203
0.0171974 -0.106245  0.505018
 0.017215 -0.106291  0.504829
0.0172331 -0.106339  0.504634
0.0172706 -0.106437  0.504229
0.0172706 -0.106437  0.504229
0.0173101 -0.106541  0.503804
0.0173305 -0.106595  0.503584
0.0173514  -0.10665  0.503359
0.0173727 -0.106706  0.503129
0.0173946 -0.106763  0.502894
0.0174169 -0.106822  0.502653
0.0174396 -0.106881  0.502408
0.0174629 -0.106943  0.502158
0.0174866 -0.107005  0.501902
0.0175107 -0.107068  0.501642
0.0175354 -0.107133  0.501377
0.0175605 -0.107199  0.501106
0.0175861 -0.107266   0.50083
0.0176121 -0.107335   0.50055
0.0176386 -0.107405  0.500264
0.0176656 -0.107476  0.499973
0.0176931 -0.107548  0.499677
 0.017721 -0.107621  0.499377
0.0177494 -0.107696  0.499071
0.0177782 -0.107772   0.49876
0.0178076 -0.107849  0.498444
0.0178373 -0.107927  0.498124
0.0178675 -0.108006  0.497798
0.0178983 -0.108087  0.497466
0.0179294 -0.108169  0.497131
 0.017961 -0.108252   0.49679
0.0179932 -0.108336  0.496444
0.0180258 -0.108422  0.496092
0.0180589 -0.108509  0.495736
0.0180925 -0.108597  0.495374
0.0181266 -0.108687  0.495007
0.0181611 -0.108778  0.494634
0.0181961  -0.10887  0.494258
0.0182315 -0.108963  0.493876
0.0182674 -0.109057  0.493489
0.0183038 -0.109153  0.493097
0.0183407  -0.10925    0.4927
 0.018378 -0.109348  0.492297
0.0184158 -0.109447   0.49189
0.0184541 -0.109548  0.491477
0.0184929  -0.10965   0.49106
0.0185321 -0.109753  0.490637
0.0185718 -0.109857  0.490209
 0.018612 -0.109963  0.489776
0.0186526  -0.11007  0.489339
0.0186937 -0.110178  0.488896
0.0187353 -0.110287  0.488448
0.0187773 -0.110397  0.487995
0.0188198 -0.110509  0.487537
0.0188627 -0.110622  0.487074
 0.018906 -0.110736  0.486608
0.0189499 -0.110851  0.486135
0.0189943 -0.110968  0.485657
0.0190391 -0.111085  0.485174
0.0190844 -0.111205  0.484686
0.0191301 -0.111325  0.484193
0.0191764 -0.111446  0.483695
0.0192228 -0.111568  0.483195
0.0192694 -0.111691  0.482692
0.0193161 -0.111814  0.482189
0.0193628 -0.111936  0.481687
0.0194094 -0.112059  0.481184
0.0194561 -0.112182  0.480681
0.0195028 -0.112304  0.480177
0.0195495 -0.112427  0.479675
0.0195962  -0.11255  0.479172
0.0196429 -0.112672  0.478668
0.0196896 -0.112795  0.478165
0.0197362 -0.112918  0.477663
0.0197829  -0.11304   0.47716
0.0198296 -0.113163  0.476657
0.0198763 -0.113286  0.476153
 0.019923 -0.113409  0.475651
0.0199696 -0.113531  0.475148
0.0200162 -0.113654  0.474646
0.0200623 -0.113775   0.47415
0.0201079 -0.113895  0.473658
0.0201531 -0.114013  0.473171
0.0201977 -0.114131   0.47269
0.0202419 -0.114247  0.472214
0.0202857 -0.114362  0.471742
 0.020329 -0.114476  0.471276
0.0203718 -0.114588  0.470814
0.0204141   -0.1147  0.470358
0.020456 -0.11481 0.469907
0.0204974 -0.114919  0.469461
0.0205383 -0.115026   0.46902
0.0205788 -0.115132  0.468584
0.0206187 -0.115237  0.468154
0.0206583 -0.115341  0.467728
0.0206974 -0.115444  0.467307
0.0207359 -0.115545  0.466891
0.0207741 -0.115646   0.46648
0.0208117 -0.115745  0.466074
0.0208489 -0.115842  0.465674
0.0208856 -0.115939  0.465278
0.0209218 -0.116034  0.464888
0.0209576 -0.116128  0.464503
0.0209929 -0.116221  0.464122
0.0210277 -0.116312  0.463747
0.0210621 -0.116403  0.463377
 0.021096 -0.116492  0.463012
0.0211294  -0.11658  0.462652
0.0211623 -0.116666  0.462297
0.0211948 -0.116751  0.461947
0.0212268 -0.116836  0.461602
0.0212584 -0.116919  0.461262
0.0212894    -0.117  0.460927
  0.02132 -0.117081  0.460598
0.0213501  -0.11716  0.460273
0.0213798 -0.117238  0.459953
 0.021409 -0.117315  0.459639
0.0214378  -0.11739  0.459329
 0.021466 -0.117464  0.459025
0.0214938 -0.117537  0.458725
0.0215211 -0.117609   0.45843
0.021548 -0.11768 0.458141
0.0215744 -0.117749  0.457857
0.0216003 -0.117817  0.457578
0.0216257 -0.117884  0.457304
0.0216506  -0.11795  0.457035
0.0216751 -0.118014  0.456771
0.0216992 -0.118077  0.456512
0.0217227 -0.118139  0.456258
0.0217458   -0.1182   0.45601
0.0217684 -0.118259  0.455766
0.0217906 -0.118317  0.455527
0.0218123 -0.118374  0.455294
0.0218335  -0.11843  0.455065
0.0218542 -0.118485  0.454842
0.0218745 -0.118538  0.454623
0.0218943  -0.11859   0.45441
0.0219137 -0.118641  0.454201
0.0219325  -0.11869  0.453998
0.0219509 -0.118739    0.4538
0.0219688 -0.118786  0.453607
0.0219862 -0.118832  0.453419
0.0220032 -0.118876  0.453236
0.0220197  -0.11892  0.453058
0.0220358 -0.118962  0.452886
0.0220513 -0.119003  0.452718
0.0220664 -0.119042  0.452555
0.0220811 -0.119081  0.452397
0.0220953 -0.119118  0.452244
 0.022109 -0.119154  0.452096
0.0221222 -0.119189  0.451954
 0.022135 -0.119223  0.451816
0.0221473 -0.119255  0.451684
0.0221591 -0.119286  0.451557
0.0221704 -0.119316  0.451435
0.0221813 -0.119344  0.451318
0.0221917 -0.119372  0.451206
0.0222016 -0.119398  0.451099
0.0222111 -0.119423  0.450997
  0.02222 -0.119446    0.4509
0.0222286 -0.119469  0.450808
0.0222366  -0.11949  0.450721
0.0222442  -0.11951   0.45064
0.0222513 -0.119528  0.450563
 0.022258 -0.119546  0.450491
0.0222641 -0.119562  0.450425
0.0222698 -0.119577  0.450363
0.0222751 -0.119591  0.450307
0.0222798 -0.119603  0.450256
0.0222841 -0.119615  0.450209
 0.022288 -0.119625  0.450168
0.0222913 -0.119634  0.450132
0.0222942 -0.119641  0.450101
0.0222966 -0.119647  0.450075
0.0222986 -0.119653  0.450054
   0.0223 -0.119656  0.450038
 0.022301 -0.119659  0.450027
0.0223016 -0.119661  0.450021
0.0223017 -0.119661   0.45002
0.0223017 -0.119661   0.45002
0.0223017 -0.119661   0.45002
0.0223017 -0.119661   0.45002
0.0223017 -0.119661   0.45002
0.0223017 -0.119661   0.45002
0.0223017 -0.119661   0.45002
0.0223017 -0.119661   0.45002
0.0223017 -0.119661   0.45002
0.0223017 -0.119661   0.45002
0.0223017 -0.119661   0.45002
0.0223017 -0.119661   0.45002
0.0223017 -0.119661   0.45002
0.0223017 -0.119661   0.45002
0.0223017 -0.119661   0.45002
0.0223017 -0.119661   0.45002
0.0223017 -0.119661   0.45002
0.0223017 -0.119661   0.45002
0.0223017 -0.119661   0.45002
0.0223017 -0.119661   0.45002
0.0223017 -0.119661   0.45002
0.0223017 -0.119661   0.45002
0.0223017 -0.119661   0.45002
0.0223017 -0.119661   0.45002
0.0223017 -0.119661   0.45002
0.0223017 -0.119661   0.45002
0.0223017 -0.119661   0.45002
0.0223017 -0.119661   0.45002
0.0223017 -0.119661   0.45002
0.0223017 -0.119661   0.45002
0.0223017 -0.119661   0.45002
0.0223017 -0.119661   0.45002
0.0223017 -0.119661   0.45002
0.0223017 -0.119661   0.45002
0.0223017 -0.119661   0.45002
0.0223017 -0.119661   0.45002
0.0223017 -0.119661   0.45002
0.0223017 -0.119661   0.45002
0.0223017 -0.119661   0.45002
0.0223017 -0.119661   0.45002
0.0223017 -0.119661   0.45002
0.0223017 -0.119661   0.45002
0.0223017 -0.119661   0.45002
0.0223017 -0.119661   0.45002
0.0223017 -0.119661   0.45002
0.0223017 -0.119661   0.45002
0.0223017 -0.119661   0.45002
0.0223017 -0.119661   0.45002
0.0223017 -0.119661   0.45002
0.0223017 -0.119661   0.45002
0.0223017 -0.119661   0.45002
0.0223017 -0.119661   0.45002
0.0223017 -0.119661   0.45002
0.0223017 -0.119661   0.45002
0.0223017 -0.119661   0.45002
0.0223017 -0.119661   0.45002
0.0223017 -0.119661   0.45002
0.0223017 -0.119661   0.45002
0.0223017 -0.119661   0.45002
0.0223017 -0.119661   0.45002
0.0223017 -0.119661   0.45002
0.0223017 -0.119661   0.45002
0.0223017 -0.119661   0.45002
0.0223017 -0.119661   0.45002
0.0223017 -0.119661   0.45002
0.0223017 -0.119661   0.45002
0.0223017 -0.119661   0.45002
0.0223017 -0.119661   0.45002
0.0223017 -0.119661   0.45002
0.0223017 -0.119661   0.45002
0.0223017 -0.119661   0.45002
0.0223017 -0.119661   0.45002
0.0223017 -0.119661   0.45002
0.0223017 -0.119661   0.45002
0.0223017 -0.119661   0.45002
0.0223017 -0.119661   0.45002
0.0223017 -0.119661   0.45002
0.0223017 -0.119661   0.45002
0.0223017 -0.119661   0.45002
0.0223017 -0.119661   0.45002
0.0223017 -0.119661   0.45002
0.0223017 -0.119661   0.45002
0.0223017 -0.119661   0.45002
0.0223017 -0.119661   0.45002
0.0223017 -0.119661   0.45002
0.0223017 -0.119661   0.45002
0.0223017 -0.119661   0.45002
0.0223017 -0.119661   0.45002
0.0223017 -0.119661   0.45002
0.0223017 -0.119661   0.45002
0.0223017 -0.119661   0.45002
0.0223017 -0.119661   0.45002
0.0223017 -0.119661   0.45002
0.0223017 -0.119661   0.45002
0.0223017 -0.119661   0.45002
0.0223017 -0.119661   0.45002
0.0223017 -0.119661   0.45002
0.0223017 -0.119661   0.45002
0.0223017 -0.119661   0.45002
0.0223017 -0.119661   0.45002
0.0223017 -0.119661   0.45002
0.0223017 -0.119661   0.45002
0.0223017 -0.119661   0.45002
0.0223017 -0.119661   0.45002
0.0223017 -0.119661   0.45002
0.0223017 -0.119661   0.45002
0.0223017 -0.119661   0.45002
0.0223017 -0.119661   0.45002
0.0223017 -0.119661   0.45002
0.0223017 -0.119661   0.45002
0.0223017 -0.119661   0.45002
0.0223017 -0.119661   0.45002
0.0223017 -0.119661   0.45002
0.0223017 -0.119661   0.45002
0.0223017 -0.119661   0.45002
0.0223017 -0.119661   0.45002
0.0223017 -0.119661   0.45002
0.0223017 -0.119661   0.45002
0.0223017 -0.119661   0.45002
0.0223017 -0.119661   0.45002
0.0223017 -0.119661   0.45002
0.0223017 -0.119661   0.45002
0.0223017 -0.119661   0.45002
0.0223017 -0.119661   0.45002
0.0223017 -0.119661   0.45002
0.0223017 -0.119661   0.45002
0.0223017 -0.119661   0.45002
0.0223017 -0.119661   0.45002
0.0223017 -0.119661   0.45002
0.0223017 -0.119661   0.45002
0.0223017 -0.119661   0.45002
0.0223017 -0.119661   0.45002
0.0223017 -0.119661   0.45002
0.0223017 -0.119661   0.45002
0.0223017 -0.119661   0.45002
0.0223017 -0.119661   0.45002
0.0223017 -0.119661   0.45002
0.0223017 -0.119661   0.45002
0.0223017 -0.119661   0.45002
0.0223017 -0.119661   0.45002
0.0223017 -0.119661   0.45002
0.0223017 -0.119661   0.45002
0.0223017 -0.119661   0.45002
0.0223017 -0.119661   0.45002
0.0223017 -0.119661   0.45002
0.0223017 -0.119661   0.45002
0.0223017 -0.119661   0.45002
0.0223017 -0.119661   0.45002
0.0223017 -0.119661   0.45002
0.0223017 -0.119661   0.45002
0.0223017 -0.119661   0.45002
0.0223017 -0.119661   0.45002
0.0223017 -0.119661   0.45002
0.0223017 -0.119661   0.45002
0.0223017 -0.119661   0.45002
0.0223017 -0.119661   0.45002
0.0223017 -0.119661   0.45002
0.0223017 -0.119661   0.45002
0.0223017 -0.119661   0.45002
0.0223017 -0.119661   0.45002
0.0223017 -0.119661   0.45002
0.0223017 -0.119661   0.45002
0.0223017 -0.119661   0.45002
0.0223017 -0.119661   0.45002
0.0223017 -0.119661   0.45002
0.0223017 -0.119661   0.45002
0.0223017 -0.119661   0.45002
0.0223017 -0.119661   0.45002
0.0223017 -0.119661   0.45002
0.0223017 -0.119661   0.45002
0.0223017 -0.119661   0.45002
0.0223017 -0.119661   0.45002
0.0223017 -0.119661   0.45002
0.0223017 -0.119661   0.45002
0.0223017 -0.119661   0.45002
0.0223017 -0.119661   0.45002
0.0223017 -0.119661   0.45002
0.0223017 -0.119661   0.45002
0.0223017 -0.119661   0.45002
0.0223017 -0.119661   0.45002
0.0223017 -0.119661   0.45002
0.0223017 -0.119661   0.45002
0.0223017 -0.119661   0.45002
0.0223017 -0.119661   0.45002
0.0223017 -0.119661   0.45002
0.0223017 -0.119661   0.45002
0.0223017 -0.119661   0.45002
0.0223017 -0.119661   0.45002
0.0223017 -0.119661   0.45002
0.0223017 -0.119661   0.45002
0.0223017 -0.119661   0.45002
0.0223017 -0.119661   0.45002
0.0223017 -0.119661   0.45002
0.0223017 -0.119661   0.45002
0.0223017 -0.119661   0.45002
0.0223017 -0.119661   0.45002
0.0223017 -0.119661   0.45002
0.0223017 -0.119661   0.45002
0.0223017 -0.119661   0.45002
0.0223017 -0.119661   0.45002
0.0223017 -0.119661   0.45002
0.0223017 -0.119661   0.45002
0.0223017 -0.119661   0.45002
0.0223017 -0.119661   0.45002
0.0223017 -0.119661   0.45002
0.0223017 -0.119661   0.45002
0.0223017 -0.119661   0.45002
0.0223017 -0.119661   0.45002
0.0223017 -0.119661   0.45002
0.0223017 -0.119661   0.45002
0.0223017 -0.119661   0.45002
0.0223017 -0.119661   0.45002
0.0223017 -0.119661   0.45002
0.0223017 -0.119661   0.45002
0.0223017 -0.119661   0.45002
0.0223017 -0.119661   0.45002
0.0223017 -0.119661   0.45002
0.0223017 -0.119661   0.45002
0.0223017 -0.119661   0.45002
0.0223017 -0.119661   0.45002
0.0223017 -0.119661   0.45002
0.0223017 -0.119661   0.45002
0.0223017 -0.119661   0.45002
0.0223017 -0.119661   0.45002
0.0223017 -0.119661   0.45002
0.0223017 -0.119661   0.45002
0.0223017 -0.119661   0.45002
0.0223017 -0.119661   0.45002
0.0223017 -0.119661   0.45002
0.0223017 -0.119661   0.45002
0.0223017 -0.119661   0.45002
0.0223017 -0.119661   0.45002
0.0223017 -0.119661   0.45002
0.0223017 -0.119661   0.45002
0.0223017 -0.119661   0.45002
0.0223017 -0.119661   0.45002
0.0223017 -0.119661   0.45002
0.0223017 -0.119661   0.45002
0.0223017 -0.119661   0.45002
0.0223017 -0.119661   0.45002
0.0223017 -0.119661   0.45002
0.0223017 -0.119661   0.45002
0.0223017 -0.119661   0.45002
0.0223017 -0.119661   0.45002
0.0223017 -0.119661   0.45002
0.0223017 -0.119661   0.45002
0.0223017 -0.119661   0.45002
0.0223017 -0.119661   0.45002
0.0223017 -0.119661   0.45002
0.0223017 -0.119661   0.45002
0.0223017 -0.119661   0.45002
0.0223017 -0.119661   0.45002
0.0223017 -0.119661   0.45002
0.0223017 -0.119661   0.45002
0.0223017 -0.119661   0.45002
0.0223017 -0.119661   0.45002
0.0223017 -0.119661   0.45002
0.0223017 -0.119661   0.45002
0.0223017 -0.119661   0.45002
0.0223017 -0.119661   0.45002
0.0223017 -0.119661   0.45002
0.0223017 -0.119661   0.45002
0.0223017 -0.119661   0.45002
0.0223017 -0.119661   0.45002
0.0223017 -0.119661   0.45002
0.0223017 -0.119661   0.45002
0.0223017 -0.119661   0.45002
0.0223017 -0.119661   0.45002
0.0223017 -0.119661   0.45002
0.0223017 -0.119661   0.45002
0.0223017 -0.119661   0.45002
0.0223017 -0.119661   0.45002
0.0223017 -0.119661   0.45002
0.0223017 -0.119661   0.45002
0.0223017 -0.119661   0.45002
0.0223017 -0.119661   0.45002
0.0223017 -0.119661   0.45002
0.0223017 -0.119661   0.45002
0.0223017 -0.119661   0.45002
0.0223017 -0.119661   0.45002
0.0223017 -0.119661   0.45002
0.0223017 -0.119661   0.45002
0.0223017 -0.119661   0.45002
0.0223017 -0.119661   0.45002
0.0223017 -0.119661   0.45002
0.0223017 -0.119661   0.45002
0.0223017 -0.119661   0.45002
0.0223017 -0.119661   0.45002
0.0223017 -0.119661   0.45002
0.0223017 -0.119661   0.45002
0.0223017 -0.119661   0.45002
0.0223017 -0.119661   0.45002
0.0223017 -0.119661   0.45002
0.0223017 -0.119661   0.45002
0.0223017 -0.119661   0.45002
0.0223017 -0.119661   0.45002
0.0223017 -0.119661   0.45002
0.0223017 -0.119661   0.45002
0.0223017 -0.119661   0.45002
0.0223017 -0.119661   0.45002
0.0223017 -0.119661   0.45002
0.0223017 -0.119661   0.45002
0.0223017 -0.119661   0.45002
0.0223017 -0.119661   0.45002
0.0223017 -0.119661   0.45002
0.0223017 -0.119661   0.45002
0.0223017 -0.119661   0.45002
0.0223017 -0.119661   0.45002
