 0.269505 -0.328261  0.604085
 0.269099 -0.326475  0.607137
 0.269101 -0.326473  0.607135
 0.269107 -0.326466  0.607127
 0.269118 -0.326454  0.607115
 0.269133 -0.326438  0.607097
 0.269152 -0.326418  0.607074
 0.269176 -0.326393  0.607046
 0.269204 -0.326363  0.607014
 0.269236 -0.326329  0.606976
0.269272 -0.32629 0.606933
 0.269313 -0.326247  0.606885
 0.269358 -0.326199  0.606832
 0.269407 -0.326147  0.606773
0.269461 -0.32609  0.60671
 0.269519 -0.326029  0.606642
 0.269581 -0.325963  0.606569
 0.269648 -0.325892   0.60649
 0.269719 -0.325817  0.606407
 0.269794 -0.325737  0.606318
 0.269873 -0.325653  0.606225
 0.269957 -0.325564  0.606126
 0.270045 -0.325471  0.606022
 0.270137 -0.325373  0.605914
0.270233 -0.32527   0.6058
 0.270334 -0.325163  0.605681
 0.270439 -0.325052  0.605557
 0.270549 -0.324936  0.605428
 0.270662 -0.324815  0.605294
 0.27078 -0.32469 0.605155
0.270903 -0.32456 0.605011
  0.27103 -0.324425  0.604862
  0.27116 -0.324287  0.604707
 0.271295 -0.324144  0.604549
 0.271435 -0.323996  0.604384
 0.271578 -0.323843  0.604215
 0.271726 -0.323686   0.60404
 0.271879 -0.323524  0.603861
 0.272035 -0.323358  0.603676
 0.272196 -0.323187  0.603487
 0.272361 -0.323012  0.603292
 0.272531 -0.322832  0.603092
 0.272704 -0.322648  0.602887
 0.272883 -0.322459  0.602678
 0.273065 -0.322265  0.602463
 0.273251 -0.322067  0.602243
 0.273442 -0.321865  0.602018
 0.273638 -0.321657  0.601788
 0.273837 -0.321446  0.601553
 0.274041 -0.321229  0.601312
 0.274249 -0.321009  0.601067
 0.274461 -0.320783  0.600817
 0.274678 -0.320553  0.600561
 0.274899 -0.320319  0.600301
0.275124 -0.32008 0.600035
 0.275354 -0.319836  0.599765
 0.275588 -0.319587  0.599489
 0.275826 -0.319335  0.599208
 0.276069 -0.319077  0.598922
 0.276315 -0.318816  0.598632
0.276566 -0.31855 0.598337
 0.276821 -0.318279  0.598036
 0.277081 -0.318003   0.59773
 0.277345 -0.317723  0.597418
 0.277613 -0.317438  0.597102
 0.277885 -0.317149  0.596781
 0.278162 -0.316856  0.596455
 0.278443 -0.316557  0.596124
 0.278729 -0.316254  0.595787
 0.279018 -0.315947  0.595446
 0.279312 -0.315635  0.595099
  0.27961 -0.315318  0.594748
 0.279913 -0.314997  0.594391
  0.28022 -0.314672   0.59403
 0.280531 -0.314342  0.593663
 0.280846 -0.314007  0.593291
 0.281166 -0.313667  0.592915
  0.28149 -0.313324  0.592533
 0.281818 -0.312975  0.592146
 0.282151 -0.312622  0.591754
 0.282488 -0.312265  0.591357
 0.282829 -0.311903  0.590955
 0.283174 -0.311536  0.590548
 0.283524 -0.311165  0.590136
0.283878 -0.31079 0.589719
 0.284236 -0.310409  0.589297
 0.284598 -0.310025  0.588869
 0.284965 -0.309635  0.588437
 0.285336 -0.309241  0.587999
 0.285712 -0.308843  0.587557
0.286091 -0.30844 0.587109
 0.286475 -0.308033  0.586657
 0.286864 -0.307621  0.586199
 0.287256 -0.307204  0.585737
 0.287653 -0.306783  0.585269
 0.288054 -0.306357  0.584796
  0.28846 -0.305927  0.584318
 0.288869 -0.305492  0.583835
 0.289284 -0.305052  0.583347
 0.289702 -0.304608  0.582854
0.290124 -0.30416 0.582356
 0.290551 -0.303707  0.581854
 0.290977 -0.303255  0.581351
 0.291404 -0.302802  0.580848
 0.291831 -0.302349  0.580345
 0.292257 -0.301896  0.579842
 0.292684 -0.301444   0.57934
  0.29311 -0.300991  0.578837
 0.293537 -0.300538  0.578334
 0.293964 -0.300085  0.577831
  0.29439 -0.299633  0.577329
 0.294817 -0.299179  0.576825
 0.295244 -0.298727  0.576322
  0.29567 -0.298274   0.57582
 0.296097 -0.297821  0.575317
 0.296524 -0.297368  0.574814
  0.29695 -0.296915  0.574311
 0.297377 -0.296463  0.573808
0.297804 -0.29601 0.573305
  0.29823 -0.295557  0.572802
 0.298657 -0.295104    0.5723
 0.299084 -0.294651  0.571797
  0.29951 -0.294199  0.571294
 0.299937 -0.293746  0.570791
 0.300363 -0.293293  0.570288
 0.300791 -0.292839  0.569785
 0.301218 -0.292387  0.569282
 0.301646 -0.291932  0.568776
 0.302073 -0.291479  0.568274
 0.302499 -0.291026  0.567771
 0.302926 -0.290573  0.567268
0.303353 -0.29012 0.566765
  0.30378 -0.289667  0.566262
 0.304207 -0.289214  0.565759
 0.304633 -0.288762  0.565256
  0.30506 -0.288309  0.564753
 0.305486 -0.287856   0.56425
 0.305913 -0.287403  0.563747
 0.30634 -0.28695 0.563245
 0.306766 -0.286498  0.562742
 0.307193 -0.286045  0.562239
  0.30762 -0.285592  0.561736
 0.308046 -0.285139  0.561233
 0.308473 -0.284686   0.56073
   0.3089 -0.284233  0.560227
 0.309326 -0.283781  0.559725
 0.309753 -0.283328  0.559222
  0.31018 -0.282875  0.558719
 0.310606 -0.282422  0.558216
 0.311033 -0.281969  0.557713
  0.31146 -0.281517   0.55721
 0.311886 -0.281064  0.556708
 0.312313 -0.280611  0.556205
  0.31274 -0.280158  0.555702
 0.313167 -0.279704  0.555198
 0.313594 -0.279252  0.554695
  0.31402 -0.278799  0.554192
 0.314447 -0.278346  0.553689
 0.314874 -0.277893  0.553186
  0.3153 -0.27744 0.552683
 0.315727 -0.276987  0.552181
 0.316154 -0.276534  0.551677
 0.316581 -0.276081  0.551174
 0.317008 -0.275628  0.550671
 0.317434 -0.275176  0.550169
 0.317861 -0.274723  0.549666
 0.318289 -0.274269  0.549161
 0.318716 -0.273816  0.548658
 0.319142 -0.273363  0.548155
0.319569 -0.27291 0.547653
 0.319996 -0.272457  0.547149
 0.320423 -0.272004  0.546646
 0.320849 -0.271551  0.546144
 0.321276 -0.271098   0.54564
 0.321704 -0.270644  0.545136
 0.322131 -0.270191  0.544633
 0.322558 -0.269738  0.544129
 0.322985 -0.269285  0.543627
 0.323411 -0.268832  0.543124
 0.323838 -0.268379  0.542621
 0.324266 -0.267925  0.542117
 0.324692 -0.267473  0.541614
0.325119 -0.26702 0.541111
 0.325545 -0.266567  0.540609
 0.325972 -0.266114  0.540106
 0.326399 -0.265661  0.539603
 0.326825 -0.265209    0.5391
 0.327252 -0.264756  0.538597
 0.327679 -0.264303  0.538094
 0.328107 -0.263849   0.53759
 0.328534 -0.263396  0.537087
 0.328961 -0.262942  0.536583
 0.329388 -0.262489   0.53608
 0.329814 -0.262036  0.535577
 0.330241 -0.261584  0.535074
 0.330668 -0.261131  0.534572
 0.331094 -0.260678  0.534069
 0.331521 -0.260225  0.533566
 0.331947 -0.259772  0.533063
0.332374 -0.25932  0.53256
 0.332801 -0.258867  0.532057
 0.333227 -0.258414  0.531554
 0.333654 -0.257961  0.531051
 0.334081 -0.257508  0.530548
 0.334519 -0.257043  0.530032
 0.334953 -0.256582   0.52952
 0.33538 -0.25613 0.529018
 0.335806 -0.255677  0.528515
 0.336233 -0.255224  0.528012
  0.33666 -0.254771  0.527509
 0.337087 -0.254318  0.527006
 0.337513 -0.253865  0.526503
  0.33794 -0.253413     0.526
0.338366 -0.25296 0.525498
 0.338793 -0.252507  0.524995
 0.339217 -0.252057  0.524495
 0.339638 -0.251611  0.523999
 0.340054 -0.251169  0.523509
 0.340465 -0.250732  0.523024
0.340873  -0.2503 0.522544
 0.341276 -0.249872  0.522069
 0.341674 -0.249449  0.521599
0.342069 -0.24903 0.521133
  0.34246 -0.248616  0.520673
 0.342845 -0.248206  0.520219
 0.343227 -0.247801  0.519769
 0.343604 -0.247401  0.519324
 0.343977 -0.247005  0.518885
 0.344346 -0.246614   0.51845
  0.34471 -0.246227  0.518021
  0.34507 -0.245845  0.517597
 0.345426 -0.245467  0.517177
 0.345778 -0.245094  0.516763
 0.346125 -0.244726  0.516353
 0.346468 -0.244362  0.515949
 0.346806 -0.244003   0.51555
 0.347141 -0.243648  0.515156
 0.347471 -0.243297  0.514767
 0.347797 -0.242952  0.514383
 0.348118 -0.242611  0.514004
 0.348435 -0.242274   0.51363
 0.348748 -0.241942  0.513262
 0.349057 -0.241614  0.512898
 0.349361 -0.241292  0.512539
 0.349661 -0.240973  0.512186
 0.349957 -0.240659  0.511837
0.350248 -0.24035 0.511493
 0.350535 -0.240045  0.511155
 0.350818 -0.239745  0.510822
 0.351097 -0.239449  0.510494
 0.351371 -0.239158   0.51017
 0.351641 -0.238872  0.509852
0.351907 -0.23859 0.509539
 0.352168 -0.238312  0.509231
0.352425 -0.23804 0.508928
 0.352678 -0.237771   0.50863
 0.352926 -0.237508  0.508337
  0.35317 -0.237248  0.508049
  0.35341 -0.236994  0.507767
 0.353646 -0.236744  0.507489
 0.353877 -0.236498  0.507216
 0.354104 -0.236257  0.506949
 0.354327 -0.236021  0.506686
 0.354546 -0.235789  0.506429
  0.35476 -0.235561  0.506176
  0.35497 -0.235339  0.505929
0.355175 -0.23512 0.505686
 0.355377 -0.234907  0.505449
 0.355574 -0.234698  0.505217
 0.355766 -0.234493   0.50499
 0.355955 -0.234293  0.504768
 0.356139 -0.234098  0.504551
 0.356319 -0.233907  0.504338
0.356495 -0.23372 0.504132
 0.356666 -0.233539   0.50393
 0.356833 -0.233361  0.503733
 0.356996 -0.233188  0.503541
0.357154 -0.23302 0.503354
 0.357308 -0.232857  0.503172
 0.357458 -0.232698  0.502996
 0.357604 -0.232543  0.502824
 0.357745 -0.232393  0.502658
 0.357882 -0.232248  0.502496
 0.358015 -0.232107   0.50234
 0.358143 -0.231971  0.502189
 0.358267 -0.231839  0.502042
 0.358387 -0.231712  0.501901
 0.358502 -0.231589  0.501765
 0.358614 -0.231471  0.501634
 0.358721 -0.231358  0.501508
 0.358823 -0.231249  0.501387
 0.358922 -0.231144  0.501271
 0.359016 -0.231045   0.50116
 0.359106 -0.230949  0.501054
 0.359191 -0.230859  0.500954
 0.359272 -0.230772  0.500858
 0.359349 -0.230691  0.500767
 0.359422 -0.230614  0.500682
  0.35949 -0.230541  0.500601
 0.359554 -0.230473  0.500526
0.359614 -0.23041 0.500455
 0.359669 -0.230351   0.50039
  0.35972 -0.230297   0.50033
 0.359767 -0.230247  0.500274
  0.35981 -0.230202  0.500224
 0.359848 -0.230161  0.500179
 0.359882 -0.230125  0.500139
 0.359912 -0.230094  0.500104
 0.359937 -0.230067  0.500074
 0.359958 -0.230044  0.500049
 0.359975 -0.230027  0.500029
 0.359988 -0.230013  0.500015
 0.359996 -0.230005  0.500005
 0.36 -0.23   0.5
 0.36 -0.23   0.5
 0.36 -0.23   0.5
 0.36 -0.23   0.5
 0.36 -0.23   0.5
 0.36 -0.23   0.5
 0.36 -0.23   0.5
 0.36 -0.23   0.5
 0.36 -0.23   0.5
 0.36 -0.23   0.5
 0.36 -0.23   0.5
 0.36 -0.23   0.5
 0.36 -0.23   0.5
 0.36 -0.23   0.5
 0.36 -0.23   0.5
 0.36 -0.23   0.5
 0.36 -0.23   0.5
 0.36 -0.23   0.5
 0.36 -0.23   0.5
 0.36 -0.23   0.5
 0.36 -0.23   0.5
 0.36 -0.23   0.5
 0.36 -0.23   0.5
 0.36 -0.23   0.5
 0.36 -0.23   0.5
 0.36 -0.23   0.5
 0.36 -0.23   0.5
 0.36 -0.23   0.5
 0.36 -0.23   0.5
 0.36 -0.23   0.5
 0.36 -0.23   0.5
 0.36 -0.23   0.5
 0.36 -0.23   0.5
 0.36 -0.23   0.5
 0.36 -0.23   0.5
 0.36 -0.23   0.5
 0.36 -0.23   0.5
 0.36 -0.23   0.5
 0.36 -0.23   0.5
 0.36 -0.23   0.5
 0.36 -0.23   0.5
 0.36 -0.23   0.5
 0.36 -0.23   0.5
 0.36 -0.23   0.5
 0.36 -0.23   0.5
 0.36 -0.23   0.5
 0.36 -0.23   0.5
 0.36 -0.23   0.5
 0.36 -0.23   0.5
 0.36 -0.23   0.5
 0.36 -0.23   0.5
 0.36 -0.23   0.5
 0.36 -0.23   0.5
 0.36 -0.23   0.5
 0.36 -0.23   0.5
 0.36 -0.23   0.5
 0.36 -0.23   0.5
 0.36 -0.23   0.5
 0.36 -0.23   0.5
 0.36 -0.23   0.5
 0.36 -0.23   0.5
 0.36 -0.23   0.5
 0.36 -0.23   0.5
 0.36 -0.23   0.5
 0.36 -0.23   0.5
 0.36 -0.23   0.5
 0.36 -0.23   0.5
 0.36 -0.23   0.5
 0.36 -0.23   0.5
 0.36 -0.23   0.5
 0.36 -0.23   0.5
 0.36 -0.23   0.5
 0.36 -0.23   0.5
 0.36 -0.23   0.5
 0.36 -0.23   0.5
 0.36 -0.23   0.5
 0.36 -0.23   0.5
 0.36 -0.23   0.5
 0.36 -0.23   0.5
 0.36 -0.23   0.5
 0.36 -0.23   0.5
 0.36 -0.23   0.5
 0.36 -0.23   0.5
 0.36 -0.23   0.5
 0.36 -0.23   0.5
 0.36 -0.23   0.5
 0.36 -0.23   0.5
 0.36 -0.23   0.5
 0.36 -0.23   0.5
 0.36 -0.23   0.5
 0.36 -0.23   0.5
 0.36 -0.23   0.5
 0.36 -0.23   0.5
 0.36 -0.23   0.5
 0.36 -0.23   0.5
 0.36 -0.23   0.5
 0.36 -0.23   0.5
 0.36 -0.23   0.5
 0.36 -0.23   0.5
 0.36 -0.23   0.5
 0.36 -0.23   0.5
 0.36 -0.23   0.5
 0.36 -0.23   0.5
 0.36 -0.23   0.5
 0.36 -0.23   0.5
 0.36 -0.23   0.5
 0.36 -0.23   0.5
 0.36 -0.23   0.5
 0.36 -0.23   0.5
 0.36 -0.23   0.5
 0.36 -0.23   0.5
 0.36 -0.23   0.5
 0.36 -0.23   0.5
 0.36 -0.23   0.5
 0.36 -0.23   0.5
 0.36 -0.23   0.5
 0.36 -0.23   0.5
 0.36 -0.23   0.5
 0.36 -0.23   0.5
 0.36 -0.23   0.5
 0.36 -0.23   0.5
 0.36 -0.23   0.5
 0.36 -0.23   0.5
 0.36 -0.23   0.5
 0.36 -0.23   0.5
 0.36 -0.23   0.5
 0.36 -0.23   0.5
 0.36 -0.23   0.5
 0.36 -0.23   0.5
 0.36 -0.23   0.5
 0.36 -0.23   0.5
 0.36 -0.23   0.5
 0.36 -0.23   0.5
 0.36 -0.23   0.5
 0.36 -0.23   0.5
 0.36 -0.23   0.5
 0.36 -0.23   0.5
 0.36 -0.23   0.5
 0.36 -0.23   0.5
 0.36 -0.23   0.5
 0.36 -0.23   0.5
 0.36 -0.23   0.5
 0.36 -0.23   0.5
 0.36 -0.23   0.5
 0.36 -0.23   0.5
 0.36 -0.23   0.5
 0.36 -0.23   0.5
 0.36 -0.23   0.5
 0.36 -0.23   0.5
 0.36 -0.23   0.5
 0.36 -0.23   0.5
 0.36 -0.23   0.5
 0.36 -0.23   0.5
 0.36 -0.23   0.5
 0.36 -0.23   0.5
 0.36 -0.23   0.5
 0.36 -0.23   0.5
 0.36 -0.23   0.5
 0.36 -0.23   0.5
 0.36 -0.23   0.5
 0.36 -0.23   0.5
 0.36 -0.23   0.5
 0.36 -0.23   0.5
 0.36 -0.23   0.5
 0.36 -0.23   0.5
 0.36 -0.23   0.5
 0.36 -0.23   0.5
 0.36 -0.23   0.5
 0.36 -0.23   0.5
 0.36 -0.23   0.5
 0.36 -0.23   0.5
 0.36 -0.23   0.5
 0.36 -0.23   0.5
 0.36 -0.23   0.5
 0.36 -0.23   0.5
 0.36 -0.23   0.5
 0.36 -0.23   0.5
 0.36 -0.23   0.5
 0.36 -0.23   0.5
 0.36 -0.23   0.5
 0.36 -0.23   0.5
 0.36 -0.23   0.5
 0.36 -0.23   0.5
 0.36 -0.23   0.5
 0.36 -0.23   0.5
 0.36 -0.23   0.5
 0.36 -0.23   0.5
 0.36 -0.23   0.5
 0.36 -0.23   0.5
 0.36 -0.23   0.5
 0.36 -0.23   0.5
 0.36 -0.23   0.5
 0.36 -0.23   0.5
 0.36 -0.23   0.5
 0.36 -0.23   0.5
 0.36 -0.23   0.5
 0.36 -0.23   0.5
 0.36 -0.23   0.5
 0.36 -0.23   0.5
 0.36 -0.23   0.5
 0.36 -0.23   0.5
 0.36 -0.23   0.5
 0.36 -0.23   0.5
 0.36 -0.23   0.5
 0.36 -0.23   0.5
 0.36 -0.23   0.5
 0.36 -0.23   0.5
 0.36 -0.23   0.5
 0.36 -0.23   0.5
 0.36 -0.23   0.5
 0.36 -0.23   0.5
