 0.269069 -0.326479  0.607119
  0.26907 -0.326491  0.607115
0.269033 -0.32651 0.607084
 0.268994 -0.326531  0.607055
0.268955 -0.32655 0.607032
0.268917 -0.32657  0.60701
 0.268883 -0.326586  0.606996
 0.268852 -0.326602  0.606983
 0.268825 -0.326614  0.606979
 0.268805 -0.326623  0.606974
  0.26879 -0.326627  0.606978
 0.268781 -0.326629  0.606987
 0.268778 -0.326627  0.606999
 0.268784 -0.326619  0.607019
 0.268796 -0.326608   0.60704
 0.268816 -0.326591   0.60707
 0.268842 -0.326572  0.607099
 0.268876 -0.326544   0.60714
 0.268916 -0.326515  0.607173
 0.268961 -0.326478  0.607217
 0.269014 -0.326439  0.607262
 0.269069 -0.326397  0.607309
  0.26913 -0.326349   0.60736
 0.269192 -0.326303  0.607407
 0.269259 -0.326249  0.607461
 0.269326 -0.326197  0.607507
 0.269395 -0.326141  0.607556
 0.269463 -0.326088  0.607603
0.269532 -0.32603 0.607648
 0.269601 -0.325972  0.607691
 0.269668 -0.325914  0.607731
 0.269736 -0.325861  0.607769
 0.269798 -0.325806  0.607798
 0.26986 -0.32575 0.607826
 0.269918 -0.325692  0.607852
 0.269974 -0.325634  0.607873
 0.270029 -0.325574   0.60789
 0.270081 -0.325519  0.607899
 0.270132 -0.325461  0.607907
 0.270181 -0.325406  0.607905
 0.270229 -0.325344  0.607907
 0.270278 -0.325282  0.607896
0.270324 -0.32522 0.607883
 0.270372 -0.325157  0.607866
 0.270419 -0.325089  0.607845
 0.270468 -0.325021   0.60782
 0.270519 -0.324946   0.60779
 0.270573 -0.324869  0.607759
 0.270629 -0.324787   0.60772
  0.27069 -0.324701  0.607679
 0.270752 -0.324609  0.607637
  0.27082 -0.324511  0.607591
 0.270893 -0.324409  0.607542
 0.270972 -0.324297  0.607491
 0.271054 -0.324181  0.607439
 0.271141 -0.324062   0.60738
 0.271234 -0.323927  0.607321
 0.271331 -0.323796  0.607255
 0.271433 -0.323657   0.60719
 0.271541 -0.323514  0.607122
 0.271653 -0.323363  0.607052
 0.27177 -0.32321  0.60698
  0.27189 -0.323049  0.606905
 0.272016 -0.322885  0.606828
 0.272144 -0.322716  0.606746
 0.272275 -0.322544  0.606661
  0.27241 -0.322366  0.606576
 0.272547 -0.322188  0.606485
 0.272687 -0.322004  0.606393
0.272829 -0.32182 0.606294
0.272973 -0.32163 0.606196
 0.273119 -0.321439  0.606088
 0.273276 -0.321235  0.605978
 0.273423 -0.321039   0.60586
 0.273571 -0.320843  0.605742
 0.273722 -0.320643  0.605621
 0.273872 -0.320443  0.605493
0.274025 -0.32024 0.605363
 0.274176 -0.320036  0.605225
 0.274332 -0.319828  0.605087
 0.274484 -0.319621  0.604937
0.274641 -0.31941 0.604785
 0.274797 -0.319197  0.604628
 0.274956 -0.318981  0.604465
  0.27512 -0.318769  0.604293
 0.275283 -0.318547  0.604118
0.275448 -0.31832 0.603943
 0.275614 -0.318089  0.603757
 0.275784 -0.317856  0.603567
 0.275959 -0.317617  0.603372
 0.276135 -0.317374  0.603171
 0.276315 -0.317122  0.602967
 0.276498 -0.316869  0.602753
 0.276687 -0.316609  0.602537
 0.276877 -0.316343  0.602313
 0.277073 -0.316073  0.602088
 0.277272 -0.315798  0.601849
 0.277475 -0.315514  0.601608
 0.277682 -0.315226  0.601363
 0.277894 -0.314935  0.601109
 0.278108 -0.314633  0.600855
0.278326 -0.31433 0.600589
  0.27855 -0.314021  0.600322
 0.278773 -0.313706  0.600043
 0.279001 -0.313389  0.599761
 0.279234 -0.313066  0.599472
 0.279467 -0.312725   0.59919
 0.279703 -0.312396   0.59889
0.279942 -0.31206 0.598584
0.280186 -0.31172 0.598273
 0.280427 -0.311381  0.597951
 0.280672 -0.311038  0.597625
 0.280919 -0.310704   0.59728
 0.281166 -0.310345  0.596955
 0.281415 -0.309997   0.59661
 0.281665 -0.309645  0.596258
 0.281914 -0.309311  0.595885
 0.282164 -0.308961  0.595518
 0.282415 -0.308607  0.595151
 0.282665 -0.308256  0.594768
 0.282917 -0.307906  0.594381
 0.283168 -0.307553  0.593991
 0.28342  -0.3072 0.593592
 0.283685 -0.306826  0.593195
0.283937 -0.30647 0.592785
 0.284191 -0.306118  0.592369
 0.284445 -0.305766  0.591939
 0.284698 -0.305409  0.591509
 0.284953 -0.305055   0.59107
0.285208  -0.3047 0.590623
 0.285465 -0.304343  0.590171
 0.285721 -0.303986   0.58971
 0.285978 -0.303628  0.589244
 0.286235 -0.303268  0.588768
 0.286495 -0.302907   0.58829
 0.286753 -0.302546  0.587797
 0.287031 -0.302156  0.587252
 0.287293 -0.301792  0.586748
 0.287556 -0.301427  0.586235
 0.287818 -0.301056   0.58572
 0.288083 -0.300689  0.585193
 0.288348 -0.300317  0.584665
 0.288614 -0.299945  0.584124
  0.28888 -0.299573   0.58358
 0.289147 -0.299198  0.583031
 0.289415 -0.298825  0.582473
 0.289671 -0.298458  0.581888
  0.28994 -0.298083  0.581318
 0.290211 -0.297703  0.580748
  0.29048 -0.297326  0.580166
 0.290778 -0.296919  0.579618
 0.29105 -0.29654 0.579024
 0.291323 -0.296158  0.578431
 0.291597 -0.295776  0.577833
 0.291872 -0.295393  0.577228
 0.292147 -0.295009  0.576621
 0.292421 -0.294625  0.576007
0.292698 -0.29424 0.575393
 0.292973 -0.293854  0.574768
 0.293249 -0.293468  0.574142
0.293525 -0.29308 0.573514
 0.293817 -0.292667  0.572805
 0.294094 -0.292279  0.572169
0.294372 -0.29189 0.571527
  0.29465 -0.291502  0.570886
 0.294926 -0.291113  0.570238
 0.295205 -0.290723  0.569591
 0.295483 -0.290335  0.568941
 0.295761 -0.289946   0.56829
 0.296041 -0.289556  0.567638
 0.296321 -0.289166  0.566984
 0.296601 -0.288776  0.566333
 0.296882 -0.288385  0.565677
 0.297165 -0.287993  0.565027
 0.297425 -0.287617  0.564333
 0.297708 -0.287224  0.563679
 0.297992 -0.286829  0.563026
 0.298277 -0.286434  0.562372
 0.298563 -0.286036  0.561721
  0.29885 -0.285637  0.561068
 0.299178 -0.285207  0.560478
 0.299467 -0.284805  0.559827
 0.299758 -0.284399   0.55918
 0.30005 -0.28399 0.558538
 0.300343 -0.283579  0.557896
 0.300636 -0.283165  0.557258
  0.30093 -0.282747  0.556622
 0.301226 -0.282327  0.555991
 0.301521 -0.281906   0.55536
 0.301819 -0.281481  0.554737
 0.302114 -0.281055   0.55411
  0.30242 -0.280602  0.553407
 0.302718 -0.280171  0.552793
 0.303015 -0.279736  0.552182
 0.303313 -0.279301  0.551577
  0.30361 -0.278864  0.550972
 0.303909 -0.278425   0.55038
 0.304206 -0.277986  0.549785
 0.304503 -0.277545  0.549198
 0.304801 -0.277103  0.548619
0.305098 -0.27666 0.548044
 0.305395 -0.276215  0.547476
 0.305691 -0.275768  0.546914
0.305988 -0.27532  0.54636
 0.306283 -0.274873  0.545808
 0.306186 -0.274634  0.544693
0.306723 -0.27415 0.544808
 0.306927 -0.273784  0.544311
 0.307609 -0.273124  0.544348
0.307912 -0.27264 0.543749
 0.308211 -0.272172  0.543229
  0.30851 -0.271698  0.542707
 0.308809 -0.271217  0.542189
 0.309106 -0.270731  0.541666
 0.309403 -0.270237  0.541147
 0.309697 -0.269738  0.540621
 0.309632 -0.269426  0.539569
 0.310267 -0.268715   0.53954
 0.310554 -0.268202  0.539016
 0.310496 -0.267871  0.537988
 0.311155 -0.267145  0.538028
 0.311101 -0.266806   0.53702
 0.311709 -0.266105  0.537009
 0.311983 -0.265586  0.536513
 0.312255 -0.265067  0.536029
 0.312524 -0.264551  0.535558
 0.312793 -0.264037  0.535099
 0.313058 -0.263526  0.534652
 0.313322 -0.263019   0.53422
 0.313582 -0.262517  0.533796
  0.31384 -0.262017  0.533391
 0.314093 -0.261525  0.532988
 0.314348 -0.261015  0.532546
 0.314595 -0.260534   0.53217
 0.314838 -0.260057  0.531802
 0.315079 -0.259585  0.531448
 0.315316 -0.259119    0.5311
 0.315551 -0.258657  0.530765
 0.315783 -0.258199  0.530434
 0.316014 -0.257745  0.530115
 0.316237 -0.257263  0.529787
 0.316466 -0.256828  0.529477
0.316694 -0.25638 0.529184
 0.316921 -0.255933  0.528896
 0.317148 -0.255485  0.528619
 0.317398 -0.255028   0.52838
 0.317598 -0.254594  0.528073
 0.317847 -0.254137  0.527847
 0.31807 -0.25369 0.527588
 0.318294 -0.253243  0.527334
 0.318515 -0.252795  0.527081
 0.318737 -0.252344  0.526835
 0.318956 -0.251894  0.526589
 0.319178 -0.251427  0.526315
 0.319394 -0.250976  0.526074
 0.319608 -0.250526  0.525837
 0.319817 -0.250055  0.525584
 0.320027 -0.249606  0.525353
 0.320235 -0.249158  0.525127
 0.320439 -0.248713  0.524901
 0.320641 -0.248271  0.524682
 0.320838 -0.247832  0.524461
 0.321033 -0.247397  0.524246
 0.321224 -0.246967  0.524034
 0.321412 -0.246541  0.523826
 0.321596 -0.246121  0.523622
 0.321777 -0.245707  0.523419
 0.321954 -0.245299  0.523224
 0.322126 -0.244897  0.523028
 0.322296 -0.244501  0.522842
  0.32246 -0.244114  0.522651
 0.322621 -0.243732  0.522467
  0.32278 -0.243357  0.522288
 0.322934 -0.242989  0.522111
 0.322929 -0.242684   0.52169
  0.32308 -0.242325  0.521526
 0.323227 -0.241975  0.521363
 0.323388 -0.241624  0.521231
 0.323515 -0.241289  0.521051
 0.323657 -0.240955  0.520902
 0.323799 -0.240625  0.520759
 0.324083 -0.240257  0.520852
  0.32408 -0.239997  0.520504
  0.32436 -0.239621  0.520586
 0.324356 -0.239346  0.520235
 0.324495 -0.239056  0.520127
  0.32463 -0.238749   0.52001
 0.324766 -0.238446  0.519896
 0.324898 -0.238126  0.519768
 0.325031 -0.237828   0.51966
 0.325162 -0.237535  0.519551
 0.325291 -0.237244  0.519448
 0.325417 -0.236958  0.519342
0.325663 -0.23665 0.519434
 0.325664 -0.236397  0.519137
 0.325783 -0.236123  0.519036
 0.325901 -0.235853  0.518936
 0.326015 -0.235587  0.518836
 0.326127 -0.235326   0.51874
 0.326235 -0.235071  0.518641
0.326343 -0.23482 0.518549
 0.326456 -0.234575  0.518468
 0.326556 -0.234336  0.518375
 0.326654 -0.234103  0.518283
 0.326748 -0.233877  0.518191
 0.326841 -0.233657  0.518102
 0.326929 -0.233444  0.518012
 0.327016 -0.233236  0.517927
 0.327197 -0.233025     0.518
 0.327277 -0.232833  0.517911
 0.327355 -0.232647  0.517828
  0.32743 -0.232467  0.517747
 0.327503 -0.232294  0.517666
 0.327573 -0.232126  0.517589
 0.327639 -0.231965    0.5175
0.327704 -0.23181 0.517427
 0.327767 -0.231663  0.517357
 0.327827 -0.231519  0.517283
 0.327886 -0.231382  0.517211
  0.32794 -0.231239  0.517118
 0.327995 -0.231112  0.517051
 0.32805 -0.23099 0.516983
 0.328103 -0.230872  0.516922
 0.328156 -0.230759  0.516857
 0.328127 -0.230644  0.516669
 0.328189 -0.230536  0.516631
 0.328241 -0.230434  0.516574
 0.328295 -0.230332  0.516527
  0.32835 -0.230234  0.516485
 0.328396 -0.230137  0.516431
 0.328536 -0.230063  0.516542
 0.328595 -0.229971  0.516514
  0.32865 -0.229874  0.516465
 0.328628 -0.229774  0.516309
 0.328688 -0.229687  0.516285
 0.328748 -0.229602  0.516265
 0.328808 -0.229519  0.516245
 0.328876 -0.229439  0.516243
 0.329014 -0.229372  0.516355
 0.329073 -0.229294  0.516337
 0.329131 -0.229217  0.516322
 0.329181 -0.229139  0.516296
 0.329236 -0.229066  0.516279
 0.329291 -0.229005  0.516276
 0.329273 -0.228915  0.516145
 0.329325 -0.228847  0.516127
0.329375 -0.22878 0.516112
 0.329423 -0.228716  0.516091
 0.329469 -0.228654  0.516071
 0.329514 -0.228594  0.516052
 0.329551 -0.228536  0.516021
 0.329599 -0.228483  0.516012
 0.329704 -0.228448  0.516096
 0.329743 -0.228399  0.516072
 0.329781 -0.228352  0.516054
 0.329816 -0.228308  0.516028
 0.329852 -0.228266  0.516006
 0.329886 -0.228227  0.515985
 0.329919 -0.228189  0.515962
 0.329954 -0.228151  0.515939
 0.329985 -0.228118  0.515915
 0.329955 -0.228064  0.515797
 0.330043 -0.228054  0.515868
 0.330013 -0.228004  0.515752
 0.330099 -0.227996  0.515821
 0.330126 -0.227969  0.515798
 0.330096 -0.227921  0.515686
 0.330124 -0.227894  0.515666
 0.330151 -0.227869  0.515645
 0.330215 -0.227941  0.515702
 0.330188 -0.227892  0.515597
0.330274 -0.22789 0.515672
 0.330249 -0.227842   0.51557
 0.330281 -0.227815  0.515558
 0.330314 -0.227788  0.515549
 0.330347 -0.227761  0.515539
 0.330437 -0.227755  0.515622
 0.330473 -0.227726  0.515618
 0.330508 -0.227696  0.515609
 0.330544 -0.227664  0.515603
  0.33058 -0.227632  0.515598
0.330616  -0.2276 0.515592
 0.330653 -0.227567  0.515586
 0.330688 -0.227535  0.515578
 0.330723 -0.227502  0.515574
 0.330756 -0.227472  0.515563
 0.330788 -0.227443  0.515553
  0.33082 -0.227415  0.515544
  0.33085 -0.227389  0.515533
  0.33088 -0.227365  0.515523
 0.330906 -0.227331  0.515501
 0.330938 -0.227327  0.515508
 0.330963 -0.227311  0.515492
 0.330983 -0.227294  0.515471
 0.331006 -0.227282  0.515459
0.331026 -0.22728 0.515445
 0.331052 -0.227275  0.515443
 0.33107 -0.22726 0.515421
0.331095 -0.22726 0.515415
 0.331115 -0.227257  0.515404
  0.33113 -0.227254  0.515385
  0.33115 -0.227254  0.515375
 0.331123 -0.227236  0.515294
0.331146 -0.22724 0.515289
  0.33121 -0.227268  0.515349
 0.33123 -0.22727  0.51534
 0.331251 -0.227271  0.515332
 0.331272 -0.227271  0.515324
 0.331295 -0.227271  0.515318
0.331317 -0.22727 0.515309
  0.33134 -0.227266  0.515302
 0.331364 -0.227254  0.515286
 0.331387 -0.227249   0.51528
 0.331412 -0.227241  0.515275
 0.331437 -0.227235  0.515267
 0.331464 -0.227228  0.515262
 0.331489 -0.227219  0.515252
 0.331514 -0.227209  0.515244
 0.331541 -0.227198  0.515237
 0.331566 -0.227187  0.515229
 0.331593 -0.227176  0.515222
 0.331618 -0.227165  0.515212
 0.331644 -0.227155  0.515204
  0.33163 -0.227116  0.515135
 0.331698 -0.227138  0.515193
 0.331722 -0.227136  0.515187
 0.331746 -0.227128  0.515178
 0.331771 -0.227122  0.515172
 0.331795 -0.227109  0.515152
 0.331818 -0.227104  0.515144
0.331841  -0.2271 0.515136
 0.331863 -0.227096  0.515127
 0.331886 -0.227096  0.515119
 0.331907 -0.227097  0.515108
 0.331928 -0.227096  0.515104
 0.331948 -0.227098  0.515091
 0.331968 -0.227098  0.515081
 0.331988 -0.227102  0.515072
 0.332007 -0.227103  0.515062
 0.332027 -0.227108  0.515054
 0.332045 -0.227111  0.515041
 0.332064 -0.227114  0.515031
 0.332084 -0.227118  0.515021
 0.332102 -0.227122   0.51501
 0.332122 -0.227124  0.515001
 0.332141 -0.227127   0.51499
0.332161 -0.22713 0.514983
 0.332183 -0.227135  0.514975
 0.332201 -0.227143  0.514966
 0.332221 -0.227144  0.514957
 0.332241 -0.227145  0.514946
 0.332262 -0.227137  0.514929
 0.332283 -0.227136  0.514917
 0.332303 -0.227144  0.514915
 0.332325 -0.227131  0.514898
 0.332346 -0.227129  0.514887
 0.332368 -0.227128  0.514878
 0.332389 -0.227124  0.514867
 0.332411 -0.227121  0.514861
   0.3324 -0.227088  0.514799
 0.332454 -0.227125  0.514844
 0.332476 -0.227121  0.514835
 0.332498 -0.227119  0.514824
 0.332521 -0.227107  0.514809
 0.332543 -0.227105  0.514797
 0.332564 -0.227104  0.514787
 0.332586 -0.227102  0.514778
0.332607  -0.2271 0.514768
 0.332629 -0.227102  0.514759
  0.33265 -0.227101  0.514749
 0.332671 -0.227101  0.514743
 0.332691 -0.227104  0.514729
 0.332711 -0.227104   0.51472
 0.332731 -0.227108   0.51471
 0.332751 -0.227109    0.5147
 0.332771 -0.227112  0.514692
  0.33279 -0.227115   0.51468
0.332809 -0.22712 0.514669
 0.332832 -0.227127  0.514664
 0.332849 -0.227136  0.514655
 0.332868 -0.227142  0.514645
 0.332887 -0.227145  0.514634
 0.332906 -0.227149  0.514626
 0.332925 -0.227143  0.514606
 0.332944 -0.227147  0.514595
 0.332963 -0.227149  0.514585
 0.332983 -0.227154  0.514573
 0.333002 -0.227157  0.514564
 0.333021 -0.227158  0.514552
 0.333042 -0.227159  0.514546
0.333061 -0.22716 0.514531
 0.333081 -0.227161   0.51452
 0.333101 -0.227162   0.51451
 0.333121 -0.227162  0.514498
 0.333142 -0.227161  0.514491
 0.333162 -0.227162  0.514477
 0.333182 -0.227162  0.514466
0.333203 -0.22716 0.514457
 0.333226 -0.227165   0.51445
0.333246 -0.22717 0.514442
 0.333266 -0.227169  0.514431
 0.333287 -0.227167  0.514425
 0.333307 -0.227169  0.514411
 0.333328 -0.227167    0.5144
0.333347 -0.22716 0.514384
  0.33337 -0.227161  0.514378
 0.333361 -0.227135  0.514326
 0.333409 -0.227169  0.514359
0.333429 -0.22717 0.514349
 0.333449 -0.227171   0.51434
 0.333468 -0.227172  0.514329
 0.333488 -0.227175   0.51432
 0.333508 -0.227176  0.514309
 0.333528 -0.227179  0.514302
 0.333547 -0.227182  0.514288
 0.333566 -0.227184  0.514278
 0.333586 -0.227186  0.514269
 0.333605 -0.227188  0.514258
 0.333626 -0.227181  0.514243
 0.333644 -0.227185   0.51423
 0.333664 -0.227186   0.51422
0.333683 -0.22719 0.514209
 0.333702 -0.227192  0.514199
 0.333721 -0.227193   0.51419
