5.96046e-06
0.00947094
0.019526
0.0295861
0.039634
0.049701
0.0597529
0.069808
0.079864
0.0899169
0.099973
0.110038
0.120104
0.130161
0.140216
0.150271
0.160329
0.170382
0.180437
0.190504
0.200602
0.210684
0.220739
0.230798
0.240854
0.250912
0.260978
0.271042
0.281107
0.291154
0.30121
0.311265
0.321321
0.331392
0.341448
0.351505
0.36156
0.371617
0.381672
0.391728
0.401783
0.41185
0.421921
0.432005
0.442068
0.452126
0.462182
0.472248
0.482315
0.492382
0.502438
0.512506
0.522565
0.532621
0.542675
0.55274
0.562806
0.572872
0.582927
0.592985
0.603043
0.613098
0.623158
0.633212
0.643269
0.653326
0.663393
0.673449
0.683504
0.693561
0.703618
0.713675
0.723743
0.733825
0.743887
0.753944
0.764001
0.774058
0.784113
0.794177
0.804237
0.814296
0.824355
0.834412
0.844469
0.854525
0.864582
0.874641
0.884697
0.894765
0.904821
0.914877
0.924944
0.935016
0.945083
0.955151
0.965209
0.975274
0.985331
0.995398
1.00546
1.01551
1.02558
1.03561
1.04569
1.05575
1.06581
1.07586
1.08592
1.09598
1.10603
1.11609
1.12614
1.1362
1.14626
1.15631
1.16637
1.17645
1.1865
1.19657
1.20663
1.21669
1.22674
1.2368
1.24685
1.25691
1.26697
1.27703
1.28709
1.29715
1.3072
1.31726
1.32732
1.33737
1.34743
1.35748
1.36754
1.37761
1.38766
1.39773
1.40779
1.41786
1.42791
1.43797
1.44803
1.45807
1.46813
1.47819
1.48826
1.49832
1.50838
1.51844
1.5285
1.53856
1.54862
1.55868
1.56873
1.5788
1.58887
1.59895
1.60901
1.61906
1.62912
1.63918
1.64923
1.65929
1.66936
1.67943
1.68948
1.69954
1.70959
1.71966
1.72972
1.73979
1.74986
1.75992
1.76999
1.78005
1.79011
1.80018
1.81023
1.82029
1.83036
1.84043
1.8505
1.86056
1.87062
1.8807
1.89076
1.90082
1.91088
1.92093
1.93099
1.94105
1.9511
1.96117
1.97123
1.98128
1.99134
2.0014
2.01146
2.02152
2.03159
2.04165
2.05171
2.06177
2.07183
2.08188
2.09194
2.10199
2.11205
2.12211
2.13216
2.14222
2.15228
2.16234
2.17239
2.18245
2.19251
2.20257
2.21262
2.22268
2.23273
2.24279
2.25285
2.2629
2.27296
2.28302
2.29308
2.30315
2.31322
2.32327
2.33334
2.3434
2.35345
2.36351
2.37358
2.38365
2.39371
2.40377
2.41382
2.42388
2.43394
2.44399
2.45405
2.46411
2.47417
2.48423
2.49428
2.50434
2.5144
2.52446
2.53453
2.54458
2.55464
2.5647
2.57476
2.58482
2.59489
2.60495
2.61502
2.62507
2.63514
2.6452
2.65526
2.66531
2.67537
2.68543
2.69549
2.70555
2.71561
2.72567
2.73573
2.74579
2.75585
2.7659
2.77596
2.78601
2.79608
2.80613
2.8162
2.82626
2.83633
2.8464
2.85646
2.86652
2.87658
2.88673
2.89685
2.90691
2.91697
2.92703
2.93711
2.94717
2.95723
2.96728
2.97734
2.98739
2.99745
3.00751
3.01757
3.02762
3.03768
3.04773
3.05779
3.06786
3.07791
3.08797
3.09802
3.10808
3.11813
3.12819
3.13825
3.1483
3.15836
3.16843
3.17848
3.18854
3.1986
3.20865
3.21871
3.22877
3.23882
3.24888
3.25894
3.269
3.27904
3.2891
3.29916
3.30922
3.31927
3.32933
3.33939
3.34944
3.3595
3.36956
3.37962
3.38967
3.39973
3.40979
3.41984
3.4299
3.43996
3.45002
3.46007
3.47013
3.48019
3.49024
3.50033
3.51039
3.52044
3.53052
3.54058
3.55064
3.56069
3.57075
3.58081
3.59087
3.60092
3.61099
3.62105
3.63111
3.64116
3.65122
3.66128
3.67133
3.68139
3.69145
3.70152
3.71157
3.72163
3.73169
3.74175
3.75181
3.76188
3.77194
3.782
3.79205
3.80211
3.81217
3.82223
3.83229
3.84234
3.8524
3.86246
3.87253
3.88258
3.89264
3.9027
3.91276
3.92282
3.93289
3.94295
3.95301
3.96309
3.97318
3.98328
3.99334
4.00339
4.01344
4.02357
4.03361
4.04367
4.05375
4.06384
4.07392
4.08405
4.09413
4.10419
4.11424
4.1243
4.13436
4.14441
4.15447
4.16453
4.1746
4.18467
4.19472
4.20477
4.21483
4.22488
4.23494
4.24504
4.25519
4.26525
4.27531
4.28536
4.29542
4.30549
4.31555
4.32559
4.33565
4.34571
4.35576
4.36582
4.37587
4.38593
4.39599
4.40604
4.4161
4.42616
4.43621
4.44627
4.45633
4.46639
4.47645
4.48651
4.49657
4.50659
4.51665
4.52671
4.53676
4.54679
4.55686
4.56693
4.57699
4.58703
4.59709
4.60714
4.6172
4.62726
4.63731
4.64738
4.65746
4.6675
4.67759
4.68764
4.6977
4.70776
4.71785
4.72791
4.73796
4.74802
4.75803
4.76806
4.77812
4.78817
4.79823
4.80829
4.81841
4.82847
4.83853
4.84858
4.85864
4.86873
4.87877
4.88882
4.89888
4.90894
4.91899
4.92905
4.93911
4.94916
4.95922
4.96927
4.97933
4.98938
4.99944
5.0095
5.01956
5.02962
5.03968
5.04974
5.0598
5.06989
5.07996
5.09002
5.10011
5.11017
5.12022
5.1303
5.14034
5.15039
5.16046
5.17052
5.18058
5.19063
5.20069
5.21075
5.2208
5.23086
5.24092
5.25097
5.26103
