0.0161399 -0.105332  0.508721
0.0161374 -0.105331   0.50872
0.0161395 -0.105331   0.50872
0.0161405 -0.105332   0.50872
0.0161395 -0.105332   0.50872
0.0161406 -0.105327  0.508721
0.0161391 -0.105333   0.50872
0.0161388 -0.105332  0.508721
0.0161385  -0.10533  0.508722
0.0161384 -0.105335  0.508722
0.016137 -0.10533 0.508723
0.0161368  -0.10533  0.508724
0.0161347 -0.105328  0.508725
0.0161327 -0.105328  0.508726
0.0161325 -0.105326  0.508727
0.0161308 -0.105325  0.508727
0.0161304 -0.105317  0.508727
0.0161286 -0.105312  0.508728
0.0161274 -0.105306  0.508728
 0.016126 -0.105298  0.508728
0.0161257 -0.105289  0.508729
0.0161245 -0.105294  0.508729
0.0161248 -0.105264  0.508729
 0.016126 -0.105247  0.508729
0.0161248 -0.105255  0.508729
0.0161244 -0.105241  0.508729
0.0161264 -0.105222  0.508729
 0.016127 -0.105203  0.508728
0.0161301 -0.105178  0.508727
 0.016139 -0.105105  0.508725
0.0161363 -0.105124  0.508726
0.0161397 -0.105093  0.508725
0.0161547 -0.104997  0.508722
0.0161513 -0.105021  0.508723
0.0161723 -0.104906  0.508719
 0.016182 -0.104855  0.508717
0.0161929 -0.104805  0.508716
 0.016205 -0.104748  0.508715
0.0162179 -0.104691  0.508714
0.0162322 -0.104628  0.508713
0.0162475 -0.104563  0.508712
0.0162642 -0.104496   0.50871
0.0162817 -0.104425  0.508708
0.0163007 -0.104353  0.508707
 0.016321 -0.104276  0.508706
 0.016342 -0.104197  0.508703
0.0163648 -0.104114  0.508702
0.0163889 -0.104029    0.5087
0.0164136 -0.103939  0.508698
0.0164401 -0.103846  0.508696
 0.016467 -0.103754  0.508694
 0.016496 -0.103654  0.508691
0.0165264 -0.103552  0.508689
0.0165577 -0.103445  0.508687
0.0165896 -0.103339  0.508684
 0.016625 -0.103219  0.508681
0.0166594 -0.103105  0.508677
0.0166957 -0.102985  0.508673
0.0167329 -0.102859  0.508669
0.0167722 -0.102732  0.508665
0.0168122 -0.102598  0.508661
0.0168523 -0.102465  0.508655
0.0168953 -0.102326  0.508651
0.0169391 -0.102181  0.508645
0.0169841 -0.102034  0.508639
0.0170303  -0.10188  0.508632
0.0170777 -0.101723  0.508625
0.0171264 -0.101563  0.508617
0.0171841 -0.101367  0.508608
0.0171651 -0.101471  0.508615
0.0172881 -0.101022  0.508591
0.0173422 -0.100844   0.50858
0.0173977 -0.100661   0.50857
0.0174544 -0.100473  0.508559
0.0175113 -0.100287  0.508546
0.0175705 -0.100092  0.508533
 0.0176311 -0.0998911    0.50852
  0.017692 -0.0996951   0.508506
 0.0177552 -0.0994868   0.508492
 0.0178198 -0.0992737   0.508476
 0.0178857 -0.0990584   0.508459
 0.0179614 -0.0988067   0.508438
 0.0180301 -0.0985806    0.50842
 0.0181001 -0.0983509   0.508401
 0.0181715 -0.0981168   0.508381
 0.0182442 -0.0978801   0.508359
0.0183173 -0.097636  0.508335
 0.0183937 -0.0973914   0.508314
 0.0184705 -0.0971428   0.508289
 0.0184433 -0.0972985   0.508296
 0.0186275 -0.0966252   0.508234
 0.0187087 -0.0963683   0.508208
0.0187921 -0.096098  0.508179
  0.018877 -0.0958244   0.508148
 0.0189634 -0.0955441   0.508115
 0.0190501 -0.0952692   0.508083
0.0191395 -0.094979  0.508048
 0.0191103 -0.0951521   0.508058
 0.0191994 -0.0948595   0.508018
 0.0194175 -0.0940801   0.507933
 0.0195142 -0.0937675   0.507892
 0.0196125 -0.0934492   0.507849
 0.0195786 -0.0936503    0.50786
 0.0198149 -0.0927888   0.507754
 0.0199179 -0.0924542   0.507705
 0.0200224 -0.0921148   0.507655
 0.0201282 -0.0917713   0.507603
 0.0202337 -0.0914197   0.507544
 0.0203437 -0.0910713   0.507492
 0.0204533 -0.0907148   0.507434
  0.020564 -0.0903547   0.507373
 0.0206758 -0.0899913   0.507311
 0.0207853 -0.0896332   0.507245
 0.020901 -0.089268  0.507184
  0.021032 -0.0888312   0.507108
0.0211477 -0.088456  0.507038
 0.0212643 -0.0880784   0.506967
 0.0213796 -0.0876939   0.506888
 0.0214996 -0.0873164   0.506817
 0.0216182 -0.0869327    0.50674
 0.0217372 -0.0865478    0.50666
  0.021857 -0.0861609   0.506578
 0.0219793 -0.0857722   0.506495
 0.0220982 -0.0853821    0.50641
0.0222193 -0.084986  0.506318
 0.0223388 -0.0845929   0.506229
 0.0224628 -0.0841974   0.506138
 0.0225829 -0.0838025   0.506045
 0.0227046 -0.0834177    0.50595
 0.0228253 -0.0830209   0.505853
 0.0229504 -0.0826237   0.505755
 0.0230766 -0.0822148   0.505656
0.0231977 -0.081833  0.505559
 0.0233204 -0.0814281    0.50545
 0.0234438 -0.0810268   0.505346
 0.0235671 -0.0806276    0.50524
 0.0237075 -0.0801759   0.505125
 0.0236587 -0.0804394   0.505143
 0.0237815 -0.0800382   0.505033
 0.0240713 -0.0789828   0.504787
 0.0241968 -0.0785858   0.504677
  0.024317 -0.0781744   0.504554
 0.0244413 -0.0777785   0.504441
 0.0245598 -0.0773704   0.504315
 0.0246799 -0.0769711   0.504193
 0.0248014 -0.0765772   0.504077
0.0249168 -0.076176  0.503948
 0.0250359 -0.0757886   0.503831
 0.0251514 -0.0753963   0.503706
 0.0252657 -0.0750096   0.503581
 0.0253785 -0.0746257   0.503456
 0.0254876 -0.0742379   0.503324
  0.025439 -0.0744806   0.503337
0.0257066 -0.073489  0.503072
 0.0258116 -0.0731259   0.502944
 0.0259392 -0.0726997    0.50281
 0.0260428 -0.0723305   0.502677
 0.0261501 -0.0719765   0.502555
 0.0262526 -0.0716309   0.502431
 0.0263553 -0.0712777   0.502304
  0.026457 -0.0709265   0.502177
 0.0265551 -0.0705753   0.502044
 0.0266566 -0.0702374   0.501923
 0.0267521 -0.0698939    0.50179
  0.026851 -0.0695638   0.501669
 0.0269464 -0.0692342   0.501543
 0.0270383 -0.0689003   0.501412
0.0271331 -0.068584  0.501292
 0.0272244 -0.0682642   0.501167
 0.0273141 -0.0679499   0.501043
 0.0274025 -0.0676371   0.500919
 0.0274896 -0.0673294   0.500795
 0.0275755 -0.0670236   0.500672
 0.0276599 -0.0667223   0.500548
 0.0277432 -0.0664221   0.500426
 0.0278233 -0.0661221   0.500298
 0.0279056 -0.0658333   0.500181
 0.0279851 -0.0655423   0.500059
 0.0280609 -0.0652625   0.499936
 0.0281462 -0.0649384   0.499801
 0.0282216 -0.0646561    0.49968
 0.0282958 -0.0643765   0.499561
 0.0283688 -0.0641031   0.499441
0.0284379 -0.063835  0.499321
 0.0285099 -0.0635725   0.499206
 0.0285778 -0.0633015   0.499085
 0.0286475 -0.0630445   0.498972
 0.0287146 -0.0627881   0.498856
 0.0287806 -0.0625331   0.498742
 0.0288455 -0.0622817   0.498629
 0.0289093 -0.0620372   0.498517
 0.0289719 -0.0617943   0.498406
 0.0290333 -0.0615552   0.498297
 0.0290935 -0.0613231   0.498188
 0.0291526 -0.0610931   0.498082
 0.0292105 -0.0608674   0.497976
 0.0292672 -0.0606481   0.497872
 0.0293227 -0.0604304   0.497769
  0.029377 -0.0602175   0.497668
   0.02943 -0.0600087   0.497568
 0.0294818 -0.0598065    0.49747
 0.0295322 -0.0596061   0.497373
 0.0295813 -0.0594097   0.497278
  0.029629 -0.0592201   0.497184
 0.0296755 -0.0590325   0.497092
 0.0297204 -0.0588493   0.497001
  0.029764 -0.0586698   0.496912
 0.0298061 -0.0584974   0.496825
 0.0298467 -0.0583264   0.496739
 0.0298859 -0.0581608   0.496655
 0.0299235 -0.0579984   0.496573
 0.0299597 -0.0578431   0.496492
 0.0299943 -0.0576892   0.496413
 0.0300274 -0.0575403   0.496336
 0.030059 -0.057395  0.496261
 0.0300892 -0.0572571   0.496187
 0.0301178 -0.0571201   0.496116
 0.0301451 -0.0569878   0.496046
  0.030171 -0.0568591   0.495978
 0.0301955 -0.0567372   0.495911
 0.0302189 -0.0566168   0.495846
 0.0302409 -0.0565003   0.495783
0.0302619 -0.056387  0.495721
0.0302817  -0.05628  0.495661
 0.0303005 -0.0561737   0.495602
 0.0303184 -0.0560717   0.495545
0.0303354 -0.055972  0.495489
 0.0303516 -0.0558754   0.495435
 0.0303672 -0.0557847   0.495381
0.0303821 -0.055694  0.495329
 0.0303965 -0.0556072   0.495278
0.0304104 -0.055522  0.495228
 0.0304239 -0.0554395    0.49518
 0.0304371 -0.0553622   0.495132
   0.03045 -0.0552844   0.495085
0.0304627  -0.05521  0.495039
 0.0304752 -0.0551367   0.494994
 0.0304875 -0.0550683   0.494949
 0.0304996 -0.0549992   0.494906
 0.0305119 -0.0549323   0.494863
 0.0305238 -0.0548675   0.494821
 0.0305357 -0.0548055   0.494779
 0.0305526 -0.0547286   0.494735
 0.0305646 -0.0546692   0.494694
0.0305766 -0.054611  0.494655
 0.0305881 -0.0545601   0.494617
 0.0306001 -0.0545051   0.494579
  0.030612 -0.0544524   0.494542
 0.0306239 -0.0544012   0.494505
0.0306357 -0.054351   0.49447
 0.0306474 -0.0543053   0.494434
 0.0306591 -0.0542581     0.4944
 0.0306706 -0.0542131   0.494366
0.0306824 -0.054167  0.494332
 0.0306936 -0.0541242   0.494299
0.0307045 -0.054088  0.494267
 0.0307154 -0.0540479   0.494235
 0.0307261 -0.0540096   0.494204
 0.0307367 -0.0539725   0.494173
 0.0307471 -0.0539361   0.494143
 0.0307572 -0.0539037   0.494114
 0.0307671 -0.0538696   0.494085
 0.0307769 -0.0538373   0.494056
 0.0307864 -0.0538053   0.494028
 0.0307956 -0.0537743      0.494
 0.0308047 -0.0537441   0.493973
 0.0308137 -0.0537179   0.493946
 0.0308225 -0.0536899    0.49392
 0.0308311 -0.0536632   0.493894
 0.0308395 -0.0536367   0.493868
0.0308478 -0.053611  0.493843
 0.0308561 -0.0535891   0.493818
 0.0308643 -0.0535653   0.493794
 0.0308724 -0.0535427    0.49377
 0.0308804 -0.0535203   0.493746
 0.0308887 -0.0534985   0.493723
 0.0308969 -0.0534808   0.493699
  0.030905 -0.0534605   0.493677
0.0309129 -0.053443  0.493654
0.0309195 -0.053427  0.493629
 0.0309279 -0.0534088   0.493608
 0.0309366 -0.0533922   0.493586
 0.0309454 -0.0533769   0.493566
 0.0309543 -0.0533607   0.493545
 0.0309634 -0.0533485   0.493524
 0.0309725 -0.0533323   0.493504
 0.0309818 -0.0533175   0.493484
 0.0309914 -0.0533047   0.493464
 0.0310011 -0.0532932   0.493445
 0.0310107 -0.0532821   0.493425
0.0310201  -0.05327  0.493406
 0.0310303 -0.0532595   0.493388
0.0310401 -0.053249   0.49337
   0.03105 -0.0532386   0.493352
 0.0310597 -0.0532284   0.493334
 0.0310693 -0.0532216   0.493316
 0.0310789 -0.0532122   0.493299
 0.0310883 -0.0532039   0.493282
 0.0310976 -0.0531958   0.493265
 0.0311067 -0.0531877   0.493248
 0.0311157 -0.0531831   0.493232
 0.0311245 -0.0531757   0.493216
0.031133 -0.05317   0.4932
 0.0311414 -0.0531634   0.493184
 0.0311497 -0.0531571   0.493169
 0.0311579 -0.0531541   0.493154
 0.0311657 -0.0531489   0.493138
 0.0311776 -0.0531333   0.493123
 0.0311853 -0.0531315   0.493108
 0.0311886 -0.0531349   0.493095
 0.0311961 -0.0531336    0.49308
 0.0312076 -0.0531196   0.493066
 0.0312148 -0.0531159   0.493052
 0.0312214 -0.0531169   0.493038
 0.0312286 -0.0531139   0.493024
 0.0312358 -0.0531121   0.493011
  0.031243 -0.0531097   0.492998
 0.0312502 -0.0531074   0.492985
 0.0312574 -0.0531054   0.492973
 0.0312647 -0.0531067    0.49296
 0.0312721 -0.0531055   0.492948
 0.0312798 -0.0531058   0.492936
 0.0312872 -0.0531046   0.492924
 0.0312947 -0.0531038   0.492912
 0.0313023 -0.0531066     0.4929
 0.0313099 -0.0531063   0.492889
 0.0313184 -0.0531084   0.492878
 0.0313249 -0.0531068   0.492867
 0.0313316 -0.0531114   0.492866
 0.0313396 -0.0531181   0.492861
 0.0313474 -0.0531311   0.492852
 0.0313561 -0.0531444   0.492846
 0.0313634 -0.0531568   0.492841
 0.0313675 -0.0531758   0.492838
 0.0313745 -0.0531894   0.492836
 0.0313815 -0.0532084   0.492832
 0.0313871 -0.0532253   0.492829
 0.0313935 -0.0532412   0.492827
 0.0313997 -0.0532619   0.492824
 0.0314053 -0.0532779   0.492823
 0.0314112 -0.0532925   0.492821
 0.0314164 -0.0533154   0.492818
 0.0314212 -0.0533318   0.492816
 0.0314263 -0.0533519   0.492814
 0.0314307 -0.0533672   0.492811
 0.0314351 -0.0533839   0.492809
 0.0314398 -0.0534025   0.492805
 0.0314437 -0.0534183   0.492802
 0.0314479 -0.0534343   0.492799
 0.0314513 -0.0534511   0.492795
 0.0314548 -0.0534665   0.492792
 0.0314582 -0.0534839   0.492787
 0.0314614 -0.0534984   0.492783
 0.0314648 -0.0535165   0.492779
 0.0314676 -0.0535295   0.492774
 0.0314706 -0.0535441    0.49277
 0.0314737 -0.0535616   0.492765
 0.0314793 -0.0535712    0.49276
 0.0314832 -0.0535865   0.492755
  0.031485 -0.0536012    0.49275
  0.031488 -0.0536153   0.492744
 0.0314919 -0.0536304   0.492739
 0.0314939 -0.0536451   0.492734
 0.0314969 -0.0536594   0.492728
 0.0315002 -0.0536758   0.492722
 0.0315043 -0.0536913   0.492716
 0.0315064 -0.0537062   0.492711
 0.0315096 -0.0537202   0.492705
 0.0315128 -0.0537337     0.4927
 0.0315161 -0.0537503   0.492694
 0.0315201 -0.0537645   0.492688
 0.0315227 -0.0537821   0.492682
 0.0315257 -0.0537942   0.492676
  0.031529 -0.0538108    0.49267
 0.0315333 -0.0538273   0.492664
 0.0315334 -0.0538469   0.492658
0.0315367 -0.053861  0.492652
 0.0315398 -0.0538782   0.492646
0.0315432 -0.053895  0.492641
 0.0315464 -0.0539132   0.492634
0.0315492 -0.053927  0.492628
  0.031552 -0.0539442   0.492622
 0.0315546 -0.0539591   0.492616
 0.0315573 -0.0539769   0.492609
 0.0315592 -0.0539907   0.492603
 0.0315615 -0.0540086   0.492596
 0.0315629 -0.0540222    0.49259
 0.0315644 -0.0540357   0.492584
 0.0315655 -0.0540527   0.492577
 0.0315657 -0.0540703    0.49257
0.0315672 -0.054084  0.492563
 0.0315661 -0.0540984   0.492556
0.0315668 -0.054116  0.492549
 0.0315671 -0.0541311   0.492543
 0.0315672 -0.0541486   0.492535
 0.0315668 -0.0541618   0.492529
 0.0315666 -0.0541782   0.492522
 0.0315663 -0.0541923   0.492515
 0.0315657 -0.0542065   0.492507
 0.0315659 -0.0542225   0.492501
 0.0315656 -0.0542377   0.492492
 0.0315653 -0.0542507   0.492485
 0.0315656 -0.0542679   0.492478
 0.0315656 -0.0542809   0.492471
0.0315668   -0.0543  0.492464
 0.0315671 -0.0543131   0.492456
 0.0315679 -0.0543294   0.492448
 0.0315687 -0.0543434   0.492441
 0.0315691 -0.0543578   0.492432
 0.0315702 -0.0543721   0.492425
 0.0315719 -0.0543873   0.492418
 0.0315725 -0.0544027   0.492409
 0.0315779 -0.0544102   0.492402
 0.0315791 -0.0544244   0.492394
 0.0315805 -0.0544411   0.492386
 0.0315815 -0.0544554   0.492378
 0.0315821 -0.0544765   0.492369
 0.0315788 -0.0544997   0.492361
0.0315809 -0.054511  0.492354
 0.0315815 -0.0545287   0.492345
  0.031582 -0.0545424   0.492337
 0.0315817 -0.0545583   0.492328
0.0315825 -0.054574  0.492321
 0.0315863 -0.0545827   0.492313
 0.0315871 -0.0546018   0.492304
0.0315855 -0.054614  0.492297
0.0315803 -0.054638  0.492286
 0.0315793 -0.0546524   0.492278
  0.031578 -0.0546688    0.49227
 0.0315767 -0.0546831   0.492261
 0.0315754 -0.0546997   0.492252
 0.0315661 -0.0547274   0.492242
 0.0315727 -0.0547308   0.492235
 0.0315718 -0.0547467   0.492227
 0.0315705 -0.0547632   0.492218
 0.0315692 -0.0547775   0.492209
 0.0315683 -0.0547949     0.4922
 0.0315669 -0.0548082   0.492191
 0.0315662 -0.0548255   0.492182
 0.0315643 -0.0548371   0.492172
 0.0315638 -0.0548545   0.492163
 0.0315636 -0.0548693   0.492155
 0.0315629 -0.0548855   0.492145
 0.0315626 -0.0548998   0.492136
 0.0315622 -0.0549163   0.492126
 0.0315619 -0.0549305   0.492117
0.0315618 -0.054948  0.492107
 0.0315613 -0.0549611   0.492098
 0.0315605 -0.0549774   0.492087
 0.0315609 -0.0549923   0.492078
 0.0315606 -0.0550091   0.492068
 0.0315607 -0.0550243   0.492059
 0.0315603 -0.0550404   0.492049
 0.0315603 -0.0550557   0.492039
 0.0315598 -0.0550725   0.492029
 0.0315597 -0.0550894   0.492019
0.0315593 -0.055104  0.492009
 0.0315591 -0.0551218   0.491998
 0.0315584 -0.0551355   0.491989
 0.0315581 -0.0551534   0.491978
 0.0315573 -0.0551673   0.491968
 0.0315567 -0.0551843   0.491958
0.0315559 -0.055199  0.491948
 0.0315553 -0.0552169   0.491937
 0.0315543 -0.0552305   0.491927
 0.0315533 -0.0552478   0.491917
 0.0315526 -0.0552632   0.491907
 0.0315552 -0.0552711   0.491897
0.0315502 -0.055297  0.491886
 0.0315529 -0.0553059   0.491876
 0.0315506 -0.0553229   0.491864
 0.0315493 -0.0553401   0.491853
 0.0315491 -0.0553563   0.491843
 0.0315467 -0.0553718   0.491832
 0.0315452 -0.0553863   0.491822
 0.0315438 -0.0554033   0.491811
 0.0315424 -0.0554178     0.4918
  0.031541 -0.0554355   0.491789
 0.0315396 -0.0554526   0.491778
 0.0315382 -0.0554671   0.491768
 0.0315368 -0.0554842   0.491756
 0.0315346 -0.0554976   0.491745
 0.0315342 -0.0555156   0.491734
 0.0315331 -0.0555302   0.491724
 0.0315288 -0.0555536   0.491711
 0.0315277 -0.0555713     0.4917
 0.0315258 -0.0555874   0.491687
 0.0315258 -0.0556029   0.491677
 0.031524 -0.055619  0.491665
 0.0315252 -0.0556294   0.491654
 0.0315253 -0.0556414   0.491644
0.0315257  -0.05566  0.491633
0.0315251 -0.055677  0.491622
 0.0315235 -0.0556905   0.491609
 0.0315133 -0.0557174   0.491598
 0.0315233 -0.0557228   0.491587
 0.0315228 -0.0557403   0.491575
 0.0315203 -0.0557611   0.491563
 0.0315208 -0.0557709   0.491551
 0.0315203 -0.0557879   0.491539
 0.0315207 -0.0558032   0.491529
 0.0315191 -0.0558192   0.491516
 0.0315184 -0.0558338   0.491504
 0.0315175 -0.0558514   0.491492
 0.0315166 -0.0558686    0.49148
 0.0315157 -0.0558832   0.491468
 0.0315147 -0.0559004   0.491456
 0.0315135 -0.0559149   0.491444
 0.0315124 -0.0559326   0.491432
 0.0315111 -0.0559498    0.49142
 0.0315108 -0.0559652   0.491409
 0.0315095 -0.0559823   0.491397
 0.0315081 -0.0559969   0.491385
 0.0315066 -0.0560138   0.491373
 0.0315041 -0.0560277   0.491359
0.0315036 -0.056046  0.491348
 0.0315021 -0.0560629   0.491336
 0.0315005 -0.0560774   0.491324
 0.0314979 -0.0560936    0.49131
 0.0314973 -0.0561085   0.491299
 0.0314957 -0.0561257   0.491286
  0.031494 -0.0561426   0.491273
 0.0314924 -0.0561567   0.491261
  0.031491 -0.0561734   0.491248
 0.0314883 -0.0561869   0.491235
0.0314871 -0.056207  0.491222
 0.0314834 -0.0562275   0.491208
  0.031482 -0.0562441   0.491195
 0.0314806 -0.0562581   0.491183
 0.0314794 -0.0562746    0.49117
 0.0314779 -0.0562884   0.491157
 0.0314768 -0.0563054   0.491144
 0.0314761 -0.0563218   0.491131
 0.0314751 -0.0563355   0.491118
 0.031474 -0.056352  0.491105
 0.0314732 -0.0563656   0.491092
 0.0314724 -0.0563824   0.491078
 0.0314717 -0.0563986   0.491065
 0.0314711 -0.0564122   0.491052
 0.0314609 -0.0564374   0.491039
 0.0314699 -0.0564419   0.491026
 0.0314694 -0.0564585   0.491013
  0.031469 -0.0564745   0.490999
 0.0314686 -0.0564878   0.490986
 0.0314682 -0.0565038   0.490973
 0.0314678 -0.0565171    0.49096
 0.0314674 -0.0565336   0.490947
 0.0314669 -0.0565496   0.490933
 0.0314664 -0.0565629    0.49092
 0.0314658 -0.0565788   0.490907
0.0314652 -0.056592  0.490894
 0.0314644 -0.0566083   0.490881
 0.0314636 -0.0566241   0.490867
 0.0314626 -0.0566372   0.490854
0.0314616 -0.056653  0.490841
0.0314604 -0.056666  0.490828
 0.0314592 -0.0566822   0.490815
 0.0314579 -0.0566977   0.490801
 0.0314564 -0.0567106   0.490788
 0.0314538 -0.0567259   0.490773
 0.0314531 -0.0567413    0.49076
 0.0314516 -0.0567571   0.490747
 0.0314501 -0.0567724   0.490734
 0.0314518 -0.0567794    0.49072
0.0314503 -0.056792  0.490707
 0.0314487 -0.0568069   0.490694
 0.0314472 -0.0568193   0.490681
 0.0314457 -0.0568347   0.490667
 0.0314441 -0.0568496   0.490653
 0.0314426 -0.0568619    0.49064
 0.0314411 -0.0568765   0.490627
 0.0314396 -0.0568887   0.490614
0.0314382 -0.056904    0.4906
 0.0314367 -0.0569187   0.490587
 0.0314353 -0.0569307   0.490573
0.0314339 -0.056945   0.49056
0.0314324 -0.056957  0.490547
 0.031431 -0.056972  0.490533
 0.0314297 -0.0569864    0.49052
 0.0314278 -0.0570004   0.490505
 0.0314265 -0.0570144   0.490492
 0.0314251 -0.0570261   0.490478
 0.0314239 -0.0570407   0.490465
 0.0314226 -0.0570546   0.490451
 0.0314215 -0.0570659   0.490438
 0.0314203 -0.0570795   0.490425
 0.0314194 -0.0570916   0.490412
 0.0314169 -0.0571027   0.490398
  0.031417 -0.0571161   0.490386
0.0314158 -0.057127  0.490373
 0.0314143 -0.0571423   0.490358
 0.0314131 -0.0571562   0.490344
 0.0314119 -0.0571668   0.490331
 0.0314107 -0.0571799   0.490318
 0.0314082 -0.0571905   0.490303
 0.0314083 -0.0572037   0.490291
 0.0314071 -0.0572166   0.490278
  0.031406 -0.0572268   0.490265
 0.0314044 -0.0572395   0.490252
 0.0314031 -0.0572495   0.490239
 0.0314018 -0.0572624   0.490226
 0.0313981 -0.0572786   0.490212
 0.0313968 -0.0572909   0.490198
 0.0313955 -0.0573005   0.490185
 0.0313942 -0.0573126   0.490172
 0.0313929 -0.0573219   0.490159
 0.0313916 -0.0573344   0.490146
 0.0313903 -0.0573462   0.490133
 0.0313889 -0.0573553    0.49012
0.0313876 -0.057367  0.490107
 0.0313863 -0.0573758   0.490094
  0.031385 -0.0573878    0.49008
 0.0313837 -0.0573992   0.490067
 0.0313824 -0.0574079   0.490054
 0.0313812 -0.0574191   0.490041
 0.0313798 -0.0574275   0.490028
 0.0313786 -0.0574392   0.490015
 0.0313772 -0.0574522   0.490001
 0.0313759 -0.0574606   0.489988
 0.0313747 -0.0574714   0.489975
 0.0313734 -0.0574794   0.489962
 0.0313717 -0.0574906   0.489949
 0.0313707 -0.0575011   0.489937
0.0313695 -0.057509  0.489924
 0.0313683 -0.0575193   0.489911
 0.0313705 -0.0575213   0.489899
 0.0313693 -0.0575321   0.489886
 0.0313682 -0.0575396   0.489874
  0.031367 -0.0575494   0.489861
 0.0313658 -0.0575569   0.489849
 0.0313645 -0.0575665   0.489837
 0.0313632 -0.0575769   0.489824
 0.0313619 -0.0575841   0.489812
 0.0313605 -0.0575937     0.4898
 0.0313591 -0.0576007   0.489788
0.0313576  -0.05761  0.489776
 0.0313561 -0.0576169   0.489764
 0.0313545 -0.0576268   0.489752
0.0313529 -0.057636   0.48974
 0.0313512 -0.0576427   0.489728
 0.0313495 -0.0576514   0.489716
 0.0313478 -0.0576579   0.489704
 0.0313461 -0.0576672   0.489692
 0.0313444 -0.0576758    0.48968
 0.0313426 -0.0576819   0.489669
 0.0313409 -0.0576903   0.489657
 0.0313392 -0.0576959   0.489645
 0.0313374 -0.0577046   0.489634
 0.0313357 -0.0577127   0.489622
 0.0313341 -0.0577182   0.489611
0.0313324 -0.057726  0.489599
 0.0313307 -0.0577312   0.489588
 0.0313291 -0.0577393   0.489576
 0.0313275 -0.0577469   0.489565
  0.031326 -0.0577519   0.489553
 0.0313244 -0.0577592   0.489542
0.0313229 -0.057764  0.489531
 0.0313215 -0.0577726   0.489519
   0.03132 -0.0577772   0.489508
 0.0313182 -0.0577848   0.489496
 0.0313172 -0.0577916   0.489485
0.0313154 -0.057796  0.489475
 0.0313141 -0.0578027   0.489464
 0.0313127 -0.0578067   0.489453
 0.0313114 -0.0578137   0.489442
 0.0313102 -0.0578201   0.489431
 0.0313089 -0.0578239   0.489421
 0.0313077 -0.0578301    0.48941
 0.0313069 -0.0578336     0.4894
 0.0313052 -0.0578396    0.48939
 0.031304 -0.057843  0.489379
 0.0313028 -0.0578494   0.489369
 0.0313016 -0.0578551   0.489359
 0.0313004 -0.0578582   0.489349
 0.0312991 -0.0578638   0.489339
 0.0312979 -0.0578667   0.489329
 0.0312966 -0.0578725   0.489319
 0.0312953 -0.0578778   0.489309
  0.031294 -0.0578804   0.489299
 0.0312927 -0.0578854   0.489289
 0.0312915 -0.0578878    0.48928
 0.0312902 -0.0578924    0.48927
 0.0312887 -0.0578946   0.489261
 0.0312845 -0.0579061    0.48925
  0.031283 -0.0579081   0.489241
 0.0312816 -0.0579126   0.489232
 0.0312802 -0.0579144   0.489222
 0.0312787 -0.0579187   0.489213
 0.0312759 -0.0579211   0.489202
0.0312746 -0.057925  0.489193
 0.0312735 -0.0579309   0.489183
 0.0312721 -0.0579323   0.489174
 0.0312707 -0.0579361   0.489165
 0.0312689 -0.0579372   0.489157
 0.0312675 -0.0579408   0.489148
 0.0312662 -0.0579417   0.489139
0.0312649 -0.057945   0.48913
 0.0312636 -0.0579489   0.489122
 0.0312624 -0.0579496   0.489114
 0.0312612 -0.0579526   0.489105
   0.03126 -0.0579531   0.489097
 0.0312616 -0.0579483    0.48909
 0.0312605 -0.0579509   0.489082
0.0312593 -0.057951  0.489074
 0.0312582 -0.0579536   0.489066
  0.031257 -0.0579537   0.489058
 0.0312559 -0.0579569    0.48905
 0.0312547 -0.0579593   0.489043
 0.0312535 -0.0579593   0.489035
 0.0312525 -0.0579617   0.489028
 0.0312512 -0.0579616   0.489021
   0.03125 -0.0579638   0.489013
 0.0312487 -0.0579636   0.489006
 0.0312474 -0.0579663   0.488999
 0.0312465 -0.0579696   0.488991
 0.0312451 -0.0579692   0.488984
 0.0312438 -0.0579713   0.488977
 0.0312421 -0.0579709    0.48897
 0.0312408 -0.0579727   0.488963
 0.0312394 -0.0579719   0.488956
 0.0312381 -0.0579734   0.488949
 0.0312368 -0.0579726   0.488942
 0.0312355 -0.0579746   0.488935
0.0312341 -0.057976  0.488929
 0.0312328 -0.0579749   0.488922
 0.0312315 -0.0579761   0.488916
 0.0312301 -0.0579748   0.488909
0.0312288 -0.057976  0.488903
 0.0312274 -0.0579744   0.488897
 0.031226 -0.057975  0.488891
0.0312215  -0.05798  0.488884
0.0312201 -0.057978  0.488878
 0.0312188 -0.0579792   0.488872
 0.0312174 -0.0579798   0.488866
  0.031216 -0.0579778    0.48886
 0.0312147 -0.0579782   0.488854
0.0312133 -0.057976  0.488849
  0.031212 -0.0579763   0.488843
0.0312107 -0.057974  0.488838
 0.0312094 -0.0579741   0.488833
 0.0312088 -0.0579723   0.488827
 0.0312076 -0.0579722   0.488822
 0.0312064 -0.0579696   0.488817
0.0312053  -0.05797  0.488811
 0.0312042 -0.0579697   0.488806
0.0312028 -0.057967  0.488802
 0.0312018 -0.0579666   0.488797
 0.0312008 -0.0579638   0.488792
 0.0311999 -0.0579633   0.488787
  0.031199 -0.0579603   0.488783
 0.0311982 -0.0579598   0.488778
 0.0311974 -0.0579567   0.488774
 0.0311966 -0.0579559    0.48877
 0.0311959 -0.0579528   0.488765
 0.0311981 -0.0579574   0.488762
 0.0311972 -0.0579444   0.488757
 0.0311994 -0.0579488   0.488754
0.0311989 -0.057945   0.48875
 0.0311954 -0.0579394   0.488745
 0.0311949 -0.0579359   0.488741
 0.0311943 -0.0579348   0.488737
 0.0311967 -0.0579388   0.488734
 0.0311931 -0.0579301   0.488729
 0.0311924 -0.0579266   0.488726
 0.0311917 -0.0579255   0.488722
  0.031191 -0.0579219   0.488719
 0.0311948 -0.0579264   0.488715
  0.031194 -0.0579248   0.488712
 0.0311894 -0.0579164   0.488708
 0.0311884 -0.0579127   0.488705
 0.0311872 -0.0579111   0.488702
  0.031186 -0.0579073   0.488699
 0.0311847 -0.0579063   0.488696
 0.0311833 -0.0579018   0.488693
 0.0311819 -0.0579008    0.48869
 0.0311804 -0.0578993   0.488688
 0.0311793 -0.0578951   0.488686
 0.0311824 -0.0578977   0.488684
 0.0311759 -0.0578897   0.488681
 0.0311789 -0.0578917   0.488679
  0.031178 -0.0578901   0.488677
  0.031168 -0.0578862   0.488674
 0.0311664 -0.0578842   0.488671
 0.0311649 -0.0578796    0.48867
 0.0311631 -0.0578771   0.488668
 0.0311647 -0.0578679   0.488666
 0.0311634 -0.0578631   0.488664
 0.0311622 -0.0578607   0.488662
 0.0311611 -0.0578558    0.48866
 0.0311601 -0.0578532   0.488658
 0.0311589 -0.0578483   0.488657
