0.0161406 -0.105332  0.508721
0.0161406 -0.105332  0.508721
0.0161413 -0.105329  0.508721
0.0161434 -0.105322  0.508719
0.0161468 -0.105309  0.508716
0.0161516 -0.105292  0.508711
0.0161578 -0.105269  0.508706
0.0161654 -0.105241  0.508699
0.0161743 -0.105208  0.508691
0.0161846  -0.10517  0.508682
0.0162093 -0.105079   0.50866
0.0162093 -0.105079   0.50866
0.0162238 -0.105026  0.508647
0.0162396 -0.104968  0.508633
0.0162568 -0.104905  0.508618
0.0162754 -0.104837  0.508601
0.0162953 -0.104763  0.508583
0.0163393 -0.104602  0.508544
0.0163633 -0.104513  0.508523
0.0163887  -0.10442    0.5085
0.0164156 -0.104321  0.508476
0.0164437 -0.104217  0.508451
0.0164733 -0.104109  0.508425
0.0165042 -0.103995  0.508397
0.0165365 -0.103876  0.508368
0.0165702 -0.103753  0.508338
0.0166052 -0.103624  0.508307
0.0166417  -0.10349  0.508274
0.0166795  -0.10335  0.508241
0.0167187 -0.103206  0.508206
0.0167593 -0.103057   0.50817
0.0168012 -0.102903  0.508132
0.0168445 -0.102744  0.508094
0.0168445 -0.102744  0.508094
0.0169353  -0.10241  0.508013
0.0169827 -0.102236   0.50797
0.0170316 -0.102056  0.507927
0.0170818 -0.101872  0.507882
0.0170818 -0.101872  0.507882
0.0171863 -0.101487  0.507789
0.0172407 -0.101287   0.50774
0.0172964 -0.101082  0.507691
0.0173535 -0.100873   0.50764
0.0174119 -0.100658  0.507588
0.0174718 -0.100438  0.507534
 0.017533 -0.100212   0.50748
 0.0175955 -0.0999825   0.507424
 0.0176595 -0.0997473   0.507367
 0.0177248 -0.0995072   0.507309
 0.0177916 -0.0992617   0.507249
 0.0178596 -0.0990114   0.507188
 0.0179291 -0.0987561   0.507126
 0.0179999 -0.0984956   0.507063
 0.0180721 -0.0982302   0.506999
 0.0181458 -0.0979594   0.506933
 0.0182207 -0.0976837   0.506866
0.0182971 -0.097403  0.506798
 0.0183748 -0.0971174   0.506729
 0.0184539 -0.0968266   0.506658
 0.0185343 -0.0965307   0.506587
 0.0186161 -0.0962299   0.506514
 0.0186994 -0.0959238   0.506439
  0.018784 -0.0956128   0.506364
 0.0188699 -0.0952967   0.506287
 0.0189573 -0.0949757    0.50621
  0.019046 -0.0946495    0.50613
  0.019136 -0.0943183    0.50605
0.0192275 -0.093982  0.505969
 0.0193203 -0.0936407   0.505886
 0.0194145 -0.0932943   0.505802
 0.0195101 -0.0929429   0.505716
0.0196069 -0.092587   0.50563
 0.0197053 -0.0922253   0.505542
  0.019805 -0.0918586   0.505454
 0.0199062 -0.0914867   0.505363
 0.0200087 -0.0911096   0.505272
 0.0201127 -0.0907274   0.505179
 0.0202179 -0.0903404   0.505085
 0.0203247 -0.0899479    0.50499
 0.0204327 -0.0895506   0.504894
 0.0205421 -0.0891485   0.504796
 0.0206529 -0.0887411   0.504697
  0.020765 -0.0883289   0.504597
 0.0208786 -0.0879113   0.504496
 0.0209935 -0.0874887   0.504394
   0.02111 -0.0870603    0.50429
 0.0212276 -0.0866279   0.504185
 0.0213466 -0.0861904   0.504079
  0.021467 -0.0857478   0.503971
 0.0215887 -0.0853002   0.503863
 0.0217118 -0.0848476   0.503753
 0.0218361 -0.0843905   0.503642
  0.021962 -0.0839276    0.50353
 0.0220895 -0.0834591   0.503416
  0.022218 -0.0829863   0.503302
  0.022348 -0.0825084   0.503186
0.0224792 -0.082026  0.503069
 0.0226119 -0.0815379    0.50295
 0.0227461 -0.0810448   0.502831
 0.0228815 -0.0805467    0.50271
 0.0230182 -0.0800444   0.502588
 0.0231549 -0.0795416   0.502466
 0.0232917 -0.0790387   0.502344
0.0234284 -0.078536  0.502222
 0.0235651 -0.0780333     0.5021
 0.0237018 -0.0775305   0.501978
 0.0238386 -0.0770278   0.501857
0.0239753 -0.076525  0.501735
  0.024112 -0.0760223   0.501613
 0.0242488 -0.0755195   0.501491
 0.0243851 -0.0750183   0.501369
 0.0245199 -0.0745227   0.501249
 0.0246533 -0.0740323    0.50113
0.0247853 -0.073547  0.501012
  0.024916 -0.0730663   0.500896
 0.0250452 -0.0725911    0.50078
 0.0251732 -0.0721205   0.500666
 0.0252997 -0.0716553   0.500554
 0.0254249 -0.0711953   0.500442
 0.0255486 -0.0707403   0.500332
  0.025671 -0.0702903   0.500222
  0.025792 -0.0698453   0.500115
 0.0259117 -0.0694053   0.500008
   0.02603 -0.0689704   0.499902
 0.0261471 -0.0685399   0.499798
 0.0262627 -0.0681147   0.499695
 0.0263769 -0.0676947   0.499593
 0.0264898 -0.0672797   0.499492
 0.0266013 -0.0668699   0.499393
0.0267114 -0.066465  0.499295
   0.02682 -0.0660655   0.499198
 0.0269274 -0.0656707   0.499102
0.0270334 -0.065281  0.499008
 0.0271379 -0.0648968   0.498914
 0.0272411 -0.0645173   0.498822
 0.0273429 -0.0641428   0.498731
 0.0274434 -0.0637734   0.498642
 0.0275425 -0.0634089   0.498553
 0.0276401 -0.0630501   0.498466
 0.0277364 -0.0626962   0.498381
 0.0278312 -0.0623474   0.498296
 0.0279248 -0.0620033   0.498213
0.0280168 -0.061665  0.498131
 0.0281074 -0.0613321    0.49805
 0.0281968 -0.0610032    0.49797
 0.0282848 -0.0606797   0.497892
 0.0283714 -0.0603611   0.497814
 0.0284567 -0.0600477   0.497738
0.0285407 -0.059739  0.497663
 0.0286232 -0.0594354    0.49759
 0.0287044 -0.0591368   0.497517
 0.0287842 -0.0588437   0.497446
 0.0288627 -0.0585549   0.497376
 0.0289398 -0.0582716   0.497308
 0.0290154 -0.0579936    0.49724
 0.0290896 -0.0577206   0.497174
 0.0291625 -0.0574527   0.497109
 0.0292339 -0.0571899   0.497045
  0.029304 -0.0569322   0.496983
 0.0293728 -0.0566795   0.496921
 0.0294401 -0.0564318   0.496861
 0.0295061 -0.0561892   0.496802
 0.0295707 -0.0559517   0.496745
 0.0296339 -0.0557192   0.496688
 0.0296958 -0.0554917   0.496633
 0.0297563 -0.0552693   0.496579
 0.0298155 -0.0550518   0.496527
 0.0298733 -0.0548392   0.496475
 0.0299297 -0.0546318   0.496425
 0.0299846 -0.0544297   0.496376
 0.0300383 -0.0542325   0.496328
 0.0300905 -0.0540405   0.496281
 0.0301413 -0.0538536   0.496236
 0.0301908 -0.0536716   0.496192
 0.0302389 -0.0534947   0.496149
 0.0302857 -0.0533228   0.496107
 0.0303311 -0.0531558   0.496067
 0.0303751 -0.0529941   0.496028
 0.0304177 -0.0528375    0.49599
 0.0304589 -0.0526859   0.495953
 0.0304987 -0.0525394   0.495917
 0.0305372 -0.0523979   0.495883
 0.0305743 -0.0522615    0.49585
 0.0306101 -0.0521301   0.495818
 0.0306444 -0.0520038   0.495787
 0.0306774 -0.0518826   0.495758
  0.030709 -0.0517664    0.49573
 0.0307392 -0.0516551   0.495703
 0.0307681 -0.0515489   0.495677
 0.0307956 -0.0514478   0.495653
 0.0308217 -0.0513518   0.495629
 0.0308465 -0.0512608   0.495607
 0.0308699 -0.0511748   0.495586
 0.0308919 -0.0510939   0.495567
 0.0309125 -0.0510182   0.495548
 0.0309317 -0.0509474   0.495531
0.0309495 -0.050882  0.495515
  0.030966 -0.0508212   0.495501
 0.0309811 -0.0507657   0.495487
 0.0309949 -0.0507152   0.495475
 0.0310072 -0.0506698   0.495464
 0.0310182 -0.0506294   0.495454
 0.0310278 -0.0505941   0.495445
  0.031036 -0.0505639   0.495438
 0.0310429 -0.0505387   0.495432
 0.0310483 -0.0505186   0.495427
 0.0310524 -0.0505036   0.495424
 0.0310551 -0.0504936   0.495421
 0.0310565 -0.0504887    0.49542
 0.0310566 -0.0504881    0.49542
 0.0310566 -0.0504881    0.49542
 0.0310566 -0.0504881    0.49542
 0.0310566 -0.0504881    0.49542
 0.0310566 -0.0504881    0.49542
 0.0310566 -0.0504881    0.49542
 0.0310566 -0.0504881    0.49542
 0.0310566 -0.0504881    0.49542
 0.0310566 -0.0504881    0.49542
 0.0310566 -0.0504881    0.49542
 0.0310566 -0.0504881    0.49542
 0.0310566 -0.0504881    0.49542
 0.0310566 -0.0504881    0.49542
 0.0310566 -0.0504881    0.49542
 0.0310566 -0.0504881    0.49542
 0.0310566 -0.0504881    0.49542
 0.0310566 -0.0504881    0.49542
 0.0310566 -0.0504881    0.49542
 0.0310566 -0.0504881    0.49542
 0.0310566 -0.0504881    0.49542
 0.0310566 -0.0504881    0.49542
 0.0310566 -0.0504881    0.49542
 0.0310566 -0.0504881    0.49542
 0.0310566 -0.0504881    0.49542
 0.0310566 -0.0504881    0.49542
 0.0310566 -0.0504881    0.49542
 0.0310566 -0.0504881    0.49542
 0.0310566 -0.0504881    0.49542
 0.0310566 -0.0504881    0.49542
 0.0310566 -0.0504881    0.49542
 0.0310566 -0.0504881    0.49542
 0.0310566 -0.0504881    0.49542
 0.0310566 -0.0504881    0.49542
 0.0310566 -0.0504881    0.49542
 0.0310566 -0.0504881    0.49542
 0.0310566 -0.0504881    0.49542
 0.0310566 -0.0504881    0.49542
 0.0310566 -0.0504881    0.49542
 0.0310566 -0.0504881    0.49542
 0.0310566 -0.0504881    0.49542
 0.0310566 -0.0504881    0.49542
 0.0310566 -0.0504881    0.49542
 0.0310566 -0.0504881    0.49542
 0.0310566 -0.0504881    0.49542
 0.0310566 -0.0504881    0.49542
 0.0310566 -0.0504881    0.49542
 0.0310566 -0.0504881    0.49542
 0.0310566 -0.0504881    0.49542
 0.0310566 -0.0504881    0.49542
 0.0310566 -0.0504881    0.49542
 0.0310566 -0.0504881    0.49542
 0.0310566 -0.0504881    0.49542
 0.0310566 -0.0504881    0.49542
 0.0310566 -0.0504881    0.49542
 0.0310566 -0.0504881    0.49542
 0.0310566 -0.0504881    0.49542
 0.0310566 -0.0504881    0.49542
 0.0310566 -0.0504881    0.49542
 0.0310566 -0.0504881    0.49542
 0.0310566 -0.0504881    0.49542
 0.0310566 -0.0504881    0.49542
 0.0310566 -0.0504881    0.49542
 0.0310566 -0.0504881    0.49542
 0.0310566 -0.0504881    0.49542
 0.0310566 -0.0504881    0.49542
 0.0310566 -0.0504881    0.49542
 0.0310566 -0.0504881    0.49542
 0.0310566 -0.0504881    0.49542
 0.0310566 -0.0504881    0.49542
 0.0310566 -0.0504881    0.49542
 0.0310566 -0.0504881    0.49542
 0.0310566 -0.0504881    0.49542
 0.0310566 -0.0504881    0.49542
 0.0310566 -0.0504881    0.49542
 0.0310566 -0.0504881    0.49542
 0.0310566 -0.0504881    0.49542
 0.0310566 -0.0504881    0.49542
 0.0310566 -0.0504881    0.49542
 0.0310566 -0.0504881    0.49542
 0.0310566 -0.0504881    0.49542
 0.0310566 -0.0504881    0.49542
 0.0310566 -0.0504881    0.49542
 0.0310566 -0.0504881    0.49542
 0.0310566 -0.0504881    0.49542
 0.0310566 -0.0504881    0.49542
 0.0310566 -0.0504881    0.49542
 0.0310566 -0.0504881    0.49542
 0.0310566 -0.0504881    0.49542
 0.0310566 -0.0504881    0.49542
 0.0310566 -0.0504881    0.49542
 0.0310566 -0.0504881    0.49542
 0.0310566 -0.0504881    0.49542
 0.0310566 -0.0504881    0.49542
 0.0310566 -0.0504881    0.49542
 0.0310566 -0.0504881    0.49542
 0.0310566 -0.0504881    0.49542
 0.0310566 -0.0504881    0.49542
 0.0310566 -0.0504881    0.49542
 0.0310566 -0.0504881    0.49542
 0.0310566 -0.0504881    0.49542
 0.0310566 -0.0504881    0.49542
 0.0310566 -0.0504881    0.49542
 0.0310566 -0.0504881    0.49542
 0.0310566 -0.0504881    0.49542
 0.0310566 -0.0504881    0.49542
 0.0310566 -0.0504881    0.49542
 0.0310566 -0.0504881    0.49542
 0.0310566 -0.0504881    0.49542
 0.0310566 -0.0504881    0.49542
 0.0310566 -0.0504881    0.49542
 0.0310566 -0.0504881    0.49542
 0.0310566 -0.0504881    0.49542
 0.0310566 -0.0504881    0.49542
 0.0310566 -0.0504881    0.49542
 0.0310566 -0.0504881    0.49542
 0.0310566 -0.0504881    0.49542
 0.0310566 -0.0504881    0.49542
 0.0310566 -0.0504881    0.49542
 0.0310566 -0.0504881    0.49542
 0.0310566 -0.0504881    0.49542
 0.0310566 -0.0504881    0.49542
 0.0310566 -0.0504881    0.49542
 0.0310566 -0.0504881    0.49542
 0.0310566 -0.0504881    0.49542
 0.0310566 -0.0504881    0.49542
 0.0310566 -0.0504881    0.49542
 0.0310566 -0.0504881    0.49542
 0.0310566 -0.0504881    0.49542
 0.0310566 -0.0504881    0.49542
 0.0310566 -0.0504881    0.49542
 0.0310566 -0.0504881    0.49542
 0.0310566 -0.0504881    0.49542
 0.0310566 -0.0504881    0.49542
 0.0310566 -0.0504881    0.49542
 0.0310566 -0.0504881    0.49542
 0.0310566 -0.0504881    0.49542
 0.0310566 -0.0504881    0.49542
 0.0310566 -0.0504881    0.49542
 0.0310566 -0.0504881    0.49542
 0.0310566 -0.0504881    0.49542
 0.0310566 -0.0504881    0.49542
 0.0310566 -0.0504881    0.49542
 0.0310566 -0.0504881    0.49542
 0.0310566 -0.0504881    0.49542
 0.0310566 -0.0504881    0.49542
 0.0310566 -0.0504881    0.49542
 0.0310566 -0.0504881    0.49542
 0.0310566 -0.0504881    0.49542
 0.0310566 -0.0504881    0.49542
 0.0310566 -0.0504881    0.49542
 0.0310566 -0.0504881    0.49542
 0.0310566 -0.0504881    0.49542
 0.0310566 -0.0504881    0.49542
 0.0310566 -0.0504881    0.49542
 0.0310566 -0.0504881    0.49542
 0.0310566 -0.0504881    0.49542
 0.0310566 -0.0504881    0.49542
 0.0310566 -0.0504881    0.49542
 0.0310566 -0.0504881    0.49542
 0.0310566 -0.0504881    0.49542
 0.0310566 -0.0504881    0.49542
 0.0310566 -0.0504881    0.49542
 0.0310566 -0.0504881    0.49542
 0.0310566 -0.0504881    0.49542
 0.0310566 -0.0504881    0.49542
 0.0310566 -0.0504881    0.49542
 0.0310566 -0.0504881    0.49542
 0.0310566 -0.0504881    0.49542
 0.0310566 -0.0504881    0.49542
 0.0310566 -0.0504881    0.49542
 0.0310566 -0.0504881    0.49542
 0.0310566 -0.0504881    0.49542
 0.0310566 -0.0504881    0.49542
 0.0310566 -0.0504881    0.49542
 0.0310566 -0.0504881    0.49542
 0.0310566 -0.0504881    0.49542
 0.0310566 -0.0504881    0.49542
 0.0310566 -0.0504881    0.49542
 0.0310566 -0.0504881    0.49542
 0.0310566 -0.0504881    0.49542
 0.0310566 -0.0504881    0.49542
 0.0310566 -0.0504881    0.49542
 0.0310566 -0.0504881    0.49542
 0.0310566 -0.0504881    0.49542
 0.0310566 -0.0504881    0.49542
 0.0310566 -0.0504881    0.49542
 0.0310566 -0.0504881    0.49542
 0.0310566 -0.0504881    0.49542
 0.0310566 -0.0504881    0.49542
 0.0310566 -0.0504881    0.49542
 0.0310566 -0.0504881    0.49542
 0.0310566 -0.0504881    0.49542
 0.0310566 -0.0504881    0.49542
 0.0310566 -0.0504881    0.49542
 0.0310566 -0.0504881    0.49542
 0.0310566 -0.0504881    0.49542
 0.0310566 -0.0504881    0.49542
 0.0310566 -0.0504881    0.49542
 0.0310566 -0.0504881    0.49542
 0.0310566 -0.0504881    0.49542
 0.0310566 -0.0504881    0.49542
 0.0310566 -0.0504881    0.49542
 0.0310566 -0.0504881    0.49542
 0.0310566 -0.0504881    0.49542
 0.0310566 -0.0504881    0.49542
 0.0310566 -0.0504881    0.49542
 0.0310566 -0.0504881    0.49542
 0.0310566 -0.0504881    0.49542
 0.0310566 -0.0504881    0.49542
 0.0310566 -0.0504881    0.49542
 0.0310566 -0.0504881    0.49542
 0.0310566 -0.0504881    0.49542
 0.0310566 -0.0504881    0.49542
 0.0310566 -0.0504881    0.49542
 0.0310566 -0.0504881    0.49542
 0.0310566 -0.0504881    0.49542
 0.0310566 -0.0504881    0.49542
 0.0310566 -0.0504881    0.49542
 0.0310566 -0.0504881    0.49542
 0.0310566 -0.0504881    0.49542
 0.0310566 -0.0504881    0.49542
 0.0310566 -0.0504881    0.49542
 0.0310566 -0.0504881    0.49542
 0.0310566 -0.0504881    0.49542
 0.0310566 -0.0504881    0.49542
 0.0310566 -0.0504881    0.49542
 0.0310566 -0.0504881    0.49542
 0.0310566 -0.0504881    0.49542
 0.0310566 -0.0504881    0.49542
 0.0310566 -0.0504881    0.49542
 0.0310566 -0.0504881    0.49542
 0.0310566 -0.0504881    0.49542
 0.0310566 -0.0504881    0.49542
 0.0310566 -0.0504881    0.49542
 0.0310566 -0.0504881    0.49542
 0.0310566 -0.0504881    0.49542
 0.0310566 -0.0504881    0.49542
 0.0310566 -0.0504881    0.49542
 0.0310566 -0.0504881    0.49542
 0.0310566 -0.0504881    0.49542
 0.0310566 -0.0504881    0.49542
 0.0310566 -0.0504881    0.49542
 0.0310566 -0.0504881    0.49542
 0.0310566 -0.0504881    0.49542
 0.0310566 -0.0504881    0.49542
 0.0310566 -0.0504881    0.49542
 0.0310566 -0.0504881    0.49542
 0.0310566 -0.0504881    0.49542
 0.0310566 -0.0504881    0.49542
 0.0310566 -0.0504881    0.49542
 0.0310566 -0.0504881    0.49542
 0.0310566 -0.0504881    0.49542
 0.0310566 -0.0504881    0.49542
 0.0310566 -0.0504881    0.49542
 0.0310566 -0.0504881    0.49542
 0.0310566 -0.0504881    0.49542
 0.0310566 -0.0504881    0.49542
 0.0310566 -0.0504881    0.49542
 0.0310566 -0.0504881    0.49542
 0.0310566 -0.0504881    0.49542
 0.0310566 -0.0504881    0.49542
 0.0310566 -0.0504881    0.49542
 0.0310566 -0.0504881    0.49542
 0.0310566 -0.0504881    0.49542
 0.0310566 -0.0504881    0.49542
 0.0310566 -0.0504881    0.49542
 0.0310566 -0.0504881    0.49542
 0.0310566 -0.0504881    0.49542
 0.0310566 -0.0504881    0.49542
 0.0310566 -0.0504881    0.49542
 0.0310566 -0.0504881    0.49542
 0.0310566 -0.0504881    0.49542
 0.0310566 -0.0504881    0.49542
 0.0310566 -0.0504881    0.49542
 0.0310566 -0.0504881    0.49542
 0.0310566 -0.0504881    0.49542
 0.0310566 -0.0504881    0.49542
 0.0310566 -0.0504881    0.49542
 0.0310566 -0.0504881    0.49542
 0.0310566 -0.0504881    0.49542
 0.0310566 -0.0504881    0.49542
 0.0310566 -0.0504881    0.49542
 0.0310566 -0.0504881    0.49542
 0.0310566 -0.0504881    0.49542
 0.0310566 -0.0504881    0.49542
 0.0310566 -0.0504881    0.49542
 0.0310566 -0.0504881    0.49542
 0.0310566 -0.0504881    0.49542
 0.0310566 -0.0504881    0.49542
 0.0310566 -0.0504881    0.49542
 0.0310566 -0.0504881    0.49542
 0.0310566 -0.0504881    0.49542
 0.0310566 -0.0504881    0.49542
 0.0310566 -0.0504881    0.49542
 0.0310566 -0.0504881    0.49542
 0.0310566 -0.0504881    0.49542
 0.0310566 -0.0504881    0.49542
 0.0310566 -0.0504881    0.49542
 0.0310566 -0.0504881    0.49542
 0.0310566 -0.0504881    0.49542
 0.0310566 -0.0504881    0.49542
 0.0310566 -0.0504881    0.49542
 0.0310566 -0.0504881    0.49542
 0.0310566 -0.0504881    0.49542
 0.0310566 -0.0504881    0.49542
 0.0310566 -0.0504881    0.49542
 0.0310566 -0.0504881    0.49542
 0.0310566 -0.0504881    0.49542
 0.0310566 -0.0504881    0.49542
 0.0310566 -0.0504881    0.49542
 0.0310566 -0.0504881    0.49542
 0.0310566 -0.0504881    0.49542
 0.0310566 -0.0504881    0.49542
 0.0310566 -0.0504881    0.49542
 0.0310566 -0.0504881    0.49542
 0.0310566 -0.0504881    0.49542
 0.0310566 -0.0504881    0.49542
 0.0310566 -0.0504881    0.49542
 0.0310566 -0.0504881    0.49542
 0.0310566 -0.0504881    0.49542
 0.0310566 -0.0504881    0.49542
 0.0310566 -0.0504881    0.49542
 0.0310566 -0.0504881    0.49542
 0.0310566 -0.0504881    0.49542
 0.0310566 -0.0504881    0.49542
 0.0310566 -0.0504881    0.49542
 0.0310566 -0.0504881    0.49542
 0.0310566 -0.0504881    0.49542
 0.0310566 -0.0504881    0.49542
 0.0310566 -0.0504881    0.49542
 0.0310566 -0.0504881    0.49542
 0.0310566 -0.0504881    0.49542
 0.0310566 -0.0504881    0.49542
 0.0310566 -0.0504881    0.49542
 0.0310566 -0.0504881    0.49542
 0.0310566 -0.0504881    0.49542
 0.0310566 -0.0504881    0.49542
 0.0310566 -0.0504881    0.49542
 0.0310566 -0.0504881    0.49542
 0.0310566 -0.0504881    0.49542
 0.0310566 -0.0504881    0.49542
 0.0310566 -0.0504881    0.49542
 0.0310566 -0.0504881    0.49542
 0.0310566 -0.0504881    0.49542
 0.0310566 -0.0504881    0.49542
 0.0310566 -0.0504881    0.49542
 0.0310566 -0.0504881    0.49542
 0.0310566 -0.0504881    0.49542
 0.0310566 -0.0504881    0.49542
 0.0310566 -0.0504881    0.49542
 0.0310566 -0.0504881    0.49542
 0.0310566 -0.0504881    0.49542
 0.0310566 -0.0504881    0.49542
 0.0310566 -0.0504881    0.49542
 0.0310566 -0.0504881    0.49542
 0.0310566 -0.0504881    0.49542
 0.0310566 -0.0504881    0.49542
 0.0310566 -0.0504881    0.49542
 0.0310566 -0.0504881    0.49542
 0.0310566 -0.0504881    0.49542
 0.0310566 -0.0504881    0.49542
 0.0310566 -0.0504881    0.49542
 0.0310566 -0.0504881    0.49542
 0.0310566 -0.0504881    0.49542
 0.0310566 -0.0504881    0.49542
 0.0310566 -0.0504881    0.49542
 0.0310566 -0.0504881    0.49542
 0.0310566 -0.0504881    0.49542
 0.0310566 -0.0504881    0.49542
 0.0310566 -0.0504881    0.49542
 0.0310566 -0.0504881    0.49542
 0.0310566 -0.0504881    0.49542
 0.0310566 -0.0504881    0.49542
 0.0310566 -0.0504881    0.49542
 0.0310566 -0.0504881    0.49542
 0.0310566 -0.0504881    0.49542
 0.0310566 -0.0504881    0.49542
 0.0310566 -0.0504881    0.49542
 0.0310566 -0.0504881    0.49542
 0.0310566 -0.0504881    0.49542
 0.0310566 -0.0504881    0.49542
 0.0310566 -0.0504881    0.49542
 0.0310566 -0.0504881    0.49542
 0.0310566 -0.0504881    0.49542
 0.0310566 -0.0504881    0.49542
 0.0310566 -0.0504881    0.49542
 0.0310566 -0.0504881    0.49542
 0.0310566 -0.0504881    0.49542
 0.0310566 -0.0504881    0.49542
 0.0310566 -0.0504881    0.49542
 0.0310566 -0.0504881    0.49542
 0.0310566 -0.0504881    0.49542
 0.0310566 -0.0504881    0.49542
 0.0310566 -0.0504881    0.49542
 0.0310566 -0.0504881    0.49542
 0.0310566 -0.0504881    0.49542
 0.0310566 -0.0504881    0.49542
 0.0310566 -0.0504881    0.49542
 0.0310566 -0.0504881    0.49542
 0.0310566 -0.0504881    0.49542
 0.0310566 -0.0504881    0.49542
 0.0310566 -0.0504881    0.49542
 0.0310566 -0.0504881    0.49542
 0.0310566 -0.0504881    0.49542
 0.0310566 -0.0504881    0.49542
 0.0310566 -0.0504881    0.49542
 0.0310566 -0.0504881    0.49542
 0.0310566 -0.0504881    0.49542
 0.0310566 -0.0504881    0.49542
 0.0310566 -0.0504881    0.49542
 0.0310566 -0.0504881    0.49542
 0.0310566 -0.0504881    0.49542
 0.0310566 -0.0504881    0.49542
 0.0310566 -0.0504881    0.49542
 0.0310566 -0.0504881    0.49542
 0.0310566 -0.0504881    0.49542
 0.0310566 -0.0504881    0.49542
 0.0310566 -0.0504881    0.49542
 0.0310566 -0.0504881    0.49542
 0.0310566 -0.0504881    0.49542
 0.0310566 -0.0504881    0.49542
 0.0310566 -0.0504881    0.49542
 0.0310566 -0.0504881    0.49542
 0.0310566 -0.0504881    0.49542
 0.0310566 -0.0504881    0.49542
 0.0310566 -0.0504881    0.49542
 0.0310566 -0.0504881    0.49542
 0.0310566 -0.0504881    0.49542
 0.0310566 -0.0504881    0.49542
 0.0310566 -0.0504881    0.49542
 0.0310566 -0.0504881    0.49542
 0.0310566 -0.0504881    0.49542
 0.0310566 -0.0504881    0.49542
 0.0310566 -0.0504881    0.49542
 0.0310566 -0.0504881    0.49542
 0.0310566 -0.0504881    0.49542
 0.0310566 -0.0504881    0.49542
 0.0310566 -0.0504881    0.49542
 0.0310566 -0.0504881    0.49542
 0.0310566 -0.0504881    0.49542
 0.0310566 -0.0504881    0.49542
 0.0310566 -0.0504881    0.49542
 0.0310566 -0.0504881    0.49542
 0.0310566 -0.0504881    0.49542
 0.0310566 -0.0504881    0.49542
 0.0310566 -0.0504881    0.49542
 0.0310566 -0.0504881    0.49542
 0.0310566 -0.0504881    0.49542
 0.0310566 -0.0504881    0.49542
 0.0310566 -0.0504881    0.49542
 0.0310566 -0.0504881    0.49542
 0.0310566 -0.0504881    0.49542
 0.0310566 -0.0504881    0.49542
 0.0310566 -0.0504881    0.49542
 0.0310566 -0.0504881    0.49542
 0.0310566 -0.0504881    0.49542
 0.0310566 -0.0504881    0.49542
 0.0310566 -0.0504881    0.49542
 0.0310566 -0.0504881    0.49542
 0.0310566 -0.0504881    0.49542
 0.0310566 -0.0504881    0.49542
 0.0310566 -0.0504881    0.49542
 0.0310566 -0.0504881    0.49542
 0.0310566 -0.0504881    0.49542
 0.0310566 -0.0504881    0.49542
 0.0310566 -0.0504881    0.49542
 0.0310566 -0.0504881    0.49542
 0.0310566 -0.0504881    0.49542
 0.0310566 -0.0504881    0.49542
 0.0310566 -0.0504881    0.49542
 0.0310566 -0.0504881    0.49542
 0.0310566 -0.0504881    0.49542
 0.0310566 -0.0504881    0.49542
 0.0310566 -0.0504881    0.49542
 0.0310566 -0.0504881    0.49542
 0.0310566 -0.0504881    0.49542
 0.0310566 -0.0504881    0.49542
 0.0310566 -0.0504881    0.49542
 0.0310566 -0.0504881    0.49542
 0.0310566 -0.0504881    0.49542
 0.0310566 -0.0504881    0.49542
 0.0310566 -0.0504881    0.49542
 0.0310566 -0.0504881    0.49542
 0.0310566 -0.0504881    0.49542
 0.0310566 -0.0504881    0.49542
 0.0310566 -0.0504881    0.49542
 0.0310566 -0.0504881    0.49542
 0.0310566 -0.0504881    0.49542
 0.0310566 -0.0504881    0.49542
 0.0310566 -0.0504881    0.49542
 0.0310566 -0.0504881    0.49542
 0.0310566 -0.0504881    0.49542
 0.0310566 -0.0504881    0.49542
 0.0310566 -0.0504881    0.49542
 0.0310566 -0.0504881    0.49542
 0.0310566 -0.0504881    0.49542
 0.0310566 -0.0504881    0.49542
 0.0310566 -0.0504881    0.49542
 0.0310566 -0.0504881    0.49542
 0.0310566 -0.0504881    0.49542
 0.0310566 -0.0504881    0.49542
 0.0310566 -0.0504881    0.49542
 0.0310566 -0.0504881    0.49542
 0.0310566 -0.0504881    0.49542
 0.0310566 -0.0504881    0.49542
 0.0310566 -0.0504881    0.49542
 0.0310566 -0.0504881    0.49542
 0.0310566 -0.0504881    0.49542
 0.0310566 -0.0504881    0.49542
 0.0310566 -0.0504881    0.49542
 0.0310566 -0.0504881    0.49542
 0.0310566 -0.0504881    0.49542
 0.0310566 -0.0504881    0.49542
 0.0310566 -0.0504881    0.49542
 0.0310566 -0.0504881    0.49542
 0.0310566 -0.0504881    0.49542
 0.0310566 -0.0504881    0.49542
 0.0310566 -0.0504881    0.49542
 0.0310566 -0.0504881    0.49542
 0.0310566 -0.0504881    0.49542
 0.0310566 -0.0504881    0.49542
 0.0310566 -0.0504881    0.49542
 0.0310566 -0.0504881    0.49542
 0.0310566 -0.0504881    0.49542
 0.0310566 -0.0504881    0.49542
 0.0310566 -0.0504881    0.49542
 0.0310566 -0.0504881    0.49542
 0.0310566 -0.0504881    0.49542
 0.0310566 -0.0504881    0.49542
 0.0310566 -0.0504881    0.49542
 0.0310566 -0.0504881    0.49542
 0.0310566 -0.0504881    0.49542
 0.0310566 -0.0504881    0.49542
 0.0310566 -0.0504881    0.49542
 0.0310566 -0.0504881    0.49542
 0.0310566 -0.0504881    0.49542
 0.0310566 -0.0504881    0.49542
 0.0310566 -0.0504881    0.49542
 0.0310566 -0.0504881    0.49542
 0.0310566 -0.0504881    0.49542
 0.0310566 -0.0504881    0.49542
 0.0310566 -0.0504881    0.49542
 0.0310566 -0.0504881    0.49542
 0.0310566 -0.0504881    0.49542
 0.0310566 -0.0504881    0.49542
 0.0310566 -0.0504881    0.49542
 0.0310566 -0.0504881    0.49542
 0.0310566 -0.0504881    0.49542
 0.0310566 -0.0504881    0.49542
 0.0310566 -0.0504881    0.49542
 0.0310566 -0.0504881    0.49542
 0.0310566 -0.0504881    0.49542
 0.0310566 -0.0504881    0.49542
 0.0310566 -0.0504881    0.49542
 0.0310566 -0.0504881    0.49542
 0.0310566 -0.0504881    0.49542
 0.0310566 -0.0504881    0.49542
 0.0310566 -0.0504881    0.49542
 0.0310566 -0.0504881    0.49542
 0.0310566 -0.0504881    0.49542
 0.0310566 -0.0504881    0.49542
 0.0310566 -0.0504881    0.49542
 0.0310566 -0.0504881    0.49542
 0.0310566 -0.0504881    0.49542
 0.0310566 -0.0504881    0.49542
 0.0310566 -0.0504881    0.49542
 0.0310566 -0.0504881    0.49542
 0.0310566 -0.0504881    0.49542
 0.0310566 -0.0504881    0.49542
 0.0310566 -0.0504881    0.49542
 0.0310566 -0.0504881    0.49542
 0.0310566 -0.0504881    0.49542
 0.0310566 -0.0504881    0.49542
 0.0310566 -0.0504881    0.49542
 0.0310566 -0.0504881    0.49542
 0.0310566 -0.0504881    0.49542
 0.0310566 -0.0504881    0.49542
 0.0310566 -0.0504881    0.49542
 0.0310566 -0.0504881    0.49542
 0.0310566 -0.0504881    0.49542
 0.0310566 -0.0504881    0.49542
 0.0310566 -0.0504881    0.49542
