 0.269542 -0.328425  0.605781
 0.268824 -0.326827  0.608889
 0.268826 -0.326825  0.608887
 0.268832 -0.326818  0.608879
 0.268843 -0.326807  0.608866
 0.268857 -0.326791  0.608849
 0.268876 -0.326771  0.608826
   0.2689 -0.326746  0.608798
 0.268927 -0.326717  0.608765
 0.268959 -0.326683  0.608727
 0.268995 -0.326645  0.608684
 0.269035 -0.326603  0.608636
  0.26908 -0.326555  0.608583
 0.269128 -0.326504  0.608525
 0.269181 -0.326447  0.608462
 0.269238 -0.326387  0.608394
   0.2693 -0.326322   0.60832
 0.269365 -0.326252  0.608242
 0.269435 -0.326178  0.608159
 0.269509 -0.326099   0.60807
 0.269588 -0.326016  0.607976
  0.26967 -0.325928  0.607878
 0.269757 -0.325836  0.607774
 0.269848 -0.325739  0.607665
 0.269943 -0.325638  0.607552
 0.270043 -0.325532  0.607433
 0.270147 -0.325422  0.607309
 0.270255 -0.325308   0.60718
 0.270367 -0.325188  0.607046
 0.270483 -0.325065  0.606907
 0.270604 -0.324937  0.606763
 0.270729 -0.324804  0.606614
 0.270858 -0.324667   0.60646
 0.270991 -0.324525    0.6063
 0.271129 -0.324379  0.606136
 0.271271 -0.324229  0.605967
 0.271417 -0.324073  0.605792
 0.271567 -0.323914  0.605613
0.271721 -0.32375 0.605429
  0.27188 -0.323582  0.605239
 0.272043 -0.323408  0.605044
  0.27221 -0.323231  0.604845
 0.272382 -0.323049   0.60464
 0.272557 -0.322862   0.60443
 0.272737 -0.322671  0.604215
 0.272922 -0.322475  0.603995
  0.27311 -0.322275   0.60377
 0.273303 -0.322071   0.60354
 0.273499 -0.321862  0.603305
 0.273701 -0.321648  0.603065
0.273906 -0.32143  0.60282
 0.274115 -0.321208  0.602569
0.274329 -0.32098 0.602314
 0.274547 -0.320749  0.602053
  0.27477 -0.320513  0.601788
 0.274996 -0.320272  0.601517
 0.275227 -0.320027  0.601241
 0.275462 -0.319777  0.600961
 0.275702 -0.319523  0.600675
 0.275945 -0.319265  0.600384
 0.276193 -0.319002  0.600088
 0.276445 -0.318734  0.599788
 0.276701 -0.318462  0.599481
 0.276962 -0.318184  0.599169
 0.277227 -0.317903  0.598853
 0.277496 -0.317617  0.598532
 0.277769 -0.317327  0.598206
 0.278046 -0.317033  0.597875
 0.278328 -0.316734  0.597538
0.278614 -0.31643 0.597197
 0.278904 -0.316122   0.59685
0.279198 -0.31581 0.596499
 0.279497 -0.315493  0.596142
   0.2798 -0.315171  0.595781
 0.280107 -0.314845  0.595414
 0.280418 -0.314514  0.595042
 0.280734 -0.314179  0.594665
 0.281054 -0.313839  0.594283
 0.281378 -0.313495  0.593896
 0.281706 -0.313147  0.593504
 0.282038 -0.312794  0.593107
 0.282375 -0.312436  0.592705
 0.282716 -0.312074  0.592298
 0.283061 -0.311708  0.591886
  0.28341 -0.311337  0.591469
 0.283764 -0.310961  0.591047
 0.284121 -0.310581  0.590619
 0.284483 -0.310197  0.590187
  0.28485 -0.309808   0.58975
  0.28522 -0.309415  0.589307
 0.285595 -0.309017   0.58886
 0.285974 -0.308614  0.588407
 0.286357 -0.308207   0.58795
 0.286744 -0.307796  0.587487
 0.287137 -0.307379  0.587018
 0.287533 -0.306958  0.586545
 0.287933 -0.306533  0.586067
 0.288337 -0.306104  0.585584
0.288746 -0.30567 0.585096
 0.289159 -0.305232  0.584603
 0.289576 -0.304789  0.584105
 0.289996 -0.304342  0.583603
 0.290417 -0.303895    0.5831
 0.290838 -0.303448  0.582597
 0.291259 -0.303001  0.582095
  0.29168 -0.302554  0.581592
 0.292101 -0.302107  0.581089
0.292522 -0.30166 0.580587
 0.292943 -0.301213  0.580084
 0.293364 -0.300766  0.579581
 0.293785 -0.300319  0.579078
 0.294206 -0.299872  0.578576
 0.294627 -0.299425  0.578073
 0.295048 -0.298978   0.57757
 0.295469 -0.298531  0.577067
  0.29589 -0.298084  0.576565
 0.296311 -0.297636  0.576062
 0.296732 -0.297189  0.575559
 0.297153 -0.296742  0.575056
 0.297574 -0.296295  0.574554
 0.297995 -0.295848  0.574051
 0.298416 -0.295401  0.573548
 0.298837 -0.294954  0.573046
 0.299258 -0.294507  0.572543
0.299678 -0.29406  0.57204
 0.300099 -0.293613  0.571537
  0.30052 -0.293166  0.571035
 0.300941 -0.292719  0.570532
 0.301362 -0.292272  0.570029
 0.301783 -0.291825  0.569526
 0.302205 -0.291377  0.569023
0.302626 -0.29093  0.56852
 0.303047 -0.290483  0.568017
 0.303468 -0.290036  0.567514
 0.303889 -0.289589  0.567012
  0.30431 -0.289141  0.566508
 0.304731 -0.288694  0.566006
 0.305152 -0.288247  0.565503
0.305573  -0.2878    0.565
 0.305994 -0.287353  0.564497
 0.306416 -0.286906  0.563994
 0.306837 -0.286458  0.563491
 0.307258 -0.286011  0.562989
 0.307679 -0.285564  0.562486
   0.3081 -0.285117  0.561983
0.308521 -0.28467  0.56148
 0.308942 -0.284222  0.560977
 0.309363 -0.283775  0.560474
 0.309784 -0.283328  0.559971
 0.310205 -0.282881  0.559468
 0.310626 -0.282434  0.558966
 0.311045 -0.281989  0.558465
 0.311467 -0.281541  0.557962
 0.311888 -0.281094  0.557459
 0.31273  -0.2802 0.556453
 0.31273  -0.2802 0.556453
 0.313573 -0.279305  0.555446
 0.313573 -0.279305  0.555446
 0.313994 -0.278857  0.554943
0.314415 -0.27841  0.55444
 0.315257 -0.277516  0.553435
 0.315678 -0.277069  0.552932
 0.316099 -0.276622  0.552429
 0.316099 -0.276622  0.552429
 0.316521 -0.276174  0.551926
 0.316942 -0.275726  0.551422
 0.317784 -0.274832  0.550417
 0.318204 -0.274386  0.549916
 0.318625 -0.273939  0.549413
 0.319046 -0.273492   0.54891
 0.319467 -0.273045  0.548408
 0.319888 -0.272598  0.547904
 0.320309 -0.272151  0.547402
 0.320731 -0.271703  0.546898
 0.320731 -0.271703  0.546898
 0.321152 -0.271256  0.546395
 0.321994 -0.270362   0.54539
 0.322415 -0.269915  0.544887
 0.322836 -0.269467  0.544383
0.323257 -0.26902 0.543881
 0.323678 -0.268573  0.543378
 0.324099 -0.268126  0.542875
  0.32452 -0.267679  0.542372
 0.324941 -0.267232   0.54187
 0.325362 -0.266785  0.541367
 0.325783 -0.266338  0.540864
 0.326204 -0.265891  0.540361
 0.326626 -0.265443  0.539858
 0.327046 -0.264996  0.539355
 0.327467 -0.264549  0.538853
 0.327889 -0.264102   0.53835
  0.32831 -0.263654  0.537847
 0.328731 -0.263207  0.537344
0.329152 -0.26276 0.536841
 0.329573 -0.262313  0.536338
 0.329994 -0.261866  0.535835
 0.330416 -0.261418  0.535332
 0.330416 -0.261418  0.535332
 0.330837 -0.260971  0.534829
 0.331258 -0.260523  0.534325
 0.331679 -0.260076  0.533822
 0.332101 -0.259628  0.533319
 0.332522 -0.259181  0.532816
 0.332943 -0.258734  0.532314
 0.333364 -0.258287  0.531811
0.333785 -0.25784 0.531308
 0.334207 -0.257392  0.530804
 0.334628 -0.256945  0.530301
 0.335048 -0.256499    0.5298
 0.335469 -0.256052  0.529297
  0.33589 -0.255605  0.528794
 0.336311 -0.255158  0.528291
0.336732 -0.25471 0.527789
 0.337151 -0.254265  0.527287
 0.337572 -0.253818  0.526785
 0.337993 -0.253371  0.526282
 0.338414 -0.252923  0.525779
 0.338835 -0.252476  0.525276
0.339256 -0.25203 0.524774
 0.339673 -0.251587  0.524276
 0.340086 -0.251149  0.523783
 0.340494 -0.250714  0.523295
0.341299 -0.24986 0.522334
0.341299 -0.24986 0.522334
0.341695 -0.24944 0.521861
 0.342087 -0.249023  0.521393
 0.342858 -0.248204  0.520472
 0.342858 -0.248204  0.520472
 0.343612 -0.247403  0.519571
 0.343983 -0.247009  0.519128
 0.343983 -0.247009  0.519128
 0.34435 -0.24662 0.518691
 0.344714 -0.246234  0.518256
 0.345072 -0.245854  0.517828
 0.345425 -0.245478  0.517406
 0.345774 -0.245107  0.516989
 0.346119 -0.244741  0.516577
  0.34646 -0.244379   0.51617
 0.346796 -0.244022  0.515769
 0.347129 -0.243669  0.515372
 0.347457 -0.243321   0.51498
  0.34778 -0.242977  0.514593
   0.3481 -0.242638  0.514212
 0.348415 -0.242303  0.513835
 0.348726 -0.241972  0.513464
 0.349033 -0.241647  0.513097
 0.349336 -0.241325  0.512736
 0.349634 -0.241009   0.51238
 0.349928 -0.240696  0.512029
 0.350217 -0.240389  0.511684
 0.350503 -0.240086  0.511342
 0.350784 -0.239787  0.511006
 0.351061 -0.239493  0.510675
 0.351334 -0.239203  0.510349
 0.351603 -0.238917  0.510028
 0.351868 -0.238636  0.509711
 0.352129 -0.238359    0.5094
 0.352385 -0.238087  0.509094
0.352637 -0.23782 0.508794
 0.353128 -0.237298  0.508207
 0.353128 -0.237298  0.508207
 0.353366 -0.237045  0.507923
 0.353601 -0.236795  0.507642
0.354058 -0.23631 0.507096
  0.35428 -0.236074  0.506831
 0.354498 -0.235843   0.50657
 0.354712 -0.235615  0.506315
 0.354922 -0.235393  0.506065
 0.355127 -0.235175   0.50582
 0.355328 -0.234961  0.505579
 0.355525 -0.234752  0.505344
 0.355718 -0.234547  0.505114
 0.355907 -0.234347  0.504889
 0.355907 -0.234347  0.504889
 0.356091 -0.234152  0.504669
 0.356446 -0.233774  0.504244
 0.356446 -0.233774  0.504244
 0.356785 -0.233415   0.50384
 0.356785 -0.233415   0.50384
 0.356948 -0.233241  0.503645
 0.357261 -0.232909  0.503271
 0.357261 -0.232909  0.503271
 0.357414 -0.232747  0.503089
  0.35756 -0.232592  0.502914
 0.357701 -0.232441  0.502745
 0.357839 -0.232295  0.502581
 0.357972 -0.232154  0.502422
 0.358101 -0.232017  0.502268
 0.358225 -0.231885  0.502119
 0.358345 -0.231757  0.501976
 0.358461 -0.231634  0.501838
 0.358573 -0.231515  0.501704
 0.358681 -0.231401  0.501575
 0.358785 -0.231291  0.501451
 0.358884 -0.231185  0.501333
 0.358979 -0.231084  0.501219
  0.35907 -0.230988  0.501111
 0.359157 -0.230896  0.501007
 0.359317 -0.230725  0.500815
 0.359317 -0.230725  0.500815
 0.359461 -0.230573  0.500644
 0.359461 -0.230573  0.500644
 0.359587 -0.230438  0.500493
 0.359644 -0.230378  0.500425
 0.359697 -0.230322  0.500362
 0.359697 -0.230322  0.500362
  0.35979 -0.230223  0.500251
 0.35983 -0.23018 0.500203
 0.359866 -0.230142   0.50016
 0.359898 -0.230109  0.500122
0.359925 -0.23008  0.50009
 0.359948 -0.230055  0.500062
 0.359967 -0.230035   0.50004
0.359982 -0.23002 0.500022
 0.359992 -0.230009   0.50001
 0.359998 -0.230002  0.500002
 0.36 -0.23   0.5
 0.36 -0.23   0.5
 0.36 -0.23   0.5
 0.36 -0.23   0.5
 0.36 -0.23   0.5
 0.36 -0.23   0.5
 0.36 -0.23   0.5
 0.36 -0.23   0.5
 0.36 -0.23   0.5
 0.36 -0.23   0.5
 0.36 -0.23   0.5
 0.36 -0.23   0.5
 0.36 -0.23   0.5
 0.36 -0.23   0.5
 0.36 -0.23   0.5
 0.36 -0.23   0.5
 0.36 -0.23   0.5
 0.36 -0.23   0.5
 0.36 -0.23   0.5
 0.36 -0.23   0.5
 0.36 -0.23   0.5
 0.36 -0.23   0.5
 0.36 -0.23   0.5
 0.36 -0.23   0.5
 0.36 -0.23   0.5
 0.36 -0.23   0.5
 0.36 -0.23   0.5
 0.36 -0.23   0.5
 0.36 -0.23   0.5
 0.36 -0.23   0.5
 0.36 -0.23   0.5
 0.36 -0.23   0.5
 0.36 -0.23   0.5
 0.36 -0.23   0.5
 0.36 -0.23   0.5
 0.36 -0.23   0.5
 0.36 -0.23   0.5
 0.36 -0.23   0.5
 0.36 -0.23   0.5
 0.36 -0.23   0.5
 0.36 -0.23   0.5
 0.36 -0.23   0.5
 0.36 -0.23   0.5
 0.36 -0.23   0.5
 0.36 -0.23   0.5
 0.36 -0.23   0.5
 0.36 -0.23   0.5
 0.36 -0.23   0.5
 0.36 -0.23   0.5
 0.36 -0.23   0.5
 0.36 -0.23   0.5
 0.36 -0.23   0.5
 0.36 -0.23   0.5
 0.36 -0.23   0.5
 0.36 -0.23   0.5
 0.36 -0.23   0.5
 0.36 -0.23   0.5
 0.36 -0.23   0.5
 0.36 -0.23   0.5
 0.36 -0.23   0.5
 0.36 -0.23   0.5
 0.36 -0.23   0.5
 0.36 -0.23   0.5
 0.36 -0.23   0.5
 0.36 -0.23   0.5
 0.36 -0.23   0.5
 0.36 -0.23   0.5
 0.36 -0.23   0.5
 0.36 -0.23   0.5
 0.36 -0.23   0.5
 0.36 -0.23   0.5
 0.36 -0.23   0.5
 0.36 -0.23   0.5
 0.36 -0.23   0.5
 0.36 -0.23   0.5
 0.36 -0.23   0.5
 0.36 -0.23   0.5
 0.36 -0.23   0.5
 0.36 -0.23   0.5
 0.36 -0.23   0.5
 0.36 -0.23   0.5
 0.36 -0.23   0.5
 0.36 -0.23   0.5
 0.36 -0.23   0.5
 0.36 -0.23   0.5
 0.36 -0.23   0.5
 0.36 -0.23   0.5
 0.36 -0.23   0.5
 0.36 -0.23   0.5
 0.36 -0.23   0.5
 0.36 -0.23   0.5
 0.36 -0.23   0.5
 0.36 -0.23   0.5
 0.36 -0.23   0.5
 0.36 -0.23   0.5
 0.36 -0.23   0.5
 0.36 -0.23   0.5
 0.36 -0.23   0.5
 0.36 -0.23   0.5
 0.36 -0.23   0.5
 0.36 -0.23   0.5
 0.36 -0.23   0.5
 0.36 -0.23   0.5
 0.36 -0.23   0.5
 0.36 -0.23   0.5
 0.36 -0.23   0.5
 0.36 -0.23   0.5
 0.36 -0.23   0.5
 0.36 -0.23   0.5
 0.36 -0.23   0.5
 0.36 -0.23   0.5
 0.36 -0.23   0.5
 0.36 -0.23   0.5
 0.36 -0.23   0.5
 0.36 -0.23   0.5
 0.36 -0.23   0.5
 0.36 -0.23   0.5
 0.36 -0.23   0.5
 0.36 -0.23   0.5
 0.36 -0.23   0.5
 0.36 -0.23   0.5
 0.36 -0.23   0.5
 0.36 -0.23   0.5
 0.36 -0.23   0.5
 0.36 -0.23   0.5
 0.36 -0.23   0.5
 0.36 -0.23   0.5
 0.36 -0.23   0.5
 0.36 -0.23   0.5
 0.36 -0.23   0.5
 0.36 -0.23   0.5
 0.36 -0.23   0.5
 0.36 -0.23   0.5
 0.36 -0.23   0.5
 0.36 -0.23   0.5
 0.36 -0.23   0.5
 0.36 -0.23   0.5
 0.36 -0.23   0.5
 0.36 -0.23   0.5
 0.36 -0.23   0.5
 0.36 -0.23   0.5
 0.36 -0.23   0.5
 0.36 -0.23   0.5
 0.36 -0.23   0.5
 0.36 -0.23   0.5
 0.36 -0.23   0.5
 0.36 -0.23   0.5
 0.36 -0.23   0.5
 0.36 -0.23   0.5
 0.36 -0.23   0.5
 0.36 -0.23   0.5
 0.36 -0.23   0.5
 0.36 -0.23   0.5
 0.36 -0.23   0.5
 0.36 -0.23   0.5
 0.36 -0.23   0.5
 0.36 -0.23   0.5
 0.36 -0.23   0.5
 0.36 -0.23   0.5
 0.36 -0.23   0.5
 0.36 -0.23   0.5
 0.36 -0.23   0.5
 0.36 -0.23   0.5
 0.36 -0.23   0.5
 0.36 -0.23   0.5
 0.36 -0.23   0.5
 0.36 -0.23   0.5
 0.36 -0.23   0.5
 0.36 -0.23   0.5
 0.36 -0.23   0.5
 0.36 -0.23   0.5
 0.36 -0.23   0.5
 0.36 -0.23   0.5
 0.36 -0.23   0.5
 0.36 -0.23   0.5
 0.36 -0.23   0.5
 0.36 -0.23   0.5
 0.36 -0.23   0.5
 0.36 -0.23   0.5
 0.36 -0.23   0.5
 0.36 -0.23   0.5
 0.36 -0.23   0.5
 0.36 -0.23   0.5
 0.36 -0.23   0.5
 0.36 -0.23   0.5
 0.36 -0.23   0.5
 0.36 -0.23   0.5
 0.36 -0.23   0.5
 0.36 -0.23   0.5
 0.36 -0.23   0.5
 0.36 -0.23   0.5
 0.36 -0.23   0.5
 0.36 -0.23   0.5
 0.36 -0.23   0.5
 0.36 -0.23   0.5
 0.36 -0.23   0.5
 0.36 -0.23   0.5
 0.36 -0.23   0.5
 0.36 -0.23   0.5
 0.36 -0.23   0.5
 0.36 -0.23   0.5
 0.36 -0.23   0.5
 0.36 -0.23   0.5
 0.36 -0.23   0.5
 0.36 -0.23   0.5
 0.36 -0.23   0.5
 0.36 -0.23   0.5
 0.36 -0.23   0.5
 0.36 -0.23   0.5
 0.36 -0.23   0.5
 0.36 -0.23   0.5
 0.36 -0.23   0.5
 0.36 -0.23   0.5
 0.36 -0.23   0.5
 0.36 -0.23   0.5
 0.36 -0.23   0.5
 0.36 -0.23   0.5
 0.36 -0.23   0.5
 0.36 -0.23   0.5
 0.36 -0.23   0.5
 0.36 -0.23   0.5
 0.36 -0.23   0.5
 0.36 -0.23   0.5
 0.36 -0.23   0.5
 0.36 -0.23   0.5
 0.36 -0.23   0.5
 0.36 -0.23   0.5
 0.36 -0.23   0.5
 0.36 -0.23   0.5
 0.36 -0.23   0.5
 0.36 -0.23   0.5
 0.36 -0.23   0.5
 0.36 -0.23   0.5
 0.36 -0.23   0.5
 0.36 -0.23   0.5
 0.36 -0.23   0.5
 0.36 -0.23   0.5
 0.36 -0.23   0.5
 0.36 -0.23   0.5
 0.36 -0.23   0.5
 0.36 -0.23   0.5
 0.36 -0.23   0.5
 0.36 -0.23   0.5
 0.36 -0.23   0.5
 0.36 -0.23   0.5
 0.36 -0.23   0.5
 0.36 -0.23   0.5
 0.36 -0.23   0.5
 0.36 -0.23   0.5
 0.36 -0.23   0.5
 0.36 -0.23   0.5
 0.36 -0.23   0.5
 0.36 -0.23   0.5
 0.36 -0.23   0.5
 0.36 -0.23   0.5
 0.36 -0.23   0.5
 0.36 -0.23   0.5
 0.36 -0.23   0.5
 0.36 -0.23   0.5
 0.36 -0.23   0.5
 0.36 -0.23   0.5
 0.36 -0.23   0.5
 0.36 -0.23   0.5
 0.36 -0.23   0.5
 0.36 -0.23   0.5
 0.36 -0.23   0.5
 0.36 -0.23   0.5
 0.36 -0.23   0.5
 0.36 -0.23   0.5
 0.36 -0.23   0.5
 0.36 -0.23   0.5
 0.36 -0.23   0.5
 0.36 -0.23   0.5
 0.36 -0.23   0.5
 0.36 -0.23   0.5
 0.36 -0.23   0.5
 0.36 -0.23   0.5
 0.36 -0.23   0.5
 0.36 -0.23   0.5
 0.36 -0.23   0.5
 0.36 -0.23   0.5
 0.36 -0.23   0.5
 0.36 -0.23   0.5
 0.36 -0.23   0.5
 0.36 -0.23   0.5
 0.36 -0.23   0.5
 0.36 -0.23   0.5
 0.36 -0.23   0.5
 0.36 -0.23   0.5
 0.36 -0.23   0.5
 0.36 -0.23   0.5
 0.36 -0.23   0.5
 0.36 -0.23   0.5
 0.36 -0.23   0.5
 0.36 -0.23   0.5
 0.36 -0.23   0.5
 0.36 -0.23   0.5
 0.36 -0.23   0.5
 0.36 -0.23   0.5
 0.36 -0.23   0.5
 0.36 -0.23   0.5
 0.36 -0.23   0.5
 0.36 -0.23   0.5
 0.36 -0.23   0.5
 0.36 -0.23   0.5
 0.36 -0.23   0.5
 0.36 -0.23   0.5
 0.36 -0.23   0.5
 0.36 -0.23   0.5
 0.36 -0.23   0.5
 0.36 -0.23   0.5
 0.36 -0.23   0.5
 0.36 -0.23   0.5
 0.36 -0.23   0.5
 0.36 -0.23   0.5
 0.36 -0.23   0.5
 0.36 -0.23   0.5
 0.36 -0.23   0.5
 0.36 -0.23   0.5
 0.36 -0.23   0.5
 0.36 -0.23   0.5
 0.36 -0.23   0.5
 0.36 -0.23   0.5
 0.36 -0.23   0.5
 0.36 -0.23   0.5
 0.36 -0.23   0.5
 0.36 -0.23   0.5
 0.36 -0.23   0.5
 0.36 -0.23   0.5
 0.36 -0.23   0.5
 0.36 -0.23   0.5
 0.36 -0.23   0.5
 0.36 -0.23   0.5
 0.36 -0.23   0.5
 0.36 -0.23   0.5
 0.36 -0.23   0.5
 0.36 -0.23   0.5
 0.36 -0.23   0.5
 0.36 -0.23   0.5
 0.36 -0.23   0.5
 0.36 -0.23   0.5
 0.36 -0.23   0.5
 0.36 -0.23   0.5
 0.36 -0.23   0.5
 0.36 -0.23   0.5
 0.36 -0.23   0.5
 0.36 -0.23   0.5
 0.36 -0.23   0.5
 0.36 -0.23   0.5
 0.36 -0.23   0.5
 0.36 -0.23   0.5
 0.36 -0.23   0.5
 0.36 -0.23   0.5
 0.36 -0.23   0.5
 0.36 -0.23   0.5
 0.36 -0.23   0.5
 0.36 -0.23   0.5
 0.36 -0.23   0.5
 0.36 -0.23   0.5
 0.36 -0.23   0.5
 0.36 -0.23   0.5
 0.36 -0.23   0.5
 0.36 -0.23   0.5
 0.36 -0.23   0.5
 0.36 -0.23   0.5
 0.36 -0.23   0.5
 0.36 -0.23   0.5
 0.36 -0.23   0.5
 0.36 -0.23   0.5
 0.36 -0.23   0.5
 0.36 -0.23   0.5
 0.36 -0.23   0.5
 0.36 -0.23   0.5
 0.36 -0.23   0.5
 0.36 -0.23   0.5
 0.36 -0.23   0.5
 0.36 -0.23   0.5
 0.36 -0.23   0.5
 0.36 -0.23   0.5
 0.36 -0.23   0.5
 0.36 -0.23   0.5
 0.36 -0.23   0.5
 0.36 -0.23   0.5
 0.36 -0.23   0.5
 0.36 -0.23   0.5
 0.36 -0.23   0.5
 0.36 -0.23   0.5
 0.36 -0.23   0.5
 0.36 -0.23   0.5
 0.36 -0.23   0.5
 0.36 -0.23   0.5
 0.36 -0.23   0.5
 0.36 -0.23   0.5
 0.36 -0.23   0.5
 0.36 -0.23   0.5
 0.36 -0.23   0.5
 0.36 -0.23   0.5
 0.36 -0.23   0.5
 0.36 -0.23   0.5
 0.36 -0.23   0.5
 0.36 -0.23   0.5
 0.36 -0.23   0.5
 0.36 -0.23   0.5
 0.36 -0.23   0.5
 0.36 -0.23   0.5
 0.36 -0.23   0.5
 0.36 -0.23   0.5
 0.36 -0.23   0.5
 0.36 -0.23   0.5
 0.36 -0.23   0.5
 0.36 -0.23   0.5
 0.36 -0.23   0.5
 0.36 -0.23   0.5
 0.36 -0.23   0.5
 0.36 -0.23   0.5
 0.36 -0.23   0.5
 0.36 -0.23   0.5
 0.36 -0.23   0.5
 0.36 -0.23   0.5
 0.36 -0.23   0.5
 0.36 -0.23   0.5
 0.36 -0.23   0.5
 0.36 -0.23   0.5
 0.36 -0.23   0.5
 0.36 -0.23   0.5
 0.36 -0.23   0.5
 0.36 -0.23   0.5
 0.36 -0.23   0.5
 0.36 -0.23   0.5
 0.36 -0.23   0.5
 0.36 -0.23   0.5
 0.36 -0.23   0.5
 0.36 -0.23   0.5
 0.36 -0.23   0.5
 0.36 -0.23   0.5
 0.36 -0.23   0.5
 0.36 -0.23   0.5
 0.36 -0.23   0.5
 0.36 -0.23   0.5
 0.36 -0.23   0.5
 0.36 -0.23   0.5
 0.36 -0.23   0.5
 0.36 -0.23   0.5
 0.36 -0.23   0.5
 0.36 -0.23   0.5
 0.36 -0.23   0.5
 0.36 -0.23   0.5
 0.36 -0.23   0.5
 0.36 -0.23   0.5
 0.36 -0.23   0.5
 0.36 -0.23   0.5
 0.36 -0.23   0.5
 0.36 -0.23   0.5
 0.36 -0.23   0.5
 0.36 -0.23   0.5
 0.36 -0.23   0.5
 0.36 -0.23   0.5
 0.36 -0.23   0.5
 0.36 -0.23   0.5
 0.36 -0.23   0.5
 0.36 -0.23   0.5
 0.36 -0.23   0.5
 0.36 -0.23   0.5
 0.36 -0.23   0.5
 0.36 -0.23   0.5
 0.36 -0.23   0.5
 0.36 -0.23   0.5
 0.36 -0.23   0.5
 0.36 -0.23   0.5
 0.36 -0.23   0.5
 0.36 -0.23   0.5
 0.36 -0.23   0.5
 0.36 -0.23   0.5
 0.36 -0.23   0.5
 0.36 -0.23   0.5
