 0.268817 -0.326824  0.608918
 0.268806 -0.326827  0.608905
 0.268811 -0.326821  0.608937
 0.268809 -0.326819  0.608939
 0.268811 -0.326814  0.608952
 0.268817 -0.326799  0.608973
 0.268828 -0.326796  0.608994
  0.26884 -0.326783  0.609012
 0.268862 -0.326764  0.609056
 0.268877 -0.326756   0.60907
 0.268905 -0.326732  0.609122
 0.268923 -0.326715  0.609137
 0.268948 -0.326703  0.609193
 0.268977 -0.326681  0.609235
 0.269006 -0.326657  0.609273
 0.269035 -0.326635  0.609314
  0.26906 -0.326595  0.609328
   0.2691 -0.326566  0.609395
 0.269127 -0.326539  0.609425
 0.269142 -0.326508  0.609428
  0.26918 -0.326477  0.609487
 0.269202 -0.326464  0.609511
 0.269228 -0.326407  0.609536
  0.26925 -0.326368  0.609554
  0.26927 -0.326356  0.609573
 0.269286 -0.326321   0.60958
 0.269305 -0.326278  0.609586
 0.269319 -0.326237  0.609588
 0.269335 -0.326189  0.609585
 0.269352 -0.326091  0.609575
 0.269355 -0.326086  0.609546
0.269366 -0.32603 0.609529
 0.269387 -0.325904  0.609504
   0.2694 -0.325907  0.609511
 0.269424 -0.325759  0.609464
 0.269435 -0.325673  0.609411
 0.269458 -0.325592  0.609391
0.269478  -0.3255 0.609349
 0.269499 -0.325405  0.609304
 0.269522 -0.325302  0.609254
 0.269547 -0.325194  0.609205
 0.269574 -0.325082  0.609146
 0.269597 -0.324957  0.609067
 0.269634 -0.324842  0.609026
 0.269668 -0.324712  0.608961
 0.269698 -0.324572  0.608869
 0.269736 -0.324431    0.6088
 0.269782 -0.324297   0.60875
 0.269818 -0.324137  0.608648
 0.269861 -0.323981  0.608565
 0.269906 -0.323822  0.608472
 0.269954 -0.323655  0.608385
0.270011  -0.3235 0.608324
 0.270062 -0.323325   0.60823
 0.270115 -0.323145  0.608135
 0.270169 -0.322962  0.608041
 0.270224 -0.322772  0.607932
 0.27028 -0.32258 0.607819
 0.270327 -0.322361  0.607667
 0.270395 -0.322178  0.607588
 0.270454 -0.321969  0.607466
 0.270503 -0.321732  0.607297
 0.270574 -0.321538  0.607207
 0.270636 -0.321313  0.607074
 0.270697 -0.321087  0.606929
  0.27076 -0.320853  0.606783
 0.270824 -0.320614  0.606633
 0.270888 -0.320372  0.606475
 0.270963 -0.320093  0.606313
 0.270954 -0.320135  0.606232
 0.271097 -0.319578  0.605977
 0.271165 -0.319315  0.605799
 0.271236 -0.319043   0.60562
 0.271306 -0.318766  0.605429
 0.271376 -0.318486  0.605219
  0.27145 -0.318199  0.605022
 0.271525 -0.317904  0.604818
 0.271603 -0.317607  0.604611
 0.271681 -0.317302  0.604397
 0.271762 -0.316991  0.604183
 0.271844 -0.316677  0.603956
 0.271939 -0.316328  0.603723
0.272025   -0.316 0.603492
 0.272113 -0.315667  0.603256
 0.272204 -0.315328  0.603018
 0.272295 -0.314986  0.602772
 0.272367 -0.314576  0.602433
 0.272485 -0.314284  0.602271
 0.272584 -0.313926  0.602017
 0.272546 -0.313943  0.601807
  0.27276 -0.313121  0.601382
 0.272885 -0.312817  0.601193
 0.272991 -0.312434  0.600915
 0.273101 -0.312047  0.600633
 0.273211 -0.311652  0.600344
0.273325 -0.31125 0.600055
  0.27344 -0.310843  0.599756
 0.273426 -0.310949  0.599636
 0.273513 -0.310448  0.599204
 0.273799 -0.309584  0.598828
 0.273924 -0.309149  0.598509
 0.274052 -0.308704   0.59818
 0.274038 -0.308824  0.598055
 0.274313 -0.307799  0.597504
 0.274447 -0.307336   0.59716
 0.274583 -0.306865  0.596807
 0.274721 -0.306388  0.596449
 0.274826 -0.305789  0.595931
 0.275001 -0.305421  0.595716
0.275144 -0.30493 0.595346
 0.275287 -0.304437  0.594967
0.275432 -0.30394  0.59459
 0.275538 -0.303311  0.594037
 0.275725 -0.302954   0.59383
 0.275888 -0.302383  0.593416
 0.276034 -0.301882  0.593021
 0.276181 -0.301379  0.592625
 0.276285 -0.300731  0.592041
 0.276475 -0.300373  0.591826
 0.276622 -0.299871   0.59142
  0.27677 -0.299369  0.591015
 0.276918 -0.298867  0.590608
 0.277069 -0.298365  0.590197
 0.277217 -0.297862  0.589788
 0.277325 -0.297194  0.589167
 0.277474 -0.296686   0.58875
  0.27763 -0.296177  0.588333
 0.277781 -0.295669  0.587912
 0.277934 -0.295163  0.587462
  0.27809 -0.294654  0.587038
 0.278253 -0.294145  0.586615
 0.278423 -0.293633  0.586227
 0.278631 -0.293312  0.586005
 0.278752 -0.292613  0.585357
 0.278924 -0.292097  0.584939
 0.279099 -0.291583  0.584524
 0.279349 -0.291219  0.584327
 0.279343 -0.291418  0.584251
0.279525  -0.2909 0.583837
 0.279848 -0.289461  0.582839
 0.280091 -0.289134  0.582655
 0.280235 -0.288391  0.581989
 0.280481 -0.288061  0.581799
 0.280629 -0.287315  0.581133
  0.28083 -0.286775  0.580707
 0.281077 -0.286433  0.580505
 0.281231 -0.285688  0.579842
  0.28148 -0.285348  0.579641
 0.281683 -0.284805  0.579214
 0.281885 -0.284269  0.578783
 0.282087 -0.283734  0.578357
 0.282243 -0.283001   0.57771
 0.282256 -0.283163  0.577614
 0.282645 -0.281953  0.576872
0.282843 -0.28143 0.576431
 0.283113 -0.281063  0.576229
 0.283269 -0.280354  0.575601
 0.283511 -0.280051  0.575413
 0.283711 -0.279549  0.575012
  0.28391 -0.279053  0.574613
 0.284109 -0.278558  0.574221
 0.284267 -0.277872  0.573616
 0.284508 -0.277582  0.573443
 0.284667 -0.276904   0.57285
 0.284905 -0.276619  0.572672
 0.285105 -0.276145  0.572293
 0.285268 -0.275476  0.571719
 0.285507 -0.275199  0.571547
 0.285708 -0.274728  0.571174
 0.28591 -0.27426 0.570806
 0.286114 -0.273789  0.570441
  0.28632 -0.273321  0.570075
0.286527 -0.27285 0.569713
 0.286736 -0.272379   0.56935
 0.286948 -0.271905  0.568995
 0.287133 -0.271252  0.568464
 0.287376 -0.270952  0.568273
 0.287597 -0.270489  0.567934
 0.287819 -0.270001  0.567558
 0.288054 -0.269469  0.567173
 0.288277 -0.268982  0.566818
 0.288502 -0.268495  0.566468
0.288729 -0.26801 0.566117
 0.288934 -0.267359  0.565628
 0.289184 -0.267035  0.565423
 0.289393 -0.266388  0.564946
 0.289643 -0.266061  0.564742
 0.289872 -0.265579    0.5644
 0.290101 -0.265098  0.564066
  0.29033 -0.264618  0.563736
 0.290558 -0.264145  0.563405
 0.290786 -0.263672  0.563082
 0.291012 -0.263201  0.562757
 0.291238 -0.262736  0.562437
 0.291463 -0.262272  0.562121
 0.291687 -0.261811  0.561806
  0.29191 -0.261356  0.561495
 0.292132 -0.260899  0.561185
 0.292354 -0.260447  0.560882
 0.292575 -0.259996  0.560575
0.292795 -0.25955 0.560271
 0.293015 -0.259103  0.559972
 0.293234 -0.258656  0.559674
 0.293454 -0.258215  0.559379
 0.293673 -0.257772  0.559083
 0.293891 -0.257331  0.558793
0.294111 -0.25689 0.558505
  0.29433 -0.256453  0.558217
 0.294549 -0.256013  0.557935
 0.294769 -0.255575  0.557651
  0.29499 -0.255136  0.557375
 0.29521  -0.2547 0.557094
 0.29543 -0.25426 0.556819
 0.295652 -0.253822  0.556547
 0.295873 -0.253382  0.556276
 0.296096 -0.252946  0.556008
 0.296318 -0.252505   0.55574
 0.296541 -0.252065  0.555475
 0.296764 -0.251625  0.555214
 0.296988 -0.251186  0.554952
 0.297211 -0.250745  0.554693
 0.297435 -0.250304  0.554435
 0.297659 -0.249863  0.554183
 0.297881 -0.249424  0.553924
 0.298104 -0.248982   0.55367
 0.298327 -0.248542  0.553418
 0.298549 -0.248102  0.553166
  0.29877 -0.247662  0.552918
  0.29899 -0.247227  0.552666
 0.299209 -0.246789  0.552417
 0.299427 -0.246354  0.552168
 0.299644 -0.245919   0.55192
 0.299859 -0.245487  0.551674
 0.300073 -0.245059  0.551424
 0.300285 -0.244631  0.551181
 0.300496 -0.244205   0.55093
 0.300704 -0.243781  0.550684
 0.300912 -0.243363  0.550437
 0.301113 -0.242947  0.550183
 0.30132 -0.24253 0.549946
 0.301518 -0.242119   0.54969
 0.301731 -0.241692  0.549444
 0.301942 -0.241255  0.549183
 0.302138 -0.240852  0.548937
 0.302332 -0.240452  0.548693
 0.302524 -0.240057  0.548447
 0.302714 -0.239664  0.548206
 0.302902 -0.239274   0.54796
 0.303088 -0.238888  0.547717
 0.303273 -0.238505  0.547476
 0.303455 -0.238128  0.547233
 0.303636 -0.237751  0.546994
 0.303815 -0.237378  0.546753
 0.303993 -0.237009  0.546518
 0.304169 -0.236641  0.546276
0.304343 -0.23628 0.546038
 0.304516 -0.235919  0.545803
0.304688 -0.23556 0.545566
 0.304859 -0.235205  0.545334
0.305028 -0.23485 0.545098
 0.305196 -0.234501  0.544863
 0.305363 -0.234152  0.544632
 0.305529 -0.233805    0.5444
0.305695 -0.23346 0.544171
 0.305858 -0.233117  0.543941
 0.306022 -0.232776  0.543717
0.306182 -0.23244 0.543484
 0.306343 -0.232105  0.543257
 0.306502 -0.231772  0.543032
 0.306659 -0.231441  0.542807
 0.306816 -0.231114  0.542587
  0.30697 -0.230792  0.542361
 0.307124 -0.230471  0.542139
 0.307275 -0.230155   0.54192
 0.307421 -0.229842  0.541691
 0.307574 -0.229531  0.541485
  0.30772 -0.229228  0.541266
 0.307861 -0.228928  0.541045
 0.308014 -0.228615  0.540826
 0.308159 -0.228315  0.540603
 0.308298 -0.228027  0.540393
 0.308435 -0.227744  0.540183
  0.30857 -0.227466  0.539978
 0.308702 -0.227192  0.539771
 0.308833 -0.226927  0.539564
 0.308962 -0.226664  0.539362
 0.309088 -0.226405  0.539161
 0.309213 -0.226153  0.538963
 0.309336 -0.225905  0.538764
 0.309457 -0.225665   0.53857
 0.309575 -0.225426  0.538373
 0.309693 -0.225191  0.538181
 0.309809 -0.224963   0.53799
 0.309922 -0.224737    0.5378
 0.310035 -0.224517  0.537614
 0.310146 -0.224303  0.537426
 0.310256 -0.224089  0.537242
 0.310364 -0.223881   0.53706
 0.310471 -0.223675  0.536878
 0.310578 -0.223473  0.536701
 0.310682 -0.223277  0.536521
 0.310786 -0.223083   0.53635
 0.310886 -0.222897   0.53617
 0.310986 -0.222707  0.535993
 0.311086 -0.222522  0.535825
0.311188 -0.22234 0.535662
 0.311283 -0.222166  0.535491
 0.311388 -0.221973  0.535318
 0.311484 -0.221806  0.535159
 0.311569 -0.221654  0.535004
 0.311661 -0.221494  0.534845
 0.311762 -0.221317  0.534682
 0.311851 -0.221161  0.534528
 0.311947 -0.221004  0.534377
 0.312034 -0.220857  0.534226
 0.312119 -0.220716  0.534078
 0.312203 -0.220579  0.533934
 0.312285 -0.220447  0.533791
0.312366 -0.22032 0.533653
 0.312444 -0.220201  0.533512
 0.312522 -0.220085   0.53338
 0.312596 -0.219974  0.533242
 0.312669 -0.219868  0.533111
 0.312741 -0.219767  0.532982
 0.312811 -0.219674  0.532852
  0.31288 -0.219584  0.532731
0.312947  -0.2195 0.532604
 0.313011 -0.219416  0.532485
0.313071 -0.21935 0.532387
  0.31313 -0.219276  0.532275
 0.313188 -0.219217  0.532159
 0.313248 -0.219155  0.532049
 0.313306 -0.219096  0.531949
 0.313359 -0.219044  0.531841
 0.313415 -0.218991  0.531744
  0.31347 -0.218947  0.531647
 0.313529 -0.218892  0.531552
 0.313583 -0.218849  0.531463
 0.313637 -0.218811  0.531369
 0.313689 -0.218771  0.531282
 0.313757 -0.218671  0.531224
 0.313795 -0.218701  0.531108
 0.313847 -0.218665  0.531024
 0.313899 -0.218633  0.530937
 0.313951 -0.218598  0.530857
 0.314002 -0.218564   0.53077
 0.314053 -0.218532  0.530686
 0.314104 -0.218499  0.530603
 0.314154 -0.218465  0.530519
 0.314205 -0.218433  0.530437
 0.314254 -0.218399  0.530352
 0.314304 -0.218368  0.530268
 0.314353 -0.218334  0.530186
 0.314402 -0.218304  0.530101
 0.31445 -0.21827 0.530021
 0.314497 -0.218243  0.529936
 0.314545 -0.218215  0.529856
 0.314601 -0.218168  0.529766
 0.314648 -0.218138  0.529684
 0.314693 -0.218111  0.529605
 0.314738 -0.218083  0.529525
 0.314784 -0.218058  0.529447
 0.314827 -0.218035  0.529368
 0.314871 -0.218014  0.529295
 0.314913 -0.217996  0.529214
 0.314956 -0.217979  0.529137
 0.314996 -0.217965  0.529064
0.315036 -0.21795  0.52899
 0.315076 -0.217939  0.528921
 0.315115 -0.217931  0.528846
 0.315157 -0.217857  0.528777
 0.315191 -0.217928  0.528705
 0.315231 -0.217854  0.528638
 0.315267 -0.217847  0.528568
 0.315305 -0.217849  0.528501
 0.315336 -0.217863  0.528429
 0.315372 -0.217865  0.528368
 0.315406 -0.217871  0.528299
  0.31544 -0.217947   0.52824
 0.315475 -0.217957  0.528176
 0.315509 -0.217962  0.528117
 0.315543 -0.217972  0.528053
 0.315578 -0.217978  0.527993
 0.315613 -0.217988  0.527932
 0.315647 -0.217992  0.527874
0.315683   -0.218 0.527815
 0.315718 -0.218002  0.527756
 0.315755 -0.218003  0.527703
 0.315791 -0.218006  0.527641
 0.315831 -0.217998  0.527581
 0.315865 -0.218004  0.527528
 0.315903 -0.217926  0.527461
 0.315941 -0.217925  0.527403
 0.315982 -0.217985  0.527358
  0.31602 -0.217983  0.527302
 0.316057 -0.217978  0.527249
 0.316095 -0.217976  0.527195
 0.316132 -0.217972  0.527144
 0.316165 -0.217906  0.527079
 0.316205 -0.217969  0.527037
 0.316236 -0.217907  0.526972
 0.316271 -0.217907  0.526922
 0.316306 -0.217912   0.52687
 0.316339 -0.217916  0.526822
0.316377 -0.21799 0.526783
 0.316409 -0.217998  0.526736
0.316441 -0.21801 0.526686
 0.316472 -0.218022   0.52664
 0.316496 -0.217972  0.526576
 0.316526 -0.217992  0.526529
 0.316561 -0.218071  0.526499
 0.316583 -0.218026  0.526435
 0.316614 -0.218039  0.526386
 0.316642 -0.218057  0.526342
  0.31667 -0.218077  0.526294
 0.316698 -0.218097  0.526254
 0.316734 -0.218174  0.526218
 0.316759 -0.218193  0.526174
 0.316783 -0.218217  0.526134
  0.31681 -0.218238  0.526089
 0.316838 -0.218255  0.526047
 0.316857 -0.218212  0.525983
 0.316895 -0.218295  0.525963
 0.316925 -0.218306  0.525917
 0.316955 -0.218325  0.525876
 0.316982 -0.218334  0.525832
    0.317 -0.218293   0.52577
 0.317029 -0.218303  0.525728
 0.317058 -0.218309  0.525685
 0.317087 -0.218316  0.525642
 0.317117 -0.218326  0.525599
 0.317156 -0.218315   0.52558
 0.317176 -0.218342  0.525516
 0.317215 -0.218407  0.525497
 0.317245 -0.218417  0.525456
 0.317274 -0.218425  0.525417
 0.317304 -0.218437  0.525376
 0.317333 -0.218445   0.52534
 0.317362 -0.218458  0.525298
 0.317379 -0.218411  0.525238
 0.317407 -0.218426  0.525198
 0.317445 -0.218492  0.525183
 0.317473 -0.218506  0.525146
 0.317499 -0.218519  0.525107
 0.317526 -0.218534  0.525069
 0.317552 -0.218548  0.525031
 0.317578 -0.218565  0.524992
 0.317603 -0.218579  0.524957
 0.317617 -0.218545  0.524894
 0.317654 -0.218618  0.524886
 0.317678 -0.218635  0.524844
 0.317702 -0.218652  0.524807
 0.317726 -0.218671   0.52477
  0.31775 -0.218689  0.524732
0.317773 -0.21871 0.524699
 0.317796 -0.218728  0.524658
 0.317819 -0.218745  0.524621
0.317842 -0.21876 0.524583
 0.317864 -0.218776  0.524546
 0.317887 -0.218796  0.524508
  0.31791 -0.218811  0.524473
 0.317933 -0.218829  0.524437
 0.317956 -0.218845  0.524403
 0.317979 -0.218863  0.524365
 0.318001 -0.218877   0.52433
 0.318026 -0.218899  0.524297
 0.318049 -0.218914  0.524262
 0.318073 -0.218925  0.524229
 0.318094 -0.218946  0.524192
  0.31812 -0.218959  0.524162
 0.318144 -0.218965  0.524119
 0.318167 -0.218981  0.524084
 0.318191 -0.218996  0.524051
0.318212 -0.21901 0.524016
 0.318235 -0.219025  0.523988
 0.318256 -0.219039   0.52395
 0.318278 -0.219053  0.523917
  0.3183 -0.21907 0.523884
 0.318321 -0.219086   0.52385
 0.318343 -0.219101  0.523822
 0.318364 -0.219117  0.523785
 0.318369 -0.219089  0.523724
0.318405 -0.21915 0.523721
 0.318427 -0.219169  0.523691
 0.318444 -0.219191  0.523656
0.318464 -0.21921  0.52362
 0.318467 -0.219188  0.523557
 0.318503 -0.219246  0.523558
 0.318506 -0.219224  0.523495
  0.31853 -0.219231  0.523465
 0.318546 -0.219252  0.523441
 0.318583 -0.219315  0.523439
 0.318602 -0.219336  0.523409
 0.318604 -0.219314  0.523348
 0.318641 -0.219292  0.523323
 0.318659 -0.219391  0.523319
 0.318677 -0.219412  0.523289
 0.318691 -0.219442  0.523258
 0.318697 -0.219411  0.523198
 0.318715 -0.219432  0.523167
 0.318751 -0.219487   0.52317
 0.318752 -0.219469  0.523108
  0.31877 -0.219486  0.523078
 0.318787 -0.219502  0.523046
 0.318804 -0.219521  0.523014
 0.318823 -0.219538  0.522989
  0.31884 -0.219555  0.522955
0.318858 -0.21957 0.522925
 0.318876 -0.219589  0.522896
 0.318893 -0.219606  0.522865
  0.31893 -0.219655  0.522871
 0.318947 -0.219672  0.522841
 0.318965 -0.219686  0.522814
 0.318982 -0.219702  0.522784
  0.31898 -0.219682  0.522722
 0.319017 -0.219731  0.522727
 0.319033 -0.219747  0.522697
  0.31905 -0.219759  0.522669
 0.319047 -0.219743  0.522605
 0.319083 -0.219786  0.522613
 0.319098 -0.219799  0.522578
 0.319114 -0.219813  0.522547
 0.319129 -0.219824  0.522519
0.319146 -0.21984  0.52249
 0.319141 -0.219823  0.522426
 0.319177 -0.219859  0.522422
 0.319185 -0.219882  0.522391
   0.3192 -0.219897   0.52236
 0.319213 -0.219908   0.52233
 0.319228 -0.219924  0.522303
  0.31924 -0.219935  0.522271
0.319254 -0.21995  0.52224
 0.319267 -0.219966   0.52221
  0.31928 -0.219978  0.522181
 0.319294 -0.219995  0.522155
 0.319306 -0.220007  0.522124
 0.319319 -0.220024  0.522094
 0.319331 -0.220041  0.522066
 0.319344 -0.220054  0.522038
 0.319357 -0.219998  0.521966
 0.319369 -0.220084  0.521983
 0.319381 -0.220102  0.521955
 0.319394 -0.220119  0.521928
 0.319406 -0.220133  0.521901
 0.319419 -0.220151  0.521878
 0.319431 -0.220165  0.521849
 0.319443 -0.220182  0.521823
 0.319456 -0.220199  0.521797
 0.319468 -0.220213  0.521772
  0.31948 -0.220231  0.521749
 0.319492 -0.220243  0.521722
0.319504 -0.22026 0.521695
 0.319516 -0.220276  0.521671
 0.319527 -0.220288  0.521645
 0.319539 -0.220304  0.521623
  0.31955 -0.220315  0.521595
0.319561 -0.22033 0.521569
 0.319572 -0.220344  0.521544
 0.319583 -0.220355  0.521519
 0.31957 -0.22035 0.521453
 0.319608 -0.220375  0.521465
 0.319618 -0.220389  0.521439
 0.319628 -0.220403  0.521414
 0.319639 -0.220413  0.521391
 0.319649 -0.220425  0.521369
 0.319659 -0.220438  0.521342
 0.319668 -0.220448  0.521318
 0.319677 -0.220462  0.521293
 0.319686 -0.220476  0.521268
 0.319695 -0.220488  0.521247
 0.319703 -0.220501   0.52122
 0.319712 -0.220512  0.521197
  0.31972 -0.220527  0.521173
 0.319728 -0.220541  0.521148
 0.319736 -0.220553  0.521128
 0.319743 -0.220567  0.521102
  0.31975 -0.220578  0.521079
 0.319758 -0.220594  0.521055
 0.319764 -0.220608  0.521031
 0.319772 -0.220616  0.521004
 0.319779 -0.220629  0.520978
 0.319785 -0.220641  0.520956
 0.319792 -0.220656  0.520934
0.319799 -0.22067  0.52091
 0.319808 -0.220684  0.520895
 0.319814 -0.220697  0.520872
 0.319817 -0.220715  0.520853
 0.319798 -0.220715   0.52079
  0.31983 -0.220741  0.520811
 0.319837 -0.220753  0.520794
 0.319843 -0.220761  0.520763
 0.319849 -0.220775  0.520741
 0.319856 -0.220786  0.520723
 0.319862 -0.220799  0.520702
0.319842  -0.2208  0.52064
 0.319874 -0.220823  0.520663
  0.31988 -0.220835  0.520644
 0.319889 -0.220847   0.52063
 0.319895 -0.220859  0.520611
 0.319901 -0.220869  0.520595
 0.319907 -0.220881  0.520574
 0.319907 -0.220903  0.520557
 0.319912 -0.220915  0.520538
 0.319917 -0.220924   0.52052
 0.319922 -0.220937  0.520503
 0.319927 -0.220944  0.520484
 0.319932 -0.220956  0.520465
 0.319936 -0.220967  0.520446
  0.31994 -0.220975  0.520428
 0.319945 -0.220987  0.520411
 0.319948 -0.220994  0.520391
 0.319952 -0.221005  0.520372
 0.319955 -0.221016  0.520353
 0.319959 -0.221024  0.520335
 0.319962 -0.221035  0.520319
 0.319965 -0.221042  0.520299
 0.319968 -0.221053   0.52028
0.319971 -0.22106 0.520254
 0.319974 -0.221068  0.520236
 0.319976 -0.221079   0.52022
 0.319978 -0.221087  0.520203
 0.319981 -0.221098  0.520185
0.319986 -0.22111 0.520173
 0.319988 -0.221119  0.520157
  0.31999 -0.221131  0.520142
 0.319992 -0.221139  0.520129
 0.319994 -0.221151  0.520113
0.319995 -0.22116 0.520099
 0.319997 -0.221171  0.520083
 0.319999 -0.221181  0.520071
     0.32 -0.221192  0.520054
 0.320001 -0.221204  0.520039
 0.320002 -0.221213  0.520026
 0.320003 -0.221224  0.520012
 0.320004 -0.221233      0.52
 0.320005 -0.221243  0.519985
 0.320005 -0.221252  0.519972
 0.320006 -0.221263  0.519958
 0.320007 -0.221274  0.519944
 0.320007 -0.221282  0.519933
 0.320007 -0.221291  0.519919
 0.320007 -0.221299  0.519907
 0.320008 -0.221309  0.519894
 0.320008 -0.221319   0.51988
 0.320008 -0.221327   0.51987
 0.320008 -0.221336  0.519856
 0.320007 -0.221342  0.519845
 0.320007 -0.221352  0.519832
 0.320007 -0.221361   0.51982
 0.320007 -0.221368   0.51981
 0.320006 -0.221376  0.519797
 0.320005 -0.221382  0.519786
 0.320005 -0.221391  0.519775
0.320004  -0.2214 0.519763
 0.320004 -0.221406  0.519755
 0.320003 -0.221414  0.519742
0.320002 -0.22142 0.519733
 0.320001 -0.221426  0.519715
     0.32 -0.221431  0.519705
 0.319999 -0.221441  0.519696
 0.319997 -0.221449  0.519685
 0.319996 -0.221455  0.519676
 0.319995 -0.221464  0.519667
0.319993 -0.22147 0.519659
0.319992 -0.22148 0.519651
  0.31999 -0.221489  0.519641
 0.319989 -0.221495  0.519634
 0.319987 -0.221504  0.519626
0.319985 -0.22151 0.519619
 0.319983 -0.221519  0.519613
 0.319981 -0.221525  0.519606
 0.319979 -0.221534  0.519598
 0.319977 -0.221543  0.519592
 0.319975 -0.221549  0.519585
 0.319973 -0.221558  0.519581
 0.319971 -0.221563  0.519573
 0.319968 -0.221572  0.519566
0.319966 -0.22158 0.519561
 0.319963 -0.221586  0.519555
 0.319961 -0.221595  0.519552
  0.31996 -0.221598  0.519548
 0.319957 -0.221606  0.519541
 0.319954 -0.221611  0.519538
 0.319945 -0.221631  0.519532
 0.319942 -0.221635  0.519527
 0.319939 -0.221643  0.519521
 0.319935 -0.221647  0.519516
 0.319932 -0.221655  0.519512
  0.3199 -0.22167 0.519466
 0.319899 -0.221674  0.519463
 0.319895 -0.221679  0.519448
 0.319892 -0.221683  0.519445
 0.319888 -0.221689   0.51944
 0.319885 -0.221693  0.519439
 0.319882 -0.221698  0.519433
 0.319879 -0.221701  0.519431
 0.319877 -0.221707  0.519429
 0.319875 -0.221713  0.519425
 0.319873 -0.221717  0.519429
 0.319871 -0.221721  0.519424
 0.319869 -0.221723  0.519424
 0.319869 -0.221726  0.519431
0.319867 -0.22173  0.51943
 0.319866 -0.221733  0.519431
 0.319865 -0.221738  0.519432
 0.319863 -0.221741  0.519434
 0.319861 -0.221749  0.519437
 0.319859 -0.221753  0.519435
 0.319856 -0.221757  0.519436
 0.319856 -0.221762  0.519441
 0.319853 -0.221766  0.519442
 0.319849 -0.221774  0.519445
 0.319845 -0.221777  0.519443
  0.31984 -0.221785  0.519442
 0.319835 -0.221791  0.519435
  0.31983 -0.221795  0.519434
 0.319824 -0.221803  0.519433
 0.319818 -0.221808  0.519433
 0.319812 -0.221816  0.519431
 0.319806 -0.221822  0.519432
 0.319799 -0.221829  0.519428
 0.319792 -0.221834  0.519427
 0.319786 -0.221842  0.519426
 0.319779 -0.221849  0.519423
 0.319772 -0.221855  0.519425
 0.319766 -0.221861  0.519421
 0.319759 -0.221864   0.51942
 0.319753 -0.221871   0.51942
 0.319746 -0.221874  0.519419
  0.31974 -0.221879  0.519418
 0.319729 -0.221893  0.519421
 0.319723 -0.221895  0.519422
 0.319718 -0.221901  0.519423
 0.319712 -0.221905  0.519422
 0.319707 -0.221906  0.519423
0.319702 -0.22191 0.519425
0.319697 -0.22191 0.519427
 0.319693 -0.221914  0.519431
 0.319688 -0.221913  0.519431
 0.319684 -0.221915  0.519433
 0.319682 -0.221912  0.519434
 0.319678 -0.221913  0.519436
 0.319674 -0.221915  0.519444
  0.31967 -0.221916  0.519443
 0.319666 -0.221918  0.519445
 0.319662 -0.221918  0.519451
0.319657 -0.22192 0.519453
0.319653 -0.22192 0.519457
 0.319648 -0.221923  0.519461
 0.319644 -0.221924  0.519466
 0.319639 -0.221929  0.519472
 0.319634 -0.221929  0.519474
 0.319629 -0.221933  0.519478
 0.319623 -0.221935  0.519483
 0.319641 -0.221905  0.519457
 0.319613 -0.221942  0.519498
  0.31963 -0.221912  0.519469
 0.319624 -0.221914  0.519473
 0.319595 -0.221955  0.519508
 0.319588 -0.221958  0.519512
 0.319581 -0.221964  0.519515
 0.319598 -0.221937   0.51949
 0.319568 -0.221973  0.519524
 0.319561 -0.221979  0.519532
 0.319554 -0.221984  0.519533
 0.319547 -0.221987  0.519539
 0.31956 -0.22196 0.519504
 0.319553 -0.221965  0.519507
 0.319524 -0.222002  0.519545
 0.319517 -0.222003  0.519547
  0.31951 -0.222007  0.519552
 0.319504 -0.222009  0.519559
 0.319497 -0.222013  0.519563
 0.319491 -0.222013  0.519569
 0.319485 -0.222017  0.519575
 0.319479 -0.222019   0.51958
 0.319479 -0.222015  0.519595
  0.31949 -0.221991  0.519564
 0.319463 -0.222018  0.519599
  0.31948 -0.221992  0.519579
 0.319476 -0.221989  0.519582
 0.319444 -0.222023  0.519621
 0.319439 -0.222024  0.519628
 0.319434 -0.222021  0.519636
0.319431 -0.22202 0.519647
 0.319426 -0.222014  0.519652
 0.319421 -0.222012   0.51966
 0.319416 -0.222013  0.519667
 0.319411 -0.222011  0.519675
 0.319406 -0.222013  0.519685
 0.319403 -0.222008  0.519693
