6.91414e-06
0.00957584
0.0196209
0.0296788
0.0397348
0.0497899
0.0598459
0.0699019
0.079957
0.0900228
0.100078
0.110134
0.120189
0.130244
0.140297
0.150366
0.16042
0.170489
0.180556
0.190614
0.200659
0.210718
0.220776
0.230833
0.24089
0.250949
0.261006
0.271064
0.281123
0.29118
0.301239
0.311306
0.321372
0.331427
0.34149
0.351546
0.361601
0.371657
0.381713
0.391783
0.401842
0.411901
0.421968
0.432032
0.442089
0.452155
0.462219
0.472276
0.482346
0.492402
0.502474
0.512541
0.522611
0.53267
0.542725
0.55279
0.562862
0.572919
0.582979
0.593044
0.603103
0.613161
0.62322
0.633278
0.643337
0.653394
0.66345
0.673504
0.683568
0.693633
0.703724
0.713783
0.723854
0.733918
0.743976
0.75404
0.764107
0.774163
0.784229
0.794283
0.80435
0.814417
0.824473
0.83453
0.844586
0.854644
0.86471
0.874767
0.884824
0.894894
0.904948
0.915016
0.925074
0.935148
0.945205
0.955264
0.965293
0.975359
0.985414
0.995472
1.00554
1.0156
1.02566
1.03571
1.04577
1.05584
1.0659
1.07597
1.08602
1.09608
1.10614
1.11616
1.12623
1.13629
1.14636
1.15641
1.16648
1.17654
1.1866
1.19665
1.20671
1.21678
1.22684
1.23689
1.24695
1.25701
1.26707
1.27712
1.28718
1.29723
1.30729
1.31736
1.32742
1.33749
1.34755
1.35761
1.36768
1.37774
1.38781
1.39786
1.40792
1.41799
1.42805
1.43811
1.44815
1.45821
1.46824
1.4783
1.48836
1.49842
1.50848
1.51853
1.5286
1.53867
1.54874
1.55879
1.56885
1.57893
1.58899
1.59906
1.60911
1.61917
1.62923
1.63929
1.64934
1.6594
1.66946
1.67952
1.68957
1.69959
1.70965
1.71971
1.72976
1.73982
1.74987
1.75993
1.77003
1.78009
1.79014
1.8002
1.81026
1.82032
1.83038
1.84044
1.8505
1.86055
1.87061
1.88066
1.89072
1.90078
1.91084
1.9209
1.93092
1.94098
1.95104
1.96111
1.97116
1.98121
1.99127
2.00133
2.0114
2.02144
2.0315
2.04156
2.05161
2.06166
2.07172
2.08177
2.09184
2.1019
2.11196
2.12198
2.13199
2.14206
2.1521
2.16216
2.17223
2.1823
2.19236
2.20243
2.21249
2.22255
2.23262
2.24268
2.25274
2.26282
2.27288
2.28293
2.29303
2.30308
2.31314
2.32319
2.33325
2.34331
2.35336
2.3634
2.37347
2.38352
2.39358
2.40364
2.4137
2.42375
2.43381
2.44386
2.45392
2.46397
2.47403
2.4841
2.49416
2.50421
2.51427
2.52433
2.53439
2.54444
2.55451
2.56456
2.57462
2.58468
2.59474
2.6048
2.61486
2.62491
2.63497
2.64503
2.65513
2.66519
2.67527
2.68532
2.69538
2.70544
2.71549
2.72555
2.73562
2.74564
2.75571
2.76579
2.77583
2.7859
2.79595
2.806
2.81607
2.82613
2.83617
2.84624
2.8563
2.86637
2.87643
2.88649
2.89652
2.90659
2.91665
2.92671
2.93676
2.94685
2.95691
2.96696
2.97702
2.9871
2.99715
3.00721
3.0173
3.02734
3.03745
3.0475
3.05756
3.06762
3.07779
3.08785
3.0979
3.10798
3.11804
3.12811
3.13816
3.14822
3.15827
3.16833
3.17837
3.18842
3.19848
3.20856
3.21862
3.22866
3.23871
3.24875
3.25885
3.26892
3.27897
3.28902
3.29907
3.30912
3.31918
3.32923
3.33929
3.34936
3.35941
3.36948
3.37954
3.38964
3.39975
3.40981
3.41991
3.42997
3.44002
3.45008
3.46013
3.47019
3.48024
3.4903
3.50035
3.51041
3.52046
3.53054
3.54059
3.55064
3.5607
3.57076
3.58081
3.59086
3.6009
3.61095
3.62102
3.63107
3.6411
3.65115
3.66123
3.67126
3.68137
3.69155
3.70163
3.71169
3.72175
3.73181
3.74186
3.75192
3.76197
3.77203
3.7821
3.79216
3.80222
3.81228
3.82233
3.83239
3.84245
3.85252
3.86257
3.87264
3.8827
3.89275
3.90281
3.91288
3.92296
3.93302
3.94308
3.95313
3.96323
3.97329
3.98335
3.9934
4.00346
4.01351
4.02357
4.03362
4.04368
4.05373
4.06379
4.07384
4.0839
4.09395
4.104
4.11406
4.12411
4.13417
4.14423
4.15428
4.16436
4.17441
4.18447
4.19455
4.20461
4.21466
4.22473
4.23478
4.24484
4.25489
4.26495
4.27501
4.28506
4.29515
4.30521
4.3153
4.32535
4.33542
4.34547
4.35551
4.36557
4.37561
4.38569
4.39576
4.40579
4.41587
4.426
4.43606
4.44611
4.45617
4.46622
4.47628
4.48633
4.49639
4.50644
4.5165
4.52655
4.53661
4.54667
4.55672
4.56678
4.57684
4.58693
4.59701
4.60707
4.61712
4.62718
4.63723
4.64729
4.65734
4.6674
4.67745
4.68751
4.69757
4.70762
4.71768
4.72773
4.73779
4.74784
4.7579
4.76795
4.77801
4.78806
4.79812
4.80817
4.81821
4.82827
4.83833
4.84839
4.85845
4.86851
4.87859
4.88867
4.89872
4.90878
4.91884
4.92889
4.93895
4.949
4.95906
4.96912
4.97917
4.98922
4.99925
5.00933
5.01939
5.02946
5.03953
5.04958
5.05964
5.06969
5.07975
5.0898
5.09986
5.10991
5.11997
5.13002
5.14009
5.15015
5.16021
5.1703
5.18039
5.19047
5.20055
5.21061
5.22065
5.23072
5.24077
5.25083
5.26088
5.27094
5.28102
5.29108
5.30118
5.31129
5.32134
5.33145
5.34151
5.35156
5.36162
5.37167
5.38177
5.39182
5.40189
5.41194
5.422
5.43205
5.44208
5.45214
5.46219
5.47225
5.4823
5.49236
5.50241
5.51247
5.52258
5.53265
5.5427
5.55277
5.56282
5.5729
5.58295
5.59301
5.60306
5.61312
5.62317
5.63323
5.64328
5.65334
5.6634
5.67345
5.68351
5.69356
5.70362
5.71367
5.72372
5.73377
5.74382
5.75388
5.76396
5.77401
5.78407
5.79415
5.80424
5.81429
5.82435
5.83443
5.84448
5.85454
5.86459
5.87466
5.88471
5.89477
5.90483
5.91488
5.92494
5.93499
5.94507
5.95513
5.96518
5.97524
5.98529
5.99535
6.0054
6.01546
6.02552
6.03562
6.04573
6.05579
6.06584
6.0759
6.08638
6.09644
6.10649
6.11654
6.12661
6.13664
6.14669
6.15675
6.1668
6.17685
6.18691
6.19696
6.20703
6.21708
6.22714
6.23719
6.24728
6.25733
6.26738
6.27744
6.28749
6.29756
6.30761
6.31767
6.32773
6.3378
6.34785
6.35792
6.36798
6.37805
6.3881
6.39816
6.40821
6.41827
6.42832
6.43838
6.44843
6.45849
6.46854
6.4786
6.48865
6.49871
6.50876
6.51882
6.52887
6.53894
6.549
6.55905
6.56911
6.57916
6.58922
6.59927
6.60933
6.61938
6.62943
6.63949
6.64954
6.65961
6.66966
6.67972
6.68978
6.69983
6.70988
6.71994
6.72999
6.74005
6.7501
6.76016
6.77021
6.78027
6.79032
6.80037
6.81043
6.82048
6.83054
6.84059
6.85065
6.8607
6.87075
6.88081
6.89087
6.90093
6.91098
6.92104
6.9311
6.94116
6.95121
6.96127
6.97132
6.98143
6.99148
7.00154
7.01181
7.02187
7.03193
7.04198
7.05204
7.06209
7.07215
7.0822
7.09226
7.10231
7.11237
7.12242
7.13247
7.14253
7.15258
7.16264
7.17269
7.18274
7.1928
7.20285
7.21291
7.22296
7.23302
7.24307
7.25313
7.26321
7.27326
7.28332
7.29337
7.30342
7.31348
7.32353
7.33359
7.34365
7.3537
7.36376
7.37381
7.38387
7.39393
7.40398
7.41404
7.42409
7.43415
7.4442
7.45426
7.46431
7.47438
7.48446
7.49451
7.50457
7.51462
7.52468
7.53473
7.54479
7.55484
7.5649
7.57495
7.58501
7.59512
7.60522
7.61528
7.62533
7.63539
7.64544
7.6555
7.66556
7.67561
7.68564
7.69625
7.70631
7.71636
7.72642
7.73647
7.74652
7.75658
7.76663
7.77669
7.78674
7.7968
7.80687
7.81692
7.82698
7.83703
7.84709
7.85714
7.8672
7.87725
7.88731
7.89737
7.90743
7.91748
7.92753
7.93759
7.94765
