0.0166275 -0.105376  0.508492
0.0166275 -0.105376  0.508492
0.0166282 -0.105374  0.508489
0.0166343 -0.105359  0.508469
0.0166343 -0.105359  0.508469
0.0166396 -0.105346  0.508451
0.0166464 -0.105329  0.508429
0.0166548 -0.105308  0.508401
0.0166647 -0.105284  0.508368
0.0166761 -0.105256   0.50833
0.0167034 -0.105188  0.508239
0.0167194 -0.105148  0.508185
0.0167368 -0.105105  0.508127
0.0167558 -0.105058  0.508064
0.0167763 -0.105007  0.507996
0.0167983 -0.104953  0.507922
0.0168219 -0.104894  0.507844
0.0168469 -0.104832   0.50776
0.0168735 -0.104766  0.507672
0.0169016 -0.104697  0.507578
0.0169312 -0.104623   0.50748
0.0169623 -0.104546  0.507376
 0.016995 -0.104465  0.507267
0.0170291 -0.104381  0.507153
0.0170648 -0.104292  0.507034
0.017102  -0.1042  0.50691
0.0171408 -0.104104  0.506781
 0.017181 -0.104004  0.506647
0.0172228 -0.103901  0.506508
0.0172661 -0.103793  0.506364
0.0173109 -0.103682  0.506214
0.0173572 -0.103568   0.50606
 0.017405 -0.103449  0.505901
0.0174543 -0.103327  0.505736
0.0175052 -0.103201  0.505567
0.0175575 -0.103071  0.505392
0.0176114 -0.102938  0.505213
0.0176667 -0.102801  0.505028
0.0176667 -0.102801  0.505028
0.0177821 -0.102515  0.504644
0.0178421 -0.102366  0.504444
0.0179035 -0.102214  0.504239
0.0179665 -0.102057  0.504029
0.0180311 -0.101898  0.503814
0.0180971 -0.101734  0.503594
0.0181646 -0.101567  0.503369
0.0182337 -0.101395  0.503139
0.0183043  -0.10122  0.502904
0.0183764 -0.101042  0.502663
  0.01845 -0.100859  0.502418
0.0185251 -0.100673  0.502168
0.0186018 -0.100483  0.501912
0.0186799 -0.100289  0.501652
0.0187596 -0.100092  0.501386
 0.0188409 -0.0998907   0.501115
 0.0189234 -0.0996862   0.500841
 0.0190076 -0.0994775    0.50056
0.0190933 -0.099265  0.500274
 0.0191806 -0.0990487   0.499983
 0.0192695 -0.0988284   0.499687
 0.0193599 -0.0986042   0.499386
 0.0194519 -0.0983764   0.499079
 0.0195452 -0.0981451   0.498768
 0.0196401 -0.0979099   0.498452
 0.0197361 -0.0976719   0.498132
0.0198342 -0.097429  0.497805
 0.0199336 -0.0971826   0.497474
 0.0200346 -0.0969321   0.497137
 0.0201371 -0.0966782   0.496796
 0.0202412 -0.0964203   0.496449
 0.0203467 -0.0961588   0.496097
 0.0204537 -0.0958937   0.495741
0.0205621 -0.095625  0.495379
 0.0206723 -0.0953518   0.495012
 0.0207838 -0.0950754    0.49464
 0.0208969 -0.0947952   0.494264
 0.0210115 -0.0945112   0.493882
0.0211278 -0.094223  0.493494
 0.0212455 -0.0939312   0.493102
 0.0213644 -0.0936367   0.492706
 0.0214852 -0.0933372   0.492303
 0.0216075 -0.0930341   0.491895
 0.0217312 -0.0927275   0.491483
 0.0218564 -0.0924172   0.491066
 0.0219831 -0.0921032   0.490644
 0.0221112 -0.0917857   0.490217
  0.022241 -0.0914641   0.489784
 0.0223725 -0.0911381   0.489346
 0.0225055 -0.0908087   0.488903
 0.0226399 -0.0904754   0.488455
 0.0227758 -0.0901389   0.488002
0.0229133 -0.089798  0.487544
 0.0230523 -0.0894534    0.48708
 0.0231929 -0.0891051   0.486612
 0.0233348 -0.0887534   0.486139
 0.0234783 -0.0883978   0.485661
 0.0236232 -0.0880386   0.485178
 0.0237697 -0.0876756    0.48469
 0.0239177 -0.0873087   0.484196
 0.0240672 -0.0869382   0.483698
  0.024218 -0.0865646   0.483196
 0.0243688 -0.0861908   0.482693
 0.0245195 -0.0858174   0.482191
 0.0246704 -0.0854434   0.481688
 0.0248213 -0.0850695   0.481185
 0.0249722 -0.0846955   0.480682
 0.0251231 -0.0843216    0.48018
  0.025274 -0.0839476   0.479677
 0.0254248 -0.0835737   0.479174
 0.0255757 -0.0831998   0.478671
 0.0257266 -0.0828258   0.478168
 0.0258775 -0.0824519   0.477665
 0.0260284 -0.0820779   0.477162
0.0261793 -0.081704   0.47666
0.0263302  -0.08133  0.476157
  0.026481 -0.0809561   0.475654
  0.026632 -0.0805821   0.475151
 0.0267834 -0.0802067   0.474646
 0.0269343 -0.0798328   0.474143
 0.0270856 -0.0794578   0.473639
0.0272368 -0.079083  0.473135
 0.0273879 -0.0787086   0.472632
 0.0275388 -0.0783346   0.472129
 0.0276897 -0.0779606   0.471626
 0.0278406 -0.0775867   0.471123
 0.0279915 -0.0772128    0.47062
 0.0281423 -0.0768389   0.470117
0.0282932 -0.076465  0.469615
 0.0284442 -0.0760907   0.469111
 0.0285951 -0.0757168   0.468609
  0.028746 -0.0753429   0.468106
0.0288968 -0.074969  0.467603
 0.0290481 -0.0745942   0.467099
 0.0291992 -0.0742198   0.466596
   0.02935 -0.0738459   0.466093
 0.0295003 -0.0734736   0.465592
 0.0296492 -0.0731044   0.465096
 0.0297965 -0.0727394   0.464605
 0.0299422 -0.0723784   0.464119
 0.0300863 -0.0720211   0.463639
  0.030229 -0.0716676   0.463164
 0.0303703 -0.0713173   0.462693
 0.0305099 -0.0709713   0.462227
 0.0306488 -0.0706272   0.461765
 0.0307854 -0.0702887   0.461309
0.0309204 -0.069954  0.460859
0.0310536 -0.069624  0.460416
 0.0311854 -0.0692972   0.459976
  0.031316 -0.0689737   0.459541
 0.031445 -0.068654  0.459111
 0.0315725 -0.0683381   0.458686
 0.0316984 -0.0680259   0.458267
 0.0318229 -0.0677173   0.457852
 0.0319456 -0.0674134   0.457443
 0.0320669 -0.0671126   0.457038
 0.0321868 -0.0668155   0.456639
 0.0323053 -0.0665218   0.456244
 0.0324223 -0.0662319   0.455854
 0.0325376 -0.0659461    0.45547
 0.0326514 -0.0656641   0.455091
 0.0327637 -0.0653858   0.454716
 0.0328745 -0.0651112   0.454347
 0.0329838 -0.0648404   0.453983
 0.0330916 -0.0645731   0.453624
 0.0331979 -0.0643098   0.453269
 0.0333026 -0.0640503    0.45292
 0.0334058 -0.0637945   0.452577
 0.0335075 -0.0635425   0.452238
 0.0336076 -0.0632943   0.451904
 0.0337063 -0.0630498   0.451575
 0.0338034 -0.0628091   0.451251
  0.033899 -0.0625721   0.450933
 0.0339932 -0.0623387   0.450619
0.0340859 -0.062109   0.45031
 0.0341771 -0.0618831   0.450006
 0.0342664 -0.0616617   0.449709
 0.0343545 -0.0614434   0.449415
 0.034441 -0.061229  0.449127
 0.0345261 -0.0610181   0.448843
 0.0346097 -0.0608109   0.448564
 0.0346916 -0.0606078   0.448291
 0.0347722 -0.0604082   0.448023
 0.0348512 -0.0602125    0.44776
 0.0349285 -0.0600207   0.447502
 0.0350044 -0.0598327   0.447249
 0.0350787 -0.0596485   0.447001
0.0351516 -0.059468  0.446759
 0.0352229 -0.0592913   0.446521
 0.0352927 -0.0591183   0.446288
  0.035361 -0.0589489   0.446061
 0.0354278 -0.0587835   0.445838
 0.0354931 -0.0586216    0.44562
 0.0355569 -0.0584636   0.445408
 0.0356191 -0.0583094   0.445201
 0.0356798 -0.0581588   0.444998
  0.035739 -0.0580122   0.444801
 0.0357966 -0.0578695   0.444609
 0.0358527 -0.0577303   0.444422
0.0359073 -0.057595   0.44424
 0.0359604 -0.0574635   0.444063
  0.036012 -0.0573355   0.443891
 0.0360621 -0.0572114   0.443724
 0.0361106 -0.0570911   0.443562
 0.0361577 -0.0569745   0.443406
 0.0362033 -0.0568615   0.443254
 0.0362473 -0.0567524   0.443107
 0.0362897 -0.0566474   0.442966
 0.0363307 -0.0565458   0.442829
 0.0363701 -0.0564481   0.442698
  0.036408 -0.0563541   0.442571
 0.0364444 -0.0562639    0.44245
 0.0364793 -0.0561774   0.442334
 0.0365127 -0.0560947   0.442222
 0.0365446 -0.0560157   0.442116
 0.0365749 -0.0559405   0.442015
 0.0366037 -0.0558691   0.441919
 0.0366311 -0.0558014   0.441828
 0.0366569 -0.0557374   0.441742
 0.0366811 -0.0556773   0.441661
 0.0367039 -0.0556209   0.441585
 0.0367251 -0.0555684   0.441515
 0.0367448 -0.0555196   0.441449
  0.036763 -0.0554745   0.441388
 0.0367796 -0.0554332   0.441333
 0.0367948 -0.0553957   0.441282
 0.0368084 -0.0553619   0.441237
 0.0368205 -0.0553319   0.441197
 0.0368311 -0.0553057   0.441162
 0.0368402 -0.0552832   0.441131
 0.0368477 -0.0552644   0.441106
 0.0368538 -0.0552495   0.441086
 0.0368583 -0.0552383   0.441071
 0.0368613 -0.0552309   0.441061
 0.0368627 -0.0552272   0.441056
 0.0368629 -0.0552268   0.441055
 0.0368629 -0.0552268   0.441055
 0.0368629 -0.0552268   0.441055
 0.0368629 -0.0552268   0.441055
 0.0368629 -0.0552268   0.441055
 0.0368629 -0.0552268   0.441055
 0.0368629 -0.0552268   0.441055
 0.0368629 -0.0552268   0.441055
 0.0368629 -0.0552268   0.441055
 0.0368629 -0.0552268   0.441055
 0.0368629 -0.0552268   0.441055
 0.0368629 -0.0552268   0.441055
 0.0368629 -0.0552268   0.441055
 0.0368629 -0.0552268   0.441055
 0.0368629 -0.0552268   0.441055
 0.0368629 -0.0552268   0.441055
 0.0368629 -0.0552268   0.441055
 0.0368629 -0.0552268   0.441055
 0.0368629 -0.0552268   0.441055
 0.0368629 -0.0552268   0.441055
 0.0368629 -0.0552268   0.441055
 0.0368629 -0.0552268   0.441055
 0.0368629 -0.0552268   0.441055
 0.0368629 -0.0552268   0.441055
 0.0368629 -0.0552268   0.441055
 0.0368629 -0.0552268   0.441055
 0.0368629 -0.0552268   0.441055
 0.0368629 -0.0552268   0.441055
 0.0368629 -0.0552268   0.441055
 0.0368629 -0.0552268   0.441055
 0.0368629 -0.0552268   0.441055
 0.0368629 -0.0552268   0.441055
 0.0368629 -0.0552268   0.441055
 0.0368629 -0.0552268   0.441055
 0.0368629 -0.0552268   0.441055
 0.0368629 -0.0552268   0.441055
 0.0368629 -0.0552268   0.441055
 0.0368629 -0.0552268   0.441055
 0.0368629 -0.0552268   0.441055
 0.0368629 -0.0552268   0.441055
 0.0368629 -0.0552268   0.441055
 0.0368629 -0.0552268   0.441055
 0.0368629 -0.0552268   0.441055
 0.0368629 -0.0552268   0.441055
 0.0368629 -0.0552268   0.441055
 0.0368629 -0.0552268   0.441055
 0.0368629 -0.0552268   0.441055
 0.0368629 -0.0552268   0.441055
 0.0368629 -0.0552268   0.441055
 0.0368629 -0.0552268   0.441055
 0.0368629 -0.0552268   0.441055
 0.0368629 -0.0552268   0.441055
 0.0368629 -0.0552268   0.441055
 0.0368629 -0.0552268   0.441055
 0.0368629 -0.0552268   0.441055
 0.0368629 -0.0552268   0.441055
 0.0368629 -0.0552268   0.441055
 0.0368629 -0.0552268   0.441055
 0.0368629 -0.0552268   0.441055
 0.0368629 -0.0552268   0.441055
 0.0368629 -0.0552268   0.441055
 0.0368629 -0.0552268   0.441055
 0.0368629 -0.0552268   0.441055
 0.0368629 -0.0552268   0.441055
 0.0368629 -0.0552268   0.441055
 0.0368629 -0.0552268   0.441055
 0.0368629 -0.0552268   0.441055
 0.0368629 -0.0552268   0.441055
 0.0368629 -0.0552268   0.441055
 0.0368629 -0.0552268   0.441055
 0.0368629 -0.0552268   0.441055
 0.0368629 -0.0552268   0.441055
 0.0368629 -0.0552268   0.441055
 0.0368629 -0.0552268   0.441055
 0.0368629 -0.0552268   0.441055
 0.0368629 -0.0552268   0.441055
 0.0368629 -0.0552268   0.441055
 0.0368629 -0.0552268   0.441055
 0.0368629 -0.0552268   0.441055
 0.0368629 -0.0552268   0.441055
 0.0368629 -0.0552268   0.441055
 0.0368629 -0.0552268   0.441055
 0.0368629 -0.0552268   0.441055
 0.0368629 -0.0552268   0.441055
 0.0368629 -0.0552268   0.441055
 0.0368629 -0.0552268   0.441055
 0.0368629 -0.0552268   0.441055
 0.0368629 -0.0552268   0.441055
 0.0368629 -0.0552268   0.441055
 0.0368629 -0.0552268   0.441055
 0.0368629 -0.0552268   0.441055
 0.0368629 -0.0552268   0.441055
 0.0368629 -0.0552268   0.441055
 0.0368629 -0.0552268   0.441055
 0.0368629 -0.0552268   0.441055
 0.0368629 -0.0552268   0.441055
 0.0368629 -0.0552268   0.441055
 0.0368629 -0.0552268   0.441055
 0.0368629 -0.0552268   0.441055
 0.0368629 -0.0552268   0.441055
 0.0368629 -0.0552268   0.441055
 0.0368629 -0.0552268   0.441055
 0.0368629 -0.0552268   0.441055
 0.0368629 -0.0552268   0.441055
 0.0368629 -0.0552268   0.441055
 0.0368629 -0.0552268   0.441055
 0.0368629 -0.0552268   0.441055
 0.0368629 -0.0552268   0.441055
 0.0368629 -0.0552268   0.441055
 0.0368629 -0.0552268   0.441055
 0.0368629 -0.0552268   0.441055
 0.0368629 -0.0552268   0.441055
 0.0368629 -0.0552268   0.441055
 0.0368629 -0.0552268   0.441055
 0.0368629 -0.0552268   0.441055
 0.0368629 -0.0552268   0.441055
 0.0368629 -0.0552268   0.441055
 0.0368629 -0.0552268   0.441055
 0.0368629 -0.0552268   0.441055
 0.0368629 -0.0552268   0.441055
 0.0368629 -0.0552268   0.441055
 0.0368629 -0.0552268   0.441055
 0.0368629 -0.0552268   0.441055
 0.0368629 -0.0552268   0.441055
 0.0368629 -0.0552268   0.441055
 0.0368629 -0.0552268   0.441055
 0.0368629 -0.0552268   0.441055
 0.0368629 -0.0552268   0.441055
 0.0368629 -0.0552268   0.441055
 0.0368629 -0.0552268   0.441055
 0.0368629 -0.0552268   0.441055
 0.0368629 -0.0552268   0.441055
 0.0368629 -0.0552268   0.441055
 0.0368629 -0.0552268   0.441055
 0.0368629 -0.0552268   0.441055
 0.0368629 -0.0552268   0.441055
 0.0368629 -0.0552268   0.441055
 0.0368629 -0.0552268   0.441055
 0.0368629 -0.0552268   0.441055
 0.0368629 -0.0552268   0.441055
 0.0368629 -0.0552268   0.441055
 0.0368629 -0.0552268   0.441055
 0.0368629 -0.0552268   0.441055
 0.0368629 -0.0552268   0.441055
 0.0368629 -0.0552268   0.441055
 0.0368629 -0.0552268   0.441055
 0.0368629 -0.0552268   0.441055
 0.0368629 -0.0552268   0.441055
 0.0368629 -0.0552268   0.441055
 0.0368629 -0.0552268   0.441055
 0.0368629 -0.0552268   0.441055
 0.0368629 -0.0552268   0.441055
 0.0368629 -0.0552268   0.441055
 0.0368629 -0.0552268   0.441055
 0.0368629 -0.0552268   0.441055
 0.0368629 -0.0552268   0.441055
 0.0368629 -0.0552268   0.441055
 0.0368629 -0.0552268   0.441055
 0.0368629 -0.0552268   0.441055
 0.0368629 -0.0552268   0.441055
 0.0368629 -0.0552268   0.441055
 0.0368629 -0.0552268   0.441055
 0.0368629 -0.0552268   0.441055
 0.0368629 -0.0552268   0.441055
 0.0368629 -0.0552268   0.441055
 0.0368629 -0.0552268   0.441055
 0.0368629 -0.0552268   0.441055
 0.0368629 -0.0552268   0.441055
 0.0368629 -0.0552268   0.441055
 0.0368629 -0.0552268   0.441055
 0.0368629 -0.0552268   0.441055
 0.0368629 -0.0552268   0.441055
 0.0368629 -0.0552268   0.441055
 0.0368629 -0.0552268   0.441055
 0.0368629 -0.0552268   0.441055
 0.0368629 -0.0552268   0.441055
 0.0368629 -0.0552268   0.441055
 0.0368629 -0.0552268   0.441055
 0.0368629 -0.0552268   0.441055
 0.0368629 -0.0552268   0.441055
 0.0368629 -0.0552268   0.441055
 0.0368629 -0.0552268   0.441055
 0.0368629 -0.0552268   0.441055
 0.0368629 -0.0552268   0.441055
 0.0368629 -0.0552268   0.441055
 0.0368629 -0.0552268   0.441055
 0.0368629 -0.0552268   0.441055
 0.0368629 -0.0552268   0.441055
 0.0368629 -0.0552268   0.441055
 0.0368629 -0.0552268   0.441055
 0.0368629 -0.0552268   0.441055
 0.0368629 -0.0552268   0.441055
 0.0368629 -0.0552268   0.441055
 0.0368629 -0.0552268   0.441055
 0.0368629 -0.0552268   0.441055
 0.0368629 -0.0552268   0.441055
 0.0368629 -0.0552268   0.441055
 0.0368629 -0.0552268   0.441055
 0.0368629 -0.0552268   0.441055
 0.0368629 -0.0552268   0.441055
 0.0368629 -0.0552268   0.441055
 0.0368629 -0.0552268   0.441055
 0.0368629 -0.0552268   0.441055
 0.0368629 -0.0552268   0.441055
 0.0368629 -0.0552268   0.441055
 0.0368629 -0.0552268   0.441055
 0.0368629 -0.0552268   0.441055
 0.0368629 -0.0552268   0.441055
 0.0368629 -0.0552268   0.441055
 0.0368629 -0.0552268   0.441055
 0.0368629 -0.0552268   0.441055
 0.0368629 -0.0552268   0.441055
 0.0368629 -0.0552268   0.441055
 0.0368629 -0.0552268   0.441055
 0.0368629 -0.0552268   0.441055
 0.0368629 -0.0552268   0.441055
 0.0368629 -0.0552268   0.441055
 0.0368629 -0.0552268   0.441055
 0.0368629 -0.0552268   0.441055
 0.0368629 -0.0552268   0.441055
 0.0368629 -0.0552268   0.441055
 0.0368629 -0.0552268   0.441055
 0.0368629 -0.0552268   0.441055
 0.0368629 -0.0552268   0.441055
 0.0368629 -0.0552268   0.441055
 0.0368629 -0.0552268   0.441055
 0.0368629 -0.0552268   0.441055
 0.0368629 -0.0552268   0.441055
 0.0368629 -0.0552268   0.441055
 0.0368629 -0.0552268   0.441055
 0.0368629 -0.0552268   0.441055
 0.0368629 -0.0552268   0.441055
 0.0368629 -0.0552268   0.441055
 0.0368629 -0.0552268   0.441055
 0.0368629 -0.0552268   0.441055
 0.0368629 -0.0552268   0.441055
 0.0368629 -0.0552268   0.441055
 0.0368629 -0.0552268   0.441055
 0.0368629 -0.0552268   0.441055
 0.0368629 -0.0552268   0.441055
 0.0368629 -0.0552268   0.441055
 0.0368629 -0.0552268   0.441055
 0.0368629 -0.0552268   0.441055
 0.0368629 -0.0552268   0.441055
 0.0368629 -0.0552268   0.441055
 0.0368629 -0.0552268   0.441055
 0.0368629 -0.0552268   0.441055
 0.0368629 -0.0552268   0.441055
 0.0368629 -0.0552268   0.441055
 0.0368629 -0.0552268   0.441055
 0.0368629 -0.0552268   0.441055
 0.0368629 -0.0552268   0.441055
 0.0368629 -0.0552268   0.441055
 0.0368629 -0.0552268   0.441055
 0.0368629 -0.0552268   0.441055
 0.0368629 -0.0552268   0.441055
 0.0368629 -0.0552268   0.441055
 0.0368629 -0.0552268   0.441055
 0.0368629 -0.0552268   0.441055
 0.0368629 -0.0552268   0.441055
 0.0368629 -0.0552268   0.441055
 0.0368629 -0.0552268   0.441055
 0.0368629 -0.0552268   0.441055
 0.0368629 -0.0552268   0.441055
 0.0368629 -0.0552268   0.441055
 0.0368629 -0.0552268   0.441055
 0.0368629 -0.0552268   0.441055
 0.0368629 -0.0552268   0.441055
 0.0368629 -0.0552268   0.441055
 0.0368629 -0.0552268   0.441055
 0.0368629 -0.0552268   0.441055
 0.0368629 -0.0552268   0.441055
 0.0368629 -0.0552268   0.441055
 0.0368629 -0.0552268   0.441055
 0.0368629 -0.0552268   0.441055
 0.0368629 -0.0552268   0.441055
 0.0368629 -0.0552268   0.441055
 0.0368629 -0.0552268   0.441055
 0.0368629 -0.0552268   0.441055
 0.0368629 -0.0552268   0.441055
 0.0368629 -0.0552268   0.441055
 0.0368629 -0.0552268   0.441055
 0.0368629 -0.0552268   0.441055
 0.0368629 -0.0552268   0.441055
 0.0368629 -0.0552268   0.441055
 0.0368629 -0.0552268   0.441055
 0.0368629 -0.0552268   0.441055
 0.0368629 -0.0552268   0.441055
 0.0368629 -0.0552268   0.441055
 0.0368629 -0.0552268   0.441055
 0.0368629 -0.0552268   0.441055
 0.0368629 -0.0552268   0.441055
 0.0368629 -0.0552268   0.441055
 0.0368629 -0.0552268   0.441055
 0.0368629 -0.0552268   0.441055
 0.0368629 -0.0552268   0.441055
 0.0368629 -0.0552268   0.441055
 0.0368629 -0.0552268   0.441055
 0.0368629 -0.0552268   0.441055
 0.0368629 -0.0552268   0.441055
 0.0368629 -0.0552268   0.441055
 0.0368629 -0.0552268   0.441055
 0.0368629 -0.0552268   0.441055
 0.0368629 -0.0552268   0.441055
 0.0368629 -0.0552268   0.441055
 0.0368629 -0.0552268   0.441055
 0.0368629 -0.0552268   0.441055
 0.0368629 -0.0552268   0.441055
 0.0368629 -0.0552268   0.441055
