0.0166274 -0.105376  0.508491
0.0166274 -0.105376  0.508491
0.0166273 -0.105375   0.50849
0.0166272 -0.105375  0.508489
0.0166268 -0.105373  0.508489
0.0166259 -0.105375  0.508488
0.0166272 -0.105375  0.508488
0.0166237 -0.105374  0.508488
0.0166205 -0.105372  0.508487
0.0166185 -0.105372  0.508487
0.0166168 -0.105371  0.508487
0.0166157 -0.105373  0.508486
0.0166131  -0.10537  0.508487
0.0166114 -0.105369  0.508486
0.0166098 -0.105367  0.508486
0.0166083 -0.105366  0.508485
0.0166073 -0.105361  0.508485
0.0166065 -0.105358  0.508484
0.0166059 -0.105353  0.508483
0.0166061 -0.105345  0.508482
0.0166066 -0.105339  0.508481
0.0166077 -0.105329  0.508479
0.0166092  -0.10532  0.508477
0.0166117 -0.105307  0.508475
0.0166147 -0.105295  0.508473
0.0166184 -0.105279  0.508471
0.0166228 -0.105263  0.508468
0.0166283 -0.105243  0.508465
0.0166346 -0.105223  0.508462
0.0166416 -0.105199  0.508458
0.0166499 -0.105173  0.508455
0.0166591 -0.105146  0.508451
0.0166693 -0.105115  0.508446
0.0166804 -0.105085  0.508441
 0.016693 -0.105049  0.508436
0.0167065 -0.105013  0.508431
0.0167213 -0.104973  0.508425
0.0167371 -0.104933  0.508419
0.0167545 -0.104887  0.508413
 0.016773 -0.104842  0.508406
0.0167927 -0.104792  0.508399
 0.016814 -0.104739  0.508392
0.0168365 -0.104686  0.508383
0.0168604 -0.104629  0.508375
0.0168857  -0.10457  0.508366
0.0169124 -0.104508  0.508357
0.0169404 -0.104445  0.508347
0.0169701 -0.104381  0.508337
0.0170012 -0.104313  0.508326
0.0170337  -0.10424  0.508315
0.0170719 -0.104149  0.508303
0.0171075 -0.104071   0.50829
0.0171446 -0.103992  0.508277
0.0171832 -0.103908  0.508263
0.0172233 -0.103824  0.508249
0.0172648 -0.103735  0.508233
0.0173078 -0.103644  0.508218
0.0173524 -0.103551  0.508201
0.0173984 -0.103455  0.508184
0.0174459 -0.103357  0.508165
0.0174949 -0.103255  0.508146
0.0175455 -0.103151  0.508126
0.0175976 -0.103043  0.508106
0.0176512 -0.102932  0.508084
0.0177065  -0.10282  0.508061
0.0177633 -0.102703  0.508037
0.0178161 -0.102607  0.508014
0.0178819 -0.102461  0.507986
0.0179437 -0.102334  0.507959
0.0180071 -0.102206   0.50793
0.0180722 -0.102072  0.507901
 0.018139 -0.101937   0.50787
0.0182075 -0.101797  0.507837
0.0182779 -0.101653  0.507804
0.0183499 -0.101507  0.507769
0.0184237 -0.101356  0.507733
0.0184992 -0.101201  0.507695
0.0185766 -0.101044  0.507655
0.0186557 -0.100882  0.507614
0.0187366 -0.100716  0.507572
0.0188194 -0.100548  0.507527
0.0189039 -0.100375  0.507481
0.0189903 -0.100198  0.507433
0.0190786 -0.100019  0.507383
 0.0191687 -0.0998344   0.507331
 0.0192625 -0.0996502   0.507277
 0.0193572 -0.0994663   0.507222
 0.0194521 -0.0992637   0.507163
 0.0195508 -0.0990703   0.507105
0.0196506 -0.098868  0.507042
 0.0197522 -0.0986602   0.506978
 0.0198557 -0.0984485   0.506912
 0.0199612 -0.0982344   0.506843
  0.020075 -0.0979819   0.506763
0.0201844 -0.097759  0.506689
 0.0202958 -0.0975302   0.506612
0.0204091 -0.097298  0.506533
 0.0205242 -0.0970615   0.506451
 0.0206413 -0.0968226   0.506365
0.0207604 -0.096578  0.506278
 0.0208814 -0.0963292   0.506187
 0.0210045 -0.0960765   0.506093
 0.0211296 -0.0958213   0.505995
 0.0212567 -0.0955602   0.505894
 0.0213857 -0.0952949    0.50579
 0.0215168 -0.0950255   0.505683
 0.0216499 -0.0947517   0.505572
 0.0217849 -0.0944752   0.505457
 0.0219219 -0.0941927   0.505338
 0.0220613 -0.0939063   0.505216
 0.0222021 -0.0936156    0.50509
 0.0223448 -0.0933208   0.504959
 0.0224894 -0.0930216   0.504825
 0.0226407 -0.0927252   0.504684
 0.0227906 -0.0924287   0.504544
0.0229403  -0.09212  0.504395
 0.0230919 -0.0918048   0.504244
  0.023245 -0.0914858   0.504087
 0.0233995 -0.0911627   0.503927
 0.0235558 -0.0908362   0.503762
 0.0237129 -0.0905064   0.503592
 0.0238717 -0.0901733   0.503418
 0.0240313 -0.0898363   0.503239
 0.0241926 -0.0894967   0.503055
 0.0243548 -0.0891538   0.502865
  0.024518 -0.0888079   0.502671
 0.0246835 -0.0884598   0.502472
 0.0248484 -0.0881063   0.502267
 0.0250154 -0.0877514   0.502057
 0.0251834 -0.0873935   0.501841
 0.0253524 -0.0870325   0.501619
 0.0255225 -0.0866692   0.501392
 0.0256935 -0.0863031   0.501158
 0.0258654 -0.0859346   0.500919
0.0260382 -0.085563  0.500675
 0.0262118 -0.0851896   0.500424
 0.0263862 -0.0848138   0.500167
 0.0265611 -0.0844356   0.499905
 0.0267366 -0.0840557   0.499637
 0.0269128 -0.0836726   0.499364
 0.0270891 -0.0832891   0.499084
 0.0272643 -0.0828909   0.498794
0.0274412 -0.082505  0.498503
 0.0276183 -0.0821156   0.498206
 0.0277856 -0.0817178   0.497909
 0.0279619 -0.0813271   0.497599
 0.0281401 -0.0809369   0.497286
 0.0283165 -0.0805447   0.496964
 0.0284906 -0.0802123   0.496671
 0.0286708 -0.0797583   0.496305
 0.0288458 -0.0794264   0.496003
 0.0290226 -0.0790335    0.49566
 0.0291982 -0.0786388   0.495308
 0.0293767 -0.0781834   0.494917
 0.0295498 -0.0778502   0.494592
 0.0297249 -0.0774568   0.494225
 0.0299001 -0.0770648   0.493855
 0.0300874 -0.0766198   0.493432
 0.0302599 -0.0762272   0.493048
 0.0304317 -0.0758503   0.492667
 0.0306018 -0.0754617   0.492274
 0.0307705 -0.0750733   0.491877
 0.0309375 -0.0746889   0.491476
  0.031103 -0.0743046   0.491071
0.0312668 -0.073923  0.490663
  0.031429 -0.0735432   0.490251
 0.0315894 -0.0731673   0.489834
 0.0317479 -0.0727923   0.489415
 0.0319048 -0.0724221   0.488992
 0.0320596 -0.0720532   0.488566
 0.0322127 -0.0716891   0.488137
 0.0323637 -0.0713261   0.487705
  0.032513 -0.0709673   0.487269
 0.0326605 -0.0706128    0.48683
 0.0328061 -0.0702597   0.486389
   0.03295 -0.0699105   0.485944
 0.0330918 -0.0695654   0.485498
 0.0332316 -0.0692231   0.485049
 0.0333694 -0.0688837   0.484599
 0.0335052 -0.0685496   0.484146
  0.033639 -0.0682176   0.483692
 0.0337708 -0.0678891   0.483236
 0.0339005 -0.0675646   0.482779
 0.0340281 -0.0672444   0.482321
 0.0341537 -0.0669271   0.481861
 0.0342773 -0.0666129   0.481399
  0.034399 -0.0663033   0.480937
 0.0345186 -0.0659967   0.480474
 0.0346361 -0.0656944    0.48001
 0.0347515 -0.0653954   0.479546
 0.0348659 -0.0650977   0.479082
 0.0349773 -0.0648076   0.478617
 0.0350864 -0.0645207   0.478153
 0.0351935 -0.0642383   0.477689
 0.0352989 -0.0639169   0.477179
 0.0354016 -0.0636428   0.476717
 0.0355018 -0.0634135   0.476303
 0.0356006 -0.0631469   0.475843
 0.0356974 -0.0628418   0.475338
 0.0357913 -0.0625894    0.47488
 0.0358839 -0.0623341   0.474426
 0.0359869 -0.0620901   0.473968
0.0360632 -0.061847  0.473524
 0.0361491 -0.0616037   0.473075
0.0362336 -0.061368   0.47263
0.0363156 -0.061143  0.472186
 0.0364068 -0.0609185    0.47174
  0.036475 -0.0606942   0.471309
 0.0365509 -0.0604824   0.470874
 0.0366375 -0.0602737   0.470437
 0.0366977 -0.0600598   0.470014
 0.0367688 -0.0598626   0.469588
 0.0368385 -0.0596977   0.469209
 0.0369061 -0.0595012   0.468789
0.0369714  -0.05931  0.468373
0.0370334 -0.059129  0.467959
0.0370954 -0.058946  0.467548
 0.0371548 -0.0587669   0.467141
 0.0372113 -0.0585983   0.466736
0.037276  -0.0584 0.466288
 0.0373293 -0.0582405    0.46589
 0.0373773 -0.0580857   0.465503
 0.0374266 -0.0579285   0.465112
 0.0374785 -0.0577948   0.464761
0.0375226 -0.057624  0.464338
 0.0375655 -0.0574787   0.463961
 0.0376024 -0.0573491   0.463594
 0.0376416 -0.0572124   0.463225
 0.0376787 -0.0570791   0.462862
 0.0377139 -0.0569567   0.462502
 0.0377472 -0.0568318   0.462149
  0.037779 -0.0567125     0.4618
 0.0378085 -0.0566018   0.461456
  0.037841 -0.0564982   0.461126
 0.0378635 -0.0563834   0.460783
 0.0378919 -0.0562932   0.460463
 0.0379154 -0.0561944   0.460139
  0.037937 -0.0561001   0.459821
  0.037957 -0.0560151   0.459507
 0.0379754 -0.0559282   0.459199
 0.0379926 -0.0558469   0.458895
 0.0380048 -0.0557669    0.45859
 0.0380226 -0.0556993   0.458304
 0.0380348 -0.0556288   0.458015
0.0380393 -0.055564  0.457746
 0.0380523 -0.0555182   0.457471
 0.0380624 -0.0554713   0.457205
 0.0380719 -0.0554288   0.456945
 0.0380801 -0.0553943   0.456689
 0.0380887 -0.0553619   0.456439
 0.0381001 -0.0553297   0.456192
 0.0381057 -0.0553072   0.455951
 0.0381109 -0.0552821   0.455716
 0.0381152 -0.0552602   0.455485
 0.0381194 -0.0552454   0.455258
 0.0381233 -0.0552286   0.455036
 0.0381267 -0.0552141   0.454817
 0.0381302 -0.0552066   0.454602
 0.0381303 -0.0551928   0.454369
 0.0381353 -0.0551884   0.454182
 0.0381344 -0.0551758   0.453953
 0.0381371 -0.0551712   0.453751
0.0381393 -0.055167  0.453553
0.0381417 -0.055164  0.453357
 0.0381452 -0.0551657   0.453167
 0.0381462 -0.0551591   0.452975
  0.038146 -0.0551573    0.45279
 0.0381498 -0.0551575   0.452604
0.0381523 -0.055159   0.45244
 0.0381535 -0.0551607   0.452261
 0.0381543 -0.0551597   0.452084
 0.0381551 -0.0551625   0.451909
 0.0381563 -0.0551647   0.451739
 0.0381566 -0.0551682   0.451569
 0.0381564 -0.0551683   0.451402
  0.038155 -0.0551685   0.451219
 0.0381542 -0.0551734   0.451056
 0.0381523 -0.0551734   0.450895
 0.0381507 -0.0551756   0.450737
 0.0381483 -0.0551795    0.45058
 0.0381454 -0.0551815   0.450427
 0.0381424 -0.0551838   0.450276
0.0381388 -0.055189  0.450127
 0.0381331 -0.0551915   0.449983
 0.0381289 -0.0551936   0.449839
 0.0381251 -0.0551998   0.449699
0.0381206 -0.055204  0.449561
 0.0381163 -0.0552099   0.449426
 0.0381119 -0.0552135   0.449293
 0.0381078 -0.0552197   0.449163
 0.0381039 -0.0552259   0.449036
 0.0381002 -0.0552347   0.448911
 0.0380971 -0.0552423   0.448789
 0.0380942 -0.0552498   0.448669
 0.0380915 -0.0552592   0.448552
 0.0380894 -0.0552661   0.448437
0.0380875 -0.055276  0.448324
0.0380862 -0.055287  0.448213
 0.0380851 -0.0552962   0.448105
 0.0380845 -0.0553062   0.447998
 0.0380844 -0.0553188   0.447894
 0.0380851 -0.0553312   0.447791
0.0380857 -0.055343   0.44769
 0.0380864 -0.0553559   0.447591
 0.0380874 -0.0553684   0.447493
 0.0380893 -0.0553822   0.447387
 0.0380904 -0.0553962   0.447293
 0.0380916 -0.0554096     0.4472
 0.0380912 -0.0554236   0.447119
 0.0380924 -0.0554376    0.44703
 0.0380933 -0.0554542   0.446942
 0.0380942 -0.0554686   0.446856
  0.038095 -0.0554832   0.446772
0.0380955 -0.055498  0.446689
 0.0380959 -0.0555125   0.446607
 0.0380962 -0.0555274   0.446527
0.0380963 -0.055542  0.446449
 0.0380961 -0.0555572   0.446372
 0.0380957 -0.0555715   0.446296
0.0380954 -0.055586  0.446222
0.0380948 -0.055601  0.446149
 0.0380943 -0.0556132   0.446077
 0.0380933 -0.0556294   0.446007
 0.0380925 -0.0556441   0.445938
 0.0380916 -0.0556577    0.44587
 0.0380907 -0.0556722   0.445804
 0.0380898 -0.0556857   0.445739
  0.038089 -0.0556993   0.445675
0.0380881 -0.055713  0.445612
 0.0380874 -0.0557263    0.44555
  0.038087 -0.0557373    0.44549
 0.0380863 -0.0557522   0.445431
  0.038086 -0.0557653   0.445372
0.0380858 -0.055778  0.445315
 0.0380856 -0.0557904   0.445259
 0.0380857 -0.0558031   0.445204
 0.0380876 -0.0558131   0.445144
 0.0380861 -0.0558275   0.445097
 0.0380883 -0.0558371    0.44504
 0.0380869 -0.0558523   0.444994
 0.0380907 -0.0558587   0.444934
 0.0380912 -0.0558704   0.444885
 0.0380919 -0.0558825   0.444837
 0.0380923 -0.0558941    0.44479
 0.0380929 -0.0559058   0.444744
 0.0380931 -0.0559173   0.444699
 0.0380934 -0.0559274   0.444655
 0.0380934 -0.0559408   0.444612
 0.0380935 -0.0559525    0.44457
 0.0380933 -0.0559639   0.444529
  0.038093 -0.0559758   0.444488
 0.0380927 -0.0559875   0.444449
 0.0380921 -0.0559986    0.44441
 0.0380893 -0.0560132   0.444371
 0.0380883 -0.0560248   0.444334
  0.038087 -0.0560363   0.444297
 0.0380858 -0.0560471   0.444261
0.0380844 -0.056058  0.444226
 0.0380848 -0.0560655   0.444191
 0.0380833 -0.0560766   0.444157
 0.0380817 -0.0560869   0.444123
 0.0380802 -0.0560969    0.44409
 0.0380785 -0.0561069   0.444058
 0.0380769 -0.0561172   0.444025
 0.0380734 -0.0561299   0.443993
 0.0380718 -0.0561392   0.443962
 0.0380704 -0.0561482   0.443932
  0.038069 -0.0561572   0.443902
 0.0380676 -0.0561659   0.443872
0.0380664 -0.056175  0.443843
 0.0380652 -0.0561833   0.443814
 0.0380641 -0.0561914   0.443786
 0.0380633 -0.0561991   0.443758
 0.0380624 -0.0562069   0.443731
 0.0380617 -0.0562144   0.443704
 0.0380612 -0.0562219   0.443678
0.0380606 -0.056229  0.443652
0.0380602 -0.056236  0.443627
   0.03806 -0.0562427   0.443602
 0.0380598 -0.0562494   0.443578
 0.0380595 -0.0562558   0.443554
 0.0380593 -0.0562619   0.443531
 0.0380592 -0.0562687   0.443508
 0.038059 -0.056275  0.443485
 0.0380587 -0.0562811   0.443464
 0.0380584 -0.0562868   0.443442
 0.0380582 -0.0562925   0.443421
 0.0380578 -0.0562984     0.4434
 0.0380573 -0.0563042    0.44338
 0.0380567 -0.0563096   0.443361
  0.038056 -0.0563153   0.443341
 0.0380553 -0.0563195   0.443322
 0.0380544 -0.0563268   0.443304
 0.0380534 -0.0563323   0.443286
 0.0380523 -0.0563378   0.443268
 0.0380511 -0.0563428    0.44325
 0.0380499 -0.0563482   0.443233
 0.0380487 -0.0563532   0.443216
 0.0380472 -0.0563581     0.4432
 0.0380457 -0.0563632   0.443184
 0.0380442 -0.0563678   0.443168
 0.0380426 -0.0563728   0.443152
  0.038041 -0.0563776   0.443137
0.0380394 -0.056382  0.443122
 0.0380377 -0.0563866   0.443107
 0.0380362 -0.0563913   0.443092
 0.0380346 -0.0563958   0.443078
  0.038033 -0.0563997   0.443064
 0.0380314 -0.0564039    0.44305
 0.0380299 -0.0564076   0.443036
 0.0380285 -0.0564115   0.443023
0.0380271 -0.056415   0.44301
 0.0380258 -0.0564188   0.442997
0.0380246 -0.056422  0.442984
 0.0380234 -0.0564256   0.442971
 0.0380223 -0.0564286   0.442959
 0.0380213 -0.0564319   0.442947
 0.0380204 -0.0564348   0.442935
 0.0380195 -0.0564378   0.442924
 0.0380187 -0.0564405   0.442912
  0.038018 -0.0564434   0.442901
 0.0380173 -0.0564459    0.44289
 0.0380166 -0.0564486   0.442879
  0.038016 -0.0564509   0.442869
 0.0380154 -0.0564535   0.442858
 0.0380148 -0.0564557   0.442848
 0.0380142 -0.0564581   0.442838
 0.0380135 -0.0564602   0.442828
 0.0380129 -0.0564622   0.442819
 0.0380122 -0.0564625   0.442809
 0.0380115 -0.0564664     0.4428
0.0380111 -0.056469  0.442791
 0.0380103 -0.0564687   0.442782
 0.0380107 -0.0564695   0.442773
 0.0380099 -0.0564713   0.442765
0.0380089 -0.056473  0.442757
 0.0380067 -0.0564759   0.442749
0.0380058  -0.05648  0.442741
 0.0380059 -0.0564783   0.442733
 0.0380047 -0.0564803   0.442726
 0.0380035 -0.0564819   0.442718
 0.0380012 -0.0564867   0.442711
  0.038001 -0.0564853   0.442704
 0.0379997 -0.0564868   0.442697
 0.0379983 -0.0564883    0.44269
0.0379969  -0.05649  0.442683
 0.0379954 -0.0564914   0.442677
 0.0379939 -0.0564928    0.44267
 0.0379923 -0.0564945   0.442664
 0.0379909 -0.0564958   0.442658
0.0379894 -0.056497  0.442652
  0.037988 -0.0564981   0.442645
 0.0379866 -0.0564995   0.442639
 0.0379853 -0.0565007   0.442633
 0.0379824 -0.0565038   0.442627
 0.0379811 -0.0565049   0.442622
 0.0379798 -0.0565052   0.442616
0.0379787 -0.056506  0.442611
 0.0379776 -0.0565066   0.442605
 0.0379767 -0.0565074     0.4426
0.0379758 -0.056508  0.442595
  0.037975 -0.0565083   0.442589
 0.0379741 -0.0565088   0.442585
0.0379735 -0.056509   0.44258
 0.0379729 -0.0565095   0.442575
 0.0379725 -0.0565097    0.44257
  0.037972 -0.0565097   0.442565
 0.0379716 -0.0565092   0.442561
 0.0379713 -0.0565094   0.442556
  0.037971 -0.0565093   0.442552
 0.0379707 -0.0565072   0.442547
 0.0379704 -0.0565092   0.442543
 0.0379698 -0.0565071   0.442539
0.0379696 -0.056509  0.442535
 0.0379693 -0.0565071   0.442531
  0.037969 -0.0565085   0.442527
 0.0379684 -0.0565084   0.442524
 0.0379681 -0.0565083    0.44252
 0.0379676 -0.0565081   0.442516
  0.037967 -0.0565083   0.442513
 0.0379664 -0.0565083    0.44251
 0.0379657 -0.0565062   0.442506
  0.037965 -0.0565081   0.442503
 0.0379641 -0.0565075     0.4425
 0.0379633 -0.0565073   0.442497
 0.0379625 -0.0565072   0.442494
 0.0379612 -0.0565073   0.442491
 0.0379602 -0.0565071   0.442488
 0.0379591 -0.0565073   0.442486
 0.0379579 -0.0565066   0.442483
 0.0379567 -0.0565065    0.44248
 0.0379562 -0.0565065   0.442477
 0.0379545 -0.0565065   0.442475
 0.0379533 -0.0565062   0.442473
  0.037952 -0.0565039    0.44247
 0.0379503 -0.0565048   0.442468
 0.0379498 -0.0565048   0.442465
 0.0379485 -0.0565048   0.442463
 0.0379472 -0.0565044    0.44246
0.0379462 -0.056502  0.442458
 0.0379452 -0.0565031   0.442456
 0.0379443 -0.0565027   0.442453
 0.0379435 -0.0565022   0.442451
 0.0379425 -0.0565018   0.442449
  0.037942 -0.0565013   0.442446
 0.0379413 -0.0564983   0.442444
 0.0379409 -0.0565003   0.442442
 0.0379403 -0.0564997    0.44244
 0.0379406 -0.0564967   0.442438
 0.0379403 -0.0564963   0.442436
   0.03794 -0.0564939   0.442434
 0.0379397 -0.0564933   0.442432
 0.0379395 -0.0564919    0.44243
 0.037938 -0.056493  0.442428
 0.0379378 -0.0564945   0.442427
 0.0379374 -0.0564919   0.442425
 0.0379373 -0.0564933   0.442423
  0.037937 -0.0564925   0.442422
 0.0379368 -0.0564919    0.44242
 0.0379364 -0.0564914   0.442419
  0.037936 -0.0564909   0.442417
 0.0379356 -0.0564897   0.442416
0.0379351 -0.056489  0.442415
 0.0379345 -0.0564885   0.442413
 0.0379339 -0.0564878   0.442412
 0.0379333 -0.0564866   0.442411
 0.0379325 -0.0564859   0.442409
 0.0379318 -0.0564833   0.442408
 0.0379307 -0.0564825   0.442407
 0.0379296 -0.0564812   0.442406
 0.0379293 -0.0564806   0.442404
0.0379281  -0.05648  0.442403
 0.0379272 -0.0564793   0.442402
  0.037926 -0.0564781   0.442401
 0.0379249 -0.0564773     0.4424
 0.0379244 -0.0564784   0.442399
 0.0379229 -0.0564778   0.442398
 0.0379221 -0.0564767   0.442397
 0.0379213 -0.0564762   0.442396
 0.0379208 -0.0564716   0.442395
 0.0379191 -0.0564722   0.442394
 0.0379182 -0.0564734   0.442393
 0.0379176 -0.0564727   0.442392
