 0.269494 -0.328231  0.603725
 0.268879 -0.326641   0.60674
 0.268881 -0.326639  0.606738
 0.268888 -0.326632   0.60673
 0.268898 -0.326621  0.606717
 0.268914 -0.326605    0.6067
 0.268933 -0.326584  0.606677
 0.268957 -0.326559  0.606649
 0.268985 -0.326529  0.606616
 0.269017 -0.326495  0.606578
 0.269054 -0.326456  0.606535
 0.269095 -0.326412  0.606487
  0.26914 -0.326364  0.606434
  0.26919 -0.326312  0.606376
 0.269244 -0.326254  0.606313
 0.269302 -0.326193  0.606244
 0.269365 -0.326126  0.606171
 0.269432 -0.326055  0.606093
0.269503 -0.32598 0.606009
0.269578  -0.3259 0.605921
 0.269658 -0.325815  0.605827
 0.269742 -0.325726  0.605729
 0.269831 -0.325632  0.605625
 0.269924 -0.325533  0.605516
0.270021 -0.32543 0.605403
 0.270122 -0.325323  0.605284
 0.270228 -0.325211   0.60516
 0.270338 -0.325094  0.605031
 0.270452 -0.324973  0.604897
 0.270571 -0.324847  0.604758
 0.270694 -0.324716  0.604614
 0.270821 -0.324582  0.604465
 0.270953 -0.324442  0.604311
 0.271089 -0.324298  0.604152
 0.271229 -0.324149  0.603987
 0.271374 -0.323996  0.603818
 0.271523 -0.323838  0.603643
 0.271676 -0.323675  0.603464
 0.271833 -0.323508  0.603279
 0.271995 -0.323336   0.60309
0.272161 -0.32316 0.602895
 0.272332 -0.322979  0.602695
 0.272507 -0.322794  0.602491
 0.272686 -0.322604  0.602281
 0.272869 -0.322409  0.602066
0.273057 -0.32221 0.601846
 0.273249 -0.322006  0.601621
 0.273446 -0.321798  0.601391
 0.273646 -0.321585  0.601156
 0.273851 -0.321368  0.600915
 0.274061 -0.321146   0.60067
 0.274274 -0.320919   0.60042
 0.274493 -0.320688  0.600164
 0.274715 -0.320452  0.599904
 0.274942 -0.320212  0.599638
 0.275173 -0.319966  0.599368
 0.275408 -0.319717  0.599092
 0.275648 -0.319463  0.598811
 0.275892 -0.319204  0.598525
  0.27614 -0.318941  0.598235
 0.276392 -0.318673  0.597939
0.276649  -0.3184 0.597638
  0.27691 -0.318123  0.597332
 0.277176 -0.317842  0.597021
 0.277446 -0.317556  0.596705
  0.27772 -0.317265  0.596384
0.277998 -0.31697 0.596058
0.278281 -0.31667 0.595726
 0.278568 -0.316365   0.59539
  0.27886 -0.316056  0.595049
 0.279156 -0.315742  0.594702
 0.279456 -0.315424   0.59435
 0.279761 -0.315101  0.593993
 0.280069 -0.314773  0.593632
 0.280382 -0.314441  0.593265
   0.2807 -0.314104  0.592893
 0.281022 -0.313763  0.592516
 0.281348 -0.313417  0.592134
 0.281678 -0.313067  0.591748
 0.282013 -0.312712  0.591355
 0.282351 -0.312353  0.590958
 0.282695 -0.311989  0.590556
0.283043 -0.31162 0.590149
 0.283394 -0.311247  0.589737
 0.283752 -0.310867  0.589318
 0.284113 -0.310485  0.588895
 0.284478 -0.310098  0.588468
 0.284847 -0.309706  0.588035
 0.28522 -0.30931 0.587598
0.285598 -0.30891 0.587156
  0.28598 -0.308504  0.586708
 0.286366 -0.308095  0.586255
0.286757 -0.30768 0.585797
 0.287152 -0.307261  0.585335
 0.287552 -0.306838  0.584867
 0.287958 -0.306407  0.584391
 0.288366 -0.305974  0.583913
 0.288779 -0.305536   0.58343
 0.289195 -0.305094  0.582942
 0.289616 -0.304648  0.582449
 0.290041 -0.304197   0.58195
 0.290471 -0.303741  0.581447
   0.2909 -0.303286  0.580944
 0.291329 -0.302831  0.580442
 0.291759 -0.302376  0.579939
0.292188 -0.30192 0.579436
 0.292617 -0.301465  0.578933
0.293046 -0.30101  0.57843
 0.293475 -0.300555  0.577928
 0.293905 -0.300099  0.577425
 0.294334 -0.299644  0.576922
 0.294763 -0.299189  0.576419
 0.295193 -0.298734  0.575916
 0.295623 -0.298278  0.575412
 0.296052 -0.297822   0.57491
 0.296481 -0.297367  0.574407
  0.29691 -0.296912  0.573904
  0.29734 -0.296457  0.573401
  0.29777 -0.296001  0.572897
 0.298199 -0.295545  0.572395
0.298628 -0.29509 0.571892
 0.299057 -0.294635  0.571389
0.299487 -0.29418 0.570886
 0.299916 -0.293724  0.570383
 0.300345 -0.293269  0.569881
 0.300774 -0.292814  0.569378
 0.301203 -0.292359  0.568875
 0.301633 -0.291903  0.568372
 0.302062 -0.291448   0.56787
 0.302491 -0.290993  0.567367
  0.30292 -0.290538  0.566864
 0.303349 -0.290083  0.566361
 0.303779 -0.289627  0.565858
 0.304208 -0.289172  0.565356
 0.304637 -0.288717  0.564853
 0.305066 -0.288262   0.56435
 0.305496 -0.287806  0.563847
 0.306352 -0.286898  0.562844
 0.306352 -0.286898  0.562844
 0.306781 -0.286443  0.562341
 0.307211 -0.285987  0.561838
 0.308069 -0.285077  0.560832
 0.308069 -0.285077  0.560832
 0.308929 -0.284165  0.559825
 0.308929 -0.284165  0.559825
0.309358 -0.28371 0.559322
 0.310217 -0.282799  0.558316
 0.310646 -0.282344  0.557814
 0.311075 -0.281889  0.557311
 0.311504 -0.281434  0.556808
 0.311934 -0.280978  0.556305
 0.312363 -0.280523  0.555803
 0.312792 -0.280068    0.5553
 0.313221 -0.279613  0.554797
  0.31365 -0.279158  0.554294
  0.31408 -0.278702  0.553791
  0.31451 -0.278246  0.553288
 0.314939 -0.277791  0.552785
 0.315368 -0.277335  0.552282
0.315798 -0.27688 0.551779
 0.316227 -0.276425  0.551276
 0.316656 -0.275969  0.550773
 0.317086 -0.275514   0.55027
 0.317515 -0.275059  0.549767
 0.317944 -0.274603  0.549264
 0.318374 -0.274148  0.548762
 0.318803 -0.273693  0.548259
 0.319232 -0.273238  0.547756
 0.319661 -0.272782  0.547253
 0.320091 -0.272327   0.54675
  0.32052 -0.271872  0.546247
  0.32095 -0.271416  0.545744
 0.321379 -0.270961  0.545241
 0.321808 -0.270505  0.544738
0.322238 -0.27005 0.544235
 0.322667 -0.269595  0.543732
0.323096 -0.26914  0.54323
 0.323527 -0.268683  0.542725
 0.323957 -0.268227  0.542222
0.324387 -0.26777 0.541717
0.324387 -0.26777 0.541717
 0.324817 -0.267314  0.541214
 0.325677 -0.266403  0.540207
 0.325677 -0.266403  0.540207
 0.326106 -0.265947  0.539704
 0.326535 -0.265492  0.539201
 0.326963 -0.265039    0.5387
 0.327821 -0.264128  0.537694
 0.327821 -0.264128  0.537694
 0.328681 -0.263217  0.536688
  0.32911 -0.262761  0.536185
  0.32954 -0.262306  0.535682
 0.329969 -0.261851  0.535179
 0.329969 -0.261851  0.535179
 0.330398 -0.261395  0.534676
0.330828 -0.26094 0.534173
 0.331257 -0.260485   0.53367
 0.332115 -0.259574  0.532665
 0.332545 -0.259119  0.532162
 0.332974 -0.258664  0.531659
 0.333402 -0.258209  0.531157
 0.333832 -0.257753  0.530653
 0.334261 -0.257298  0.530151
 0.334691 -0.256843  0.529648
  0.33512 -0.256387  0.529144
  0.33555 -0.255931  0.528641
  0.33598 -0.255475  0.528137
0.336409 -0.25502 0.527634
 0.336839 -0.254564  0.527131
 0.337269 -0.254109  0.526628
 0.337698 -0.253653  0.526125
 0.338128 -0.253197  0.525621
 0.338557 -0.252742  0.525118
 0.338985 -0.252288  0.524617
 0.339409 -0.251838   0.52412
 0.339829 -0.251393  0.523629
 0.340244 -0.250953  0.523142
 0.340656 -0.250516   0.52266
 0.341062 -0.250085  0.522184
 0.341464 -0.249659  0.521713
 0.341862 -0.249237  0.521247
 0.342256 -0.248819  0.520786
 0.342645 -0.248407   0.52033
  0.34303 -0.247998  0.519879
  0.34341 -0.247595  0.519433
 0.343787 -0.247196  0.518993
 0.344159 -0.246801  0.518557
 0.344526 -0.246411  0.518126
  0.34489 -0.246026    0.5177
 0.345249 -0.245645   0.51728
 0.345603 -0.245269  0.516864
 0.345954 -0.244897  0.516454
  0.3463 -0.24453 0.516048
  0.34664 -0.244169   0.51565
0.346979 -0.24381 0.515253
 0.347312 -0.243457  0.514863
 0.347641 -0.243108  0.514478
 0.347641 -0.243108  0.514478
 0.348285 -0.242425  0.513723
0.348601 -0.24209 0.513353
0.348601 -0.24209 0.513353
  0.34922 -0.241434  0.512628
 0.349523 -0.241112  0.512273
 0.349523 -0.241112  0.512273
 0.350115 -0.240484  0.511579
 0.350405 -0.240176  0.511239
 0.350691 -0.239873  0.510905
 0.350973 -0.239574  0.510575
 0.35125 -0.23928  0.51025
 0.351522 -0.238991  0.509931
 0.351791 -0.238706  0.509616
 0.352055 -0.238426  0.509307
 0.352315 -0.238151  0.509003
 0.35257 -0.23788 0.508703
 0.352821 -0.237614  0.508409
 0.353068 -0.237352   0.50812
 0.353311 -0.237095  0.507836
 0.353549 -0.236842  0.507557
 0.353783 -0.236594  0.507283
 0.354012 -0.236351  0.507014
 0.354237 -0.236112   0.50675
 0.354458 -0.235877  0.506492
 0.354675 -0.235648  0.506238
 0.354887 -0.235423  0.505989
 0.355095 -0.235202  0.505745
 0.355299 -0.234986  0.505507
 0.355498 -0.234774  0.505273
 0.355693 -0.234568  0.505045
 0.355884 -0.234365  0.504821
 0.356071 -0.234167  0.504603
 0.356252 -0.233975   0.50439
  0.35643 -0.233786  0.504182
 0.356603 -0.233602  0.503979
 0.356772 -0.233423  0.503781
 0.356937 -0.233248  0.503588
 0.357098 -0.233078    0.5034
 0.357254 -0.232913  0.503217
 0.357406 -0.232751  0.503039
 0.357553 -0.232595  0.502866
 0.357696 -0.232443  0.502699
 0.357835 -0.232296  0.502536
  0.35797 -0.232153  0.502378
   0.3581 -0.232015  0.502225
 0.358226 -0.231881  0.502078
 0.358348 -0.231752  0.501935
 0.358465 -0.231628  0.501798
 0.358578 -0.231508  0.501666
 0.358687 -0.231393  0.501538
 0.358791 -0.231282  0.501416
 0.358891 -0.231176  0.501299
 0.358987 -0.231075  0.501187
 0.359078 -0.230978   0.50108
 0.359165 -0.230885  0.500978
 0.359248 -0.230797  0.500881
 0.359326 -0.230714  0.500789
 0.359401 -0.230636  0.500702
  0.35947 -0.230562   0.50062
 0.359536 -0.230492  0.500544
 0.359597 -0.230427  0.500472
 0.359654 -0.230367  0.500405
 0.359706 -0.230311  0.500344
0.359755 -0.23026 0.500287
 0.359799 -0.230214  0.500236
 0.359838 -0.230172   0.50019
 0.359873 -0.230134  0.500148
 0.359904 -0.230102  0.500112
 0.359931 -0.230073  0.500081
0.359953 -0.23005 0.500055
 0.359971 -0.230031  0.500034
 0.359985 -0.230016  0.500018
 0.359994 -0.230006  0.500007
 0.359999 -0.230001  0.500001
 0.36 -0.23   0.5
 0.36 -0.23   0.5
 0.36 -0.23   0.5
 0.36 -0.23   0.5
 0.36 -0.23   0.5
 0.36 -0.23   0.5
 0.36 -0.23   0.5
 0.36 -0.23   0.5
 0.36 -0.23   0.5
 0.36 -0.23   0.5
 0.36 -0.23   0.5
 0.36 -0.23   0.5
 0.36 -0.23   0.5
 0.36 -0.23   0.5
 0.36 -0.23   0.5
 0.36 -0.23   0.5
 0.36 -0.23   0.5
 0.36 -0.23   0.5
 0.36 -0.23   0.5
 0.36 -0.23   0.5
 0.36 -0.23   0.5
 0.36 -0.23   0.5
 0.36 -0.23   0.5
 0.36 -0.23   0.5
 0.36 -0.23   0.5
 0.36 -0.23   0.5
 0.36 -0.23   0.5
 0.36 -0.23   0.5
 0.36 -0.23   0.5
 0.36 -0.23   0.5
 0.36 -0.23   0.5
 0.36 -0.23   0.5
 0.36 -0.23   0.5
 0.36 -0.23   0.5
 0.36 -0.23   0.5
 0.36 -0.23   0.5
 0.36 -0.23   0.5
 0.36 -0.23   0.5
 0.36 -0.23   0.5
 0.36 -0.23   0.5
 0.36 -0.23   0.5
 0.36 -0.23   0.5
 0.36 -0.23   0.5
 0.36 -0.23   0.5
 0.36 -0.23   0.5
 0.36 -0.23   0.5
 0.36 -0.23   0.5
 0.36 -0.23   0.5
 0.36 -0.23   0.5
 0.36 -0.23   0.5
 0.36 -0.23   0.5
 0.36 -0.23   0.5
 0.36 -0.23   0.5
 0.36 -0.23   0.5
 0.36 -0.23   0.5
 0.36 -0.23   0.5
 0.36 -0.23   0.5
 0.36 -0.23   0.5
 0.36 -0.23   0.5
 0.36 -0.23   0.5
 0.36 -0.23   0.5
 0.36 -0.23   0.5
 0.36 -0.23   0.5
 0.36 -0.23   0.5
 0.36 -0.23   0.5
 0.36 -0.23   0.5
 0.36 -0.23   0.5
 0.36 -0.23   0.5
 0.36 -0.23   0.5
 0.36 -0.23   0.5
 0.36 -0.23   0.5
 0.36 -0.23   0.5
 0.36 -0.23   0.5
 0.36 -0.23   0.5
 0.36 -0.23   0.5
 0.36 -0.23   0.5
 0.36 -0.23   0.5
 0.36 -0.23   0.5
 0.36 -0.23   0.5
 0.36 -0.23   0.5
 0.36 -0.23   0.5
 0.36 -0.23   0.5
 0.36 -0.23   0.5
 0.36 -0.23   0.5
 0.36 -0.23   0.5
 0.36 -0.23   0.5
 0.36 -0.23   0.5
 0.36 -0.23   0.5
 0.36 -0.23   0.5
 0.36 -0.23   0.5
 0.36 -0.23   0.5
 0.36 -0.23   0.5
 0.36 -0.23   0.5
 0.36 -0.23   0.5
 0.36 -0.23   0.5
 0.36 -0.23   0.5
 0.36 -0.23   0.5
 0.36 -0.23   0.5
 0.36 -0.23   0.5
 0.36 -0.23   0.5
 0.36 -0.23   0.5
 0.36 -0.23   0.5
 0.36 -0.23   0.5
 0.36 -0.23   0.5
 0.36 -0.23   0.5
 0.36 -0.23   0.5
 0.36 -0.23   0.5
 0.36 -0.23   0.5
 0.36 -0.23   0.5
 0.36 -0.23   0.5
 0.36 -0.23   0.5
 0.36 -0.23   0.5
 0.36 -0.23   0.5
 0.36 -0.23   0.5
 0.36 -0.23   0.5
 0.36 -0.23   0.5
 0.36 -0.23   0.5
 0.36 -0.23   0.5
 0.36 -0.23   0.5
 0.36 -0.23   0.5
 0.36 -0.23   0.5
 0.36 -0.23   0.5
 0.36 -0.23   0.5
 0.36 -0.23   0.5
 0.36 -0.23   0.5
 0.36 -0.23   0.5
 0.36 -0.23   0.5
 0.36 -0.23   0.5
 0.36 -0.23   0.5
 0.36 -0.23   0.5
 0.36 -0.23   0.5
 0.36 -0.23   0.5
 0.36 -0.23   0.5
 0.36 -0.23   0.5
 0.36 -0.23   0.5
 0.36 -0.23   0.5
 0.36 -0.23   0.5
 0.36 -0.23   0.5
 0.36 -0.23   0.5
 0.36 -0.23   0.5
 0.36 -0.23   0.5
 0.36 -0.23   0.5
 0.36 -0.23   0.5
 0.36 -0.23   0.5
 0.36 -0.23   0.5
 0.36 -0.23   0.5
 0.36 -0.23   0.5
 0.36 -0.23   0.5
 0.36 -0.23   0.5
 0.36 -0.23   0.5
 0.36 -0.23   0.5
 0.36 -0.23   0.5
 0.36 -0.23   0.5
 0.36 -0.23   0.5
 0.36 -0.23   0.5
 0.36 -0.23   0.5
 0.36 -0.23   0.5
 0.36 -0.23   0.5
 0.36 -0.23   0.5
 0.36 -0.23   0.5
 0.36 -0.23   0.5
 0.36 -0.23   0.5
 0.36 -0.23   0.5
 0.36 -0.23   0.5
 0.36 -0.23   0.5
 0.36 -0.23   0.5
 0.36 -0.23   0.5
 0.36 -0.23   0.5
 0.36 -0.23   0.5
 0.36 -0.23   0.5
 0.36 -0.23   0.5
 0.36 -0.23   0.5
 0.36 -0.23   0.5
 0.36 -0.23   0.5
 0.36 -0.23   0.5
 0.36 -0.23   0.5
 0.36 -0.23   0.5
 0.36 -0.23   0.5
 0.36 -0.23   0.5
 0.36 -0.23   0.5
 0.36 -0.23   0.5
 0.36 -0.23   0.5
 0.36 -0.23   0.5
 0.36 -0.23   0.5
 0.36 -0.23   0.5
 0.36 -0.23   0.5
 0.36 -0.23   0.5
 0.36 -0.23   0.5
 0.36 -0.23   0.5
 0.36 -0.23   0.5
 0.36 -0.23   0.5
 0.36 -0.23   0.5
 0.36 -0.23   0.5
 0.36 -0.23   0.5
 0.36 -0.23   0.5
 0.36 -0.23   0.5
 0.36 -0.23   0.5
 0.36 -0.23   0.5
 0.36 -0.23   0.5
 0.36 -0.23   0.5
 0.36 -0.23   0.5
 0.36 -0.23   0.5
 0.36 -0.23   0.5
 0.36 -0.23   0.5
 0.36 -0.23   0.5
 0.36 -0.23   0.5
 0.36 -0.23   0.5
 0.36 -0.23   0.5
 0.36 -0.23   0.5
 0.36 -0.23   0.5
 0.36 -0.23   0.5
 0.36 -0.23   0.5
 0.36 -0.23   0.5
 0.36 -0.23   0.5
 0.36 -0.23   0.5
 0.36 -0.23   0.5
 0.36 -0.23   0.5
 0.36 -0.23   0.5
 0.36 -0.23   0.5
 0.36 -0.23   0.5
 0.36 -0.23   0.5
 0.36 -0.23   0.5
 0.36 -0.23   0.5
 0.36 -0.23   0.5
 0.36 -0.23   0.5
 0.36 -0.23   0.5
 0.36 -0.23   0.5
 0.36 -0.23   0.5
 0.36 -0.23   0.5
 0.36 -0.23   0.5
 0.36 -0.23   0.5
