  0.26888 -0.326638  0.606737
  0.26888 -0.326638  0.606737
 0.268881 -0.326633  0.606739
  0.26888 -0.326631  0.606734
 0.268882 -0.326627  0.606735
 0.268886 -0.326624   0.60674
 0.268893 -0.326619  0.606749
 0.268901 -0.326612  0.606765
 0.268911 -0.326604  0.606782
 0.268924 -0.326595  0.606807
 0.268938 -0.326588  0.606828
 0.268954 -0.326578  0.606856
 0.268992 -0.326555  0.606917
 0.269013 -0.326543   0.60695
 0.269036 -0.326527  0.606984
  0.26906 -0.326512   0.60702
 0.269084 -0.326493  0.607053
 0.269084 -0.326493  0.607053
 0.269134 -0.326464  0.607121
 0.269162 -0.326424  0.607152
  0.26919 -0.326398  0.607182
 0.269217 -0.326367  0.607209
 0.269244 -0.326336  0.607235
0.269272  -0.3263 0.607256
   0.2693 -0.326262  0.607277
0.269327 -0.32622 0.607289
 0.269354 -0.326176  0.607299
 0.269382 -0.326126  0.607308
 0.269409 -0.326076  0.607309
 0.269437 -0.326019   0.60731
 0.269464 -0.325959  0.607303
 0.269493 -0.325895  0.607296
 0.269521 -0.325827  0.607279
  0.26955 -0.325757  0.607259
0.269581 -0.32568 0.607237
 0.269611 -0.325601  0.607209
 0.269644 -0.325515  0.607179
 0.269676 -0.325428  0.607142
 0.269711 -0.325332  0.607104
 0.269746 -0.325236  0.607058
 0.269784 -0.325131  0.607015
 0.269822 -0.325023   0.60696
 0.269863 -0.324912  0.606904
 0.269906 -0.324794  0.606846
  0.26995 -0.324673  0.606782
 0.269997 -0.324546  0.606718
 0.270045 -0.324416  0.606646
 0.270097 -0.324278  0.606569
 0.270153 -0.324139  0.606553
 0.270204 -0.323992  0.606407
 0.270266 -0.323822  0.606321
 0.270325 -0.323666  0.606232
 0.270386 -0.323508   0.60614
 0.270449 -0.323343  0.606042
 0.270515 -0.323175  0.605944
 0.270582 -0.323001  0.605838
 0.270651 -0.322823   0.60573
 0.270722 -0.322642  0.605618
 0.270794 -0.322455  0.605502
 0.270868 -0.322266  0.605381
0.270944 -0.32207 0.605256
 0.271022 -0.321872  0.605127
 0.271101 -0.321668  0.604991
 0.271183 -0.321458  0.604857
 0.271265 -0.321247  0.604707
 0.271349 -0.321028  0.604558
 0.271428 -0.320833   0.60441
 0.271522 -0.320579  0.604242
 0.271612 -0.320346  0.604078
0.271703 -0.32011 0.603904
 0.271782 -0.319874  0.603684
 0.27189 -0.31962 0.603543
 0.271987 -0.319365  0.603354
  0.27209 -0.319106  0.603169
 0.272191 -0.318843  0.602966
 0.272294 -0.318573   0.60276
 0.272398 -0.318297  0.602546
 0.272506 -0.318018  0.602327
 0.272614 -0.317731  0.602099
 0.272727 -0.317438  0.601871
 0.272839 -0.317142  0.601627
 0.272954 -0.316838  0.601381
 0.273072 -0.316529   0.60113
 0.273192 -0.316216  0.600869
 0.273315 -0.315895  0.600606
 0.273438 -0.315569  0.600306
 0.273565 -0.315239   0.60003
 0.273694 -0.314902  0.599741
0.273825 -0.31456 0.599449
 0.273959 -0.314214   0.59915
 0.274095 -0.313861  0.598844
 0.274234 -0.313502  0.598534
0.274375 -0.31314 0.598214
 0.274526 -0.312734  0.597871
 0.274671 -0.312362  0.597536
 0.274819 -0.311982  0.597198
  0.27497 -0.311598  0.596854
 0.275123 -0.311209  0.596503
 0.275278 -0.310817  0.596145
 0.275436 -0.310418   0.59578
 0.275596 -0.310015  0.595411
 0.275757 -0.309607  0.595031
 0.275923 -0.309197  0.594649
0.276089 -0.30878 0.594252
 0.276258 -0.308358  0.593851
 0.276429 -0.307932  0.593444
 0.276603 -0.307501  0.593028
 0.276779 -0.307066  0.592606
 0.276957 -0.306625  0.592174
 0.27715 -0.30619 0.591769
 0.277333 -0.305741  0.591321
 0.277519 -0.305287  0.590866
 0.277707 -0.304828  0.590405
 0.277894 -0.304364  0.589882
 0.278086 -0.303897  0.589404
  0.27828 -0.303428  0.588915
 0.278477 -0.302953  0.588422
 0.278674 -0.302474  0.587917
 0.278875 -0.301992  0.587412
 0.279076 -0.301507  0.586891
0.279279 -0.30102 0.586366
0.279485 -0.30053 0.585835
 0.279691 -0.300038  0.585297
   0.2799 -0.299544  0.584754
  0.28011 -0.299049  0.584201
 0.280322 -0.298553  0.583647
 0.280535 -0.298057   0.58308
 0.280748 -0.297558  0.582512
 0.280964 -0.297059  0.581936
0.281181 -0.29656 0.581352
   0.2814 -0.296061  0.580765
 0.281612 -0.295548  0.580147
 0.281841 -0.295062  0.579569
 0.282063 -0.294562  0.578958
 0.282287 -0.294061  0.578345
 0.282513 -0.293561  0.577725
 0.28274 -0.29306 0.577099
 0.282969 -0.292559   0.57647
 0.283199 -0.292058  0.575832
 0.283433 -0.291556  0.575193
 0.283666 -0.291054  0.574545
 0.283904 -0.290552  0.573898
0.284142 -0.29005 0.573239
 0.284383 -0.289544   0.57258
 0.284634 -0.289041  0.572003
 0.284859 -0.288503  0.571269
 0.285129 -0.288032  0.570667
 0.285359 -0.287492  0.569922
 0.285605 -0.287066  0.569296
  0.28587 -0.286478  0.568561
 0.286141 -0.286089  0.567994
 0.286404 -0.285584  0.567306
 0.286646 -0.285039  0.566541
 0.286923 -0.284448  0.565799
 0.287183 -0.284024  0.565148
 0.287455 -0.283516  0.564446
0.287753 -0.28305 0.563819
 0.288032 -0.282456  0.562968
 0.288312 -0.281949  0.562264
 0.288593 -0.281443  0.561558
0.288878 -0.28094 0.560854
 0.289163 -0.280437  0.560147
  0.28945 -0.279936  0.559444
 0.289739 -0.279437  0.558744
0.290029 -0.27894 0.558045
 0.290321 -0.278446   0.55735
 0.290614 -0.277956  0.556654
 0.290909 -0.277468   0.55597
 0.291204 -0.276984  0.555279
 0.291501 -0.276502  0.554597
   0.2918 -0.276026  0.553918
0.292099 -0.27555 0.553244
   0.2924 -0.275077  0.552576
 0.292702 -0.274609  0.551906
 0.293006 -0.274141  0.551244
 0.293312 -0.273676  0.550586
 0.293619 -0.273214  0.549932
 0.293928 -0.272753  0.549284
 0.294239 -0.272291   0.54864
 0.294552 -0.271833  0.548004
 0.294867 -0.271373  0.547365
 0.295184 -0.270913  0.546736
 0.295504 -0.270454  0.546113
 0.295826 -0.269995  0.545495
  0.29615 -0.269535  0.544884
 0.296476 -0.269075  0.544275
 0.296804 -0.268615  0.543672
 0.297135 -0.268155  0.543077
 0.297467 -0.267694  0.542486
 0.297801 -0.267233  0.541904
 0.298139 -0.266767  0.541326
 0.298477 -0.266307  0.540759
 0.298815 -0.265845  0.540191
 0.299156 -0.265384  0.539633
 0.299516 -0.264843   0.53904
 0.299857 -0.264383  0.538497
 0.300182 -0.264002  0.538009
 0.300525 -0.263542  0.537479
 0.300887 -0.263004  0.536919
  0.30123 -0.262554  0.536407
 0.301574 -0.262097  0.535906
 0.301935 -0.261677  0.535403
 0.302277 -0.261243  0.534994
 0.302604 -0.260749  0.534455
 0.302946 -0.260302  0.533985
 0.303288 -0.259864  0.533523
 0.303631 -0.259409  0.533003
  0.30397 -0.258981  0.532633
  0.30431 -0.258549  0.532201
 0.304666 -0.258139  0.531767
 0.304987 -0.257676   0.53136
0.305326 -0.25725 0.530949
 0.305646 -0.256889  0.530581
 0.305984 -0.256457  0.530191
 0.306321 -0.256025  0.529805
 0.306656 -0.255601   0.52943
 0.306993 -0.255169  0.529054
 0.307329 -0.254737   0.52869
 0.307664 -0.254312  0.528331
 0.308022 -0.253797  0.527893
 0.308357 -0.253371  0.527548
 0.308702 -0.252969  0.527259
 0.309036 -0.252533  0.526925
0.309351 -0.25216 0.526627
   0.3097 -0.251667  0.526278
  0.31003 -0.251231  0.525967
 0.310358 -0.250801  0.525658
 0.310685 -0.250366  0.525362
 0.31101 -0.24993 0.525067
 0.311333 -0.249503  0.524778
 0.311654 -0.249072  0.524501
 0.311972 -0.248643  0.524228
 0.312286 -0.248222  0.523964
 0.312671 -0.248051  0.524073
 0.312908 -0.247378  0.523454
 0.313281 -0.247207  0.523557
 0.313582 -0.246786  0.523308
 0.313878 -0.246369  0.523065
0.314173 -0.24596 0.522827
 0.314462 -0.245547  0.522591
  0.31475 -0.245137  0.522361
  0.31498 -0.244535  0.521853
0.315312 -0.24433 0.521914
 0.315589 -0.243929  0.521699
  0.31581 -0.243605  0.521556
 0.316078 -0.243194  0.521344
 0.316332 -0.242789  0.521145
 0.31658 -0.24239 0.520953
 0.316823 -0.242002  0.520767
 0.317077 -0.241587  0.520573
  0.31731 -0.241207  0.520382
 0.317537 -0.240844  0.520213
 0.317761 -0.240481  0.520057
  0.31798 -0.240127   0.51991
 0.318197 -0.239785  0.519764
 0.318409 -0.239446  0.519632
 0.318619 -0.239114  0.519499
 0.318825 -0.238793  0.519371
 0.319029 -0.238461  0.519254
 0.319229 -0.238161  0.519134
   0.3194 -0.237756  0.518893
 0.319597 -0.237457  0.518791
0.319791 -0.23716 0.518686
 0.319986 -0.236875  0.518599
   0.3202 -0.236668  0.518616
 0.320365 -0.236299   0.51841
 0.320551 -0.236015   0.51832
 0.320736 -0.235732  0.518227
 0.320918 -0.235461  0.518135
 0.321098 -0.235174  0.518036
 0.321278 -0.234893  0.517948
 0.321457 -0.234615  0.517861
0.321648  -0.2344  0.51785
 0.321824 -0.234126  0.517763
 0.321995 -0.233843  0.517669
 0.322166 -0.233552  0.517576
 0.322334 -0.233272  0.517475
 0.322499 -0.232986  0.517376
 0.322662 -0.232703  0.517275
 0.322823 -0.232421  0.517171
 0.322981 -0.232137  0.517068
 0.323137 -0.231855  0.516961
 0.323289 -0.231577  0.516853
 0.323439 -0.231298  0.516747
 0.323581 -0.230985  0.516614
  0.32373 -0.230752  0.516532
  0.32387 -0.230484  0.516423
 0.324007 -0.230223  0.516316
 0.324138 -0.229933  0.516197
 0.324268 -0.229683  0.516096
 0.324396 -0.229439  0.515995
 0.324521 -0.229235  0.515907
 0.324641 -0.229006  0.515808
 0.324758 -0.228785  0.515714
 0.324871 -0.228572   0.51562
 0.324981 -0.228333  0.515526
 0.325089 -0.228135   0.51544
 0.325193 -0.227976  0.515356
 0.325295 -0.227758   0.51527
0.325394 -0.22758 0.515191
 0.325491 -0.227444  0.515115
0.325585 -0.22728 0.515035
 0.325677 -0.227121   0.51496
 0.325767 -0.226968  0.514886
 0.325855 -0.226819  0.514813
 0.325951 -0.226657  0.514737
 0.326035 -0.226517  0.514665
0.326119 -0.22638 0.514596
 0.326203 -0.226209  0.514532
 0.326285 -0.226078  0.514466
 0.326363 -0.225988  0.514397
 0.326442 -0.225861   0.51433
 0.326519 -0.225736  0.514265
 0.326596 -0.225614  0.514202
 0.326671 -0.225493  0.514138
 0.326746 -0.225375  0.514077
 0.326819 -0.225258  0.514012
  0.32689 -0.225144   0.51395
 0.326961 -0.225031  0.513889
 0.32703 -0.22492 0.513828
 0.327097 -0.224813  0.513769
 0.327166 -0.224668  0.513717
 0.327228 -0.224605  0.513648
 0.327291 -0.224506  0.513589
 0.327352 -0.224408   0.51353
 0.327412 -0.224316  0.513475
  0.32747 -0.224224  0.513415
 0.327526 -0.224137  0.513358
  0.32758 -0.224055  0.513303
 0.327633 -0.223975  0.513247
 0.327687 -0.223856  0.513199
 0.327733 -0.223827  0.513139
  0.32778 -0.223758  0.513085
 0.327826 -0.223693  0.513033
  0.32787 -0.223632  0.512981
 0.327913 -0.223575  0.512932
 0.327954 -0.223522  0.512879
 0.327995 -0.223469   0.51283
 0.328033 -0.223422  0.512781
 0.328071 -0.223379  0.512733
 0.328107 -0.223338  0.512686
 0.328143 -0.223297  0.512639
 0.328183 -0.223201  0.512573
0.328213 -0.22322 0.512549
 0.328247 -0.223184  0.512505
 0.328281 -0.223149  0.512464
 0.328318 -0.223065  0.512425
 0.328348 -0.223081  0.512378
 0.328382 -0.223048  0.512338
 0.328414 -0.223016  0.512297
 0.328447 -0.222984  0.512259
  0.32848 -0.222952  0.512219
0.328512 -0.22292 0.512181
0.328549 -0.22288 0.512141
 0.328581 -0.222849  0.512103
 0.328613 -0.222819  0.512068
 0.328645 -0.222788   0.51203
 0.328677 -0.222757  0.511994
 0.328705 -0.222736  0.511961
 0.328736 -0.222706  0.511924
 0.328767 -0.222677  0.511891
 0.328798 -0.222648  0.511855
 0.328829 -0.222619   0.51182
 0.328859 -0.222593  0.511786
 0.328893 -0.222556  0.511749
 0.328922 -0.222531  0.511717
 0.328951 -0.222505  0.511681
 0.328979 -0.222482  0.511648
 0.329006 -0.222459  0.511615
 0.329033 -0.222439  0.511581
 0.329059 -0.222419   0.51155
 0.329084 -0.222401  0.511516
  0.32911 -0.222384  0.511483
 0.329134 -0.222368  0.511451
 0.329157 -0.222355  0.511419
  0.32918 -0.222342  0.511389
 0.329203 -0.222331  0.511356
 0.329225 -0.222321  0.511326
 0.329246 -0.222313  0.511295
 0.329267 -0.222305  0.511265
 0.329288 -0.222299  0.511237
 0.329308 -0.222293  0.511206
 0.329328 -0.222288  0.511176
 0.329348 -0.222284  0.511148
0.329368 -0.22228 0.511119
 0.329388 -0.222276  0.511093
 0.329408 -0.222272  0.511064
 0.329427 -0.222268  0.511037
 0.329447 -0.222265   0.51101
 0.329467 -0.222261  0.510984
 0.329487 -0.222257  0.510959
0.329509  -0.2222 0.510933
 0.329527 -0.222249  0.510906
 0.329548 -0.222244  0.510881
0.329568 -0.22224 0.510855
 0.329589 -0.222234  0.510833
 0.329609 -0.222229  0.510806
  0.32963 -0.222223  0.510782
 0.329651 -0.222217  0.510758
 0.329672 -0.222211  0.510734
 0.329693 -0.222205  0.510712
 0.329713 -0.222199  0.510687
 0.329734 -0.222193  0.510664
 0.329755 -0.222187  0.510641
 0.329776 -0.222181  0.510618
 0.329796 -0.222176  0.510597
 0.329817 -0.222171  0.510572
 0.329837 -0.222165   0.51055
 0.329857 -0.222161  0.510528
 0.329877 -0.222156  0.510506
 0.329897 -0.222153  0.510485
 0.329917 -0.222149  0.510462
 0.329936 -0.222146   0.51044
 0.329955 -0.222144  0.510419
 0.329974 -0.222143  0.510397
 0.329993 -0.222142  0.510377
 0.330011 -0.222142  0.510354
 0.330029 -0.222143  0.510334
 0.330048 -0.222144  0.510313
 0.330065 -0.222145  0.510292
 0.330083 -0.222148  0.510273
  0.3301 -0.22215 0.510251
 0.330118 -0.222154  0.510231
 0.330135 -0.222157  0.510211
 0.330152 -0.222161  0.510191
 0.330169 -0.222165  0.510173
 0.330186 -0.222169  0.510152
 0.330204 -0.222173  0.510132
 0.330221 -0.222177  0.510113
  0.33024 -0.222127  0.510094
 0.330255 -0.222185  0.510077
 0.330273 -0.222194  0.510056
 0.330292 -0.222144  0.510037
 0.330306 -0.222203  0.510018
 0.330324 -0.222206  0.509999
0.330342 -0.22221 0.509982
 0.330362 -0.222157  0.509966
 0.330378 -0.222216  0.509952
 0.330395 -0.222218  0.509928
 0.330413 -0.222221   0.50991
 0.330431 -0.222224  0.509894
  0.33045 -0.222225  0.509878
 0.330467 -0.222229  0.509863
0.330486 -0.22223 0.509842
 0.330504 -0.222231  0.509825
 0.330523 -0.222232  0.509809
 0.330542 -0.222233  0.509791
  0.33056 -0.222234  0.509779
 0.330579 -0.222234  0.509758
 0.330598 -0.222234  0.509741
 0.330617 -0.222235  0.509726
 0.330636 -0.222235  0.509708
 0.330655 -0.222236  0.509696
 0.330674 -0.222236  0.509676
0.330696 -0.22223  0.50966
 0.330715 -0.222231  0.509646
 0.330733 -0.222232  0.509629
 0.330751 -0.222235  0.509618
  0.33077 -0.222236  0.509598
 0.330788 -0.222239  0.509582
 0.330806 -0.222243  0.509567
 0.330824 -0.222246  0.509551
 0.330841 -0.222252   0.50954
 0.330858 -0.222256  0.509521
 0.330876 -0.222262  0.509505
 0.330893 -0.222268  0.509491
  0.33091 -0.222274  0.509475
0.330926 -0.22228 0.509465
 0.330943 -0.222287  0.509445
  0.33096 -0.222293   0.50943
 0.330979 -0.222247  0.509414
 0.330994 -0.222307  0.509401
 0.331012 -0.222262  0.509386
 0.331027 -0.222322  0.509372
 0.331046 -0.222276  0.509357
 0.331061 -0.222336  0.509345
 0.331078 -0.222343   0.50933
 0.331095 -0.222351   0.50932
 0.331112 -0.222357  0.509302
 0.331129 -0.222363  0.509287
 0.331146 -0.222371  0.509275
 0.331166 -0.222323  0.509261
 0.331181 -0.222383  0.509252
 0.331203 -0.222378  0.509154
 0.331217 -0.222391  0.509221
 0.331236 -0.222395  0.509208
 0.331253 -0.222399  0.509195
 0.331272 -0.222403  0.509186
 0.331291 -0.222405  0.509168
  0.33131 -0.222406  0.509156
 0.331329 -0.222408  0.509144
 0.331349 -0.222408  0.509129
 0.331366 -0.222417  0.509121
 0.331386 -0.222417  0.509105
 0.331408 -0.222367  0.509092
 0.331425 -0.222413  0.509081
 0.331445 -0.222418  0.509067
 0.331463 -0.222421  0.509058
 0.331483 -0.222417  0.509043
 0.331504 -0.222368  0.509031
0.331521 -0.22242 0.509019
  0.33154 -0.222423  0.509006
 0.331558 -0.222427  0.508998
 0.331576 -0.222431  0.508982
 0.331595 -0.222435   0.50897
 0.331615 -0.222388  0.508958
 0.33163 -0.22245 0.508946
 0.331647 -0.222458  0.508938
 0.331664 -0.222464   0.50892
 0.331681 -0.222472  0.508908
 0.331701 -0.222427  0.508896
 0.331718 -0.222435  0.508886
 0.331735 -0.222442  0.508873
 0.331755 -0.222445  0.508867
 0.331769 -0.222504  0.508852
 0.331788 -0.222462   0.50884
 0.331803 -0.222521  0.508829
0.331819 -0.22253 0.508822
 0.331836 -0.222538  0.508807
 0.331852 -0.222547  0.508796
 0.331869 -0.222556  0.508785
 0.331886 -0.222563  0.508774
 0.331903 -0.222571  0.508766
 0.331921 -0.222578  0.508752
 0.331938 -0.222584   0.50874
 0.331956 -0.222588   0.50873
 0.331974 -0.222593  0.508718
 0.331995 -0.222546  0.508707
 0.332013 -0.222551    0.5087
 0.332032 -0.222552  0.508686
 0.332052 -0.222553  0.508675
 0.332071 -0.222555  0.508665
  0.33209 -0.222556  0.508652
 0.332109 -0.222563  0.508645
 0.332128 -0.222565  0.508632
 0.332145 -0.222615   0.50862
0.332163 -0.22262 0.508611
 0.332181 -0.222623  0.508603
 0.332199 -0.222627   0.50859
 0.332219 -0.222584  0.508578
  0.33224 -0.222583  0.508569
 0.332255 -0.222638  0.508559
 0.332273 -0.222644  0.508552
