5.00679e-06
0.00955391
0.0196109
0.029685
0.039762
0.0498209
0.059906
0.0699661
0.080049
0.090116
0.100189
0.110247
0.120305
0.130364
0.140423
0.150481
0.16054
0.170603
0.180673
0.190745
0.2008
0.210865
0.220937
0.230993
0.241049
0.251116
0.261172
0.271228
0.281293
0.291365
0.301431
0.311485
0.321553
0.331609
0.341664
0.35172
0.361776
0.371844
0.3819
0.391956
0.402014
0.412082
0.422151
0.432209
0.442282
0.452352
0.462409
0.472463
0.48252
0.492577
0.502644
0.512699
0.522756
0.532813
0.542871
0.552928
0.562995
0.573063
0.58313
0.593188
0.603261
0.613333
0.623401
0.633459
0.643515
0.653575
0.663633
0.673708
0.68378
0.693836
0.703891
0.713948
0.724004
0.734063
0.744122
0.754182
0.764241
0.7743
0.78436
0.794417
0.804465
0.814532
0.824653
0.834712
0.84477
0.854825
0.864882
0.87494
0.884997
0.895053
0.905113
0.915172
0.925226
0.935275
0.945333
0.955399
0.965455
0.975467
0.985534
0.995591
1.00566
1.01572
1.02578
1.03583
1.04589
1.05595
1.06602
1.07608
1.08614
1.0962
1.10626
1.11633
1.12634
1.1364
1.14647
1.15652
1.16659
1.17667
1.18674
1.19682
1.20688
1.21695
1.22702
1.23709
1.24715
1.25721
1.26726
1.27732
1.28738
1.29744
1.30749
1.31755
1.32762
1.33769
1.34776
1.35781
1.36787
1.37795
1.388
1.39804
1.4081
1.41818
1.42824
1.4383
1.44836
1.45843
1.46849
1.47855
1.48865
1.49871
1.50876
1.51882
1.52888
1.53894
1.54901
1.55907
1.56913
1.57919
1.58924
1.5993
1.60936
1.61942
1.62948
1.63954
1.6496
1.65974
1.66971
1.67977
1.68984
1.69989
1.70997
1.72003
1.73008
1.74014
1.7502
1.76026
1.77031
1.78037
1.79043
1.8005
1.81055
1.82061
1.83067
1.84073
1.85076
1.86081
1.87087
1.88093
1.89099
1.90105
1.9111
1.92116
1.93123
1.94129
1.95135
1.96142
1.97148
1.98158
1.99164
2.00169
2.01175
2.02181
2.03187
2.04193
2.05199
2.06205
2.07211
2.08217
2.09223
2.10229
2.11235
2.12241
2.13247
2.14254
2.1526
2.16268
2.17273
2.18279
2.19285
2.2029
2.21296
2.22302
2.23309
2.24315
2.25321
2.26323
2.27329
2.28335
2.29341
2.30347
2.31353
2.32359
2.33365
2.3437
2.35379
2.36383
2.37385
2.38387
2.39393
2.40398
2.41404
2.4241
2.43416
2.44422
2.45427
2.4644
2.47446
2.48453
2.49459
2.50465
2.51471
2.52476
2.53482
2.54487
2.55493
2.56498
2.57504
2.58509
2.59515
2.60521
2.61527
2.62533
2.63538
2.64544
2.6555
2.66556
2.67561
2.68569
2.69575
2.70581
2.71588
2.72593
2.73599
2.74605
2.7561
2.76616
2.77621
2.78627
2.79632
2.80637
2.81643
2.82649
2.83655
2.84661
2.85666
2.86672
2.87678
2.88684
2.89689
2.90695
2.91701
2.92707
2.93713
2.94719
2.95725
2.96731
2.97737
2.98743
2.99748
3.00754
3.0176
3.02765
3.03771
3.04777
3.05783
3.06789
3.07794
3.088
3.09806
3.10812
3.11818
3.12824
3.1383
3.14836
3.15842
3.16848
3.17854
3.1886
3.19865
3.20871
3.21877
3.22883
3.23889
3.24895
3.25901
3.26907
3.27913
3.2892
3.29925
3.30931
3.31937
3.32943
3.33948
3.34953
3.35959
3.36964
3.3797
3.38976
3.39982
3.40988
3.41994
3.43001
3.44006
3.45012
3.46018
3.47023
3.48029
3.49035
3.50041
3.51047
3.52053
3.53059
3.54064
3.5507
3.56076
3.57082
3.58088
3.59094
3.601
3.61105
3.62111
3.63117
3.64123
3.65129
3.66135
3.67141
3.68147
3.69153
3.70159
3.71165
3.72171
3.73178
3.74184
3.75189
3.76195
3.77201
3.78206
3.79212
3.80219
3.81224
3.8223
3.83236
3.84241
3.85247
3.86253
3.87259
3.88264
3.8927
3.90276
3.91282
3.92287
3.93293
3.94299
3.95304
3.9631
3.97316
3.98322
3.99327
4.00333
4.01339
4.02345
4.0335
4.04356
4.05362
4.06368
4.07374
4.0838
4.09386
4.10391
4.11397
4.12403
4.13409
4.14415
4.15421
4.16427
4.17433
4.18439
4.19445
4.20451
4.21458
4.22464
4.2347
4.24477
4.25482
4.26488
4.27494
4.285
4.29506
4.30512
4.31518
4.32523
4.33529
4.34536
4.35542
4.36553
4.37558
4.38564
4.3957
4.40576
4.41581
4.42587
4.43593
4.44599
4.45604
4.4661
4.47616
4.48621
4.49627
4.50632
4.51638
4.52643
4.53649
4.54654
4.5566
4.56666
4.57671
4.58677
4.59683
4.60689
4.61693
4.62699
4.63705
4.64711
4.65715
4.66721
4.67726
4.68732
4.69742
4.70749
4.71754
4.72757
4.73768
4.74774
4.75776
4.76782
4.77789
4.78794
4.798
4.80806
4.81811
4.82817
4.83823
4.84827
4.85833
4.8684
4.87845
4.88851
4.89858
4.90864
4.91869
4.92875
4.93882
4.9489
4.95895
4.96901
4.97907
4.98913
4.99918
5.00924
5.0193
5.02936
5.03941
5.04947
5.05953
5.06959
5.07965
5.08971
5.09972
5.10977
5.11983
5.12995
5.14
5.15006
5.16012
5.17018
5.18023
5.19029
5.20035
5.21042
5.22047
5.23049
5.24055
5.25061
5.26067
5.27073
5.28078
5.29084
5.30089
5.31097
5.32102
5.33108
5.34116
5.35122
5.36129
5.37136
5.38141
5.39148
5.40155
5.41161
5.42167
5.43173
5.44179
5.45185
