0.0163703 -0.105328  0.508612
0.0163703 -0.105328  0.508612
0.0163703 -0.105325  0.508612
  0.01637 -0.105305  0.508616
  0.01637 -0.105305  0.508616
0.0163698 -0.105287  0.508618
0.0163695 -0.105265  0.508622
0.0163691 -0.105237  0.508626
0.0163687 -0.105204  0.508631
0.0163677 -0.105123  0.508643
 0.016367 -0.105075   0.50865
0.0163663 -0.105022  0.508658
0.0163663 -0.105022  0.508658
0.0163656 -0.104964  0.508667
0.0163647   -0.1049  0.508677
0.0163638 -0.104832  0.508687
0.0163629 -0.104759  0.508698
0.0163619  -0.10468   0.50871
0.0163608 -0.104597  0.508723
0.0163596 -0.104508  0.508736
0.0163584 -0.104415   0.50875
0.0163571 -0.104316  0.508765
0.0163557 -0.104212  0.508781
0.0163543 -0.104104  0.508797
0.0163528  -0.10399  0.508814
0.0163513 -0.103871  0.508832
0.0163496 -0.103747  0.508851
 0.016348 -0.103618  0.508871
0.0163462 -0.103484  0.508891
0.0163444 -0.103345  0.508912
0.0163425   -0.1032  0.508934
0.0163405 -0.103051  0.508956
0.0163385 -0.102897   0.50898
0.0163364 -0.102738  0.509004
0.0163343 -0.102573  0.509029
 0.016332 -0.102402  0.509054
0.0163298 -0.102228  0.509081
0.0163274 -0.102048  0.509108
 0.016325 -0.101863  0.509136
0.0163225 -0.101674  0.509165
  0.01632 -0.101479  0.509194
0.0163173 -0.101279  0.509224
0.0163147 -0.101074  0.509255
0.0163119 -0.100864  0.509287
0.0163091 -0.100649   0.50932
0.0163062 -0.100429  0.509353
0.0163033 -0.100204  0.509387
 0.0163003 -0.0999734   0.509422
 0.0162972 -0.0997381   0.509457
  0.016294 -0.0994972   0.509494
 0.0162908 -0.0992519   0.509531
 0.0162875 -0.0990014   0.509569
 0.0162842 -0.0987459   0.509607
 0.0162808 -0.0984854   0.509647
 0.0162773 -0.0982197   0.509687
 0.0162738 -0.0979491   0.509728
 0.0162702 -0.0976734   0.509769
 0.0162665 -0.0973927   0.509812
 0.0162627 -0.0971068   0.509855
0.0162589 -0.096816  0.509899
 0.0162551 -0.0965201   0.509944
 0.0162511 -0.0962191   0.509989
 0.0162471 -0.0959131   0.510036
0.0162431 -0.095602  0.510083
 0.0162389 -0.0952858    0.51013
 0.0162347 -0.0949646   0.510179
 0.0162304 -0.0946383   0.510228
0.0162261 -0.094307  0.510278
 0.0162217 -0.0939706   0.510329
 0.0162172 -0.0936292   0.510381
 0.0162127 -0.0932827   0.510433
 0.0162081 -0.0929312   0.510486
 0.0162034 -0.0925747    0.51054
 0.0161939 -0.0918463    0.51065
 0.0161939 -0.0918463    0.51065
  0.016189 -0.0914746   0.510707
 0.0161792 -0.0907199   0.510821
 0.0161792 -0.0907199   0.510821
 0.0161743 -0.0903472   0.510877
 0.0161695 -0.0899792   0.510933
 0.0161647 -0.0896166   0.510987
   0.01616 -0.0892591   0.511042
0.0161509 -0.088559  0.511147
0.0161509 -0.088559  0.511147
 0.0161464 -0.0882165   0.511199
  0.016142 -0.0878792    0.51125
 0.0161334 -0.0872197    0.51135
 0.0161334 -0.0872197    0.51135
 0.0161291 -0.0868975   0.511399
  0.016125 -0.0865804   0.511447
 0.0161169 -0.0859614    0.51154
 0.0161129 -0.0856595   0.511586
  0.016109 -0.0853626   0.511631
 0.0161052 -0.0850707   0.511675
0.0161015 -0.084784  0.511718
 0.0160978 -0.0845022   0.511761
 0.0160942 -0.0842252   0.511803
 0.0160942 -0.0842252   0.511803
 0.0160871 -0.0836871   0.511884
 0.0160837 -0.0834256   0.511924
 0.0160803 -0.0831691   0.511962
  0.016077 -0.0829177      0.512
 0.0160738 -0.0826713   0.512038
 0.0160738 -0.0826713   0.512038
 0.0160707 -0.0824298   0.512074
 0.0160671 -0.0821584   0.512115
0.0160641 -0.081928   0.51215
 0.0160611 -0.0817027   0.512184
 0.0160583 -0.0814824   0.512217
 0.0160554 -0.0812672    0.51225
 0.0160527 -0.0810571   0.512282
  0.01605 -0.080852  0.512313
 0.0160474 -0.0806519   0.512343
 0.0160448 -0.0804567   0.512372
 0.0160424 -0.0802668   0.512401
0.0160399 -0.080082  0.512429
 0.0160376 -0.0799022   0.512456
 0.0160353 -0.0797274   0.512483
 0.0160331 -0.0795577   0.512508
 0.0160309 -0.0793931   0.512533
 0.0160288 -0.0792335   0.512557
 0.0160268 -0.0790788   0.512581
 0.0160249 -0.0789293   0.512603
  0.016023 -0.0787849   0.512625
 0.0160211 -0.0786455   0.512646
 0.0160194 -0.0785112   0.512667
 0.0160177 -0.0783819   0.512686
 0.0160161 -0.0782577   0.512705
 0.0160145 -0.0781386   0.512723
  0.016013 -0.0780245    0.51274
 0.0160116 -0.0779155   0.512757
 0.0160102 -0.0778115   0.512772
 0.0160089 -0.0777126   0.512787
 0.0160077 -0.0776188   0.512801
0.0160065  -0.07753  0.512815
 0.0160054 -0.0774463   0.512828
 0.0160044 -0.0773676   0.512839
0.0160034 -0.077294  0.512851
 0.0160026 -0.0772254   0.512861
 0.0160017 -0.0771619   0.512871
  0.016001 -0.0771034   0.512879
0.0160003  -0.07705  0.512887
 0.0159996 -0.0770017   0.512895
 0.0159991 -0.0769584   0.512901
 0.0159986 -0.0769201   0.512907
 0.0159981 -0.0768869   0.512912
 0.0159978 -0.0768588   0.512916
 0.0159975 -0.0768358    0.51292
 0.0159972 -0.0768178   0.512923
  0.015997 -0.0768048   0.512925
 0.0159969 -0.0767969   0.512926
 0.0159969 -0.0767941   0.512926
 0.0159969 -0.0767941   0.512926
 0.0159969 -0.0767941   0.512926
 0.0159969 -0.0767941   0.512926
 0.0159969 -0.0767941   0.512926
 0.0159969 -0.0767941   0.512926
 0.0159969 -0.0767941   0.512926
 0.0159969 -0.0767941   0.512926
 0.0159969 -0.0767941   0.512926
 0.0159969 -0.0767941   0.512926
 0.0159969 -0.0767941   0.512926
 0.0159969 -0.0767941   0.512926
 0.0159969 -0.0767941   0.512926
 0.0159969 -0.0767941   0.512926
 0.0159969 -0.0767941   0.512926
 0.0159969 -0.0767941   0.512926
 0.0159969 -0.0767941   0.512926
 0.0159969 -0.0767941   0.512926
 0.0159969 -0.0767941   0.512926
 0.0159969 -0.0767941   0.512926
 0.0159969 -0.0767941   0.512926
 0.0159969 -0.0767941   0.512926
 0.0159969 -0.0767941   0.512926
 0.0159969 -0.0767941   0.512926
 0.0159969 -0.0767941   0.512926
 0.0159969 -0.0767941   0.512926
 0.0159969 -0.0767941   0.512926
 0.0159969 -0.0767941   0.512926
 0.0159969 -0.0767941   0.512926
 0.0159969 -0.0767941   0.512926
 0.0159969 -0.0767941   0.512926
 0.0159969 -0.0767941   0.512926
 0.0159969 -0.0767941   0.512926
 0.0159969 -0.0767941   0.512926
 0.0159969 -0.0767941   0.512926
 0.0159969 -0.0767941   0.512926
 0.0159969 -0.0767941   0.512926
 0.0159969 -0.0767941   0.512926
 0.0159969 -0.0767941   0.512926
 0.0159969 -0.0767941   0.512926
 0.0159969 -0.0767941   0.512926
 0.0159969 -0.0767941   0.512926
 0.0159969 -0.0767941   0.512926
 0.0159969 -0.0767941   0.512926
 0.0159969 -0.0767941   0.512926
 0.0159969 -0.0767941   0.512926
 0.0159969 -0.0767941   0.512926
 0.0159969 -0.0767941   0.512926
 0.0159969 -0.0767941   0.512926
 0.0159969 -0.0767941   0.512926
 0.0159969 -0.0767941   0.512926
 0.0159969 -0.0767941   0.512926
 0.0159969 -0.0767941   0.512926
 0.0159969 -0.0767941   0.512926
 0.0159969 -0.0767941   0.512926
 0.0159969 -0.0767941   0.512926
 0.0159969 -0.0767941   0.512926
 0.0159969 -0.0767941   0.512926
 0.0159969 -0.0767941   0.512926
 0.0159969 -0.0767941   0.512926
 0.0159969 -0.0767941   0.512926
 0.0159969 -0.0767941   0.512926
 0.0159969 -0.0767941   0.512926
 0.0159969 -0.0767941   0.512926
 0.0159969 -0.0767941   0.512926
 0.0159969 -0.0767941   0.512926
 0.0159969 -0.0767941   0.512926
 0.0159969 -0.0767941   0.512926
 0.0159969 -0.0767941   0.512926
 0.0159969 -0.0767941   0.512926
 0.0159969 -0.0767941   0.512926
 0.0159969 -0.0767941   0.512926
 0.0159969 -0.0767941   0.512926
 0.0159969 -0.0767941   0.512926
 0.0159969 -0.0767941   0.512926
 0.0159969 -0.0767941   0.512926
 0.0159969 -0.0767941   0.512926
 0.0159969 -0.0767941   0.512926
 0.0159969 -0.0767941   0.512926
 0.0159969 -0.0767941   0.512926
 0.0159969 -0.0767941   0.512926
 0.0159969 -0.0767941   0.512926
 0.0159969 -0.0767941   0.512926
 0.0159969 -0.0767941   0.512926
 0.0159969 -0.0767941   0.512926
 0.0159969 -0.0767941   0.512926
 0.0159969 -0.0767941   0.512926
 0.0159969 -0.0767941   0.512926
 0.0159969 -0.0767941   0.512926
 0.0159969 -0.0767941   0.512926
 0.0159969 -0.0767941   0.512926
 0.0159969 -0.0767941   0.512926
 0.0159969 -0.0767941   0.512926
 0.0159969 -0.0767941   0.512926
 0.0159969 -0.0767941   0.512926
 0.0159969 -0.0767941   0.512926
 0.0159969 -0.0767941   0.512926
 0.0159969 -0.0767941   0.512926
 0.0159969 -0.0767941   0.512926
 0.0159969 -0.0767941   0.512926
 0.0159969 -0.0767941   0.512926
 0.0159969 -0.0767941   0.512926
 0.0159969 -0.0767941   0.512926
 0.0159969 -0.0767941   0.512926
 0.0159969 -0.0767941   0.512926
 0.0159969 -0.0767941   0.512926
 0.0159969 -0.0767941   0.512926
 0.0159969 -0.0767941   0.512926
 0.0159969 -0.0767941   0.512926
 0.0159969 -0.0767941   0.512926
 0.0159969 -0.0767941   0.512926
 0.0159969 -0.0767941   0.512926
 0.0159969 -0.0767941   0.512926
 0.0159969 -0.0767941   0.512926
 0.0159969 -0.0767941   0.512926
 0.0159969 -0.0767941   0.512926
 0.0159969 -0.0767941   0.512926
 0.0159969 -0.0767941   0.512926
 0.0159969 -0.0767941   0.512926
 0.0159969 -0.0767941   0.512926
 0.0159969 -0.0767941   0.512926
 0.0159969 -0.0767941   0.512926
 0.0159969 -0.0767941   0.512926
 0.0159969 -0.0767941   0.512926
 0.0159969 -0.0767941   0.512926
 0.0159969 -0.0767941   0.512926
 0.0159969 -0.0767941   0.512926
 0.0159969 -0.0767941   0.512926
 0.0159969 -0.0767941   0.512926
 0.0159969 -0.0767941   0.512926
 0.0159969 -0.0767941   0.512926
 0.0159969 -0.0767941   0.512926
 0.0159969 -0.0767941   0.512926
 0.0159969 -0.0767941   0.512926
 0.0159969 -0.0767941   0.512926
 0.0159969 -0.0767941   0.512926
 0.0159969 -0.0767941   0.512926
 0.0159969 -0.0767941   0.512926
 0.0159969 -0.0767941   0.512926
 0.0159969 -0.0767941   0.512926
 0.0159969 -0.0767941   0.512926
 0.0159969 -0.0767941   0.512926
 0.0159969 -0.0767941   0.512926
 0.0159969 -0.0767941   0.512926
 0.0159969 -0.0767941   0.512926
 0.0159969 -0.0767941   0.512926
 0.0159969 -0.0767941   0.512926
 0.0159969 -0.0767941   0.512926
 0.0159969 -0.0767941   0.512926
 0.0159969 -0.0767941   0.512926
 0.0159969 -0.0767941   0.512926
 0.0159969 -0.0767941   0.512926
 0.0159969 -0.0767941   0.512926
 0.0159969 -0.0767941   0.512926
 0.0159969 -0.0767941   0.512926
 0.0159969 -0.0767941   0.512926
 0.0159969 -0.0767941   0.512926
 0.0159969 -0.0767941   0.512926
 0.0159969 -0.0767941   0.512926
 0.0159969 -0.0767941   0.512926
 0.0159969 -0.0767941   0.512926
 0.0159969 -0.0767941   0.512926
 0.0159969 -0.0767941   0.512926
 0.0159969 -0.0767941   0.512926
 0.0159969 -0.0767941   0.512926
 0.0159969 -0.0767941   0.512926
 0.0159969 -0.0767941   0.512926
 0.0159969 -0.0767941   0.512926
 0.0159969 -0.0767941   0.512926
 0.0159969 -0.0767941   0.512926
 0.0159969 -0.0767941   0.512926
 0.0159969 -0.0767941   0.512926
 0.0159969 -0.0767941   0.512926
 0.0159969 -0.0767941   0.512926
 0.0159969 -0.0767941   0.512926
 0.0159969 -0.0767941   0.512926
 0.0159969 -0.0767941   0.512926
 0.0159969 -0.0767941   0.512926
 0.0159969 -0.0767941   0.512926
 0.0159969 -0.0767941   0.512926
 0.0159969 -0.0767941   0.512926
 0.0159969 -0.0767941   0.512926
 0.0159969 -0.0767941   0.512926
 0.0159969 -0.0767941   0.512926
 0.0159969 -0.0767941   0.512926
 0.0159969 -0.0767941   0.512926
 0.0159969 -0.0767941   0.512926
 0.0159969 -0.0767941   0.512926
 0.0159969 -0.0767941   0.512926
 0.0159969 -0.0767941   0.512926
 0.0159969 -0.0767941   0.512926
 0.0159969 -0.0767941   0.512926
 0.0159969 -0.0767941   0.512926
 0.0159969 -0.0767941   0.512926
 0.0159969 -0.0767941   0.512926
 0.0159969 -0.0767941   0.512926
 0.0159969 -0.0767941   0.512926
 0.0159969 -0.0767941   0.512926
 0.0159969 -0.0767941   0.512926
 0.0159969 -0.0767941   0.512926
 0.0159969 -0.0767941   0.512926
 0.0159969 -0.0767941   0.512926
 0.0159969 -0.0767941   0.512926
 0.0159969 -0.0767941   0.512926
 0.0159969 -0.0767941   0.512926
 0.0159969 -0.0767941   0.512926
 0.0159969 -0.0767941   0.512926
 0.0159969 -0.0767941   0.512926
 0.0159969 -0.0767941   0.512926
 0.0159969 -0.0767941   0.512926
 0.0159969 -0.0767941   0.512926
 0.0159969 -0.0767941   0.512926
 0.0159969 -0.0767941   0.512926
 0.0159969 -0.0767941   0.512926
 0.0159969 -0.0767941   0.512926
 0.0159969 -0.0767941   0.512926
 0.0159969 -0.0767941   0.512926
 0.0159969 -0.0767941   0.512926
 0.0159969 -0.0767941   0.512926
 0.0159969 -0.0767941   0.512926
 0.0159969 -0.0767941   0.512926
 0.0159969 -0.0767941   0.512926
 0.0159969 -0.0767941   0.512926
 0.0159969 -0.0767941   0.512926
 0.0159969 -0.0767941   0.512926
 0.0159969 -0.0767941   0.512926
 0.0159969 -0.0767941   0.512926
 0.0159969 -0.0767941   0.512926
 0.0159969 -0.0767941   0.512926
 0.0159969 -0.0767941   0.512926
 0.0159969 -0.0767941   0.512926
 0.0159969 -0.0767941   0.512926
 0.0159969 -0.0767941   0.512926
 0.0159969 -0.0767941   0.512926
 0.0159969 -0.0767941   0.512926
 0.0159969 -0.0767941   0.512926
 0.0159969 -0.0767941   0.512926
 0.0159969 -0.0767941   0.512926
 0.0159969 -0.0767941   0.512926
 0.0159969 -0.0767941   0.512926
 0.0159969 -0.0767941   0.512926
 0.0159969 -0.0767941   0.512926
 0.0159969 -0.0767941   0.512926
 0.0159969 -0.0767941   0.512926
 0.0159969 -0.0767941   0.512926
 0.0159969 -0.0767941   0.512926
 0.0159969 -0.0767941   0.512926
 0.0159969 -0.0767941   0.512926
 0.0159969 -0.0767941   0.512926
 0.0159969 -0.0767941   0.512926
 0.0159969 -0.0767941   0.512926
 0.0159969 -0.0767941   0.512926
 0.0159969 -0.0767941   0.512926
 0.0159969 -0.0767941   0.512926
 0.0159969 -0.0767941   0.512926
 0.0159969 -0.0767941   0.512926
 0.0159969 -0.0767941   0.512926
 0.0159969 -0.0767941   0.512926
 0.0159969 -0.0767941   0.512926
 0.0159969 -0.0767941   0.512926
 0.0159969 -0.0767941   0.512926
 0.0159969 -0.0767941   0.512926
 0.0159969 -0.0767941   0.512926
 0.0159969 -0.0767941   0.512926
 0.0159969 -0.0767941   0.512926
 0.0159969 -0.0767941   0.512926
 0.0159969 -0.0767941   0.512926
 0.0159969 -0.0767941   0.512926
 0.0159969 -0.0767941   0.512926
 0.0159969 -0.0767941   0.512926
 0.0159969 -0.0767941   0.512926
 0.0159969 -0.0767941   0.512926
 0.0159969 -0.0767941   0.512926
 0.0159969 -0.0767941   0.512926
 0.0159969 -0.0767941   0.512926
 0.0159969 -0.0767941   0.512926
 0.0159969 -0.0767941   0.512926
 0.0159969 -0.0767941   0.512926
 0.0159969 -0.0767941   0.512926
 0.0159969 -0.0767941   0.512926
 0.0159969 -0.0767941   0.512926
 0.0159969 -0.0767941   0.512926
 0.0159969 -0.0767941   0.512926
 0.0159969 -0.0767941   0.512926
 0.0159969 -0.0767941   0.512926
 0.0159969 -0.0767941   0.512926
 0.0159969 -0.0767941   0.512926
 0.0159969 -0.0767941   0.512926
 0.0159969 -0.0767941   0.512926
 0.0159969 -0.0767941   0.512926
 0.0159969 -0.0767941   0.512926
 0.0159969 -0.0767941   0.512926
 0.0159969 -0.0767941   0.512926
 0.0159969 -0.0767941   0.512926
 0.0159969 -0.0767941   0.512926
 0.0159969 -0.0767941   0.512926
 0.0159969 -0.0767941   0.512926
 0.0159969 -0.0767941   0.512926
 0.0159969 -0.0767941   0.512926
 0.0159969 -0.0767941   0.512926
 0.0159969 -0.0767941   0.512926
 0.0159969 -0.0767941   0.512926
 0.0159969 -0.0767941   0.512926
 0.0159969 -0.0767941   0.512926
 0.0159969 -0.0767941   0.512926
 0.0159969 -0.0767941   0.512926
 0.0159969 -0.0767941   0.512926
 0.0159969 -0.0767941   0.512926
 0.0159969 -0.0767941   0.512926
 0.0159969 -0.0767941   0.512926
 0.0159969 -0.0767941   0.512926
 0.0159969 -0.0767941   0.512926
 0.0159969 -0.0767941   0.512926
 0.0159969 -0.0767941   0.512926
 0.0159969 -0.0767941   0.512926
 0.0159969 -0.0767941   0.512926
 0.0159969 -0.0767941   0.512926
 0.0159969 -0.0767941   0.512926
 0.0159969 -0.0767941   0.512926
 0.0159969 -0.0767941   0.512926
 0.0159969 -0.0767941   0.512926
 0.0159969 -0.0767941   0.512926
 0.0159969 -0.0767941   0.512926
 0.0159969 -0.0767941   0.512926
 0.0159969 -0.0767941   0.512926
 0.0159969 -0.0767941   0.512926
 0.0159969 -0.0767941   0.512926
 0.0159969 -0.0767941   0.512926
 0.0159969 -0.0767941   0.512926
 0.0159969 -0.0767941   0.512926
 0.0159969 -0.0767941   0.512926
 0.0159969 -0.0767941   0.512926
 0.0159969 -0.0767941   0.512926
 0.0159969 -0.0767941   0.512926
 0.0159969 -0.0767941   0.512926
 0.0159969 -0.0767941   0.512926
 0.0159969 -0.0767941   0.512926
 0.0159969 -0.0767941   0.512926
 0.0159969 -0.0767941   0.512926
 0.0159969 -0.0767941   0.512926
 0.0159969 -0.0767941   0.512926
 0.0159969 -0.0767941   0.512926
 0.0159969 -0.0767941   0.512926
 0.0159969 -0.0767941   0.512926
 0.0159969 -0.0767941   0.512926
 0.0159969 -0.0767941   0.512926
 0.0159969 -0.0767941   0.512926
 0.0159969 -0.0767941   0.512926
 0.0159969 -0.0767941   0.512926
 0.0159969 -0.0767941   0.512926
 0.0159969 -0.0767941   0.512926
 0.0159969 -0.0767941   0.512926
 0.0159969 -0.0767941   0.512926
 0.0159969 -0.0767941   0.512926
 0.0159969 -0.0767941   0.512926
 0.0159969 -0.0767941   0.512926
 0.0159969 -0.0767941   0.512926
 0.0159969 -0.0767941   0.512926
 0.0159969 -0.0767941   0.512926
 0.0159969 -0.0767941   0.512926
 0.0159969 -0.0767941   0.512926
 0.0159969 -0.0767941   0.512926
 0.0159969 -0.0767941   0.512926
 0.0159969 -0.0767941   0.512926
 0.0159969 -0.0767941   0.512926
 0.0159969 -0.0767941   0.512926
 0.0159969 -0.0767941   0.512926
 0.0159969 -0.0767941   0.512926
 0.0159969 -0.0767941   0.512926
 0.0159969 -0.0767941   0.512926
 0.0159969 -0.0767941   0.512926
 0.0159969 -0.0767941   0.512926
 0.0159969 -0.0767941   0.512926
 0.0159969 -0.0767941   0.512926
 0.0159969 -0.0767941   0.512926
 0.0159969 -0.0767941   0.512926
 0.0159969 -0.0767941   0.512926
 0.0159969 -0.0767941   0.512926
 0.0159969 -0.0767941   0.512926
 0.0159969 -0.0767941   0.512926
 0.0159969 -0.0767941   0.512926
 0.0159969 -0.0767941   0.512926
 0.0159969 -0.0767941   0.512926
 0.0159969 -0.0767941   0.512926
 0.0159969 -0.0767941   0.512926
 0.0159969 -0.0767941   0.512926
 0.0159969 -0.0767941   0.512926
 0.0159969 -0.0767941   0.512926
 0.0159969 -0.0767941   0.512926
 0.0159969 -0.0767941   0.512926
 0.0159969 -0.0767941   0.512926
 0.0159969 -0.0767941   0.512926
 0.0159969 -0.0767941   0.512926
 0.0159969 -0.0767941   0.512926
 0.0159969 -0.0767941   0.512926
 0.0159969 -0.0767941   0.512926
 0.0159969 -0.0767941   0.512926
 0.0159969 -0.0767941   0.512926
 0.0159969 -0.0767941   0.512926
 0.0159969 -0.0767941   0.512926
 0.0159969 -0.0767941   0.512926
 0.0159969 -0.0767941   0.512926
 0.0159969 -0.0767941   0.512926
 0.0159969 -0.0767941   0.512926
 0.0159969 -0.0767941   0.512926
 0.0159969 -0.0767941   0.512926
 0.0159969 -0.0767941   0.512926
 0.0159969 -0.0767941   0.512926
 0.0159969 -0.0767941   0.512926
 0.0159969 -0.0767941   0.512926
 0.0159969 -0.0767941   0.512926
 0.0159969 -0.0767941   0.512926
 0.0159969 -0.0767941   0.512926
 0.0159969 -0.0767941   0.512926
 0.0159969 -0.0767941   0.512926
 0.0159969 -0.0767941   0.512926
 0.0159969 -0.0767941   0.512926
 0.0159969 -0.0767941   0.512926
 0.0159969 -0.0767941   0.512926
 0.0159969 -0.0767941   0.512926
 0.0159969 -0.0767941   0.512926
 0.0159969 -0.0767941   0.512926
 0.0159969 -0.0767941   0.512926
 0.0159969 -0.0767941   0.512926
 0.0159969 -0.0767941   0.512926
 0.0159969 -0.0767941   0.512926
 0.0159969 -0.0767941   0.512926
 0.0159969 -0.0767941   0.512926
 0.0159969 -0.0767941   0.512926
 0.0159969 -0.0767941   0.512926
 0.0159969 -0.0767941   0.512926
 0.0159969 -0.0767941   0.512926
 0.0159969 -0.0767941   0.512926
 0.0159969 -0.0767941   0.512926
 0.0159969 -0.0767941   0.512926
 0.0159969 -0.0767941   0.512926
 0.0159969 -0.0767941   0.512926
 0.0159969 -0.0767941   0.512926
 0.0159969 -0.0767941   0.512926
 0.0159969 -0.0767941   0.512926
 0.0159969 -0.0767941   0.512926
 0.0159969 -0.0767941   0.512926
 0.0159969 -0.0767941   0.512926
 0.0159969 -0.0767941   0.512926
 0.0159969 -0.0767941   0.512926
 0.0159969 -0.0767941   0.512926
 0.0159969 -0.0767941   0.512926
 0.0159969 -0.0767941   0.512926
 0.0159969 -0.0767941   0.512926
 0.0159969 -0.0767941   0.512926
 0.0159969 -0.0767941   0.512926
 0.0159969 -0.0767941   0.512926
 0.0159969 -0.0767941   0.512926
 0.0159969 -0.0767941   0.512926
 0.0159969 -0.0767941   0.512926
 0.0159969 -0.0767941   0.512926
 0.0159969 -0.0767941   0.512926
 0.0159969 -0.0767941   0.512926
 0.0159969 -0.0767941   0.512926
 0.0159969 -0.0767941   0.512926
 0.0159969 -0.0767941   0.512926
 0.0159969 -0.0767941   0.512926
 0.0159969 -0.0767941   0.512926
 0.0159969 -0.0767941   0.512926
 0.0159969 -0.0767941   0.512926
 0.0159969 -0.0767941   0.512926
 0.0159969 -0.0767941   0.512926
 0.0159969 -0.0767941   0.512926
 0.0159969 -0.0767941   0.512926
 0.0159969 -0.0767941   0.512926
 0.0159969 -0.0767941   0.512926
 0.0159969 -0.0767941   0.512926
 0.0159969 -0.0767941   0.512926
 0.0159969 -0.0767941   0.512926
 0.0159969 -0.0767941   0.512926
 0.0159969 -0.0767941   0.512926
 0.0159969 -0.0767941   0.512926
 0.0159969 -0.0767941   0.512926
 0.0159969 -0.0767941   0.512926
 0.0159969 -0.0767941   0.512926
 0.0159969 -0.0767941   0.512926
 0.0159969 -0.0767941   0.512926
 0.0159969 -0.0767941   0.512926
 0.0159969 -0.0767941   0.512926
 0.0159969 -0.0767941   0.512926
 0.0159969 -0.0767941   0.512926
 0.0159969 -0.0767941   0.512926
 0.0159969 -0.0767941   0.512926
 0.0159969 -0.0767941   0.512926
 0.0159969 -0.0767941   0.512926
 0.0159969 -0.0767941   0.512926
 0.0159969 -0.0767941   0.512926
 0.0159969 -0.0767941   0.512926
 0.0159969 -0.0767941   0.512926
 0.0159969 -0.0767941   0.512926
 0.0159969 -0.0767941   0.512926
 0.0159969 -0.0767941   0.512926
 0.0159969 -0.0767941   0.512926
 0.0159969 -0.0767941   0.512926
 0.0159969 -0.0767941   0.512926
 0.0159969 -0.0767941   0.512926
 0.0159969 -0.0767941   0.512926
 0.0159969 -0.0767941   0.512926
 0.0159969 -0.0767941   0.512926
 0.0159969 -0.0767941   0.512926
 0.0159969 -0.0767941   0.512926
 0.0159969 -0.0767941   0.512926
 0.0159969 -0.0767941   0.512926
 0.0159969 -0.0767941   0.512926
 0.0159969 -0.0767941   0.512926
 0.0159969 -0.0767941   0.512926
 0.0159969 -0.0767941   0.512926
 0.0159969 -0.0767941   0.512926
 0.0159969 -0.0767941   0.512926
 0.0159969 -0.0767941   0.512926
 0.0159969 -0.0767941   0.512926
 0.0159969 -0.0767941   0.512926
 0.0159969 -0.0767941   0.512926
 0.0159969 -0.0767941   0.512926
 0.0159969 -0.0767941   0.512926
 0.0159969 -0.0767941   0.512926
 0.0159969 -0.0767941   0.512926
 0.0159969 -0.0767941   0.512926
 0.0159969 -0.0767941   0.512926
 0.0159969 -0.0767941   0.512926
 0.0159969 -0.0767941   0.512926
 0.0159969 -0.0767941   0.512926
 0.0159969 -0.0767941   0.512926
 0.0159969 -0.0767941   0.512926
 0.0159969 -0.0767941   0.512926
 0.0159969 -0.0767941   0.512926
 0.0159969 -0.0767941   0.512926
 0.0159969 -0.0767941   0.512926
 0.0159969 -0.0767941   0.512926
 0.0159969 -0.0767941   0.512926
 0.0159969 -0.0767941   0.512926
 0.0159969 -0.0767941   0.512926
 0.0159969 -0.0767941   0.512926
 0.0159969 -0.0767941   0.512926
 0.0159969 -0.0767941   0.512926
 0.0159969 -0.0767941   0.512926
 0.0159969 -0.0767941   0.512926
 0.0159969 -0.0767941   0.512926
 0.0159969 -0.0767941   0.512926
 0.0159969 -0.0767941   0.512926
 0.0159969 -0.0767941   0.512926
 0.0159969 -0.0767941   0.512926
 0.0159969 -0.0767941   0.512926
 0.0159969 -0.0767941   0.512926
 0.0159969 -0.0767941   0.512926
 0.0159969 -0.0767941   0.512926
 0.0159969 -0.0767941   0.512926
 0.0159969 -0.0767941   0.512926
 0.0159969 -0.0767941   0.512926
 0.0159969 -0.0767941   0.512926
 0.0159969 -0.0767941   0.512926
 0.0159969 -0.0767941   0.512926
 0.0159969 -0.0767941   0.512926
 0.0159969 -0.0767941   0.512926
 0.0159969 -0.0767941   0.512926
 0.0159969 -0.0767941   0.512926
 0.0159969 -0.0767941   0.512926
 0.0159969 -0.0767941   0.512926
 0.0159969 -0.0767941   0.512926
 0.0159969 -0.0767941   0.512926
 0.0159969 -0.0767941   0.512926
 0.0159969 -0.0767941   0.512926
 0.0159969 -0.0767941   0.512926
 0.0159969 -0.0767941   0.512926
 0.0159969 -0.0767941   0.512926
 0.0159969 -0.0767941   0.512926
 0.0159969 -0.0767941   0.512926
 0.0159969 -0.0767941   0.512926
 0.0159969 -0.0767941   0.512926
 0.0159969 -0.0767941   0.512926
 0.0159969 -0.0767941   0.512926
 0.0159969 -0.0767941   0.512926
 0.0159969 -0.0767941   0.512926
 0.0159969 -0.0767941   0.512926
 0.0159969 -0.0767941   0.512926
 0.0159969 -0.0767941   0.512926
 0.0159969 -0.0767941   0.512926
 0.0159969 -0.0767941   0.512926
 0.0159969 -0.0767941   0.512926
 0.0159969 -0.0767941   0.512926
 0.0159969 -0.0767941   0.512926
 0.0159969 -0.0767941   0.512926
 0.0159969 -0.0767941   0.512926
 0.0159969 -0.0767941   0.512926
 0.0159969 -0.0767941   0.512926
 0.0159969 -0.0767941   0.512926
 0.0159969 -0.0767941   0.512926
 0.0159969 -0.0767941   0.512926
 0.0159969 -0.0767941   0.512926
 0.0159969 -0.0767941   0.512926
 0.0159969 -0.0767941   0.512926
 0.0159969 -0.0767941   0.512926
 0.0159969 -0.0767941   0.512926
 0.0159969 -0.0767941   0.512926
 0.0159969 -0.0767941   0.512926
 0.0159969 -0.0767941   0.512926
 0.0159969 -0.0767941   0.512926
 0.0159969 -0.0767941   0.512926
 0.0159969 -0.0767941   0.512926
 0.0159969 -0.0767941   0.512926
 0.0159969 -0.0767941   0.512926
 0.0159969 -0.0767941   0.512926
 0.0159969 -0.0767941   0.512926
 0.0159969 -0.0767941   0.512926
 0.0159969 -0.0767941   0.512926
 0.0159969 -0.0767941   0.512926
 0.0159969 -0.0767941   0.512926
 0.0159969 -0.0767941   0.512926
 0.0159969 -0.0767941   0.512926
 0.0159969 -0.0767941   0.512926
 0.0159969 -0.0767941   0.512926
 0.0159969 -0.0767941   0.512926
 0.0159969 -0.0767941   0.512926
 0.0159969 -0.0767941   0.512926
 0.0159969 -0.0767941   0.512926
 0.0159969 -0.0767941   0.512926
 0.0159969 -0.0767941   0.512926
 0.0159969 -0.0767941   0.512926
 0.0159969 -0.0767941   0.512926
 0.0159969 -0.0767941   0.512926
 0.0159969 -0.0767941   0.512926
 0.0159969 -0.0767941   0.512926
 0.0159969 -0.0767941   0.512926
 0.0159969 -0.0767941   0.512926
 0.0159969 -0.0767941   0.512926
 0.0159969 -0.0767941   0.512926
 0.0159969 -0.0767941   0.512926
 0.0159969 -0.0767941   0.512926
 0.0159969 -0.0767941   0.512926
