 0.268809 -0.326639  0.607639
 0.268803 -0.326645  0.607652
0.268796 -0.32665 0.607663
 0.268794 -0.326655  0.607679
 0.268794 -0.326657  0.607696
 0.268799 -0.326659  0.607718
 0.268806 -0.326658  0.607746
 0.268819 -0.326654  0.607777
 0.268834 -0.326647  0.607812
 0.26885 -0.32664 0.607848
 0.268872 -0.326629  0.607888
 0.268894 -0.326617  0.607926
0.268921  -0.3266 0.607973
 0.268946 -0.326582  0.608012
 0.268975 -0.326564   0.60805
 0.269004 -0.326541  0.608091
 0.269033 -0.326514  0.608129
 0.269063 -0.326486  0.608166
 0.269092 -0.326453    0.6082
 0.269121 -0.326419  0.608233
 0.269147 -0.326382  0.608259
 0.269174 -0.326341  0.608283
 0.269199 -0.326299  0.608303
 0.269222 -0.326254  0.608318
 0.269243 -0.326208  0.608328
 0.269263 -0.326156  0.608334
 0.269281 -0.326104  0.608336
 0.269297 -0.326046  0.608328
 0.269312 -0.325989  0.608321
 0.269324 -0.325926  0.608303
 0.269335 -0.325863  0.608283
 0.269344 -0.325794  0.608257
 0.269353 -0.325725  0.608235
 0.269363 -0.325649  0.608207
 0.269368 -0.325568  0.608163
 0.269376 -0.325486  0.608124
 0.269383 -0.325397  0.608075
  0.26939 -0.325306  0.608024
 0.269399 -0.325208  0.607964
 0.269407 -0.325108  0.607904
 0.269417 -0.324999  0.607844
 0.269428 -0.324885  0.607777
 0.269441 -0.324768   0.60771
 0.269454 -0.324644  0.607635
 0.269469 -0.324515  0.607558
 0.269487 -0.324378  0.607479
 0.269506 -0.324237  0.607395
 0.269527 -0.324088   0.60731
  0.26955 -0.323935  0.607219
 0.269575 -0.323773  0.607128
 0.269601 -0.323606   0.60703
 0.269631 -0.323434  0.606934
 0.269664 -0.323233  0.606829
 0.269695 -0.323047  0.606723
 0.269728 -0.322857  0.606612
 0.269762 -0.322659  0.606498
 0.269797 -0.322456  0.606382
0.269833 -0.32225 0.606258
  0.26987 -0.322035  0.606136
 0.269906 -0.321818  0.605991
 0.269944 -0.321594  0.605857
 0.269981 -0.321364   0.60572
 0.270019 -0.321132  0.605577
 0.270057 -0.320893  0.605432
 0.270095 -0.320651   0.60528
 0.270134 -0.320402  0.605127
 0.270171 -0.320148  0.604966
  0.27021 -0.319891  0.604806
 0.270246 -0.319628  0.604633
 0.270284 -0.319361  0.604459
 0.270322 -0.319087  0.604283
  0.27036 -0.318808    0.6041
 0.270398 -0.318526  0.603914
 0.270436 -0.318236  0.603722
 0.270475 -0.317941  0.603529
 0.270513 -0.317642  0.603325
 0.270555 -0.317302  0.603107
 0.270596 -0.316991  0.602897
 0.270636 -0.316672  0.602682
 0.270678 -0.316347  0.602464
 0.270723 -0.316025  0.602248
 0.270767 -0.315688  0.602022
 0.270811 -0.315345  0.601789
 0.270859 -0.314997  0.601556
 0.270905 -0.314641  0.601311
 0.270954 -0.314279  0.601067
 0.271005 -0.313913  0.600818
 0.271057 -0.313538  0.600566
 0.271112 -0.313158  0.600312
 0.271165 -0.312771   0.60003
 0.271224 -0.312381   0.59977
 0.271284 -0.311983  0.599502
0.271346 -0.31158 0.599234
 0.271411 -0.311171  0.598965
 0.271477 -0.310759  0.598692
 0.271547 -0.310339   0.59842
 0.271619 -0.309915  0.598144
 0.271694 -0.309487   0.59787
  0.27177 -0.309055   0.59759
 0.271849 -0.308621  0.597311
 0.271931 -0.308181  0.597033
 0.272016 -0.307737  0.596754
 0.272103 -0.307291  0.596475
 0.272192 -0.306841  0.596195
 0.272285 -0.306388  0.595918
  0.27238 -0.305932  0.595638
 0.272479 -0.305476  0.595363
 0.272578 -0.305016  0.595081
  0.27269 -0.304494   0.59479
0.272796 -0.30403 0.594515
 0.272904 -0.303567  0.594237
 0.273015 -0.303099  0.593964
 0.273127 -0.302631  0.593689
 0.273242 -0.302161  0.593419
 0.273358 -0.301692  0.593144
 0.273477 -0.301221  0.592874
 0.273598 -0.300751  0.592606
 0.27372 -0.30028 0.592337
 0.273845 -0.299809  0.592072
 0.273971 -0.299339  0.591806
 0.274099 -0.298869  0.591544
 0.274229 -0.298406  0.591286
 0.274361 -0.297936  0.591028
 0.274493 -0.297467  0.590763
 0.274627 -0.296996  0.590503
 0.274763 -0.296526  0.590244
   0.2749 -0.296055  0.589985
  0.27504 -0.295584  0.589729
  0.27518 -0.295112  0.589471
 0.275323 -0.294639  0.589218
 0.275467 -0.294166  0.588958
 0.275613 -0.293691  0.588701
  0.27576 -0.293216  0.588445
 0.275909 -0.292739  0.588189
 0.276061 -0.292261  0.587935
 0.276214 -0.291783  0.587678
 0.276369 -0.291303  0.587425
 0.276524 -0.290822  0.587168
0.276687 -0.29033 0.586899
 0.276841 -0.289859   0.58666
 0.277008 -0.289365  0.586393
 0.277171 -0.288882  0.586141
 0.277334 -0.288398  0.585889
   0.2775 -0.287914   0.58564
 0.277666 -0.287431  0.585389
 0.277835 -0.286948  0.585144
 0.278003 -0.286465  0.584892
 0.278172 -0.285983  0.584645
 0.278343 -0.285502  0.584401
 0.278525 -0.284989  0.584145
 0.278699 -0.284511  0.583904
 0.278872 -0.284035  0.583661
 0.279047 -0.283559  0.583424
 0.279221 -0.283085  0.583183
0.279396 -0.28261 0.582947
0.279573 -0.28214 0.582712
  0.27975 -0.281671  0.582478
 0.279928 -0.281203  0.582246
 0.280105 -0.280738  0.582014
 0.280285 -0.280274  0.581787
 0.280463 -0.279812  0.581556
 0.280643 -0.279351  0.581329
  0.28082 -0.278891  0.581094
0.281001 -0.27843 0.580869
 0.281194 -0.277957  0.580638
0.281376  -0.2775 0.580412
  0.28156 -0.277044   0.58019
 0.281744 -0.276588  0.579965
 0.281942 -0.276096  0.579743
0.282127 -0.27564 0.579516
 0.282313 -0.275184  0.579292
   0.2825 -0.274727  0.579068
0.282687 -0.27427 0.578843
0.282875 -0.27381 0.578619
 0.283063 -0.273351  0.578391
 0.283252 -0.272892  0.578165
  0.28344 -0.272432  0.577933
0.283629 -0.27197 0.577702
 0.283818 -0.271507   0.57747
 0.284008 -0.271044  0.577235
 0.284197 -0.270576  0.577002
0.284387 -0.27011 0.576763
 0.284577 -0.269642  0.576526
 0.284766 -0.269173  0.576283
 0.284956 -0.268703  0.576045
 0.285145 -0.268233  0.575796
 0.285333 -0.267758  0.575551
 0.285523 -0.267285  0.575303
 0.285711 -0.266811  0.575053
   0.2859 -0.266336  0.574803
0.286073 -0.26589  0.57455
 0.286261 -0.265414    0.5743
 0.286448 -0.264938  0.574041
 0.286634 -0.264462  0.573784
  0.28682 -0.263985  0.573527
 0.287005 -0.263509  0.573267
  0.28719 -0.263029   0.57301
 0.287388 -0.262524  0.572747
 0.287573 -0.262045  0.572489
 0.287755 -0.261569  0.572224
 0.287938 -0.261094  0.571961
  0.28812 -0.260619  0.571698
 0.288302 -0.260144  0.571433
 0.288483 -0.259671  0.571169
 0.288662 -0.259195  0.570904
 0.288842 -0.258723  0.570641
 0.289021 -0.258252  0.570373
   0.2892 -0.257781  0.570111
 0.289376 -0.257312   0.56984
 0.289553 -0.256843  0.569573
 0.289729 -0.256372  0.569307
 0.289905 -0.255904  0.569039
  0.29008 -0.255437  0.568772
0.290254 -0.25497 0.568502
 0.290429 -0.254503  0.568236
 0.290602 -0.254037  0.567964
 0.290775 -0.253567  0.567695
 0.290948 -0.253101  0.567425
  0.29112 -0.252633  0.567153
 0.291287 -0.252166  0.566874
 0.291455 -0.251694   0.56659
 0.291628 -0.251225  0.566321
 0.291808 -0.250755  0.566065
  0.29197 -0.250283   0.56577
 0.292142 -0.249812  0.565497
 0.292312 -0.249341  0.565222
0.292509 -0.24883  0.56494
 0.292679 -0.248358  0.564663
 0.292848 -0.247886  0.564388
 0.293017 -0.247415  0.564113
 0.293186 -0.246945  0.563838
 0.293353 -0.246474  0.563566
 0.293519 -0.246007  0.563289
 0.293685 -0.245541  0.563019
 0.293847 -0.245078  0.562741
 0.294009 -0.244619  0.562466
  0.29417 -0.244162  0.562194
 0.294328 -0.243705  0.561921
 0.294485 -0.243255  0.561651
 0.294639 -0.242809  0.561376
 0.294792 -0.242366  0.561105
 0.29493 -0.24195  0.56084
 0.295092 -0.241493  0.560565
  0.29524 -0.241062  0.560297
 0.295385 -0.240633  0.560029
0.295531 -0.24021 0.559765
 0.295672 -0.239792  0.559495
 0.295812 -0.239377   0.55923
 0.295952 -0.238966  0.558966
 0.296089 -0.238559  0.558702
 0.296226 -0.238154  0.558444
  0.29636 -0.237754  0.558181
 0.296494 -0.237359  0.557921
 0.296626 -0.236966  0.557664
 0.296757 -0.236578  0.557406
 0.296887 -0.236193  0.557152
 0.297016 -0.235809  0.556898
0.297145 -0.23543 0.556649
  0.29727 -0.235055  0.556394
 0.297395 -0.234683  0.556144
  0.29752 -0.234315  0.555896
 0.297643 -0.233949  0.555649
 0.297767 -0.233587  0.555406
 0.297887 -0.233225   0.55516
 0.298008 -0.232869  0.554918
 0.298234 -0.232316  0.554635
 0.298246 -0.232167  0.554438
 0.298363 -0.231821  0.554202
 0.298478 -0.231481  0.553965
 0.298696 -0.230946  0.553695
0.298707 -0.23081 0.553499
0.298817 -0.23048 0.553269
 0.299035 -0.229945  0.552999
 0.299141 -0.229628  0.552773
 0.299247 -0.229317   0.55255
 0.299349 -0.229012  0.552325
  0.29945 -0.228712  0.552105
 0.299542 -0.228425  0.551872
 0.299645 -0.228135   0.55167
 0.299645 -0.228034   0.55148
 0.299747 -0.227739  0.551265
 0.29984 -0.22747 0.551058
 0.300012 -0.227043   0.55081
   0.3001 -0.226787  0.550603
 0.300188 -0.226533  0.550401
 0.300275 -0.226286  0.550199
0.300362 -0.22604 0.550002
 0.300446 -0.225796  0.549804
 0.300531 -0.225559   0.54961
 0.300616 -0.225324  0.549417
0.300701 -0.22509 0.549227
 0.300786 -0.224861  0.549039
 0.300797 -0.224781  0.548884
 0.300955 -0.224409  0.548672
 0.301037 -0.224183  0.548488
  0.30112 -0.223964  0.548309
 0.301203 -0.223747  0.548132
 0.301215 -0.223676  0.547986
 0.301367 -0.223322  0.547784
 0.301447 -0.223116  0.547611
 0.301528 -0.222909  0.547442
 0.301608 -0.222704  0.547276
 0.301687 -0.222505  0.547111
 0.301766 -0.222309   0.54695
 0.301849 -0.222113  0.546782
 0.301928 -0.221925  0.546626
    0.302 -0.221741  0.546468
 0.302075 -0.221565  0.546313
 0.302147 -0.221392  0.546163
 0.302217 -0.221226  0.546013
 0.302286 -0.221067  0.545867
 0.302353 -0.220913   0.54572
 0.302418 -0.220763  0.545578
 0.302484 -0.220624  0.545436
 0.302544 -0.220488  0.545299
 0.302606 -0.220362  0.545163
 0.302663 -0.220238  0.545029
 0.302672 -0.220224  0.544929
 0.302732 -0.220109   0.54479
 0.302788 -0.220002  0.544663
 0.302886 -0.219806  0.544518
 0.302938 -0.219709  0.544396
 0.302954 -0.219705  0.544296
 0.303042 -0.219529  0.544158
 0.303095 -0.219445  0.544041
 0.303109 -0.219443  0.543947
 0.303161 -0.219365  0.543833
 0.303214 -0.219278  0.543724
0.303262 -0.21921 0.543617
 0.303316 -0.219129  0.543514
 0.303363 -0.219068  0.543407
 0.303412 -0.218997  0.543307
 0.303463 -0.218932  0.543206
 0.303514 -0.218858  0.543107
 0.303566 -0.218796   0.54301
 0.303613 -0.218733  0.542915
 0.303663 -0.218674  0.542821
 0.303711 -0.218611  0.542732
 0.303761 -0.218554   0.54264
 0.303808 -0.218496  0.542554
 0.303857 -0.218443  0.542465
 0.303904 -0.218388  0.542385
 0.303952 -0.218339  0.542296
 0.303996 -0.218288  0.542215
 0.304044 -0.218242  0.542133
 0.304085 -0.218202  0.542052
 0.304133 -0.218153  0.541978
 0.304197 -0.218062  0.541885
 0.304242 -0.218027  0.541813
 0.304281 -0.217992  0.541737
 0.304326 -0.217947  0.541664
 0.304366 -0.217918  0.541595
 0.304383 -0.217945  0.541535
0.304442 -0.21787  0.54146
 0.304478 -0.217852   0.54139
0.304495 -0.21788 0.541335
 0.30455 -0.21782 0.541262
 0.304584 -0.217805  0.541201
 0.304602 -0.217837  0.541149
 0.304652 -0.217786   0.54108
 0.304689 -0.217776  0.541024
  0.30472 -0.217769  0.540963
 0.304752 -0.217768  0.540907
 0.304771 -0.217799  0.540861
  0.30482 -0.217755  0.540798
0.304855 -0.21775 0.540748
 0.304888 -0.217742  0.540694
 0.304908 -0.217771   0.54065
 0.304957 -0.217731  0.540594
 0.304994 -0.217735  0.540537
 0.305028 -0.217723  0.540493
 0.305065 -0.217717  0.540444
 0.305101 -0.217706  0.540402
 0.305137 -0.217698  0.540352
 0.305172 -0.217686  0.540309
  0.30521 -0.217677  0.540265
 0.305245 -0.217665  0.540223
 0.305283 -0.217655  0.540182
 0.305318 -0.217642   0.54014
0.305355 -0.21763 0.540099
  0.30539 -0.217618  0.540061
0.305427 -0.21761  0.54002
 0.305461 -0.217599  0.539984
 0.305497 -0.217591  0.539944
 0.305533 -0.217579  0.539911
 0.305567 -0.217574   0.53987
 0.305599 -0.217567  0.539835
 0.305633 -0.217562  0.539801
 0.305664 -0.217558  0.539766
 0.305698 -0.217558  0.539733
 0.305727 -0.217557  0.539699
0.305759 -0.21756 0.539664
 0.305787 -0.217561  0.539634
 0.305818 -0.217567    0.5396
 0.305835 -0.217599  0.539572
 0.305865 -0.217606  0.539539
 0.305893 -0.217608  0.539514
 0.305922 -0.217618   0.53948
0.305959  -0.2176 0.539451
  0.30599 -0.217607   0.53942
 0.306008 -0.217636  0.539393
 0.306046 -0.217622  0.539366
 0.306073 -0.217631  0.539338
0.306103 -0.21764 0.539314
  0.30613 -0.217647  0.539284
 0.306158 -0.217656  0.539258
 0.306177 -0.217686  0.539233
 0.306216 -0.217669  0.539207
 0.306245 -0.217675  0.539185
0.306272 -0.21768 0.539159
 0.306301 -0.217686  0.539135
  0.30633 -0.217693  0.539111
 0.306357 -0.217698  0.539087
 0.306387 -0.217705  0.539065
0.306414 -0.21771 0.539041
 0.306446 -0.217716  0.539021
 0.306474 -0.217723  0.538993
   0.3065 -0.217727  0.538972
 0.306528 -0.217742  0.538947
 0.306554 -0.217746  0.538926
 0.306584 -0.217753  0.538905
 0.306609 -0.217758  0.538883
 0.306637 -0.217763  0.538861
 0.306662 -0.217768  0.538841
  0.30669 -0.217776  0.538819
 0.306715 -0.217782  0.538801
0.306742 -0.21779 0.538778
 0.306768 -0.217796  0.538762
 0.306794 -0.217805  0.538737
 0.306818 -0.217812  0.538718
 0.306845 -0.217818  0.538699
 0.306868 -0.217825   0.53868
 0.306896 -0.217834  0.538661
 0.306918 -0.217841  0.538641
 0.306944 -0.217851  0.538621
 0.306967 -0.217859  0.538604
0.306993 -0.21787 0.538584
 0.307016 -0.217878  0.538568
 0.307041 -0.217889  0.538547
 0.307065 -0.217895  0.538535
 0.307089 -0.217906  0.538513
 0.307111 -0.217915  0.538496
 0.307137 -0.217926  0.538478
 0.307159 -0.217934  0.538461
 0.307185 -0.217946  0.538445
  0.30721 -0.217942   0.53843
 0.307233 -0.217953  0.538413
 0.307257 -0.217962  0.538398
  0.30728 -0.217973   0.53838
 0.307304 -0.217982  0.538365
 0.307326 -0.217999  0.538345
  0.30735 -0.218005  0.538333
 0.307372 -0.218016  0.538315
 0.307394 -0.218025  0.538299
 0.307418 -0.218035  0.538283
 0.307441 -0.218043  0.538268
 0.307464 -0.218052  0.538253
 0.307486 -0.218061  0.538237
 0.307511 -0.218071  0.538225
 0.307531 -0.218079  0.538206
 0.307554 -0.218086  0.538191
 0.307576 -0.218095  0.538177
 0.307599 -0.218105  0.538161
 0.307624 -0.218118  0.538146
 0.307644 -0.218122  0.538131
 0.307667 -0.218133  0.538115
0.307688 -0.21814 0.538102
0.307711 -0.21815 0.538085
 0.307731 -0.218164  0.538071
 0.307754 -0.218174  0.538053
 0.307775 -0.218181  0.538043
 0.307797 -0.218191  0.538024
 0.307816 -0.218198  0.538011
 0.307839 -0.218206  0.537996
 0.307859 -0.218213  0.537982
 0.307882 -0.218223  0.537968
0.307901 -0.21823 0.537953
0.307923 -0.21824 0.537938
 0.307943 -0.218245  0.537925
 0.307965 -0.218256  0.537908
 0.307985 -0.218262  0.537897
 0.308006 -0.218269  0.537881
 0.308027 -0.218276  0.537872
 0.308048 -0.218287  0.537853
 0.308066 -0.218293   0.53784
 0.308089 -0.218303  0.537826
 0.308107 -0.218311  0.537813
 0.308129 -0.218322    0.5378
 0.308148 -0.218322  0.537788
 0.308169 -0.218333  0.537773
 0.308188 -0.218337  0.537763
0.308205 -0.21836 0.537752
 0.308224 -0.218368  0.537741
 0.308242 -0.218375  0.537727
 0.308264 -0.218382  0.537718
0.308282 -0.21839 0.537702
0.308301  -0.2184 0.537688
 0.308324 -0.218413  0.537673
 0.308342 -0.218417  0.537662
 0.308363 -0.218428   0.53765
  0.30838 -0.218435  0.537636
 0.308405 -0.218432  0.537616
 0.308419 -0.218452   0.53761
  0.30844 -0.218461  0.537596
 0.308458 -0.218467  0.537586
 0.308479 -0.218475  0.537569
 0.308498 -0.218481  0.537562
 0.308517 -0.218488  0.537545
 0.308535 -0.218494  0.537533
 0.308559 -0.218491  0.537514
 0.308575 -0.218497  0.537502
0.308594  -0.2185 0.537493
 0.308609 -0.218522  0.537483
 0.308627 -0.218529  0.537471
 0.308646 -0.218537  0.537458
 0.308667 -0.218532  0.537439
 0.308684 -0.218546  0.537437
 0.308698 -0.218564  0.537421
  0.30872 -0.218562    0.5374
 0.308737 -0.218569  0.537389
 0.308759 -0.218566   0.53738
 0.308777 -0.218573  0.537369
 0.308795 -0.218583  0.537355
0.308814 -0.21859 0.537347
 0.308831 -0.218599  0.537332
 0.308848 -0.218607   0.53732
 0.308866 -0.218617  0.537308
 0.308883 -0.218625  0.537296
 0.308902 -0.218632  0.537287
0.308918 -0.21864 0.537274
0.308936 -0.21865 0.537261
 0.308953 -0.218659   0.53725
  0.30897 -0.218668  0.537238
 0.308988 -0.218676  0.537228
 0.309004 -0.218686  0.537214
 0.309022 -0.218694  0.537207
 0.309038 -0.218701  0.537192
 0.309055 -0.218709  0.537181
 0.309073 -0.218717  0.537169
 0.309089 -0.218724  0.537157
 0.309107 -0.218732  0.537147
 0.309122 -0.218745  0.537132
 0.309141 -0.218753  0.537123
 0.309156 -0.218759  0.537108
 0.309173 -0.218764  0.537097
0.309191 -0.21877 0.537086
 0.309207 -0.218777  0.537073
 0.309228 -0.218788  0.537063
 0.309242 -0.218792   0.53705
 0.309261 -0.218797  0.537038
 0.309276 -0.218801  0.537028
 0.309294 -0.218808  0.537015
 0.309311 -0.218812  0.537006
 0.309328 -0.218819  0.536992
 0.309345 -0.218823  0.536986
0.309362 -0.21883  0.53697
 0.309377 -0.218833  0.536959
 0.309396 -0.218838  0.536949
  0.30941 -0.218841  0.536937
 0.309429 -0.218848  0.536926
 0.309442 -0.218858  0.536912
 0.30946 -0.21886 0.536902
 0.309473 -0.218875  0.536901
 0.309492 -0.218878  0.536877
 0.309507 -0.218883  0.536869
 0.309523 -0.218889  0.536856
  0.30954 -0.218889  0.536852
 0.309555 -0.218897  0.536836
 0.309569 -0.218903  0.536826
 0.309587 -0.218911  0.536815
   0.3096 -0.218917  0.536805
 0.309618 -0.218926  0.536795
 0.309629 -0.218946  0.536791
 0.309648 -0.218937  0.536773
 0.309662 -0.218943  0.536764
 0.309679 -0.218952  0.536751
 0.309692 -0.218963  0.536742
 0.309709 -0.218971  0.536729
 0.309724 -0.218976  0.536723
 0.309742 -0.218972  0.536713
 0.309757 -0.218978  0.536703
 0.309773 -0.218985  0.536693
 0.309787 -0.218991  0.536683
 0.309804 -0.218998  0.536674
 0.309818 -0.219004  0.536662
 0.309834 -0.219008  0.536653
 0.309849 -0.219013  0.536644
0.309864 -0.21902 0.536633
  0.30988 -0.219025  0.536624
 0.309895 -0.219032  0.536613
 0.309911 -0.219037  0.536607
 0.309925 -0.219043  0.536593
  0.30994 -0.219049  0.536583
 0.309956 -0.219052  0.536575
  0.30997 -0.219058  0.536565
 0.309986 -0.219065  0.536556
    0.31 -0.21907 0.536545
 0.310015 -0.219076  0.536533
  0.31003 -0.219081  0.536524
 0.310044 -0.219088  0.536513
 0.310059 -0.219093  0.536505
 0.310073 -0.219099  0.536493
 0.310094 -0.219099  0.536488
 0.310102 -0.219117  0.536472
 0.310118 -0.219125  0.536461
 0.310131 -0.219129  0.536452
 0.310146 -0.219133  0.536442
  0.31016 -0.219137  0.536434
 0.310175 -0.219145  0.536421
 0.310189 -0.219148  0.536417
 0.310203 -0.219155  0.536401
 0.310216 -0.219159  0.536392
 0.310232 -0.219165  0.536382
 0.310244 -0.219173  0.536371
 0.310261 -0.219177  0.536362
0.310273 -0.21918 0.536352
 0.310288 -0.219186   0.53634
 0.310302 -0.219188  0.536332
 0.310317 -0.219194  0.536321
 0.310331 -0.219196  0.536314
 0.310346 -0.219202  0.536301
 0.310361 -0.219204  0.536296
 0.310375 -0.219207  0.536283
 0.310388 -0.219209  0.536275
 0.310404 -0.219215  0.536265
 0.310417 -0.219218  0.536256
 0.310434 -0.219222  0.536246
 0.310445 -0.219225  0.536237
 0.310461 -0.219232  0.536226
 0.310474 -0.219236  0.536219
 0.310489 -0.219239   0.53621
 0.310502 -0.219243  0.536203
 0.310515 -0.219258  0.536203
 0.310529 -0.219262  0.536198
0.310543 -0.21926 0.536172
 0.310554 -0.219272  0.536176
  0.31057 -0.219273  0.536155
 0.310582 -0.219277  0.536146
 0.310597 -0.219281  0.536139
 0.310608 -0.219286  0.536129
 0.310622 -0.219294  0.536118
 0.310634 -0.219298  0.536111
 0.310649 -0.219305    0.5361
 0.310661 -0.219309  0.536094
 0.310677 -0.219305  0.536088
 0.310691 -0.219309  0.536082
0.310702 -0.21932 0.536068
 0.310715 -0.219324  0.536059
 0.310728 -0.219331  0.536051
  0.31074 -0.219342  0.536054
 0.310754 -0.219345  0.536047
 0.310767 -0.219343  0.536025
 0.310782 -0.219348   0.53602
 0.310794 -0.219353  0.536008
 0.310807 -0.219358  0.535999
  0.31082 -0.219362  0.535991
 0.310834 -0.219367  0.535981
 0.310848 -0.219371  0.535975
  0.31086 -0.219373  0.535965
 0.310873 -0.219377  0.535957
 0.310887 -0.219381  0.535947
 0.310899 -0.219384  0.535938
 0.310913 -0.219389  0.535931
0.310925  -0.2194 0.535933
 0.310941 -0.219398  0.535917
 0.310951 -0.219408  0.535916
 0.310965 -0.219407  0.535896
 0.310981 -0.219417  0.535888
0.310991 -0.21942 0.535877
 0.311006 -0.219425  0.535869
 0.311016 -0.219425  0.535861
  0.31103 -0.219431   0.53585
 0.311042 -0.219433  0.535843
 0.311056 -0.219439  0.535832
 0.311068 -0.219441  0.535826
 0.311081 -0.219447  0.535815
 0.311094 -0.219449  0.535811
 0.311106 -0.219454  0.535798
 0.311117 -0.219454  0.535791
 0.311132 -0.219459  0.535782
 0.311143 -0.219462  0.535774
 0.311157 -0.219474  0.535778
 0.311168 -0.219469  0.535757
 0.311181 -0.219475  0.535747
 0.311193 -0.219478   0.53574
 0.311206 -0.219483   0.53573
 0.311218 -0.219479  0.535727
 0.311231 -0.219489  0.535714
 0.311243 -0.219492   0.53571
 0.311255 -0.219504   0.53571
 0.311265 -0.219507  0.535703
  0.31128 -0.219506  0.535682
  0.31129 -0.219509  0.535674
 0.311304 -0.219515  0.535666
 0.311314 -0.219515  0.535659
0.311328 -0.21952 0.535649
 0.311339 -0.219523  0.535643
 0.311352 -0.219535  0.535646
0.311364 -0.21953 0.535626
 0.311378 -0.219524  0.535621
 0.311392 -0.219527  0.535617
 0.311403 -0.219532  0.535605
 0.311414 -0.219535  0.535597
 0.311426 -0.219544  0.535588
 0.311438 -0.219544  0.535583
  0.31145 -0.219554  0.535575
  0.31146 -0.219557  0.535566
 0.311473 -0.219563  0.535557
 0.311484 -0.219566  0.535551
0.311496 -0.21957 0.535543
 0.311507 -0.219573  0.535538
 0.311519 -0.219584  0.535526
 0.311531 -0.219587  0.535523
 0.311542 -0.219599  0.535524
 0.311553 -0.219596  0.535504
 0.311566 -0.219601  0.535495
 0.311579 -0.219593  0.535492
 0.311592 -0.219597  0.535486
 0.311602 -0.219601  0.535477
 0.311614 -0.219605  0.535468
 0.311626 -0.219608  0.535461
 0.311638 -0.219609  0.535454
  0.31165 -0.219612  0.535448
  0.31166 -0.219621  0.535437
 0.311673 -0.219623  0.535432
 0.311684 -0.219627  0.535421
0.311695 -0.21963 0.535414
 0.311707 -0.219635  0.535406
 0.311718 -0.219637  0.535399
  0.31173 -0.219639  0.535393
 0.311741 -0.219642  0.535385
 0.311755 -0.219651  0.535381
 0.311766 -0.219656  0.535368
 0.311776 -0.219656  0.535363
 0.311789 -0.219661  0.535355
 0.311799 -0.219662  0.535347
 0.311813 -0.219667   0.53534
 0.311822 -0.219669  0.535332
 0.311834 -0.219675  0.535323
 0.311844 -0.219676  0.535317
 0.311857 -0.219678  0.535309
0.311867 -0.21968 0.535304
 0.311879 -0.219685  0.535294
 0.311891 -0.219687  0.535291
 0.311901 -0.219695  0.535277
 0.311911 -0.219697  0.535271
 0.311925 -0.219698  0.535264
 0.311934 -0.219699  0.535257
 0.311948 -0.219701  0.535252
 0.311957 -0.219703  0.535243
 0.311969 -0.219707  0.535234
 0.311979 -0.219709  0.535228
 0.311991 -0.219713  0.535219
 0.312002 -0.219715  0.535215
0.312014 -0.21972 0.535204
 0.312025 -0.219721  0.535202
 0.312036 -0.219723  0.535191
 0.312045 -0.219725  0.535185
0.312058 -0.21973 0.535177
 0.312067 -0.219732   0.53517
 0.312081 -0.219736  0.535164
 0.312089 -0.219739  0.535156
 0.312101 -0.219744  0.535147
 0.312111 -0.219746  0.535142
 0.312123 -0.219748  0.535135
 0.312133 -0.219751   0.53513
 0.312145 -0.219756   0.53512
 0.312156 -0.219758  0.535119
 0.312166 -0.219763  0.535107
 0.312175 -0.219766  0.535101
 0.312188 -0.219771  0.535094
 0.312196 -0.219773  0.535087
  0.31221 -0.219776  0.535083
 0.312218 -0.219778  0.535075
  0.31223 -0.219783  0.535066
 0.312239 -0.219785  0.535061
0.312251 -0.21979 0.535053
 0.312261 -0.219792  0.535049
 0.312272 -0.219797  0.535039
 0.312283 -0.219796  0.535039
 0.312294 -0.219801  0.535026
 0.312303 -0.219802  0.535021
 0.312315 -0.219807  0.535013
 0.312324 -0.219808  0.535007
 0.312337 -0.219813  0.535001
