5.96046e-06
0.00967789
0.019747
0.029804
0.0398469
0.0499039
0.059958
0.070015
0.080071
0.0901248
0.100192
0.110245
0.120301
0.130355
0.14041
0.150478
0.160533
0.170544
0.180599
0.190655
0.200711
0.210766
0.220822
0.230878
0.240933
0.250989
0.261045
0.271108
0.281164
0.291219
0.301275
0.311334
0.321394
0.331453
0.341512
0.351571
0.361627
0.371684
0.381739
0.391795
0.401853
0.411909
0.421965
0.432021
0.442107
0.452162
0.462234
0.472291
0.482347
0.492403
0.50246
0.512515
0.522578
0.532634
0.542699
0.552756
0.562821
0.572881
0.582935
0.592989
0.603044
0.613099
0.623156
0.633228
0.643283
0.653339
0.663395
0.673469
0.683524
0.693599
0.703655
0.713727
0.723783
0.733842
0.743897
0.753954
0.764018
0.774073
0.784125
0.794179
0.804233
0.814304
0.824364
0.834424
0.844478
0.85454
0.864609
0.874679
0.884743
0.894798
0.904854
0.914912
0.924969
0.935023
0.945092
0.955165
0.965221
0.975275
0.985331
0.995388
1.00545
1.0155
1.02556
1.03561
1.04567
1.05572
1.06578
1.07584
1.08591
1.09596
1.10602
1.11607
1.12613
1.13618
1.14624
1.1563
1.16635
1.17641
1.18646
1.19652
1.20657
1.21663
1.22668
1.23674
1.24679
1.25685
1.26691
1.27696
1.28703
1.2971
1.30715
1.31721
1.32727
1.33733
1.3474
1.35745
1.36751
1.37757
1.38763
1.39769
1.40775
1.4178
1.42787
1.43792
1.44798
1.45803
1.4681
1.47817
1.48824
1.49829
1.50835
1.51842
1.52847
1.53853
1.54859
1.55864
1.5687
1.57876
1.58881
1.59887
1.60893
1.61899
1.62904
1.6391
1.64916
1.65923
1.6693
1.67937
1.68945
1.69952
1.70959
1.71965
1.72972
1.73977
1.74983
1.7599
1.76998
1.78005
1.79013
1.8002
1.81028
1.82035
1.83042
1.84048
1.85054
1.86059
1.87065
1.88071
1.89078
1.90083
1.91089
1.92094
1.931
1.94105
1.9511
1.96118
1.97124
1.9813
1.99135
2.00142
2.01149
2.02155
2.03161
2.04166
2.05172
2.06178
2.07183
2.08187
2.09194
2.102
2.11205
2.12211
2.13228
2.14223
2.15228
2.16234
2.17239
2.18245
2.1925
2.20256
2.21262
2.22267
2.23273
2.24282
2.25294
2.26301
2.27314
2.28322
2.29324
2.30334
2.31341
2.32346
2.33352
2.34358
2.35361
2.36367
2.37373
2.38379
2.39403
2.40415
2.4142
2.42426
2.43434
2.4444
2.45446
2.46457
2.47463
2.48468
2.49474
2.5048
2.51485
2.52491
2.53497
2.54502
2.55508
2.56513
2.57519
2.58525
2.5953
2.60537
2.61542
2.62548
2.63553
2.64559
2.65565
2.6657
2.67576
2.68581
2.69587
2.70592
2.71598
2.72603
2.73609
2.74615
2.7562
2.76626
2.77632
2.78639
2.79644
2.8065
2.81655
2.82663
2.8367
2.84676
2.85681
2.86687
2.87693
2.88699
2.89704
2.9071
2.91715
2.92721
2.93728
2.94734
2.95741
2.96747
2.97752
2.98758
2.99763
3.00769
3.01774
3.02778
3.03783
3.04789
3.05795
3.06822
3.07828
3.08833
3.09839
3.10845
3.1185
3.12856
3.13862
3.14867
3.15873
3.16878
3.17884
3.18889
3.19895
3.209
3.21906
3.22911
3.23917
3.24922
3.25928
3.26933
3.27939
3.28944
3.2995
3.30955
3.31961
3.32967
3.33972
3.34978
3.35983
3.36989
3.37994
3.39
3.40005
3.41012
3.42017
3.43023
3.44028
3.45034
3.46039
3.47045
3.4805
3.49056
3.50062
3.51067
3.52073
3.53079
3.54084
3.5509
3.56095
3.57099
3.58104
3.5911
3.60115
3.61121
3.62128
3.63134
3.6414
3.65148
3.66154
3.6716
3.68166
3.6917
3.70176
3.71181
3.72187
3.73193
3.74198
3.75206
3.76212
3.77217
3.78222
3.79228
3.80234
3.81239
3.82245
3.8325
3.84256
3.85262
3.86267
3.87273
3.88278
3.89284
3.9029
3.91295
3.92301
3.93306
3.94312
3.95317
3.96322
3.97328
3.98333
3.99339
4.00344
4.0135
4.02355
4.03361
4.04367
4.05373
4.06378
4.07384
4.0839
4.09395
4.10401
4.11407
4.12412
4.13418
4.14423
4.15429
4.16435
4.17441
4.18446
4.19452
4.20458
4.21463
4.22469
4.23474
4.24483
4.25488
4.26494
4.27499
4.28505
4.2951
4.30516
4.31522
4.32528
4.33533
4.34539
4.35544
4.3655
4.37555
4.38561
4.39566
4.40572
4.41577
4.42583
4.43588
4.44594
4.45599
4.46605
4.4761
4.48616
4.49621
4.50627
4.51632
4.52638
4.53644
4.54649
4.55655
4.5666
4.57666
4.58672
4.59677
4.60683
4.61689
4.62694
4.637
4.64706
4.65712
4.66717
4.67723
4.68729
4.69734
4.7074
4.71745
4.72749
4.73755
4.7476
4.75765
4.76771
4.77777
4.78782
4.79788
4.80793
4.81799
4.82804
4.8381
4.84816
4.8582
4.86825
4.87831
4.88836
4.89842
4.90847
4.91853
4.9286
4.93866
4.94871
4.95877
4.96882
4.97888
4.98893
4.99899
5.00905
5.0191
5.02916
5.03921
5.04926
5.05931
5.06937
5.07942
5.08948
5.09955
5.10956
5.11963
5.12969
5.13976
5.14988
5.15994
5.16999
5.18005
5.1901
5.20015
5.21021
5.22026
5.23032
5.24038
5.25048
5.26054
5.27059
5.28062
5.29067
5.30073
5.31079
5.32084
5.33089
5.34095
5.35102
5.36107
5.37112
5.38118
5.39123
5.40129
5.41135
5.4214
5.43146
5.44151
5.45157
5.46162
5.47168
5.48173
5.49179
5.50184
5.5119
5.52195
5.53201
5.54206
5.55212
5.56218
5.57232
5.5824
5.59245
5.60251
5.61256
5.62262
5.63268
5.64273
5.65276
5.66282
5.67288
5.68293
5.69299
5.70305
5.7131
5.72314
5.7332
5.74325
5.75331
5.76336
5.77342
5.78348
5.79353
5.80358
5.81364
5.82378
5.83382
5.84387
5.85393
5.86398
5.87404
5.88409
5.89415
5.90421
5.91426
5.92431
5.93437
5.94443
5.95448
5.96454
5.97455
5.98461
5.99466
6.00472
6.01477
6.02483
6.03491
6.04497
6.05502
6.06508
6.07513
6.0852
6.09526
6.10536
6.11541
6.12546
6.13552
6.14557
6.15563
6.16594
6.17599
6.18605
6.1961
6.20616
6.21621
6.22627
6.23632
6.24638
6.25643
6.26649
6.27654
6.2866
6.29665
6.30671
6.31676
6.32682
6.33687
6.34693
6.35698
6.36704
6.37709
6.38715
6.3972
6.40725
6.41731
6.42736
6.43742
6.44747
6.45753
6.46758
6.47764
6.4877
6.49775
6.50781
6.51791
6.52797
6.53802
6.54808
6.55814
6.5682
6.57826
6.58831
6.59837
6.60842
6.61848
6.62853
6.63859
6.64864
6.6587
6.66876
6.67881
6.68887
6.69892
6.70898
6.71903
6.72909
6.73914
6.7492
6.75925
6.76931
6.77937
6.78942
6.79948
6.80953
6.81959
6.82964
6.8397
6.84977
6.85985
6.86991
6.87996
6.89002
6.90008
6.91013
6.92019
6.93024
6.9403
6.95036
6.96041
6.97047
6.98052
6.99058
7.00063
7.01069
7.02074
7.0308
7.04085
7.05091
7.06096
7.07102
7.08107
7.09113
7.10118
7.11124
7.1213
7.13135
7.14141
7.15146
7.16154
7.1716
7.18165
7.19171
7.20177
7.21182
7.22188
7.23194
7.24199
7.25205
7.2621
7.27217
7.28223
7.29225
7.3023
7.31235
7.32241
7.33246
7.34252
7.35257
7.36263
7.37268
7.38274
7.39279
7.40285
7.4129
7.42296
7.43301
7.44306
7.45311
7.46317
7.47322
7.48328
7.49333
7.50339
7.51344
7.5235
7.53355
7.54361
7.55366
7.56371
7.57377
7.58382
7.59387
7.60393
7.614
7.62405
7.63411
7.64417
7.65422
7.66428
7.67434
7.68439
7.69444
7.7045
7.71455
7.72461
7.73466
7.74472
7.75477
7.76487
7.77493
7.78499
7.79505
7.8051
7.81516
7.82522
7.83527
7.84532
7.85538
7.86545
7.87551
7.88556
