0.0165384 -0.105423  0.508558
0.0165369  -0.10542  0.508558
0.0165322 -0.105412  0.508556
0.0165243   -0.1054  0.508552
0.0165134 -0.105382  0.508547
0.0164993 -0.105359  0.508541
0.0164821 -0.105331  0.508534
0.0164617 -0.105299  0.508525
0.0164383 -0.105261  0.508515
0.0164117 -0.105218  0.508503
0.0163819 -0.105169  0.508491
0.0163491 -0.105116  0.508476
0.0163131 -0.105058  0.508461
 0.016274 -0.104995  0.508444
0.0162318 -0.104927  0.508425
0.0161865 -0.104853  0.508406
 0.016138 -0.104775  0.508385
0.0160864 -0.104691  0.508362
0.0160317 -0.104603  0.508339
0.0159739 -0.104509  0.508314
0.0159129 -0.104411  0.508287
0.0158487 -0.104307  0.508259
0.0157814 -0.104198   0.50823
 0.015711 -0.104084    0.5082
0.0156375 -0.103965  0.508168
0.0155609 -0.103841  0.508135
0.0154811 -0.103712    0.5081
0.0153982 -0.103578  0.508064
0.0153122 -0.103439  0.508027
 0.015223 -0.103294  0.507988
0.0151308 -0.103145  0.507948
0.0150354 -0.102991  0.507907
0.0149369 -0.102832  0.507864
0.0148352 -0.102667   0.50782
0.0147304 -0.102498  0.507775
0.0146224 -0.102323  0.507728
0.0145114 -0.102143   0.50768
0.0143973 -0.101959  0.507631
0.0142801 -0.101769   0.50758
0.0141597 -0.101574  0.507528
0.0140362 -0.101374  0.507474
0.0139095 -0.101169  0.507419
0.0137797  -0.10096  0.507363
0.0136469 -0.100745  0.507306
0.0135107 -0.100524  0.507247
0.0133714 -0.100299  0.507186
0.0132291 -0.100069  0.507125
 0.0130837 -0.0998336   0.507062
 0.0129352 -0.0995933   0.506997
0.0127836 -0.099348  0.506932
 0.0126288 -0.0990976   0.506864
 0.0124709 -0.0988421   0.506796
 0.0123099 -0.0985817   0.506726
 0.0121458 -0.0983161   0.506655
 0.0119785 -0.0980455   0.506583
 0.0118081 -0.0977699   0.506509
 0.0116346 -0.0974892   0.506434
 0.0114578 -0.0972031   0.506357
  0.011278 -0.0969122   0.506279
 0.0110948 -0.0966159     0.5062
 0.0109086 -0.0963146   0.506119
 0.0107191 -0.0960082   0.506037
  0.010527 -0.0956973   0.505954
 0.0103316 -0.0953812   0.505869
 0.0101331 -0.0950601   0.505783
0.00993142 -0.0947338   0.505696
0.00972664 -0.0944025   0.505607
0.00951868  -0.094066   0.505517
0.00930717 -0.0937239   0.505425
0.00909262 -0.0933768   0.505332
0.00887498 -0.0930247   0.505238
0.00865429 -0.0926676   0.505142
 0.0084307 -0.0923059   0.505046
0.00820382 -0.0919389   0.504947
0.00797406 -0.0915672   0.504848
0.00774226 -0.0911922   0.504747
0.00751302 -0.0908213   0.504648
0.00728698 -0.0904556    0.50455
0.00706408  -0.090095   0.504454
0.00684431 -0.0897395   0.504358
0.00662762 -0.0893889   0.504264
0.00641406 -0.0890434   0.504172
0.00620366  -0.088703   0.504081
0.00599639 -0.0883677   0.503991
0.00579202 -0.0880371   0.503902
  0.005591 -0.0877119   0.503815
0.00539309 -0.0873917    0.50373
0.00519832 -0.0870766   0.503645
0.00500668 -0.0867665   0.503562
0.00481816 -0.0864616    0.50348
0.00463272 -0.0861616     0.5034
0.00445045 -0.0858667   0.503321
0.00427131 -0.0855769   0.503244
0.00409529 -0.0852921   0.503167
0.00392236 -0.0850123   0.503092
0.00375258 -0.0847377   0.503019
0.00358573 -0.0844677   0.502947
0.00342202 -0.0842029   0.502876
0.00326146 -0.0839431   0.502806
0.00310403 -0.0836884   0.502738
0.00294972 -0.0834388   0.502671
0.00279873 -0.0831945   0.502606
0.00265083 -0.0829553   0.502541
0.00250607 -0.0827211   0.502479
0.00236444 -0.0824919   0.502417
 0.0022257 -0.0822675   0.502357
0.00209078 -0.0820492   0.502299
0.00195841 -0.0818351   0.502242
0.00182923 -0.0816261   0.502186
 0.0017032 -0.0814222   0.502131
0.00158018 -0.0812232   0.502078
0.00146041 -0.0810294   0.502026
0.00134376 -0.0808407   0.501975
0.00123026 -0.0806571   0.501926
0.00111976 -0.0804783   0.501878
0.00101251 -0.0803048   0.501832
0.000908362  -0.0801363    0.501787
0.000807352  -0.0799729    0.501743
0.000709345  -0.0798143      0.5017
0.000614589   -0.079661    0.501659
0.000522959  -0.0795128     0.50162
0.000434446  -0.0793696    0.501581
0.00034906 -0.0792315   0.501544
0.000266806  -0.0790984    0.501509
0.000187671  -0.0789704    0.501474
0.000111676  -0.0788474    0.501441
3.87915e-05  -0.0787295     0.50141
-3.09472e-05   -0.0786167      0.50138
-9.7645e-05  -0.0785088    0.501351
-0.000161211   -0.0784059     0.501323
-0.000221639   -0.0783082     0.501297
-0.000278928   -0.0782155     0.501272
-0.000333036    -0.078128     0.501249
-0.000384019   -0.0780455     0.501227
-0.000431877   -0.0779681     0.501206
-0.000476614   -0.0778957     0.501187
-0.000518239   -0.0778283     0.501168
-0.000556759    -0.077766     0.501152
-0.000592116   -0.0777088     0.501136
-0.000624346   -0.0776567     0.501123
-0.000653456   -0.0776096      0.50111
-0.000679438   -0.0775676     0.501099
-0.000702316   -0.0775305     0.501089
-0.000722041   -0.0774986      0.50108
-0.000738641   -0.0774718     0.501073
-0.000752132     -0.07745     0.501067
-0.000762484   -0.0774332     0.501063
-0.000769708   -0.0774215      0.50106
-0.000773807   -0.0774149     0.501058
-0.000774836   -0.0774132     0.501057
-0.000774836   -0.0774132     0.501057
-0.000774836   -0.0774132     0.501057
-0.000774836   -0.0774132     0.501057
-0.000774836   -0.0774132     0.501057
-0.000774836   -0.0774132     0.501057
-0.000774836   -0.0774132     0.501057
-0.000774836   -0.0774132     0.501057
-0.000774836   -0.0774132     0.501057
-0.000774836   -0.0774132     0.501057
-0.000774836   -0.0774132     0.501057
-0.000774836   -0.0774132     0.501057
-0.000774836   -0.0774132     0.501057
-0.000774836   -0.0774132     0.501057
-0.000774836   -0.0774132     0.501057
-0.000774836   -0.0774132     0.501057
-0.000774836   -0.0774132     0.501057
-0.000774836   -0.0774132     0.501057
-0.000774836   -0.0774132     0.501057
-0.000774836   -0.0774132     0.501057
-0.000774836   -0.0774132     0.501057
-0.000774836   -0.0774132     0.501057
-0.000774836   -0.0774132     0.501057
-0.000774836   -0.0774132     0.501057
-0.000774836   -0.0774132     0.501057
-0.000774836   -0.0774132     0.501057
-0.000774836   -0.0774132     0.501057
-0.000774836   -0.0774132     0.501057
-0.000774836   -0.0774132     0.501057
-0.000774836   -0.0774132     0.501057
-0.000774836   -0.0774132     0.501057
-0.000774836   -0.0774132     0.501057
-0.000774836   -0.0774132     0.501057
-0.000774836   -0.0774132     0.501057
-0.000774836   -0.0774132     0.501057
-0.000774836   -0.0774132     0.501057
-0.000774836   -0.0774132     0.501057
-0.000774836   -0.0774132     0.501057
-0.000774836   -0.0774132     0.501057
-0.000774836   -0.0774132     0.501057
-0.000774836   -0.0774132     0.501057
-0.000774836   -0.0774132     0.501057
-0.000774836   -0.0774132     0.501057
-0.000774836   -0.0774132     0.501057
-0.000774836   -0.0774132     0.501057
-0.000774836   -0.0774132     0.501057
-0.000774836   -0.0774132     0.501057
-0.000774836   -0.0774132     0.501057
-0.000774836   -0.0774132     0.501057
-0.000774836   -0.0774132     0.501057
-0.000774836   -0.0774132     0.501057
-0.000774836   -0.0774132     0.501057
-0.000774836   -0.0774132     0.501057
-0.000774836   -0.0774132     0.501057
-0.000774836   -0.0774132     0.501057
-0.000774836   -0.0774132     0.501057
-0.000774836   -0.0774132     0.501057
-0.000774836   -0.0774132     0.501057
-0.000774836   -0.0774132     0.501057
-0.000774836   -0.0774132     0.501057
-0.000774836   -0.0774132     0.501057
-0.000774836   -0.0774132     0.501057
-0.000774836   -0.0774132     0.501057
-0.000774836   -0.0774132     0.501057
-0.000774836   -0.0774132     0.501057
-0.000774836   -0.0774132     0.501057
-0.000774836   -0.0774132     0.501057
-0.000774836   -0.0774132     0.501057
-0.000774836   -0.0774132     0.501057
-0.000774836   -0.0774132     0.501057
-0.000774836   -0.0774132     0.501057
-0.000774836   -0.0774132     0.501057
-0.000774836   -0.0774132     0.501057
-0.000774836   -0.0774132     0.501057
-0.000774836   -0.0774132     0.501057
-0.000774836   -0.0774132     0.501057
-0.000774836   -0.0774132     0.501057
-0.000774836   -0.0774132     0.501057
-0.000774836   -0.0774132     0.501057
-0.000774836   -0.0774132     0.501057
-0.000774836   -0.0774132     0.501057
-0.000774836   -0.0774132     0.501057
-0.000774836   -0.0774132     0.501057
-0.000774836   -0.0774132     0.501057
-0.000774836   -0.0774132     0.501057
-0.000774836   -0.0774132     0.501057
-0.000774836   -0.0774132     0.501057
-0.000774836   -0.0774132     0.501057
-0.000774836   -0.0774132     0.501057
-0.000774836   -0.0774132     0.501057
-0.000774836   -0.0774132     0.501057
-0.000774836   -0.0774132     0.501057
-0.000774836   -0.0774132     0.501057
-0.000774836   -0.0774132     0.501057
-0.000774836   -0.0774132     0.501057
-0.000774836   -0.0774132     0.501057
-0.000774836   -0.0774132     0.501057
-0.000774836   -0.0774132     0.501057
-0.000774836   -0.0774132     0.501057
-0.000774836   -0.0774132     0.501057
-0.000774836   -0.0774132     0.501057
-0.000774836   -0.0774132     0.501057
-0.000774836   -0.0774132     0.501057
-0.000774836   -0.0774132     0.501057
-0.000774836   -0.0774132     0.501057
-0.000774836   -0.0774132     0.501057
-0.000774836   -0.0774132     0.501057
-0.000774836   -0.0774132     0.501057
-0.000774836   -0.0774132     0.501057
-0.000774836   -0.0774132     0.501057
-0.000774836   -0.0774132     0.501057
-0.000774836   -0.0774132     0.501057
-0.000774836   -0.0774132     0.501057
-0.000774836   -0.0774132     0.501057
-0.000774836   -0.0774132     0.501057
-0.000774836   -0.0774132     0.501057
-0.000774836   -0.0774132     0.501057
-0.000774836   -0.0774132     0.501057
-0.000774836   -0.0774132     0.501057
-0.000774836   -0.0774132     0.501057
-0.000774836   -0.0774132     0.501057
-0.000774836   -0.0774132     0.501057
-0.000774836   -0.0774132     0.501057
-0.000774836   -0.0774132     0.501057
-0.000774836   -0.0774132     0.501057
-0.000774836   -0.0774132     0.501057
-0.000774836   -0.0774132     0.501057
-0.000774836   -0.0774132     0.501057
-0.000774836   -0.0774132     0.501057
-0.000774836   -0.0774132     0.501057
-0.000774836   -0.0774132     0.501057
-0.000774836   -0.0774132     0.501057
-0.000774836   -0.0774132     0.501057
-0.000774836   -0.0774132     0.501057
-0.000774836   -0.0774132     0.501057
-0.000774836   -0.0774132     0.501057
-0.000774836   -0.0774132     0.501057
-0.000774836   -0.0774132     0.501057
-0.000774836   -0.0774132     0.501057
-0.000774836   -0.0774132     0.501057
-0.000774836   -0.0774132     0.501057
-0.000774836   -0.0774132     0.501057
-0.000774836   -0.0774132     0.501057
-0.000774836   -0.0774132     0.501057
-0.000774836   -0.0774132     0.501057
-0.000774836   -0.0774132     0.501057
-0.000774836   -0.0774132     0.501057
-0.000774836   -0.0774132     0.501057
-0.000774836   -0.0774132     0.501057
-0.000774836   -0.0774132     0.501057
-0.000774836   -0.0774132     0.501057
-0.000774836   -0.0774132     0.501057
-0.000774836   -0.0774132     0.501057
-0.000774836   -0.0774132     0.501057
-0.000774836   -0.0774132     0.501057
-0.000774836   -0.0774132     0.501057
-0.000774836   -0.0774132     0.501057
-0.000774836   -0.0774132     0.501057
-0.000774836   -0.0774132     0.501057
-0.000774836   -0.0774132     0.501057
-0.000774836   -0.0774132     0.501057
-0.000774836   -0.0774132     0.501057
-0.000774836   -0.0774132     0.501057
-0.000774836   -0.0774132     0.501057
-0.000774836   -0.0774132     0.501057
-0.000774836   -0.0774132     0.501057
-0.000774836   -0.0774132     0.501057
-0.000774836   -0.0774132     0.501057
-0.000774836   -0.0774132     0.501057
-0.000774836   -0.0774132     0.501057
-0.000774836   -0.0774132     0.501057
-0.000774836   -0.0774132     0.501057
-0.000774836   -0.0774132     0.501057
-0.000774836   -0.0774132     0.501057
-0.000774836   -0.0774132     0.501057
-0.000774836   -0.0774132     0.501057
-0.000774836   -0.0774132     0.501057
-0.000774836   -0.0774132     0.501057
-0.000774836   -0.0774132     0.501057
-0.000774836   -0.0774132     0.501057
-0.000774836   -0.0774132     0.501057
-0.000774836   -0.0774132     0.501057
-0.000774836   -0.0774132     0.501057
-0.000774836   -0.0774132     0.501057
-0.000774836   -0.0774132     0.501057
-0.000774836   -0.0774132     0.501057
-0.000774836   -0.0774132     0.501057
-0.000774836   -0.0774132     0.501057
-0.000774836   -0.0774132     0.501057
-0.000774836   -0.0774132     0.501057
-0.000774836   -0.0774132     0.501057
-0.000774836   -0.0774132     0.501057
-0.000774836   -0.0774132     0.501057
-0.000774836   -0.0774132     0.501057
-0.000774836   -0.0774132     0.501057
-0.000774836   -0.0774132     0.501057
-0.000774836   -0.0774132     0.501057
-0.000774836   -0.0774132     0.501057
-0.000774836   -0.0774132     0.501057
-0.000774836   -0.0774132     0.501057
-0.000774836   -0.0774132     0.501057
-0.000774836   -0.0774132     0.501057
-0.000774836   -0.0774132     0.501057
-0.000774836   -0.0774132     0.501057
-0.000774836   -0.0774132     0.501057
-0.000774836   -0.0774132     0.501057
-0.000774836   -0.0774132     0.501057
-0.000774836   -0.0774132     0.501057
-0.000774836   -0.0774132     0.501057
-0.000774836   -0.0774132     0.501057
-0.000774836   -0.0774132     0.501057
-0.000774836   -0.0774132     0.501057
-0.000774836   -0.0774132     0.501057
-0.000774836   -0.0774132     0.501057
-0.000774836   -0.0774132     0.501057
-0.000774836   -0.0774132     0.501057
-0.000774836   -0.0774132     0.501057
-0.000774836   -0.0774132     0.501057
-0.000774836   -0.0774132     0.501057
-0.000774836   -0.0774132     0.501057
-0.000774836   -0.0774132     0.501057
-0.000774836   -0.0774132     0.501057
-0.000774836   -0.0774132     0.501057
-0.000774836   -0.0774132     0.501057
-0.000774836   -0.0774132     0.501057
-0.000774836   -0.0774132     0.501057
-0.000774836   -0.0774132     0.501057
-0.000774836   -0.0774132     0.501057
-0.000774836   -0.0774132     0.501057
-0.000774836   -0.0774132     0.501057
-0.000774836   -0.0774132     0.501057
-0.000774836   -0.0774132     0.501057
-0.000774836   -0.0774132     0.501057
-0.000774836   -0.0774132     0.501057
-0.000774836   -0.0774132     0.501057
-0.000774836   -0.0774132     0.501057
-0.000774836   -0.0774132     0.501057
-0.000774836   -0.0774132     0.501057
-0.000774836   -0.0774132     0.501057
-0.000774836   -0.0774132     0.501057
-0.000774836   -0.0774132     0.501057
-0.000774836   -0.0774132     0.501057
-0.000774836   -0.0774132     0.501057
-0.000774836   -0.0774132     0.501057
-0.000774836   -0.0774132     0.501057
-0.000774836   -0.0774132     0.501057
-0.000774836   -0.0774132     0.501057
-0.000774836   -0.0774132     0.501057
-0.000774836   -0.0774132     0.501057
-0.000774836   -0.0774132     0.501057
-0.000774836   -0.0774132     0.501057
-0.000774836   -0.0774132     0.501057
-0.000774836   -0.0774132     0.501057
-0.000774836   -0.0774132     0.501057
-0.000774836   -0.0774132     0.501057
-0.000774836   -0.0774132     0.501057
-0.000774836   -0.0774132     0.501057
-0.000774836   -0.0774132     0.501057
-0.000774836   -0.0774132     0.501057
-0.000774836   -0.0774132     0.501057
-0.000774836   -0.0774132     0.501057
-0.000774836   -0.0774132     0.501057
-0.000774836   -0.0774132     0.501057
-0.000774836   -0.0774132     0.501057
-0.000774836   -0.0774132     0.501057
-0.000774836   -0.0774132     0.501057
-0.000774836   -0.0774132     0.501057
-0.000774836   -0.0774132     0.501057
-0.000774836   -0.0774132     0.501057
-0.000774836   -0.0774132     0.501057
-0.000774836   -0.0774132     0.501057
-0.000774836   -0.0774132     0.501057
-0.000774836   -0.0774132     0.501057
-0.000774836   -0.0774132     0.501057
-0.000774836   -0.0774132     0.501057
-0.000774836   -0.0774132     0.501057
-0.000774836   -0.0774132     0.501057
-0.000774836   -0.0774132     0.501057
-0.000774836   -0.0774132     0.501057
-0.000774836   -0.0774132     0.501057
-0.000774836   -0.0774132     0.501057
-0.000774836   -0.0774132     0.501057
-0.000774836   -0.0774132     0.501057
-0.000774836   -0.0774132     0.501057
-0.000774836   -0.0774132     0.501057
-0.000774836   -0.0774132     0.501057
-0.000774836   -0.0774132     0.501057
-0.000774836   -0.0774132     0.501057
-0.000774836   -0.0774132     0.501057
-0.000774836   -0.0774132     0.501057
-0.000774836   -0.0774132     0.501057
-0.000774836   -0.0774132     0.501057
-0.000774836   -0.0774132     0.501057
-0.000774836   -0.0774132     0.501057
-0.000774836   -0.0774132     0.501057
-0.000774836   -0.0774132     0.501057
-0.000774836   -0.0774132     0.501057
-0.000774836   -0.0774132     0.501057
-0.000774836   -0.0774132     0.501057
-0.000774836   -0.0774132     0.501057
-0.000774836   -0.0774132     0.501057
-0.000774836   -0.0774132     0.501057
-0.000774836   -0.0774132     0.501057
-0.000774836   -0.0774132     0.501057
-0.000774836   -0.0774132     0.501057
-0.000774836   -0.0774132     0.501057
-0.000774836   -0.0774132     0.501057
-0.000774836   -0.0774132     0.501057
-0.000774836   -0.0774132     0.501057
-0.000774836   -0.0774132     0.501057
-0.000774836   -0.0774132     0.501057
-0.000774836   -0.0774132     0.501057
-0.000774836   -0.0774132     0.501057
-0.000774836   -0.0774132     0.501057
-0.000774836   -0.0774132     0.501057
-0.000774836   -0.0774132     0.501057
-0.000774836   -0.0774132     0.501057
-0.000774836   -0.0774132     0.501057
-0.000774836   -0.0774132     0.501057
-0.000774836   -0.0774132     0.501057
-0.000774836   -0.0774132     0.501057
-0.000774836   -0.0774132     0.501057
-0.000774836   -0.0774132     0.501057
-0.000774836   -0.0774132     0.501057
-0.000774836   -0.0774132     0.501057
-0.000774836   -0.0774132     0.501057
-0.000774836   -0.0774132     0.501057
-0.000774836   -0.0774132     0.501057
-0.000774836   -0.0774132     0.501057
-0.000774836   -0.0774132     0.501057
-0.000774836   -0.0774132     0.501057
-0.000774836   -0.0774132     0.501057
-0.000774836   -0.0774132     0.501057
-0.000774836   -0.0774132     0.501057
-0.000774836   -0.0774132     0.501057
-0.000774836   -0.0774132     0.501057
-0.000774836   -0.0774132     0.501057
-0.000774836   -0.0774132     0.501057
-0.000774836   -0.0774132     0.501057
-0.000774836   -0.0774132     0.501057
-0.000774836   -0.0774132     0.501057
-0.000774836   -0.0774132     0.501057
-0.000774836   -0.0774132     0.501057
-0.000774836   -0.0774132     0.501057
-0.000774836   -0.0774132     0.501057
-0.000774836   -0.0774132     0.501057
-0.000774836   -0.0774132     0.501057
-0.000774836   -0.0774132     0.501057
-0.000774836   -0.0774132     0.501057
-0.000774836   -0.0774132     0.501057
-0.000774836   -0.0774132     0.501057
-0.000774836   -0.0774132     0.501057
-0.000774836   -0.0774132     0.501057
-0.000774836   -0.0774132     0.501057
-0.000774836   -0.0774132     0.501057
-0.000774836   -0.0774132     0.501057
-0.000774836   -0.0774132     0.501057
-0.000774836   -0.0774132     0.501057
-0.000774836   -0.0774132     0.501057
-0.000774836   -0.0774132     0.501057
-0.000774836   -0.0774132     0.501057
-0.000774836   -0.0774132     0.501057
-0.000774836   -0.0774132     0.501057
-0.000774836   -0.0774132     0.501057
-0.000774836   -0.0774132     0.501057
-0.000774836   -0.0774132     0.501057
-0.000774836   -0.0774132     0.501057
-0.000774836   -0.0774132     0.501057
-0.000774836   -0.0774132     0.501057
-0.000774836   -0.0774132     0.501057
-0.000774836   -0.0774132     0.501057
-0.000774836   -0.0774132     0.501057
-0.000774836   -0.0774132     0.501057
-0.000774836   -0.0774132     0.501057
-0.000774836   -0.0774132     0.501057
-0.000774836   -0.0774132     0.501057
-0.000774836   -0.0774132     0.501057
-0.000774836   -0.0774132     0.501057
-0.000774836   -0.0774132     0.501057
-0.000774836   -0.0774132     0.501057
-0.000774836   -0.0774132     0.501057
-0.000774836   -0.0774132     0.501057
-0.000774836   -0.0774132     0.501057
-0.000774836   -0.0774132     0.501057
-0.000774836   -0.0774132     0.501057
-0.000774836   -0.0774132     0.501057
-0.000774836   -0.0774132     0.501057
-0.000774836   -0.0774132     0.501057
-0.000774836   -0.0774132     0.501057
-0.000774836   -0.0774132     0.501057
-0.000774836   -0.0774132     0.501057
-0.000774836   -0.0774132     0.501057
-0.000774836   -0.0774132     0.501057
-0.000774836   -0.0774132     0.501057
-0.000774836   -0.0774132     0.501057
-0.000774836   -0.0774132     0.501057
-0.000774836   -0.0774132     0.501057
-0.000774836   -0.0774132     0.501057
-0.000774836   -0.0774132     0.501057
-0.000774836   -0.0774132     0.501057
-0.000774836   -0.0774132     0.501057
-0.000774836   -0.0774132     0.501057
-0.000774836   -0.0774132     0.501057
-0.000774836   -0.0774132     0.501057
-0.000774836   -0.0774132     0.501057
-0.000774836   -0.0774132     0.501057
-0.000774836   -0.0774132     0.501057
-0.000774836   -0.0774132     0.501057
-0.000774836   -0.0774132     0.501057
-0.000774836   -0.0774132     0.501057
-0.000774836   -0.0774132     0.501057
-0.000774836   -0.0774132     0.501057
-0.000774836   -0.0774132     0.501057
-0.000774836   -0.0774132     0.501057
-0.000774836   -0.0774132     0.501057
-0.000774836   -0.0774132     0.501057
-0.000774836   -0.0774132     0.501057
-0.000774836   -0.0774132     0.501057
-0.000774836   -0.0774132     0.501057
-0.000774836   -0.0774132     0.501057
-0.000774836   -0.0774132     0.501057
-0.000774836   -0.0774132     0.501057
-0.000774836   -0.0774132     0.501057
-0.000774836   -0.0774132     0.501057
-0.000774836   -0.0774132     0.501057
-0.000774836   -0.0774132     0.501057
-0.000774836   -0.0774132     0.501057
-0.000774836   -0.0774132     0.501057
-0.000774836   -0.0774132     0.501057
-0.000774836   -0.0774132     0.501057
-0.000774836   -0.0774132     0.501057
-0.000774836   -0.0774132     0.501057
-0.000774836   -0.0774132     0.501057
-0.000774836   -0.0774132     0.501057
-0.000774836   -0.0774132     0.501057
-0.000774836   -0.0774132     0.501057
-0.000774836   -0.0774132     0.501057
-0.000774836   -0.0774132     0.501057
-0.000774836   -0.0774132     0.501057
-0.000774836   -0.0774132     0.501057
-0.000774836   -0.0774132     0.501057
-0.000774836   -0.0774132     0.501057
-0.000774836   -0.0774132     0.501057
-0.000774836   -0.0774132     0.501057
-0.000774836   -0.0774132     0.501057
-0.000774836   -0.0774132     0.501057
-0.000774836   -0.0774132     0.501057
-0.000774836   -0.0774132     0.501057
-0.000774836   -0.0774132     0.501057
-0.000774836   -0.0774132     0.501057
-0.000774836   -0.0774132     0.501057
-0.000774836   -0.0774132     0.501057
-0.000774836   -0.0774132     0.501057
-0.000774836   -0.0774132     0.501057
-0.000774836   -0.0774132     0.501057
-0.000774836   -0.0774132     0.501057
-0.000774836   -0.0774132     0.501057
-0.000774836   -0.0774132     0.501057
-0.000774836   -0.0774132     0.501057
-0.000774836   -0.0774132     0.501057
-0.000774836   -0.0774132     0.501057
-0.000774836   -0.0774132     0.501057
-0.000774836   -0.0774132     0.501057
-0.000774836   -0.0774132     0.501057
-0.000774836   -0.0774132     0.501057
-0.000774836   -0.0774132     0.501057
-0.000774836   -0.0774132     0.501057
-0.000774836   -0.0774132     0.501057
-0.000774836   -0.0774132     0.501057
-0.000774836   -0.0774132     0.501057
-0.000774836   -0.0774132     0.501057
-0.000774836   -0.0774132     0.501057
-0.000774836   -0.0774132     0.501057
-0.000774836   -0.0774132     0.501057
-0.000774836   -0.0774132     0.501057
-0.000774836   -0.0774132     0.501057
-0.000774836   -0.0774132     0.501057
-0.000774836   -0.0774132     0.501057
-0.000774836   -0.0774132     0.501057
-0.000774836   -0.0774132     0.501057
-0.000774836   -0.0774132     0.501057
-0.000774836   -0.0774132     0.501057
-0.000774836   -0.0774132     0.501057
-0.000774836   -0.0774132     0.501057
-0.000774836   -0.0774132     0.501057
-0.000774836   -0.0774132     0.501057
-0.000774836   -0.0774132     0.501057
-0.000774836   -0.0774132     0.501057
-0.000774836   -0.0774132     0.501057
-0.000774836   -0.0774132     0.501057
-0.000774836   -0.0774132     0.501057
-0.000774836   -0.0774132     0.501057
-0.000774836   -0.0774132     0.501057
-0.000774836   -0.0774132     0.501057
-0.000774836   -0.0774132     0.501057
-0.000774836   -0.0774132     0.501057
-0.000774836   -0.0774132     0.501057
-0.000774836   -0.0774132     0.501057
-0.000774836   -0.0774132     0.501057
-0.000774836   -0.0774132     0.501057
-0.000774836   -0.0774132     0.501057
-0.000774836   -0.0774132     0.501057
-0.000774836   -0.0774132     0.501057
-0.000774836   -0.0774132     0.501057
-0.000774836   -0.0774132     0.501057
-0.000774836   -0.0774132     0.501057
-0.000774836   -0.0774132     0.501057
-0.000774836   -0.0774132     0.501057
-0.000774836   -0.0774132     0.501057
-0.000774836   -0.0774132     0.501057
-0.000774836   -0.0774132     0.501057
-0.000774836   -0.0774132     0.501057
-0.000774836   -0.0774132     0.501057
-0.000774836   -0.0774132     0.501057
-0.000774836   -0.0774132     0.501057
-0.000774836   -0.0774132     0.501057
-0.000774836   -0.0774132     0.501057
-0.000774836   -0.0774132     0.501057
-0.000774836   -0.0774132     0.501057
-0.000774836   -0.0774132     0.501057
-0.000774836   -0.0774132     0.501057
-0.000774836   -0.0774132     0.501057
-0.000774836   -0.0774132     0.501057
-0.000774836   -0.0774132     0.501057
-0.000774836   -0.0774132     0.501057
-0.000774836   -0.0774132     0.501057
-0.000774836   -0.0774132     0.501057
-0.000774836   -0.0774132     0.501057
-0.000774836   -0.0774132     0.501057
-0.000774836   -0.0774132     0.501057
-0.000774836   -0.0774132     0.501057
-0.000774836   -0.0774132     0.501057
-0.000774836   -0.0774132     0.501057
-0.000774836   -0.0774132     0.501057
-0.000774836   -0.0774132     0.501057
-0.000774836   -0.0774132     0.501057
-0.000774836   -0.0774132     0.501057
-0.000774836   -0.0774132     0.501057
-0.000774836   -0.0774132     0.501057
-0.000774836   -0.0774132     0.501057
-0.000774836   -0.0774132     0.501057
-0.000774836   -0.0774132     0.501057
-0.000774836   -0.0774132     0.501057
-0.000774836   -0.0774132     0.501057
-0.000774836   -0.0774132     0.501057
-0.000774836   -0.0774132     0.501057
-0.000774836   -0.0774132     0.501057
-0.000774836   -0.0774132     0.501057
-0.000774836   -0.0774132     0.501057
-0.000774836   -0.0774132     0.501057
-0.000774836   -0.0774132     0.501057
-0.000774836   -0.0774132     0.501057
-0.000774836   -0.0774132     0.501057
-0.000774836   -0.0774132     0.501057
-0.000774836   -0.0774132     0.501057
-0.000774836   -0.0774132     0.501057
-0.000774836   -0.0774132     0.501057
-0.000774836   -0.0774132     0.501057
-0.000774836   -0.0774132     0.501057
-0.000774836   -0.0774132     0.501057
-0.000774836   -0.0774132     0.501057
-0.000774836   -0.0774132     0.501057
-0.000774836   -0.0774132     0.501057
-0.000774836   -0.0774132     0.501057
-0.000774836   -0.0774132     0.501057
-0.000774836   -0.0774132     0.501057
-0.000774836   -0.0774132     0.501057
-0.000774836   -0.0774132     0.501057
-0.000774836   -0.0774132     0.501057
-0.000774836   -0.0774132     0.501057
-0.000774836   -0.0774132     0.501057
-0.000774836   -0.0774132     0.501057
-0.000774836   -0.0774132     0.501057
-0.000774836   -0.0774132     0.501057
-0.000774836   -0.0774132     0.501057
-0.000774836   -0.0774132     0.501057
-0.000774836   -0.0774132     0.501057
-0.000774836   -0.0774132     0.501057
-0.000774836   -0.0774132     0.501057
-0.000774836   -0.0774132     0.501057
-0.000774836   -0.0774132     0.501057
-0.000774836   -0.0774132     0.501057
-0.000774836   -0.0774132     0.501057
-0.000774836   -0.0774132     0.501057
-0.000774836   -0.0774132     0.501057
-0.000774836   -0.0774132     0.501057
-0.000774836   -0.0774132     0.501057
-0.000774836   -0.0774132     0.501057
-0.000774836   -0.0774132     0.501057
-0.000774836   -0.0774132     0.501057
-0.000774836   -0.0774132     0.501057
-0.000774836   -0.0774132     0.501057
-0.000774836   -0.0774132     0.501057
-0.000774836   -0.0774132     0.501057
-0.000774836   -0.0774132     0.501057
-0.000774836   -0.0774132     0.501057
-0.000774836   -0.0774132     0.501057
-0.000774836   -0.0774132     0.501057
-0.000774836   -0.0774132     0.501057
-0.000774836   -0.0774132     0.501057
-0.000774836   -0.0774132     0.501057
-0.000774836   -0.0774132     0.501057
-0.000774836   -0.0774132     0.501057
-0.000774836   -0.0774132     0.501057
-0.000774836   -0.0774132     0.501057
-0.000774836   -0.0774132     0.501057
-0.000774836   -0.0774132     0.501057
-0.000774836   -0.0774132     0.501057
-0.000774836   -0.0774132     0.501057
-0.000774836   -0.0774132     0.501057
-0.000774836   -0.0774132     0.501057
-0.000774836   -0.0774132     0.501057
-0.000774836   -0.0774132     0.501057
-0.000774836   -0.0774132     0.501057
-0.000774836   -0.0774132     0.501057
-0.000774836   -0.0774132     0.501057
-0.000774836   -0.0774132     0.501057
-0.000774836   -0.0774132     0.501057
-0.000774836   -0.0774132     0.501057
-0.000774836   -0.0774132     0.501057
-0.000774836   -0.0774132     0.501057
-0.000774836   -0.0774132     0.501057
-0.000774836   -0.0774132     0.501057
-0.000774836   -0.0774132     0.501057
-0.000774836   -0.0774132     0.501057
-0.000774836   -0.0774132     0.501057
-0.000774836   -0.0774132     0.501057
-0.000774836   -0.0774132     0.501057
-0.000774836   -0.0774132     0.501057
-0.000774836   -0.0774132     0.501057
-0.000774836   -0.0774132     0.501057
-0.000774836   -0.0774132     0.501057
-0.000774836   -0.0774132     0.501057
-0.000774836   -0.0774132     0.501057
-0.000774836   -0.0774132     0.501057
-0.000774836   -0.0774132     0.501057
-0.000774836   -0.0774132     0.501057
-0.000774836   -0.0774132     0.501057
-0.000774836   -0.0774132     0.501057
-0.000774836   -0.0774132     0.501057
-0.000774836   -0.0774132     0.501057
-0.000774836   -0.0774132     0.501057
-0.000774836   -0.0774132     0.501057
-0.000774836   -0.0774132     0.501057
