0.0165501 -0.105427  0.508559
0.0165579  -0.10543   0.50856
0.0165631 -0.105433  0.508561
0.0165649 -0.105438   0.50856
0.0165645 -0.105438   0.50856
 0.016563 -0.105433  0.508561
0.0165587 -0.105432  0.508561
0.0165501 -0.105434   0.50856
 0.016542 -0.105433  0.508559
0.0165332  -0.10543  0.508559
0.0165232 -0.105428  0.508558
0.0165129 -0.105425  0.508557
0.0165017 -0.105423  0.508556
0.0164906 -0.105418  0.508555
0.0164791 -0.105415  0.508554
0.0164675  -0.10541  0.508552
0.0164558 -0.105406  0.508551
0.0164445 -0.105399   0.50855
0.0164331 -0.105394  0.508548
 0.016418 -0.105382  0.508547
0.0164111 -0.105377  0.508546
0.0164005 -0.105369  0.508545
0.0163894 -0.105357  0.508544
 0.016378 -0.105347  0.508542
0.0163667 -0.105332  0.508542
 0.016355 -0.105317   0.50854
0.0163427 -0.105299  0.508539
0.0163298  -0.10528  0.508538
0.0163164 -0.105257  0.508537
0.0163019 -0.105234  0.508536
0.0162862 -0.105206  0.508535
0.0162697 -0.105175  0.508534
0.0162518 -0.105143  0.508533
0.0162323 -0.105107  0.508531
0.0162113 -0.105069   0.50853
0.0161853 -0.105016  0.508529
0.0161605  -0.10497  0.508527
0.0161337 -0.104921  0.508525
0.0161048 -0.104868  0.508522
0.0160739 -0.104813   0.50852
0.0160407 -0.104753  0.508517
0.0160067 -0.104693  0.508514
0.0159692 -0.104626  0.508511
0.0159304 -0.104557  0.508507
0.0158883 -0.104484  0.508503
0.0158438 -0.104406  0.508498
0.0157972 -0.104327  0.508494
 0.015748 -0.104242  0.508489
0.0156965 -0.104155  0.508483
0.0156426 -0.104064  0.508477
0.0155865  -0.10397   0.50847
 0.015528 -0.103871  0.508464
0.0154672 -0.103768  0.508457
0.0154042 -0.103663  0.508449
0.0153389 -0.103554  0.508441
0.0152713 -0.103442  0.508432
0.0152014 -0.103325  0.508423
0.0151294 -0.103204  0.508414
0.0150551 -0.103081  0.508403
0.0149651 -0.102936  0.508391
0.0148862 -0.102803   0.50838
 0.014805 -0.102668  0.508368
0.0147245 -0.102533  0.508356
0.0146391 -0.102389  0.508344
 0.014554 -0.102245  0.508329
0.0144646 -0.102094  0.508316
0.0143729 -0.101939  0.508301
 0.014279 -0.101779  0.508286
 0.014183 -0.101616   0.50827
0.0140849  -0.10145  0.508254
0.0139846 -0.101278  0.508236
0.0138822 -0.101102  0.508218
0.0137775 -0.100923  0.508199
0.0136706 -0.100739   0.50818
0.0135613 -0.100553  0.508159
0.0134498  -0.10036  0.508138
 0.013336 -0.100163  0.508116
 0.0132197 -0.0999633   0.508092
 0.0131006 -0.0997576   0.508068
 0.0129792 -0.0995468   0.508043
  0.012855 -0.0993342   0.508016
0.0127287 -0.099114  0.507989
 0.0125996 -0.0988904    0.50796
 0.0124464 -0.0986229   0.507927
 0.0123176 -0.0983966   0.507898
 0.0121976 -0.0981948   0.507867
  0.012045 -0.0979253    0.50783
 0.0119027 -0.0976818   0.507794
 0.0117608 -0.0974343   0.507758
 0.0116141 -0.0971833    0.50772
0.0114676 -0.096927  0.507681
 0.0113173 -0.0966695    0.50764
 0.0111675 -0.0964094   0.507598
 0.0110141 -0.0961473   0.507555
 0.0108616 -0.0958811    0.50751
 0.0107058 -0.0956151   0.507464
 0.0105511 -0.0953451   0.507417
 0.0103934 -0.0950786   0.507368
 0.0102374 -0.0948066   0.507319
 0.0100787 -0.0945366   0.507268
0.00992084  -0.094265   0.507216
0.00976276 -0.0939933   0.507164
0.00960567 -0.0937222    0.50711
0.00944646  -0.093452   0.507055
0.00928852 -0.0931811      0.507
 0.0091307 -0.0929105   0.506944
0.00897307 -0.0926406   0.506887
 0.0088158 -0.0923717    0.50683
0.00865913 -0.0921062   0.506772
0.00850307 -0.0918394   0.506713
0.00834769  -0.091574   0.506655
0.00819323 -0.0913109   0.506595
0.00803962 -0.0910491   0.506536
0.00788727 -0.0907895   0.506476
0.00773548 -0.0905308   0.506415
0.00758467 -0.0902739   0.506355
0.00743513 -0.0900195   0.506294
0.00728684 -0.0897671   0.506233
0.00713985  -0.089517   0.506172
0.00699429 -0.0892689   0.506111
0.00685054 -0.0890237   0.506051
0.00670753 -0.0887802   0.505989
0.00657006 -0.0885464    0.50593
0.00643236 -0.0883128   0.505866
0.00629347 -0.0880759   0.505805
0.00615607 -0.0878418   0.505744
0.00599971 -0.0876193   0.505667
0.00588606 -0.0873813   0.505621
0.00573345 -0.0871252   0.505552
 0.0056028 -0.0869017   0.505491
0.00547404 -0.0866813    0.50543
0.00534704 -0.0864638   0.505369
0.00522195 -0.0862494   0.505308
0.00509878 -0.0860376   0.505248
0.00497762 -0.0858295   0.505188
0.00485859 -0.0856245   0.505129
0.00474137 -0.0854228    0.50507
0.00462606  -0.085224   0.505011
0.00451295 -0.0850291   0.504953
 0.0044016 -0.0848372   0.504895
0.00429224 -0.0846484   0.504838
0.00418487 -0.0844632   0.504781
0.00407929 -0.0842814   0.504724
0.00397886 -0.0841084    0.50467
0.00387706 -0.0839331   0.504615
0.00377879 -0.0837651    0.50456
0.00368057 -0.0835967   0.504506
0.00358417 -0.0834315   0.504453
0.00348963 -0.0832699     0.5044
0.00339702 -0.0831121   0.504348
0.00330636 -0.0829575   0.504297
0.00321775 -0.0828048   0.504246
0.00313117 -0.0826581   0.504196
0.00304662  -0.082515   0.504148
0.0029642 -0.082376    0.5041
0.00288393 -0.0822407   0.504052
0.00280581 -0.0821091   0.504006
0.00271827 -0.0819561   0.503956
0.00264482 -0.0818331   0.503912
0.00257367 -0.0817138   0.503868
0.00250477 -0.0815983   0.503826
0.00243817 -0.0814863   0.503784
0.00237399 -0.0813782   0.503743
0.00231197 -0.0812737   0.503704
0.00225216 -0.0811722   0.503665
0.00219474  -0.081075   0.503627
 0.0021396 -0.0809811    0.50359
0.00208714 -0.0808909   0.503554
0.00203648 -0.0808035   0.503518
0.0019901 -0.080719  0.503484
0.00194345 -0.0806374    0.50345
0.00189882 -0.0805588   0.503417
0.00185668  -0.080484   0.503384
0.00181565 -0.0804103   0.503351
0.00177642 -0.0803392   0.503319
0.00173878 -0.0802703   0.503288
0.00170264 -0.0802036   0.503257
0.00166797 -0.0801392   0.503227
0.00163472 -0.0800768   0.503196
0.00160271 -0.0800133   0.503167
0.00157184 -0.0799546   0.503137
0.00152396 -0.0798772   0.503099
0.00150348 -0.0798349   0.503076
 0.0014757 -0.0797807   0.503047
 0.0014492 -0.0797285   0.503017
0.00142401 -0.0796781   0.502988
0.00139849 -0.0796271    0.50296
0.00137494 -0.0795794    0.50293
0.00135157 -0.0795319   0.502901
0.00133081 -0.0794837   0.502874
0.00130671 -0.0794373   0.502844
0.00128526 -0.0793929   0.502815
0.00126642 -0.0793502   0.502787
 0.0012461 -0.0793076   0.502759
0.00122137 -0.0792627   0.502727
0.00120715 -0.0792247   0.502702
0.00118851 -0.0791851   0.502673
0.00117047 -0.0791463   0.502644
0.00114824 -0.0791064   0.502613
0.00113147 -0.0790694   0.502585
0.00111518 -0.0790337   0.502557
0.00109955 -0.0789991   0.502529
0.00108462 -0.0789656   0.502501
 0.0010703 -0.0789327   0.502474
0.00105678 -0.0788987   0.502447
  0.001044 -0.0788684   0.502419
0.00103195 -0.0788387   0.502392
0.00102074 -0.0788101   0.502366
0.00101027 -0.0787825   0.502339
0.00100059 -0.0787556   0.502312
0.000991637  -0.0787299    0.502286
0.000983825  -0.0787055     0.50226
0.000976429  -0.0786815    0.502234
0.000970437  -0.0786589    0.502208
0.000964467  -0.0786343    0.502183
0.000961049  -0.0786131    0.502157
0.000956255  -0.0785924    0.502132
0.00095206 -0.0785726   0.502106
0.000948411  -0.0785536    0.502081
0.000941938  -0.0785259    0.502055
0.000939204  -0.0785085     0.50203
0.000936787  -0.0784914    0.502005
0.000934742  -0.0784752     0.50198
0.000932978  -0.0784597    0.501955
0.000931565  -0.0784442     0.50193
0.000930363    -0.07843    0.501905
0.000929445  -0.0784162    0.501881
0.000928683  -0.0784031    0.501856
0.000928077  -0.0783901    0.501831
0.000927658  -0.0783751    0.501807
 0.0009274 -0.0783636   0.501782
0.000927223  -0.0783412    0.501733
0.000927223  -0.0783412    0.501733
0.000928068  -0.0783206    0.501684
0.000928799  -0.0783105    0.501659
0.000929689  -0.0783004    0.501635
0.00093111 -0.0782911   0.501611
0.000933036  -0.0782821    0.501587
0.000935312  -0.0782728    0.501563
0.000938088   -0.078264    0.501539
0.000943746  -0.0782531    0.501515
0.000947275  -0.0782447    0.501492
0.000951227  -0.0782366    0.501469
0.000955542  -0.0782288    0.501446
0.000958064  -0.0782253     0.50142
0.00096312 -0.0782179   0.501397
0.00096854 -0.0782011   0.501376
0.000976248  -0.0781989    0.501355
0.000982258  -0.0781919    0.501333
0.000986649  -0.0781877    0.501308
0.000992407  -0.0781785    0.501289
0.000999159  -0.0781727    0.501267
0.00100604  -0.078167   0.501245
0.00101314 -0.0781618   0.501224
0.00102026 -0.0781541   0.501203
0.00102743 -0.0781497   0.501181
 0.0010346 -0.0781454    0.50116
0.00104174 -0.0781415   0.501139
0.00105077 -0.0781378   0.501118
0.00105777 -0.0781341   0.501097
0.00106475  -0.078131   0.501076
0.00107166 -0.0781282   0.501055
0.00107838 -0.0781255   0.501034
0.00108496 -0.0781227   0.501013
0.00109143 -0.0781207   0.500992
0.00109779  -0.078119   0.500972
0.00110443 -0.0781185   0.500951
0.00111048 -0.0781168    0.50093
0.00111645 -0.0781155    0.50091
0.00112056 -0.0781171   0.500887
0.0011263 -0.078116  0.500866
0.00113201 -0.0781147   0.500846
0.00113769 -0.0781139   0.500826
0.00114348 -0.0781131   0.500806
0.00114931 -0.0781125   0.500786
0.00115521 -0.0781116   0.500766
0.00116128 -0.0781108   0.500746
0.00116745 -0.0781102   0.500726
0.00117377 -0.0781095   0.500707
0.00118021 -0.0781086   0.500687
0.00118689  -0.078108   0.500668
0.00119512 -0.0781068   0.500649
0.00120204 -0.0781061    0.50063
0.00120918 -0.0781057   0.500611
0.00121503  -0.078106   0.500592
0.00122378 -0.0781049   0.500573
0.00123159 -0.0781025   0.500555
 0.0012391 -0.0781028   0.500536
0.00124668 -0.0781032   0.500518
0.00125427 -0.0781035     0.5005
0.00126189 -0.0781041   0.500482
0.00126951 -0.0781062   0.500463
0.00127707  -0.078107   0.500446
0.00128455  -0.078108   0.500428
0.00129204 -0.0781093    0.50041
0.00129935 -0.0781105   0.500392
0.00130662 -0.0781124   0.500375
0.00131378  -0.078114   0.500357
0.00132075 -0.0781154    0.50034
0.00132681 -0.0781105   0.500322
0.00133358 -0.0781125   0.500304
0.00134034 -0.0781149   0.500287
  0.001347 -0.0781174    0.50027
0.00135356 -0.0781198   0.500253
 0.0013601 -0.0781224   0.500237
0.00136652 -0.0781251    0.50022
0.00137286 -0.0781278   0.500203
0.00138045 -0.0781302   0.500187
0.00138706 -0.0781336   0.500171
0.00139323 -0.0781366   0.500154
0.00139937 -0.0781398   0.500138
0.00140547 -0.0781429   0.500122
0.00141149 -0.0781462   0.500107
0.00141751 -0.0781496   0.500091
0.00142345 -0.0781529   0.500075
 0.0014294 -0.0781564    0.50006
0.00143529 -0.0781599   0.500044
0.00144109 -0.0781633   0.500029
 0.0014465 -0.0781685   0.500014
0.00145222 -0.0781723   0.499999
 0.0014579 -0.0781759   0.499983
0.00146352 -0.0781795   0.499968
0.00146906  -0.078183   0.499954
0.00147463 -0.0781866   0.499939
0.00148014 -0.0781902   0.499924
 0.0014856 -0.0781937    0.49991
0.00149104 -0.0781973   0.499895
 0.0014964 -0.0782007   0.499881
0.00150239 -0.0782082   0.499864
0.00150765 -0.0782118    0.49985
0.00151284 -0.0782153   0.499836
0.00151799 -0.0782189   0.499822
0.00152305 -0.0782225   0.499808
0.00152799 -0.0782261   0.499794
0.00153317 -0.0782301   0.499781
0.00153786 -0.0782337   0.499767
0.00154238 -0.0782374   0.499754
0.00154676  -0.078241    0.49974
0.00155093 -0.0782448   0.499727
0.00155093 -0.0782448   0.499727
0.00155489 -0.0782486   0.499714
0.00155868 -0.0782523   0.499701
0.00156448 -0.0782622   0.499675
0.00156694  -0.078266   0.499662
0.00156926 -0.0782698   0.499649
0.00157148 -0.0782736   0.499636
 0.0015736 -0.0782775   0.499623
 0.0015756 -0.0782812    0.49961
0.00157787 -0.0782769   0.499597
0.00157959 -0.0782806   0.499585
0.00158117 -0.0782842   0.499572
0.00158269  -0.078288    0.49956
 0.0015841 -0.0782917   0.499548
 0.0015854 -0.0782953   0.499536
0.00158669 -0.0782992   0.499524
0.00158814 -0.0783033   0.499513
0.00158926 -0.0783072   0.499501
0.00159027  -0.078311    0.49949
0.00159123  -0.078315   0.499479
0.00159212 -0.0783189   0.499468
0.00159289 -0.0783228   0.499457
0.00159364 -0.0783269   0.499446
0.00159437 -0.0783313   0.499435
0.00159411 -0.0783371   0.499425
0.00159462 -0.0783411   0.499415
0.00159505 -0.0783451   0.499404
0.00159627 -0.0783472   0.499394
0.00159657 -0.0783512   0.499383
0.00159681  -0.078355   0.499373
0.00159698 -0.0783588   0.499363
 0.0015971 -0.0783626   0.499353
0.00159627 -0.0783681   0.499344
0.00159618 -0.0783717   0.499334
0.00159605 -0.0783753   0.499324
0.00158932 -0.0783808   0.499314
0.00159597  -0.078386   0.499303
0.00159545 -0.0783894   0.499293
0.00159486 -0.0783927   0.499284
0.00159422 -0.0783959   0.499275
0.00159346  -0.078399   0.499265
0.00159268 -0.0784021   0.499256
0.00159181  -0.078405   0.499247
0.00159118 -0.0784082   0.499238
0.00159018  -0.078411   0.499229
0.00158908 -0.0784137    0.49922
0.00158796 -0.0784165   0.499211
0.00158675 -0.0784191   0.499202
0.00158546 -0.0784217   0.499193
0.00158412 -0.0784242   0.499185
0.00158271 -0.0784267   0.499176
0.00158125 -0.0784292   0.499168
0.00157971 -0.0784318    0.49916
0.00157815 -0.0784343   0.499151
0.00157656 -0.0784369   0.499143
0.00157491 -0.0784395   0.499135
0.00157322  -0.078442   0.499127
0.00157147 -0.0784445   0.499119
0.00156969 -0.0784471   0.499111
0.00156969 -0.0784471   0.499111
0.00156787 -0.0784496   0.499103
0.00156601 -0.0784522   0.499096
0.00156399 -0.0784547   0.499088
 0.0015618 -0.0784572    0.49908
0.00155952 -0.0784597   0.499072
0.00155707 -0.0784621   0.499065
0.00155457 -0.0784645   0.499057
0.00155196 -0.0784667   0.499049
0.00154933  -0.078469   0.499041
 0.0015467 -0.0784712   0.499033
0.00154403 -0.0784734   0.499025
0.00154026 -0.0784774   0.499018
0.00153873 -0.0784775   0.499009
 0.0015361 -0.0784796   0.499002
0.00153347 -0.0784814   0.498994
0.00153089 -0.0784833   0.498986
0.00152839 -0.0784851   0.498978
0.00152586 -0.0784869   0.498971
0.00152337 -0.0784885   0.498963
0.00152098 -0.0784902   0.498955
0.00151861 -0.0784919   0.498948
0.00151634 -0.0784935    0.49894
0.00151408 -0.0784951   0.498933
0.00151191 -0.0784966   0.498926
0.00150977 -0.0784982   0.498919
0.00150771 -0.0784998   0.498911
0.00150569 -0.0785014   0.498904
0.00150367  -0.078503   0.498897
0.00150174 -0.0785046    0.49889
0.00149975 -0.0785062   0.498884
0.00149682   -0.07851   0.498877
0.00149491 -0.0785117    0.49887
0.00149303 -0.0785133   0.498864
0.00149163 -0.0785067   0.498857
 0.0014899 -0.0785085    0.49885
0.00148809 -0.0785102   0.498844
0.00148622 -0.0785118   0.498837
0.00148443 -0.0785136   0.498831
0.00148262 -0.0785155   0.498824
0.00148082 -0.0785173   0.498818
0.00147905 -0.0785192   0.498812
0.00147745 -0.0785216   0.498806
0.00147562 -0.0785236   0.498799
0.00147379 -0.0785257   0.498793
0.00147201 -0.0785281   0.498787
0.00147014 -0.0785304   0.498781
0.00146823 -0.0785326   0.498775
0.00146634 -0.0785349   0.498769
0.00146436 -0.0785372   0.498763
0.00146135 -0.0785414   0.498757
0.00145935 -0.0785438   0.498752
 0.0014579 -0.0785498   0.498744
0.00145589 -0.0785521   0.498738
0.00145382 -0.0785544   0.498732
0.00145176 -0.0785566   0.498726
0.00144967 -0.0785587   0.498721
 0.0014476 -0.0785608   0.498715
0.00144553 -0.0785627   0.498709
0.00144141 -0.0785664   0.498698
0.00143932  -0.078568   0.498692
 0.0014374 -0.0785696   0.498687
0.00143575 -0.0785715   0.498681
0.00143395  -0.078573   0.498676
0.00143395  -0.078573   0.498676
0.00143227 -0.0785747   0.498671
0.00143051 -0.0785761   0.498665
0.00142867 -0.0785776    0.49866
0.00142672 -0.0785789   0.498655
0.00142386 -0.0785819    0.49865
0.00142183 -0.0785833   0.498645
0.00141974 -0.0785846    0.49864
0.00141827 -0.0785776   0.498635
0.00141548 -0.0785871    0.49863
0.00141394   -0.07858   0.498625
0.00141159 -0.0785814    0.49862
 0.0014094 -0.0785826   0.498615
0.00140722 -0.0785838    0.49861
0.00140502  -0.078585   0.498605
0.00140283 -0.0785862     0.4986
 0.0013984 -0.0785887    0.49859
0.00139623   -0.07859   0.498585
 0.0013942 -0.0785915    0.49858
0.00139228  -0.078593   0.498576
0.00139036 -0.0785946   0.498571
0.00138853 -0.0785964   0.498567
0.00138853 -0.0785964   0.498567
0.00138675 -0.0785982   0.498562
0.00138498 -0.0786001   0.498558
0.00138311 -0.0786021   0.498554
0.00138139 -0.0786045    0.49855
0.00137952 -0.0786066   0.498546
0.00137754 -0.0786087   0.498542
0.00137558 -0.0786108   0.498537
0.00137366 -0.0786131   0.498533
0.00137162 -0.0786148   0.498529
0.00136967 -0.0786171   0.498525
0.0013676 -0.078619  0.498521
0.00136556 -0.0786209   0.498517
0.00136348 -0.0786228   0.498512
0.00136139 -0.0786245   0.498508
0.00135931 -0.0786261   0.498504
0.00135632 -0.0786292     0.4985
0.00135423 -0.0786307   0.498496
0.00135207 -0.0786321   0.498492
0.00134996 -0.0786334   0.498487
0.00134784 -0.0786345   0.498483
0.00134575 -0.0786356   0.498479
0.00134453 -0.0786351   0.498475
0.00134245  -0.078636   0.498471
0.00133957 -0.0786383   0.498467
0.00133755 -0.0786391   0.498463
0.00133602 -0.0786436   0.498457
0.00133406 -0.0786443   0.498453
0.00133215 -0.0786448   0.498449
0.00133032 -0.0786454   0.498445
0.00132845 -0.0786459   0.498441
0.00132667 -0.0786464   0.498437
0.00132492 -0.0786467   0.498433
0.00132324 -0.0786471   0.498429
0.00132176 -0.0786481   0.498425
0.00132012 -0.0786484   0.498422
0.00131855 -0.0786488   0.498418
0.00131695 -0.0786492   0.498414
0.00131539 -0.0786495    0.49841
0.00131387 -0.0786499   0.498406
0.00131157 -0.0786516   0.498403
0.00131011 -0.0786521   0.498399
0.00130859 -0.0786524   0.498396
0.00130799 -0.0786448   0.498392
0.00130609 -0.0786456   0.498389
0.00130463 -0.0786461   0.498385
0.00130319 -0.0786467   0.498382
0.00130174 -0.0786474   0.498378
0.00130031 -0.0786481   0.498375
 0.0012988 -0.0786489   0.498371
0.00129732 -0.0786498   0.498368
0.00129585 -0.0786508   0.498364
0.00129437  -0.078652   0.498361
0.00129289 -0.0786532   0.498358
0.00129134 -0.0786545   0.498355
 0.0012898 -0.0786559   0.498351
0.00128822 -0.0786573   0.498348
0.00128664 -0.0786589   0.498345
0.00128505 -0.0786607   0.498342
0.00128354 -0.0786627   0.498339
0.00128191 -0.0786643   0.498336
0.00128021  -0.078666   0.498333
0.00127851 -0.0786677   0.498329
0.00127679 -0.0786693   0.498326
 0.0012744 -0.0786722   0.498323
 0.0012727 -0.0786737    0.49832
0.00127094 -0.0786752   0.498317
0.00126869 -0.0786768   0.498314
 0.0012678 -0.0786821    0.49831
0.00126608 -0.0786833   0.498307
0.00126438 -0.0786845   0.498304
0.00126269 -0.0786856   0.498301
0.00126105 -0.0786865   0.498298
0.00125937 -0.0786873   0.498295
0.00125776  -0.078688   0.498292
0.00125617 -0.0786886   0.498289
0.00125462  -0.078689   0.498286
0.00125313 -0.0786894   0.498283
0.00125164 -0.0786896    0.49828
0.00125023 -0.0786899   0.498277
0.00124882   -0.07869   0.498274
0.00124746   -0.07869   0.498271
0.00124614 -0.0786901   0.498269
0.00124484 -0.0786903   0.498266
0.00124359 -0.0786875   0.498263
0.00124232 -0.0786878    0.49826
 0.0012411 -0.0786878   0.498257
0.00124004 -0.0786886   0.498254
0.00123885 -0.0786888   0.498251
 0.0012377 -0.0786891   0.498249
0.00123652 -0.0786894   0.498246
0.00123539 -0.0786897   0.498243
 0.0012342 -0.0786901    0.49824
0.00123246 -0.0786911   0.498238
0.00123188 -0.0786908   0.498235
0.00123014 -0.0786927   0.498233
  0.001229 -0.0786935    0.49823
0.00122717 -0.0786945   0.498227
0.00122596 -0.0786953   0.498225
0.00122474 -0.0786961   0.498222
0.00122443 -0.0786892    0.49822
 0.0012223 -0.0786977   0.498217
0.00122104 -0.0786985   0.498215
0.00122044  -0.078699   0.498212
0.00121912 -0.0787001    0.49821
0.00121837 -0.0786997   0.498207
0.00121706 -0.0787006   0.498205
0.00121575 -0.0787015   0.498203
0.00121444 -0.0787024     0.4982
0.00121308 -0.0787006   0.498198
0.00121173 -0.0787018   0.498196
0.00121038 -0.0787028   0.498194
0.00120789 -0.0787052   0.498191
 0.0012065 -0.0787062   0.498189
0.00120514 -0.0787071   0.498187
 0.0012047 -0.0787027   0.498185
 0.0012033 -0.0787035   0.498183
0.00120195 -0.0787015   0.498181
0.00119973   -0.07871   0.498178
0.00119841 -0.0787108   0.498175
0.00119715 -0.0787117   0.498173
0.00119583 -0.0787124   0.498171
0.00119545 -0.0787056    0.49817
0.00119421 -0.0787063   0.498167
  0.001193 -0.0787069   0.498165
0.00119186 -0.0787075   0.498163
 0.0011907 -0.0787082   0.498161
0.00118959 -0.0787088   0.498159
0.00118845 -0.0787094   0.498157
0.00118738 -0.0787102   0.498155
0.00118632 -0.0787106   0.498153
0.00118526 -0.0787114    0.49815
0.00118426 -0.0787126   0.498148
0.00118331 -0.0787138   0.498146
0.00118229 -0.0787147   0.498144
0.00118128 -0.0787155   0.498142
0.00118029 -0.0787164    0.49814
0.00117917 -0.0787173   0.498138
0.00117825 -0.0787155   0.498137
0.00117685 -0.0787175   0.498135
0.00117579 -0.0787185   0.498133
0.00117407 -0.0787197   0.498131
0.00117305 -0.0787206   0.498129
0.00117202 -0.0787214   0.498127
  0.001171 -0.0787222   0.498125
0.00117084 -0.0787271   0.498122
0.00116978 -0.0787278    0.49812
 0.0011687 -0.0787285   0.498119
0.00116766 -0.0787291   0.498117
0.00116658 -0.0787267   0.498115
0.00116551 -0.0787276   0.498113
0.00116446 -0.0787282   0.498111
0.00116336 -0.0787288    0.49811
 0.0011623 -0.0787292   0.498108
0.00116125 -0.0787296   0.498106
 0.0011602 -0.0787299   0.498104
0.00115916 -0.0787301   0.498102
0.0011581  -0.07873    0.4981
 0.0011571 -0.0787306   0.498098
0.00115605 -0.0787309   0.498096
0.00115515 -0.0787313   0.498094
0.00115415 -0.0787315   0.498093
0.00115317 -0.0787316   0.498091
0.00115224 -0.0787317   0.498089
0.00115126 -0.0787319   0.498087
0.00114999 -0.0787328   0.498085
0.00114905 -0.0787328   0.498083
0.00114815   -0.07873   0.498082
0.00114651 -0.0787309    0.49808
0.00114559 -0.0787312   0.498079
0.00114477 -0.0787316   0.498077
0.00114386 -0.0787318   0.498075
0.00114299 -0.0787321   0.498073
0.00114214 -0.0787323   0.498072
0.00114218 -0.0787248   0.498071
0.00114138 -0.0787254    0.49807
 0.0011405 -0.0787259   0.498068
0.00113967 -0.0787264   0.498066
0.00113884 -0.0787269   0.498065
0.00113804 -0.0787275   0.498063
0.00113633 -0.0787355   0.498061
 0.0011355 -0.0787361   0.498059
0.00113469 -0.0787369   0.498058
0.00113465 -0.0787304   0.498058
0.00113294 -0.0787356   0.498056
0.00113292 -0.0787319   0.498055
0.00113204  -0.078733   0.498053
0.00113116  -0.078734   0.498052
0.00113023  -0.078735   0.498051
0.00112932  -0.078736   0.498049
0.00112838 -0.0787369   0.498048
0.00112746 -0.0787351   0.498047
0.00112653 -0.0787361   0.498046
0.00112558 -0.0787371   0.498044
0.00112465 -0.0787382   0.498043
0.00112367 -0.0787388   0.498042
0.00112272 -0.0787397    0.49804
0.00112175 -0.0787405   0.498039
0.00112077 -0.0787411   0.498038
0.00111986 -0.0787416   0.498036
0.00111889 -0.0787419   0.498035
0.00111793 -0.0787427   0.498034
  0.001117 -0.0787437   0.498032
0.00111616 -0.0787446   0.498031
0.00111525 -0.0787452   0.498029
0.00111434 -0.0787457   0.498028
0.00111346 -0.0787462   0.498027
0.00111256  -0.078744   0.498026
0.00111172 -0.0787445   0.498024
0.00111086  -0.078745   0.498023
0.00111005 -0.0787453   0.498022
0.00110927 -0.0787457   0.498021
0.00110847 -0.0787459   0.498019
0.00110678  -0.078753   0.498017
0.00110601 -0.0787532   0.498016
0.00110529 -0.0787534   0.498015
0.00110455 -0.0787509   0.498014
 0.0011047 -0.0787465   0.498013
0.00110403 -0.0787468   0.498012
0.00110334 -0.0787469   0.498011
0.00110268  -0.078747   0.498009
0.00110203 -0.0787471   0.498008
 0.0011014 -0.0787446   0.498007
0.00110081 -0.0787449   0.498006
0.00110016 -0.0787451   0.498005
0.00109954 -0.0787454   0.498004
0.00109892 -0.0787456   0.498002
0.00109838 -0.0787461   0.498001
0.00109777 -0.0787463      0.498
0.00109713 -0.0787465   0.497999
0.00109577 -0.0787467   0.497998
0.00109511 -0.0787474   0.497996
0.00109441  -0.078748   0.497995
0.00109358 -0.0787492   0.497994
 0.0010929 -0.0787497   0.497993
 0.0010922 -0.0787503   0.497992
 0.0010923 -0.0787525   0.497991
0.00109159 -0.0787532    0.49799
0.00109085 -0.0787538   0.497989
0.00109011 -0.0787544   0.497987
0.00108936 -0.0787549   0.497986
0.00108859 -0.0787553   0.497985
0.00108782 -0.0787559   0.497984
0.00108702 -0.0787561   0.497983
0.00108626 -0.0787535   0.497983
0.00108555 -0.0787542   0.497981
0.00108477 -0.0787545    0.49798
0.00108402 -0.0787548   0.497979
0.00108324 -0.0787549   0.497978
0.00108247  -0.078755   0.497977
0.00108167 -0.0787546   0.497976
0.00108093 -0.0787548   0.497975
0.00108019 -0.0787549   0.497974
0.00107865 -0.0787554   0.497973
0.00107794 -0.0787554   0.497972
0.00107707 -0.0787558   0.497971
0.00107638 -0.0787558    0.49797
0.00107567 -0.0787557   0.497969
0.00107577 -0.0787482   0.497969
0.00107513 -0.0787484   0.497968
0.00107447 -0.0787485   0.497967
0.00107387 -0.0787486   0.497966
0.00107323 -0.0787488   0.497965
0.00107262 -0.0787491   0.497964
0.00107203 -0.0787466   0.497964
0.00107151 -0.0787472   0.497963
0.00107098 -0.0787477   0.497962
0.00106983 -0.0787486    0.49796
0.00106931 -0.0787491    0.49796
 0.0010681 -0.0787498   0.497959
0.00106762   -0.07875   0.497958
0.00106762   -0.07875   0.497958
0.00106661  -0.078752   0.497957
0.00106583 -0.0787535   0.497956
0.00106583 -0.0787535   0.497956
 0.0010653 -0.0787543   0.497955
0.00106473 -0.0787552   0.497954
0.00106476 -0.0787582   0.497953
0.00106336 -0.0787545   0.497954
0.00106263 -0.0787554   0.497953
 0.0010627 -0.0787609   0.497951
0.00106197 -0.0787617   0.497951
0.00106127 -0.0787623    0.49795
0.00106055 -0.0787628   0.497949
 0.0010591 -0.0787581   0.497949
0.00105913 -0.0787612   0.497948
0.00105837 -0.0787617   0.497947
0.00105764  -0.078762   0.497947
 0.0010569 -0.0787622   0.497946
0.00105618 -0.0787624   0.497945
0.00105547 -0.0787621   0.497944
0.00105477 -0.0787623   0.497944
0.00105407 -0.0787623   0.497943
 0.0010534 -0.0787622   0.497942
0.00105275  -0.078762   0.497941
0.00105211  -0.078762    0.49794
0.00105148 -0.0787616   0.497939
0.00105034 -0.0787587   0.497938
0.00104978 -0.0787586   0.497937
0.00104857 -0.0787587   0.497936
0.00104815 -0.0787585   0.497936
0.00104769 -0.0787578   0.497935
0.00104722 -0.0787584   0.497934
0.00104679 -0.0787584   0.497933
0.00104635 -0.0787585   0.497933
0.00104594 -0.0787582   0.497932
0.00104547 -0.0787587   0.497931
0.00104502 -0.0787589   0.497931
 0.0010446 -0.0787563   0.497931
