 0.268881 -0.326271  0.609266
  0.26888 -0.326269  0.609248
 0.268871 -0.326274  0.609219
 0.268851 -0.326286  0.609183
 0.268826 -0.326295  0.609143
 0.268801 -0.326298   0.60911
 0.268772 -0.326309  0.609071
 0.268739 -0.326326  0.609035
  0.26871 -0.326338  0.609006
 0.268682 -0.326348   0.60898
 0.268657 -0.326359  0.608959
 0.268635 -0.326366  0.608942
 0.268616 -0.326373   0.60893
 0.268601 -0.326375  0.608921
 0.268591 -0.326376   0.60892
 0.268585 -0.326373  0.608917
 0.268584 -0.326367   0.60892
 0.268589 -0.326353  0.608929
   0.2686 -0.326337  0.608939
 0.268616 -0.326313  0.608954
 0.268636 -0.326284  0.608969
 0.268664 -0.326249  0.608987
 0.268693 -0.326209  0.609002
 0.268727 -0.326164  0.609019
 0.268768 -0.326111  0.609043
 0.268808 -0.326053  0.609058
  0.26885 -0.325988  0.609073
0.268893 -0.32592 0.609082
 0.268938 -0.325843  0.609091
 0.268981 -0.325764  0.609091
 0.269025 -0.325677  0.609093
 0.269065 -0.325586  0.609082
 0.269104 -0.325492  0.609067
  0.26914 -0.325393  0.609048
 0.269173 -0.325292  0.609019
   0.2692 -0.325173  0.608983
 0.269224 -0.325063   0.60894
 0.269244 -0.324951  0.608892
 0.269257 -0.324836  0.608831
0.269266 -0.32472 0.608764
  0.26927 -0.324598   0.60869
 0.269268 -0.324477  0.608607
0.269262 -0.32435 0.608518
 0.269252 -0.324219  0.608408
 0.269236 -0.324089  0.608303
 0.269215 -0.323954  0.608187
 0.269195 -0.323819  0.608079
 0.269166 -0.323678  0.607948
 0.269135 -0.323533  0.607812
 0.269102 -0.323383  0.607672
 0.269067 -0.323229  0.607524
  0.26903 -0.323067  0.607373
0.268992  -0.3229 0.607213
 0.268954 -0.322729  0.607051
 0.268915 -0.322549  0.606879
 0.268877 -0.322364  0.606703
  0.26884 -0.322169  0.606525
 0.268805 -0.321966  0.606341
 0.268771 -0.321757  0.606152
 0.268728 -0.321517  0.605942
 0.268699 -0.321287  0.605747
  0.26867 -0.321052  0.605542
 0.268644 -0.320805  0.605336
 0.268621 -0.320549  0.605127
 0.268601 -0.320284  0.604887
  0.26859 -0.320017  0.604689
 0.268573 -0.319738  0.604465
 0.268558 -0.319447  0.604241
0.268544 -0.31915  0.60401
 0.268533 -0.318846  0.603779
  0.26852 -0.318534  0.603538
 0.268508 -0.318214  0.603296
0.268497 -0.31789 0.603049
 0.268485 -0.317558  0.602798
 0.268472 -0.317223  0.602543
0.268458 -0.31688 0.602282
 0.268443 -0.316531  0.602019
 0.268424 -0.316181  0.601746
 0.268404 -0.315823   0.60147
 0.268381 -0.315461  0.601189
 0.268355 -0.315098  0.600901
 0.268328 -0.314727   0.60061
 0.268296 -0.314354  0.600311
 0.268245 -0.313926  0.599985
 0.268208 -0.313542  0.599673
 0.268185 -0.313212  0.599386
 0.268126 -0.312766  0.598998
 0.268079 -0.312375  0.598671
 0.268046 -0.311994  0.598374
 0.267996 -0.311596  0.598038
 0.267948 -0.311192    0.5977
 0.267896 -0.310786  0.597357
 0.267847 -0.310377  0.597013
 0.267795 -0.309964  0.596662
 0.267748 -0.309545  0.596311
 0.267699 -0.309124   0.59596
 0.267655 -0.308696  0.595607
 0.267612 -0.308268  0.595253
 0.267575 -0.307831    0.5949
 0.267539 -0.307392  0.594549
 0.267509 -0.306946  0.594196
 0.267485 -0.306495   0.59385
0.267466 -0.30604 0.593496
0.267451 -0.30558  0.59315
 0.267444 -0.305113  0.592806
 0.267443 -0.304641  0.592465
  0.26745 -0.304163  0.592128
 0.267462 -0.303681  0.591791
 0.267482 -0.303196  0.591462
 0.267507 -0.302704  0.591131
 0.267539 -0.302208  0.590807
 0.267578 -0.301708  0.590488
 0.267623 -0.301205  0.590171
 0.267674 -0.300699   0.58986
0.267731 -0.30019  0.58955
 0.267793 -0.299679  0.589249
 0.267858 -0.299167  0.588946
 0.267929 -0.298655   0.58865
 0.268003 -0.298142  0.588357
 0.268081 -0.297629  0.588068
 0.268176 -0.297136  0.587821
 0.268259 -0.296626  0.587537
 0.268353 -0.296107  0.587259
0.268438  -0.2956 0.586947
 0.268528 -0.295095  0.586677
 0.268617 -0.294594  0.586403
   0.2687 -0.294092  0.586076
0.268802  -0.2936 0.585867
 0.268886 -0.293059   0.58557
  0.26898 -0.292571   0.58531
 0.269075 -0.292087  0.585048
 0.269171 -0.291606  0.584793
 0.269267 -0.291129  0.584535
 0.269365 -0.290655  0.584283
 0.269465 -0.290184  0.584032
 0.269565 -0.289717  0.583783
 0.269669 -0.289252  0.583538
0.269774 -0.28879 0.583294
 0.269882 -0.288329  0.583055
0.269993 -0.28787 0.582813
 0.270108 -0.287411  0.582581
 0.270226 -0.286954  0.582342
 0.270348 -0.286496  0.582108
 0.270474 -0.286037  0.581879
 0.270605 -0.285577  0.581649
 0.270757 -0.285118  0.581425
 0.270897 -0.284654  0.581198
 0.271043 -0.284189  0.580977
 0.271192 -0.283721  0.580752
 0.271348 -0.283251  0.580531
 0.271508 -0.282779  0.580313
 0.271673 -0.282302  0.580097
 0.271844 -0.281826  0.579882
 0.272018 -0.281348  0.579668
 0.272198 -0.280868  0.579458
 0.272381 -0.280387  0.579246
 0.272569 -0.279904  0.579043
 0.272761 -0.279373  0.578815
 0.272956 -0.278891  0.578611
 0.273154 -0.278409  0.578409
 0.273354 -0.277928  0.578208
 0.273557 -0.277448  0.578011
0.273762 -0.27697 0.577812
  0.27397 -0.276494  0.577619
0.274177 -0.27602 0.577422
0.274386 -0.27555 0.577228
 0.274597 -0.275083  0.577036
 0.274811 -0.274627  0.576855
 0.275022 -0.274166  0.576664
 0.275233 -0.273706  0.576472
 0.275444 -0.273252  0.576283
 0.275654 -0.272802  0.576089
 0.275879 -0.272334   0.57589
 0.276088 -0.271891  0.575693
0.276297 -0.27145 0.575497
 0.276506 -0.271011  0.575302
 0.276714 -0.270576  0.575103
 0.276923 -0.270142  0.574904
 0.27713 -0.26971 0.574699
 0.277337 -0.269276  0.574498
 0.277543 -0.268846  0.574287
 0.277793 -0.268336   0.57404
 0.277959 -0.267998  0.573868
 0.278165 -0.267567   0.57365
 0.278372 -0.267135  0.573428
 0.278591 -0.266679  0.573192
 0.278786 -0.266265  0.572975
 0.279007 -0.265804  0.572731
 0.279218 -0.265361  0.572498
 0.279428 -0.264912  0.572257
  0.27964 -0.264462  0.572013
 0.279853 -0.264008  0.571767
0.280068 -0.26355 0.571518
 0.280285 -0.263089  0.571266
  0.28051 -0.262601  0.570993
 0.280721 -0.262156  0.570755
  0.28094 -0.261685  0.570493
 0.281161 -0.261212  0.570231
  0.28139 -0.260715  0.569951
 0.281611 -0.260239  0.569686
 0.281833 -0.259763  0.569422
 0.282054 -0.259287  0.569154
 0.282277 -0.258812   0.56889
 0.282496 -0.258337  0.568618
 0.282716 -0.257861   0.56835
 0.282935 -0.257394  0.568079
 0.283153 -0.256925  0.567809
 0.283371 -0.256458  0.567541
 0.283586 -0.255994  0.567268
 0.283801 -0.255532  0.566997
 0.284015 -0.255074  0.566727
 0.284227 -0.254618  0.566455
 0.284439 -0.254164  0.566184
 0.284663 -0.253688  0.565901
 0.284872 -0.253237  0.565633
 0.285079 -0.252791  0.565357
 0.285285 -0.252347  0.565083
 0.285491 -0.251905  0.564809
 0.285695 -0.251464  0.564533
 0.285908 -0.250996  0.564248
  0.28611 -0.250557  0.563969
 0.286313 -0.250119  0.563692
 0.286515 -0.249682  0.563413
 0.286714 -0.249249  0.563129
 0.286916 -0.248811  0.562849
 0.287116 -0.248373  0.562567
 0.287318 -0.247934  0.562287
 0.287518 -0.247494     0.562
 0.287719 -0.247052  0.561716
  0.28792 -0.246607  0.561432
 0.288121 -0.246163  0.561144
0.288524 -0.24527 0.560569
0.288524 -0.24527 0.560569
 0.288926 -0.244373  0.559991
 0.289126 -0.243924  0.559702
 0.289326 -0.243476  0.559414
 0.289523 -0.243029  0.559124
  0.28972 -0.242585  0.558839
 0.289914 -0.242143   0.55855
 0.290107 -0.241704  0.558263
 0.290312 -0.241237  0.557969
 0.290501 -0.240804  0.557684
 0.290688 -0.240377  0.557403
 0.290872 -0.239953  0.557119
 0.291062 -0.239522  0.556828
 0.291241 -0.239109  0.556545
0.291418 -0.23869 0.556273
0.291586 -0.23831 0.556008
 0.291759 -0.237912  0.555733
 0.291937 -0.237507  0.555449
0.292085 -0.23716 0.555199
 0.292251 -0.236778  0.554929
0.292416  -0.2364 0.554662
 0.292579 -0.236027  0.554395
 0.292741 -0.235654  0.554132
 0.292901 -0.235287  0.553867
 0.293062 -0.234923  0.553609
  0.29322 -0.234562  0.553343
 0.293378 -0.234202  0.553082
 0.293535 -0.233844  0.552824
 0.293692 -0.233488  0.552565
 0.293849 -0.233133  0.552311
 0.294005 -0.232779  0.552053
  0.29416 -0.232426  0.551798
 0.294316 -0.232075  0.551545
  0.29447 -0.231725  0.551293
 0.294635 -0.231353  0.551035
 0.294787 -0.231007  0.550784
  0.29494 -0.230664  0.550541
 0.295094 -0.230319  0.550273
 0.295243 -0.229982  0.550029
 0.295392 -0.229648  0.549787
 0.295538 -0.229319  0.549545
 0.295683 -0.228994  0.549308
 0.295826 -0.228673  0.549069
 0.295968 -0.228357  0.548834
 0.296108 -0.228046  0.548601
0.296245 -0.22774  0.54837
 0.296382 -0.227439  0.548142
 0.296516 -0.227144  0.547914
 0.296649 -0.226855  0.547693
 0.296779 -0.226571  0.547467
 0.296908 -0.226292  0.547246
 0.297036 -0.226019  0.547029
 0.297161 -0.225751  0.546812
 0.297286 -0.225488    0.5466
 0.297408 -0.225228  0.546387
 0.297529 -0.224976  0.546177
 0.297649 -0.224728  0.545969
 0.297767 -0.224485  0.545764
 0.297885 -0.224247  0.545561
 0.298009 -0.223993  0.545352
 0.298124 -0.223763  0.545156
 0.298237 -0.223538  0.544955
  0.29835 -0.223316   0.54476
 0.298462 -0.223099  0.544568
 0.298572 -0.222895  0.544374
 0.298682 -0.222685  0.544187
  0.29879 -0.222478  0.543999
 0.298904 -0.222258   0.54381
 0.29901 -0.22206 0.543624
 0.299116 -0.221865  0.543443
 0.299221 -0.221674  0.543266
 0.299325 -0.221486  0.543089
 0.299429 -0.221302  0.542918
 0.299531 -0.221123  0.542744
 0.299632 -0.220947  0.542574
 0.299733 -0.220775  0.542408
 0.299832 -0.220607  0.542242
 0.299931 -0.220443  0.542081
 0.300027 -0.220283  0.541919
 0.300125 -0.220128  0.541766
 0.300218 -0.219977  0.541606
 0.300312 -0.219831  0.541452
 0.300405 -0.219689  0.541302
 0.300495 -0.219552  0.541152
0.300586 -0.21942 0.541008
 0.300674 -0.219293  0.540861
 0.300767 -0.219157  0.540715
 0.300854 -0.219051  0.540576
 0.300938 -0.218939  0.540438
 0.301022 -0.218832  0.540305
0.301103 -0.21873 0.540171
 0.301185 -0.218634  0.540044
 0.301263 -0.218542  0.539913
 0.301341 -0.218455  0.539787
 0.301419 -0.218372  0.539664
 0.301494 -0.218294  0.539542
0.301571 -0.21822 0.539413
0.301644 -0.21815 0.539294
 0.301717 -0.218084  0.539179
 0.301789 -0.218022  0.539066
  0.30186 -0.217962  0.538955
 0.301931 -0.217906  0.538847
    0.302 -0.217852  0.538739
  0.30207 -0.217801  0.538637
 0.302138 -0.217752   0.53853
 0.302206 -0.217705  0.538429
0.302275 -0.21766  0.53833
0.302275 -0.21766  0.53833
 0.302342 -0.217616  0.538231
  0.30241 -0.217574  0.538137
  0.30255 -0.217495  0.537951
 0.302616 -0.217457  0.537855
 0.302683 -0.217419  0.537764
  0.30275 -0.217382  0.537676
 0.302817 -0.217346  0.537587
 0.302883 -0.217311  0.537503
  0.30295 -0.217264  0.537409
0.303015 -0.21723 0.537325
  0.30308 -0.217198  0.537243
 0.303144 -0.217167  0.537162
 0.303208 -0.217136  0.537084
 0.303271 -0.217107  0.537004
0.303335 -0.21708 0.536931
 0.303396 -0.217054  0.536852
0.303457 -0.21703 0.536778
 0.303519 -0.217008  0.536706
 0.303579 -0.216987  0.536634
  0.30364 -0.216968  0.536567
0.303698 -0.21695 0.536496
 0.303757 -0.216935  0.536429
 0.303817 -0.216933  0.536367
 0.303877 -0.216913    0.5363
 0.303935 -0.216902  0.536238
 0.303991 -0.216893  0.536175
 0.304045 -0.216893  0.536119
   0.3041 -0.216887  0.536055
 0.304155 -0.216881  0.535996
  0.30421 -0.216877  0.535939
 0.304264 -0.216873  0.535881
 0.304321 -0.216863  0.535825
 0.304374 -0.216861  0.535768
0.304427 -0.21686 0.535713
 0.304481 -0.216859   0.53566
0.304534 -0.21686 0.535597
0.304587 -0.21686 0.535546
0.304639 -0.21686 0.535494
0.304692 -0.21686 0.535446
0.304743 -0.21686 0.535393
 0.304794 -0.216861  0.535344
 0.304846 -0.216861  0.535296
 0.304897 -0.216862  0.535248
 0.304948 -0.216863  0.535203
 0.304998 -0.216865  0.535155
 0.305049 -0.216867  0.535109
 0.305099 -0.216868  0.535064
 0.305149 -0.216871   0.53502
 0.305199 -0.216873  0.534978
 0.305249 -0.216876  0.534934
 0.305299 -0.216879  0.534895
 0.305347 -0.216882  0.534851
 0.305396 -0.216886   0.53481
0.305445 -0.21689 0.534771
 0.305493 -0.216894  0.534731
 0.305541 -0.216899  0.534694
 0.305588 -0.216905  0.534654
 0.305635 -0.216911  0.534616
 0.305635 -0.216911  0.534616
 0.305682 -0.216917   0.53458
 0.305729 -0.216924  0.534543
 0.305776 -0.216931  0.534508
 0.305821 -0.216939  0.534471
 0.305868 -0.216948  0.534439
 0.305913 -0.216957  0.534401
 0.305959 -0.216966  0.534366
 0.306004 -0.216976  0.534332
 0.306049 -0.216986  0.534297
 0.306095 -0.216996  0.534265
 0.306139 -0.217007   0.53423
 0.306185 -0.217013  0.534197
0.306228 -0.21703 0.534164
 0.306272 -0.217041  0.534131
 0.306316 -0.217053    0.5341
  0.30636 -0.217065  0.534066
 0.306405 -0.217077  0.534038
 0.306447 -0.217089  0.534003
  0.30649 -0.217101  0.533971
 0.306534 -0.217113  0.533941
 0.306576 -0.217125   0.53391
  0.30662 -0.217137  0.533881
 0.306662 -0.217149  0.533849
 0.306705 -0.217161  0.533819
 0.306747 -0.217173   0.53379
  0.30679 -0.217185  0.533761
 0.306833 -0.217197  0.533733
 0.306874 -0.217208  0.533704
0.306918 -0.21722 0.533679
 0.306959 -0.217231  0.533648
 0.307004 -0.217248  0.533622
 0.307046 -0.217259  0.533595
 0.307087 -0.217271  0.533567
 0.307131 -0.217271   0.53354
 0.307172 -0.217283  0.533512
 0.307214 -0.217294  0.533491
 0.307254 -0.217306  0.533461
 0.307295 -0.217317  0.533435
 0.307336 -0.217329   0.53341
 0.307376 -0.217341  0.533384
 0.307416 -0.217354  0.533362
 0.307455 -0.217367  0.533335
0.307495 -0.21738  0.53331
 0.307534 -0.217393  0.533286
 0.307574 -0.217416  0.533263
0.307613 -0.21743  0.53324
  0.30765 -0.217444  0.533215
 0.307689 -0.217459  0.533195
 0.307726 -0.217473  0.533169
 0.307765 -0.217484  0.533145
 0.307802 -0.217499  0.533123
  0.30784 -0.217517  0.533093
 0.307878 -0.217531  0.533072
 0.307914 -0.217546  0.533047
  0.30795 -0.217561  0.533024
 0.307987 -0.217575  0.533002
 0.308022 -0.217589  0.532979
 0.308059 -0.217603  0.532958
 0.308131 -0.217631  0.532915
 0.308165 -0.217644   0.53289
   0.3082 -0.217657  0.532868
0.308236 -0.21767 0.532847
 0.308271 -0.217682  0.532824
 0.308271 -0.217682  0.532824
 0.308307 -0.217703  0.532806
 0.308341 -0.217715  0.532783
 0.308377 -0.217727  0.532767
 0.308409 -0.217739  0.532742
 0.308445 -0.217747  0.532721
 0.308479 -0.217758  0.532701
0.308513 -0.21777  0.53268
 0.308549 -0.217771  0.532663
  0.30858 -0.217792   0.53264
 0.308615 -0.217793   0.53262
 0.308649 -0.217805  0.532601
 0.308682 -0.217816  0.532581
 0.308716 -0.217827  0.532563
 0.308749 -0.217839  0.532543
0.308783 -0.21785 0.532528
 0.308847 -0.217874  0.532486
  0.30888 -0.217887  0.532468
0.308911  -0.2179 0.532449
 0.308944 -0.217913  0.532434
 0.308975 -0.217926  0.532414
0.309006 -0.21794 0.532397
0.309006 -0.21794 0.532397
 0.309037 -0.217954   0.53238
 0.309068 -0.217968  0.532363
 0.309099 -0.217982  0.532348
 0.309129 -0.217997   0.53233
 0.309161 -0.218012  0.532318
 0.309189 -0.218026  0.532297
 0.309219 -0.218041  0.532281
  0.30925 -0.218064  0.532266
0.309279 -0.21807 0.532248
  0.30931 -0.218093  0.532234
 0.309339 -0.218107  0.532216
 0.309368 -0.218121    0.5322
 0.309398 -0.218134  0.532184
 0.309428 -0.218147  0.532167
0.309458 -0.21816 0.532152
 0.309488 -0.218169  0.532134
 0.309518 -0.218181  0.532121
 0.309547 -0.218192  0.532102
 0.309576 -0.218202  0.532085
 0.309606 -0.218213  0.532069
 0.309635 -0.218223  0.532052
 0.309664 -0.218235  0.532038
 0.309693 -0.218245  0.532019
0.309723 -0.21825 0.532002
 0.309753 -0.218259  0.531986
 0.309783 -0.218271  0.531966
 0.309812 -0.218279  0.531951
 0.309841 -0.218288  0.531933
  0.30987 -0.218297  0.531921
 0.309898 -0.218306  0.531902
 0.309926 -0.218315  0.531885
 0.309954 -0.218324   0.53187
 0.309982 -0.218333  0.531854
  0.31001 -0.218351   0.53184
 0.310037 -0.218361  0.531823
 0.310066 -0.218371  0.531812
 0.310092 -0.218382  0.531793
 0.310119 -0.218393  0.531778
 0.310146 -0.218404  0.531764
 0.310173 -0.218412  0.531748
   0.3102 -0.218424  0.531735
 0.310226 -0.218436  0.531718
 0.310253 -0.218438  0.531705
 0.31028 -0.21845 0.531692
 0.310306 -0.218462  0.531677
 0.310332 -0.218474  0.531664
 0.310357 -0.218486  0.531648
 0.310384 -0.218498  0.531639
0.310408 -0.21851 0.531621
 0.310434 -0.218522  0.531606
  0.31046 -0.218534  0.531594
 0.310484 -0.218546  0.531579
  0.31051 -0.218558  0.531568
0.310535 -0.21857 0.531552
  0.31056 -0.218582  0.531538
 0.310585 -0.218594  0.531525
 0.310609 -0.218606  0.531512
 0.310635 -0.218624  0.531499
 0.310659 -0.218636  0.531484
 0.310685 -0.218647  0.531475
 0.310708 -0.218658  0.531458
 0.310733 -0.218668  0.531445
 0.310758 -0.218678  0.531432
 0.310783 -0.218685  0.531417
 0.310808 -0.218695  0.531406
 0.310832 -0.218704  0.531391
 0.310856 -0.218712  0.531377
 0.310883 -0.218724  0.531361
 0.310907 -0.218732  0.531348
0.310932 -0.21874 0.531335
 0.310956 -0.218748  0.531321
 0.310981 -0.218755  0.531311
 0.311004 -0.218762  0.531294
 0.311028 -0.218769   0.53128
 0.311052 -0.218777  0.531267
 0.311075 -0.218784  0.531253
   0.3111 -0.218791  0.531242
 0.311122 -0.218799  0.531227
 0.311146 -0.218806  0.531213
 0.311169 -0.218814    0.5312
 0.311192 -0.218822  0.531186
0.311215 -0.21883 0.531174
 0.311237 -0.218845  0.531159
  0.31126 -0.218851   0.53115
0.311282 -0.21886 0.531134
 0.311304 -0.218863  0.531122
 0.311326 -0.218879  0.531109
 0.311348 -0.218888  0.531096
  0.31137 -0.218898  0.531084
 0.311391 -0.218908   0.53107
 0.311414 -0.218918  0.531062
 0.311434 -0.218928  0.531046
 0.311456 -0.218935  0.531033
 0.311478 -0.218948  0.531022
   0.3115 -0.218956  0.531008
 0.311522 -0.218966  0.530999
 0.311543 -0.218975  0.530984
 0.311564 -0.218985  0.530972
 0.311586 -0.218994  0.530961
 0.311609 -0.218994  0.530952
 0.311629 -0.219013  0.530939
  0.31165 -0.219021  0.530926
0.311672 -0.21903 0.530918
 0.311692 -0.219039    0.5309
 0.311713 -0.219049  0.530892
 0.311734 -0.219058  0.530881
 0.311755 -0.219066  0.530869
 0.311777 -0.219074   0.53086
 0.311798 -0.219079  0.530848
 0.311818 -0.219086  0.530836
  0.31184 -0.219094  0.530825
 0.311861 -0.219099  0.530812
 0.311882 -0.219106  0.530802
 0.311903 -0.219114  0.530789
 0.311926 -0.219114  0.530784
 0.311946 -0.219121  0.530769
 0.311966 -0.219125  0.530758
 0.311985 -0.219141  0.530744
 0.312005 -0.219148  0.530732
 0.312026 -0.219156  0.530723
 0.312045 -0.219163  0.530709
 0.312067 -0.219161  0.530701
 0.312087 -0.219169   0.53069
 0.312106 -0.219177  0.530678
 0.312126 -0.219185  0.530669
 0.312145 -0.219193  0.530656
 0.312166 -0.219201  0.530649
 0.312183 -0.219209  0.530634
 0.312202 -0.219224  0.530622
 0.312221 -0.219233  0.530611
  0.31224 -0.219236  0.530601
 0.312259 -0.219251   0.53059
0.312277 -0.21926 0.530578
 0.312295 -0.219269  0.530567
 0.312314 -0.219278  0.530556
 0.312333 -0.219287  0.530545
 0.312352 -0.219296  0.530536
  0.31237 -0.219301  0.530525
  0.31239 -0.219308  0.530517
 0.312408 -0.219316  0.530503
 0.312427 -0.219324  0.530492
 0.312446 -0.219331  0.530482
 0.312464 -0.219338  0.530471
 0.312484 -0.219345  0.530462
 0.312504 -0.219355  0.530448
 0.312522 -0.219362  0.530438
 0.312541 -0.219368  0.530427
  0.31256 -0.219374  0.530417
 0.312579 -0.219376  0.530408
 0.312598 -0.219382  0.530397
 0.312617 -0.219388  0.530389
 0.312635 -0.219393  0.530375
 0.312653 -0.219399  0.530365
 0.312672 -0.219404  0.530355
 0.31269 -0.21941 0.530343
 0.312709 -0.219415  0.530334
0.312726 -0.21942 0.530322
 0.312745 -0.219432  0.530314
 0.312762 -0.219438  0.530299
 0.312779 -0.219443  0.530288
 0.312797 -0.219449  0.530279
 0.312814 -0.219455  0.530267
 0.312833 -0.219462  0.530259
 0.312849 -0.219468  0.530246
 0.312867 -0.219472  0.530234
 0.312884 -0.219479  0.530225
 0.312901 -0.219482  0.530215
 0.312919 -0.219489  0.530206
 0.312935 -0.219496  0.530194
 0.312954 -0.219503  0.530188
0.312969 -0.21951 0.530174
 0.312986 -0.219516  0.530164
 0.313003 -0.219523  0.530155
 0.313022 -0.219521  0.530149
 0.313039 -0.219528  0.530141
 0.313055 -0.219535  0.530129
 0.313072 -0.219542  0.530119
0.313089 -0.21955 0.530111
 0.313105 -0.219557  0.530101
  0.31312 -0.219573  0.530089
 0.313136 -0.219581  0.530078
 0.313154 -0.219588  0.530073
 0.313171 -0.219586  0.530064
0.313186  -0.2196 0.530052
 0.313204 -0.219601  0.530046
  0.31322 -0.219608  0.530036
 0.313237 -0.219615   0.53003
 0.313253 -0.219622  0.530018
 0.313269 -0.219629  0.530009
 0.313286 -0.219635      0.53
 0.313302 -0.219639  0.529992
 0.313318 -0.219645  0.529984
 0.313334 -0.219651  0.529973
 0.313351 -0.219663  0.529965
 0.313367 -0.219663  0.529955
 0.313382 -0.219674  0.529943
 0.313398 -0.219679  0.529935
 0.313414 -0.219685  0.529925
 0.313432 -0.219684  0.529919
 0.313447 -0.219689  0.529908
 0.313463 -0.219694  0.529898
 0.313478 -0.219705  0.529887
0.313494 -0.21971 0.529877
  0.31351 -0.219715  0.529869
0.313525 -0.21972 0.529858
 0.313542 -0.219725  0.529852
 0.313557 -0.219726  0.529841
 0.313572 -0.219731  0.529831
 0.313588 -0.219736  0.529822
 0.313604 -0.219741  0.529812
  0.31362 -0.219746  0.529805
 0.313635 -0.219751  0.529794
0.313649 -0.21976 0.529782
 0.313665 -0.219765  0.529773
 0.31368 -0.21977 0.529763
 0.313696 -0.219772  0.529757
 0.313712 -0.219771  0.529749
 0.313729 -0.219777  0.529745
 0.313743 -0.219782  0.529732
 0.313758 -0.219787  0.529722
 0.313773 -0.219793  0.529714
 0.313787 -0.219796  0.529706
 0.313803 -0.219802  0.529699
 0.313817 -0.219808  0.529688
 0.313831 -0.219819  0.529677
 0.313846 -0.219825  0.529669
  0.31386 -0.219831   0.52966
 0.313875 -0.219837  0.529652
 0.313889 -0.219844  0.529642
0.313905 -0.21985 0.529637
 0.313918 -0.219856  0.529625
 0.313932 -0.219862  0.529616
 0.313948 -0.219867  0.529607
 0.313962 -0.219873  0.529598
 0.313977 -0.219879  0.529591
 0.313992 -0.219885  0.529581
 0.314007 -0.219891  0.529573
 0.314021 -0.219896  0.529564
 0.314036 -0.219901  0.529556
 0.314051 -0.219906  0.529548
 0.314065 -0.219911  0.529538
0.314079 -0.21992 0.529531
 0.314093 -0.219924   0.52952
 0.314107 -0.219925  0.529512
 0.314122 -0.219929  0.529504
 0.314136 -0.219933  0.529495
 0.314151 -0.219937  0.529488
 0.314165 -0.219941  0.529478
 0.314181 -0.219945  0.529474
 0.314194 -0.219948  0.529461
 0.314208 -0.219951  0.529452
 0.314223 -0.219955  0.529444
 0.314237 -0.219958  0.529435
 0.314252 -0.219962  0.529429
 0.314266 -0.219964  0.529417
  0.31428 -0.219967  0.529408
 0.314294 -0.219971  0.529401
 0.314309 -0.219965  0.529397
0.314324 -0.21997  0.52939
 0.314337 -0.219974   0.52938
 0.314352 -0.219979  0.529376
 0.314364 -0.219984  0.529364
 0.314377 -0.219994  0.529354
 0.314391 -0.219996  0.529348
 0.314404 -0.220002  0.529339
 0.314417 -0.220008  0.529333
 0.314443 -0.220021  0.529316
 0.314456 -0.220027  0.529308
 0.314469 -0.220034    0.5293
0.314482 -0.22004 0.529294
0.314482 -0.22004 0.529294
 0.314509 -0.220054  0.529281
 0.314521 -0.220058  0.529269
 0.314521 -0.220058  0.529269
 0.314534 -0.220065  0.529262
 0.314548 -0.220071  0.529255
 0.314562 -0.220078  0.529248
0.314574 -0.22008 0.529242
 0.314586 -0.220085  0.529233
 0.314601 -0.220094  0.529225
 0.314614 -0.220099  0.529218
 0.314627 -0.220103   0.52921
  0.31464 -0.220108  0.529203
 0.314652 -0.220107  0.529194
 0.314667 -0.220113  0.529191
  0.31468 -0.220116  0.529179
0.314693 -0.22012 0.529171
 0.314706 -0.220123  0.529164
 0.314719 -0.220126  0.529155
 0.314733 -0.220128  0.529149
 0.314745 -0.220131  0.529138
 0.314758 -0.220134   0.52913
 0.314771 -0.220137  0.529122
 0.314784 -0.220139  0.529114
 0.314796 -0.220147  0.529104
 0.314809 -0.220149  0.529095
 0.314835 -0.220152   0.52908
 0.314847 -0.220156  0.529072
  0.31486 -0.220159  0.529065
 0.314873 -0.220162  0.529056
 0.314886 -0.220165   0.52905
 0.314899 -0.220168   0.52904
 0.314913 -0.220172  0.529036
 0.314924 -0.220176  0.529025
 0.314936 -0.220182  0.529018
 0.314949 -0.220185  0.529011
 0.314961 -0.220189  0.529003
 0.314975 -0.220191  0.528999
