3.8147e-06
0.00961995
0.0196869
0.0297439
0.0398009
0.0498679
0.0599339
0.0699999
0.080056
0.0901248
0.10019
0.110247
0.120314
0.130391
0.140464
0.150533
0.160602
0.170658
0.180727
0.190784
0.20084
0.210895
0.22095
0.231005
0.241061
0.251117
0.261173
0.271229
0.281284
0.29134
0.301396
0.311452
0.32151
0.331574
0.341639
0.351704
0.361798
0.371881
0.381947
0.392018
0.402084
0.41215
0.422217
0.432273
0.442327
0.452393
0.462448
0.472514
0.48258
0.492646
0.502703
0.51276
0.522816
0.532873
0.542929
0.552985
0.563016
0.573083
0.583168
0.593241
0.6033
0.613354
0.623421
0.633477
0.643544
0.65361
0.663676
0.673742
0.68379
0.693847
0.703921
0.713976
0.724034
0.734088
0.744143
0.754198
0.764253
0.774325
0.784382
0.794466
0.804524
0.81458
0.824634
0.834691
0.844746
0.854802
0.864857
0.874912
0.884966
0.895022
0.905077
0.915134
0.925189
0.935245
0.945299
0.955354
0.965411
0.975466
0.985534
0.995589
1.00565
1.0157
1.02576
1.03581
1.04588
1.05593
1.06599
1.07604
1.0861
1.09616
1.10622
1.11629
1.12634
1.1364
1.14646
1.15653
1.1666
1.17665
1.18673
1.19679
1.20685
1.21691
1.22696
1.23701
1.24708
1.25714
1.26719
1.27725
1.2873
1.29736
1.30742
1.31748
1.32755
1.33761
1.34767
1.35773
1.36779
1.37784
1.38791
1.39797
1.40803
1.41808
1.42814
1.4382
1.44825
1.45831
1.46837
1.47842
1.48848
1.49854
1.50861
1.51868
1.52875
1.53881
1.54887
1.55893
1.56899
1.57905
1.58911
1.59916
1.60923
1.61929
1.62936
1.63941
1.64947
1.65952
1.66959
1.67964
1.68969
1.69976
1.70982
1.71989
1.72995
1.74002
1.75008
1.76013
1.77019
1.78026
1.79033
1.80039
1.81045
1.82051
1.83057
1.84062
1.85068
1.86074
1.8708
1.88086
1.89091
1.90097
1.91103
1.92108
1.93114
1.9412
1.95125
1.96132
1.97138
1.98143
1.99149
2.00154
2.0116
2.02166
2.03171
2.04177
2.05182
2.06188
2.07194
2.08199
2.09205
2.10211
2.11217
2.12223
2.1323
2.14235
2.15241
2.16247
2.17252
2.18258
2.19264
2.20269
2.21275
2.22281
2.23286
2.24292
2.25298
2.26303
2.27309
2.28315
2.29321
2.30327
2.31332
2.32338
2.33344
2.34349
2.35355
2.3636
2.37366
2.38373
2.3938
2.40386
2.41396
2.42403
2.43409
2.44416
2.45423
2.46429
2.47435
2.48442
2.49448
2.50454
2.5146
2.52466
2.53471
2.54478
2.55485
2.5649
2.57496
2.58502
2.59507
2.60513
2.61519
2.62524
2.6353
2.64537
2.65542
2.66548
2.67555
2.6856
2.69566
2.70572
2.71578
2.72584
2.7359
2.74596
2.75602
2.76608
2.77613
2.78619
2.79625
2.80635
2.81641
2.82646
2.83653
2.84659
2.85664
2.8667
2.87676
2.88681
2.89687
2.90693
2.91699
2.92705
2.9371
2.94716
2.95722
2.96729
2.97734
2.9874
2.99746
3.00751
3.01757
3.02762
3.03768
3.04775
3.05781
3.06786
3.07792
3.08798
3.09803
3.10809
3.11814
3.1282
3.13827
3.14832
3.15839
3.16845
3.1785
3.18856
3.19861
3.20868
3.21875
3.22881
3.23887
3.24894
3.259
3.26906
3.27911
3.28917
3.29922
3.30928
3.31935
3.32941
3.33948
3.34954
3.35961
3.36967
3.37973
3.38979
3.39986
3.40993
3.42
3.43006
3.44011
3.45017
3.46023
3.47029
3.48035
3.4904
3.50046
3.51052
3.52057
3.53063
3.54068
3.55075
3.56081
3.57087
3.58092
3.59098
3.60103
3.61109
3.62115
3.6312
3.64126
3.65131
3.66137
3.67143
3.68149
3.69154
3.7016
3.71165
3.72171
3.73176
3.74182
3.75187
3.76193
3.77199
3.78204
3.7921
3.80216
3.81221
3.82227
3.83233
3.84238
3.85244
3.8625
3.87256
3.88261
3.89267
3.90273
3.91279
3.92285
3.93291
3.94298
3.95305
3.9631
3.97316
3.98322
3.99328
4.00333
4.01339
4.02345
4.03351
4.04356
4.05362
4.06367
4.07373
4.08378
4.09384
4.1039
4.11396
4.12403
4.13408
4.14414
4.1542
4.16425
4.17432
4.1844
4.19447
4.20454
4.21462
4.22468
4.23474
4.24479
4.25485
4.2649
4.27496
4.28502
4.29507
4.30513
4.31519
4.32525
4.33531
4.34537
4.35543
4.36548
4.37554
4.3856
4.39566
4.40572
4.41577
4.42583
4.43587
4.44593
4.45599
4.4661
4.47612
4.48618
4.49627
4.50633
4.51638
4.52644
4.5365
4.54655
4.55661
4.56667
4.57673
4.58676
4.59682
4.60687
4.61693
4.62698
4.63704
4.64709
4.65715
4.6672
4.67731
4.68736
4.69742
4.70749
4.71754
4.7276
4.73766
4.74772
4.75777
4.76784
4.77791
4.78798
4.79804
4.8081
4.81815
4.82823
4.83828
4.84834
4.8584
4.86845
4.87851
4.88857
4.89863
4.90868
4.91876
4.92881
4.93887
4.94893
4.95899
4.96904
4.9791
4.98916
4.99921
5.00927
5.01933
5.02938
5.03944
5.0495
5.05955
5.06961
5.0797
5.08976
5.09982
5.10987
5.11993
5.12999
5.14005
5.1501
5.16016
5.17022
5.18064
5.1907
5.20075
5.21081
5.22087
5.23097
5.24102
5.25109
5.26114
5.2712
5.28125
5.29131
5.30136
5.31142
5.32148
5.33153
5.34159
5.35165
5.3617
5.37176
5.38181
5.39187
5.40192
5.41199
5.42205
5.4321
5.44216
5.45221
5.46227
5.47232
5.48238
5.49244
5.50249
5.51255
5.52262
5.53268
5.54274
5.5528
5.56286
5.57291
5.58297
5.59303
5.60308
5.61314
5.62321
5.63327
5.64336
5.65343
5.66349
5.67356
5.68361
5.69367
5.70373
5.71379
5.72385
5.73391
5.74396
5.75402
5.76408
5.77413
5.78419
5.79425
5.8043
5.81436
5.82442
5.83448
5.84454
5.85459
5.86465
5.87471
5.88477
5.89482
5.90488
5.91494
5.92499
5.93505
5.9451
5.95516
5.96522
5.97527
5.98533
5.99539
6.00545
6.0155
6.02556
6.03561
6.04567
6.05573
6.06578
6.07584
6.0859
6.09595
6.10601
6.11606
6.12612
6.13618
6.14623
6.15629
6.16635
6.1764
6.18646
6.19651
6.20657
6.21663
6.22669
6.23674
6.2468
6.25686
6.26691
6.27697
6.28702
6.29709
6.30715
6.3172
6.32727
6.33733
6.34738
6.35745
6.36751
6.37757
6.38763
6.39768
6.40774
6.41781
6.42787
6.43792
6.44798
6.45803
6.46809
6.47815
6.4882
6.49826
6.50832
6.51837
6.52843
6.53848
6.54854
6.5586
6.56866
6.57872
6.58878
6.59883
6.60889
6.61895
6.62901
6.63907
6.64912
6.65918
6.66924
6.6793
6.68936
6.69941
6.70947
6.71952
6.72958
6.73965
6.7497
6.75977
6.76983
6.77988
6.78994
6.8
6.81007
6.82015
6.83022
6.84027
6.85036
6.86042
6.87047
6.88053
6.89059
6.90065
6.91071
6.92077
6.93082
6.94088
6.95094
6.961
6.97106
6.98112
6.99118
7.00123
7.01129
7.02134
7.0314
7.04145
7.05151
7.06156
7.07162
7.08167
7.09173
7.10179
7.11186
7.12192
7.13197
7.14203
7.15208
7.16214
7.1722
7.18225
7.19231
7.20236
7.21242
7.22247
7.23253
7.24258
7.25264
7.2627
7.27275
7.28281
7.29288
7.30294
7.313
7.32305
7.33311
7.34316
7.35322
7.36327
7.37333
7.38339
7.39344
7.4035
7.41355
7.42361
7.43366
7.44372
7.45377
7.46383
7.47388
7.48394
7.49399
7.50407
7.51417
7.52422
7.53428
7.54433
7.55439
7.56444
7.5745
7.58455
7.59461
7.60467
7.61472
7.62478
7.63483
7.64489
7.65494
7.665
7.67505
7.68511
7.69517
7.70522
7.71528
7.72534
7.7354
7.74547
7.75554
7.76561
7.77567
7.78574
7.79581
7.80588
7.81594
7.82603
7.83611
7.84617
7.85623
7.86628
7.87634
7.88639
7.89645
7.90651
7.91656
7.92662
7.93669
7.94674
7.95681
7.96687
