0.0164777 -0.105384  0.508647
0.0164776 -0.105385   0.50865
0.0164774  -0.10539  0.508657
0.0164771 -0.105398   0.50867
0.0164766 -0.105409  0.508687
 0.016476 -0.105423   0.50871
0.0164753 -0.105441  0.508738
0.0164744 -0.105461  0.508771
0.0164734 -0.105485  0.508809
0.0164723 -0.105512  0.508852
 0.016471 -0.105542    0.5089
0.0164696 -0.105575  0.508953
0.0164681 -0.105611  0.509011
0.0164664 -0.105651  0.509074
0.0164646 -0.105694  0.509143
0.0164627  -0.10574  0.509216
0.0164606 -0.105789  0.509294
0.0164584 -0.105841  0.509378
0.0164561 -0.105896  0.509467
0.0164536 -0.105955   0.50956
 0.016451 -0.106016  0.509659
0.0164483 -0.106081  0.509763
0.0164455 -0.106149  0.509871
0.0164425  -0.10622  0.509985
0.0164393 -0.106295  0.510104
0.0164361 -0.106372  0.510228
0.0164327 -0.106453  0.510357
0.0164291 -0.106536  0.510491
0.0164255 -0.106623   0.51063
0.0164217 -0.106714  0.510774
0.0164177 -0.106806  0.510923
0.0164137 -0.106903  0.511078
0.0164095 -0.107003  0.511237
0.0164051 -0.107106  0.511402
0.0164007 -0.107212  0.511571
0.0163961 -0.107321  0.511746
0.0163913 -0.107433  0.511926
0.0163865 -0.107548   0.51211
0.0163815 -0.107667    0.5123
0.0163763 -0.107789  0.512495
0.0163711 -0.107914  0.512695
0.0163657 -0.108042    0.5129
0.0163601 -0.108173   0.51311
0.0163545 -0.108308  0.513325
0.0163487 -0.108445  0.513545
0.0163427 -0.108586  0.513771
0.0163367  -0.10873  0.514001
0.0163307 -0.108873  0.514229
0.0163248 -0.109012  0.514452
 0.016319 -0.109149  0.514671
0.0163134 -0.109282  0.514884
0.0163079 -0.109413  0.515093
0.0163025  -0.10954  0.515296
0.0162973 -0.109663  0.515494
0.0162922 -0.109784  0.515687
0.0162873 -0.109902  0.515876
0.0162825 -0.110016  0.516058
0.0162778 -0.110128  0.516237
0.0162732 -0.110236   0.51641
0.0162688 -0.110341  0.516578
0.0162645 -0.110442   0.51674
0.0162603 -0.110541  0.516898
0.0162563 -0.110636   0.51705
0.0162524 -0.110728  0.517198
0.0162487 -0.110817   0.51734
0.0162451 -0.110903  0.517478
0.0162416 -0.110986   0.51761
0.0162382 -0.111066  0.517738
 0.016235 -0.111142   0.51786
0.0162319 -0.111215  0.517977
 0.016229 -0.111285  0.518089
0.0162261 -0.111352  0.518196
0.0162235 -0.111416  0.518298
0.0162209 -0.111477  0.518395
0.0162185 -0.111534  0.518487
0.0162162 -0.111588  0.518574
 0.016214 -0.111639  0.518656
 0.016212 -0.111687  0.518732
0.0162101 -0.111732  0.518803
0.0162084 -0.111773   0.51887
0.0162068 -0.111812  0.518931
0.0162053 -0.111847  0.518988
0.0162039 -0.111879  0.519039
0.0162027 -0.111908  0.519085
0.0162016 -0.111934  0.519126
0.0162007 -0.111956  0.519163
0.0161999 -0.111976  0.519194
0.0161992 -0.111992   0.51922
0.0161986 -0.112005  0.519241
0.0161982 -0.112015  0.519256
0.0161979 -0.112022  0.519267
0.0161978 -0.112025  0.519273
0.0161977 -0.112026  0.519274
0.0161977 -0.112026  0.519274
0.0161977 -0.112026  0.519274
0.0161977 -0.112026  0.519274
0.0161977 -0.112026  0.519274
0.0161977 -0.112026  0.519274
0.0161977 -0.112026  0.519274
0.0161977 -0.112026  0.519274
0.0161977 -0.112026  0.519274
0.0161977 -0.112026  0.519274
0.0161977 -0.112026  0.519274
0.0161977 -0.112026  0.519274
0.0161977 -0.112026  0.519274
0.0161977 -0.112026  0.519274
0.0161977 -0.112026  0.519274
0.0161977 -0.112026  0.519274
0.0161977 -0.112026  0.519274
0.0161977 -0.112026  0.519274
0.0161977 -0.112026  0.519274
0.0161977 -0.112026  0.519274
0.0161977 -0.112026  0.519274
0.0161977 -0.112026  0.519274
0.0161977 -0.112026  0.519274
0.0161977 -0.112026  0.519274
0.0161977 -0.112026  0.519274
0.0161977 -0.112026  0.519274
0.0161977 -0.112026  0.519274
0.0161977 -0.112026  0.519274
0.0161977 -0.112026  0.519274
0.0161977 -0.112026  0.519274
0.0161977 -0.112026  0.519274
0.0161977 -0.112026  0.519274
0.0161977 -0.112026  0.519274
0.0161977 -0.112026  0.519274
0.0161977 -0.112026  0.519274
0.0161977 -0.112026  0.519274
0.0161977 -0.112026  0.519274
0.0161977 -0.112026  0.519274
0.0161977 -0.112026  0.519274
0.0161977 -0.112026  0.519274
0.0161977 -0.112026  0.519274
0.0161977 -0.112026  0.519274
0.0161977 -0.112026  0.519274
0.0161977 -0.112026  0.519274
0.0161977 -0.112026  0.519274
0.0161977 -0.112026  0.519274
0.0161977 -0.112026  0.519274
0.0161977 -0.112026  0.519274
0.0161977 -0.112026  0.519274
0.0161977 -0.112026  0.519274
0.0161977 -0.112026  0.519274
0.0161977 -0.112026  0.519274
0.0161977 -0.112026  0.519274
0.0161977 -0.112026  0.519274
0.0161977 -0.112026  0.519274
0.0161977 -0.112026  0.519274
0.0161977 -0.112026  0.519274
0.0161977 -0.112026  0.519274
0.0161977 -0.112026  0.519274
0.0161977 -0.112026  0.519274
0.0161977 -0.112026  0.519274
0.0161977 -0.112026  0.519274
0.0161977 -0.112026  0.519274
0.0161977 -0.112026  0.519274
0.0161977 -0.112026  0.519274
0.0161977 -0.112026  0.519274
0.0161977 -0.112026  0.519274
0.0161977 -0.112026  0.519274
0.0161977 -0.112026  0.519274
0.0161977 -0.112026  0.519274
0.0161977 -0.112026  0.519274
0.0161977 -0.112026  0.519274
0.0161977 -0.112026  0.519274
0.0161977 -0.112026  0.519274
0.0161977 -0.112026  0.519274
0.0161977 -0.112026  0.519274
0.0161977 -0.112026  0.519274
0.0161977 -0.112026  0.519274
0.0161977 -0.112026  0.519274
0.0161977 -0.112026  0.519274
0.0161977 -0.112026  0.519274
0.0161977 -0.112026  0.519274
0.0161977 -0.112026  0.519274
0.0161977 -0.112026  0.519274
0.0161977 -0.112026  0.519274
0.0161977 -0.112026  0.519274
0.0161977 -0.112026  0.519274
0.0161977 -0.112026  0.519274
0.0161977 -0.112026  0.519274
0.0161977 -0.112026  0.519274
0.0161977 -0.112026  0.519274
0.0161977 -0.112026  0.519274
0.0161977 -0.112026  0.519274
0.0161977 -0.112026  0.519274
0.0161977 -0.112026  0.519274
0.0161977 -0.112026  0.519274
0.0161977 -0.112026  0.519274
0.0161977 -0.112026  0.519274
0.0161977 -0.112026  0.519274
0.0161977 -0.112026  0.519274
0.0161977 -0.112026  0.519274
0.0161977 -0.112026  0.519274
0.0161977 -0.112026  0.519274
0.0161977 -0.112026  0.519274
0.0161977 -0.112026  0.519274
0.0161977 -0.112026  0.519274
0.0161977 -0.112026  0.519274
0.0161977 -0.112026  0.519274
0.0161977 -0.112026  0.519274
0.0161977 -0.112026  0.519274
0.0161977 -0.112026  0.519274
0.0161977 -0.112026  0.519274
0.0161977 -0.112026  0.519274
0.0161977 -0.112026  0.519274
0.0161977 -0.112026  0.519274
0.0161977 -0.112026  0.519274
0.0161977 -0.112026  0.519274
0.0161977 -0.112026  0.519274
0.0161977 -0.112026  0.519274
0.0161977 -0.112026  0.519274
0.0161977 -0.112026  0.519274
0.0161977 -0.112026  0.519274
0.0161977 -0.112026  0.519274
0.0161977 -0.112026  0.519274
0.0161977 -0.112026  0.519274
0.0161977 -0.112026  0.519274
0.0161977 -0.112026  0.519274
0.0161977 -0.112026  0.519274
0.0161977 -0.112026  0.519274
0.0161977 -0.112026  0.519274
0.0161977 -0.112026  0.519274
0.0161977 -0.112026  0.519274
0.0161977 -0.112026  0.519274
0.0161977 -0.112026  0.519274
0.0161977 -0.112026  0.519274
0.0161977 -0.112026  0.519274
0.0161977 -0.112026  0.519274
0.0161977 -0.112026  0.519274
0.0161977 -0.112026  0.519274
0.0161977 -0.112026  0.519274
0.0161977 -0.112026  0.519274
0.0161977 -0.112026  0.519274
0.0161977 -0.112026  0.519274
0.0161977 -0.112026  0.519274
0.0161977 -0.112026  0.519274
0.0161977 -0.112026  0.519274
0.0161977 -0.112026  0.519274
0.0161977 -0.112026  0.519274
0.0161977 -0.112026  0.519274
0.0161977 -0.112026  0.519274
0.0161977 -0.112026  0.519274
0.0161977 -0.112026  0.519274
0.0161977 -0.112026  0.519274
0.0161977 -0.112026  0.519274
0.0161977 -0.112026  0.519274
0.0161977 -0.112026  0.519274
0.0161977 -0.112026  0.519274
0.0161977 -0.112026  0.519274
0.0161977 -0.112026  0.519274
0.0161977 -0.112026  0.519274
0.0161977 -0.112026  0.519274
0.0161977 -0.112026  0.519274
0.0161977 -0.112026  0.519274
0.0161977 -0.112026  0.519274
0.0161977 -0.112026  0.519274
0.0161977 -0.112026  0.519274
0.0161977 -0.112026  0.519274
0.0161977 -0.112026  0.519274
0.0161977 -0.112026  0.519274
0.0161977 -0.112026  0.519274
0.0161977 -0.112026  0.519274
0.0161977 -0.112026  0.519274
0.0161977 -0.112026  0.519274
0.0161977 -0.112026  0.519274
0.0161977 -0.112026  0.519274
0.0161977 -0.112026  0.519274
0.0161977 -0.112026  0.519274
0.0161977 -0.112026  0.519274
0.0161977 -0.112026  0.519274
0.0161977 -0.112026  0.519274
0.0161977 -0.112026  0.519274
0.0161977 -0.112026  0.519274
0.0161977 -0.112026  0.519274
0.0161977 -0.112026  0.519274
0.0161977 -0.112026  0.519274
0.0161977 -0.112026  0.519274
0.0161977 -0.112026  0.519274
0.0161977 -0.112026  0.519274
0.0161977 -0.112026  0.519274
0.0161977 -0.112026  0.519274
0.0161977 -0.112026  0.519274
0.0161977 -0.112026  0.519274
0.0161977 -0.112026  0.519274
0.0161977 -0.112026  0.519274
0.0161977 -0.112026  0.519274
0.0161977 -0.112026  0.519274
0.0161977 -0.112026  0.519274
0.0161977 -0.112026  0.519274
0.0161977 -0.112026  0.519274
0.0161977 -0.112026  0.519274
0.0161977 -0.112026  0.519274
0.0161977 -0.112026  0.519274
0.0161977 -0.112026  0.519274
0.0161977 -0.112026  0.519274
0.0161977 -0.112026  0.519274
0.0161977 -0.112026  0.519274
0.0161977 -0.112026  0.519274
0.0161977 -0.112026  0.519274
0.0161977 -0.112026  0.519274
0.0161977 -0.112026  0.519274
0.0161977 -0.112026  0.519274
0.0161977 -0.112026  0.519274
0.0161977 -0.112026  0.519274
0.0161977 -0.112026  0.519274
0.0161977 -0.112026  0.519274
0.0161977 -0.112026  0.519274
0.0161977 -0.112026  0.519274
0.0161977 -0.112026  0.519274
0.0161977 -0.112026  0.519274
0.0161977 -0.112026  0.519274
0.0161977 -0.112026  0.519274
0.0161977 -0.112026  0.519274
0.0161977 -0.112026  0.519274
0.0161977 -0.112026  0.519274
0.0161977 -0.112026  0.519274
0.0161977 -0.112026  0.519274
0.0161977 -0.112026  0.519274
0.0161977 -0.112026  0.519274
0.0161977 -0.112026  0.519274
0.0161977 -0.112026  0.519274
0.0161977 -0.112026  0.519274
0.0161977 -0.112026  0.519274
0.0161977 -0.112026  0.519274
0.0161977 -0.112026  0.519274
0.0161977 -0.112026  0.519274
0.0161977 -0.112026  0.519274
0.0161977 -0.112026  0.519274
0.0161977 -0.112026  0.519274
0.0161977 -0.112026  0.519274
0.0161977 -0.112026  0.519274
0.0161977 -0.112026  0.519274
0.0161977 -0.112026  0.519274
0.0161977 -0.112026  0.519274
0.0161977 -0.112026  0.519274
0.0161977 -0.112026  0.519274
0.0161977 -0.112026  0.519274
0.0161977 -0.112026  0.519274
0.0161977 -0.112026  0.519274
0.0161977 -0.112026  0.519274
0.0161977 -0.112026  0.519274
0.0161977 -0.112026  0.519274
0.0161977 -0.112026  0.519274
0.0161977 -0.112026  0.519274
0.0161977 -0.112026  0.519274
0.0161977 -0.112026  0.519274
0.0161977 -0.112026  0.519274
0.0161977 -0.112026  0.519274
0.0161977 -0.112026  0.519274
0.0161977 -0.112026  0.519274
0.0161977 -0.112026  0.519274
0.0161977 -0.112026  0.519274
0.0161977 -0.112026  0.519274
0.0161977 -0.112026  0.519274
0.0161977 -0.112026  0.519274
0.0161977 -0.112026  0.519274
0.0161977 -0.112026  0.519274
0.0161977 -0.112026  0.519274
0.0161977 -0.112026  0.519274
0.0161977 -0.112026  0.519274
0.0161977 -0.112026  0.519274
0.0161977 -0.112026  0.519274
0.0161977 -0.112026  0.519274
0.0161977 -0.112026  0.519274
0.0161977 -0.112026  0.519274
0.0161977 -0.112026  0.519274
0.0161977 -0.112026  0.519274
0.0161977 -0.112026  0.519274
0.0161977 -0.112026  0.519274
0.0161977 -0.112026  0.519274
0.0161977 -0.112026  0.519274
0.0161977 -0.112026  0.519274
0.0161977 -0.112026  0.519274
0.0161977 -0.112026  0.519274
0.0161977 -0.112026  0.519274
0.0161977 -0.112026  0.519274
0.0161977 -0.112026  0.519274
0.0161977 -0.112026  0.519274
0.0161977 -0.112026  0.519274
0.0161977 -0.112026  0.519274
0.0161977 -0.112026  0.519274
0.0161977 -0.112026  0.519274
0.0161977 -0.112026  0.519274
0.0161977 -0.112026  0.519274
0.0161977 -0.112026  0.519274
0.0161977 -0.112026  0.519274
0.0161977 -0.112026  0.519274
0.0161977 -0.112026  0.519274
0.0161977 -0.112026  0.519274
0.0161977 -0.112026  0.519274
0.0161977 -0.112026  0.519274
0.0161977 -0.112026  0.519274
0.0161977 -0.112026  0.519274
0.0161977 -0.112026  0.519274
0.0161977 -0.112026  0.519274
0.0161977 -0.112026  0.519274
0.0161977 -0.112026  0.519274
0.0161977 -0.112026  0.519274
0.0161977 -0.112026  0.519274
0.0161977 -0.112026  0.519274
0.0161977 -0.112026  0.519274
0.0161977 -0.112026  0.519274
0.0161977 -0.112026  0.519274
0.0161977 -0.112026  0.519274
0.0161977 -0.112026  0.519274
0.0161977 -0.112026  0.519274
0.0161977 -0.112026  0.519274
0.0161977 -0.112026  0.519274
0.0161977 -0.112026  0.519274
0.0161977 -0.112026  0.519274
0.0161977 -0.112026  0.519274
0.0161977 -0.112026  0.519274
0.0161977 -0.112026  0.519274
0.0161977 -0.112026  0.519274
0.0161977 -0.112026  0.519274
0.0161977 -0.112026  0.519274
0.0161977 -0.112026  0.519274
0.0161977 -0.112026  0.519274
0.0161977 -0.112026  0.519274
0.0161977 -0.112026  0.519274
0.0161977 -0.112026  0.519274
0.0161977 -0.112026  0.519274
0.0161977 -0.112026  0.519274
0.0161977 -0.112026  0.519274
0.0161977 -0.112026  0.519274
0.0161977 -0.112026  0.519274
0.0161977 -0.112026  0.519274
0.0161977 -0.112026  0.519274
0.0161977 -0.112026  0.519274
0.0161977 -0.112026  0.519274
0.0161977 -0.112026  0.519274
0.0161977 -0.112026  0.519274
0.0161977 -0.112026  0.519274
0.0161977 -0.112026  0.519274
0.0161977 -0.112026  0.519274
0.0161977 -0.112026  0.519274
0.0161977 -0.112026  0.519274
0.0161977 -0.112026  0.519274
0.0161977 -0.112026  0.519274
0.0161977 -0.112026  0.519274
0.0161977 -0.112026  0.519274
0.0161977 -0.112026  0.519274
0.0161977 -0.112026  0.519274
0.0161977 -0.112026  0.519274
0.0161977 -0.112026  0.519274
0.0161977 -0.112026  0.519274
0.0161977 -0.112026  0.519274
0.0161977 -0.112026  0.519274
0.0161977 -0.112026  0.519274
0.0161977 -0.112026  0.519274
0.0161977 -0.112026  0.519274
0.0161977 -0.112026  0.519274
0.0161977 -0.112026  0.519274
0.0161977 -0.112026  0.519274
0.0161977 -0.112026  0.519274
0.0161977 -0.112026  0.519274
0.0161977 -0.112026  0.519274
0.0161977 -0.112026  0.519274
0.0161977 -0.112026  0.519274
0.0161977 -0.112026  0.519274
0.0161977 -0.112026  0.519274
0.0161977 -0.112026  0.519274
0.0161977 -0.112026  0.519274
0.0161977 -0.112026  0.519274
0.0161977 -0.112026  0.519274
0.0161977 -0.112026  0.519274
0.0161977 -0.112026  0.519274
0.0161977 -0.112026  0.519274
0.0161977 -0.112026  0.519274
0.0161977 -0.112026  0.519274
0.0161977 -0.112026  0.519274
0.0161977 -0.112026  0.519274
0.0161977 -0.112026  0.519274
0.0161977 -0.112026  0.519274
0.0161977 -0.112026  0.519274
0.0161977 -0.112026  0.519274
0.0161977 -0.112026  0.519274
0.0161977 -0.112026  0.519274
0.0161977 -0.112026  0.519274
0.0161977 -0.112026  0.519274
0.0161977 -0.112026  0.519274
0.0161977 -0.112026  0.519274
0.0161977 -0.112026  0.519274
0.0161977 -0.112026  0.519274
0.0161977 -0.112026  0.519274
0.0161977 -0.112026  0.519274
0.0161977 -0.112026  0.519274
0.0161977 -0.112026  0.519274
0.0161977 -0.112026  0.519274
0.0161977 -0.112026  0.519274
0.0161977 -0.112026  0.519274
0.0161977 -0.112026  0.519274
0.0161977 -0.112026  0.519274
0.0161977 -0.112026  0.519274
0.0161977 -0.112026  0.519274
0.0161977 -0.112026  0.519274
0.0161977 -0.112026  0.519274
0.0161977 -0.112026  0.519274
0.0161977 -0.112026  0.519274
0.0161977 -0.112026  0.519274
0.0161977 -0.112026  0.519274
0.0161977 -0.112026  0.519274
0.0161977 -0.112026  0.519274
0.0161977 -0.112026  0.519274
0.0161977 -0.112026  0.519274
0.0161977 -0.112026  0.519274
0.0161977 -0.112026  0.519274
0.0161977 -0.112026  0.519274
0.0161977 -0.112026  0.519274
0.0161977 -0.112026  0.519274
0.0161977 -0.112026  0.519274
0.0161977 -0.112026  0.519274
0.0161977 -0.112026  0.519274
0.0161977 -0.112026  0.519274
0.0161977 -0.112026  0.519274
0.0161977 -0.112026  0.519274
0.0161977 -0.112026  0.519274
0.0161977 -0.112026  0.519274
0.0161977 -0.112026  0.519274
0.0161977 -0.112026  0.519274
0.0161977 -0.112026  0.519274
0.0161977 -0.112026  0.519274
0.0161977 -0.112026  0.519274
0.0161977 -0.112026  0.519274
0.0161977 -0.112026  0.519274
0.0161977 -0.112026  0.519274
0.0161977 -0.112026  0.519274
0.0161977 -0.112026  0.519274
0.0161977 -0.112026  0.519274
0.0161977 -0.112026  0.519274
0.0161977 -0.112026  0.519274
0.0161977 -0.112026  0.519274
0.0161977 -0.112026  0.519274
0.0161977 -0.112026  0.519274
0.0161977 -0.112026  0.519274
0.0161977 -0.112026  0.519274
0.0161977 -0.112026  0.519274
0.0161977 -0.112026  0.519274
0.0161977 -0.112026  0.519274
0.0161977 -0.112026  0.519274
0.0161977 -0.112026  0.519274
0.0161977 -0.112026  0.519274
0.0161977 -0.112026  0.519274
0.0161977 -0.112026  0.519274
0.0161977 -0.112026  0.519274
0.0161977 -0.112026  0.519274
0.0161977 -0.112026  0.519274
0.0161977 -0.112026  0.519274
0.0161977 -0.112026  0.519274
0.0161977 -0.112026  0.519274
0.0161977 -0.112026  0.519274
0.0161977 -0.112026  0.519274
0.0161977 -0.112026  0.519274
0.0161977 -0.112026  0.519274
0.0161977 -0.112026  0.519274
0.0161977 -0.112026  0.519274
0.0161977 -0.112026  0.519274
0.0161977 -0.112026  0.519274
0.0161977 -0.112026  0.519274
0.0161977 -0.112026  0.519274
0.0161977 -0.112026  0.519274
0.0161977 -0.112026  0.519274
0.0161977 -0.112026  0.519274
0.0161977 -0.112026  0.519274
0.0161977 -0.112026  0.519274
0.0161977 -0.112026  0.519274
0.0161977 -0.112026  0.519274
0.0161977 -0.112026  0.519274
0.0161977 -0.112026  0.519274
0.0161977 -0.112026  0.519274
0.0161977 -0.112026  0.519274
0.0161977 -0.112026  0.519274
0.0161977 -0.112026  0.519274
0.0161977 -0.112026  0.519274
0.0161977 -0.112026  0.519274
0.0161977 -0.112026  0.519274
0.0161977 -0.112026  0.519274
0.0161977 -0.112026  0.519274
0.0161977 -0.112026  0.519274
0.0161977 -0.112026  0.519274
0.0161977 -0.112026  0.519274
0.0161977 -0.112026  0.519274
0.0161977 -0.112026  0.519274
0.0161977 -0.112026  0.519274
0.0161977 -0.112026  0.519274
0.0161977 -0.112026  0.519274
0.0161977 -0.112026  0.519274
0.0161977 -0.112026  0.519274
0.0161977 -0.112026  0.519274
0.0161977 -0.112026  0.519274
0.0161977 -0.112026  0.519274
0.0161977 -0.112026  0.519274
0.0161977 -0.112026  0.519274
0.0161977 -0.112026  0.519274
0.0161977 -0.112026  0.519274
0.0161977 -0.112026  0.519274
0.0161977 -0.112026  0.519274
0.0161977 -0.112026  0.519274
0.0161977 -0.112026  0.519274
0.0161977 -0.112026  0.519274
0.0161977 -0.112026  0.519274
0.0161977 -0.112026  0.519274
0.0161977 -0.112026  0.519274
0.0161977 -0.112026  0.519274
0.0161977 -0.112026  0.519274
0.0161977 -0.112026  0.519274
0.0161977 -0.112026  0.519274
0.0161977 -0.112026  0.519274
0.0161977 -0.112026  0.519274
0.0161977 -0.112026  0.519274
0.0161977 -0.112026  0.519274
0.0161977 -0.112026  0.519274
0.0161977 -0.112026  0.519274
0.0161977 -0.112026  0.519274
0.0161977 -0.112026  0.519274
0.0161977 -0.112026  0.519274
0.0161977 -0.112026  0.519274
0.0161977 -0.112026  0.519274
0.0161977 -0.112026  0.519274
0.0161977 -0.112026  0.519274
0.0161977 -0.112026  0.519274
0.0161977 -0.112026  0.519274
0.0161977 -0.112026  0.519274
0.0161977 -0.112026  0.519274
0.0161977 -0.112026  0.519274
0.0161977 -0.112026  0.519274
0.0161977 -0.112026  0.519274
0.0161977 -0.112026  0.519274
0.0161977 -0.112026  0.519274
0.0161977 -0.112026  0.519274
0.0161977 -0.112026  0.519274
0.0161977 -0.112026  0.519274
0.0161977 -0.112026  0.519274
0.0161977 -0.112026  0.519274
0.0161977 -0.112026  0.519274
0.0161977 -0.112026  0.519274
0.0161977 -0.112026  0.519274
0.0161977 -0.112026  0.519274
0.0161977 -0.112026  0.519274
0.0161977 -0.112026  0.519274
0.0161977 -0.112026  0.519274
0.0161977 -0.112026  0.519274
0.0161977 -0.112026  0.519274
0.0161977 -0.112026  0.519274
0.0161977 -0.112026  0.519274
0.0161977 -0.112026  0.519274
0.0161977 -0.112026  0.519274
0.0161977 -0.112026  0.519274
0.0161977 -0.112026  0.519274
0.0161977 -0.112026  0.519274
0.0161977 -0.112026  0.519274
0.0161977 -0.112026  0.519274
0.0161977 -0.112026  0.519274
0.0161977 -0.112026  0.519274
0.0161977 -0.112026  0.519274
0.0161977 -0.112026  0.519274
0.0161977 -0.112026  0.519274
0.0161977 -0.112026  0.519274
0.0161977 -0.112026  0.519274
0.0161977 -0.112026  0.519274
0.0161977 -0.112026  0.519274
0.0161977 -0.112026  0.519274
0.0161977 -0.112026  0.519274
0.0161977 -0.112026  0.519274
0.0161977 -0.112026  0.519274
0.0161977 -0.112026  0.519274
0.0161977 -0.112026  0.519274
0.0161977 -0.112026  0.519274
0.0161977 -0.112026  0.519274
0.0161977 -0.112026  0.519274
0.0161977 -0.112026  0.519274
0.0161977 -0.112026  0.519274
0.0161977 -0.112026  0.519274
0.0161977 -0.112026  0.519274
0.0161977 -0.112026  0.519274
0.0161977 -0.112026  0.519274
0.0161977 -0.112026  0.519274
0.0161977 -0.112026  0.519274
0.0161977 -0.112026  0.519274
0.0161977 -0.112026  0.519274
0.0161977 -0.112026  0.519274
0.0161977 -0.112026  0.519274
0.0161977 -0.112026  0.519274
0.0161977 -0.112026  0.519274
0.0161977 -0.112026  0.519274
0.0161977 -0.112026  0.519274
0.0161977 -0.112026  0.519274
0.0161977 -0.112026  0.519274
0.0161977 -0.112026  0.519274
0.0161977 -0.112026  0.519274
0.0161977 -0.112026  0.519274
0.0161977 -0.112026  0.519274
0.0161977 -0.112026  0.519274
0.0161977 -0.112026  0.519274
0.0161977 -0.112026  0.519274
0.0161977 -0.112026  0.519274
0.0161977 -0.112026  0.519274
0.0161977 -0.112026  0.519274
0.0161977 -0.112026  0.519274
0.0161977 -0.112026  0.519274
0.0161977 -0.112026  0.519274
0.0161977 -0.112026  0.519274
0.0161977 -0.112026  0.519274
0.0161977 -0.112026  0.519274
0.0161977 -0.112026  0.519274
0.0161977 -0.112026  0.519274
0.0161977 -0.112026  0.519274
0.0161977 -0.112026  0.519274
0.0161977 -0.112026  0.519274
0.0161977 -0.112026  0.519274
0.0161977 -0.112026  0.519274
0.0161977 -0.112026  0.519274
0.0161977 -0.112026  0.519274
0.0161977 -0.112026  0.519274
0.0161977 -0.112026  0.519274
0.0161977 -0.112026  0.519274
0.0161977 -0.112026  0.519274
0.0161977 -0.112026  0.519274
0.0161977 -0.112026  0.519274
0.0161977 -0.112026  0.519274
0.0161977 -0.112026  0.519274
0.0161977 -0.112026  0.519274
0.0161977 -0.112026  0.519274
0.0161977 -0.112026  0.519274
0.0161977 -0.112026  0.519274
0.0161977 -0.112026  0.519274
0.0161977 -0.112026  0.519274
0.0161977 -0.112026  0.519274
0.0161977 -0.112026  0.519274
0.0161977 -0.112026  0.519274
0.0161977 -0.112026  0.519274
0.0161977 -0.112026  0.519274
0.0161977 -0.112026  0.519274
0.0161977 -0.112026  0.519274
0.0161977 -0.112026  0.519274
0.0161977 -0.112026  0.519274
0.0161977 -0.112026  0.519274
0.0161977 -0.112026  0.519274
0.0161977 -0.112026  0.519274
0.0161977 -0.112026  0.519274
0.0161977 -0.112026  0.519274
0.0161977 -0.112026  0.519274
0.0161977 -0.112026  0.519274
0.0161977 -0.112026  0.519274
0.0161977 -0.112026  0.519274
0.0161977 -0.112026  0.519274
0.0161977 -0.112026  0.519274
0.0161977 -0.112026  0.519274
0.0161977 -0.112026  0.519274
0.0161977 -0.112026  0.519274
0.0161977 -0.112026  0.519274
0.0161977 -0.112026  0.519274
0.0161977 -0.112026  0.519274
0.0161977 -0.112026  0.519274
0.0161977 -0.112026  0.519274
0.0161977 -0.112026  0.519274
0.0161977 -0.112026  0.519274
0.0161977 -0.112026  0.519274
0.0161977 -0.112026  0.519274
0.0161977 -0.112026  0.519274
0.0161977 -0.112026  0.519274
0.0161977 -0.112026  0.519274
0.0161977 -0.112026  0.519274
0.0161977 -0.112026  0.519274
0.0161977 -0.112026  0.519274
0.0161977 -0.112026  0.519274
0.0161977 -0.112026  0.519274
0.0161977 -0.112026  0.519274
0.0161977 -0.112026  0.519274
0.0161977 -0.112026  0.519274
0.0161977 -0.112026  0.519274
0.0161977 -0.112026  0.519274
0.0161977 -0.112026  0.519274
0.0161977 -0.112026  0.519274
0.0161977 -0.112026  0.519274
0.0161977 -0.112026  0.519274
0.0161977 -0.112026  0.519274
0.0161977 -0.112026  0.519274
0.0161977 -0.112026  0.519274
0.0161977 -0.112026  0.519274
0.0161977 -0.112026  0.519274
0.0161977 -0.112026  0.519274
0.0161977 -0.112026  0.519274
0.0161977 -0.112026  0.519274
