0.0164773 -0.105383  0.508645
0.0164768  -0.10538  0.508644
0.0164766 -0.105379  0.508642
0.0164749 -0.105374  0.508641
0.0164736 -0.105373  0.508639
0.0164719 -0.105369  0.508638
0.0164698 -0.105369  0.508637
0.0164685 -0.105367  0.508637
0.0164652 -0.105365  0.508636
0.0164626 -0.105363  0.508636
0.0164597 -0.105361  0.508636
0.0164565 -0.105362  0.508636
0.0164536 -0.105361  0.508636
 0.016451 -0.105365  0.508636
0.0164468 -0.105364  0.508637
0.0164432 -0.105368  0.508638
0.0164395  -0.10537  0.508639
0.0164356 -0.105376  0.508639
0.0164326 -0.105382   0.50864
0.0164277 -0.105387  0.508641
0.0164235 -0.105393  0.508643
0.0164191 -0.105401  0.508644
0.0164143 -0.105411  0.508645
0.0164097 -0.105421  0.508647
0.0164056 -0.105435  0.508648
0.0163996 -0.105446   0.50865
0.0163942 -0.105461  0.508652
0.0163885 -0.105476  0.508654
0.0163824 -0.105495  0.508655
0.0163771 -0.105514  0.508657
0.0163706 -0.105534  0.508659
 0.016363 -0.105553  0.508662
0.0163559 -0.105577  0.508664
0.0163483 -0.105601  0.508666
0.0163403 -0.105629   0.50867
0.0163321 -0.105655  0.508673
0.0163247 -0.105685  0.508676
0.0163152 -0.105717  0.508678
0.0163063 -0.105751  0.508681
 0.016296 -0.105784  0.508685
0.0162874  -0.10582  0.508688
0.0162769  -0.10586  0.508692
0.0162667 -0.105901  0.508696
0.0162574 -0.105941    0.5087
0.0162461 -0.105989  0.508704
0.0162352 -0.106034  0.508709
0.0162253 -0.106083  0.508714
0.0162134 -0.106134  0.508719
 0.016202 -0.106188  0.508724
0.0161916 -0.106239   0.50873
0.0161792 -0.106298  0.508736
0.0161672 -0.106356  0.508742
0.0161562 -0.106417  0.508749
0.0161433 -0.106482  0.508755
0.0161309 -0.106548  0.508762
0.0161195 -0.106613   0.50877
0.0161062 -0.106686  0.508777
0.0160935 -0.106755  0.508785
0.0160818 -0.106828  0.508793
0.0160684 -0.106904  0.508801
0.0160554  -0.10698  0.508809
0.0160435 -0.107056  0.508818
0.0160307 -0.107135  0.508826
 0.016017 -0.107216  0.508835
0.0160049 -0.107295  0.508844
0.0159913 -0.107377  0.508853
0.0159792 -0.107458  0.508862
0.0159656 -0.107541  0.508871
0.0159536 -0.107622  0.508881
  0.01594 -0.107705   0.50889
0.0159274 -0.107787  0.508899
 0.015915 -0.107868  0.508909
0.0159048 -0.107953  0.508919
0.0158902  -0.10803  0.508928
 0.015878 -0.108111  0.508938
0.0158658  -0.10819  0.508948
0.0158538 -0.108266  0.508958
0.0158421 -0.108344  0.508968
0.0158305 -0.108419  0.508978
0.0158197 -0.108492  0.508988
0.0158075 -0.108564  0.508998
0.0157964 -0.108637  0.509008
0.0157853 -0.108705  0.509019
0.0157755 -0.108772  0.509029
0.015764 -0.10884 0.509039
0.0157537 -0.108904  0.509049
0.0157443 -0.108966   0.50906
0.0157335 -0.109027   0.50907
0.0157237 -0.109087   0.50908
0.0157146 -0.109144  0.509091
0.0157052   -0.1092  0.509101
0.0156989 -0.109266  0.509111
0.0156875 -0.109317  0.509121
  0.01568 -0.109367  0.509131
 0.015671 -0.109415  0.509141
0.0156633 -0.109461  0.509151
0.0156567 -0.109508  0.509161
0.0156487 -0.109552  0.509171
 0.015642 -0.109592  0.509181
0.0156353 -0.109633  0.509191
 0.015629 -0.109671  0.509201
0.015624 -0.10971 0.509211
0.0156165 -0.109745  0.509221
0.0156111 -0.109778  0.509231
0.0156068 -0.109813   0.50924
 0.015601 -0.109843   0.50925
0.0155973 -0.109875  0.509259
 0.015592 -0.109904  0.509269
0.0155878 -0.109931  0.509278
0.0155857 -0.109961  0.509286
0.0155801 -0.109985  0.509296
0.0155766 -0.110011  0.509305
0.0155733 -0.110037  0.509313
0.0155702  -0.11006  0.509322
0.0155673 -0.110084   0.50933
0.0155645 -0.110105  0.509338
 0.015562 -0.110128  0.509346
0.0155597 -0.110151  0.509353
0.0155575 -0.110171  0.509361
0.0155556 -0.110192  0.509368
0.0155539 -0.110211  0.509375
0.0155533 -0.110233  0.509382
0.0155511 -0.110252  0.509389
 0.01555 -0.11027 0.509396
0.0155491 -0.110289  0.509402
0.0155484 -0.110309  0.509408
0.0155489 -0.110327  0.509414
0.0155477 -0.110344   0.50942
0.0155492 -0.110362  0.509426
0.0155485 -0.110378  0.509432
0.0155479  -0.11039  0.509437
0.0155504 -0.110413  0.509442
0.0155502 -0.110429  0.509448
0.0155522 -0.110445  0.509453
0.0155525  -0.11046  0.509458
0.0155539 -0.110476  0.509462
0.0155554  -0.11049  0.509467
0.0155573 -0.110505  0.509472
0.0155592 -0.110521  0.509476
0.0155623 -0.110535   0.50948
0.0155604 -0.110541  0.509484
0.0155665 -0.110559  0.509488
0.0155691 -0.110573  0.509492
0.0155721 -0.110586  0.509495
 0.015575 -0.110598  0.509499
0.0155782  -0.11061  0.509502
0.0155825 -0.110621  0.509505
0.0155852 -0.110632  0.509509
0.0155889 -0.110643  0.509511
0.0155929 -0.110652  0.509515
 0.015597 -0.110663  0.509517
0.0156022 -0.110675  0.509519
0.0156067 -0.110683  0.509522
0.0156104 -0.110691  0.509524
0.0156104 -0.110691  0.509524
0.0156202 -0.110707  0.509529
0.0156254 -0.110716  0.509531
0.0156306 -0.110723  0.509533
0.0156363 -0.110731  0.509534
0.0156429  -0.11074  0.509535
0.0156478 -0.110745  0.509538
0.0156539 -0.110752  0.509539
0.0156601 -0.110757  0.509541
0.0156672 -0.110766  0.509541
0.0156698 -0.110766  0.509543
0.0156765 -0.110774  0.509544
0.0156832 -0.110778  0.509545
0.0156901 -0.110785  0.509546
0.0156968 -0.110791  0.509546
0.0157038 -0.110795  0.509547
0.0157147 -0.110806  0.509547
0.015721 -0.11081 0.509548
0.0157257 -0.110812  0.509548
0.0157339 -0.110816  0.509548
0.0157406 -0.110821  0.509548
0.0157491 -0.110825  0.509548
0.0157561 -0.110833  0.509548
0.0157665 -0.110841  0.509547
0.0157942 -0.110838  0.509548
0.0157798 -0.110847  0.509547
0.0157914 -0.110856  0.509546
0.0157999  -0.11086  0.509545
0.0158072 -0.110864  0.509545
0.0158156 -0.110869  0.509544
0.0158242 -0.110872  0.509543
0.0158334 -0.110878  0.509542
0.0158413 -0.110882  0.509541
0.0158501 -0.110884   0.50954
0.0158589 -0.110889  0.509539
0.0158677 -0.110894  0.509538
0.0158777 -0.110898  0.509537
0.0158868 -0.110902  0.509535
 0.015896 -0.110904  0.509534
0.0159054 -0.110908  0.509532
 0.015914 -0.110911  0.509531
0.0159236 -0.110913   0.50953
 0.015933 -0.110917  0.509528
0.0159436 -0.110922  0.509526
0.0159525 -0.110921  0.509525
0.0159622 -0.110925  0.509523
0.0159729  -0.11093   0.50952
0.0159805 -0.110929  0.509518
0.0159897 -0.110932  0.509515
0.0160004 -0.110933  0.509513
0.0160004 -0.110933  0.509513
0.0160192 -0.110937  0.509508
  0.01603 -0.110938  0.509505
0.0160391 -0.110939  0.509503
0.0160521 -0.110936  0.509501
0.0160615 -0.110939  0.509498
0.0160715  -0.11094  0.509495
0.0160827 -0.110939  0.509492
0.0160922 -0.110942  0.509488
0.0161024 -0.110941  0.509485
0.0161142 -0.110941  0.509482
0.0161238 -0.110944  0.509478
0.0161341 -0.110943  0.509475
0.0161455 -0.110944  0.509471
0.0161552 -0.110947  0.509467
0.0161655 -0.110946  0.509464
 0.016177 -0.110946   0.50946
0.0161857 -0.110949  0.509456
 0.016196 -0.110948  0.509453
0.0162069 -0.110948  0.509449
0.0162175 -0.110951  0.509445
 0.016227 -0.110951  0.509441
0.0162373 -0.110953  0.509437
0.0162475 -0.110954  0.509433
0.0162475 -0.110954  0.509433
0.0162689 -0.110953  0.509426
0.0162781 -0.110957  0.509422
0.0162879 -0.110956  0.509418
0.0162978 -0.110957  0.509414
0.0163088 -0.110957   0.50941
0.0163181 -0.110958  0.509406
0.0163281 -0.110959  0.509402
0.0163382 -0.110958  0.509398
0.0163504 -0.110963  0.509393
 0.016361 -0.110962  0.509389
0.0163712 -0.110963  0.509385
0.0163816 -0.110964  0.509381
0.0163929 -0.110965  0.509377
0.0164034 -0.110965  0.509372
 0.016414 -0.110966  0.509368
0.0164239 -0.110963  0.509365
0.0164346 -0.110964  0.509361
0.0164346 -0.110964  0.509361
 0.016457 -0.110964  0.509352
0.0164668 -0.110963  0.509349
0.0164767 -0.110966  0.509344
0.0164876 -0.110964   0.50934
0.0164978 -0.110963  0.509337
0.0165086 -0.110964  0.509333
0.0165193 -0.110963  0.509329
0.0165306 -0.110965  0.509325
0.0165409 -0.110966  0.509321
0.0165513 -0.110964  0.509318
0.0165606 -0.110964  0.509314
0.0165606 -0.110964  0.509314
0.0165813 -0.110966  0.509307
0.0165912 -0.110967  0.509303
0.0166011 -0.110968  0.509299
0.0166111 -0.110966  0.509296
0.0166111 -0.110966  0.509296
  0.01663 -0.110967  0.509288
 0.016642 -0.110963  0.509286
0.0166517 -0.110964  0.509282
0.0166615 -0.110963  0.509278
0.0166716 -0.110965  0.509275
0.0166807 -0.110968   0.50927
0.0166908 -0.110967  0.509267
0.0167009 -0.110968  0.509263
0.0167111 -0.110969   0.50926
0.0167201 -0.110968  0.509256
0.0167312 -0.110968  0.509253
0.0167416  -0.11097  0.509249
0.0167506 -0.110971  0.509246
0.0167506 -0.110971  0.509246
0.0167703 -0.110974  0.509239
0.0167797 -0.110973  0.509236
0.0167797 -0.110973  0.509236
0.0167994 -0.110975   0.50923
0.0168078 -0.110976  0.509227
 0.016817 -0.110978  0.509223
0.0168272 -0.110978   0.50922
0.0168362 -0.110978  0.509217
0.0168452 -0.110979  0.509214
0.0168532 -0.110979  0.509212
0.0168606  -0.11098  0.509209
0.0168688 -0.110981  0.509206
0.0168769 -0.110983  0.509203
0.0168858 -0.110983    0.5092
0.0168933 -0.110983  0.509197
0.0169017 -0.110984  0.509194
0.0169017 -0.110984  0.509194
0.0169155 -0.110985  0.509189
0.0169236 -0.110985  0.509187
0.0169299 -0.110987  0.509184
0.0169373 -0.110986  0.509181
0.0169456 -0.110986  0.509179
 0.016953 -0.110987  0.509176
0.0169605 -0.110986  0.509174
 0.016968 -0.110987  0.509171
0.0169747 -0.110991  0.509169
0.016982 -0.11099 0.509167
0.0169887 -0.110991  0.509164
 0.016996 -0.110993  0.509162
 0.017003 -0.110993   0.50916
0.0170108 -0.110993  0.509158
 0.017017 -0.110997  0.509156
0.0170238 -0.110997  0.509155
0.0170315 -0.110997  0.509153
 0.017038 -0.110999  0.509151
0.0170441 -0.110999   0.50915
0.0170502 -0.111002  0.509149
0.0170558 -0.111004  0.509147
0.0170611 -0.111007  0.509146
0.0170653 -0.111008  0.509145
0.0170704 -0.111011  0.509143
0.0170766 -0.111015  0.509141
0.0170811 -0.111017   0.50914
0.0170845 -0.111019  0.509139
0.0170893 -0.111021  0.509138
0.0170935 -0.111022  0.509138
0.0170964 -0.111023  0.509137
0.0171004 -0.111025  0.509136
0.0171039 -0.111028  0.509135
0.0171076 -0.111029  0.509134
0.0171111 -0.111029  0.509134
0.0171129 -0.111027  0.509135
0.0171176 -0.111034  0.509133
0.0171203 -0.111033  0.509133
0.0171238 -0.111035  0.509132
0.0171259 -0.111036  0.509132
0.0171289 -0.111037  0.509132
0.0171331 -0.111035  0.509132
0.0171342 -0.111036  0.509132
0.0171368 -0.111038  0.509132
  0.01714 -0.111038  0.509132
0.0171427 -0.111038  0.509132
0.0171449  -0.11104  0.509132
0.0171473 -0.111043  0.509132
0.0171484 -0.111044  0.509132
0.0171504 -0.111046  0.509132
0.0171536  -0.11105  0.509131
0.0171547 -0.111052  0.509131
0.0171566 -0.111049  0.509133
0.0171576 -0.111053  0.509132
0.0171598 -0.111056  0.509132
0.0171606 -0.111059  0.509132
0.0171621 -0.111058  0.509133
0.0171623 -0.111059  0.509134
0.0171634 -0.111061  0.509134
0.0171647 -0.111061  0.509135
0.0171664 -0.111065  0.509135
0.0171674 -0.111067  0.509136
0.0171681 -0.111067  0.509137
0.0171679 -0.111067  0.509138
0.0171685 -0.111071  0.509138
0.0171701 -0.111066   0.50914
0.0171705 -0.111069  0.509141
0.0171698 -0.111071  0.509142
0.0171693 -0.111073  0.509143
0.0171693 -0.111073  0.509144
0.0171702 -0.111074  0.509145
  0.01717 -0.111077  0.509146
0.0171698 -0.111079  0.509147
0.0171686  -0.11108  0.509148
 0.017169 -0.111081   0.50915
 0.017169 -0.111081   0.50915
0.0171685 -0.111085  0.509152
 0.017168 -0.111087  0.509153
0.0171664 -0.111091  0.509154
0.0171664 -0.111091  0.509154
0.0171658 -0.111093  0.509157
0.0171658 -0.111093  0.509157
0.0171639 -0.111097  0.509159
0.0171639 -0.111097  0.509159
0.0171622   -0.1111  0.509162
0.0171622   -0.1111  0.509162
0.0171594 -0.111104  0.509164
0.0171585 -0.111106  0.509165
0.0171582 -0.111107  0.509167
0.0171572 -0.111107  0.509169
0.0171563  -0.11111   0.50917
0.0171544 -0.111113  0.509171
0.0171541 -0.111113  0.509173
0.0171532 -0.111115  0.509174
0.0171521 -0.111118  0.509176
  0.01715 -0.111119  0.509177
0.0171499 -0.111125  0.509178
0.0171488 -0.111125   0.50918
0.0171459 -0.111126  0.509182
0.0171445 -0.111128  0.509183
 0.017144 -0.111128  0.509185
0.0171423 -0.111132  0.509186
0.0171409 -0.111134  0.509188
0.0171393 -0.111134   0.50919
0.0171366 -0.111134  0.509192
0.0171348 -0.111137  0.509194
 0.017133 -0.111137  0.509196
0.0171309 -0.111139  0.509198
 0.017129 -0.111141  0.509199
0.0171279 -0.111142  0.509201
 0.017126 -0.111144  0.509203
0.0171242 -0.111145  0.509205
0.0171242 -0.111145  0.509205
0.0171204 -0.111148  0.509209
0.0171172 -0.111148  0.509211
0.0171154 -0.111148  0.509213
0.0171134  -0.11115  0.509215
0.0171134  -0.11115  0.509215
0.0171104 -0.111153  0.509219
0.0171084 -0.111155  0.509221
0.0171066 -0.111156  0.509222
0.0171048 -0.111156  0.509225
0.0171029 -0.111159  0.509226
0.0171011 -0.111161  0.509228
0.0170983  -0.11116  0.509231
0.0170997 -0.111165  0.509232
0.0170977 -0.111167  0.509234
0.0170967 -0.111171  0.509235
0.0170949 -0.111171  0.509238
  0.01709 -0.111168   0.50924
0.0170881  -0.11117  0.509241
0.0170887 -0.111168  0.509244
0.0170858 -0.111169  0.509246
0.0170838 -0.111171  0.509248
0.0170795 -0.111168   0.50925
0.0170797 -0.111172  0.509252
0.0170775 -0.111174  0.509254
0.0170732 -0.111171  0.509256
0.0170705 -0.111172  0.509258
0.0170684 -0.111174  0.509259
0.0170678 -0.111174  0.509262
0.0170639 -0.111175  0.509263
0.0170618 -0.111178  0.509265
0.0170607 -0.111178  0.509267
0.0170578 -0.111179  0.509269
0.0170559 -0.111181  0.509271
0.0170552 -0.111182  0.509273
0.0170525 -0.111184  0.509275
0.0170506 -0.111186  0.509276
0.0170497 -0.111187  0.509278
0.0170471 -0.111188   0.50928
0.0170454 -0.111191  0.509282
0.0170446 -0.111191  0.509284
 0.017042 -0.111193  0.509285
0.0170403 -0.111195  0.509287
0.0170396 -0.111196  0.509289
 0.017037 -0.111198  0.509291
0.0170355 -0.111201  0.509292
0.0170378 -0.111205  0.509294
0.0170353 -0.111206  0.509296
0.0170335 -0.111208  0.509297
0.0170328 -0.111209  0.509299
0.0170301  -0.11121  0.509301
0.0170283 -0.111212  0.509302
0.0170273 -0.111212  0.509304
0.0170237 -0.111213  0.509306
0.0170226 -0.111215  0.509307
0.0170215 -0.111215  0.509309
0.0170186 -0.111215  0.509311
0.0170166 -0.111216  0.509312
0.0170154 -0.111216  0.509314
0.0170124 -0.111216  0.509315
0.0170102 -0.111218  0.509317
0.0170085 -0.111218  0.509318
0.0170054  -0.11122   0.50932
0.0170032 -0.111221  0.509321
0.0170013  -0.11122  0.509323
 0.016999 -0.111221  0.509324
 0.016997 -0.111222  0.509326
0.0169952 -0.111221  0.509328
0.0169931 -0.111222  0.509329
 0.016992 -0.111224   0.50933
0.0169902 -0.111223  0.509332
0.0169877 -0.111223  0.509334
0.0169866 -0.111226  0.509335
0.0169849 -0.111225  0.509337
0.0169825 -0.111225  0.509339
0.0169816 -0.111228  0.509339
  0.01698 -0.111228  0.509341
0.0169776 -0.111228  0.509343
0.0169772 -0.111231  0.509344
0.0169749 -0.111231  0.509346
0.0169736 -0.111232  0.509347
0.0169691  -0.11123  0.509349
 0.016968 -0.111229  0.509351
0.0169698 -0.111233  0.509352
0.0169684 -0.111235  0.509353
 0.016967 -0.111234  0.509355
0.0169657 -0.111236  0.509356
0.0169643 -0.111237  0.509357
0.0169629 -0.111237  0.509359
0.0169615 -0.111238   0.50936
0.0169601 -0.111237  0.509362
0.0169557 -0.111236  0.509363
0.0169573  -0.11124  0.509364
0.0169529 -0.111236  0.509366
0.0169545 -0.111241  0.509367
0.0169522 -0.111241  0.509368
0.0169516 -0.111242  0.509369
0.0169475  -0.11124  0.509371
0.0169448  -0.11124  0.509372
0.0169434 -0.111239  0.509374
0.0169423 -0.111241  0.509375
0.0169438 -0.111245  0.509375
0.0169422 -0.111244  0.509377
0.0169408 -0.111245  0.509378
0.0169395 -0.111247  0.509379
0.0169381 -0.111246   0.50938
0.0169366 -0.111248  0.509381
0.0169353 -0.111249  0.509382
0.0169341 -0.111248  0.509384
0.0169327  -0.11125  0.509385
0.0169313 -0.111251  0.509386
0.0169272 -0.111246  0.509387
0.0169287 -0.111251  0.509388
0.0169282 -0.111253  0.509389
0.0169239 -0.111249   0.50939
0.0169248 -0.111252  0.509391
0.0169212 -0.111251  0.509392
0.0169199 -0.111251  0.509394
0.0169178  -0.11125  0.509395
0.0169172 -0.111253  0.509396
 0.016919 -0.111255  0.509397
0.0169181 -0.111256  0.509398
0.0169164 -0.111251    0.5094
0.0169156 -0.111252  0.509401
 0.016914 -0.111251  0.509402
0.0169131 -0.111252  0.509403
0.0169119 -0.111254  0.509404
0.0169107 -0.111253  0.509405
0.0169094 -0.111254  0.509406
0.0169081 -0.111255  0.509407
 0.016904 -0.111252  0.509408
0.0169027 -0.111253  0.509409
0.0169041 -0.111255   0.50941
0.0169029 -0.111257   0.50941
0.0169012 -0.111257  0.509411
0.0168992 -0.111258  0.509412
0.0168979  -0.11126  0.509413
0.0168974  -0.11126  0.509414
0.0168919 -0.111256  0.509415
0.0168934 -0.111261  0.509415
 0.016893 -0.111261  0.509416
0.0168908 -0.111261  0.509417
0.0168895 -0.111262  0.509418
0.0168883 -0.111263  0.509419
0.0168878 -0.111261   0.50942
0.0168861 -0.111264   0.50942
0.0168852 -0.111264  0.509421
0.0168847 -0.111263  0.509423
0.0168827 -0.111264  0.509423
0.0168816 -0.111269  0.509423
0.0168803  -0.11127  0.509424
0.0168791 -0.111269  0.509425
0.0168779  -0.11127  0.509426
0.0168758  -0.11127  0.509427
0.0168755  -0.11127  0.509427
0.0168734  -0.11127  0.509429
0.0168721 -0.111271  0.509429
0.0168709  -0.11127   0.50943
0.0168697 -0.111271  0.509431
0.0168685 -0.111273  0.509431
0.0168673 -0.111272  0.509433
 0.016866 -0.111273  0.509433
0.0168649 -0.111275  0.509434
0.0168638 -0.111273  0.509435
0.0168626 -0.111275  0.509435
0.0168623 -0.111277  0.509436
0.0168616 -0.111276  0.509437
0.0168607 -0.111277  0.509437
0.0168596 -0.111278  0.509438
0.0168581 -0.111278  0.509439
 0.016857 -0.111278   0.50944
0.0168558 -0.111277  0.509441
0.0168537 -0.111274  0.509442
0.0168533 -0.111271  0.509443
0.0168514 -0.111274  0.509444
0.0168502 -0.111275  0.509444
0.0168498 -0.111272  0.509445
0.0168486 -0.111273  0.509446
0.0168475 -0.111274  0.509446
0.0168463 -0.111272  0.509448
0.0168451 -0.111273  0.509448
 0.016844 -0.111274  0.509449
0.0168427 -0.111273   0.50945
0.0168415 -0.111274   0.50945
0.0168404 -0.111275  0.509451
0.0168393 -0.111274  0.509451
0.0168393 -0.111274  0.509451
0.0168368 -0.111273  0.509453
0.0168357 -0.111282  0.509452
0.0168345 -0.111281  0.509453
0.0168335 -0.111281  0.509453
0.0168324 -0.111283  0.509454
0.0168313 -0.111282  0.509455
0.0168301 -0.111282  0.509455
 0.016829 -0.111281  0.509456
0.0168279 -0.111283  0.509457
0.0168265 -0.111282  0.509458
0.0168256 -0.111282  0.509458
0.0168245 -0.111283  0.509459
0.0168224 -0.111283  0.509459
0.0168212 -0.111282   0.50946
0.0168201 -0.111283  0.509461
0.0168188 -0.111284  0.509461
0.0168178 -0.111283  0.509462
0.0168165 -0.111284  0.509462
0.0168162 -0.111287  0.509463
0.0168151 -0.111285  0.509464
0.0168133 -0.111285  0.509464
0.0168131 -0.111287  0.509464
 0.016812 -0.111286  0.509465
  0.01681 -0.111286  0.509466
0.0168096 -0.111286  0.509467
0.0168076 -0.111283  0.509468
0.0168073 -0.111281  0.509469
0.0168062 -0.111281   0.50947
0.0168052 -0.111283   0.50947
0.0168041 -0.111282  0.509471
0.0168022 -0.111284  0.509471
 0.016802 -0.111284  0.509472
 0.016801 -0.111283  0.509472
0.0168001 -0.111285  0.509473
0.0167989 -0.111284  0.509474
0.0167971 -0.111287  0.509474
0.0167961 -0.111288  0.509474
0.0167959 -0.111286  0.509475
0.0167941 -0.111289  0.509475
0.0167931  -0.11129  0.509476
0.0167929 -0.111288  0.509477
0.0167919 -0.111289  0.509477
 0.016791 -0.111291  0.509477
0.0167901  -0.11129  0.509478
0.0167891 -0.111291  0.509478
0.0167882 -0.111293  0.509479
0.0167872 -0.111292   0.50948
0.0167864 -0.111293   0.50948
0.0167856 -0.111292   0.50948
0.0167839 -0.111296   0.50948
0.0167838 -0.111295  0.509481
0.0167814 -0.111296  0.509482
0.0167809 -0.111297  0.509482
0.0167795 -0.111299  0.509482
0.0167772 -0.111293  0.509483
0.0167782 -0.111297  0.509484
0.0167764   -0.1113  0.509484
0.0167762 -0.111297  0.509485
0.0167739 -0.111302  0.509484
 0.016774 -0.111298  0.509485
 0.016773 -0.111297  0.509486
0.0167721 -0.111298  0.509486
0.0167709 -0.111299  0.509487
  0.01677 -0.111299  0.509487
 0.016769 -0.111299  0.509488
0.0167678 -0.111298  0.509489
0.0167659 -0.111301  0.509488
0.0167649 -0.111302  0.509489
0.0167646 -0.111299   0.50949
0.0167628 -0.111301   0.50949
0.0167618 -0.111302   0.50949
0.0167615 -0.111299  0.509491
0.0167605   -0.1113  0.509492
0.0167595 -0.111301  0.509492
0.0167585   -0.1113  0.509493
0.0167576 -0.111301  0.509493
0.0167565 -0.111301  0.509493
0.0167556 -0.111301  0.509494
0.0167546 -0.111301  0.509494
0.0167535 -0.111299  0.509495
0.0167517 -0.111302  0.509495
0.0167508 -0.111302  0.509495
0.0167505 -0.111299  0.509496
0.0167496   -0.1113  0.509497
0.0167478 -0.111303  0.509497
0.0167477   -0.1113  0.509498
0.0167467   -0.1113  0.509498
0.0167457 -0.111301  0.509498
0.0167448   -0.1113  0.509499
 0.016744 -0.111301  0.509499
0.0167429 -0.111299    0.5095
0.0167411 -0.111302    0.5095
0.0167411 -0.111301    0.5095
0.0167392 -0.111302  0.509501
0.0167383 -0.111303  0.509501
0.0167374 -0.111303  0.509501
0.0167372 -0.111301  0.509503
0.0167372 -0.111301  0.509503
0.0167352 -0.111303  0.509503
0.0167343 -0.111302  0.509504
0.0167329 -0.111306  0.509503
0.0167318 -0.111308  0.509503
0.0167309 -0.111309  0.509503
0.0167308 -0.111309  0.509504
0.0167308 -0.111309  0.509504
0.0167267 -0.111308  0.509505
0.0167282  -0.11131  0.509505
0.0167264 -0.111309  0.509506
0.0167263 -0.111309  0.509506
0.0167253 -0.111311  0.509506
0.0167235  -0.11131  0.509507
0.0167225 -0.111309  0.509508
0.0167216  -0.11131  0.509508
0.0167204 -0.111312  0.509508
0.0167203 -0.111312  0.509508
0.0167187 -0.111311  0.509509
0.0167184 -0.111314  0.509509
0.0167175 -0.111312   0.50951
0.0167158 -0.111311   0.50951
0.0167157 -0.111314   0.50951
0.0167147 -0.111313  0.509511
0.0167129 -0.111312  0.509511
0.0167119 -0.111311  0.509512
0.0167094  -0.11131  0.509512
0.0167104 -0.111306  0.509514
0.0167094 -0.111307  0.509514
0.0167061 -0.111306  0.509514
0.0167076 -0.111307  0.509515
0.0167068 -0.111308  0.509515
0.0167035 -0.111305  0.509516
0.0167052 -0.111315  0.509514
0.0167042 -0.111315  0.509515
0.0167035 -0.111315  0.509515
0.0167026 -0.111317  0.509515
0.0166994 -0.111313  0.509516
   0.0167 -0.111315  0.509516
0.0166992 -0.111314  0.509517
0.0166983 -0.111316  0.509517
0.0166973 -0.111317  0.509517
0.0166943 -0.111313  0.509518
0.0166956 -0.111317  0.509518
0.0166924 -0.111316  0.509518
0.0166948 -0.111319  0.509518
0.016694 -0.11132 0.509518
0.0166921 -0.111315   0.50952
0.0166912 -0.111316   0.50952
0.0166902 -0.111314  0.509521
0.0166903 -0.111314  0.509521
0.0166887 -0.111316  0.509521
0.0166877 -0.111315  0.509522
0.0166877 -0.111314  0.509522
0.0166845 -0.111313  0.509522
0.0166832 -0.111312  0.509523
0.0166827 -0.111314  0.509523
0.0166815 -0.111314  0.509523
0.0166809 -0.111313  0.509524
0.0166807 -0.111315  0.509524
0.0166799 -0.111314  0.509524
0.0166781 -0.111316  0.509524
0.0166773 -0.111317  0.509524
0.0166788 -0.111319  0.509525
0.0166766 -0.111317  0.509525
0.0166751 -0.111319  0.509525
0.0166765 -0.111321  0.509526
0.0166767 -0.111321  0.509526
0.0166759 -0.111327  0.509525
0.0166743 -0.111326  0.509526
0.0166735 -0.111326  0.509526
0.0166728 -0.111327  0.509526
0.0166697 -0.111326  0.509526
0.0166685 -0.111326  0.509527
0.0166685 -0.111326  0.509527
0.0166691 -0.111328  0.509527
0.0166662 -0.111328  0.509527
0.0166651 -0.111323  0.509529
0.0166653 -0.111323  0.509529
0.0166641 -0.111328  0.509528
0.0166636 -0.111322   0.50953
0.0166629 -0.111323   0.50953
0.0166621 -0.111324   0.50953
0.0166614 -0.111322  0.509531
 0.016661 -0.111323  0.509531
0.0166603 -0.111324  0.509531
0.0166587 -0.111324  0.509531
0.0166575 -0.111325  0.509531
0.0166578 -0.111321  0.509532
0.0166576 -0.111329   0.50953
0.0166569 -0.111328  0.509531
0.0166553 -0.111327  0.509532
0.0166568 -0.111328  0.509532
0.0166561 -0.111329  0.509532
0.0166553  -0.11133  0.509532
