9.05991e-06
0.00947094
0.0195289
0.0295889
0.039654
0.0497141
0.0597789
0.069833
0.0798991
0.0899539
0.100011
0.110075
0.12013
0.1302
0.140254
0.150327
0.160383
0.170447
0.180512
0.190568
0.200636
0.210693
0.22075
0.230813
0.240871
0.250939
0.260997
0.271063
0.281144
0.291212
0.301278
0.311357
0.321424
0.331519
0.341577
0.351633
0.36169
0.371747
0.381803
0.391862
0.401928
0.411994
0.422051
0.432111
0.44217
0.452236
0.462302
0.472369
0.482435
0.49249
0.502557
0.512624
0.52269
0.53276
0.542816
0.552883
0.562952
0.573045
0.583099
0.593168
0.603225
0.61328
0.623347
0.63342
0.643488
0.653559
0.663617
0.673682
0.683746
0.693804
0.703861
0.713929
0.723997
0.734065
0.744124
0.754183
0.764249
0.774319
0.784375
0.794441
0.804509
0.814568
0.824643
0.8347
0.844772
0.854838
0.864894
0.874962
0.88502
0.89508
0.905149
0.915206
0.925261
0.935316
0.945377
0.955443
0.965509
0.975575
0.985641
0.995708
1.00578
1.01585
1.02592
1.03598
1.04605
1.0561
1.06616
1.07621
1.08627
1.09632
1.10638
1.11641
1.12647
1.13652
1.14658
1.15664
1.16671
1.17676
1.18683
1.1969
1.20696
1.217
1.22707
1.23714
1.2472
1.25727
1.26733
1.2774
1.28742
1.29749
1.30755
1.3176
1.32767
1.33774
1.34781
1.35787
1.36794
1.37801
1.38806
1.39812
1.40819
1.41826
1.42831
1.43837
1.44844
1.45847
1.46853
1.47863
1.48869
1.49876
1.50883
1.51888
1.52895
1.53902
1.54909
1.55914
1.56923
1.57929
1.58936
1.59943
1.60948
1.61954
1.62959
1.63966
1.64973
1.6598
1.66986
1.67993
1.68998
1.70003
1.71009
1.72015
1.73022
1.74029
1.75035
1.76042
1.77048
1.78053
1.79059
1.80065
1.81071
1.82083
1.8309
1.84096
1.85102
1.86107
1.87113
1.8812
1.89127
1.90134
1.91141
1.92147
1.93153
1.94159
1.95164
1.9617
1.97176
1.98182
1.99195
2.00201
2.01207
2.02213
2.0322
2.04227
2.05234
2.0624
2.07246
2.08252
2.09257
2.10263
2.11268
2.12275
2.13281
2.14287
2.15293
2.16299
2.17305
2.18311
2.19317
2.20323
2.21329
2.22332
2.23337
2.24343
2.25348
2.26355
2.2736
2.28366
2.29372
2.30378
2.31383
2.32389
2.33395
2.34401
2.35406
2.36412
2.37419
2.38424
2.3943
2.40437
2.41442
2.42448
2.43453
2.44459
2.45464
2.46471
2.47477
2.48479
2.49485
2.50491
2.51497
2.52503
2.53509
2.54515
2.55522
2.56528
2.57533
2.5854
2.59546
2.60553
2.61559
2.62565
2.63574
2.6458
2.65586
2.66592
2.67598
2.68603
2.69609
2.70614
2.71617
2.72622
2.73627
2.74634
2.7564
2.76647
2.77652
2.78659
2.79664
2.8067
2.81676
2.82681
2.83686
2.84693
2.85698
2.86705
2.87712
2.88719
2.89725
2.90732
2.91738
2.92744
2.93749
2.94755
2.95761
2.96767
2.97773
2.98779
2.99784
3.0079
3.01797
3.02805
3.03811
3.04816
3.05822
3.06823
3.0783
3.08837
3.09843
3.10849
3.11856
3.12862
3.13868
3.14874
3.15879
3.16885
3.17892
3.18898
3.19905
3.20912
3.21916
3.22921
3.23928
3.24934
3.25941
3.26946
3.27952
3.2896
3.29967
3.30973
3.31978
3.32984
3.33989
3.34996
3.36002
3.37008
3.38014
3.3902
3.40027
3.41035
3.42042
3.43048
3.44055
3.4506
3.46067
3.47073
3.48078
3.49084
3.5009
3.51097
3.52103
3.53108
3.54114
3.55121
3.56127
3.57133
3.58139
3.59144
3.6015
3.61156
3.62161
3.63168
3.64174
3.65179
3.66186
3.67192
3.68198
3.69204
3.70211
3.71216
3.72223
3.73229
3.74234
3.75237
3.76242
3.77248
3.78253
3.79259
3.80265
3.81272
3.82277
3.83283
3.84289
3.85295
3.86301
3.87307
3.88314
3.89321
3.90327
3.91333
3.92338
3.93344
3.94351
3.95356
3.96363
3.97369
3.98375
3.9938
4.00388
4.01393
4.024
4.03407
4.04413
4.05419
4.06424
4.07432
4.08439
4.09445
4.10449
4.11454
4.12461
4.13466
4.14473
4.15481
4.16486
4.17502
4.1851
4.19516
4.20522
4.21528
4.22533
4.23539
4.24545
4.25551
4.26556
4.27562
4.28568
4.29574
4.30579
4.31586
4.32592
4.33603
4.34614
4.3562
4.36626
4.37633
4.38638
4.39644
4.40651
4.41657
4.42663
4.43669
4.44675
4.45681
4.4669
4.47696
4.48702
4.49708
4.50714
4.51719
4.52725
4.53731
4.54736
4.55742
4.56748
4.57753
4.58759
4.59766
4.60771
4.61777
4.62783
4.63788
4.64794
4.65799
4.66808
4.67814
4.68819
4.69826
4.70837
4.71843
4.72849
4.73854
4.7486
4.75865
4.76871
4.77877
4.78882
4.79888
4.80894
4.81899
4.82905
4.83911
4.84917
4.85922
4.86928
4.87933
4.88943
4.89952
4.90959
4.91965
4.9297
4.93991
4.94997
4.96003
4.97008
4.98014
4.9902
5.00025
5.01031
5.02037
5.03043
5.04049
5.05054
5.0606
5.07066
5.08071
5.09077
5.10083
5.11088
5.12094
5.13099
5.14105
5.1511
5.16116
5.17122
5.18127
5.19133
5.20139
5.21145
5.2215
5.23156
5.24162
5.25168
5.26174
5.27179
5.28185
5.29191
5.30197
5.31203
5.32209
5.33214
5.3422
5.35226
5.36231
5.37237
5.38244
5.3925
5.40256
5.41262
5.42267
5.43273
5.44279
5.45284
5.46286
5.47292
5.48299
5.49307
5.50313
5.51319
5.52325
5.53334
5.5434
5.55346
5.56351
5.57357
5.58363
5.59368
5.60374
5.6138
5.62385
5.63391
5.64396
5.65402
5.66407
5.67413
5.68419
5.69424
5.7043
5.71435
5.72441
5.73446
5.74452
5.75458
5.76466
5.77472
5.78478
5.79484
5.80489
5.81495
5.82502
5.83507
5.84514
5.8552
5.86525
5.87531
5.88538
5.89543
5.90549
5.91554
5.9256
5.93566
5.94573
5.95579
5.96585
5.97591
5.98597
5.99605
6.00612
6.01618
6.02624
6.0363
6.04636
6.05641
6.06647
6.07652
6.08659
6.09665
6.10671
6.11676
6.12682
6.13688
6.14694
6.15699
6.16706
6.17711
6.18717
6.19723
6.20725
6.21733
6.22739
6.23745
6.24751
6.25757
6.26763
6.27768
6.28774
6.2978
6.30785
6.31791
6.32797
6.33802
6.34808
6.35812
6.36818
6.37824
6.38829
6.39835
6.40841
6.41846
6.42852
6.43859
6.44866
6.45872
6.46878
6.47886
6.48892
6.49898
6.50904
6.51911
6.52917
6.53923
6.54928
6.55934
6.56943
6.57948
6.58958
6.59963
6.6097
6.61977
6.62983
6.63988
6.64994
6.66
6.67008
6.68014
6.69019
6.70025
6.7103
6.72036
6.73042
6.74047
6.75053
6.76059
6.77064
6.78069
6.79075
6.8008
6.81086
6.82092
6.83096
6.84101
6.85107
6.86112
6.87118
6.88123
6.89129
6.90135
6.9114
6.92146
6.93152
6.94158
6.95164
6.96169
6.97178
6.98183
6.99192
7.00202
7.01207
7.02213
7.03219
7.04224
7.0523
7.06236
7.07241
7.08247
7.09253
7.10259
7.11264
7.1227
7.13276
7.14281
7.15287
7.16293
7.17298
7.18307
7.19313
7.20318
7.21324
7.2233
7.23335
7.24341
7.25347
7.26353
7.27358
7.28364
7.29369
7.30381
7.31397
7.32402
7.33408
7.34414
7.35419
7.36425
7.3743
7.38436
7.39441
7.40445
7.41451
7.42456
7.43462
7.44467
7.45473
7.46479
7.47484
7.48491
7.49496
7.50502
7.51507
7.52513
7.53518
7.54524
7.5553
7.56536
7.57541
7.58547
7.59552
7.60558
7.61564
7.62569
7.63575
7.64581
7.65587
7.66591
7.67599
7.68607
7.69616
7.70623
7.71644
7.72651
7.73656
7.74662
7.75667
7.76673
7.77678
7.78684
7.7969
7.80696
7.81709
7.82714
7.8372
7.84726
7.85732
7.86737
7.87743
7.88748
