 0.016616 -0.105447  0.508579
0.0166139 -0.105445  0.508578
0.0166076 -0.105437  0.508576
0.0165971 -0.105425  0.508571
0.0165824 -0.105407  0.508565
0.0165635 -0.105384  0.508557
0.0165405 -0.105356  0.508547
0.0165132 -0.105323  0.508535
0.0164817 -0.105285  0.508522
0.0164461 -0.105242  0.508507
0.0164062 -0.105194  0.508489
0.0163622 -0.105141  0.508471
0.0163139 -0.105083   0.50845
0.0162615  -0.10502  0.508428
0.0162049 -0.104952  0.508403
0.0161441 -0.104878  0.508377
0.016079  -0.1048  0.50835
0.0160098 -0.104716   0.50832
0.0159364 -0.104628  0.508289
0.0158588 -0.104534  0.508255
 0.015777 -0.104436   0.50822
 0.015691 -0.104332  0.508184
0.0156008 -0.104223  0.508145
0.0155064 -0.104109  0.508105
0.0154077  -0.10399  0.508063
 0.015305 -0.103866  0.508019
0.0151979 -0.103737  0.507973
0.0150868 -0.103603  0.507925
0.0149713 -0.103464  0.507876
0.0148518  -0.10332  0.507825
 0.014728 -0.103171  0.507772
0.0146001 -0.103016  0.507717
0.0144679 -0.102857  0.507661
0.0143316 -0.102693  0.507602
0.0141911 -0.102523  0.507542
0.0140463 -0.102349   0.50748
0.0138973 -0.102169  0.507417
0.0137442 -0.101984  0.507351
0.0135869 -0.101795  0.507284
0.0134254   -0.1016  0.507215
0.0132598   -0.1014  0.507144
0.0130899 -0.101195  0.507071
0.0129157 -0.100985  0.506997
0.0127372  -0.10077  0.506921
0.0125548  -0.10055  0.506843
0.0123682 -0.100325  0.506763
0.0121773 -0.100095  0.506681
 0.0119822 -0.0998596   0.506598
  0.011783 -0.0996194   0.506513
0.0115795 -0.099374  0.506426
 0.0113717 -0.0991234   0.506337
 0.0111597 -0.0988678   0.506246
0.0109435 -0.098607  0.506154
 0.0107232 -0.0983414   0.506059
 0.0104985 -0.0980705   0.505963
 0.0102699 -0.0977948   0.505865
 0.010037 -0.097514  0.505766
0.00979996 -0.0972281   0.505665
0.00955849 -0.0969369   0.505561
0.00931489 -0.0966432   0.505457
0.00907512  -0.096354   0.505355
 0.0088398 -0.0960703   0.505254
0.00860868 -0.0957916   0.505155
0.00838154 -0.0955177   0.505058
0.00815883 -0.0952491   0.504963
0.00794029 -0.0949856   0.504869
0.00772595 -0.0947271   0.504778
0.00751582 -0.0944737   0.504688
 0.0073099 -0.0942254     0.5046
0.00710819 -0.0939822   0.504513
0.00691045 -0.0937437   0.504429
0.00671711 -0.0935106   0.504346
0.00652796 -0.0932825   0.504265
0.00634301 -0.0930595   0.504186
0.00616203 -0.0928412   0.504109
0.00598528 -0.0926281   0.504033
0.00581268   -0.09242   0.503959
0.00564447 -0.0922171   0.503888
0.00564447 -0.0922171   0.503888
 0.0053206 -0.0918266   0.503749
0.00516496 -0.0916389   0.503683
0.00501351 -0.0914563   0.503618
 0.0048663 -0.0912788   0.503555
0.00472325 -0.0911063   0.503494
0.00458427 -0.0909387   0.503434
0.00458427 -0.0909387   0.503434
0.00444962 -0.0907763   0.503377
0.00419286 -0.0904667   0.503267
0.00419286 -0.0904667   0.503267
0.00407081 -0.0903195   0.503215
0.00395279 -0.0901772   0.503164
0.00383899   -0.09004   0.503116
0.00372941 -0.0899078   0.503069
0.00362404 -0.0897808   0.503024
0.00352297 -0.0896589    0.50298
0.00342598 -0.0895419   0.502939
0.00333322 -0.0894301   0.502899
0.00324466 -0.0893233   0.502861
0.00316025 -0.0892215   0.502825
0.00308016 -0.0891249   0.502791
0.00300425 -0.0890334   0.502759
0.00293255 -0.0889469   0.502728
0.00286504 -0.0888655   0.502699
0.00280173 -0.0887892   0.502672
0.00274262 -0.0887179   0.502647
0.00268769 -0.0886516   0.502623
0.00263695 -0.0885905   0.502601
0.00259041 -0.0885343   0.502582
0.00254807 -0.0884833   0.502563
0.00250993 -0.0884373   0.502547
0.00247598 -0.0883963   0.502533
0.00244621 -0.0883604    0.50252
0.00242064 -0.0883296   0.502509
0.00239927 -0.0883038     0.5025
0.00238211 -0.0882831   0.502493
0.00236912 -0.0882675   0.502487
0.00236032 -0.0882569   0.502483
0.00235497 -0.0882504   0.502481
0.00235497 -0.0882504   0.502481
0.00235497 -0.0882504   0.502481
0.00235497 -0.0882504   0.502481
0.00235497 -0.0882504   0.502481
0.00235497 -0.0882504   0.502481
0.00235497 -0.0882504   0.502481
0.00235497 -0.0882504   0.502481
0.00235497 -0.0882504   0.502481
0.00235497 -0.0882504   0.502481
0.00235497 -0.0882504   0.502481
0.00235497 -0.0882504   0.502481
0.00235497 -0.0882504   0.502481
0.00235497 -0.0882504   0.502481
0.00235497 -0.0882504   0.502481
0.00235497 -0.0882504   0.502481
0.00235497 -0.0882504   0.502481
0.00235497 -0.0882504   0.502481
0.00235497 -0.0882504   0.502481
0.00235497 -0.0882504   0.502481
0.00235497 -0.0882504   0.502481
0.00235497 -0.0882504   0.502481
0.00235497 -0.0882504   0.502481
0.00235497 -0.0882504   0.502481
0.00235497 -0.0882504   0.502481
0.00235497 -0.0882504   0.502481
0.00235497 -0.0882504   0.502481
0.00235497 -0.0882504   0.502481
0.00235497 -0.0882504   0.502481
0.00235497 -0.0882504   0.502481
0.00235497 -0.0882504   0.502481
0.00235497 -0.0882504   0.502481
0.00235497 -0.0882504   0.502481
0.00235497 -0.0882504   0.502481
0.00235497 -0.0882504   0.502481
0.00235497 -0.0882504   0.502481
0.00235497 -0.0882504   0.502481
0.00235497 -0.0882504   0.502481
0.00235497 -0.0882504   0.502481
0.00235497 -0.0882504   0.502481
0.00235497 -0.0882504   0.502481
0.00235497 -0.0882504   0.502481
0.00235497 -0.0882504   0.502481
0.00235497 -0.0882504   0.502481
0.00235497 -0.0882504   0.502481
0.00235497 -0.0882504   0.502481
0.00235497 -0.0882504   0.502481
0.00235497 -0.0882504   0.502481
0.00235497 -0.0882504   0.502481
0.00235497 -0.0882504   0.502481
0.00235497 -0.0882504   0.502481
0.00235497 -0.0882504   0.502481
0.00235497 -0.0882504   0.502481
0.00235497 -0.0882504   0.502481
0.00235497 -0.0882504   0.502481
0.00235497 -0.0882504   0.502481
0.00235497 -0.0882504   0.502481
0.00235497 -0.0882504   0.502481
0.00235497 -0.0882504   0.502481
0.00235497 -0.0882504   0.502481
0.00235497 -0.0882504   0.502481
0.00235497 -0.0882504   0.502481
0.00235497 -0.0882504   0.502481
0.00235497 -0.0882504   0.502481
0.00235497 -0.0882504   0.502481
0.00235497 -0.0882504   0.502481
0.00235497 -0.0882504   0.502481
0.00235497 -0.0882504   0.502481
0.00235497 -0.0882504   0.502481
0.00235497 -0.0882504   0.502481
0.00235497 -0.0882504   0.502481
0.00235497 -0.0882504   0.502481
0.00235497 -0.0882504   0.502481
0.00235497 -0.0882504   0.502481
0.00235497 -0.0882504   0.502481
0.00235497 -0.0882504   0.502481
0.00235497 -0.0882504   0.502481
0.00235497 -0.0882504   0.502481
0.00235497 -0.0882504   0.502481
0.00235497 -0.0882504   0.502481
0.00235497 -0.0882504   0.502481
0.00235497 -0.0882504   0.502481
0.00235497 -0.0882504   0.502481
0.00235497 -0.0882504   0.502481
0.00235497 -0.0882504   0.502481
0.00235497 -0.0882504   0.502481
0.00235497 -0.0882504   0.502481
0.00235497 -0.0882504   0.502481
0.00235497 -0.0882504   0.502481
0.00235497 -0.0882504   0.502481
0.00235497 -0.0882504   0.502481
0.00235497 -0.0882504   0.502481
0.00235497 -0.0882504   0.502481
0.00235497 -0.0882504   0.502481
0.00235497 -0.0882504   0.502481
0.00235497 -0.0882504   0.502481
0.00235497 -0.0882504   0.502481
0.00235497 -0.0882504   0.502481
0.00235497 -0.0882504   0.502481
0.00235497 -0.0882504   0.502481
0.00235497 -0.0882504   0.502481
0.00235497 -0.0882504   0.502481
0.00235497 -0.0882504   0.502481
0.00235497 -0.0882504   0.502481
0.00235497 -0.0882504   0.502481
0.00235497 -0.0882504   0.502481
0.00235497 -0.0882504   0.502481
0.00235497 -0.0882504   0.502481
0.00235497 -0.0882504   0.502481
0.00235497 -0.0882504   0.502481
0.00235497 -0.0882504   0.502481
0.00235497 -0.0882504   0.502481
0.00235497 -0.0882504   0.502481
0.00235497 -0.0882504   0.502481
0.00235497 -0.0882504   0.502481
0.00235497 -0.0882504   0.502481
0.00235497 -0.0882504   0.502481
0.00235497 -0.0882504   0.502481
0.00235497 -0.0882504   0.502481
0.00235497 -0.0882504   0.502481
0.00235497 -0.0882504   0.502481
0.00235497 -0.0882504   0.502481
0.00235497 -0.0882504   0.502481
0.00235497 -0.0882504   0.502481
0.00235497 -0.0882504   0.502481
0.00235497 -0.0882504   0.502481
0.00235497 -0.0882504   0.502481
0.00235497 -0.0882504   0.502481
0.00235497 -0.0882504   0.502481
0.00235497 -0.0882504   0.502481
0.00235497 -0.0882504   0.502481
0.00235497 -0.0882504   0.502481
0.00235497 -0.0882504   0.502481
0.00235497 -0.0882504   0.502481
0.00235497 -0.0882504   0.502481
0.00235497 -0.0882504   0.502481
0.00235497 -0.0882504   0.502481
0.00235497 -0.0882504   0.502481
0.00235497 -0.0882504   0.502481
0.00235497 -0.0882504   0.502481
0.00235497 -0.0882504   0.502481
0.00235497 -0.0882504   0.502481
0.00235497 -0.0882504   0.502481
0.00235497 -0.0882504   0.502481
0.00235497 -0.0882504   0.502481
0.00235497 -0.0882504   0.502481
0.00235497 -0.0882504   0.502481
0.00235497 -0.0882504   0.502481
0.00235497 -0.0882504   0.502481
0.00235497 -0.0882504   0.502481
0.00235497 -0.0882504   0.502481
0.00235497 -0.0882504   0.502481
0.00235497 -0.0882504   0.502481
0.00235497 -0.0882504   0.502481
0.00235497 -0.0882504   0.502481
0.00235497 -0.0882504   0.502481
0.00235497 -0.0882504   0.502481
0.00235497 -0.0882504   0.502481
0.00235497 -0.0882504   0.502481
0.00235497 -0.0882504   0.502481
0.00235497 -0.0882504   0.502481
0.00235497 -0.0882504   0.502481
0.00235497 -0.0882504   0.502481
0.00235497 -0.0882504   0.502481
0.00235497 -0.0882504   0.502481
0.00235497 -0.0882504   0.502481
0.00235497 -0.0882504   0.502481
0.00235497 -0.0882504   0.502481
0.00235497 -0.0882504   0.502481
0.00235497 -0.0882504   0.502481
0.00235497 -0.0882504   0.502481
0.00235497 -0.0882504   0.502481
0.00235497 -0.0882504   0.502481
0.00235497 -0.0882504   0.502481
0.00235497 -0.0882504   0.502481
0.00235497 -0.0882504   0.502481
0.00235497 -0.0882504   0.502481
0.00235497 -0.0882504   0.502481
0.00235497 -0.0882504   0.502481
0.00235497 -0.0882504   0.502481
0.00235497 -0.0882504   0.502481
0.00235497 -0.0882504   0.502481
0.00235497 -0.0882504   0.502481
0.00235497 -0.0882504   0.502481
0.00235497 -0.0882504   0.502481
0.00235497 -0.0882504   0.502481
0.00235497 -0.0882504   0.502481
0.00235497 -0.0882504   0.502481
0.00235497 -0.0882504   0.502481
0.00235497 -0.0882504   0.502481
0.00235497 -0.0882504   0.502481
0.00235497 -0.0882504   0.502481
0.00235497 -0.0882504   0.502481
0.00235497 -0.0882504   0.502481
0.00235497 -0.0882504   0.502481
0.00235497 -0.0882504   0.502481
0.00235497 -0.0882504   0.502481
0.00235497 -0.0882504   0.502481
0.00235497 -0.0882504   0.502481
0.00235497 -0.0882504   0.502481
0.00235497 -0.0882504   0.502481
0.00235497 -0.0882504   0.502481
0.00235497 -0.0882504   0.502481
0.00235497 -0.0882504   0.502481
0.00235497 -0.0882504   0.502481
0.00235497 -0.0882504   0.502481
0.00235497 -0.0882504   0.502481
0.00235497 -0.0882504   0.502481
0.00235497 -0.0882504   0.502481
0.00235497 -0.0882504   0.502481
0.00235497 -0.0882504   0.502481
0.00235497 -0.0882504   0.502481
0.00235497 -0.0882504   0.502481
0.00235497 -0.0882504   0.502481
0.00235497 -0.0882504   0.502481
0.00235497 -0.0882504   0.502481
0.00235497 -0.0882504   0.502481
0.00235497 -0.0882504   0.502481
0.00235497 -0.0882504   0.502481
0.00235497 -0.0882504   0.502481
0.00235497 -0.0882504   0.502481
0.00235497 -0.0882504   0.502481
0.00235497 -0.0882504   0.502481
0.00235497 -0.0882504   0.502481
0.00235497 -0.0882504   0.502481
0.00235497 -0.0882504   0.502481
0.00235497 -0.0882504   0.502481
0.00235497 -0.0882504   0.502481
0.00235497 -0.0882504   0.502481
0.00235497 -0.0882504   0.502481
0.00235497 -0.0882504   0.502481
0.00235497 -0.0882504   0.502481
0.00235497 -0.0882504   0.502481
0.00235497 -0.0882504   0.502481
0.00235497 -0.0882504   0.502481
0.00235497 -0.0882504   0.502481
0.00235497 -0.0882504   0.502481
0.00235497 -0.0882504   0.502481
0.00235497 -0.0882504   0.502481
0.00235497 -0.0882504   0.502481
0.00235497 -0.0882504   0.502481
0.00235497 -0.0882504   0.502481
0.00235497 -0.0882504   0.502481
0.00235497 -0.0882504   0.502481
0.00235497 -0.0882504   0.502481
0.00235497 -0.0882504   0.502481
0.00235497 -0.0882504   0.502481
0.00235497 -0.0882504   0.502481
0.00235497 -0.0882504   0.502481
0.00235497 -0.0882504   0.502481
0.00235497 -0.0882504   0.502481
0.00235497 -0.0882504   0.502481
0.00235497 -0.0882504   0.502481
0.00235497 -0.0882504   0.502481
0.00235497 -0.0882504   0.502481
0.00235497 -0.0882504   0.502481
0.00235497 -0.0882504   0.502481
0.00235497 -0.0882504   0.502481
0.00235497 -0.0882504   0.502481
0.00235497 -0.0882504   0.502481
0.00235497 -0.0882504   0.502481
0.00235497 -0.0882504   0.502481
0.00235497 -0.0882504   0.502481
0.00235497 -0.0882504   0.502481
0.00235497 -0.0882504   0.502481
0.00235497 -0.0882504   0.502481
0.00235497 -0.0882504   0.502481
0.00235497 -0.0882504   0.502481
0.00235497 -0.0882504   0.502481
0.00235497 -0.0882504   0.502481
0.00235497 -0.0882504   0.502481
0.00235497 -0.0882504   0.502481
0.00235497 -0.0882504   0.502481
0.00235497 -0.0882504   0.502481
0.00235497 -0.0882504   0.502481
0.00235497 -0.0882504   0.502481
0.00235497 -0.0882504   0.502481
0.00235497 -0.0882504   0.502481
0.00235497 -0.0882504   0.502481
0.00235497 -0.0882504   0.502481
0.00235497 -0.0882504   0.502481
0.00235497 -0.0882504   0.502481
0.00235497 -0.0882504   0.502481
0.00235497 -0.0882504   0.502481
0.00235497 -0.0882504   0.502481
0.00235497 -0.0882504   0.502481
0.00235497 -0.0882504   0.502481
0.00235497 -0.0882504   0.502481
0.00235497 -0.0882504   0.502481
0.00235497 -0.0882504   0.502481
0.00235497 -0.0882504   0.502481
0.00235497 -0.0882504   0.502481
0.00235497 -0.0882504   0.502481
0.00235497 -0.0882504   0.502481
0.00235497 -0.0882504   0.502481
0.00235497 -0.0882504   0.502481
0.00235497 -0.0882504   0.502481
0.00235497 -0.0882504   0.502481
0.00235497 -0.0882504   0.502481
0.00235497 -0.0882504   0.502481
0.00235497 -0.0882504   0.502481
0.00235497 -0.0882504   0.502481
0.00235497 -0.0882504   0.502481
0.00235497 -0.0882504   0.502481
0.00235497 -0.0882504   0.502481
0.00235497 -0.0882504   0.502481
0.00235497 -0.0882504   0.502481
0.00235497 -0.0882504   0.502481
0.00235497 -0.0882504   0.502481
0.00235497 -0.0882504   0.502481
0.00235497 -0.0882504   0.502481
0.00235497 -0.0882504   0.502481
0.00235497 -0.0882504   0.502481
0.00235497 -0.0882504   0.502481
0.00235497 -0.0882504   0.502481
0.00235497 -0.0882504   0.502481
0.00235497 -0.0882504   0.502481
0.00235497 -0.0882504   0.502481
0.00235497 -0.0882504   0.502481
0.00235497 -0.0882504   0.502481
0.00235497 -0.0882504   0.502481
0.00235497 -0.0882504   0.502481
0.00235497 -0.0882504   0.502481
0.00235497 -0.0882504   0.502481
0.00235497 -0.0882504   0.502481
0.00235497 -0.0882504   0.502481
0.00235497 -0.0882504   0.502481
0.00235497 -0.0882504   0.502481
0.00235497 -0.0882504   0.502481
0.00235497 -0.0882504   0.502481
0.00235497 -0.0882504   0.502481
0.00235497 -0.0882504   0.502481
0.00235497 -0.0882504   0.502481
0.00235497 -0.0882504   0.502481
0.00235497 -0.0882504   0.502481
0.00235497 -0.0882504   0.502481
0.00235497 -0.0882504   0.502481
0.00235497 -0.0882504   0.502481
0.00235497 -0.0882504   0.502481
0.00235497 -0.0882504   0.502481
0.00235497 -0.0882504   0.502481
0.00235497 -0.0882504   0.502481
0.00235497 -0.0882504   0.502481
0.00235497 -0.0882504   0.502481
0.00235497 -0.0882504   0.502481
0.00235497 -0.0882504   0.502481
0.00235497 -0.0882504   0.502481
0.00235497 -0.0882504   0.502481
0.00235497 -0.0882504   0.502481
0.00235497 -0.0882504   0.502481
0.00235497 -0.0882504   0.502481
0.00235497 -0.0882504   0.502481
0.00235497 -0.0882504   0.502481
0.00235497 -0.0882504   0.502481
0.00235497 -0.0882504   0.502481
0.00235497 -0.0882504   0.502481
0.00235497 -0.0882504   0.502481
0.00235497 -0.0882504   0.502481
0.00235497 -0.0882504   0.502481
0.00235497 -0.0882504   0.502481
0.00235497 -0.0882504   0.502481
0.00235497 -0.0882504   0.502481
0.00235497 -0.0882504   0.502481
0.00235497 -0.0882504   0.502481
0.00235497 -0.0882504   0.502481
0.00235497 -0.0882504   0.502481
0.00235497 -0.0882504   0.502481
0.00235497 -0.0882504   0.502481
0.00235497 -0.0882504   0.502481
0.00235497 -0.0882504   0.502481
0.00235497 -0.0882504   0.502481
0.00235497 -0.0882504   0.502481
0.00235497 -0.0882504   0.502481
0.00235497 -0.0882504   0.502481
0.00235497 -0.0882504   0.502481
0.00235497 -0.0882504   0.502481
0.00235497 -0.0882504   0.502481
0.00235497 -0.0882504   0.502481
0.00235497 -0.0882504   0.502481
0.00235497 -0.0882504   0.502481
0.00235497 -0.0882504   0.502481
0.00235497 -0.0882504   0.502481
0.00235497 -0.0882504   0.502481
0.00235497 -0.0882504   0.502481
0.00235497 -0.0882504   0.502481
0.00235497 -0.0882504   0.502481
0.00235497 -0.0882504   0.502481
0.00235497 -0.0882504   0.502481
0.00235497 -0.0882504   0.502481
0.00235497 -0.0882504   0.502481
0.00235497 -0.0882504   0.502481
0.00235497 -0.0882504   0.502481
0.00235497 -0.0882504   0.502481
0.00235497 -0.0882504   0.502481
0.00235497 -0.0882504   0.502481
0.00235497 -0.0882504   0.502481
0.00235497 -0.0882504   0.502481
0.00235497 -0.0882504   0.502481
0.00235497 -0.0882504   0.502481
0.00235497 -0.0882504   0.502481
0.00235497 -0.0882504   0.502481
0.00235497 -0.0882504   0.502481
0.00235497 -0.0882504   0.502481
0.00235497 -0.0882504   0.502481
0.00235497 -0.0882504   0.502481
0.00235497 -0.0882504   0.502481
0.00235497 -0.0882504   0.502481
0.00235497 -0.0882504   0.502481
0.00235497 -0.0882504   0.502481
0.00235497 -0.0882504   0.502481
0.00235497 -0.0882504   0.502481
0.00235497 -0.0882504   0.502481
0.00235497 -0.0882504   0.502481
0.00235497 -0.0882504   0.502481
0.00235497 -0.0882504   0.502481
0.00235497 -0.0882504   0.502481
0.00235497 -0.0882504   0.502481
0.00235497 -0.0882504   0.502481
0.00235497 -0.0882504   0.502481
0.00235497 -0.0882504   0.502481
0.00235497 -0.0882504   0.502481
0.00235497 -0.0882504   0.502481
0.00235497 -0.0882504   0.502481
0.00235497 -0.0882504   0.502481
0.00235497 -0.0882504   0.502481
0.00235497 -0.0882504   0.502481
0.00235497 -0.0882504   0.502481
0.00235497 -0.0882504   0.502481
0.00235497 -0.0882504   0.502481
0.00235497 -0.0882504   0.502481
0.00235497 -0.0882504   0.502481
0.00235497 -0.0882504   0.502481
0.00235497 -0.0882504   0.502481
0.00235497 -0.0882504   0.502481
0.00235497 -0.0882504   0.502481
0.00235497 -0.0882504   0.502481
0.00235497 -0.0882504   0.502481
0.00235497 -0.0882504   0.502481
0.00235497 -0.0882504   0.502481
0.00235497 -0.0882504   0.502481
0.00235497 -0.0882504   0.502481
0.00235497 -0.0882504   0.502481
0.00235497 -0.0882504   0.502481
0.00235497 -0.0882504   0.502481
0.00235497 -0.0882504   0.502481
0.00235497 -0.0882504   0.502481
0.00235497 -0.0882504   0.502481
0.00235497 -0.0882504   0.502481
0.00235497 -0.0882504   0.502481
0.00235497 -0.0882504   0.502481
0.00235497 -0.0882504   0.502481
0.00235497 -0.0882504   0.502481
0.00235497 -0.0882504   0.502481
0.00235497 -0.0882504   0.502481
0.00235497 -0.0882504   0.502481
0.00235497 -0.0882504   0.502481
0.00235497 -0.0882504   0.502481
0.00235497 -0.0882504   0.502481
0.00235497 -0.0882504   0.502481
0.00235497 -0.0882504   0.502481
0.00235497 -0.0882504   0.502481
0.00235497 -0.0882504   0.502481
0.00235497 -0.0882504   0.502481
0.00235497 -0.0882504   0.502481
0.00235497 -0.0882504   0.502481
0.00235497 -0.0882504   0.502481
0.00235497 -0.0882504   0.502481
0.00235497 -0.0882504   0.502481
0.00235497 -0.0882504   0.502481
0.00235497 -0.0882504   0.502481
0.00235497 -0.0882504   0.502481
0.00235497 -0.0882504   0.502481
0.00235497 -0.0882504   0.502481
0.00235497 -0.0882504   0.502481
0.00235497 -0.0882504   0.502481
0.00235497 -0.0882504   0.502481
0.00235497 -0.0882504   0.502481
0.00235497 -0.0882504   0.502481
0.00235497 -0.0882504   0.502481
0.00235497 -0.0882504   0.502481
0.00235497 -0.0882504   0.502481
0.00235497 -0.0882504   0.502481
0.00235497 -0.0882504   0.502481
0.00235497 -0.0882504   0.502481
0.00235497 -0.0882504   0.502481
0.00235497 -0.0882504   0.502481
0.00235497 -0.0882504   0.502481
0.00235497 -0.0882504   0.502481
0.00235497 -0.0882504   0.502481
0.00235497 -0.0882504   0.502481
0.00235497 -0.0882504   0.502481
0.00235497 -0.0882504   0.502481
0.00235497 -0.0882504   0.502481
0.00235497 -0.0882504   0.502481
0.00235497 -0.0882504   0.502481
0.00235497 -0.0882504   0.502481
0.00235497 -0.0882504   0.502481
0.00235497 -0.0882504   0.502481
0.00235497 -0.0882504   0.502481
0.00235497 -0.0882504   0.502481
0.00235497 -0.0882504   0.502481
0.00235497 -0.0882504   0.502481
0.00235497 -0.0882504   0.502481
0.00235497 -0.0882504   0.502481
0.00235497 -0.0882504   0.502481
0.00235497 -0.0882504   0.502481
0.00235497 -0.0882504   0.502481
0.00235497 -0.0882504   0.502481
0.00235497 -0.0882504   0.502481
0.00235497 -0.0882504   0.502481
0.00235497 -0.0882504   0.502481
0.00235497 -0.0882504   0.502481
0.00235497 -0.0882504   0.502481
0.00235497 -0.0882504   0.502481
0.00235497 -0.0882504   0.502481
0.00235497 -0.0882504   0.502481
0.00235497 -0.0882504   0.502481
0.00235497 -0.0882504   0.502481
0.00235497 -0.0882504   0.502481
0.00235497 -0.0882504   0.502481
0.00235497 -0.0882504   0.502481
0.00235497 -0.0882504   0.502481
0.00235497 -0.0882504   0.502481
0.00235497 -0.0882504   0.502481
0.00235497 -0.0882504   0.502481
0.00235497 -0.0882504   0.502481
0.00235497 -0.0882504   0.502481
0.00235497 -0.0882504   0.502481
0.00235497 -0.0882504   0.502481
0.00235497 -0.0882504   0.502481
0.00235497 -0.0882504   0.502481
0.00235497 -0.0882504   0.502481
0.00235497 -0.0882504   0.502481
0.00235497 -0.0882504   0.502481
0.00235497 -0.0882504   0.502481
0.00235497 -0.0882504   0.502481
0.00235497 -0.0882504   0.502481
0.00235497 -0.0882504   0.502481
0.00235497 -0.0882504   0.502481
0.00235497 -0.0882504   0.502481
0.00235497 -0.0882504   0.502481
0.00235497 -0.0882504   0.502481
0.00235497 -0.0882504   0.502481
0.00235497 -0.0882504   0.502481
0.00235497 -0.0882504   0.502481
0.00235497 -0.0882504   0.502481
0.00235497 -0.0882504   0.502481
0.00235497 -0.0882504   0.502481
0.00235497 -0.0882504   0.502481
0.00235497 -0.0882504   0.502481
0.00235497 -0.0882504   0.502481
0.00235497 -0.0882504   0.502481
0.00235497 -0.0882504   0.502481
0.00235497 -0.0882504   0.502481
0.00235497 -0.0882504   0.502481
0.00235497 -0.0882504   0.502481
0.00235497 -0.0882504   0.502481
0.00235497 -0.0882504   0.502481
0.00235497 -0.0882504   0.502481
0.00235497 -0.0882504   0.502481
0.00235497 -0.0882504   0.502481
0.00235497 -0.0882504   0.502481
0.00235497 -0.0882504   0.502481
0.00235497 -0.0882504   0.502481
0.00235497 -0.0882504   0.502481
0.00235497 -0.0882504   0.502481
0.00235497 -0.0882504   0.502481
0.00235497 -0.0882504   0.502481
0.00235497 -0.0882504   0.502481
0.00235497 -0.0882504   0.502481
0.00235497 -0.0882504   0.502481
0.00235497 -0.0882504   0.502481
0.00235497 -0.0882504   0.502481
0.00235497 -0.0882504   0.502481
0.00235497 -0.0882504   0.502481
0.00235497 -0.0882504   0.502481
0.00235497 -0.0882504   0.502481
0.00235497 -0.0882504   0.502481
0.00235497 -0.0882504   0.502481
0.00235497 -0.0882504   0.502481
0.00235497 -0.0882504   0.502481
0.00235497 -0.0882504   0.502481
0.00235497 -0.0882504   0.502481
0.00235497 -0.0882504   0.502481
0.00235497 -0.0882504   0.502481
0.00235497 -0.0882504   0.502481
0.00235497 -0.0882504   0.502481
0.00235497 -0.0882504   0.502481
0.00235497 -0.0882504   0.502481
0.00235497 -0.0882504   0.502481
0.00235497 -0.0882504   0.502481
0.00235497 -0.0882504   0.502481
0.00235497 -0.0882504   0.502481
0.00235497 -0.0882504   0.502481
0.00235497 -0.0882504   0.502481
0.00235497 -0.0882504   0.502481
0.00235497 -0.0882504   0.502481
0.00235497 -0.0882504   0.502481
0.00235497 -0.0882504   0.502481
0.00235497 -0.0882504   0.502481
0.00235497 -0.0882504   0.502481
0.00235497 -0.0882504   0.502481
0.00235497 -0.0882504   0.502481
0.00235497 -0.0882504   0.502481
0.00235497 -0.0882504   0.502481
0.00235497 -0.0882504   0.502481
0.00235497 -0.0882504   0.502481
0.00235497 -0.0882504   0.502481
0.00235497 -0.0882504   0.502481
0.00235497 -0.0882504   0.502481
0.00235497 -0.0882504   0.502481
0.00235497 -0.0882504   0.502481
0.00235497 -0.0882504   0.502481
0.00235497 -0.0882504   0.502481
0.00235497 -0.0882504   0.502481
0.00235497 -0.0882504   0.502481
0.00235497 -0.0882504   0.502481
0.00235497 -0.0882504   0.502481
0.00235497 -0.0882504   0.502481
0.00235497 -0.0882504   0.502481
0.00235497 -0.0882504   0.502481
0.00235497 -0.0882504   0.502481
0.00235497 -0.0882504   0.502481
0.00235497 -0.0882504   0.502481
0.00235497 -0.0882504   0.502481
0.00235497 -0.0882504   0.502481
0.00235497 -0.0882504   0.502481
0.00235497 -0.0882504   0.502481
0.00235497 -0.0882504   0.502481
0.00235497 -0.0882504   0.502481
0.00235497 -0.0882504   0.502481
0.00235497 -0.0882504   0.502481
0.00235497 -0.0882504   0.502481
0.00235497 -0.0882504   0.502481
0.00235497 -0.0882504   0.502481
0.00235497 -0.0882504   0.502481
0.00235497 -0.0882504   0.502481
0.00235497 -0.0882504   0.502481
0.00235497 -0.0882504   0.502481
0.00235497 -0.0882504   0.502481
0.00235497 -0.0882504   0.502481
0.00235497 -0.0882504   0.502481
0.00235497 -0.0882504   0.502481
0.00235497 -0.0882504   0.502481
0.00235497 -0.0882504   0.502481
0.00235497 -0.0882504   0.502481
0.00235497 -0.0882504   0.502481
0.00235497 -0.0882504   0.502481
0.00235497 -0.0882504   0.502481
0.00235497 -0.0882504   0.502481
0.00235497 -0.0882504   0.502481
0.00235497 -0.0882504   0.502481
0.00235497 -0.0882504   0.502481
0.00235497 -0.0882504   0.502481
0.00235497 -0.0882504   0.502481
0.00235497 -0.0882504   0.502481
0.00235497 -0.0882504   0.502481
0.00235497 -0.0882504   0.502481
0.00235497 -0.0882504   0.502481
0.00235497 -0.0882504   0.502481
0.00235497 -0.0882504   0.502481
0.00235497 -0.0882504   0.502481
0.00235497 -0.0882504   0.502481
0.00235497 -0.0882504   0.502481
0.00235497 -0.0882504   0.502481
0.00235497 -0.0882504   0.502481
0.00235497 -0.0882504   0.502481
0.00235497 -0.0882504   0.502481
0.00235497 -0.0882504   0.502481
0.00235497 -0.0882504   0.502481
0.00235497 -0.0882504   0.502481
0.00235497 -0.0882504   0.502481
0.00235497 -0.0882504   0.502481
