 0.016616 -0.105447  0.508579
0.0166102 -0.105443  0.508579
0.0166022  -0.10544  0.508577
0.0165872 -0.105431  0.508577
0.0165705 -0.105423  0.508577
 0.016578 -0.105423  0.508575
0.0165664 -0.105417  0.508574
0.0165538  -0.10541  0.508572
 0.016541 -0.105405   0.50857
0.0165273   -0.1054  0.508568
0.0165158 -0.105395  0.508566
0.0165044  -0.10539  0.508563
0.0164918 -0.105387  0.508561
0.0164816 -0.105381  0.508559
  0.01647 -0.105379  0.508557
0.0164602 -0.105374  0.508555
0.0164516  -0.10537  0.508554
0.0164417 -0.105366  0.508552
0.0164337 -0.105359  0.508551
0.0164252 -0.105355   0.50855
0.0164159  -0.10535  0.508549
0.0164084 -0.105344  0.508548
0.0163975  -0.10534  0.508546
0.0163885  -0.10533  0.508545
0.0163787 -0.105322  0.508545
0.0163684 -0.105309  0.508544
0.0163571 -0.105296  0.508543
0.0163444 -0.105279  0.508543
0.0163302 -0.105262  0.508542
0.0163142  -0.10524  0.508541
0.0162964 -0.105217   0.50854
0.0162765  -0.10519  0.508539
0.0162544 -0.105159  0.508538
0.0162298 -0.105127  0.508536
0.0162029  -0.10509  0.508535
 0.016173 -0.105052  0.508533
0.0161399 -0.105007   0.50853
0.0161051 -0.104963  0.508528
 0.016066 -0.104911  0.508525
0.0160238 -0.104857  0.508521
0.0159786 -0.104798  0.508518
0.0159301 -0.104737  0.508513
0.0158786  -0.10467  0.508508
0.0158238   -0.1046  0.508503
0.0157658 -0.104527  0.508497
0.0157046 -0.104449  0.508491
0.0156403  -0.10437  0.508484
0.0155729 -0.104285  0.508477
0.0155044   -0.1042  0.508468
0.0154287 -0.104106  0.508461
0.0153543 -0.104013  0.508451
0.0152747 -0.103914  0.508441
0.0151921 -0.103811  0.508432
 0.015093 -0.103684  0.508421
0.0150042 -0.103576  0.508409
0.0149124 -0.103462  0.508398
0.0148178 -0.103346  0.508385
0.0147204 -0.103225  0.508372
0.0146202   -0.1031  0.508359
0.0145172 -0.102974  0.508345
0.0144114 -0.102843   0.50833
0.0143029  -0.10271  0.508315
0.0141916 -0.102572  0.508299
0.0140775 -0.102429  0.508283
0.0139606 -0.102285  0.508265
0.0138409 -0.102136  0.508247
0.0137183 -0.101985  0.508228
0.0135931 -0.101828  0.508209
 0.013464 -0.101669  0.508189
0.0133335 -0.101505  0.508167
0.0131989 -0.101336  0.508146
0.0130606 -0.101165  0.508123
0.0129208 -0.100989  0.508099
0.0127808 -0.100816  0.508075
0.0126354 -0.100632  0.508049
0.012481 -0.10044 0.508021
0.0123316 -0.100249  0.507993
0.0121783 -0.100059  0.507963
 0.0119796 -0.0997985   0.507923
 0.0118708 -0.0996701   0.507902
 0.0117674 -0.0995434   0.507881
 0.0116154 -0.0993501   0.507847
 0.0114342 -0.0991173   0.507811
 0.0112816 -0.0989242   0.507778
 0.0111239 -0.0987256   0.507743
 0.0109699 -0.0985288   0.507706
 0.0108116 -0.0983274    0.50767
 0.0106288 -0.0981002   0.507629
 0.0104708 -0.0978993   0.507592
 0.0103178 -0.0977076   0.507555
 0.0101648 -0.0975121   0.507515
 0.0100086 -0.0973138   0.507476
0.00985337 -0.0971187   0.507437
 0.0096994 -0.0969229   0.507399
0.00954687 -0.0967297   0.507359
0.00937293  -0.096506   0.507317
0.00922413 -0.0963176   0.507278
0.00908122 -0.0961369    0.50724
0.00893913 -0.0959577   0.507199
0.00879544 -0.0957759    0.50716
0.00865376 -0.0955969   0.507121
0.00851422 -0.0954199   0.507082
0.00837691 -0.0952462   0.507044
0.00824174  -0.095077   0.507005
 0.0081087 -0.0949087   0.506967
0.00797768 -0.0947433   0.506929
0.00784874 -0.0945802   0.506891
0.00772187 -0.0944222   0.506853
0.00759703 -0.0942644   0.506816
0.00747419 -0.0941091   0.506779
0.00735354 -0.0939569   0.506742
0.00723503 -0.0938067   0.506705
0.00711867 -0.0936596   0.506669
0.00700452 -0.0935173   0.506632
0.00689253 -0.0933753   0.506596
0.00678274 -0.0932363    0.50656
0.00667517    -0.0931   0.506525
 0.0065698 -0.0929662   0.506489
 0.0064667 -0.0928349   0.506454
0.00636589 -0.0927088   0.506419
0.00626734  -0.092583   0.506385
0.00617135 -0.0924607   0.506351
0.00607754 -0.0923412   0.506317
 0.0059862 -0.0922242   0.506284
0.00589733 -0.0921103   0.506251
0.00581098 -0.0920012   0.506218
 0.0057272 -0.0918931   0.506186
0.00564602 -0.0917883   0.506154
0.00556733 -0.0916871   0.506123
0.00549129  -0.091588   0.506092
0.00541782 -0.0914923   0.506062
0.00534688 -0.0913996   0.506032
0.00527848  -0.091312   0.506002
0.00521252 -0.0912248   0.505974
0.00514912 -0.0911409   0.505945
0.00508799 -0.0910598   0.505917
0.00502923 -0.0909816    0.50589
0.00497291 -0.0909056   0.505863
0.00491863 -0.0908326   0.505837
0.00485739 -0.0907575   0.505807
0.00480764 -0.0906898   0.505781
0.00475989 -0.0906241   0.505755
0.00471401 -0.0905607    0.50573
0.00467006 -0.0905016   0.505705
0.00462783 -0.0904419   0.505681
0.00458737 -0.0903846   0.505656
0.00454989 -0.0903294   0.505631
0.00451262 -0.0902758   0.505607
0.00447686  -0.090224   0.505584
0.00444247 -0.0901734    0.50556
0.00440944 -0.0901244   0.505536
0.00437974 -0.0900804   0.505513
0.00434931 -0.0900339   0.505489
0.00431972 -0.0899888   0.505466
0.00429119  -0.089945   0.505442
0.00426366 -0.0899023   0.505419
0.00423701 -0.0898609   0.505395
0.00421128 -0.0898203   0.505372
0.00418629 -0.0897807   0.505348
0.00416209 -0.0897421   0.505324
0.00413856 -0.0897064     0.5053
0.00411578 -0.0896695   0.505276
0.00409368 -0.0896332   0.505253
0.00407231 -0.0895981   0.505229
0.00405167 -0.0895642   0.505204
0.00403163 -0.0895305    0.50518
  0.004012 -0.0894974   0.505156
0.00399322 -0.0894654   0.505132
0.00397512 -0.0894365   0.505107
0.00395772 -0.0894058   0.505082
 0.003941 -0.089376  0.505058
0.00392531 -0.0893473   0.505033
   0.00391 -0.0893191   0.505009
0.00389544 -0.0892919   0.504984
0.00388154  -0.089265   0.504959
0.00386839 -0.0892389   0.504935
0.00385588 -0.0892134    0.50491
0.00384416  -0.089191   0.504885
0.00383313 -0.0891671   0.504861
0.00382281  -0.089144   0.504836
0.00381321 -0.0891216   0.504812
0.00380428 -0.0891002   0.504787
0.00379608 -0.0890792   0.504763
0.00378851 -0.0890589   0.504738
0.00378164 -0.0890393   0.504714
 0.0037754 -0.0890227    0.50469
 0.0037697 -0.0890043   0.504665
0.00376152 -0.0889792   0.504639
 0.0037569 -0.0889624   0.504615
0.00375288 -0.0889485    0.50459
 0.0037493 -0.0889327   0.504566
0.00374628 -0.0889177   0.504542
0.00374369 -0.0889032   0.504518
0.00374163 -0.0888897   0.504494
0.00374003 -0.0888762    0.50447
0.00373882 -0.0888633   0.504445
0.00373803 -0.0888511   0.504421
0.00373756 -0.0888416   0.504397
0.00373749 -0.0888302   0.504373
 0.0037377 -0.0888192   0.504349
0.00373822 -0.0888088   0.504325
0.00373902  -0.088799   0.504301
0.00374004 -0.0887891   0.504277
 0.0037413 -0.0887796   0.504253
0.00374534 -0.0887706   0.504229
  0.003747 -0.0887641   0.504204
0.00374874 -0.0887554    0.50418
0.00375062 -0.0887471   0.504156
0.00375264 -0.0887389   0.504131
0.00375479 -0.0887312   0.504107
0.00375701 -0.0887234   0.504082
0.00375929 -0.0887158   0.504058
0.00376173 -0.0887109   0.504033
0.00376422 -0.0887034   0.504008
0.00376678 -0.0886962   0.503983
0.00377062 -0.0886895   0.503958
0.00377338 -0.0886829   0.503933
0.00377618  -0.088676   0.503909
0.00377906 -0.0886693   0.503884
0.00378213 -0.0886628   0.503859
0.00378526 -0.0886586   0.503833
0.00378522 -0.0886547   0.503806
0.00378855 -0.0886486   0.503781
 0.0037922 -0.0886448   0.503755
 0.0037959 -0.0886389   0.503731
0.00379982 -0.0886332   0.503706
0.00380401  -0.088628   0.503681
0.00380838 -0.0886223   0.503656
0.00381561 -0.0886168   0.503632
0.00382046  -0.088614   0.503607
 0.0038256 -0.0886087   0.503582
0.00383099 -0.0886037   0.503558
0.00383665  -0.088599   0.503533
0.00384256 -0.0885948   0.503509
0.00384865 -0.0885903   0.503485
0.00385561 -0.0885846   0.503461
0.00386162 -0.0885846   0.503436
0.00386843 -0.0885806   0.503412
0.00387621 -0.0885774   0.503387
0.00388328 -0.0885744   0.503363
0.00389044  -0.088571    0.50334
 0.0038977 -0.0885679   0.503316
0.00390502 -0.0885674   0.503292
0.00391248 -0.0885645   0.503268
0.0039201 -0.088562  0.503245
0.00392777 -0.0885596   0.503221
0.00393304  -0.088554   0.503196
0.00394083 -0.0885519   0.503173
 0.0039487 -0.0885505   0.503149
0.00395666 -0.0885485   0.503126
0.00396467 -0.0885468   0.503103
0.00397529 -0.0885472   0.503079
0.00398343 -0.0885457   0.503056
0.00399168 -0.0885445   0.503033
0.00399996 -0.0885437    0.50301
0.00400833 -0.0885427   0.502988
0.00401676 -0.0885418   0.502965
0.00402525 -0.0885438   0.502942
0.00403371  -0.088543   0.502919
0.00404211 -0.0885424   0.502896
0.00405116 -0.0885431   0.502874
0.00405958 -0.0885426   0.502851
0.00406803 -0.0885423   0.502829
0.00407647 -0.0885444   0.502806
0.00408483 -0.0885441   0.502784
0.00409316 -0.0885442   0.502762
0.00409935 -0.0885494   0.502736
0.00410759 -0.0885492   0.502714
0.00411573 -0.0885496   0.502692
 0.0041243 -0.0885495   0.502671
0.00413241 -0.0885494   0.502649
0.00414256  -0.088551   0.502627
0.00415068 -0.0885508   0.502605
0.00415881 -0.0885507   0.502584
0.00416695 -0.0885509   0.502562
0.00417504 -0.0885507   0.502541
0.0041832 -0.088553  0.502519
0.00419118 -0.0885527   0.502498
0.00419923 -0.0885527   0.502477
0.00420756  -0.088554   0.502456
0.00421556  -0.088554   0.502435
0.00422348 -0.0885566   0.502414
0.00423136 -0.0885564   0.502393
0.00423921 -0.0885565   0.502373
0.00424695  -0.088557   0.502353
0.00425465 -0.0885572   0.502332
0.00426054 -0.0885534   0.502311
0.00426816 -0.0885543   0.502291
0.00427565 -0.0885543   0.502271
0.00428314 -0.0885576    0.50225
0.0042906 -0.088558  0.502231
  0.004298 -0.0885588   0.502211
0.00430531 -0.0885595   0.502192
0.00431269 -0.0885606   0.502172
0.00431996  -0.088564   0.502153
0.00432762 -0.0885652   0.502134
0.00433434  -0.088566   0.502115
0.00434185 -0.0885678   0.502097
 0.0043489 -0.0885691   0.502078
0.00435591 -0.0885732   0.502059
0.00436282 -0.0885746   0.502041
0.00436962 -0.0885762   0.502023
0.00437638 -0.0885782   0.502005
0.00438463 -0.0885788   0.501987
0.00439111  -0.088583   0.501969
0.00439735 -0.0885862   0.501951
0.00440356 -0.0885885   0.501934
0.00440973 -0.0885903   0.501916
0.00441572 -0.0885921   0.501899
0.00442158 -0.0885964   0.501881
0.00442733 -0.0885982   0.501864
0.00443292 -0.0886004   0.501847
 0.0044384 -0.0886021   0.501831
0.00444374 -0.0886038   0.501814
0.00444903 -0.0886081   0.501797
0.00445418 -0.0886099   0.501781
0.00445921 -0.0886119   0.501764
0.00446425 -0.0886138   0.501748
0.00446805 -0.0886201   0.501729
0.00447241 -0.0886214   0.501713
0.00447826 -0.0886208     0.5017
0.00448154 -0.0886269   0.501682
0.00448725 -0.0886242   0.501669
0.00449216 -0.0886293   0.501654
0.00449524 -0.0886326   0.501636
0.00449947 -0.0886368    0.50162
0.00450366 -0.0886382   0.501606
0.00450772 -0.0886399   0.501591
0.00451174 -0.0886421   0.501576
0.00451704 -0.0886431   0.501562
0.00452078 -0.0886473   0.501547
0.00452395 -0.0886508   0.501533
0.00452742 -0.0886526   0.501519
0.00452989 -0.0886537   0.501505
0.00452989 -0.0886537   0.501505
0.00453701 -0.0886611   0.501478
0.00453992 -0.0886631   0.501464
0.00454269 -0.0886657   0.501451
0.00454533 -0.0886678   0.501438
0.00454533 -0.0886678   0.501438
0.00454769 -0.0886725   0.501424
0.00455197 -0.0886767   0.501398
0.00455197 -0.0886767   0.501398
0.00455388 -0.0886793   0.501386
0.00455562 -0.0886815   0.501373
0.00454455 -0.0886928    0.50136
0.00455857 -0.0886885   0.501348
0.00458503 -0.0887027   0.501344
0.00456064 -0.0886933   0.501324
 0.0045614 -0.0886955   0.501312
  0.004562 -0.0887002     0.5013
0.00456251 -0.0887024   0.501288
 0.0045628 -0.0887049   0.501276
0.00456299 -0.0887069   0.501265
  0.004563 -0.0887116   0.501253
 0.0045629 -0.0887136   0.501242
0.00456262 -0.0887156   0.501231
0.00456232 -0.0887181    0.50122
0.00456184   -0.08872    0.50121
 0.004561 -0.088724  0.501198
0.00456025 -0.0887257   0.501188
0.00455941  -0.088728   0.501178
0.00455847 -0.0887295   0.501167
0.00455747 -0.0887313   0.501157
0.00455631 -0.0887355   0.501147
0.00455511 -0.0887371   0.501137
0.00455384  -0.088739   0.501127
0.00455264  -0.088741   0.501118
0.00455124 -0.0887451   0.501108
0.00454977 -0.0887465   0.501099
0.00454829 -0.0887481    0.50109
0.00454671 -0.0887499    0.50108
0.00454511 -0.0887514   0.501072
0.00454348 -0.0887554   0.501062
0.00454178 -0.0887568   0.501054
 0.0045401 -0.0887587   0.501045
0.00453831   -0.08876   0.501037
0.00453619 -0.0887584   0.501028
0.00453433 -0.0887596    0.50102
0.00453242 -0.0887611   0.501011
0.00453053 -0.0887651   0.501003
0.00452853 -0.0887665   0.500995
0.00452655 -0.0887683   0.500987
0.00452444 -0.0887698    0.50098
0.00452234  -0.088774   0.500972
0.00452019 -0.0887755   0.500964
0.00451795 -0.0887772   0.500957
0.00451569 -0.0887791    0.50095
 0.0045133 -0.0887809   0.500943
0.00451103 -0.0887854   0.500936
0.00450838 -0.0887867   0.500929
0.00450597 -0.0887891   0.500922
 0.0045034 -0.0887909   0.500915
0.00450072 -0.0887952   0.500908
0.00449803 -0.0887967   0.500902
0.00449522 -0.0887984   0.500895
0.00449241 -0.0888004   0.500889
0.00448951  -0.088802   0.500883
0.00448661  -0.088806   0.500876
0.00448421 -0.0888073    0.50087
0.00448025 -0.0888148   0.500862
0.00447725 -0.0888161   0.500856
0.00447413 -0.0888176    0.50085
0.00447106 -0.0888192   0.500844
0.00446797 -0.0888204   0.500838
0.00446485 -0.0888242   0.500832
0.00446174 -0.0888253   0.500827
0.00445857 -0.0888267   0.500821
0.00445542 -0.0888277   0.500815
0.00445227 -0.0888313    0.50081
0.00444912  -0.088832   0.500804
0.00444599 -0.0888329   0.500799
0.00444294 -0.0888344   0.500794
0.00443983 -0.0888352   0.500789
0.00443654 -0.0888381   0.500783
0.00443341 -0.0888388   0.500778
0.00442722 -0.0888405   0.500769
0.00442722 -0.0888405   0.500769
0.00442313  -0.088838   0.500763
0.00442102 -0.0888442   0.500759
0.00441793 -0.0888449   0.500754
0.00441483 -0.0888458   0.500749
0.00441172 -0.0888464   0.500745
0.00440866 -0.0888497    0.50074
0.00440555 -0.0888502   0.500735
0.00439949 -0.0888523   0.500727
0.00439949 -0.0888523   0.500727
0.00439665 -0.0888527   0.500722
0.00439332 -0.0888562   0.500718
0.00439022 -0.0888569   0.500713
0.00438717 -0.0888581   0.500709
0.00438093 -0.0888621     0.5007
0.00437778 -0.0888626   0.500696
0.00437376 -0.0888575   0.500693
0.00437376 -0.0888575   0.500693
0.00436815 -0.0888647   0.500684
0.00436815 -0.0888647   0.500684
0.00436191 -0.0888611   0.500676
0.00435868 -0.0888642   0.500672
0.00435559  -0.088865   0.500668
0.00435242 -0.0888657   0.500665
 0.0043493 -0.0888668   0.500661
0.00434611 -0.0888675   0.500658
0.00434298  -0.088871   0.500654
0.00433983 -0.0888717    0.50065
0.00433665 -0.0888728   0.500646
0.00433356 -0.0888735   0.500643
0.00433044 -0.0888744    0.50064
0.00432665 -0.0888801   0.500637
0.00432356  -0.088881   0.500633
0.00432061 -0.0888823    0.50063
 0.0043176 -0.0888831   0.500627
0.00431461 -0.0888842   0.500624
0.00431165 -0.0888876    0.50062
0.00430892 -0.0888889   0.500617
0.00430597 -0.0888901   0.500614
0.00430308 -0.0888908   0.500611
0.00430026 -0.0888943   0.500607
0.00429747 -0.0888949   0.500604
0.00429466 -0.0888956   0.500601
0.00429193 -0.0888965   0.500598
0.00428914  -0.088897   0.500595
0.00428642 -0.0889002   0.500592
 0.0042837 -0.0889005   0.500589
0.00428098 -0.0889014   0.500586
0.00427832 -0.0889016   0.500583
0.00427557  -0.088902    0.50058
0.00427311 -0.0889057   0.500576
0.00427037 -0.0889059   0.500573
0.00426743 -0.0889056   0.500571
  0.004265 -0.0889089   0.500567
0.00426204  -0.088906   0.500565
0.00425964 -0.0889095   0.500561
0.00425692 -0.0889097   0.500558
0.00425422 -0.0889123   0.500555
0.00425153 -0.0889124   0.500552
0.00424885 -0.0889131    0.50055
0.00424618  -0.088913   0.500547
0.00424348  -0.088913   0.500544
 0.0042408 -0.0889156   0.500542
0.00423818 -0.0889159   0.500539
0.00423552 -0.0889164   0.500536
0.00423286 -0.0889164   0.500534
0.00422936 -0.0889208   0.500531
0.00422675 -0.0889207   0.500529
0.00422411 -0.0889207   0.500526
0.00422176 -0.0889214   0.500524
0.00421898  -0.088921   0.500521
0.00421667 -0.0889239   0.500518
0.00421419 -0.0889238   0.500516
 0.0042117 -0.0889237   0.500514
0.00420931 -0.0889241   0.500511
0.00420686  -0.088924   0.500509
0.00420448 -0.0889265   0.500506
0.00420214 -0.0889264   0.500504
0.00419977 -0.0889266   0.500502
0.00419748 -0.0889268   0.500499
0.00419513 -0.0889268   0.500497
0.00419284 -0.0889293   0.500494
0.00419057 -0.0889294   0.500492
0.00418834   -0.08893    0.50049
0.00418612 -0.0889298   0.500488
0.00418386 -0.0889298   0.500485
0.00418169 -0.0889324   0.500483
0.00417943 -0.0889324   0.500481
0.00417725 -0.0889329   0.500478
0.00417508 -0.0889328   0.500476
0.00417294 -0.0889358   0.500474
0.00417118  -0.088928   0.500472
0.00416897 -0.0889281    0.50047
0.00416678 -0.0889307   0.500467
 0.0041646 -0.0889307   0.500465
0.00416242 -0.0889313   0.500463
0.00416027 -0.0889312   0.500461
0.00415806 -0.0889313   0.500459
0.00415568  -0.088934   0.500457
 0.0041537 -0.0889341   0.500455
0.00415127 -0.0889346   0.500453
0.00414848 -0.0889363   0.500451
0.00414631 -0.0889366   0.500449
0.00414418 -0.0889394   0.500446
0.00414202 -0.0889396   0.500445
 0.0041399 -0.0889403   0.500443
 0.0041378 -0.0889405   0.500441
 0.0041357 -0.0889408   0.500439
0.00413365 -0.0889435   0.500437
0.00413177 -0.0889441   0.500435
0.00412978 -0.0889447   0.500433
0.00412773 -0.0889448   0.500431
0.00412577  -0.088945   0.500429
0.00412383 -0.0889476   0.500427
0.00412188 -0.0889477   0.500425
  0.00412 -0.088948  0.500423
0.00411807  -0.088948   0.500422
0.00411622  -0.088948    0.50042
0.00411437 -0.0889505   0.500418
0.00411257 -0.0889506   0.500416
0.00411036 -0.0889557   0.500413
0.00410852 -0.0889555   0.500411
0.00410676 -0.0889554    0.50041
0.00410496 -0.0889555   0.500408
 0.0041032 -0.0889553   0.500406
0.00410144 -0.0889575   0.500404
0.00409968 -0.0889572   0.500402
0.00409795  -0.088957   0.500401
 0.0040962 -0.0889569   0.500399
0.00409451 -0.0889566   0.500397
0.00409273 -0.0889587   0.500395
0.00409118 -0.0889586   0.500393
0.00408944 -0.0889583   0.500392
0.00408752  -0.088958    0.50039
0.00408577 -0.0889576   0.500388
0.00408416   -0.08896   0.500386
0.00408241 -0.0889596   0.500385
0.00408065 -0.0889592   0.500383
0.00407887 -0.0889592   0.500381
0.00407711 -0.0889588    0.50038
0.00407534 -0.0889609   0.500378
0.00407361 -0.0889605   0.500376
0.00407181 -0.0889601   0.500375
0.00407007 -0.0889601   0.500373
0.00406836 -0.0889599   0.500372
0.00406658 -0.0889621    0.50037
0.00406398 -0.0889631   0.500368
0.00406271 -0.0889554   0.500368
0.00406096 -0.0889575   0.500366
0.00405924 -0.0889571   0.500364
0.00405754 -0.0889571   0.500363
0.00405589 -0.0889567   0.500361
0.00405422 -0.0889564    0.50036
0.00405261 -0.0889587   0.500358
 0.0040511 -0.0889587   0.500356
0.00404951  -0.088959   0.500355
0.00404793 -0.0889586   0.500354
0.00404634 -0.0889584   0.500352
0.00404482 -0.0889609    0.50035
0.00404324 -0.0889607   0.500349
0.00404172 -0.0889607   0.500348
 0.0040402 -0.0889609   0.500346
0.00403869 -0.0889609   0.500345
 0.0040372 -0.0889635   0.500343
 0.0040357 -0.0889633   0.500342
0.00403428 -0.0889634   0.500341
0.00403278 -0.0889637    0.50034
0.00403131 -0.0889637   0.500338
0.00402985 -0.0889664   0.500337
0.00402839 -0.0889662   0.500335
0.00402695 -0.0889665   0.500334
0.00402545 -0.0889668   0.500333
0.00402392 -0.0889665   0.500332
0.00402229 -0.0889662   0.500331
0.00402097 -0.0889689   0.500329
0.00401949 -0.0889688   0.500328
0.00401797 -0.0889691   0.500326
0.00401649 -0.0889689   0.500325
0.00401495 -0.0889687   0.500324
0.00401346 -0.0889713   0.500322
0.00401192 -0.0889708   0.500321
0.00401041 -0.0889711    0.50032
0.00400893 -0.0889707   0.500319
 0.0040074 -0.0889704   0.500318
 0.0040059 -0.0889726   0.500316
0.00400441 -0.0889722   0.500315
0.00400292 -0.0889719   0.500314
0.00400147 -0.0889718   0.500313
0.00399998 -0.0889714   0.500312
0.00399859 -0.0889737    0.50031
0.00399712 -0.0889731   0.500309
0.00399572 -0.0889727   0.500308
0.00399432 -0.0889726   0.500307
0.00399294 -0.0889721   0.500306
 0.0039916 -0.0889718   0.500305
0.00399024  -0.088974   0.500303
0.00398887 -0.0889734   0.500302
0.00398759 -0.0889735   0.500301
0.00398627 -0.0889729     0.5003
0.00398465 -0.0889739   0.500299
 0.0039837 -0.0889746   0.500298
 0.0039825 -0.0889744   0.500297
0.00398085 -0.0889756   0.500296
0.00397996  -0.088974   0.500295
 0.0039782 -0.0889739   0.500294
0.00397662 -0.0889773   0.500292
0.00397539 -0.0889769   0.500291
0.00397415 -0.0889766   0.500291
0.00397298 -0.0889766    0.50029
0.00397172 -0.0889762   0.500289
0.0039705 -0.088976  0.500288
0.00396928 -0.0889781   0.500286
0.00396804 -0.0889778   0.500285
0.00396683 -0.0889779   0.500285
0.00396556 -0.0889776   0.500284
0.00396431 -0.0889774   0.500283
0.00396306 -0.0889797   0.500281
0.00396239 -0.0889808    0.50028
0.00396114 -0.0889832   0.500279
0.00395983 -0.0889828   0.500278
0.00395859 -0.0889826   0.500277
0.00395728 -0.0889829   0.500276
  0.003956 -0.0889824   0.500275
0.00395476 -0.0889821   0.500275
0.00395348 -0.0889842   0.500273
0.00395225 -0.0889838   0.500273
0.00395097 -0.0889834   0.500272
0.00394974 -0.0889832   0.500271
0.00394851 -0.0889827    0.50027
0.00394726 -0.0889849   0.500269
0.00394607 -0.0889841   0.500268
0.00394483 -0.0889835   0.500267
0.00394369 -0.0889834   0.500266
0.00394243 -0.0889825   0.500266
0.00394126 -0.0889818   0.500265
0.00394011 -0.0889836   0.500264
0.00393894 -0.0889829   0.500263
0.00393783 -0.0889823   0.500262
0.00393667 -0.0889819   0.500261
0.00393554 -0.0889811   0.500261
0.00393442 -0.0889831   0.500259
0.00393331 -0.0889823   0.500259
0.00393223 -0.0889816   0.500258
 0.0039311 -0.0889815   0.500257
0.00393005 -0.0889807   0.500257
0.00392891 -0.0889801   0.500256
0.00392782 -0.0889821   0.500255
0.00392673 -0.0889815   0.500254
0.00392562  -0.088981   0.500253
0.00392454 -0.0889809   0.500253
0.00392343 -0.0889803   0.500252
0.00392236   -0.08898   0.500251
0.00392126 -0.0889821    0.50025
0.00392017 -0.0889816    0.50025
0.00391909 -0.0889813   0.500249
0.00391797 -0.0889812   0.500248
0.00391689 -0.0889806   0.500248
0.00391576  -0.088983   0.500247
0.00391453 -0.0889805   0.500246
0.00391367 -0.0889824   0.500245
0.00391255 -0.0889823   0.500245
0.00391064  -0.088983   0.500244
0.00390952 -0.0889826   0.500244
0.00390843 -0.0889847   0.500243
0.00390735 -0.0889843   0.500242
0.00390628 -0.0889839   0.500241
0.00390524 -0.0889838   0.500241
0.00390415 -0.0889833    0.50024
0.00390313 -0.0889855   0.500239
0.00390204 -0.0889848   0.500239
0.00390101 -0.0889843   0.500238
0.00389999 -0.0889843   0.500238
0.00389893 -0.0889834   0.500237
0.00389792 -0.0889828   0.500237
0.00389687 -0.0889847   0.500236
0.00389586  -0.088984   0.500235
0.00389484 -0.0889834   0.500235
0.00389384 -0.0889831   0.500234
0.00389285 -0.0889823   0.500234
0.00389183 -0.0889817   0.500233
0.00389087 -0.0889835   0.500232
0.00388985 -0.0889828   0.500232
0.00388888 -0.0889822   0.500231
 0.0038879 -0.0889819   0.500231
0.00388752 -0.0889764   0.500231
0.00388657 -0.0889763    0.50023
0.00388558 -0.0889755    0.50023
0.00388462 -0.0889749   0.500229
0.00388367  -0.088977   0.500229
0.00388272 -0.0889766   0.500228
0.00388176 -0.0889762   0.500228
0.00388078 -0.0889761   0.500227
0.00387912 -0.0889771   0.500227
0.00387813 -0.0889769   0.500226
0.00387718 -0.0889792   0.500225
0.00387624  -0.088979   0.500225
0.00387529 -0.0889788   0.500225
0.00387437  -0.088979   0.500224
 0.0038734 -0.0889789   0.500224
 0.0038725 -0.0889789   0.500224
0.00387153 -0.0889814   0.500223
0.00387059 -0.0889814   0.500222
0.00386966 -0.0889814   0.500222
 0.0038687 -0.0889817   0.500222
0.00386779 -0.0889817   0.500221
 0.0038668 -0.0889818   0.500221
0.00386646 -0.0889859    0.50022
0.00386552 -0.0889858    0.50022
0.00386459 -0.0889886   0.500219
0.00386367 -0.0889883   0.500219
0.00386271  -0.088988   0.500218
0.00386182 -0.0889886   0.500218
0.00386085 -0.0889881   0.500218
0.00386003  -0.088988   0.500217
0.00385895  -0.088991   0.500216
0.00385703 -0.0889906   0.500216
0.00385653 -0.0889901   0.500216
0.00385562 -0.0889899   0.500215
0.00385474 -0.0889892   0.500215
0.00385384 -0.0889884   0.500215
0.00385299 -0.0889902   0.500214
0.00385215 -0.0889893   0.500213
0.00385129 -0.0889884   0.500213
0.00385049 -0.0889878   0.500213
0.00384962 -0.0889867   0.500212
0.00384942  -0.088981   0.500213
0.00384862 -0.0889802   0.500212
0.00384781 -0.0889791   0.500212
0.00384703 -0.0889781   0.500212
0.00384622 -0.0889796   0.500211
0.00384543 -0.0889785   0.500211
0.00384465 -0.0889775    0.50021
0.00384388  -0.088977    0.50021
0.00384322 -0.0889763    0.50021
0.00384243 -0.0889758   0.500209
0.00384169 -0.0889776   0.500209
0.00384076 -0.0889777   0.500208
0.00383937 -0.0889775   0.500208
0.00383861 -0.0889774   0.500208
0.00383787  -0.088977   0.500207
0.00383714 -0.0889767   0.500207
0.00383638  -0.088979   0.500206
0.00383568 -0.0889787   0.500206
0.00383489 -0.0889786   0.500206
0.00383413 -0.0889788   0.500206
0.00383338 -0.0889787   0.500206
0.00383259 -0.0889787   0.500205
0.00383186 -0.0889812   0.500205
0.00383105 -0.0889811   0.500204
0.00383618 -0.0889679   0.500206
0.00382948 -0.0889814   0.500204
0.00383515 -0.0889719   0.500205
0.00382848 -0.0889854   0.500203
0.00382766 -0.0889857   0.500203
0.00382692 -0.0889857   0.500203
0.00382607 -0.0889857   0.500202
0.00382527 -0.0889882   0.500202
0.00382448 -0.0889881   0.500202
0.00382366  -0.088988   0.500202
0.00382287 -0.0889881   0.500201
0.00382203 -0.0889878   0.500201
0.00382706  -0.088976   0.500203
0.00382637 -0.0889757   0.500202
0.00382559 -0.0889752   0.500202
0.00382484  -0.088975   0.500202
0.00381813 -0.0889893     0.5002
0.00381681 -0.0889889   0.500199
 0.0038219 -0.0889767     0.5002
0.00382119 -0.0889761     0.5002
0.00382049 -0.0889754     0.5002
0.00381982 -0.0889752     0.5002
0.00381917 -0.0889745     0.5002
0.00381852 -0.0889739   0.500199
