0.269514 -0.32831 0.604543
 0.268641 -0.326283  0.608687
0.268643 -0.32628 0.608685
0.268643 -0.32628 0.608685
 0.268663 -0.326259   0.60866
 0.268679 -0.326242  0.608641
 0.268699 -0.326221  0.608617
 0.268724 -0.326195  0.608588
 0.268752 -0.326165  0.608554
0.268785 -0.32613 0.608515
 0.268823 -0.326091  0.608471
 0.268864 -0.326047  0.608421
  0.26891 -0.325999  0.608367
  0.26896 -0.325946  0.608307
 0.269014 -0.325889  0.608243
 0.269073 -0.325827  0.608173
 0.269135 -0.325761  0.608099
 0.269202 -0.325691  0.608019
 0.269273 -0.325616  0.607934
 0.269349 -0.325536  0.607844
 0.269429 -0.325452   0.60775
 0.269513 -0.325364   0.60765
 0.269601 -0.325271  0.607545
 0.269693 -0.325173  0.607435
  0.26979 -0.325071   0.60732
 0.269891 -0.324965    0.6072
 0.269996 -0.324854  0.607074
 0.270106 -0.324739  0.606944
 0.270219 -0.324619  0.606809
 0.270337 -0.324494  0.606668
 0.270459 -0.324366  0.606523
 0.270585 -0.324233  0.606373
 0.270716 -0.324095  0.606218
 0.270851 -0.323953  0.606058
  0.27099 -0.323807  0.605892
 0.271133 -0.323655  0.605722
0.271281  -0.3235 0.605546
0.271433 -0.32334 0.605365
  0.27159 -0.323175  0.605179
  0.27175 -0.323005  0.604988
 0.271915 -0.322831  0.604791
 0.272084 -0.322653   0.60459
 0.272257 -0.322471  0.604384
 0.272435 -0.322284  0.604173
 0.272617 -0.322092  0.603957
 0.272802 -0.321896  0.603736
 0.272993 -0.321696   0.60351
 0.273187 -0.321491  0.603278
 0.273386 -0.321282  0.603042
 0.273589 -0.321067    0.6028
 0.273796 -0.320849  0.602554
 0.274008 -0.320626  0.602302
 0.274223 -0.320399  0.602046
 0.274443 -0.320167  0.601784
 0.274667 -0.319931  0.601517
0.274896 -0.31969 0.601245
 0.275129 -0.319445  0.600969
 0.275366 -0.319195  0.600687
 0.275607 -0.318941    0.6004
 0.275852 -0.318682  0.600108
 0.276102 -0.318419  0.599811
 0.276356 -0.318152  0.599509
0.276614 -0.31788 0.599202
 0.276876 -0.317603  0.598889
 0.277143 -0.317322  0.598572
 0.277414 -0.317036   0.59825
 0.277689 -0.316747  0.597923
 0.277968 -0.316452   0.59759
 0.278252 -0.316153  0.597253
 0.27854 -0.31585  0.59691
 0.278832 -0.315542  0.596563
 0.279129 -0.315229   0.59621
 0.279429 -0.314912  0.595852
 0.279734 -0.314591  0.595489
 0.280043 -0.314265  0.595122
 0.280357 -0.313935  0.594748
0.280675  -0.3136  0.59437
0.280997 -0.31326 0.593987
 0.281323 -0.312917  0.593599
 0.281654 -0.312568  0.593206
 0.281988 -0.312216  0.592808
 0.282327 -0.311858  0.592405
  0.28267 -0.311497  0.591996
 0.283018 -0.311131  0.591583
  0.28337 -0.310759  0.591164
 0.283726 -0.310384  0.590741
 0.284086 -0.310005  0.590312
  0.28445 -0.309621  0.589879
 0.284819 -0.309232   0.58944
 0.285192 -0.308839  0.588996
 0.285569 -0.308442  0.588548
0.285951 -0.30804 0.588094
 0.286336 -0.307633  0.587635
 0.286726 -0.307222  0.587171
  0.28712 -0.306807  0.586702
 0.287519 -0.306387  0.586228
 0.287923 -0.305961  0.585748
  0.28833 -0.305533  0.585264
 0.288742 -0.305098  0.584774
0.289157 -0.30466 0.584279
 0.289577 -0.304218   0.58378
     0.29 -0.303773  0.583277
 0.290422 -0.303327  0.582774
 0.290845 -0.302882  0.582272
 0.291268 -0.302436  0.581769
  0.29169 -0.301991  0.581265
 0.292114 -0.301545  0.580762
 0.292537 -0.301099  0.580259
 0.292959 -0.300653  0.579756
 0.293382 -0.300207  0.579253
 0.293805 -0.299762   0.57875
 0.294227 -0.299317  0.578247
  0.29465 -0.298871  0.577745
 0.295073 -0.298426  0.577242
 0.295495 -0.297981  0.576739
 0.295918 -0.297535  0.576236
 0.29634 -0.29709 0.575734
 0.296763 -0.296645  0.575231
 0.297186 -0.296199  0.574728
 0.297608 -0.295754  0.574225
 0.298031 -0.295308  0.573723
 0.298453 -0.294863   0.57322
 0.298876 -0.294418  0.572717
 0.299299 -0.293972  0.572213
 0.299722 -0.293526  0.571711
 0.300145 -0.293081  0.571208
 0.300567 -0.292636  0.570705
  0.30099 -0.292189  0.570202
 0.301413 -0.291744  0.569699
 0.301836 -0.291299  0.569196
 0.302258 -0.290853  0.568693
 0.302681 -0.290408   0.56819
 0.303104 -0.289962  0.567688
 0.303526 -0.289517  0.567185
 0.303949 -0.289072  0.566682
 0.304372 -0.288626  0.566179
 0.304794 -0.288181  0.565677
 0.305217 -0.287735  0.565174
0.305639 -0.28729 0.564671
 0.306062 -0.286845  0.564168
 0.306485 -0.286399  0.563666
 0.306907 -0.285954  0.563163
  0.30733 -0.285508   0.56266
 0.307752 -0.285063  0.562157
 0.308175 -0.284618  0.561654
 0.308598 -0.284172  0.561152
 0.309021 -0.283726  0.560648
 0.309443 -0.283281  0.560146
 0.309866 -0.282836  0.559643
0.310288 -0.28239  0.55914
 0.310711 -0.281945  0.558637
 0.311134 -0.281499  0.558134
 0.311557 -0.281054  0.557631
 0.311979 -0.280608  0.557129
 0.312402 -0.280163  0.556626
 0.312825 -0.279717  0.556122
 0.313248 -0.279272   0.55562
 0.313671 -0.278826  0.555116
0.314094 -0.27838 0.554613
 0.314516 -0.277935  0.554111
0.314939 -0.27749 0.553608
 0.315361 -0.277044  0.553105
 0.315784 -0.276598  0.552602
 0.316207 -0.276152  0.552098
  0.31663 -0.275707  0.551596
 0.317053 -0.275262  0.551093
 0.317476 -0.274816  0.550589
0.317899 -0.27437 0.550087
 0.318321 -0.273925  0.549584
0.318744 -0.27348 0.549081
 0.319166 -0.273034  0.548579
 0.319589 -0.272589  0.548076
 0.320011 -0.272144  0.547573
 0.320434 -0.271698   0.54707
 0.320857 -0.271253  0.546568
 0.321279 -0.270807  0.546065
 0.321702 -0.270362  0.545562
 0.322124 -0.269917  0.545059
 0.322547 -0.269471  0.544557
 0.322969 -0.269026  0.544054
 0.323392 -0.268581  0.543551
 0.323815 -0.268135  0.543048
0.324237 -0.26769 0.542546
  0.32466 -0.267244  0.542043
 0.325083 -0.266799   0.54154
 0.325506 -0.266353  0.541037
 0.325928 -0.265908  0.540534
 0.326351 -0.265462  0.540031
 0.326774 -0.265017  0.539528
 0.327196 -0.264572  0.539026
 0.327619 -0.264126  0.538523
 0.328041 -0.263681   0.53802
 0.328464 -0.263235  0.537517
0.328887 -0.26279 0.537014
 0.329309 -0.262345  0.536512
 0.329732 -0.261899  0.536009
 0.330154 -0.261454  0.535506
 0.330577 -0.261009  0.535004
    0.331 -0.260563  0.534501
 0.331422 -0.260118  0.533998
 0.331845 -0.259672  0.533495
 0.332267 -0.259227  0.532992
  0.33269 -0.258782   0.53249
 0.333112 -0.258337  0.531988
 0.333534 -0.257892  0.531485
 0.333957 -0.257447  0.530983
 0.334379 -0.257001   0.53048
 0.334802 -0.256556  0.529977
 0.335225 -0.256111  0.529475
 0.335647 -0.255665  0.528972
 0.33607 -0.25522 0.528469
 0.336492 -0.254775  0.527966
 0.336915 -0.254329  0.527464
 0.337337 -0.253884  0.526961
  0.33776 -0.253438  0.526458
 0.338183 -0.252993  0.525955
 0.338605 -0.252548  0.525453
 0.339028 -0.252102  0.524949
 0.339448 -0.251659   0.52445
0.339865 -0.25122 0.523954
 0.340277 -0.250786  0.523464
 0.340684 -0.250357  0.522979
 0.341087 -0.249932    0.5225
 0.341486 -0.249512  0.522026
 0.341881 -0.249095  0.521555
 0.342271 -0.248684  0.521091
 0.342658 -0.248277  0.520631
  0.34304 -0.247874  0.520177
 0.343417 -0.247476  0.519728
  0.34379 -0.247083  0.519284
  0.34416 -0.246694  0.518845
0.344524 -0.24631 0.518411
0.344885 -0.24593 0.517982
 0.345241 -0.245554  0.517558
 0.345593 -0.245183  0.517139
 0.345941 -0.244817  0.516726
 0.346284 -0.244455  0.516317
 0.346624 -0.244097  0.515913
 0.346959 -0.243744  0.515515
  0.34729 -0.243395  0.515121
 0.347616 -0.243051  0.514733
 0.347938 -0.242711  0.514349
 0.348257 -0.242376  0.513971
  0.34857 -0.242046  0.513598
  0.34888 -0.241719  0.513229
 0.349185 -0.241398  0.512866
 0.349485 -0.241082  0.512509
 0.349782 -0.240769  0.512156
 0.350074 -0.240461  0.511808
 0.350363 -0.240157  0.511465
 0.350647 -0.239857  0.511127
 0.350926 -0.239562  0.510794
 0.351202 -0.239272  0.510467
 0.351474 -0.238986  0.510144
 0.351741 -0.238704  0.509826
 0.352004 -0.238427  0.509513
 0.352262 -0.238155  0.509205
 0.352516 -0.237887  0.508903
 0.352767 -0.237623  0.508605
 0.353012 -0.237364  0.508313
0.353254 -0.23711 0.508026
0.353491 -0.23686 0.507743
 0.353724 -0.236614  0.507466
 0.353953 -0.236373  0.507194
 0.354178 -0.236136  0.506926
 0.354398 -0.235904  0.506664
 0.354614 -0.235676  0.506407
 0.354826 -0.235453  0.506155
 0.355034 -0.235234  0.505908
 0.355237 -0.235019  0.505666
0.355436 -0.23481 0.505429
 0.355631 -0.234604  0.505198
 0.355822 -0.234404  0.504971
 0.356008 -0.234207  0.504749
  0.35619 -0.234015  0.504533
 0.356368 -0.233828  0.504321
 0.356541 -0.233645  0.504114
 0.356711 -0.233466  0.503913
 0.356876 -0.233292  0.503717
 0.357037 -0.233123  0.503525
 0.357193 -0.232958  0.503339
 0.357346 -0.232797  0.503158
 0.357494 -0.232641  0.502982
0.357638 -0.23249 0.502811
 0.357777 -0.232343  0.502645
 0.357911 -0.232201  0.502485
 0.358043 -0.232063  0.502329
 0.358169 -0.231929  0.502178
0.358292  -0.2318 0.502032
  0.35841 -0.231675  0.501891
 0.358525 -0.231555  0.501755
 0.358635 -0.231439  0.501624
  0.35874 -0.231328  0.501499
 0.358841 -0.231221  0.501378
 0.358939 -0.231119  0.501263
 0.359032 -0.231021  0.501152
  0.35912 -0.230927  0.501047
 0.359204 -0.230838  0.500946
 0.359285 -0.230754  0.500851
  0.35936 -0.230674  0.500761
 0.359432 -0.230599  0.500676
 0.359499 -0.230528  0.500595
 0.359563 -0.230461   0.50052
 0.359621 -0.230399   0.50045
 0.359676 -0.230341  0.500385
 0.359726 -0.230288  0.500326
0.359772 -0.23024 0.500271
 0.359814 -0.230196  0.500221
 0.359852 -0.230156  0.500176
 0.359885 -0.230121  0.500137
0.359914 -0.23009 0.500102
 0.359939 -0.230064  0.500072
  0.35996 -0.230042  0.500048
 0.359976 -0.230025  0.500028
 0.359988 -0.230012  0.500014
 0.359996 -0.230004  0.500005
 0.36 -0.23   0.5
 0.36 -0.23   0.5
 0.36 -0.23   0.5
 0.36 -0.23   0.5
 0.36 -0.23   0.5
 0.36 -0.23   0.5
 0.36 -0.23   0.5
 0.36 -0.23   0.5
 0.36 -0.23   0.5
 0.36 -0.23   0.5
 0.36 -0.23   0.5
 0.36 -0.23   0.5
 0.36 -0.23   0.5
 0.36 -0.23   0.5
 0.36 -0.23   0.5
 0.36 -0.23   0.5
 0.36 -0.23   0.5
 0.36 -0.23   0.5
 0.36 -0.23   0.5
 0.36 -0.23   0.5
 0.36 -0.23   0.5
 0.36 -0.23   0.5
 0.36 -0.23   0.5
 0.36 -0.23   0.5
 0.36 -0.23   0.5
 0.36 -0.23   0.5
 0.36 -0.23   0.5
 0.36 -0.23   0.5
 0.36 -0.23   0.5
 0.36 -0.23   0.5
 0.36 -0.23   0.5
 0.36 -0.23   0.5
 0.36 -0.23   0.5
 0.36 -0.23   0.5
 0.36 -0.23   0.5
 0.36 -0.23   0.5
 0.36 -0.23   0.5
 0.36 -0.23   0.5
 0.36 -0.23   0.5
 0.36 -0.23   0.5
 0.36 -0.23   0.5
 0.36 -0.23   0.5
 0.36 -0.23   0.5
 0.36 -0.23   0.5
 0.36 -0.23   0.5
 0.36 -0.23   0.5
 0.36 -0.23   0.5
 0.36 -0.23   0.5
 0.36 -0.23   0.5
 0.36 -0.23   0.5
 0.36 -0.23   0.5
 0.36 -0.23   0.5
 0.36 -0.23   0.5
 0.36 -0.23   0.5
 0.36 -0.23   0.5
 0.36 -0.23   0.5
 0.36 -0.23   0.5
 0.36 -0.23   0.5
 0.36 -0.23   0.5
 0.36 -0.23   0.5
 0.36 -0.23   0.5
 0.36 -0.23   0.5
 0.36 -0.23   0.5
 0.36 -0.23   0.5
 0.36 -0.23   0.5
 0.36 -0.23   0.5
 0.36 -0.23   0.5
 0.36 -0.23   0.5
 0.36 -0.23   0.5
 0.36 -0.23   0.5
 0.36 -0.23   0.5
 0.36 -0.23   0.5
 0.36 -0.23   0.5
 0.36 -0.23   0.5
 0.36 -0.23   0.5
 0.36 -0.23   0.5
 0.36 -0.23   0.5
 0.36 -0.23   0.5
 0.36 -0.23   0.5
 0.36 -0.23   0.5
 0.36 -0.23   0.5
 0.36 -0.23   0.5
 0.36 -0.23   0.5
 0.36 -0.23   0.5
 0.36 -0.23   0.5
 0.36 -0.23   0.5
 0.36 -0.23   0.5
 0.36 -0.23   0.5
 0.36 -0.23   0.5
 0.36 -0.23   0.5
 0.36 -0.23   0.5
 0.36 -0.23   0.5
 0.36 -0.23   0.5
 0.36 -0.23   0.5
 0.36 -0.23   0.5
 0.36 -0.23   0.5
 0.36 -0.23   0.5
 0.36 -0.23   0.5
 0.36 -0.23   0.5
 0.36 -0.23   0.5
 0.36 -0.23   0.5
 0.36 -0.23   0.5
 0.36 -0.23   0.5
 0.36 -0.23   0.5
 0.36 -0.23   0.5
 0.36 -0.23   0.5
 0.36 -0.23   0.5
 0.36 -0.23   0.5
 0.36 -0.23   0.5
 0.36 -0.23   0.5
 0.36 -0.23   0.5
 0.36 -0.23   0.5
 0.36 -0.23   0.5
 0.36 -0.23   0.5
 0.36 -0.23   0.5
 0.36 -0.23   0.5
 0.36 -0.23   0.5
 0.36 -0.23   0.5
 0.36 -0.23   0.5
 0.36 -0.23   0.5
 0.36 -0.23   0.5
 0.36 -0.23   0.5
 0.36 -0.23   0.5
 0.36 -0.23   0.5
 0.36 -0.23   0.5
 0.36 -0.23   0.5
 0.36 -0.23   0.5
 0.36 -0.23   0.5
 0.36 -0.23   0.5
 0.36 -0.23   0.5
 0.36 -0.23   0.5
 0.36 -0.23   0.5
 0.36 -0.23   0.5
 0.36 -0.23   0.5
 0.36 -0.23   0.5
 0.36 -0.23   0.5
 0.36 -0.23   0.5
 0.36 -0.23   0.5
 0.36 -0.23   0.5
 0.36 -0.23   0.5
 0.36 -0.23   0.5
 0.36 -0.23   0.5
 0.36 -0.23   0.5
 0.36 -0.23   0.5
 0.36 -0.23   0.5
 0.36 -0.23   0.5
 0.36 -0.23   0.5
 0.36 -0.23   0.5
 0.36 -0.23   0.5
 0.36 -0.23   0.5
 0.36 -0.23   0.5
 0.36 -0.23   0.5
 0.36 -0.23   0.5
 0.36 -0.23   0.5
 0.36 -0.23   0.5
 0.36 -0.23   0.5
 0.36 -0.23   0.5
 0.36 -0.23   0.5
 0.36 -0.23   0.5
 0.36 -0.23   0.5
 0.36 -0.23   0.5
 0.36 -0.23   0.5
 0.36 -0.23   0.5
 0.36 -0.23   0.5
 0.36 -0.23   0.5
 0.36 -0.23   0.5
 0.36 -0.23   0.5
 0.36 -0.23   0.5
 0.36 -0.23   0.5
 0.36 -0.23   0.5
 0.36 -0.23   0.5
 0.36 -0.23   0.5
 0.36 -0.23   0.5
 0.36 -0.23   0.5
 0.36 -0.23   0.5
 0.36 -0.23   0.5
 0.36 -0.23   0.5
 0.36 -0.23   0.5
 0.36 -0.23   0.5
 0.36 -0.23   0.5
 0.36 -0.23   0.5
 0.36 -0.23   0.5
 0.36 -0.23   0.5
 0.36 -0.23   0.5
 0.36 -0.23   0.5
 0.36 -0.23   0.5
 0.36 -0.23   0.5
 0.36 -0.23   0.5
 0.36 -0.23   0.5
 0.36 -0.23   0.5
 0.36 -0.23   0.5
 0.36 -0.23   0.5
 0.36 -0.23   0.5
 0.36 -0.23   0.5
 0.36 -0.23   0.5
 0.36 -0.23   0.5
 0.36 -0.23   0.5
 0.36 -0.23   0.5
 0.36 -0.23   0.5
 0.36 -0.23   0.5
 0.36 -0.23   0.5
 0.36 -0.23   0.5
 0.36 -0.23   0.5
 0.36 -0.23   0.5
 0.36 -0.23   0.5
 0.36 -0.23   0.5
 0.36 -0.23   0.5
 0.36 -0.23   0.5
 0.36 -0.23   0.5
 0.36 -0.23   0.5
 0.36 -0.23   0.5
 0.36 -0.23   0.5
 0.36 -0.23   0.5
 0.36 -0.23   0.5
 0.36 -0.23   0.5
 0.36 -0.23   0.5
 0.36 -0.23   0.5
 0.36 -0.23   0.5
 0.36 -0.23   0.5
 0.36 -0.23   0.5
 0.36 -0.23   0.5
 0.36 -0.23   0.5
 0.36 -0.23   0.5
 0.36 -0.23   0.5
 0.36 -0.23   0.5
 0.36 -0.23   0.5
 0.36 -0.23   0.5
 0.36 -0.23   0.5
 0.36 -0.23   0.5
 0.36 -0.23   0.5
 0.36 -0.23   0.5
 0.36 -0.23   0.5
 0.36 -0.23   0.5
 0.36 -0.23   0.5
 0.36 -0.23   0.5
 0.36 -0.23   0.5
 0.36 -0.23   0.5
 0.36 -0.23   0.5
 0.36 -0.23   0.5
 0.36 -0.23   0.5
 0.36 -0.23   0.5
 0.36 -0.23   0.5
 0.36 -0.23   0.5
 0.36 -0.23   0.5
 0.36 -0.23   0.5
 0.36 -0.23   0.5
 0.36 -0.23   0.5
 0.36 -0.23   0.5
 0.36 -0.23   0.5
 0.36 -0.23   0.5
 0.36 -0.23   0.5
 0.36 -0.23   0.5
 0.36 -0.23   0.5
 0.36 -0.23   0.5
 0.36 -0.23   0.5
 0.36 -0.23   0.5
 0.36 -0.23   0.5
 0.36 -0.23   0.5
 0.36 -0.23   0.5
 0.36 -0.23   0.5
 0.36 -0.23   0.5
 0.36 -0.23   0.5
 0.36 -0.23   0.5
 0.36 -0.23   0.5
 0.36 -0.23   0.5
 0.36 -0.23   0.5
 0.36 -0.23   0.5
 0.36 -0.23   0.5
 0.36 -0.23   0.5
 0.36 -0.23   0.5
 0.36 -0.23   0.5
 0.36 -0.23   0.5
 0.36 -0.23   0.5
 0.36 -0.23   0.5
 0.36 -0.23   0.5
 0.36 -0.23   0.5
 0.36 -0.23   0.5
 0.36 -0.23   0.5
 0.36 -0.23   0.5
 0.36 -0.23   0.5
 0.36 -0.23   0.5
 0.36 -0.23   0.5
 0.36 -0.23   0.5
 0.36 -0.23   0.5
 0.36 -0.23   0.5
 0.36 -0.23   0.5
 0.36 -0.23   0.5
 0.36 -0.23   0.5
 0.36 -0.23   0.5
 0.36 -0.23   0.5
 0.36 -0.23   0.5
 0.36 -0.23   0.5
 0.36 -0.23   0.5
 0.36 -0.23   0.5
 0.36 -0.23   0.5
 0.36 -0.23   0.5
 0.36 -0.23   0.5
 0.36 -0.23   0.5
 0.36 -0.23   0.5
 0.36 -0.23   0.5
 0.36 -0.23   0.5
 0.36 -0.23   0.5
 0.36 -0.23   0.5
 0.36 -0.23   0.5
 0.36 -0.23   0.5
 0.36 -0.23   0.5
 0.36 -0.23   0.5
 0.36 -0.23   0.5
 0.36 -0.23   0.5
 0.36 -0.23   0.5
 0.36 -0.23   0.5
 0.36 -0.23   0.5
 0.36 -0.23   0.5
 0.36 -0.23   0.5
 0.36 -0.23   0.5
 0.36 -0.23   0.5
 0.36 -0.23   0.5
 0.36 -0.23   0.5
 0.36 -0.23   0.5
 0.36 -0.23   0.5
 0.36 -0.23   0.5
 0.36 -0.23   0.5
 0.36 -0.23   0.5
 0.36 -0.23   0.5
 0.36 -0.23   0.5
 0.36 -0.23   0.5
 0.36 -0.23   0.5
 0.36 -0.23   0.5
 0.36 -0.23   0.5
 0.36 -0.23   0.5
 0.36 -0.23   0.5
 0.36 -0.23   0.5
 0.36 -0.23   0.5
 0.36 -0.23   0.5
 0.36 -0.23   0.5
 0.36 -0.23   0.5
 0.36 -0.23   0.5
 0.36 -0.23   0.5
 0.36 -0.23   0.5
 0.36 -0.23   0.5
 0.36 -0.23   0.5
 0.36 -0.23   0.5
 0.36 -0.23   0.5
 0.36 -0.23   0.5
 0.36 -0.23   0.5
 0.36 -0.23   0.5
 0.36 -0.23   0.5
 0.36 -0.23   0.5
 0.36 -0.23   0.5
 0.36 -0.23   0.5
 0.36 -0.23   0.5
 0.36 -0.23   0.5
 0.36 -0.23   0.5
 0.36 -0.23   0.5
 0.36 -0.23   0.5
 0.36 -0.23   0.5
 0.36 -0.23   0.5
 0.36 -0.23   0.5
 0.36 -0.23   0.5
 0.36 -0.23   0.5
 0.36 -0.23   0.5
 0.36 -0.23   0.5
 0.36 -0.23   0.5
 0.36 -0.23   0.5
 0.36 -0.23   0.5
 0.36 -0.23   0.5
 0.36 -0.23   0.5
 0.36 -0.23   0.5
 0.36 -0.23   0.5
 0.36 -0.23   0.5
 0.36 -0.23   0.5
 0.36 -0.23   0.5
 0.36 -0.23   0.5
 0.36 -0.23   0.5
 0.36 -0.23   0.5
 0.36 -0.23   0.5
 0.36 -0.23   0.5
 0.36 -0.23   0.5
 0.36 -0.23   0.5
 0.36 -0.23   0.5
 0.36 -0.23   0.5
 0.36 -0.23   0.5
 0.36 -0.23   0.5
 0.36 -0.23   0.5
 0.36 -0.23   0.5
 0.36 -0.23   0.5
 0.36 -0.23   0.5
 0.36 -0.23   0.5
 0.36 -0.23   0.5
 0.36 -0.23   0.5
 0.36 -0.23   0.5
 0.36 -0.23   0.5
 0.36 -0.23   0.5
 0.36 -0.23   0.5
 0.36 -0.23   0.5
 0.36 -0.23   0.5
 0.36 -0.23   0.5
 0.36 -0.23   0.5
 0.36 -0.23   0.5
 0.36 -0.23   0.5
 0.36 -0.23   0.5
 0.36 -0.23   0.5
 0.36 -0.23   0.5
 0.36 -0.23   0.5
 0.36 -0.23   0.5
 0.36 -0.23   0.5
 0.36 -0.23   0.5
 0.36 -0.23   0.5
 0.36 -0.23   0.5
 0.36 -0.23   0.5
 0.36 -0.23   0.5
 0.36 -0.23   0.5
 0.36 -0.23   0.5
 0.36 -0.23   0.5
 0.36 -0.23   0.5
 0.36 -0.23   0.5
 0.36 -0.23   0.5
 0.36 -0.23   0.5
 0.36 -0.23   0.5
 0.36 -0.23   0.5
 0.36 -0.23   0.5
 0.36 -0.23   0.5
 0.36 -0.23   0.5
 0.36 -0.23   0.5
 0.36 -0.23   0.5
 0.36 -0.23   0.5
 0.36 -0.23   0.5
 0.36 -0.23   0.5
 0.36 -0.23   0.5
 0.36 -0.23   0.5
 0.36 -0.23   0.5
 0.36 -0.23   0.5
 0.36 -0.23   0.5
 0.36 -0.23   0.5
 0.36 -0.23   0.5
 0.36 -0.23   0.5
 0.36 -0.23   0.5
 0.36 -0.23   0.5
 0.36 -0.23   0.5
 0.36 -0.23   0.5
 0.36 -0.23   0.5
 0.36 -0.23   0.5
 0.36 -0.23   0.5
 0.36 -0.23   0.5
 0.36 -0.23   0.5
 0.36 -0.23   0.5
 0.36 -0.23   0.5
 0.36 -0.23   0.5
 0.36 -0.23   0.5
 0.36 -0.23   0.5
 0.36 -0.23   0.5
 0.36 -0.23   0.5
 0.36 -0.23   0.5
 0.36 -0.23   0.5
 0.36 -0.23   0.5
 0.36 -0.23   0.5
 0.36 -0.23   0.5
 0.36 -0.23   0.5
 0.36 -0.23   0.5
 0.36 -0.23   0.5
 0.36 -0.23   0.5
 0.36 -0.23   0.5
 0.36 -0.23   0.5
 0.36 -0.23   0.5
 0.36 -0.23   0.5
 0.36 -0.23   0.5
 0.36 -0.23   0.5
 0.36 -0.23   0.5
 0.36 -0.23   0.5
 0.36 -0.23   0.5
 0.36 -0.23   0.5
 0.36 -0.23   0.5
 0.36 -0.23   0.5
 0.36 -0.23   0.5
