 0.268647 -0.326259  0.608652
 0.268645 -0.326237  0.608605
  0.26864 -0.326216  0.608557
 0.268624 -0.326209  0.608543
 0.268606 -0.326203  0.608529
 0.268612 -0.326168   0.60845
   0.2686 -0.326151  0.608411
 0.268589 -0.326134   0.60838
 0.268578 -0.326121  0.608353
 0.268567 -0.326108  0.608331
 0.268561 -0.326097  0.608318
 0.268555 -0.326086  0.608303
 0.268549 -0.326079  0.608298
 0.268549 -0.326069  0.608302
 0.268548 -0.326064  0.608309
 0.268552 -0.326056  0.608323
 0.268559 -0.326048   0.60834
 0.268568 -0.326039  0.608363
 0.268581 -0.326027  0.608388
 0.268596 -0.326015  0.608419
 0.268611 -0.326002  0.608445
 0.268632 -0.325985  0.608475
 0.268651 -0.325967  0.608503
 0.268674 -0.325943  0.608532
 0.268699 -0.325915   0.60856
 0.268724 -0.325881  0.608583
 0.268752 -0.325842  0.608603
 0.268777 -0.325797  0.608616
 0.268803 -0.325748  0.608625
 0.268829 -0.325691  0.608629
0.268853 -0.32563 0.608624
0.268877 -0.32556 0.608615
 0.268898 -0.325483  0.608595
 0.268918 -0.325402  0.608569
 0.268937 -0.325314  0.608538
 0.268952 -0.325219  0.608497
 0.268963 -0.325117  0.608438
  0.26897 -0.325009  0.608373
 0.268974 -0.324893    0.6083
 0.268975 -0.324773  0.608215
 0.268972 -0.324645  0.608124
 0.268965 -0.324512  0.608021
 0.268956 -0.324371  0.607915
 0.268941 -0.324226  0.607793
 0.268923 -0.324076  0.607666
 0.268903 -0.323919  0.607532
 0.268879 -0.323759   0.60739
 0.268852 -0.323592  0.607243
 0.268824 -0.323419  0.607069
  0.26879 -0.323243  0.606928
 0.268756 -0.323061  0.606739
 0.268719 -0.322873  0.606567
0.268681 -0.32268 0.606391
 0.268629 -0.322455  0.606197
 0.268588 -0.322253   0.60601
 0.268544 -0.322044  0.605818
0.268501 -0.32183 0.605624
 0.268456 -0.321609  0.605424
 0.268412 -0.321382  0.605227
 0.268366 -0.321152  0.605017
  0.26832 -0.320914  0.604808
 0.268275 -0.320672  0.604596
  0.26823 -0.320422  0.604381
 0.268185 -0.320165  0.604165
 0.268139 -0.319904   0.60394
 0.268095 -0.319635  0.603718
  0.26805 -0.319361  0.603484
 0.268005 -0.319079  0.603252
  0.26796 -0.318791  0.603016
 0.267916 -0.318495  0.602773
 0.267872 -0.318192  0.602528
 0.267836 -0.317893  0.602303
 0.267792 -0.317577  0.602049
 0.267744 -0.317255  0.601786
   0.2677 -0.316924  0.601524
 0.267652 -0.316589  0.601249
 0.267606 -0.316244  0.600976
 0.267548 -0.315888  0.600669
 0.267515 -0.315543  0.600422
 0.267459 -0.315174  0.600113
 0.267441 -0.314935  0.599943
 0.267403 -0.314563  0.599625
 0.267356 -0.314156  0.599354
0.267319 -0.31378 0.599073
 0.267285 -0.313402  0.598791
 0.267256 -0.313013  0.598473
 0.267228 -0.312625  0.598196
 0.267197 -0.312207  0.597922
 0.267177 -0.311812  0.597651
  0.26716 -0.311418  0.597375
 0.267151 -0.311012  0.597071
 0.267144 -0.310611  0.596806
0.267141 -0.31021 0.596544
 0.267143 -0.309806   0.59629
  0.26715 -0.309401  0.596038
 0.267159 -0.308958  0.595806
 0.267176 -0.308554  0.595565
 0.267201 -0.308148  0.595336
 0.267234 -0.307736  0.595072
 0.267268 -0.307329  0.594848
 0.267308 -0.306923   0.59463
 0.267353 -0.306515  0.594416
 0.267404 -0.306107  0.594209
  0.26746 -0.305701  0.594002
 0.267523 -0.305291  0.593805
  0.26759 -0.304881  0.593604
 0.267662 -0.304468  0.593408
 0.267741 -0.304056  0.593215
 0.267824 -0.303639  0.593024
 0.267914 -0.303218  0.592834
 0.268007 -0.302796  0.592644
0.268107 -0.30237 0.592459
 0.268211 -0.301942  0.592269
  0.26832 -0.301512  0.592079
 0.268435 -0.301076  0.591892
 0.268554 -0.300637  0.591703
 0.268678 -0.300195  0.591515
0.268806 -0.29975 0.591325
 0.268939 -0.299301  0.591138
 0.269075 -0.298852  0.590944
 0.269217 -0.298399  0.590757
 0.269361 -0.297943  0.590562
  0.26951 -0.297486   0.59037
 0.269662 -0.297027  0.590179
 0.269818 -0.296567  0.589985
 0.269987 -0.296108  0.589883
 0.270138 -0.295648    0.5896
 0.270304 -0.295187  0.589411
  0.27047 -0.294728  0.589216
  0.27064 -0.294268  0.589024
0.270812 -0.29381 0.588834
 0.270987 -0.293353  0.588642
 0.271164 -0.292899  0.588452
 0.271342 -0.292445  0.588261
 0.271524 -0.291992  0.588074
 0.271706 -0.291542  0.587882
  0.27189 -0.291093  0.587693
  0.27208 -0.290646  0.587508
 0.272268 -0.290204   0.58732
  0.27246 -0.289737  0.587113
 0.272651 -0.289294   0.58692
 0.272845 -0.288852  0.586728
 0.273039 -0.288411  0.586532
 0.273235 -0.287973  0.586338
 0.273432 -0.287532  0.586138
  0.27363 -0.287092  0.585939
 0.273844 -0.286631  0.585726
0.274045 -0.28619 0.585521
 0.274248 -0.285748  0.585316
 0.274452 -0.285306  0.585106
 0.274658 -0.284861  0.584896
 0.274864 -0.284419  0.584678
 0.275072 -0.283972  0.584461
 0.275281 -0.283524   0.58424
 0.275491 -0.283074  0.584015
 0.275702 -0.282623  0.583788
0.275914 -0.28217 0.583555
 0.276127 -0.281714  0.583323
  0.27634 -0.281257  0.583083
 0.276555 -0.280798  0.582846
0.276769 -0.28034 0.582596
 0.276984 -0.279878  0.582347
 0.277199 -0.279413  0.582097
 0.277415 -0.278948  0.581841
 0.277632 -0.278481  0.581585
 0.277848 -0.278012  0.581323
 0.278065 -0.277542  0.581063
 0.278281 -0.277072  0.580794
 0.278498 -0.276603  0.580523
0.278715 -0.27613 0.580253
 0.278932 -0.275657  0.579979
 0.279149 -0.275184  0.579705
0.279365 -0.27471 0.579426
 0.279581 -0.274237  0.579149
 0.279797 -0.273764  0.578866
 0.280012 -0.273291  0.578584
 0.280227 -0.272818  0.578302
 0.280442 -0.272349  0.578015
 0.280657 -0.271877   0.57773
 0.280871 -0.271407  0.577443
 0.281086 -0.270937  0.577157
 0.281299 -0.270468  0.576866
 0.281513 -0.269999  0.576581
 0.281726 -0.269531  0.576287
 0.281938 -0.269064  0.575996
0.282152  -0.2686 0.575704
 0.282364 -0.268134  0.575412
   0.2826 -0.267615  0.575097
 0.282811 -0.267151  0.574798
 0.283024 -0.266688  0.574505
 0.283236 -0.266223  0.574207
 0.283448 -0.265759  0.573911
  0.28366 -0.265294  0.573615
 0.283871 -0.264831  0.573317
 0.284083 -0.264367  0.573021
 0.284294 -0.263903  0.572721
 0.284505 -0.263439  0.572424
 0.284715 -0.262978  0.572121
 0.284927 -0.262514  0.571825
0.285136 -0.26205 0.571519
 0.285346 -0.261585  0.571217
 0.285556 -0.261121  0.570914
 0.285765 -0.260655   0.57061
 0.285975 -0.260188  0.570307
 0.286184 -0.259721  0.569999
 0.286394 -0.259255  0.569694
 0.286602 -0.258785  0.569383
  0.28681 -0.258314  0.569074
 0.287019 -0.257842  0.568765
0.287227 -0.25737 0.568454
 0.287436 -0.256896  0.568143
 0.287643 -0.256421  0.567829
 0.287851 -0.255948  0.567517
 0.288057 -0.255471  0.567201
 0.288263 -0.254994  0.566886
 0.288483 -0.254488  0.566558
0.288687 -0.25401 0.566242
 0.288892 -0.253531  0.565927
 0.289095 -0.253053   0.56561
 0.289299 -0.252574  0.565294
   0.2895 -0.252099  0.564975
 0.289711 -0.251602  0.564645
 0.289908 -0.251129  0.564319
 0.290109 -0.250652  0.564005
 0.290305 -0.250181  0.563685
 0.290502 -0.249707  0.563367
 0.290698 -0.249236  0.563052
 0.290893 -0.248766  0.562736
 0.291087 -0.248297  0.562423
 0.291279 -0.247833  0.562105
 0.291471 -0.247368  0.561792
 0.291661 -0.246906   0.56148
 0.291851 -0.246445  0.561169
 0.292039 -0.245988  0.560859
 0.292226 -0.245532   0.56055
 0.292435 -0.245036  0.560286
 0.292598 -0.244629  0.559933
0.292784 -0.24418 0.559632
 0.292978 -0.243706  0.559312
  0.29316 -0.243263  0.559008
 0.293341 -0.242822  0.558707
  0.29352 -0.242384  0.558406
 0.293699 -0.241951  0.558107
 0.293876 -0.241519  0.557807
 0.294053 -0.241089  0.557513
 0.294227 -0.240664  0.557215
 0.294407 -0.240222  0.556908
 0.294578 -0.239804  0.556611
 0.294748 -0.239388  0.556319
 0.294918 -0.238975  0.556031
 0.295086 -0.238566  0.555742
 0.295254 -0.238163  0.555456
 0.295418 -0.237761  0.555169
 0.295584 -0.237362   0.55489
 0.295746 -0.236968  0.554605
 0.295907 -0.236576  0.554325
 0.296068 -0.236189  0.554048
 0.296227 -0.235807  0.553769
 0.296385 -0.235426  0.553497
0.296541 -0.23505 0.553222
0.296708 -0.23465 0.552944
 0.296861 -0.234281  0.552671
 0.297014 -0.233915  0.552403
 0.297166 -0.233555  0.552137
 0.297315 -0.233197  0.551873
0.297463 -0.23285  0.55161
 0.297616 -0.232488  0.551331
 0.297763 -0.232142  0.551075
0.297907  -0.2318 0.550817
 0.298052 -0.231461  0.550566
 0.298193 -0.231128  0.550309
 0.298333 -0.230801  0.550057
 0.298473 -0.230475   0.54981
  0.29861 -0.230154  0.549563
 0.298747 -0.229837   0.54932
 0.298882 -0.229525  0.549077
 0.299017 -0.229219  0.548839
 0.299149 -0.228915  0.548599
 0.299281 -0.228615  0.548364
  0.29942 -0.228298  0.548123
 0.299549 -0.228006  0.547891
 0.299678 -0.227722  0.547663
 0.299805 -0.227439  0.547436
 0.299932 -0.227161  0.547215
 0.300056 -0.226887  0.546991
 0.300179 -0.226618  0.546772
 0.300307 -0.226335  0.546544
 0.300428 -0.226084  0.546329
 0.300548 -0.225819  0.546119
 0.300667 -0.225581  0.545907
 0.300786 -0.225334  0.545703
 0.300901 -0.225093  0.545495
 0.301016 -0.224847  0.545292
 0.301131 -0.224624  0.545093
0.301243  -0.2244 0.544894
 0.301356 -0.224176  0.544701
 0.301466 -0.223958  0.544507
 0.301576 -0.223744  0.544317
 0.301685 -0.223535   0.54413
 0.301792 -0.223332  0.543943
 0.301899 -0.223131  0.543762
 0.302004 -0.222935  0.543581
  0.30211 -0.222742  0.543406
 0.302213 -0.222554  0.543228
 0.302315 -0.222373  0.543054
 0.302423 -0.222177  0.542878
 0.302523 -0.222003  0.542709
 0.302623 -0.221832  0.542544
  0.30272 -0.221666  0.542379
 0.302817 -0.221507  0.542217
 0.302914 -0.221349  0.542059
 0.303008 -0.221197  0.541902
 0.303102 -0.221049   0.54175
 0.303194 -0.220907  0.541597
 0.303287 -0.220771   0.54145
 0.303376 -0.220638    0.5413
 0.303464 -0.220511  0.541156
 0.303554 -0.220399  0.541017
  0.30364 -0.220266  0.540861
 0.303725 -0.220153  0.540726
0.303807 -0.22005 0.540603
 0.303891 -0.219944  0.540457
 0.303971 -0.219848  0.540341
 0.304053 -0.219769  0.540216
 0.304053 -0.219769  0.540216
 0.304135 -0.219674  0.540079
0.304291 -0.21951 0.539838
 0.304367 -0.219434  0.539717
 0.304442 -0.219361  0.539602
 0.304442 -0.219361  0.539602
 0.304532 -0.219214  0.539378
 0.304592 -0.219228  0.539376
 0.304669 -0.219154  0.539266
 0.304754 -0.219017   0.53905
 0.304812 -0.219047   0.53906
 0.304885 -0.218983  0.538951
 0.304956 -0.218933  0.538849
 0.305028 -0.218882  0.538751
 0.305098 -0.218835  0.538653
 0.305169 -0.218788   0.53856
 0.305238 -0.218746  0.538463
 0.305308 -0.218702  0.538371
0.305377 -0.21866 0.538282
0.305445 -0.21862 0.538193
 0.305515 -0.218581  0.538107
 0.305582 -0.218546   0.53802
 0.305651 -0.218508   0.53794
 0.305717 -0.218472  0.537854
 0.305784 -0.218437  0.537773
 0.305851 -0.218403  0.537694
 0.305917 -0.218373  0.537614
0.305984 -0.21834  0.53754
0.306048 -0.21831 0.537462
0.306113 -0.21828 0.537387
 0.306178 -0.218253  0.537313
 0.306242 -0.218225  0.537241
 0.306306 -0.218198  0.537172
 0.306372 -0.218185  0.537106
0.306435 -0.21816 0.537041
 0.306493 -0.218129  0.536966
 0.306554 -0.218107  0.536901
 0.306615 -0.218088  0.536837
 0.306675 -0.218069  0.536773
 0.306735 -0.218052  0.536714
 0.306793 -0.218039   0.53665
 0.306852 -0.218025  0.536591
  0.30691 -0.218013  0.536533
  0.30697 -0.218014   0.53648
 0.307027 -0.218007  0.536424
 0.307083 -0.217999  0.536368
  0.30714 -0.217991  0.536317
 0.307194 -0.217986  0.536261
 0.307248 -0.217981  0.536209
0.307303 -0.21798 0.536158
 0.307357 -0.217977  0.536107
 0.307411 -0.217975   0.53606
 0.307464 -0.217973   0.53601
 0.307519 -0.217957  0.535956
 0.307573 -0.217956   0.53591
 0.307625 -0.217956  0.535864
 0.307678 -0.217958  0.535819
  0.30773 -0.217958  0.535774
 0.307783 -0.217959  0.535734
0.307833 -0.21796 0.535688
 0.307885 -0.217963  0.535645
 0.307937 -0.217964  0.535605
 0.307988 -0.217965  0.535565
  0.30804 -0.217967  0.535527
  0.30809 -0.217969  0.535487
 0.308145 -0.217984  0.535456
 0.308191 -0.217976  0.535412
0.308244 -0.21799 0.535378
 0.308294 -0.217992  0.535343
 0.308343 -0.217998  0.535306
0.308394   -0.218 0.535273
 0.308442 -0.218003  0.535236
 0.308491 -0.218007  0.535202
 0.30854 -0.21801 0.535169
 0.308588 -0.218016  0.535134
 0.308636 -0.218019  0.535103
 0.308685 -0.218019   0.53506
 0.308734 -0.218022  0.535032
 0.308779 -0.218027  0.534997
 0.308826 -0.218031  0.534965
 0.308872 -0.218036  0.534935
 0.308918 -0.218044  0.534902
 0.308964 -0.218049  0.534874
 0.309008 -0.218055  0.534842
 0.309052 -0.218062  0.534813
 0.309096 -0.218072  0.534783
  0.30914 -0.218079  0.534755
 0.309184 -0.218087  0.534728
 0.309229 -0.218106  0.534702
 0.309273 -0.218115  0.534678
 0.309312 -0.218117  0.534644
 0.309354 -0.218127  0.534618
 0.309396 -0.218138  0.534592
 0.309437 -0.218148  0.534566
 0.309457 -0.218056  0.534513
  0.30952 -0.218172  0.534514
 0.309561 -0.218182  0.534489
 0.309602 -0.218193  0.534465
 0.309643 -0.218205  0.534441
 0.309684 -0.218219  0.534418
0.309724 -0.21823 0.534393
 0.309766 -0.218241  0.534374
 0.309807 -0.218263  0.534349
 0.309846 -0.218275  0.534326
 0.309887 -0.218288  0.534303
 0.309926 -0.218299   0.53428
0.309967 -0.21831  0.53426
0.310006 -0.21832 0.534235
 0.310045 -0.218332  0.534212
0.310085 -0.21834  0.53419
 0.310126 -0.218334  0.534166
 0.310166 -0.218344  0.534144
 0.310201 -0.218354  0.534122
 0.310254 -0.218303  0.534067
 0.310281 -0.218369  0.534078
 0.310318 -0.218369  0.534053
 0.310396 -0.218392  0.534013
 0.310435 -0.218399  0.533994
 0.310472 -0.218407  0.533971
 0.310472 -0.218407  0.533971
 0.310546 -0.218426   0.53393
 0.310581 -0.218425  0.533907
 0.310618 -0.218434  0.533889
 0.310654 -0.218444  0.533868
 0.310693 -0.218463  0.533852
 0.310728 -0.218474   0.53383
 0.310763 -0.218486  0.533811
 0.310798 -0.218497  0.533793
0.310833 -0.21851 0.533773
 0.310868 -0.218525  0.533756
 0.310901 -0.218538  0.533736
 0.310935 -0.218552  0.533717
 0.310969 -0.218566    0.5337
 0.311002 -0.218582   0.53368
 0.311036 -0.218596  0.533663
0.311069 -0.21861 0.533644
 0.311103 -0.218623  0.533629
 0.311135 -0.218637  0.533608
 0.311167 -0.218653  0.533589
 0.311201 -0.218665  0.533572
 0.311233 -0.218678  0.533553
 0.311267 -0.218689  0.533537
 0.311299 -0.218701  0.533517
 0.311333 -0.218714  0.533495
 0.311365 -0.218724  0.533477
 0.311397 -0.218735  0.533463
 0.311431 -0.218746  0.533441
 0.311462 -0.218753  0.533427
 0.311498 -0.218763  0.533408
 0.311529 -0.218772  0.533387
 0.311561 -0.218782  0.533368
0.311594 -0.21879 0.533351
 0.311626 -0.218798  0.533333
  0.31166 -0.218805  0.533318
 0.311691 -0.218812  0.533299
 0.311723 -0.218822   0.53328
 0.311756 -0.218838  0.533265
 0.311787 -0.218846  0.533247
 0.311819 -0.218853  0.533231
 0.311851 -0.218861  0.533212
 0.311883 -0.218869  0.533198
 0.311913 -0.218877  0.533179
 0.311943 -0.218886  0.533162
 0.311974 -0.218895  0.533146
 0.312004 -0.218907  0.533128
 0.312035 -0.218916  0.533113
 0.312064 -0.218926  0.533095
 0.312095 -0.218936  0.533083
 0.312122 -0.218947  0.533063
0.312151 -0.21896 0.533046
 0.312181 -0.218971  0.533031
 0.312209 -0.218982  0.533014
 0.312238 -0.218993     0.533
 0.312266 -0.219005  0.532982
 0.312294 -0.219019  0.532965
 0.312322 -0.219031   0.53295
  0.31235 -0.219043  0.532934
 0.312379 -0.219054   0.53292
 0.312406 -0.219066  0.532902
 0.312436 -0.219079   0.53289
 0.312462 -0.219091   0.53287
  0.31249 -0.219102  0.532854
 0.312518 -0.219112   0.53284
 0.312547 -0.219133  0.532823
 0.312577 -0.219133  0.532811
 0.312591 -0.219089  0.532798
 0.312632 -0.219154  0.532776
  0.31266 -0.219163  0.532761
 0.312687 -0.219172  0.532745
 0.312716 -0.219179  0.532731
 0.312743 -0.219187  0.532715
 0.312772 -0.219197  0.532702
 0.312799 -0.219205  0.532683
 0.312826 -0.219212  0.532668
 0.312855 -0.219216  0.532652
 0.312882 -0.219223  0.532636
  0.31291 -0.219233  0.532622
0.312937 -0.21924 0.532605
 0.312964 -0.219247   0.53259
 0.312991 -0.219254  0.532575
 0.313018 -0.219262   0.53256
 0.313045 -0.219272  0.532545
0.313071 -0.21928  0.53253
 0.313099 -0.219289  0.532518
  0.31311 -0.219338  0.532508
 0.313124 -0.219298    0.5325
 0.313175 -0.219318  0.532471
 0.313201 -0.219328  0.532456
 0.313227 -0.219337  0.532443
 0.313251 -0.219347  0.532427
 0.313276 -0.219357  0.532412
0.313301 -0.21937 0.532397
 0.313326 -0.219388  0.532383
 0.313353 -0.219398  0.532365
 0.313378 -0.219408   0.53235
 0.313403 -0.219418  0.532339
 0.313427 -0.219428  0.532322
 0.313451 -0.219438  0.532307
0.313476 -0.21945 0.532292
   0.3135 -0.219459  0.532277
 0.313525 -0.219468  0.532265
 0.313549 -0.219476  0.532249
 0.313575 -0.219484  0.532238
 0.313598 -0.219495  0.532219
 0.313623 -0.219503  0.532205
0.313647 -0.21951 0.532191
 0.313671 -0.219517  0.532176
 0.313697 -0.219524  0.532164
  0.31372 -0.219534  0.532147
0.313745 -0.21954 0.532133
 0.313769 -0.219546  0.532119
 0.313793 -0.219553  0.532104
 0.313818 -0.219559  0.532092
 0.313842 -0.219567  0.532075
 0.313868 -0.219573  0.532066
  0.31389 -0.219579  0.532048
 0.313914 -0.219586  0.532034
 0.313939 -0.219599  0.532021
 0.313962 -0.219608  0.532006
 0.313987 -0.219611  0.531993
 0.314012 -0.219608   0.53198
 0.314035 -0.219617  0.531965
 0.314059 -0.219624  0.531952
 0.314082 -0.219631  0.531938
 0.314105 -0.219638  0.531926
 0.314105 -0.219638  0.531926
 0.314152 -0.219655  0.531901
 0.314173 -0.219663  0.531885
 0.314196 -0.219672  0.531871
0.314218 -0.21968 0.531859
  0.31424 -0.219688  0.531846
  0.31424 -0.219688  0.531846
 0.314284 -0.219708  0.531819
 0.314306 -0.219717  0.531806
 0.314329 -0.219726  0.531794
  0.31435 -0.219735   0.53178
 0.314372 -0.219746  0.531768
 0.314394 -0.219755  0.531754
 0.314417 -0.219763  0.531745
 0.314437 -0.219772  0.531729
0.314459 -0.21978 0.531716
 0.314481 -0.219791  0.531703
 0.314503 -0.219799   0.53169
 0.314525 -0.219814  0.531679
 0.314546 -0.219821  0.531665
 0.314568 -0.219822  0.531652
  0.31459 -0.219828   0.53164
 0.314611 -0.219837  0.531626
 0.314633 -0.219844  0.531615
0.314655 -0.21985 0.531601
 0.314678 -0.219855  0.531591
 0.314698 -0.219861  0.531576
  0.31472 -0.219876  0.531562
 0.314742 -0.219874   0.53155
0.314763 -0.21988 0.531537
 0.314786 -0.219885  0.531526
0.314806 -0.21989 0.531512
 0.314828 -0.219898  0.531498
 0.314849 -0.219902  0.531486
  0.31487 -0.219908  0.531474
 0.314892 -0.219905  0.531461
 0.314912 -0.219918  0.531449
 0.314934 -0.219926  0.531439
 0.314954 -0.219932  0.531423
 0.314975 -0.219938  0.531411
 0.314995 -0.219944    0.5314
 0.314995 -0.219944    0.5314
 0.315037 -0.219957  0.531377
 0.315056 -0.219973  0.531362
 0.315075 -0.219973  0.531349
 0.315096 -0.219987  0.531338
 0.315116 -0.219988  0.531326
 0.315136 -0.219999  0.531314
 0.315155 -0.220005  0.531302
 0.315176 -0.220018  0.531292
 0.315195 -0.220024  0.531276
 0.315214 -0.220033  0.531266
0.315234 -0.22004 0.531255
 0.315254 -0.220048   0.53124
 0.315274 -0.220054   0.53123
 0.315293 -0.220061  0.531217
 0.315315 -0.220067   0.53121
 0.315333 -0.220074  0.531194
0.315352 -0.22008 0.531183
 0.315372 -0.220088  0.531171
 0.315392 -0.220094  0.531159
0.315412  -0.2201  0.53115
 0.315431 -0.220105  0.531136
  0.31545 -0.220111  0.531125
  0.31547 -0.220119  0.531113
 0.315491 -0.220124    0.5311
 0.315511 -0.220131  0.531089
  0.31553 -0.220136  0.531077
 0.315551 -0.220141   0.53107
 0.315569 -0.220147  0.531054
 0.315588 -0.220152  0.531043
 0.315607 -0.220157  0.531033
 0.315626 -0.220165   0.53102
 0.315646 -0.220169  0.531011
 0.315664 -0.220174  0.530997
0.315683 -0.22018 0.530986
 0.315702 -0.220185  0.530975
  0.31572 -0.220193  0.530962
  0.31574 -0.220198  0.530953
 0.315758 -0.220203  0.530941
 0.315778 -0.220208  0.530933
 0.315795 -0.220214  0.530918
 0.315813 -0.220219  0.530907
 0.315831 -0.220227  0.530896
 0.315849 -0.220232  0.530884
 0.315868 -0.220238  0.530876
 0.315886 -0.220244  0.530862
 0.315904 -0.220249  0.530851
 0.315922 -0.220257   0.53084
  0.31594 -0.220263  0.530829
 0.315958 -0.220268   0.53082
 0.315975 -0.220274  0.530807
 0.315995 -0.220279  0.530801
 0.316011 -0.220285  0.530786
 0.316029 -0.220293  0.530774
 0.316047 -0.220299  0.530765
 0.316065 -0.220304  0.530754
0.316083 -0.22031 0.530746
   0.3161 -0.220315  0.530733
 0.316118 -0.220326  0.530722
 0.316136 -0.220334  0.530711
 0.316153 -0.220339    0.5307
 0.316172 -0.220344  0.530691
 0.316189 -0.220349  0.530679
 0.316208 -0.220348  0.530674
 0.316224 -0.220362  0.530658
 0.316244 -0.220304  0.530654
 0.31626 -0.22037 0.530638
 0.316277 -0.220375  0.530627
 0.316296 -0.220377  0.530618
 0.316313 -0.220382  0.530605
  0.31633 -0.220389  0.530594
 0.316348 -0.220394  0.530585
 0.316365 -0.220398  0.530574
 0.316383 -0.220403  0.530565
 0.316399 -0.220408  0.530554
 0.316418 -0.220415  0.530546
0.316434 -0.22042 0.530533
  0.31645 -0.220425  0.530523
0.316468 -0.22043 0.530514
 0.316484 -0.220434  0.530503
 0.316502 -0.220439  0.530495
 0.316518 -0.220446  0.530482
0.316535 -0.22045 0.530472
 0.316552 -0.220455  0.530463
 0.316569 -0.220459  0.530453
 0.316586 -0.220464  0.530444
 0.316602 -0.220468  0.530433
  0.31662 -0.220475  0.530425
 0.316635 -0.220479  0.530413
 0.316652 -0.220484  0.530403
 0.316669 -0.220489  0.530394
 0.316687 -0.220486  0.530386
 0.316704 -0.220491  0.530378
  0.31672 -0.220495  0.530367
0.316736  -0.2205 0.530357
 0.316752 -0.220507  0.530347
 0.316768 -0.220518  0.530336
 0.316785 -0.220522  0.530328
   0.3168 -0.220528  0.530317
 0.316818 -0.220531  0.530309
 0.316833 -0.220536  0.530297
 0.316849 -0.220544  0.530286
 0.316865 -0.220548  0.530277
 0.316881 -0.220554  0.530268
 0.316897 -0.220559   0.53026
 0.316913 -0.220564  0.530249
  0.31693 -0.220569  0.530244
 0.316945 -0.220577   0.53023
  0.31696 -0.220582   0.53022
 0.316977 -0.220587  0.530212
 0.316992 -0.220592  0.530202
 0.317009 -0.220597  0.530195
 0.317024 -0.220602  0.530184
0.317041 -0.22061 0.530174
 0.317057 -0.220614  0.530165
 0.317072 -0.220628  0.530153
 0.317088 -0.220632  0.530145
 0.317103 -0.220631  0.530136
  0.31712 -0.220641  0.530129
 0.317134 -0.220645  0.530117
  0.31715 -0.220649  0.530107
 0.317166 -0.220654  0.530096
 0.317181 -0.220657  0.530086
 0.317198 -0.220661  0.530079
 0.317213 -0.220664  0.530067
 0.317228 -0.220667  0.530058
0.317244 -0.22067 0.530049
 0.317259 -0.220676  0.530038
 0.317275 -0.220679   0.53003
  0.31729 -0.220681  0.530019
 0.317307 -0.220684  0.530013
 0.317321 -0.220687  0.530001
 0.317338 -0.220683  0.529994
 0.317354 -0.220686  0.529985
 0.317369 -0.220689  0.529975
 0.317384 -0.220692  0.529968
 0.317399 -0.220698  0.529956
 0.317414 -0.220702  0.529947
 0.317429 -0.220705  0.529938
0.317444 -0.22071 0.529929
 0.317459 -0.220714  0.529921
 0.317473 -0.220724   0.52991
 0.317488 -0.220731  0.529902
 0.317502 -0.220734   0.52989
0.317516 -0.22074 0.529881
 0.317531 -0.220745  0.529873
0.317545 -0.22075 0.529863
  0.31756 -0.220756  0.529856
 0.317574 -0.220764  0.529845
  0.31759 -0.220769  0.529841
 0.317603 -0.220774  0.529828
0.317617 -0.22078 0.529819
 0.317632 -0.220785  0.529812
0.317646 -0.22079 0.529803
 0.317662 -0.220798  0.529796
 0.317675 -0.220802  0.529785
 0.317705 -0.220774  0.529793
 0.317704 -0.220812  0.529768
 0.317736 -0.220786  0.529776
 0.317735 -0.220823  0.529752
 0.317749 -0.220827  0.529742
 0.317765 -0.220831  0.529738
 0.317778 -0.220835  0.529725
 0.317792 -0.220842  0.529715
 0.317807 -0.220846  0.529708
 0.317821 -0.220849  0.529698
 0.317836 -0.220853  0.529692
 0.317849 -0.220856   0.52968
 0.317879 -0.220829  0.529688
 0.317893 -0.220832   0.52968
 0.317907 -0.220835   0.52967
 0.317922 -0.220838  0.529662
  0.31792 -0.220878  0.529633
 0.317935 -0.220881  0.529627
 0.317963 -0.220854   0.52963
 0.317977 -0.220857  0.529621
0.317991 -0.22086 0.529613
 0.318004 -0.220864  0.529603
 0.318019 -0.220868  0.529596
 0.318031 -0.220872  0.529585
