6.91414e-06
0.00932503
0.019397
0.029459
0.0395169
0.0495729
0.059629
0.0696929
0.0797479
0.0898149
0.0998728
0.10993
0.119986
0.130043
0.1401
0.150157
0.160213
0.17027
0.180338
0.190393
0.200461
0.210521
0.22058
0.23064
0.240697
0.250753
0.26081
0.27087
0.280936
0.290992
0.301052
0.311117
0.321174
0.331229
0.341294
0.351358
0.361414
0.371469
0.381535
0.391591
0.401657
0.411723
0.42179
0.431848
0.441907
0.451961
0.46202
0.472078
0.482138
0.492199
0.502258
0.512328
0.522396
0.532462
0.542523
0.552578
0.562644
0.5727
0.582757
0.592814
0.602871
0.612936
0.622991
0.633046
0.643103
0.653159
0.663213
0.673269
0.683325
0.69338
0.703435
0.713489
0.723544
0.733601
0.743657
0.753713
0.76377
0.773829
0.783885
0.793941
0.803997
0.814052
0.824107
0.834162
0.844221
0.854275
0.86433
0.874386
0.884441
0.894496
0.904551
0.914607
0.924662
0.934718
0.944773
0.954828
0.964883
0.974938
0.984993
0.995049
1.00512
1.01519
1.02524
1.0353
1.04536
1.05541
1.06547
1.07553
1.08559
1.09565
1.10572
1.11577
1.12582
1.13588
1.14593
1.15601
1.16607
1.17611
1.18618
1.19623
1.20629
1.21635
1.22641
1.23646
1.24652
1.25659
1.26665
1.27671
1.28677
1.29683
1.30689
1.31694
1.327
1.33706
1.34712
1.35718
1.36724
1.37731
1.38737
1.39743
1.40749
1.41755
1.4276
1.43766
1.44773
1.45778
1.46784
1.4779
1.48796
1.49802
1.50808
1.51814
1.5282
1.53825
1.54831
1.55837
1.56843
1.57849
1.58855
1.59861
1.60867
1.61872
1.62878
1.63885
1.64893
1.65898
1.66904
1.67909
1.68915
1.6992
1.70926
1.71932
1.72938
1.73943
1.74949
1.75954
1.7696
1.77966
1.78972
1.79977
1.80983
1.81989
1.82996
1.84001
1.85007
1.86013
1.87019
1.88026
1.89032
1.90037
1.91043
1.92048
1.93054
1.94059
1.95065
1.96071
1.97076
1.98082
1.99087
2.00093
2.01099
2.02104
2.03111
2.04118
2.05124
2.06131
2.07138
2.08145
2.0915
2.10156
2.11162
2.12168
2.13174
2.1418
2.15185
2.16191
2.17196
2.18202
2.19208
2.20214
2.21219
2.22225
2.2323
2.24236
2.25242
2.26247
2.27253
2.28258
2.29264
2.3027
2.31275
2.32281
2.33287
2.34293
2.35298
2.36305
2.37311
2.38317
2.39322
2.40328
2.41334
2.42339
2.43345
2.44352
2.45357
2.46363
2.47368
2.48374
2.49379
2.50385
2.5139
2.52395
2.53401
2.54406
2.55412
2.56417
2.57423
2.58429
2.59434
2.6044
2.61446
2.62451
2.63457
2.64463
2.65469
2.66474
2.6748
2.68485
2.69492
2.70498
2.71504
2.72509
2.73515
2.74521
2.75526
2.76532
2.77538
2.78544
2.7955
2.80557
2.81563
2.82569
2.83576
2.84584
2.85592
2.86598
2.87604
2.8861
2.89617
2.90623
2.91629
2.92635
2.9364
2.94647
2.95651
2.96657
2.97663
2.98671
2.99676
3.00683
3.01689
3.02694
3.037
3.04706
3.05711
3.06717
3.07723
3.08729
3.09736
3.10741
3.11748
3.12754
3.13759
3.14768
3.15773
3.16781
3.17788
3.18793
3.19799
3.20805
3.2181
3.22816
3.23822
3.24828
3.25833
3.26839
3.27846
3.28851
3.29857
3.30863
3.31869
3.32876
3.33881
3.34887
3.35893
3.36899
3.37904
3.3891
3.39915
3.40921
3.41926
3.42932
3.43938
3.44943
3.4595
3.46957
3.47962
3.48968
3.49973
3.50979
3.51985
3.5299
3.53995
3.55
3.56006
3.57013
3.5802
3.59026
3.60033
3.61038
3.62044
3.63049
3.64056
3.65063
3.66069
3.67075
3.68082
3.69089
3.70094
3.71101
3.72107
3.73114
3.74119
3.75125
3.76131
3.77136
3.78142
3.79148
3.80148
3.81156
3.82161
3.83167
3.84173
3.85179
3.86185
3.8719
3.88196
3.89203
3.9021
3.91215
3.92221
3.93228
3.94233
3.95239
3.96245
3.9725
3.98255
3.99262
4.00272
4.01278
4.02285
4.03292
4.04298
4.05303
4.0631
4.07316
4.08321
4.09327
4.10331
4.11337
4.12343
4.13349
4.14355
4.15362
4.16368
4.17373
4.1838
4.19386
4.20391
4.21397
4.22404
4.23411
4.24418
4.25425
4.2643
4.27436
4.28443
4.29449
4.30455
4.31463
4.3247
4.33477
4.34483
4.35489
4.36503
4.37508
4.38515
4.39535
4.40542
4.4155
4.42555
4.43561
4.44568
4.45575
4.46583
4.47603
4.48609
4.49614
4.50622
4.51629
4.52636
4.53642
4.54647
4.55653
4.5666
4.57665
4.58675
4.5968
4.60684
4.6169
4.62696
4.63701
4.64707
4.65713
4.66718
4.67726
4.68731
4.69739
4.70745
4.7175
4.72758
4.73763
4.74769
4.75776
4.76785
4.7779
4.78798
4.79803
4.80811
4.81817
4.82828
4.83836
4.84841
4.85852
4.86858
4.87863
4.88869
4.89874
4.9088
4.91886
4.92891
4.93897
4.94903
4.95908
4.96914
4.9792
4.98925
4.99931
5.00937
5.01943
5.02945
5.03951
5.04954
5.05962
5.06973
5.07975
5.08981
5.09985
5.10991
5.11993
5.12999
5.14006
5.15012
5.16017
5.17023
5.18029
5.19035
5.20041
5.21048
5.22054
5.2306
5.24065
5.25073
5.26078
5.27084
5.2809
5.29095
5.30098
5.31103
5.32109
5.33115
5.34122
5.35126
5.36132
5.37137
5.38143
5.39154
5.4016
5.4117
5.42176
5.43186
5.44191
5.45199
5.46204
5.4721
5.48215
5.49221
5.50226
5.51232
5.52238
5.5324
5.54246
5.55251
5.56267
5.57272
5.58278
5.59284
5.60289
5.61297
5.62303
5.63309
5.64314
5.6532
5.66326
5.67334
5.6834
5.69342
5.70347
5.71353
5.72361
5.73366
5.74372
5.75378
5.76383
5.77389
5.78395
5.79402
5.80408
5.81413
5.82418
5.83423
5.84434
5.85439
5.86445
5.87451
5.88462
5.89468
5.90474
5.91479
5.92486
5.93491
5.94497
5.95503
5.96509
5.97514
5.9852
5.99527
6.00533
6.01538
6.02544
6.0355
6.04556
6.05561
6.06567
6.07572
6.08575
6.09581
6.10587
6.11593
6.12599
6.13605
6.14617
6.15623
6.16627
6.17634
6.18645
6.1965
6.20656
6.21672
6.22677
6.23683
6.24689
6.25694
6.267
6.27708
6.28716
6.29722
6.30727
6.31732
6.32738
6.33744
6.34745
6.3575
6.36765
6.37771
6.38777
6.39782
6.40793
6.41799
6.42804
6.43821
6.44827
6.45832
6.46838
6.47844
6.48849
6.49855
6.5086
6.51866
6.52871
6.53877
6.54883
6.55888
6.56894
6.57899
6.58905
6.59911
6.60916
6.61922
6.62928
6.63934
6.64942
6.65947
6.66958
6.67964
6.6897
6.69975
6.70981
6.71986
6.72992
6.73998
6.75003
6.76009
6.77015
6.78024
6.7903
6.80035
6.81041
6.82047
6.83053
6.84058
6.85064
6.8607
6.87076
6.88084
6.8909
6.90096
6.91101
6.92107
6.93113
6.94118
6.95124
6.96129
6.97135
6.98141
6.99146
7.00152
7.01157
7.02163
7.03169
7.04174
7.0518
7.0619
7.07196
7.08413
7.09419
7.10425
7.11431
7.12436
7.13442
7.14447
7.15453
7.16458
7.17464
7.18469
7.19475
7.2048
7.21486
7.22492
7.23497
7.24502
7.25508
7.26514
7.27519
7.28525
7.29531
7.30536
7.31542
7.32547
7.33553
7.34558
7.35564
7.3657
7.37575
7.38581
7.39586
7.40592
7.41597
7.42602
7.43608
7.44613
7.45621
7.46627
7.47632
7.48638
7.49643
7.50649
7.51654
7.5266
7.53665
7.54671
7.55676
7.56682
7.57687
7.58693
7.59698
7.60704
7.61709
7.62715
7.63721
7.64728
7.65733
7.66739
7.67744
7.6875
7.69755
7.70761
7.71766
7.72772
7.73777
7.74783
7.75792
7.76802
7.77807
7.78813
7.79818
7.80824
7.81829
7.82835
7.83841
7.84846
7.85853
7.86858
7.87864
7.88869
7.89875
7.9088
7.91886
7.92893
7.93898
