-0.0976351  -0.102995   0.384766
-0.0976113  -0.102937   0.384765
-0.0976191  -0.102956   0.384756
-0.0977506   -0.10304   0.384772
-0.0977479  -0.103038    0.38478
-0.0976359  -0.103064    0.38477
-0.0975488  -0.103075   0.384687
-0.097545 -0.103059  0.384687
-0.0977572  -0.103146   0.384811
-0.0976324  -0.103669   0.384571
-0.0974854   -0.10383    0.38444
-0.097462 -0.103793  0.384452
-0.0973937  -0.103846   0.384373
-0.0972574  -0.103743   0.384357
-0.0972578  -0.103745   0.384357
-0.0972574  -0.103743   0.384357
-0.0970296  -0.103579   0.384726
-0.0970394  -0.103793   0.384591
-0.0974349  -0.103533   0.384634
-0.0973617  -0.103744   0.384456
-0.0971489  -0.103755   0.384656
-0.0975444  -0.103512   0.384707
-0.0972522  -0.103569   0.384501
-0.0973273   -0.10355   0.384587
-0.0971612  -0.103582   0.384431
-0.0970597  -0.103605   0.384339
-0.0969267  -0.104123   0.384154
-0.0970635  -0.103629   0.384001
-0.097133  -0.10409  0.383905
-0.097133  -0.10409  0.383905
-0.0969004  -0.103954   0.383734
-0.0969004  -0.103954   0.383734
-0.0968845  -0.103876   0.383389
-0.0967728   -0.10382   0.383336
-0.0967728   -0.10382   0.383336
-0.0967416  -0.103624   0.383316
-0.0961468  -0.103691   0.383382
-0.0959498  -0.103532    0.38286
-0.0958025  -0.103355   0.382819
-0.0951936  -0.103384   0.382901
-0.0951936  -0.103384   0.382901
-0.0952966  -0.103305   0.382583
-0.0945231  -0.103655   0.382463
-0.0944087  -0.103588   0.382363
-0.0937983  -0.103305   0.382558
-0.0936533  -0.103123   0.382102
-0.0935304  -0.103138   0.381853
-0.0927908  -0.102882   0.381981
-0.0925128  -0.102631   0.381835
-0.092388 -0.102562  0.381762
-0.0921645  -0.102516   0.381594
-0.0916757  -0.102523   0.381719
-0.091605  -0.10249  0.381311
-0.0915899  -0.102404   0.381309
-0.0914862  -0.102792   0.381064
-0.0911126  -0.102831   0.380923
-0.0905965  -0.102749   0.381105
-0.0901921  -0.102658   0.380953
-0.0901921  -0.102658   0.380953
-0.0904883  -0.102535   0.380791
-0.0897736  -0.102468   0.380745
-0.0893928   -0.10232    0.38059
-0.0891659   -0.10264   0.380269
-0.0887728  -0.102575    0.37985
-0.0881334  -0.102666   0.379429
-0.0881334  -0.102666   0.379429
-0.0866561  -0.102622   0.379445
-0.0866561  -0.102622   0.379445
-0.0862298  -0.102908   0.379132
-0.0859892  -0.102652   0.379083
-0.0857453    -0.1029   0.378974
-0.0845425  -0.103031   0.379373
-0.0845066  -0.102739   0.379138
-0.0834809  -0.103022   0.379247
-0.0833506  -0.102708   0.379315
-0.0833506  -0.102708   0.379315
-0.0826856  -0.102526   0.379374
-0.0814622  -0.102426   0.379168
-0.0812692  -0.102413   0.378989
-0.0812692  -0.102413   0.378989
-0.0811214  -0.102154   0.379081
-0.0806784  -0.101926   0.378875
-0.0809887   -0.10182   0.378733
-0.0805355  -0.102171    0.37853
-0.0804258  -0.102122    0.37857
-0.0803327  -0.102039   0.378447
-0.0801752   -0.10225    0.37835
-0.0798151   -0.10214   0.378566
-0.0797681  -0.101942   0.378641
-0.0795725  -0.101654   0.378608
-0.079515 -0.101986  0.378538
-0.0788872  -0.101823    0.37817
-0.0785391  -0.101917   0.377983
-0.078182 -0.101997  0.377812
-0.077809 -0.101781   0.37771
-0.0777654  -0.101468   0.377444
-0.0775053   -0.10163   0.377354
-0.0772754  -0.101801   0.377252
-0.0772644  -0.101813   0.377239
-0.0766622  -0.102033   0.377345
-0.0766609  -0.102131   0.377399
-0.0765238  -0.102372   0.377368
-0.0755612  -0.102656   0.377449
-0.0754309  -0.102392     0.3776
-0.075548 -0.102604  0.377275
-0.0747367  -0.102658   0.377233
-0.0745959  -0.102419   0.377337
-0.0739768  -0.102244   0.376947
-0.0742923    -0.1024    0.37683
-0.0736133  -0.102824   0.376599
-0.0737532  -0.102309    0.37649
-0.0736366   -0.10249   0.376488
-0.0733583   -0.10272    0.37629
-0.0730955  -0.102853   0.376264
-0.0727222  -0.103163   0.376432
-0.0724462  -0.102966   0.376557
-0.0719569  -0.103304   0.376722
-0.0716413  -0.103491    0.37657
-0.0715108  -0.103201   0.376715
-0.0708635  -0.103306   0.376939
-0.0707373  -0.103383   0.376874
-0.0705151  -0.103509   0.376855
-0.0704688  -0.102802    0.37718
-0.0703998  -0.103552   0.376992
-0.0703522  -0.103544    0.37708
-0.0703255  -0.103631   0.377133
-0.0700141  -0.103405   0.377578
-0.069977 -0.103507  0.377655
-0.0694901  -0.103704   0.377813
-0.0694499  -0.103591   0.377982
-0.0694062  -0.104397   0.377915
-0.0693062  -0.104471   0.378007
 -0.06926 -0.104321  0.377944
-0.0691261  -0.104234   0.378027
-0.0690167  -0.104451   0.377998
-0.069077  -0.10434  0.378158
-0.0688521  -0.104682   0.378091
-0.068641 -0.104601  0.378134
-0.0682541  -0.105419   0.377922
-0.067911   -0.1051  0.378215
-0.0681735  -0.105739   0.378336
-0.0683601  -0.105633    0.37856
-0.0678122   -0.10536   0.378963
-0.0673001  -0.105638   0.379114
-0.0666242   -0.10644   0.379264
-0.0666979  -0.106336   0.379372
-0.0660591    -0.1068     0.3795
-0.0660281  -0.107295   0.379513
-0.065269 -0.107219  0.379726
-0.0645742  -0.107658   0.379892
-0.0643752  -0.108194   0.379799
-0.0644127  -0.108538   0.379886
-0.0639098  -0.108342   0.380016
-0.0638088   -0.10861   0.380515
-0.0628587  -0.109274   0.380657
-0.0627437  -0.109464   0.381167
-0.0626522  -0.109895   0.381695
-0.0624987  -0.110013   0.382235
-0.0622743  -0.110095   0.382652
-0.0619092   -0.11078   0.382836
-0.0617837  -0.111085   0.382912
-0.0612746  -0.111682   0.383364
-0.0615468  -0.112216   0.383678
-0.0611588  -0.112112   0.384128
-0.0613919  -0.112391   0.384386
-0.0608431  -0.113025   0.384391
-0.0605974  -0.113388   0.384606
-0.0609748  -0.114208   0.384616
-0.0611903   -0.11465   0.384772
-0.0607955  -0.115148   0.385251
-0.0606318  -0.115502   0.385638
-0.0605634  -0.116572   0.385835
-0.0609278  -0.116915   0.386133
-0.0616255  -0.117196   0.386312
-0.061325 -0.117064  0.386818
-0.0609482   -0.11771   0.386909
-0.0606722  -0.117979   0.387119
-0.0601841  -0.118241   0.387206
-0.0605026  -0.118832   0.387232
-0.0598989  -0.119001    0.38731
-0.0591983  -0.119157   0.387302
-0.0584505  -0.118955   0.387847
-0.058287 -0.119567  0.387587
-0.0579957  -0.120275   0.387711
-0.0573092   -0.12103   0.387558
-0.0574576  -0.121489   0.387715
-0.0576133   -0.12191   0.387888
-0.0570418  -0.122111   0.388514
-0.0567803  -0.122337   0.388867
-0.0561052  -0.122931   0.389308
-0.0565669   -0.12286   0.389801
-0.0558655  -0.123079   0.390517
-0.0554216  -0.123262    0.39107
-0.0555561  -0.123569   0.391532
-0.0549847   -0.12349   0.392121
-0.0540341  -0.123641    0.39269
-0.0532353  -0.124053   0.392899
-0.0525443  -0.124523   0.393232
-0.0523976  -0.125308   0.393348
-0.0527689  -0.125733   0.393751
-0.0528723  -0.125439   0.394104
-0.052426 -0.125378  0.394744
-0.0524892  -0.125634   0.395224
-0.0526256  -0.127097    0.39483
-0.0551225  -0.128923   0.393316
-0.056942 -0.130931  0.390518
-0.0582269  -0.133572   0.388195
-0.0578554  -0.136218   0.387416
-0.0575506   -0.13967   0.386725
-0.0570771   -0.14314   0.386025
-0.0570771   -0.14314   0.386025
-0.0573705  -0.145562   0.385309
-0.0574921  -0.148087   0.384888
-0.0584667  -0.149939   0.383956
-0.0597084  -0.151748   0.383118
-0.0605382  -0.154167   0.381758
-0.0615961  -0.155349   0.380674
-0.0631182  -0.156843   0.379244
-0.0655259  -0.160673   0.375962
-0.0669826  -0.161414   0.374145
-0.0689225  -0.162296   0.372895
-0.0717904  -0.163452   0.370344
-0.0736726  -0.165408    0.36803
-0.0736726  -0.165408    0.36803
-0.0759532  -0.166151   0.365752
-0.0762323  -0.165771   0.365082
-0.0768223  -0.164849    0.36486
-0.0763261  -0.164614   0.364173
-0.0757266  -0.164061   0.363414
-0.0758382  -0.163758   0.362012
-0.0758382  -0.163758   0.362012
-0.0743775  -0.163514   0.360348
-0.0701816  -0.161382   0.356075
-0.0674829  -0.160609   0.354612
-0.0648493  -0.159743   0.352755
-0.0648493  -0.159743   0.352755
-0.0618622  -0.159143   0.351095
-0.0599075  -0.157625   0.349588
-0.0576816  -0.156352   0.348065
-0.055255 -0.154898  0.346544
-0.0531307  -0.154309    0.34466
-0.0506168  -0.153154   0.343297
-0.0490232  -0.152185   0.342006
-0.0472687  -0.151444   0.340808
-0.0467928  -0.151245     0.3394
-0.0457512  -0.150463   0.338377
-0.044402  -0.15102  0.335425
-0.044402  -0.15102  0.335425
-0.0426604  -0.150555   0.332933
-0.0416488  -0.150481   0.331817
-0.0410191  -0.150039    0.33073
-0.0399794  -0.150045   0.329462
-0.039374 -0.149733  0.328225
-0.0386027  -0.149304   0.327208
-0.037831 -0.148574  0.326371
-0.0370648  -0.148111   0.325206
-0.0362483  -0.147659   0.324084
-0.0355026  -0.147392   0.322803
-0.0347559  -0.147009   0.321553
-0.0340034  -0.146633   0.320341
-0.0332709  -0.146258   0.319074
-0.0332709  -0.146258   0.319074
-0.0322166  -0.145587    0.31807
-0.0314932  -0.145185   0.315594
-0.0304536  -0.144628   0.314478
-0.0308969  -0.144835   0.314442
-0.029918 -0.144312  0.312111
-0.0295113  -0.144064   0.311055
-0.0295113  -0.144064   0.311055
-0.0293001  -0.143465   0.310519
-0.0289963  -0.143627    0.30949
-0.028916 -0.143228  0.309073
-0.0282602  -0.143128   0.308122
-0.0282602  -0.143128   0.308122
-0.0286589  -0.143521   0.307666
-0.0285492  -0.143545   0.307236
-0.028618 -0.143354  0.307399
-0.0284809  -0.143801   0.306668
-0.0285384  -0.143939   0.306674
-0.0285796  -0.144167   0.306698
-0.0285796  -0.144167   0.306698
-0.0287458  -0.144364   0.307117
-0.028759 -0.144223  0.307446
-0.028759 -0.144223  0.307446
-0.028931 -0.144661  0.307552
-0.0289527  -0.144953   0.307981
-0.0291702  -0.145079   0.308492
-0.0297009  -0.144986   0.309161
-0.0303169  -0.145778   0.309653
-0.030684 -0.146106  0.310126
-0.0314371  -0.146181   0.311277
-0.0319125  -0.146888   0.311681
-0.0324201  -0.147391   0.312513
-0.0326657  -0.147615   0.312887
-0.0332793  -0.147612   0.313743
-0.0333097  -0.148204   0.314124
-0.0331619  -0.147756   0.314603
-0.0322416  -0.147302   0.314026
-0.0322416  -0.147302   0.314026
-0.0312393  -0.146866   0.313449
-0.0303667  -0.146186   0.313313
-0.029361 -0.145534  0.312903
-0.0277967  -0.144927    0.31233
-0.027041 -0.144263  0.311828
-0.0260885  -0.143331   0.311394
-0.0248389  -0.142761   0.310865
-0.024122 -0.142075  0.310523
-0.023517 -0.141899  0.310177
-0.0227476  -0.141499   0.310041
-0.0220735  -0.141286   0.309699
-0.0215478  -0.141259   0.309369
-0.0212948  -0.141215   0.309363
-0.0210314  -0.141242   0.309244
-0.0207865  -0.141453   0.308998
-0.0199704  -0.141462   0.309019
-0.0200125  -0.141161   0.309322
-0.0197345  -0.141715   0.309356
-0.0191243  -0.141681   0.309555
-0.0191496   -0.14194   0.309527
-0.019183 -0.142102  0.309508
-0.019358 -0.142187  0.309262
-0.0193645  -0.142207   0.309258
-0.0193607  -0.142337   0.309128
-0.0194703  -0.142377   0.308831
-0.0194772  -0.142393   0.308827
-0.0198553  -0.142518   0.308556
-0.0197095  -0.142398   0.308472
-0.0196678  -0.142352   0.308364
-0.0196296  -0.142336   0.308258
-0.0197117  -0.142353   0.308326
-0.0197628  -0.142493   0.308199
-0.0195773  -0.142352    0.30783
-0.0190602  -0.142259   0.307686
-0.0197235  -0.142542   0.307747
-0.0196787  -0.142444   0.307715
-0.0196467  -0.142355   0.307613
-0.0196828   -0.14223   0.307817
-0.0196998  -0.142176   0.307823
-0.0198137   -0.14244    0.30778
-0.0199172  -0.142466   0.307964
-0.0199367  -0.142494   0.307968
-0.0198838  -0.142648   0.308257
-0.0199879  -0.142722   0.308446
-0.0199879  -0.142722   0.308446
-0.0200189  -0.142723   0.308429
-0.0202104  -0.142898    0.30883
-0.0198695  -0.143005   0.308902
-0.0200945  -0.143109   0.308832
-0.0199114  -0.143182   0.308938
-0.0199114  -0.143182   0.308938
-0.0201952  -0.143264   0.309191
-0.02029 -0.14323 0.309167
-0.020314 -0.143167  0.309195
-0.0201385  -0.143301   0.309299
-0.0198588  -0.143184   0.309263
-0.0197256  -0.143238   0.309375
-0.0197256  -0.143238   0.309375
-0.0200793  -0.143074   0.309484
-0.0200642  -0.143073   0.309495
-0.0203436    -0.1433   0.309309
-0.0203189  -0.143417   0.309542
-0.0198811  -0.143416   0.309583
-0.0203125  -0.143435   0.309553
-0.0203081  -0.143366   0.309591
-0.0203197  -0.143456   0.309539
-0.0202983   -0.14343    0.30956
-0.0202055  -0.143267   0.309448
-0.0202656  -0.143342    0.30949
 -0.02033 -0.143474  0.309532
-0.0202046  -0.143383   0.309399
-0.0202046  -0.143383   0.309399
-0.020341 -0.143426  0.309539
-0.0203347  -0.143379   0.309567
-0.0198944  -0.143469   0.309565
-0.0203149  -0.143473   0.309543
-0.0202686  -0.143434   0.309439
-0.0203041  -0.143474   0.309579
-0.0203007  -0.143476   0.309582
-0.0203048  -0.143366    0.30962
-0.0198585  -0.143487   0.309613
-0.0198818  -0.143441   0.309609
-0.0198745  -0.143483   0.309609
-0.0198976   -0.14348   0.309607
-0.0198595  -0.143395   0.309664
-0.0198634  -0.143483   0.309615
-0.0198807  -0.143388   0.309649
-0.0196393  -0.143468   0.309661
-0.0195335   -0.14331   0.309562
-0.0195366  -0.142936   0.309769
-0.0195348  -0.143292   0.309557
-0.0195051  -0.143414   0.309555
-0.0195677  -0.143312   0.309701
-0.019499 -0.143299  0.309606
 -0.01955 -0.142956  0.309924
  -0.0195 -0.143316  0.309601
-0.0195478  -0.143378   0.309703
-0.0195658  -0.143463   0.309648
-0.019559 -0.143356  0.309696
-0.0195338  -0.143373   0.309712
-0.0195851  -0.143443   0.309605
-0.019559 -0.143356  0.309696
-0.0195473  -0.143352   0.309703
-0.0195816  -0.143371    0.30965
-0.019563 -0.143444  0.309647
-0.019563 -0.143444  0.309647
-0.0196545  -0.143505    0.30982
-0.0199781  -0.143435   0.309626
-0.0199781  -0.143435   0.309626
-0.0201167  -0.143443    0.30981
-0.0200124  -0.143382   0.309662
-0.0197013  -0.143451   0.309831
  -0.0197 -0.143469  0.309836
-0.0196781   -0.14347   0.309878
-0.0196648  -0.143454   0.309882
-0.020108 -0.143459  0.309848
-0.0201154  -0.143391   0.309846
-0.0201098  -0.143532   0.309798
-0.0201277  -0.143488   0.309767
-0.0201087  -0.143395   0.309852
-0.0200942  -0.143397   0.309861
-0.0196714  -0.143549   0.309836
-0.0196833   -0.14354   0.309825
-0.0196942  -0.143467   0.309869
-0.0196686  -0.143466   0.309881
-0.0195698  -0.143271   0.309918
-0.0195404  -0.143469   0.309713
-0.0196736  -0.143453   0.309881
-0.0196736  -0.143453   0.309881
-0.0196781   -0.14347   0.309878
-0.0196781   -0.14347   0.309878
-0.0195109  -0.143427   0.309587
-0.0194885  -0.143352   0.309647
-0.0195551  -0.143467   0.309691
-0.0195551  -0.143467   0.309691
-0.0195739   -0.14337   0.309725
-0.0195613  -0.143372   0.309731
-0.0195647  -0.143369   0.309728
-0.019555 -0.143395  0.309742
-0.0195633  -0.143386   0.309733
-0.0196793   -0.14345   0.309873
-0.0195455  -0.143391   0.309745
-0.0195455  -0.143391   0.309745
-0.0195579  -0.143374   0.309734
-0.0195492  -0.143375   0.309735
-0.0196833   -0.14354   0.309825
-0.0196794  -0.143452   0.309873
-0.0195341  -0.143374   0.309745
-0.0201065  -0.143534   0.309801
-0.0200965  -0.143486   0.309812
-0.0201087  -0.143395   0.309852
-0.0196765  -0.143545    0.30983
-0.0201093  -0.143441   0.309843
-0.0196131  -0.143412   0.309812
-0.0200284  -0.143404   0.309791
-0.0200284  -0.143404   0.309791
-0.0200969  -0.143444   0.309883
-0.0200972  -0.143457    0.30988
-0.0200969  -0.143459   0.309854
-0.020129  -0.14344  0.309844
-0.0196643  -0.143448   0.309909
-0.0196576  -0.143565   0.309873
-0.0196604  -0.143472   0.309916
-0.0196575  -0.143452   0.309915
-0.0196575  -0.143452   0.309915
-0.0196047  -0.143364   0.309823
-0.0196643  -0.143448   0.309909
-0.0196635  -0.143443   0.309911
-0.0195111  -0.143482   0.310017
-0.0195195  -0.143491   0.309987
-0.0195359  -0.143373   0.309776
-0.0194977  -0.143352   0.309644
-0.0195433  -0.143374   0.309743
-0.0195434  -0.143376   0.309742
-0.0195434  -0.143376   0.309742
-0.0195502  -0.143371   0.309737
-0.0195502  -0.143371   0.309737
-0.0195573  -0.143371   0.309736
-0.0195354  -0.143399   0.309753
-0.0195428  -0.143373   0.309744
-0.0199869  -0.143359   0.309706
-0.0196788  -0.143449   0.309875
-0.0195502  -0.143409   0.309742
-0.0195502  -0.143409   0.309742
-0.0196868  -0.143426   0.309892
-0.0196782  -0.143582   0.309836
-0.0196782  -0.143582   0.309836
-0.0195579  -0.143374   0.309734
-0.0201025  -0.143444   0.309849
-0.0201161  -0.143437   0.309838
-0.0200936  -0.143461   0.309857
-0.019536 -0.143375  0.309776
-0.0200847  -0.143535   0.309843
-0.0196794  -0.143452   0.309873
-0.0196794  -0.143452   0.309873
-0.0196671  -0.143467    0.30991
-0.0196247  -0.143434   0.309823
-0.0196495  -0.143475   0.309926
-0.0200909  -0.143439   0.309883
-0.0200909  -0.143439   0.309883
-0.019536 -0.143375  0.309776
-0.0196171  -0.143501   0.309763
-0.0195074  -0.143399    0.30963
-0.0196635   -0.14347   0.309887
-0.0195023  -0.143404   0.309606
-0.019536 -0.142996  0.309996
-0.019536 -0.142996  0.309996
-0.0194932  -0.143333   0.309672
-0.0194898  -0.143334   0.309642
-0.0194898  -0.143334   0.309642
-0.0195418  -0.143377   0.309742
-0.0195628  -0.143384   0.309735
-0.0196404  -0.143425   0.309769
-0.0195484  -0.143472   0.309697
-0.0196794  -0.143452   0.309873
-0.0195579  -0.143374   0.309734
-0.0194985   -0.14333   0.309666
-0.019536 -0.143375  0.309776
-0.0195573  -0.143371   0.309736
-0.0196637  -0.143402   0.309918
-0.0195181  -0.143424    0.30975
-0.0195561  -0.143376   0.309737
-0.0196753  -0.143563   0.309835
-0.0196788  -0.143406   0.309881
-0.0196602  -0.143558   0.309872
-0.0196469  -0.143542   0.309876
-0.0196599  -0.143546   0.309882
-0.0196547  -0.143545   0.309872
-0.0196536  -0.143477   0.309921
-0.0196521  -0.143538    0.30987
-0.0195945  -0.143525   0.309783
-0.0200876  -0.143554   0.309843
-0.0199214  -0.143324   0.309643
-0.0200969  -0.143444   0.309882
-0.0196053   -0.14341   0.309815
-0.0195986  -0.143414    0.30982
-0.0201005  -0.143446   0.309892
-0.0196811   -0.14354   0.309868
-0.0194911  -0.143332   0.309674
-0.0196263  -0.143451    0.30996
-0.0195885  -0.143506   0.309811
-0.0196184  -0.143548   0.309924
-0.0195064  -0.143372   0.309821
-0.0199063   -0.14332   0.309679
-0.0194802  -0.143583    0.31002
-0.0195046  -0.143473   0.309781
-0.0194802  -0.143583    0.31002
-0.0196322  -0.143543   0.309917
 -0.01963 -0.143545  0.309947
-0.0195275  -0.143465   0.309767
-0.0195326  -0.143465   0.309735
-0.0195326  -0.143465   0.309735
-0.0194911  -0.143332   0.309674
-0.0193407  -0.143369   0.309818
-0.0193229  -0.143486   0.309779
-0.0194917  -0.143335   0.309672
-0.019512 -0.143471  0.309773
-0.0195209   -0.14337   0.309812
-0.019645 -0.143455  0.309954
-0.0196398  -0.143559   0.309913
-0.0195313  -0.143367   0.309816
-0.0195135  -0.143329   0.309826
-0.0195261  -0.143358    0.30979
-0.0196518   -0.14345   0.309949
-0.0195209   -0.14337   0.309812
-0.0195557  -0.143374   0.309777
-0.0195113  -0.143468   0.309775
-0.0200527  -0.143444   0.309936
-0.0195165  -0.143469   0.309785
-0.0196513  -0.143563   0.309921
-0.0196329  -0.143546   0.309915
-0.0196329  -0.143546   0.309915
-0.0196432  -0.143543   0.309919
-0.0196526  -0.143545   0.309916
-0.0196526  -0.143545   0.309916
-0.0200334  -0.143403    0.30982
-0.0196621  -0.143447   0.309953
-0.0196715  -0.143449    0.30995
-0.0195113  -0.143468   0.309775
-0.019611 -0.143412  0.309855
-0.0196329  -0.143546   0.309915
-0.0196329  -0.143546   0.309915
-0.0196358  -0.143565   0.309915
-0.0196357  -0.143453   0.309957
-0.0195378  -0.143462   0.309771
-0.0196344  -0.143471   0.309962
-0.0196184  -0.143548   0.309924
 -0.01959 -0.143431  0.309859
-0.0196281  -0.143474   0.309967
-0.0196281  -0.143474   0.309967
-0.0194955  -0.143488   0.309789
-0.0196356  -0.143451   0.309957
 -0.01959 -0.143431  0.309859
-0.019627 -0.143454  0.309958
-0.0196362  -0.143451   0.309957
-0.0196249  -0.143568   0.309925
-0.0194996  -0.143377   0.309827
-0.0195141  -0.143375   0.309818
-0.0196344  -0.143471   0.309962
-0.0195209   -0.14337   0.309812
-0.0196643  -0.143448   0.309909
-0.0196357  -0.143453   0.309957
-0.0196238  -0.143561   0.309923
-0.0196609  -0.143465   0.309958
-0.0197812  -0.143492   0.309855
-0.0196396  -0.143541   0.309909
-0.0196316  -0.143564    0.30992
-0.0196212  -0.143455   0.309966
-0.0196448  -0.143542   0.309919
-0.0196598  -0.143538   0.309909
-0.0196184  -0.143548   0.309924
-0.0196199  -0.143473   0.309971
-0.0196119  -0.143565   0.309927
-0.0195913  -0.143413   0.309854
-0.0195885  -0.143506   0.309811
-0.0200724  -0.143482   0.309885
-0.019646  -0.14345  0.309961
-0.0196381  -0.143547   0.309925
-0.0195767  -0.143415   0.309863
-0.0196647  -0.143454   0.309956
-0.0196184  -0.143548   0.309924
-0.0196448  -0.143542   0.309919
-0.0196329  -0.143546   0.309915
-0.0195761  -0.143369   0.309871
-0.0195885  -0.143506   0.309811
-0.0196425  -0.143561   0.309909
-0.0196199  -0.143473   0.309971
-0.0196329  -0.143546   0.309915
-0.019598 -0.143408  0.309848
-0.0196212  -0.143455   0.309966
-0.0196357  -0.143453   0.309957
-0.0196251  -0.143543   0.309918
-0.0194802  -0.143583    0.31002
-0.0195128  -0.143393   0.309823
-0.0196402  -0.143562   0.309927
-0.0196357  -0.143453   0.309957
-0.0195113  -0.143468   0.309775
-0.0194692  -0.143332   0.309716
-0.0194738    -0.1436   0.310024
-0.0195953  -0.143501   0.309805
-0.0196329  -0.143546   0.309915
-0.0195046  -0.143473   0.309781
-0.0196116  -0.143553   0.309929
-0.0196402  -0.143469   0.309949
-0.0196412  -0.143466   0.309956
-0.0195141  -0.143375   0.309818
-0.0196451  -0.143546   0.309911
-0.0196226  -0.143454   0.309965
-0.0196226  -0.143454   0.309965
-0.0196534  -0.143536    0.30991
-0.0196277  -0.143476   0.309968
-0.0196277  -0.143476   0.309968
-0.0194755  -0.143329   0.309859
-0.0195953  -0.143501   0.309805
-0.0195477  -0.143402   0.309784
-0.0196507  -0.143517   0.309929
-0.0195142  -0.143487   0.309776
-0.0195142  -0.143487   0.309776
-0.0196316  -0.143564    0.30992
-0.019639 -0.143495  0.309917
-0.0196518  -0.143561    0.30992
-0.0196526  -0.143545   0.309916
-0.0196438   -0.14352   0.309935
-0.0194689  -0.143415   0.309678
-0.0194689  -0.143415   0.309678
-0.0196576  -0.143469   0.309961
-0.0196357  -0.143453   0.309957
-0.0196322    -0.1435   0.309923
-0.0195261  -0.143371   0.309822
-0.0196131  -0.143472    0.30982
-0.0195222  -0.143395    0.30982
-0.0195298  -0.143485   0.309781
-0.0195004  -0.143555   0.310025
-0.0195949  -0.143491   0.309829
-0.0196519  -0.143499   0.309924
-0.0196329  -0.143546   0.309915
-0.0196329  -0.143546   0.309915
-0.0195127  -0.143468   0.309774
-0.019598 -0.143408  0.309848
-0.0196316  -0.143564    0.30992
-0.0196373  -0.143452   0.309958
-0.019643 -0.143539  0.309906
-0.019574 -0.143508   0.30982
-0.0196196  -0.143532   0.309932
-0.0194992  -0.143361   0.309835
-0.0195168  -0.143481   0.309774
-0.0196541   -0.14347   0.309963
-0.0194967  -0.143395   0.309832
-0.0194621  -0.143332   0.309717
-0.0196184  -0.143548   0.309924
-0.0196554  -0.143452   0.309958
-0.0196329  -0.143546   0.309915
-0.0196369  -0.143437   0.309965
-0.019598 -0.143408  0.309848
-0.0196116  -0.143553   0.309929
-0.0196554  -0.143452   0.309958
-0.0196554  -0.143452   0.309958
-0.0194979  -0.143506   0.310059
-0.0196351  -0.143407   0.309966
-0.019611 -0.143412  0.309855
-0.0196413  -0.143515   0.309932
-0.0196357  -0.143453   0.309957
-0.0196083  -0.143522   0.309816
-0.0195913  -0.143413   0.309854
-0.0196316  -0.143564    0.30992
-0.0196621  -0.143447   0.309953
-0.0193055  -0.143463    0.30978
-0.0194653  -0.143445   0.309955
 -0.01959 -0.143431  0.309859
-0.0196351  -0.143407   0.309966
-0.0196344  -0.143471   0.309962
-0.0196358  -0.143408   0.310007
-0.0195332  -0.143328   0.309827
-0.0194983  -0.143395   0.309832
-0.0194983  -0.143395   0.309832
-0.0196241  -0.143474   0.309967
-0.0196241  -0.143474   0.309967
-0.0196357  -0.143453   0.309957
-0.0196378  -0.143468   0.309959
-0.0196378  -0.143468   0.309959
-0.019531 -0.143467  0.309776
-0.0196554  -0.143452   0.309958
-0.0196554  -0.143452   0.309958
-0.0196277  -0.143476   0.309968
-0.0196277  -0.143476   0.309968
-0.0195113  -0.143468   0.309775
-0.0195006  -0.143411   0.309834
-0.0195006  -0.143411   0.309834
-0.019574 -0.143508   0.30982
-0.0196357  -0.143453   0.309957
-0.0196261  -0.143551    0.30992
-0.0196437  -0.143432    0.30996
-0.0196316  -0.143564    0.30992
-0.0196396  -0.143541   0.309909
-0.0194812  -0.143286   0.309727
-0.0196406  -0.143463   0.309958
-0.0195953  -0.143501   0.309805
-0.0196396  -0.143541   0.309909
-0.0196357  -0.143453   0.309957
-0.0194658  -0.143446   0.309676
-0.0195913  -0.143413   0.309854
-0.0195906  -0.143367   0.309862
-0.0196384  -0.143559   0.309914
-0.0196384  -0.143559   0.309914
-0.0194922  -0.143379   0.309835
-0.0196416  -0.143502    0.30992
-0.0196285  -0.143423   0.309964
-0.0200309  -0.143397    0.30983
-0.0194443  -0.143464   0.309959
-0.0194961   -0.14322     0.3099
-0.019574 -0.143508   0.30982
-0.0196082  -0.143505   0.309812
-0.0194843  -0.143474   0.310071
-0.0196538  -0.143529   0.309924
-0.0195767  -0.143415   0.309863
-0.0195767  -0.143415   0.309863
-0.019518 -0.143394  0.309833
-0.019631 -0.143518  0.309928
-0.0196357  -0.143453   0.309957
-0.0196396  -0.143541   0.309909
-0.0196512  -0.143405   0.309957
-0.0195885  -0.143506   0.309811
-0.0196391  -0.143563   0.309912
-0.0196784  -0.143435   0.309924
-0.0196235  -0.143544   0.309918
-0.0196235  -0.143544   0.309918
-0.0196425  -0.143448   0.309952
-0.0196329  -0.143546   0.309915
-0.0196199  -0.143473   0.309971
-0.0196357  -0.143453   0.309957
-0.0196235  -0.143544   0.309918
-0.0195858   -0.14343   0.309872
-0.0196193   -0.14347   0.309973
-0.019436 -0.143543  0.309917
-0.0196554  -0.143452   0.309958
-0.0195872  -0.143524   0.309816
-0.0194671  -0.143428   0.309672
-0.0196322    -0.1435   0.309923
-0.0194999  -0.143582   0.310022
-0.0194388   -0.14345   0.309959
-0.0195209   -0.14337   0.309812
-0.0196329  -0.143546   0.309915
-0.0196374  -0.143544   0.309927
-0.0195913  -0.143413   0.309854
-0.0196357  -0.143453   0.309957
-0.0196528  -0.143445   0.309956
-0.0196329  -0.143546   0.309915
-0.0196507  -0.143517   0.309929
-0.0196261  -0.143551    0.30992
-0.0194898  -0.143486   0.310057
-0.019643 -0.143539  0.309906
-0.0195953  -0.143501   0.309805
-0.0195885  -0.143506   0.309811
-0.0196554  -0.143452   0.309958
-0.0196357  -0.143453   0.309957
-0.0196289  -0.143458   0.309963
-0.0196329  -0.143546   0.309915
-0.0196351  -0.143407   0.309966
-0.0195372  -0.143417   0.309779
-0.0200409  -0.143402   0.309825
-0.0195064  -0.143372   0.309821
-0.0196357  -0.143453   0.309957
-0.019643 -0.143539  0.309906
-0.0196329  -0.143546   0.309915
-0.0196391  -0.143451   0.309954
-0.0196344  -0.143471   0.309962
-0.0194996  -0.143377   0.309827
-0.0196425  -0.143448   0.309952
-0.0195125  -0.143452   0.309783
-0.0195147  -0.143378   0.309816
-0.0196301  -0.143569   0.309935
-0.0196357  -0.143453   0.309957
-0.0195672  -0.143513   0.309826
-0.0195313  -0.143367   0.309816
-0.0196316  -0.143564    0.30992
-0.0196329  -0.143546   0.309915
-0.0196149   -0.14352   0.309937
-0.019531 -0.143467  0.309776
-0.0196245  -0.143497   0.309926
-0.0196338  -0.143425   0.309971
-0.0194889  -0.143288   0.309724
-0.0193685  -0.143408   0.309918
-0.0196357  -0.143453   0.309957
-0.0195946  -0.143455   0.309814
-0.0196261  -0.143551    0.30992
-0.0195122  -0.143347   0.309831
-0.019639 -0.143538  0.309911
-0.0194926  -0.143541   0.310036
-0.0194926  -0.143541   0.310036
-0.0196554  -0.143452   0.309958
-0.0196223  -0.143562   0.309922
-0.0196357  -0.143453   0.309957
-0.0195338  -0.143374   0.309819
-0.0195187   -0.14333   0.309836
