5.00679e-06
0.0100579
0.0201139
0.0301681
0.0402369
0.050303
0.0603631
0.0704181
0.080502
0.0905581
0.100597
0.110652
0.120721
0.130786
0.140851
0.150917
0.160986
0.171049
0.181104
0.191158
0.201213
0.211267
0.221321
0.231374
0.241449
0.251505
0.261559
0.271616
0.281687
0.291753
0.30182
0.311874
0.321941
0.332011
0.342068
0.352135
0.36219
0.372247
0.382313
0.392379
0.402436
0.412492
0.422548
0.432603
0.442659
0.452721
0.462778
0.472846
0.482902
0.492957
0.503014
0.513088
0.523145
0.533217
0.543285
0.553351
0.56342
0.573489
0.583545
0.593627
0.603713
0.613784
0.623853
0.633908
0.64398
0.654056
0.664166
0.674231
0.684298
0.694363
0.704443
0.714508
0.724575
0.734629
0.744702
0.754769
0.76484
0.774909
0.784977
0.795033
0.805092
0.815147
0.825209
0.835268
0.845332
0.855387
0.865454
0.87551
0.885566
0.895637
0.905705
0.91576
0.925827
0.935894
0.945949
0.956038
0.966103
0.976168
0.986235
0.99631
1.00638
1.01643
1.02649
1.03655
1.0466
1.05667
1.06673
1.07679
1.08684
1.0969
1.10695
1.11701
1.12707
1.13714
1.14721
1.15727
1.16734
1.17741
1.18748
1.19754
1.20761
1.21768
1.22774
1.23781
1.24787
1.25793
1.26799
1.27802
1.28809
1.29815
1.30822
1.31828
1.32835
1.33842
1.34848
1.35855
1.36861
1.37866
1.38873
1.3988
1.40886
1.41893
1.42899
1.43907
1.44913
1.45918
1.46924
1.4793
1.48935
1.49941
1.50947
1.51954
1.52961
1.53966
1.54973
1.55978
1.56984
1.5799
1.58995
1.60001
1.61006
1.62013
1.63019
1.64026
1.65032
1.66038
1.67043
1.6805
1.69056
1.70061
1.71067
1.72073
1.73078
1.74084
1.7509
1.76095
1.77101
1.78107
1.79112
1.80119
1.81125
1.82131
1.83138
1.84145
1.85151
1.86158
1.87164
1.88171
1.89177
1.90183
1.9119
1.92197
1.93202
1.94209
1.95215
1.96222
1.97229
1.98236
1.99242
2.00249
2.01255
2.02262
2.03268
2.04274
2.05279
2.06285
2.07291
2.08297
2.09304
2.1031
2.11316
2.12323
2.1333
2.14336
2.15343
2.16349
2.17356
2.18362
2.19369
2.20375
2.21382
2.22389
2.23396
2.24402
2.25408
2.26413
2.2742
2.28426
2.29433
2.3044
2.31445
2.32452
2.33458
2.34465
2.3547
2.36477
2.37484
2.3849
2.39496
2.40503
2.41508
2.42514
2.43519
2.44527
2.45533
2.4654
2.47546
2.48552
2.49557
2.50564
2.5157
2.52577
2.53584
2.5459
2.55596
2.56601
2.57607
2.58612
2.59618
2.60625
2.6163
2.62636
2.63643
2.64649
2.65655
2.6666
2.67667
2.68673
2.6968
2.70686
2.71693
2.72699
2.73705
2.74711
2.75716
2.76723
2.77729
2.78735
2.79741
2.80746
2.81752
2.82757
2.83763
2.84768
2.85774
2.8678
2.87785
2.88791
2.89796
2.90802
2.91807
2.92814
2.93819
2.94825
2.95831
2.96836
2.97842
2.98848
2.99853
3.00859
3.01864
3.0287
3.03875
3.04881
3.05887
3.06892
3.07899
3.08905
3.09911
3.10916
3.11922
3.12927
3.13933
3.14938
3.15944
3.16949
3.17955
3.1896
3.19966
3.20971
3.21977
3.22982
3.23988
3.24993
3.25998
3.27004
3.28009
3.29015
3.3002
3.31026
3.32032
3.33038
3.34044
3.35051
3.36057
3.37062
3.38068
3.39074
3.40079
3.41085
3.42092
3.43098
3.44105
3.45111
3.46116
3.47122
3.48127
3.49133
3.50138
3.51144
3.5215
3.53156
3.54163
3.55171
3.56177
3.57183
3.58189
3.59195
3.60201
3.61207
3.62214
3.63219
3.64225
3.6523
3.66237
3.67243
3.68248
3.69254
3.70259
3.71265
3.72271
3.73277
3.74282
3.75288
3.76293
3.773
3.78306
3.79311
3.80318
3.81324
3.8233
3.83336
3.84344
3.85349
3.86356
3.87362
3.88369
3.89376
3.90382
3.91388
3.92394
3.934
3.94407
3.95413
3.9642
3.97427
3.98433
3.9944
4.00446
4.01453
4.0246
4.03466
4.04473
4.05479
4.06485
4.07492
4.08499
4.09505
4.10511
4.11516
4.12522
4.13527
4.14534
4.1554
4.16546
4.17553
4.1856
4.19567
4.20572
4.21579
4.22586
4.23592
4.24599
4.25605
4.26611
4.27618
4.28625
4.2963
4.30636
4.31642
4.32647
4.33654
4.34659
4.35665
4.36671
4.37676
4.38683
4.39689
4.40694
4.417
4.42705
4.43712
4.44719
4.45724
4.4673
4.47736
4.48742
4.49749
4.50755
4.5176
4.52767
4.53773
4.54778
4.55784
4.5679
4.57798
4.58803
4.59809
4.60815
4.61821
4.62826
4.63833
4.64839
4.65844
4.66852
4.67858
4.68864
4.6987
4.70877
4.71884
4.72889
4.73896
4.74902
4.75909
4.76915
4.77921
4.78926
4.79932
4.80934
4.81941
4.82946
4.83954
4.84959
4.85965
4.8697
4.87976
4.88981
4.89988
4.90995
4.92
4.93006
4.94015
4.95021
4.9603
4.9704
4.98046
4.99054
5.0006
5.0107
5.02075
5.03085
5.04094
5.05103
5.06111
5.07118
5.08128
5.09136
5.10142
5.11148
5.12154
5.13159
5.14165
5.15171
5.16176
5.17182
5.18188
5.19193
5.202
5.21205
5.22211
5.23217
5.24223
5.25229
5.26235
5.2724
5.28246
5.29252
5.30258
5.31263
5.3227
5.33277
5.34283
5.3529
5.36296
5.37301
5.38307
5.39314
5.4032
5.41325
5.42331
5.43337
5.44342
5.45349
5.46358
5.47364
5.4837
5.49376
5.50381
5.51388
5.52393
5.53399
5.54405
5.55411
5.56417
5.57423
5.58429
5.59435
5.60441
5.61444
5.62452
5.63457
5.64463
5.65469
5.66474
5.67483
5.68489
5.69494
5.705
5.71507
5.72512
5.73518
5.74524
5.7553
5.76536
5.77543
5.78549
5.79556
5.80562
5.81567
5.82573
5.83578
5.84584
5.85592
5.866
5.87608
5.88613
5.89619
5.90624
5.91631
5.92637
5.93643
5.94649
5.95657
5.96663
5.97669
5.98675
5.99682
6.00687
6.01694
6.02699
6.03708
6.04715
6.05722
6.06728
6.07734
6.0874
6.09746
6.10753
6.11768
6.12773
6.13779
6.14785
6.15791
6.16797
6.17803
6.18809
6.19814
6.2082
6.21831
6.22837
6.23843
6.24848
6.25856
6.26861
6.27867
6.28872
6.29878
6.30885
6.31892
6.32897
6.33903
6.34909
6.35915
6.36923
6.37928
6.38934
6.39939
6.40945
6.41951
6.42956
6.43962
6.44968
6.45974
6.4698
6.47986
6.48992
6.49998
6.51004
6.52011
6.53017
6.54023
6.55029
6.56038
6.57046
6.58055
6.59064
6.60067
6.61076
6.62085
6.63092
6.64101
6.6511
6.66117
6.67123
6.68134
6.69143
6.70152
6.71161
6.72169
6.73176
6.74184
6.75194
6.76201
6.7721
6.78218
6.79227
6.80235
6.81244
6.82253
6.83262
6.84269
6.85276
6.86284
6.87293
6.883
6.89307
6.90315
6.91322
6.92329
6.93337
6.94352
6.95358
6.96364
6.9737
6.98376
6.99381
7.00387
7.01393
7.02399
7.03406
7.04413
7.0542
7.06427
7.07434
7.08443
7.09452
7.10458
7.11466
7.12474
7.13481
7.14503
7.1551
7.16515
7.17521
7.18528
7.19534
7.20539
7.21545
7.22551
7.2356
7.24566
7.25572
7.26578
7.27584
7.28592
7.29599
7.30607
7.31614
7.32621
7.33626
7.34634
7.3564
7.36647
7.37654
7.3866
7.39667
7.40676
7.41685
7.42693
7.437
7.44707
7.45717
7.46719
7.47728
7.48734
7.4974
7.50749
7.51754
7.52763
7.53771
7.54778
7.55785
7.56792
7.578
7.58806
7.59812
7.60819
7.61826
7.62841
7.63846
7.64852
7.65858
7.66864
7.67869
7.68875
7.69881
7.70887
7.71893
7.72898
7.73906
7.74915
7.75924
7.76942
7.77949
7.78956
7.79962
7.80969
7.81976
7.82983
7.8399
7.84997
7.86003
7.87009
7.88016
7.89022
7.90029
7.91036
7.92043
7.93049
7.94055
7.95061
7.96068
7.97075
7.98082
7.9909
8.00097
8.01104
8.02111
8.03118
8.04124
8.0513
8.06136
8.07143
8.08151
8.09157
8.10165
8.11173
8.12182
8.1319
8.14196
8.15205
8.16214
8.17221
8.18224
8.19232
8.20241
8.2125
8.22259
8.23268
8.24277
8.25286
8.26295
8.27305
8.2831
8.2932
8.30329
8.31337
8.32345
8.33353
8.34362
8.3537
8.36378
8.37388
