0.0166682 -0.105396  0.508512
0.0166682 -0.105396  0.508512
0.0166691 -0.105395   0.50851
0.0166717 -0.105394  0.508502
0.0166761 -0.105391   0.50849
0.0166822 -0.105387  0.508472
0.0166901 -0.105383  0.508449
0.0166997 -0.105377  0.508421
0.0167111  -0.10537  0.508388
0.0167242 -0.105362   0.50835
0.0167391 -0.105354  0.508307
0.0167557 -0.105344  0.508259
0.0167741 -0.105333  0.508206
0.0167942 -0.105321  0.508148
0.0168161 -0.105308  0.508085
0.0168397 -0.105294  0.508017
0.0168651 -0.105279  0.507943
0.0168922 -0.105263  0.507865
0.0169211 -0.105246  0.507781
0.0169517 -0.105227  0.507693
0.0169841 -0.105208  0.507599
0.0170182 -0.105188  0.507501
0.0170541 -0.105167  0.507397
0.0170918 -0.105144  0.507288
0.0171312 -0.105121  0.507174
0.0171724 -0.105096  0.507055
0.0172152 -0.105071  0.506931
0.0172599 -0.105044  0.506802
0.0173063 -0.105017  0.506668
0.0173544 -0.104988  0.506529
0.0174043 -0.104959  0.506385
 0.017456 -0.104928  0.506236
0.0175093 -0.104896  0.506081
0.0176213  -0.10483  0.505758
  0.01768 -0.104795  0.505588
  0.01768 -0.104795  0.505588
0.0178025 -0.104722  0.505234
0.0178664 -0.104684  0.505049
 0.017932 -0.104645   0.50486
 0.017932 -0.104645   0.50486
0.0180685 -0.104564  0.504465
0.0181394 -0.104522   0.50426
0.0182121 -0.104479   0.50405
0.0182864 -0.104435  0.503835
0.0183626  -0.10439  0.503615
0.0184404 -0.104344   0.50339
0.0185201 -0.104296   0.50316
0.0186015 -0.104248  0.502925
0.0186846 -0.104199  0.502684
0.0187695 -0.104148  0.502439
0.0188561 -0.104097  0.502189
0.0189444 -0.104044  0.501933
0.0190345 -0.103991  0.501673
0.0191265 -0.103936  0.501407
0.0192202 -0.103881  0.501137
0.0193155 -0.103824  0.500861
0.0194127 -0.103767   0.50058
0.0195115 -0.103708  0.500294
0.0196123 -0.103648  0.500003
0.0197146 -0.103587  0.499707
0.0198188 -0.103525  0.499406
0.0199247 -0.103463    0.4991
0.0200323 -0.103399  0.498789
0.0201417 -0.103334  0.498473
0.0202529 -0.103268  0.498152
0.0203658 -0.103201  0.497825
0.0204805 -0.103133  0.497494
0.0205969 -0.103064  0.497158
 0.020715 -0.102993  0.496816
0.0208349 -0.102922  0.496469
0.0209567  -0.10285  0.496118
0.0210801 -0.102777  0.495761
0.0212053 -0.102702  0.495399
0.0213324 -0.102627  0.495032
 0.021461 -0.102551   0.49466
0.0215915 -0.102473  0.494283
0.0217238 -0.102394    0.4939
0.0218578 -0.102315  0.493513
0.0219937 -0.102234  0.493121
0.0221312 -0.102153  0.492723
0.0222706  -0.10207   0.49232
0.0224117 -0.101986  0.491912
0.0225544 -0.101901    0.4915
0.0226988 -0.101816  0.491083
0.0228449 -0.101729   0.49066
0.0229928 -0.101641  0.490233
0.0231425 -0.101552    0.4898
0.0232939 -0.101462  0.489362
0.0234471 -0.101371   0.48892
0.023602 -0.10128 0.488472
0.0237587 -0.101187  0.488019
0.0239171 -0.101092  0.487561
0.0240774 -0.100997  0.487098
0.0242393 -0.100901   0.48663
 0.024403 -0.100804  0.486157
0.0245685 -0.100706  0.485679
0.0247358 -0.100606  0.485195
0.0249047 -0.100506  0.484707
0.0250749 -0.100405  0.484215
0.0252473 -0.100303  0.483717
0.0254211   -0.1002  0.483214
0.0255952 -0.100096  0.482711
0.0257692 -0.099993  0.482208
 0.0259432 -0.0998897   0.481705
 0.0261172 -0.0997864   0.481203
 0.0262912 -0.0996831     0.4807
 0.0264652 -0.0995798   0.480197
 0.0266391 -0.0994765   0.479694
 0.0268133 -0.0993732   0.479191
 0.0269873 -0.0992699   0.478688
 0.0271614 -0.0991665   0.478185
 0.0273355 -0.0990631   0.477681
 0.0275095 -0.0989599   0.477179
 0.0276836 -0.0988565   0.476675
 0.0278576 -0.0987532   0.476172
 0.0280318 -0.0986498   0.475669
 0.0282058 -0.0985465   0.475166
   0.02838 -0.0984431   0.474663
 0.0285539 -0.0983398    0.47416
 0.0287282 -0.0982364   0.473656
0.0289024 -0.098133  0.473153
 0.0290763 -0.0980297    0.47265
 0.0292506 -0.0979263   0.472146
 0.0294247 -0.0978229   0.471643
 0.0295989 -0.0977195    0.47114
  0.029773 -0.0976161   0.470636
 0.0299472 -0.0975127   0.470133
 0.0301214 -0.0974093   0.469629
0.0302954 -0.097306  0.469127
 0.0304688 -0.0972031   0.468625
 0.0306429 -0.0970997   0.468122
 0.0308169 -0.0969965   0.467619
0.0309912 -0.096893  0.467116
 0.0311654 -0.0967896   0.466612
 0.0313395 -0.0966862   0.466109
 0.0315136 -0.0965829   0.465606
 0.0316877 -0.0964795   0.465103
 0.0318616 -0.0963762     0.4646
 0.0320352 -0.0962732   0.464098
 0.0322093 -0.0961699   0.463595
 0.0323832 -0.0960666   0.463092
 0.0325575 -0.0959632   0.462589
 0.0327315 -0.0958599   0.462086
 0.0329054 -0.0957566   0.461583
 0.0330801 -0.0956529   0.461078
 0.0332542 -0.0955495   0.460575
 0.0334282 -0.0954463   0.460072
 0.0336018 -0.0953432    0.45957
  0.033776 -0.0952398   0.459067
   0.03395 -0.0951365   0.458564
  0.034124 -0.0950332   0.458061
0.0342978  -0.09493  0.457559
 0.0344698 -0.0948279   0.457062
 0.0346401 -0.0947269    0.45657
 0.0348085 -0.0946268   0.456083
 0.0349753 -0.0945279   0.455601
 0.0351405 -0.0944298   0.455123
 0.0353037 -0.0943329   0.454651
 0.0354654 -0.0942369   0.454184
0.0356253 -0.094142  0.453722
 0.0357833 -0.0940482   0.453265
 0.0359395 -0.0939555   0.452814
 0.0360942 -0.0938636   0.452367
 0.0362473 -0.0937727   0.451924
 0.0363987 -0.0936828   0.451487
 0.0365479 -0.0935943   0.451055
 0.0366956 -0.0935066   0.450629
 0.0368413 -0.0934201   0.450207
 0.0369854 -0.0933345   0.449791
0.0371279  -0.09325  0.449379
 0.0372686 -0.0931665   0.448973
0.0374075 -0.093084  0.448571
 0.0375448 -0.0930025   0.448174
   0.03768 -0.0929222   0.447784
0.0378135 -0.092843  0.447398
 0.0379454 -0.0927647   0.447016
 0.0380755 -0.0926874    0.44664
 0.0382037 -0.0926113    0.44627
 0.0383303 -0.0925362   0.445904
 0.0384551 -0.0924621   0.445543
0.0385782 -0.092389  0.445187
0.0386994 -0.092317  0.444837
 0.038819 -0.092246  0.444491
 0.0389368 -0.0921761   0.444151
 0.0390534 -0.0921069   0.443814
 0.0391676 -0.0920391   0.443484
   0.03928 -0.0919724   0.443159
 0.0393907 -0.0919067   0.442839
0.0394997 -0.091842  0.442524
  0.039607 -0.0917782   0.442214
 0.0397125 -0.0917157   0.441909
 0.0398162 -0.0916541   0.441609
 0.0399182 -0.0915935   0.441315
0.0400184 -0.091534  0.441025
 0.0401169 -0.0914756    0.44074
 0.0402136 -0.0914182   0.440461
 0.0403085 -0.0913618   0.440186
 0.0404017 -0.0913065   0.439917
 0.0404933 -0.0912521   0.439652
 0.0405831 -0.0911988   0.439393
 0.0406706 -0.0911468    0.43914
  0.040757 -0.0910956    0.43889
 0.0408415 -0.0910454   0.438646
 0.0409242 -0.0909963   0.438407
 0.0410053 -0.0909482   0.438173
 0.0410844 -0.0909012   0.437944
 0.0411619 -0.0908552    0.43772
 0.0412376 -0.0908103   0.437501
 0.0413116 -0.0907663   0.437287
 0.0413838 -0.0907235   0.437079
 0.0414544 -0.0906816   0.436875
 0.0415231 -0.0906408   0.436676
0.0415901 -0.090601  0.436482
 0.0416553 -0.0905623   0.436294
 0.0417187 -0.0905246   0.436111
0.0417805 -0.090488  0.435932
 0.0418405 -0.0904524   0.435759
 0.0418988 -0.0904178    0.43559
 0.0419553 -0.0903842   0.435427
   0.04201 -0.0903517   0.435269
  0.042063 -0.0903203   0.435116
 0.0421143 -0.0902899   0.434967
 0.0421637 -0.0902605   0.434825
 0.0422114 -0.0902322   0.434687
 0.0422574 -0.0902049   0.434554
 0.0423016 -0.0901787   0.434426
  0.042344 -0.0901535   0.434303
 0.0423847 -0.0901293   0.434186
 0.0424237 -0.0901061   0.434073
0.0424609 -0.090084  0.433965
0.0424964 -0.090063  0.433863
0.0425301 -0.090043  0.433765
0.0425621 -0.090024  0.433673
 0.0425923 -0.0900061   0.433586
 0.0426208 -0.0899891   0.433503
 0.0426475 -0.0899733   0.433426
 0.0426723 -0.0899586   0.433355
 0.0426955 -0.0899448   0.433288
  0.042717 -0.0899321   0.433226
 0.0427366 -0.0899204   0.433169
 0.0427546 -0.0899097   0.433117
 0.0427708 -0.0899001    0.43307
 0.0427852 -0.0898915   0.433028
0.0427979 -0.089884  0.432992
 0.0428089 -0.0898775    0.43296
  0.042818 -0.0898721   0.432933
 0.0428255 -0.0898677   0.432912
 0.0428311 -0.0898643   0.432896
 0.0428351 -0.0898619   0.432884
 0.0428373 -0.0898607   0.432878
 0.0428377 -0.0898604   0.432876
 0.0428377 -0.0898604   0.432876
 0.0428377 -0.0898604   0.432876
 0.0428377 -0.0898604   0.432876
 0.0428377 -0.0898604   0.432876
 0.0428377 -0.0898604   0.432876
 0.0428377 -0.0898604   0.432876
 0.0428377 -0.0898604   0.432876
 0.0428377 -0.0898604   0.432876
 0.0428377 -0.0898604   0.432876
 0.0428377 -0.0898604   0.432876
 0.0428377 -0.0898604   0.432876
 0.0428377 -0.0898604   0.432876
 0.0428377 -0.0898604   0.432876
 0.0428377 -0.0898604   0.432876
 0.0428377 -0.0898604   0.432876
 0.0428377 -0.0898604   0.432876
 0.0428377 -0.0898604   0.432876
 0.0428377 -0.0898604   0.432876
 0.0428377 -0.0898604   0.432876
 0.0428377 -0.0898604   0.432876
 0.0428377 -0.0898604   0.432876
 0.0428377 -0.0898604   0.432876
 0.0428377 -0.0898604   0.432876
 0.0428377 -0.0898604   0.432876
 0.0428377 -0.0898604   0.432876
 0.0428377 -0.0898604   0.432876
 0.0428377 -0.0898604   0.432876
 0.0428377 -0.0898604   0.432876
 0.0428377 -0.0898604   0.432876
 0.0428377 -0.0898604   0.432876
 0.0428377 -0.0898604   0.432876
 0.0428377 -0.0898604   0.432876
 0.0428377 -0.0898604   0.432876
 0.0428377 -0.0898604   0.432876
 0.0428377 -0.0898604   0.432876
 0.0428377 -0.0898604   0.432876
 0.0428377 -0.0898604   0.432876
 0.0428377 -0.0898604   0.432876
 0.0428377 -0.0898604   0.432876
 0.0428377 -0.0898604   0.432876
 0.0428377 -0.0898604   0.432876
 0.0428377 -0.0898604   0.432876
 0.0428377 -0.0898604   0.432876
 0.0428377 -0.0898604   0.432876
 0.0428377 -0.0898604   0.432876
 0.0428377 -0.0898604   0.432876
 0.0428377 -0.0898604   0.432876
 0.0428377 -0.0898604   0.432876
 0.0428377 -0.0898604   0.432876
 0.0428377 -0.0898604   0.432876
 0.0428377 -0.0898604   0.432876
 0.0428377 -0.0898604   0.432876
 0.0428377 -0.0898604   0.432876
 0.0428377 -0.0898604   0.432876
 0.0428377 -0.0898604   0.432876
 0.0428377 -0.0898604   0.432876
 0.0428377 -0.0898604   0.432876
 0.0428377 -0.0898604   0.432876
 0.0428377 -0.0898604   0.432876
 0.0428377 -0.0898604   0.432876
 0.0428377 -0.0898604   0.432876
 0.0428377 -0.0898604   0.432876
 0.0428377 -0.0898604   0.432876
 0.0428377 -0.0898604   0.432876
 0.0428377 -0.0898604   0.432876
 0.0428377 -0.0898604   0.432876
 0.0428377 -0.0898604   0.432876
 0.0428377 -0.0898604   0.432876
 0.0428377 -0.0898604   0.432876
 0.0428377 -0.0898604   0.432876
 0.0428377 -0.0898604   0.432876
 0.0428377 -0.0898604   0.432876
 0.0428377 -0.0898604   0.432876
 0.0428377 -0.0898604   0.432876
 0.0428377 -0.0898604   0.432876
 0.0428377 -0.0898604   0.432876
 0.0428377 -0.0898604   0.432876
 0.0428377 -0.0898604   0.432876
 0.0428377 -0.0898604   0.432876
 0.0428377 -0.0898604   0.432876
 0.0428377 -0.0898604   0.432876
 0.0428377 -0.0898604   0.432876
 0.0428377 -0.0898604   0.432876
 0.0428377 -0.0898604   0.432876
 0.0428377 -0.0898604   0.432876
 0.0428377 -0.0898604   0.432876
 0.0428377 -0.0898604   0.432876
 0.0428377 -0.0898604   0.432876
 0.0428377 -0.0898604   0.432876
 0.0428377 -0.0898604   0.432876
 0.0428377 -0.0898604   0.432876
 0.0428377 -0.0898604   0.432876
 0.0428377 -0.0898604   0.432876
 0.0428377 -0.0898604   0.432876
 0.0428377 -0.0898604   0.432876
 0.0428377 -0.0898604   0.432876
 0.0428377 -0.0898604   0.432876
 0.0428377 -0.0898604   0.432876
 0.0428377 -0.0898604   0.432876
 0.0428377 -0.0898604   0.432876
 0.0428377 -0.0898604   0.432876
 0.0428377 -0.0898604   0.432876
 0.0428377 -0.0898604   0.432876
 0.0428377 -0.0898604   0.432876
 0.0428377 -0.0898604   0.432876
 0.0428377 -0.0898604   0.432876
 0.0428377 -0.0898604   0.432876
 0.0428377 -0.0898604   0.432876
 0.0428377 -0.0898604   0.432876
 0.0428377 -0.0898604   0.432876
 0.0428377 -0.0898604   0.432876
 0.0428377 -0.0898604   0.432876
 0.0428377 -0.0898604   0.432876
 0.0428377 -0.0898604   0.432876
 0.0428377 -0.0898604   0.432876
 0.0428377 -0.0898604   0.432876
 0.0428377 -0.0898604   0.432876
 0.0428377 -0.0898604   0.432876
 0.0428377 -0.0898604   0.432876
 0.0428377 -0.0898604   0.432876
 0.0428377 -0.0898604   0.432876
 0.0428377 -0.0898604   0.432876
 0.0428377 -0.0898604   0.432876
 0.0428377 -0.0898604   0.432876
 0.0428377 -0.0898604   0.432876
 0.0428377 -0.0898604   0.432876
 0.0428377 -0.0898604   0.432876
 0.0428377 -0.0898604   0.432876
 0.0428377 -0.0898604   0.432876
 0.0428377 -0.0898604   0.432876
 0.0428377 -0.0898604   0.432876
 0.0428377 -0.0898604   0.432876
 0.0428377 -0.0898604   0.432876
 0.0428377 -0.0898604   0.432876
 0.0428377 -0.0898604   0.432876
 0.0428377 -0.0898604   0.432876
 0.0428377 -0.0898604   0.432876
 0.0428377 -0.0898604   0.432876
 0.0428377 -0.0898604   0.432876
 0.0428377 -0.0898604   0.432876
 0.0428377 -0.0898604   0.432876
 0.0428377 -0.0898604   0.432876
 0.0428377 -0.0898604   0.432876
 0.0428377 -0.0898604   0.432876
 0.0428377 -0.0898604   0.432876
 0.0428377 -0.0898604   0.432876
 0.0428377 -0.0898604   0.432876
 0.0428377 -0.0898604   0.432876
 0.0428377 -0.0898604   0.432876
 0.0428377 -0.0898604   0.432876
 0.0428377 -0.0898604   0.432876
 0.0428377 -0.0898604   0.432876
 0.0428377 -0.0898604   0.432876
 0.0428377 -0.0898604   0.432876
 0.0428377 -0.0898604   0.432876
 0.0428377 -0.0898604   0.432876
 0.0428377 -0.0898604   0.432876
 0.0428377 -0.0898604   0.432876
 0.0428377 -0.0898604   0.432876
 0.0428377 -0.0898604   0.432876
 0.0428377 -0.0898604   0.432876
 0.0428377 -0.0898604   0.432876
 0.0428377 -0.0898604   0.432876
 0.0428377 -0.0898604   0.432876
 0.0428377 -0.0898604   0.432876
