 0.268859 -0.326554   0.60741
 0.268836 -0.326572  0.607391
  0.26881 -0.326588  0.607374
 0.268785 -0.326604  0.607358
 0.268761 -0.326621  0.607344
  0.26874 -0.326632  0.607336
 0.268723 -0.326645  0.607327
 0.268709 -0.326649  0.607329
   0.2687 -0.326653  0.607329
 0.268678 -0.326651  0.607319
0.268697 -0.32665 0.607346
0.268703 -0.32664 0.607361
 0.268715 -0.326629  0.607377
 0.268733 -0.326606    0.6074
 0.268755 -0.326586  0.607428
 0.268784 -0.326558   0.60746
 0.268817 -0.326532  0.607492
 0.268854 -0.326497  0.607525
 0.268898 -0.326461  0.607568
 0.268942 -0.326421  0.607602
 0.268989 -0.326381  0.607639
 0.269041 -0.326333  0.607679
 0.269093 -0.326288  0.607717
 0.269148 -0.326238  0.607757
 0.269205 -0.326186  0.607793
 0.269262 -0.326132  0.607834
 0.269316 -0.326081  0.607865
 0.269372 -0.326024  0.607899
 0.269429 -0.325966  0.607931
 0.269484 -0.325911  0.607958
 0.269537 -0.325855  0.607984
  0.26959 -0.325798  0.608004
0.269641 -0.32574 0.608026
  0.26969 -0.325682  0.608037
 0.269737 -0.325624  0.608048
 0.269787 -0.325563  0.608054
 0.269832 -0.325503  0.608057
  0.26988 -0.325443  0.608056
0.269917 -0.32538 0.608042
 0.269969 -0.325314  0.608041
 0.270013 -0.325247  0.608026
 0.270059 -0.325177  0.608012
 0.270104 -0.325105  0.607986
 0.270152 -0.325026  0.607958
 0.270202 -0.324945  0.607928
0.270253 -0.32486 0.607893
0.270308 -0.32477 0.607857
 0.270366 -0.324675  0.607813
 0.270427 -0.324574   0.60777
 0.270492 -0.324468  0.607718
  0.27056 -0.324355  0.607666
 0.270634 -0.324235   0.60761
 0.270712 -0.324112   0.60755
 0.270795 -0.323979  0.607488
 0.270882 -0.323843   0.60742
 0.270975 -0.323696  0.607353
 0.271071 -0.323547  0.607278
 0.271174 -0.323388  0.607206
 0.271279 -0.323227  0.607122
  0.27139 -0.323056   0.60704
0.271505 -0.32288 0.606955
 0.271624 -0.322701  0.606865
 0.271748 -0.322514  0.606774
 0.271873 -0.322326  0.606675
 0.272004 -0.322129  0.606579
 0.272144 -0.321918  0.606473
  0.27228 -0.321715  0.606365
 0.272421 -0.321504  0.606246
 0.272562 -0.321294   0.60613
 0.272703 -0.321082  0.606012
 0.272846 -0.320866  0.605888
0.272991 -0.32065 0.605762
 0.273135 -0.320431  0.605628
 0.273281 -0.320212   0.60549
 0.273429 -0.319983  0.605349
0.273577 -0.31976 0.605202
 0.273725 -0.319533  0.605052
 0.273874 -0.319306  0.604895
 0.274025 -0.319075  0.604736
 0.274176 -0.318843  0.604569
0.274329 -0.31861   0.6044
 0.274481 -0.318373   0.60422
 0.274636 -0.318134  0.604037
 0.274794 -0.317891   0.60385
 0.274953 -0.317645  0.603655
0.275113  -0.3174 0.603458
 0.275279 -0.317137  0.603252
 0.275447 -0.316877  0.603043
 0.275616 -0.316618  0.602823
  0.27579 -0.316348    0.6026
 0.275971 -0.316063  0.602373
 0.276151 -0.315788  0.602136
 0.276338 -0.315496  0.601896
 0.276532 -0.315192  0.601651
 0.276728 -0.314889  0.601399
 0.276928 -0.314578  0.601138
 0.277135 -0.314261  0.600876
 0.277344 -0.313937  0.600601
 0.277558 -0.313605  0.600323
 0.277777 -0.313268  0.600039
    0.278 -0.312924  0.599748
 0.278228 -0.312574  0.599452
 0.278459 -0.312217  0.599148
 0.278695 -0.311853  0.598842
 0.278933 -0.311487  0.598522
 0.279186 -0.311099   0.59819
0.279432 -0.31072 0.597862
0.279679 -0.31034 0.597525
  0.27993 -0.309953  0.597185
  0.28019 -0.309553  0.596801
  0.28045 -0.309153  0.596454
 0.280705 -0.308758   0.59609
 0.280963 -0.308362  0.595725
  0.28122 -0.307964  0.595346
  0.28148 -0.307565  0.594963
 0.281738 -0.307166  0.594576
 0.281996 -0.306765   0.59418
 0.282257 -0.306367  0.593779
 0.282514 -0.305966  0.593371
 0.282773 -0.305567  0.592959
 0.283032 -0.305168  0.592536
 0.283289 -0.304767  0.592109
0.283548 -0.30437 0.591675
 0.283805 -0.303971  0.591235
 0.284063 -0.303572   0.59079
 0.284321 -0.303173  0.590337
 0.284581 -0.302775  0.589879
  0.28485 -0.302347  0.589402
 0.285111 -0.301946  0.588929
 0.285373 -0.301545  0.588449
 0.285642 -0.301131  0.587905
 0.285907 -0.300725  0.587412
0.286173 -0.30032 0.586911
 0.286442 -0.299911  0.586408
 0.286711 -0.299502  0.585893
 0.286984 -0.299089  0.585379
 0.287258 -0.298676  0.584851
0.287534 -0.29826 0.584321
 0.287813 -0.297843  0.583786
 0.288093 -0.297422  0.583245
 0.288377 -0.297001    0.5827
 0.288677 -0.296572  0.582176
 0.288966 -0.296145  0.581623
 0.289256 -0.295719  0.581059
 0.289548 -0.295288  0.580493
 0.289844 -0.294857   0.57992
  0.29014 -0.294424  0.579343
0.290439 -0.29399  0.57876
 0.290739 -0.293553  0.578171
 0.291049 -0.293105  0.577496
 0.291352 -0.292666  0.576893
 0.291658 -0.292226   0.57629
 0.291962 -0.291788  0.575675
 0.292272 -0.291322  0.575046
 0.292579 -0.290883  0.574427
 0.292887 -0.290445  0.573801
 0.293196 -0.290007  0.573175
 0.293504 -0.289571  0.572542
 0.293815 -0.289136  0.571911
 0.294145 -0.288703  0.571311
 0.294456 -0.288271  0.570673
 0.294768 -0.287841  0.570034
 0.295079 -0.287413  0.569392
 0.295391 -0.286986  0.568751
 0.295703 -0.286562  0.568106
 0.296016 -0.286139  0.567463
 0.296329 -0.285717  0.566815
 0.296643 -0.285297  0.566171
 0.296956 -0.284878  0.565519
 0.297272 -0.284459  0.564869
 0.297588 -0.284043  0.564219
 0.297905 -0.283625  0.563568
 0.298223 -0.283207  0.562921
 0.298541 -0.282788  0.562271
 0.298862 -0.282369  0.561628
 0.299183 -0.281948  0.560979
 0.299506 -0.281526  0.560336
 0.299833 -0.281102  0.559695
  0.30016 -0.280676  0.559056
 0.300466 -0.280245  0.558374
 0.300797 -0.279815   0.55774
 0.301132 -0.279383  0.557114
  0.30149 -0.278953  0.556533
 0.301827 -0.278517  0.555912
 0.302167 -0.278079  0.555297
 0.302508 -0.277638  0.554685
 0.302851 -0.277196  0.554079
 0.303195 -0.276751  0.553477
 0.303541 -0.276304  0.552883
 0.303887 -0.275857   0.55229
 0.304235 -0.275407  0.551708
 0.304383 -0.274924  0.551135
 0.304941 -0.274454  0.550445
 0.305289 -0.274002  0.549877
 0.305628 -0.273569  0.549403
 0.305973 -0.273145  0.548861
 0.306319 -0.272696  0.548308
 0.306679 -0.272191  0.547671
 0.307023 -0.271744  0.547131
 0.307366 -0.271291  0.546603
0.307708 -0.27084 0.546083
 0.308048 -0.270393  0.545568
 0.308387 -0.269944  0.545064
 0.308724 -0.269495  0.544564
 0.309058 -0.269052  0.544076
 0.309391 -0.268606  0.543591
 0.309721 -0.268161  0.543116
 0.310049 -0.267721  0.542648
 0.310376 -0.267277  0.542188
   0.3107 -0.266833  0.541736
 0.311022 -0.266392  0.541288
 0.311344 -0.265948  0.540851
 0.311679 -0.265506  0.540452
 0.311997 -0.265063  0.540028
 0.312313 -0.264615  0.539604
 0.312627 -0.264165   0.53919
 0.312941 -0.263717   0.53878
 0.313254 -0.263263  0.538377
 0.313566 -0.262805  0.537979
 0.313876 -0.262349  0.537584
 0.314186 -0.261885  0.537198
   0.3145 -0.261394  0.536801
 0.314808 -0.260925  0.536423
 0.315115 -0.260453   0.53605
0.315431 -0.25996 0.535628
 0.315736 -0.259483  0.535268
 0.316038 -0.259004  0.534912
 0.316338 -0.258526  0.534564
 0.316635 -0.258044   0.53422
0.316932 -0.25756 0.533888
 0.317224 -0.257081  0.533554
 0.317515 -0.256599  0.533231
 0.317802 -0.256118  0.532916
 0.318086 -0.255641  0.532606
 0.318367 -0.255164  0.532306
 0.318644 -0.254688  0.532009
 0.318918 -0.254219  0.531723
0.319187 -0.25375 0.531437
 0.319452 -0.253285   0.53116
 0.319713 -0.252826   0.53089
 0.319976 -0.252368  0.530638
 0.320228 -0.251915  0.530379
 0.320475 -0.251469  0.530121
 0.320718 -0.251024  0.529872
 0.320957 -0.250584  0.529624
 0.321191 -0.250151  0.529385
  0.32142 -0.249719  0.529143
 0.321645 -0.249292  0.528908
 0.321865 -0.248872  0.528677
 0.322082 -0.248453  0.528449
 0.322291 -0.248039   0.52822
0.322499 -0.24763 0.527998
 0.322704 -0.247221  0.527787
 0.322904 -0.246817   0.52757
 0.323101 -0.246417   0.52736
 0.323295 -0.246018  0.527155
 0.323485 -0.245621  0.526952
 0.323672 -0.245229  0.526755
 0.323855 -0.244836  0.526558
 0.324037 -0.244446  0.526369
 0.324215 -0.244059  0.526179
  0.32439 -0.243672  0.525993
 0.324563 -0.243286  0.525812
 0.324733 -0.242905  0.525631
   0.3249 -0.242522  0.525457
 0.325065 -0.242142  0.525282
 0.325228 -0.241766  0.525113
0.325388 -0.24139 0.524943
 0.325546 -0.241016  0.524783
   0.3257 -0.240647  0.524615
 0.32586 -0.24026 0.524449
  0.32601 -0.239897  0.524291
 0.326157 -0.239535  0.524133
 0.326302 -0.239177  0.523981
 0.326443 -0.238825  0.523826
  0.32659 -0.238459  0.523673
  0.32659 -0.238459  0.523673
 0.326859 -0.237778  0.523373
 0.326988 -0.237444  0.523228
 0.327113 -0.237115  0.523079
 0.327236 -0.236796  0.522936
0.327357 -0.23648 0.522793
 0.327474 -0.236171  0.522655
 0.327595 -0.235854  0.522508
 0.327595 -0.235854  0.522508
0.327813 -0.23527 0.522232
 0.327918 -0.234988  0.522096
  0.32802 -0.234713   0.52196
  0.32812 -0.234443  0.521826
 0.328217 -0.234181  0.521695
 0.328311 -0.233925  0.521561
 0.328408 -0.233662  0.521434
 0.328497 -0.233418  0.521302
 0.32858 -0.23319 0.521175
  0.32867 -0.232946  0.521048
 0.328753 -0.232715  0.520923
 0.328834 -0.232492  0.520801
0.328914 -0.23227 0.520677
 0.328994 -0.232054  0.520558
0.329071 -0.23184 0.520435
 0.329146 -0.231631  0.520315
 0.329222 -0.231423  0.520198
 0.329296 -0.231221   0.52008
0.329367 -0.23102 0.519957
 0.329445 -0.230809  0.519835
 0.329517 -0.230615  0.519722
 0.329587 -0.230421  0.519606
 0.329657 -0.230232  0.519495
 0.329726 -0.230044   0.51938
 0.329793 -0.229861  0.519268
  0.32986 -0.229679  0.519159
 0.329926 -0.229504  0.519047
 0.329991 -0.229329   0.51894
 0.330053 -0.229161  0.518831
 0.330115 -0.228995  0.518727
 0.330175 -0.228834  0.518619
 0.330234 -0.228679  0.518514
 0.330292 -0.228528  0.518411
 0.330347 -0.228383  0.518308
 0.330402 -0.228239  0.518208
 0.330454 -0.228104  0.518107
 0.330505 -0.227976  0.518009
 0.330552 -0.227856  0.517909
 0.330599 -0.227738  0.517817
0.330643 -0.22763 0.517716
 0.330685 -0.227528  0.517617
 0.330728 -0.227425  0.517528
 0.330767 -0.227335  0.517431
 0.330805 -0.227247  0.517341
 0.330842 -0.227165  0.517249
 0.330878 -0.227086  0.517163
 0.330913 -0.227012  0.517073
 0.330946 -0.226941  0.516986
 0.330983 -0.226865  0.516896
 0.331015 -0.226801  0.516811
 0.331047 -0.226741  0.516728
 0.331078 -0.226682  0.516645
 0.331109 -0.226625  0.516566
0.331139 -0.22657 0.516484
 0.331171 -0.226516   0.51641
 0.331201 -0.226463  0.516328
0.331231 -0.22641  0.51625
 0.331263 -0.226358  0.516175
 0.331294 -0.226306  0.516099
 0.331325 -0.226254  0.516026
 0.331357 -0.226202  0.515951
0.331389 -0.22615 0.515882
 0.331421 -0.226097  0.515806
 0.331453 -0.226045  0.515734
 0.331486 -0.225992  0.515664
0.331519 -0.22594 0.515593
 0.331552 -0.225887  0.515525
 0.331585 -0.225835  0.515455
 0.331619 -0.225784  0.515389
 0.331651 -0.225733  0.515319
 0.331684 -0.225683  0.515251
 0.331717 -0.225634  0.515185
 0.331748 -0.225587  0.515118
  0.33178 -0.225542  0.515053
 0.331811 -0.225498  0.514988
 0.331841 -0.225456  0.514925
 0.331871 -0.225417   0.51486
 0.331901 -0.225379  0.514801
 0.331927 -0.225346  0.514734
 0.331955 -0.225314  0.514672
 0.331982 -0.225284  0.514612
 0.332008 -0.225257  0.514551
 0.332033 -0.225233  0.514493
 0.332056 -0.225213  0.514431
  0.33208 -0.225194  0.514377
 0.332102 -0.225177  0.514316
 0.332124 -0.225162  0.514259
 0.332146 -0.225149  0.514203
 0.332168 -0.225139  0.514147
 0.332189 -0.225129  0.514093
  0.33221 -0.225121  0.514038
 0.332231 -0.225114  0.513987
 0.332252 -0.225107  0.513932
 0.332272 -0.225102   0.51388
 0.332294 -0.225102   0.51383
 0.332315 -0.225097  0.513779
 0.332337 -0.225092  0.513731
 0.332358 -0.225086  0.513681
0.332381 -0.22508 0.513636
 0.332403 -0.225073  0.513585
 0.332426 -0.225066  0.513537
 0.332449 -0.225057  0.513491
 0.332473 -0.225049  0.513444
 0.332497 -0.225039  0.513401
 0.332522 -0.225028  0.513353
  0.33255 -0.225008  0.513303
 0.332575 -0.224996  0.513259
 0.332601 -0.224983  0.513215
0.332627 -0.22497 0.513172
 0.332653 -0.224956  0.513128
 0.332679 -0.224943  0.513089
0.332705 -0.22493 0.513043
 0.332731 -0.224916  0.513001
 0.332757 -0.224904   0.51296
 0.332782 -0.224892  0.512918
 0.332806 -0.224883  0.512879
 0.332831 -0.224873  0.512837
 0.332856 -0.224864  0.512797
  0.33288 -0.224856  0.512758
0.332904 -0.22485 0.512719
 0.332928 -0.224845  0.512682
 0.332951 -0.224848  0.512644
 0.332974 -0.224846   0.51261
 0.332996 -0.224845   0.51257
 0.333018 -0.224846  0.512533
 0.333039 -0.224848  0.512498
  0.33306 -0.224851  0.512461
 0.333081 -0.224855  0.512428
 0.333104 -0.224852  0.512386
 0.333125 -0.224857  0.512356
 0.333145 -0.224864  0.512318
