6.19888e-06
0.00940299
0.0194571
0.0295231
0.039588
0.0496581
0.059725
0.0697861
0.0798531
0.0899241
0.0999892
0.110054
0.120108
0.130175
0.140248
0.150305
0.160368
0.170436
0.180504
0.19057
0.200638
0.210703
0.220763
0.230819
0.240886
0.250942
0.260986
0.271043
0.281101
0.291169
0.301235
0.311303
0.321371
0.331443
0.341502
0.35156
0.361643
0.371711
0.381779
0.391836
0.401892
0.411959
0.422026
0.432097
0.442165
0.452225
0.462282
0.47234
0.482406
0.492474
0.502544
0.512611
0.522666
0.532723
0.542777
0.552832
0.562887
0.572953
0.583034
0.593106
0.603178
0.61325
0.623317
0.633387
0.643458
0.653537
0.663604
0.673672
0.683737
0.693793
0.703848
0.713915
0.723993
0.734063
0.744121
0.754179
0.764235
0.774302
0.784358
0.794424
0.804481
0.814538
0.824597
0.834657
0.844717
0.854776
0.864834
0.874891
0.884961
0.895003
0.905059
0.915116
0.925173
0.93523
0.945295
0.955361
0.965417
0.975472
0.98553
0.995593
1.00568
1.01575
1.02581
1.03587
1.04593
1.05599
1.06605
1.07611
1.08617
1.09622
1.10628
1.11635
1.1264
1.13646
1.14653
1.15658
1.16664
1.1767
1.18677
1.19686
1.20693
1.21699
1.22705
1.23711
1.24717
1.25724
1.2673
1.27735
1.28741
1.29748
1.30753
1.3176
1.32767
1.33772
1.34778
1.35785
1.36792
1.37798
1.38804
1.3981
1.40816
1.41823
1.42828
1.43834
1.44843
1.45849
1.46856
1.47862
1.48867
1.49873
1.5088
1.51886
1.52892
1.53897
1.54904
1.55911
1.56918
1.57924
1.58929
1.59935
1.60941
1.61947
1.62954
1.63957
1.64966
1.65972
1.66979
1.67985
1.6899
1.69999
1.71005
1.72013
1.73021
1.74026
1.75032
1.76039
1.77047
1.78053
1.7906
1.80067
1.81073
1.82079
1.83085
1.84098
1.85104
1.86109
1.87113
1.88123
1.89129
1.90131
1.91137
1.92147
1.93149
1.94156
1.95161
1.96167
1.97175
1.9818
1.99186
2.00191
2.01197
2.02203
2.03214
2.0422
2.05226
2.06233
2.07238
2.08245
2.09253
2.1026
2.11265
2.12275
2.1328
2.14286
2.15292
2.16298
2.17304
2.18309
2.19315
2.20321
2.21327
2.22334
2.23349
2.24354
2.2536
2.26365
2.27372
2.28378
2.29383
2.30389
2.31394
2.324
2.33405
2.34411
2.35418
2.36424
2.37433
2.38439
2.39446
2.40451
2.41457
2.42463
2.43466
2.44471
2.45478
2.46484
2.47491
2.48497
2.49503
2.50508
2.51514
2.52522
2.53528
2.54534
2.55542
2.56548
2.57554
2.58555
2.59556
2.60562
2.61568
2.62573
2.6358
2.64587
2.65594
2.666
2.67607
2.68613
2.69619
2.70625
2.71632
2.72638
2.73645
2.74651
2.75657
2.76663
2.77669
2.78675
2.79681
2.80687
2.81693
2.82699
2.83705
2.84711
2.85726
2.86731
2.87737
2.88742
2.89748
2.90757
2.91763
2.92768
2.93774
2.94779
2.95785
2.96791
2.97796
2.98803
2.99808
3.00814
3.0182
3.02827
3.03833
3.04839
3.05844
3.0685
3.07855
3.08861
3.09866
3.10872
3.11877
3.1288
3.13886
3.14891
3.15897
3.16903
3.17909
3.18914
3.1992
3.20926
3.21928
3.22934
3.2394
3.24945
3.25951
3.26957
3.27963
3.28968
3.29974
3.30979
3.31985
3.3299
3.33996
3.35003
3.36009
3.37015
3.38021
3.39028
3.40035
3.4104
3.42047
3.43052
3.44058
3.45064
3.4607
3.47076
3.48082
3.49088
3.50094
3.511
3.52106
3.53112
3.54117
3.55123
3.56128
3.57134
3.5814
3.59146
3.60152
3.61158
3.62163
3.63169
3.64175
3.6518
3.66187
3.67192
3.68199
3.69206
3.70212
3.71218
3.72224
3.7323
3.74236
3.75242
3.76247
3.77253
3.78258
3.79264
3.80269
3.81275
3.8228
3.83286
3.84291
3.85297
3.86302
3.87308
3.88313
3.89319
3.90324
3.9133
3.92335
3.93341
3.94348
3.95353
3.9636
3.97365
3.98371
3.99377
4.00382
4.01388
4.02393
4.03399
4.04404
4.0541
4.06416
4.07421
4.08426
4.09432
4.10438
4.11443
4.12449
4.13454
4.1446
4.15465
4.16471
4.17476
