0.269492 -0.32822 0.603647
 0.268915 -0.326602  0.606685
0.268917  -0.3266 0.606682
 0.268924 -0.326593  0.606675
 0.268934 -0.326582  0.606662
  0.26895 -0.326566  0.606644
 0.268969 -0.326545  0.606622
0.268993 -0.32652 0.606594
0.269021 -0.32649 0.606561
 0.269053 -0.326456  0.606523
  0.26909 -0.326417   0.60648
 0.269131 -0.326374  0.606432
 0.269176 -0.326325  0.606379
 0.269226 -0.326273  0.606321
  0.26928 -0.326215  0.606258
 0.269338 -0.326154  0.606189
 0.269401 -0.326087  0.606116
 0.269468 -0.326016  0.606038
 0.269539 -0.325941  0.605954
 0.269615 -0.325861  0.605866
 0.269694 -0.325776  0.605772
 0.269779 -0.325686  0.605673
 0.269867 -0.325593   0.60557
  0.26996 -0.325494  0.605461
 0.270057 -0.325391  0.605347
 0.270159 -0.325284  0.605228
 0.270264 -0.325171  0.605104
 0.270375 -0.325054  0.604975
 0.270489 -0.324933  0.604841
 0.270608 -0.324807  0.604702
 0.270731 -0.324677  0.604558
 0.270858 -0.324541  0.604409
  0.27099 -0.324402  0.604255
 0.271126 -0.324258  0.604095
 0.271266 -0.324109  0.603931
 0.271411 -0.323955  0.603761
  0.27156 -0.323797  0.603587
 0.271714 -0.323634  0.603407
 0.271871 -0.323467  0.603223
 0.272033 -0.323296  0.603033
 0.272199 -0.323119  0.602838
  0.27237 -0.322938  0.602639
 0.272545 -0.322753  0.602434
 0.272724 -0.322563  0.602224
 0.272907 -0.322368  0.602009
 0.273095 -0.322169  0.601789
 0.273287 -0.321966  0.601564
 0.273484 -0.321757  0.601334
 0.273684 -0.321544  0.601099
 0.273889 -0.321327  0.600859
 0.274098 -0.321106  0.600614
 0.274312 -0.320879  0.600364
  0.27453 -0.320648  0.600109
 0.274752 -0.320412  0.599848
 0.274978 -0.320172  0.599583
 0.275209 -0.319927  0.599313
 0.275444 -0.319678  0.599038
 0.275684 -0.319424  0.598757
 0.275928 -0.319165  0.598471
 0.276176 -0.318902  0.598181
 0.276428 -0.318634  0.597885
 0.276685 -0.318362  0.597584
 0.276947 -0.318084  0.597278
 0.277212 -0.317803  0.596967
 0.277482 -0.317516   0.59665
 0.277757 -0.317225  0.596329
 0.278036 -0.316929  0.596002
0.278318 -0.31663 0.595671
 0.278605 -0.316325  0.595335
 0.278897 -0.316016  0.594993
 0.279193 -0.315702  0.594647
 0.279493 -0.315384  0.594296
 0.279797 -0.315061  0.593939
 0.280419 -0.314402  0.593211
 0.280419 -0.314402  0.593211
 0.280736 -0.314066   0.59284
 0.281058 -0.313724  0.592462
 0.281384 -0.313378   0.59208
 0.281715 -0.313027  0.591693
  0.28205 -0.312672  0.591301
 0.282389 -0.312312  0.590903
 0.282733 -0.311948  0.590501
 0.283081 -0.311579  0.590093
 0.283433 -0.311205  0.589681
 0.283789 -0.310828  0.589264
  0.28415 -0.310445  0.588841
 0.284515 -0.310058  0.588413
 0.284884 -0.309666  0.587981
0.285258 -0.30927 0.587543
 0.285636 -0.308869  0.587101
 0.286018 -0.308464  0.586653
 0.286404 -0.308054    0.5862
 0.28719 -0.30722  0.58528
 0.28719 -0.30722  0.58528
  0.28759 -0.306797  0.584812
 0.287993 -0.306369  0.584339
 0.288401 -0.305936  0.583861
 0.288814 -0.305499  0.583378
  0.28923 -0.305057   0.58289
0.289651 -0.30461 0.582397
 0.290076 -0.304159  0.581899
 0.290505 -0.303704  0.581397
 0.290935 -0.303249  0.580894
 0.291365 -0.302793   0.58039
 0.291794 -0.302337  0.579887
 0.292224 -0.301882  0.579384
 0.292653 -0.301426  0.578881
0.293083 -0.30097 0.578377
 0.293514 -0.300514  0.577873
 0.293943 -0.300059  0.577371
 0.294373 -0.299603  0.576867
 0.294802 -0.299147  0.576364
 0.295232 -0.298691   0.57586
 0.295662 -0.298236  0.575357
0.296092 -0.29778 0.574854
 0.296521 -0.297324  0.574351
 0.296951 -0.296869  0.573848
  0.29738 -0.296413  0.573344
 0.297809 -0.295958  0.572842
 0.298239 -0.295502  0.572339
 0.298668 -0.295047  0.571836
 0.299528 -0.294135  0.570829
 0.299528 -0.294135  0.570829
0.299957 -0.29368 0.570326
 0.300386 -0.293225  0.569824
 0.300816 -0.292769   0.56932
 0.301245 -0.292314  0.568817
 0.301675 -0.291858  0.568315
 0.302104 -0.291403  0.567812
 0.302533 -0.290948  0.567309
 0.302962 -0.290493  0.566806
 0.303392 -0.290037  0.566303
 0.303822 -0.289581    0.5658
 0.304251 -0.289126  0.565297
  0.30468 -0.288671  0.564794
  0.30511 -0.288215  0.564291
  0.30554 -0.287759  0.563788
 0.305969 -0.287304  0.563285
 0.306827 -0.286394   0.56228
 0.307256 -0.285939  0.561777
 0.307686 -0.285483  0.561274
 0.307686 -0.285483  0.561274
 0.308115 -0.285028  0.560771
 0.308545 -0.284572  0.560268
 0.309403 -0.283662  0.559262
 0.309833 -0.283206  0.558759
 0.310262 -0.282751  0.558257
 0.310691 -0.282296  0.557754
0.311121 -0.28184 0.557251
  0.31155 -0.281385  0.556748
0.311979 -0.28093 0.556245
 0.312408 -0.280474  0.555742
 0.312838 -0.280019   0.55524
 0.313267 -0.279564  0.554737
 0.313696 -0.279108  0.554234
 0.314126 -0.278653  0.553731
 0.314555 -0.278198  0.553229
 0.314984 -0.277743  0.552725
 0.314984 -0.277743  0.552725
 0.315432 -0.277268  0.552201
 0.315862 -0.276812  0.551698
 0.316291 -0.276357  0.551195
  0.31672 -0.275901  0.550692
  0.31715 -0.275446  0.550189
 0.317579 -0.274991  0.549686
 0.318008 -0.274535  0.549184
0.318438 -0.27408 0.548681
 0.318867 -0.273624  0.548177
 0.319297 -0.273169  0.547675
 0.319726 -0.272714  0.547172
 0.320155 -0.272259  0.546669
 0.320584 -0.271803  0.546166
 0.321014 -0.271348  0.545664
 0.321443 -0.270893  0.545161
 0.321872 -0.270438  0.544658
 0.322301 -0.269982  0.544155
 0.322731 -0.269527  0.543652
  0.32316 -0.269071  0.543149
  0.32359 -0.268616  0.542646
0.324019 -0.26816 0.542143
 0.324448 -0.267705   0.54164
0.324878 -0.26725 0.541138
 0.325307 -0.266794  0.540634
 0.325737 -0.266339  0.540132
 0.326166 -0.265884  0.539629
 0.326595 -0.265428  0.539126
 0.327025 -0.264972  0.538623
 0.327454 -0.264517   0.53812
 0.327884 -0.264062  0.537617
 0.328313 -0.263607  0.537114
 0.328742 -0.263151  0.536611
 0.329171 -0.262696  0.536109
 0.329601 -0.262241  0.535606
  0.33003 -0.261785  0.535103
 0.33046 -0.26133   0.5346
 0.330889 -0.260875  0.534097
 0.331318 -0.260419  0.533594
 0.331748 -0.259963  0.533091
 0.332177 -0.259508  0.532588
 0.332606 -0.259053  0.532085
 0.333036 -0.258598  0.531583
 0.333465 -0.258142   0.53108
 0.333894 -0.257687  0.530577
 0.334323 -0.257232  0.530074
 0.334753 -0.256777  0.529571
 0.335182 -0.256321  0.529069
 0.335611 -0.255866  0.528566
  0.33604 -0.255411  0.528063
  0.33647 -0.254956   0.52756
0.336899  -0.2545 0.527058
 0.337328 -0.254045  0.526555
0.337758 -0.25359 0.526052
 0.338187 -0.253135  0.525549
 0.338616 -0.252679  0.525046
 0.339044 -0.252226  0.524546
 0.339467 -0.251777   0.52405
 0.339886 -0.251333  0.523559
   0.3403 -0.250893  0.523074
  0.34071 -0.250458  0.522593
 0.341116 -0.250027  0.522118
 0.341518 -0.249602  0.521647
0.341915 -0.24918 0.521182
 0.342308 -0.248764  0.520722
 0.342697 -0.248351  0.520267
 0.343081 -0.247944  0.519816
0.343462 -0.24754 0.519371
 0.343837 -0.247142  0.518931
 0.344209 -0.246747  0.518495
 0.344576 -0.246358  0.518065
 0.344939 -0.245973   0.51764
 0.345298 -0.245593  0.517221
 0.345652 -0.245218  0.516806
 0.346001 -0.244847  0.516396
0.346347 -0.24448 0.515991
0.346687 -0.24412 0.515593
 0.347024 -0.243762  0.515199
 0.347356 -0.243409  0.514809
 0.347685 -0.243061  0.514424
 0.348009 -0.242718  0.514045
 0.348329 -0.242378   0.51367
 0.348644 -0.242044  0.513301
 0.348955 -0.241714  0.512937
 0.349262 -0.241388  0.512577
 0.349565 -0.241067  0.512222
 0.349863 -0.240751  0.511873
 0.350157 -0.240439  0.511529
 0.350446 -0.240133   0.51119
0.350731 -0.23983 0.510856
 0.351012 -0.239533  0.510527
 0.351288 -0.239239  0.510204
 0.351561 -0.238951  0.509885
 0.351828 -0.238667  0.509571
 0.352092 -0.238387  0.509263
 0.352351 -0.238112  0.508959
 0.352606 -0.237842  0.508661
 0.352856 -0.237576  0.508367
0.353344 -0.23706 0.507797
 0.353581 -0.236808  0.507518
0.353814 -0.23656 0.507245
0.353814 -0.23656 0.507245
 0.354043 -0.236318  0.506977
 0.354268 -0.236079  0.506714
 0.354488 -0.235846  0.506456
 0.354916 -0.235392  0.505955
 0.355123 -0.235172  0.505712
 0.355326 -0.234957  0.505474
 0.355326 -0.234957  0.505474
 0.35572 -0.23454 0.505013
 0.35572 -0.23454 0.505013
  0.35591 -0.234338  0.504791
 0.356096 -0.234141  0.504573
 0.356454 -0.233761  0.504153
 0.356454 -0.233761  0.504153
 0.356627 -0.233577  0.503951
 0.356795 -0.233399  0.503753
 0.356959 -0.233225  0.503561
 0.357119 -0.233055  0.503374
0.357426 -0.23273 0.503015
 0.357573 -0.232574  0.502843
 0.357573 -0.232574  0.502843
 0.357716 -0.232423  0.502675
 0.357988 -0.232134  0.502357
 0.358118 -0.231996  0.502205
 0.358243 -0.231864  0.502058
 0.358243 -0.231864  0.502058
 0.358481 -0.231611  0.501779
 0.358593 -0.231492  0.501648
 0.358593 -0.231492  0.501648
 0.358805 -0.231267    0.5014
 0.358805 -0.231267    0.5014
 0.358904 -0.231162  0.501283
  0.35909 -0.230965  0.501065
  0.35909 -0.230965  0.501065
 0.359259 -0.230786  0.500868
 0.359259 -0.230786  0.500868
  0.35941 -0.230625  0.500691
  0.35948 -0.230552   0.50061
 0.359544 -0.230483  0.500534
 0.359605 -0.230419  0.500463
 0.359661 -0.230359  0.500397
 0.359661 -0.230359  0.500397
 0.359761 -0.230254   0.50028
 0.359804 -0.230208   0.50023
 0.359843 -0.230167  0.500184
0.359878 -0.23013 0.500143
 0.359908 -0.230098  0.500108
0.359934 -0.23007 0.500077
 0.359956 -0.230047  0.500052
 0.359956 -0.230047  0.500052
 0.359986 -0.230015  0.500016
 0.359986 -0.230015  0.500016
 0.359995 -0.230005  0.500006
 0.359999 -0.230001  0.500001
 0.36 -0.23   0.5
 0.36 -0.23   0.5
 0.36 -0.23   0.5
 0.36 -0.23   0.5
 0.36 -0.23   0.5
 0.36 -0.23   0.5
 0.36 -0.23   0.5
 0.36 -0.23   0.5
 0.36 -0.23   0.5
 0.36 -0.23   0.5
 0.36 -0.23   0.5
 0.36 -0.23   0.5
 0.36 -0.23   0.5
 0.36 -0.23   0.5
 0.36 -0.23   0.5
 0.36 -0.23   0.5
 0.36 -0.23   0.5
 0.36 -0.23   0.5
 0.36 -0.23   0.5
 0.36 -0.23   0.5
 0.36 -0.23   0.5
 0.36 -0.23   0.5
 0.36 -0.23   0.5
 0.36 -0.23   0.5
 0.36 -0.23   0.5
 0.36 -0.23   0.5
 0.36 -0.23   0.5
 0.36 -0.23   0.5
 0.36 -0.23   0.5
 0.36 -0.23   0.5
 0.36 -0.23   0.5
 0.36 -0.23   0.5
 0.36 -0.23   0.5
 0.36 -0.23   0.5
 0.36 -0.23   0.5
 0.36 -0.23   0.5
 0.36 -0.23   0.5
 0.36 -0.23   0.5
 0.36 -0.23   0.5
 0.36 -0.23   0.5
 0.36 -0.23   0.5
 0.36 -0.23   0.5
 0.36 -0.23   0.5
 0.36 -0.23   0.5
 0.36 -0.23   0.5
 0.36 -0.23   0.5
 0.36 -0.23   0.5
 0.36 -0.23   0.5
 0.36 -0.23   0.5
 0.36 -0.23   0.5
 0.36 -0.23   0.5
 0.36 -0.23   0.5
 0.36 -0.23   0.5
 0.36 -0.23   0.5
 0.36 -0.23   0.5
 0.36 -0.23   0.5
 0.36 -0.23   0.5
 0.36 -0.23   0.5
 0.36 -0.23   0.5
 0.36 -0.23   0.5
 0.36 -0.23   0.5
 0.36 -0.23   0.5
 0.36 -0.23   0.5
 0.36 -0.23   0.5
 0.36 -0.23   0.5
 0.36 -0.23   0.5
 0.36 -0.23   0.5
 0.36 -0.23   0.5
 0.36 -0.23   0.5
 0.36 -0.23   0.5
 0.36 -0.23   0.5
 0.36 -0.23   0.5
 0.36 -0.23   0.5
 0.36 -0.23   0.5
 0.36 -0.23   0.5
 0.36 -0.23   0.5
 0.36 -0.23   0.5
 0.36 -0.23   0.5
 0.36 -0.23   0.5
 0.36 -0.23   0.5
 0.36 -0.23   0.5
 0.36 -0.23   0.5
 0.36 -0.23   0.5
 0.36 -0.23   0.5
 0.36 -0.23   0.5
 0.36 -0.23   0.5
 0.36 -0.23   0.5
 0.36 -0.23   0.5
 0.36 -0.23   0.5
 0.36 -0.23   0.5
 0.36 -0.23   0.5
 0.36 -0.23   0.5
 0.36 -0.23   0.5
 0.36 -0.23   0.5
 0.36 -0.23   0.5
 0.36 -0.23   0.5
 0.36 -0.23   0.5
 0.36 -0.23   0.5
 0.36 -0.23   0.5
 0.36 -0.23   0.5
 0.36 -0.23   0.5
 0.36 -0.23   0.5
 0.36 -0.23   0.5
 0.36 -0.23   0.5
 0.36 -0.23   0.5
 0.36 -0.23   0.5
 0.36 -0.23   0.5
 0.36 -0.23   0.5
 0.36 -0.23   0.5
 0.36 -0.23   0.5
 0.36 -0.23   0.5
 0.36 -0.23   0.5
 0.36 -0.23   0.5
 0.36 -0.23   0.5
 0.36 -0.23   0.5
 0.36 -0.23   0.5
 0.36 -0.23   0.5
 0.36 -0.23   0.5
 0.36 -0.23   0.5
 0.36 -0.23   0.5
 0.36 -0.23   0.5
 0.36 -0.23   0.5
 0.36 -0.23   0.5
 0.36 -0.23   0.5
 0.36 -0.23   0.5
 0.36 -0.23   0.5
 0.36 -0.23   0.5
 0.36 -0.23   0.5
 0.36 -0.23   0.5
 0.36 -0.23   0.5
 0.36 -0.23   0.5
 0.36 -0.23   0.5
 0.36 -0.23   0.5
 0.36 -0.23   0.5
 0.36 -0.23   0.5
 0.36 -0.23   0.5
 0.36 -0.23   0.5
 0.36 -0.23   0.5
 0.36 -0.23   0.5
 0.36 -0.23   0.5
 0.36 -0.23   0.5
 0.36 -0.23   0.5
 0.36 -0.23   0.5
 0.36 -0.23   0.5
 0.36 -0.23   0.5
 0.36 -0.23   0.5
 0.36 -0.23   0.5
 0.36 -0.23   0.5
 0.36 -0.23   0.5
 0.36 -0.23   0.5
 0.36 -0.23   0.5
 0.36 -0.23   0.5
 0.36 -0.23   0.5
 0.36 -0.23   0.5
 0.36 -0.23   0.5
 0.36 -0.23   0.5
 0.36 -0.23   0.5
 0.36 -0.23   0.5
 0.36 -0.23   0.5
 0.36 -0.23   0.5
 0.36 -0.23   0.5
 0.36 -0.23   0.5
 0.36 -0.23   0.5
 0.36 -0.23   0.5
 0.36 -0.23   0.5
 0.36 -0.23   0.5
 0.36 -0.23   0.5
 0.36 -0.23   0.5
 0.36 -0.23   0.5
 0.36 -0.23   0.5
 0.36 -0.23   0.5
 0.36 -0.23   0.5
 0.36 -0.23   0.5
 0.36 -0.23   0.5
 0.36 -0.23   0.5
 0.36 -0.23   0.5
 0.36 -0.23   0.5
 0.36 -0.23   0.5
 0.36 -0.23   0.5
 0.36 -0.23   0.5
 0.36 -0.23   0.5
 0.36 -0.23   0.5
 0.36 -0.23   0.5
 0.36 -0.23   0.5
 0.36 -0.23   0.5
 0.36 -0.23   0.5
 0.36 -0.23   0.5
 0.36 -0.23   0.5
 0.36 -0.23   0.5
 0.36 -0.23   0.5
 0.36 -0.23   0.5
 0.36 -0.23   0.5
 0.36 -0.23   0.5
 0.36 -0.23   0.5
 0.36 -0.23   0.5
 0.36 -0.23   0.5
 0.36 -0.23   0.5
 0.36 -0.23   0.5
 0.36 -0.23   0.5
 0.36 -0.23   0.5
 0.36 -0.23   0.5
 0.36 -0.23   0.5
 0.36 -0.23   0.5
 0.36 -0.23   0.5
 0.36 -0.23   0.5
 0.36 -0.23   0.5
 0.36 -0.23   0.5
 0.36 -0.23   0.5
 0.36 -0.23   0.5
 0.36 -0.23   0.5
 0.36 -0.23   0.5
 0.36 -0.23   0.5
 0.36 -0.23   0.5
 0.36 -0.23   0.5
 0.36 -0.23   0.5
 0.36 -0.23   0.5
 0.36 -0.23   0.5
 0.36 -0.23   0.5
 0.36 -0.23   0.5
 0.36 -0.23   0.5
 0.36 -0.23   0.5
 0.36 -0.23   0.5
 0.36 -0.23   0.5
 0.36 -0.23   0.5
 0.36 -0.23   0.5
 0.36 -0.23   0.5
 0.36 -0.23   0.5
 0.36 -0.23   0.5
 0.36 -0.23   0.5
 0.36 -0.23   0.5
 0.36 -0.23   0.5
 0.36 -0.23   0.5
 0.36 -0.23   0.5
 0.36 -0.23   0.5
 0.36 -0.23   0.5
 0.36 -0.23   0.5
 0.36 -0.23   0.5
 0.36 -0.23   0.5
 0.36 -0.23   0.5
 0.36 -0.23   0.5
 0.36 -0.23   0.5
 0.36 -0.23   0.5
 0.36 -0.23   0.5
 0.36 -0.23   0.5
 0.36 -0.23   0.5
 0.36 -0.23   0.5
 0.36 -0.23   0.5
 0.36 -0.23   0.5
 0.36 -0.23   0.5
 0.36 -0.23   0.5
 0.36 -0.23   0.5
 0.36 -0.23   0.5
 0.36 -0.23   0.5
 0.36 -0.23   0.5
 0.36 -0.23   0.5
 0.36 -0.23   0.5
 0.36 -0.23   0.5
 0.36 -0.23   0.5
 0.36 -0.23   0.5
 0.36 -0.23   0.5
 0.36 -0.23   0.5
 0.36 -0.23   0.5
 0.36 -0.23   0.5
 0.36 -0.23   0.5
 0.36 -0.23   0.5
 0.36 -0.23   0.5
 0.36 -0.23   0.5
 0.36 -0.23   0.5
 0.36 -0.23   0.5
 0.36 -0.23   0.5
 0.36 -0.23   0.5
 0.36 -0.23   0.5
 0.36 -0.23   0.5
 0.36 -0.23   0.5
 0.36 -0.23   0.5
 0.36 -0.23   0.5
 0.36 -0.23   0.5
 0.36 -0.23   0.5
 0.36 -0.23   0.5
 0.36 -0.23   0.5
 0.36 -0.23   0.5
 0.36 -0.23   0.5
 0.36 -0.23   0.5
 0.36 -0.23   0.5
 0.36 -0.23   0.5
 0.36 -0.23   0.5
 0.36 -0.23   0.5
 0.36 -0.23   0.5
 0.36 -0.23   0.5
 0.36 -0.23   0.5
 0.36 -0.23   0.5
 0.36 -0.23   0.5
 0.36 -0.23   0.5
 0.36 -0.23   0.5
 0.36 -0.23   0.5
 0.36 -0.23   0.5
 0.36 -0.23   0.5
 0.36 -0.23   0.5
 0.36 -0.23   0.5
 0.36 -0.23   0.5
 0.36 -0.23   0.5
 0.36 -0.23   0.5
 0.36 -0.23   0.5
 0.36 -0.23   0.5
 0.36 -0.23   0.5
 0.36 -0.23   0.5
 0.36 -0.23   0.5
 0.36 -0.23   0.5
 0.36 -0.23   0.5
 0.36 -0.23   0.5
 0.36 -0.23   0.5
 0.36 -0.23   0.5
 0.36 -0.23   0.5
 0.36 -0.23   0.5
 0.36 -0.23   0.5
 0.36 -0.23   0.5
 0.36 -0.23   0.5
 0.36 -0.23   0.5
 0.36 -0.23   0.5
 0.36 -0.23   0.5
 0.36 -0.23   0.5
 0.36 -0.23   0.5
 0.36 -0.23   0.5
 0.36 -0.23   0.5
 0.36 -0.23   0.5
 0.36 -0.23   0.5
 0.36 -0.23   0.5
 0.36 -0.23   0.5
 0.36 -0.23   0.5
 0.36 -0.23   0.5
 0.36 -0.23   0.5
 0.36 -0.23   0.5
 0.36 -0.23   0.5
 0.36 -0.23   0.5
 0.36 -0.23   0.5
 0.36 -0.23   0.5
 0.36 -0.23   0.5
 0.36 -0.23   0.5
 0.36 -0.23   0.5
 0.36 -0.23   0.5
 0.36 -0.23   0.5
 0.36 -0.23   0.5
 0.36 -0.23   0.5
 0.36 -0.23   0.5
 0.36 -0.23   0.5
 0.36 -0.23   0.5
 0.36 -0.23   0.5
 0.36 -0.23   0.5
 0.36 -0.23   0.5
 0.36 -0.23   0.5
 0.36 -0.23   0.5
 0.36 -0.23   0.5
 0.36 -0.23   0.5
 0.36 -0.23   0.5
 0.36 -0.23   0.5
 0.36 -0.23   0.5
 0.36 -0.23   0.5
 0.36 -0.23   0.5
 0.36 -0.23   0.5
 0.36 -0.23   0.5
 0.36 -0.23   0.5
 0.36 -0.23   0.5
 0.36 -0.23   0.5
 0.36 -0.23   0.5
 0.36 -0.23   0.5
 0.36 -0.23   0.5
 0.36 -0.23   0.5
 0.36 -0.23   0.5
 0.36 -0.23   0.5
 0.36 -0.23   0.5
 0.36 -0.23   0.5
 0.36 -0.23   0.5
 0.36 -0.23   0.5
 0.36 -0.23   0.5
 0.36 -0.23   0.5
 0.36 -0.23   0.5
 0.36 -0.23   0.5
 0.36 -0.23   0.5
 0.36 -0.23   0.5
 0.36 -0.23   0.5
 0.36 -0.23   0.5
 0.36 -0.23   0.5
 0.36 -0.23   0.5
 0.36 -0.23   0.5
 0.36 -0.23   0.5
 0.36 -0.23   0.5
 0.36 -0.23   0.5
 0.36 -0.23   0.5
 0.36 -0.23   0.5
 0.36 -0.23   0.5
 0.36 -0.23   0.5
 0.36 -0.23   0.5
 0.36 -0.23   0.5
 0.36 -0.23   0.5
 0.36 -0.23   0.5
 0.36 -0.23   0.5
 0.36 -0.23   0.5
 0.36 -0.23   0.5
 0.36 -0.23   0.5
 0.36 -0.23   0.5
 0.36 -0.23   0.5
 0.36 -0.23   0.5
 0.36 -0.23   0.5
 0.36 -0.23   0.5
 0.36 -0.23   0.5
 0.36 -0.23   0.5
 0.36 -0.23   0.5
 0.36 -0.23   0.5
 0.36 -0.23   0.5
 0.36 -0.23   0.5
 0.36 -0.23   0.5
 0.36 -0.23   0.5
 0.36 -0.23   0.5
 0.36 -0.23   0.5
 0.36 -0.23   0.5
 0.36 -0.23   0.5
 0.36 -0.23   0.5
 0.36 -0.23   0.5
 0.36 -0.23   0.5
 0.36 -0.23   0.5
 0.36 -0.23   0.5
 0.36 -0.23   0.5
 0.36 -0.23   0.5
 0.36 -0.23   0.5
 0.36 -0.23   0.5
 0.36 -0.23   0.5
 0.36 -0.23   0.5
 0.36 -0.23   0.5
 0.36 -0.23   0.5
 0.36 -0.23   0.5
 0.36 -0.23   0.5
 0.36 -0.23   0.5
 0.36 -0.23   0.5
 0.36 -0.23   0.5
 0.36 -0.23   0.5
 0.36 -0.23   0.5
 0.36 -0.23   0.5
 0.36 -0.23   0.5
 0.36 -0.23   0.5
 0.36 -0.23   0.5
 0.36 -0.23   0.5
 0.36 -0.23   0.5
 0.36 -0.23   0.5
 0.36 -0.23   0.5
 0.36 -0.23   0.5
 0.36 -0.23   0.5
 0.36 -0.23   0.5
 0.36 -0.23   0.5
 0.36 -0.23   0.5
 0.36 -0.23   0.5
 0.36 -0.23   0.5
 0.36 -0.23   0.5
 0.36 -0.23   0.5
 0.36 -0.23   0.5
 0.36 -0.23   0.5
 0.36 -0.23   0.5
 0.36 -0.23   0.5
 0.36 -0.23   0.5
 0.36 -0.23   0.5
 0.36 -0.23   0.5
 0.36 -0.23   0.5
 0.36 -0.23   0.5
 0.36 -0.23   0.5
 0.36 -0.23   0.5
 0.36 -0.23   0.5
 0.36 -0.23   0.5
 0.36 -0.23   0.5
