 0.268913 -0.326605  0.606683
 0.268913 -0.326597  0.606689
 0.268911 -0.326598  0.606688
 0.268913 -0.326596  0.606695
 0.268914 -0.326594  0.606699
 0.268922 -0.326588  0.606711
 0.268931 -0.326581  0.606727
 0.268943 -0.326576  0.606745
 0.268959 -0.326562  0.606769
 0.268975 -0.326551  0.606793
 0.268996 -0.326538  0.606823
 0.269016 -0.326524   0.60685
  0.26904 -0.326508  0.606881
0.269064 -0.32649 0.606914
 0.26909 -0.32647 0.606946
 0.269117 -0.326448   0.60698
 0.269145 -0.326426   0.60701
 0.269172 -0.326402  0.607044
 0.269199 -0.326377  0.607072
 0.269228 -0.326346  0.607105
 0.269253 -0.326318  0.607128
 0.269279 -0.326286   0.60715
 0.269305 -0.326252  0.607172
 0.269329 -0.326218  0.607188
  0.26934 -0.326194  0.607219
 0.269374 -0.326141  0.607211
 0.269396 -0.326097  0.607221
 0.269415 -0.326053  0.607219
 0.269434 -0.326006  0.607217
 0.269454 -0.325954  0.607211
 0.269472 -0.325898  0.607199
0.269489 -0.32584 0.607186
 0.269508 -0.325778  0.607164
 0.269518 -0.325722  0.607183
 0.269535 -0.325653  0.607154
 0.269553 -0.325579  0.607124
 0.269583 -0.325487  0.607041
 0.269594 -0.325414  0.607052
 0.269625 -0.325313  0.606954
 0.269637 -0.325232  0.606961
 0.269671 -0.325114  0.606845
 0.269687 -0.325022  0.606854
 0.269726 -0.324897  0.606729
0.269754 -0.32478 0.606659
 0.269785 -0.324659  0.606588
 0.269818 -0.324531  0.606514
 0.269839 -0.324418  0.606516
 0.269876 -0.324278   0.60643
 0.269927 -0.324117  0.606257
 0.269967 -0.323967   0.60617
 0.270007 -0.323813  0.606073
 0.270049 -0.323656  0.605975
 0.270093 -0.323492  0.605874
 0.270121 -0.323349  0.605873
 0.270184 -0.323152  0.605659
  0.27023 -0.322977  0.605543
 0.270279 -0.322795  0.605429
 0.270327 -0.322609  0.605305
  0.27036 -0.322446  0.605309
 0.270426 -0.322226  0.605047
 0.270477 -0.322029  0.604911
 0.270529 -0.321826  0.604771
0.270581 -0.32162 0.604625
 0.270634 -0.321407  0.604477
0.270687 -0.32119  0.60432
0.270742 -0.32097 0.604163
0.270779 -0.32077  0.60416
 0.270835 -0.320542  0.603994
 0.270892 -0.320305  0.603825
 0.270949 -0.320065   0.60365
 0.271009 -0.319822  0.603469
 0.271069 -0.319572  0.603281
 0.271131 -0.319319   0.60309
 0.271194 -0.319059   0.60289
 0.271259 -0.318794  0.602685
 0.271345 -0.318496  0.602258
 0.271414 -0.318219  0.602038
 0.271487 -0.317937  0.601815
 0.271561 -0.317652  0.601585
 0.271639 -0.317359  0.601355
 0.271719 -0.317065  0.601118
 0.271802 -0.316763  0.600885
 0.271887 -0.316458  0.600642
 0.271975 -0.316151  0.600399
 0.272067 -0.315838  0.600158
 0.27213 -0.31557  0.60016
  0.27226 -0.315203  0.599669
 0.272326 -0.314932  0.599674
 0.272466 -0.314553  0.599176
 0.272572 -0.314225  0.598921
 0.272682 -0.313855  0.598655
 0.272796 -0.313519  0.598399
 0.272913 -0.313177  0.598141
 0.273033 -0.312832  0.597883
 0.273156 -0.312486   0.59762
 0.273291 -0.312135  0.597376
 0.273367 -0.311855  0.597381
 0.273498 -0.311502  0.597118
 0.273636 -0.311136  0.596819
 0.273772 -0.310774  0.596548
 0.273912 -0.310411  0.596272
 0.274055 -0.310041  0.595994
 0.274268 -0.309575  0.595424
  0.27442 -0.309193  0.595135
 0.274577 -0.308809  0.594847
 0.274735 -0.308419   0.59455
 0.274897 -0.308025  0.594253
0.275063 -0.30763 0.593953
 0.275231 -0.307228  0.593652
 0.275403 -0.306824  0.593351
 0.275576 -0.306417  0.593047
0.275753 -0.30601 0.592745
 0.275931 -0.305598  0.592439
 0.276113 -0.305185  0.592135
 0.276296 -0.304771  0.591833
 0.276481 -0.304358  0.591528
 0.276669 -0.303941  0.591226
 0.276858 -0.303524  0.590922
  0.27705 -0.303105   0.59062
 0.277243 -0.302687  0.590312
 0.277334 -0.302414    0.5903
 0.277636 -0.301841  0.589699
 0.277835 -0.301395  0.589369
 0.278038 -0.300967   0.58906
 0.278242 -0.300538  0.588749
 0.278449 -0.300108  0.588438
 0.278665 -0.299675  0.588139
 0.278758 -0.299411  0.588114
 0.278968 -0.298978  0.587795
 0.279193 -0.298528   0.58745
 0.279532 -0.297909  0.586844
 0.279752 -0.297465  0.586523
 0.279975 -0.297018  0.586203
 0.280199 -0.296569   0.58588
 0.280295 -0.296312  0.585839
 0.280519 -0.295863  0.585512
 0.280747 -0.295413   0.58519
 0.280975 -0.294961  0.584859
 0.281205 -0.294509  0.584529
 0.281574 -0.293847  0.583915
 0.281813 -0.293357  0.583566
 0.282049 -0.292893  0.583237
0.282285 -0.29243 0.582901
 0.282523 -0.291966   0.58257
 0.282757 -0.291505  0.582234
 0.282992 -0.291047    0.5819
 0.283233 -0.290588   0.58158
 0.28348 -0.29011  0.58122
 0.283712 -0.289655   0.58089
 0.283942 -0.289206  0.580557
 0.284171 -0.288756  0.580229
0.284398 -0.28831 0.579897
 0.284624 -0.287866  0.579573
 0.284847 -0.287426  0.579241
 0.285049 -0.287011  0.578925
 0.285271 -0.286572  0.578597
 0.285492 -0.286133  0.578266
 0.285715 -0.285692  0.577937
0.285937 -0.28525 0.577604
 0.286162 -0.284806  0.577274
 0.286386 -0.284359  0.576934
 0.286612 -0.283908  0.576597
 0.286841 -0.283452  0.576261
 0.287071 -0.282995   0.57592
 0.287304 -0.282531   0.57558
 0.287538 -0.282062  0.575237
 0.287775 -0.281588  0.574898
 0.288033 -0.281086  0.574535
 0.288274 -0.280605  0.574189
 0.288517 -0.280118  0.573844
  0.28876 -0.279628  0.573496
 0.288862 -0.279383  0.573405
0.289251 -0.27864 0.572801
 0.289499 -0.278141  0.572453
 0.289746 -0.277639  0.572103
 0.289995 -0.277136  0.571758
 0.290242 -0.276632  0.571405
 0.290488 -0.276131  0.571054
 0.290734 -0.275627  0.570706
 0.290979 -0.275125  0.570356
 0.291077 -0.274887  0.570255
 0.291464 -0.274127  0.569656
0.291705 -0.27363  0.56931
 0.291943 -0.273134  0.568958
  0.29218 -0.272641   0.56861
 0.292415 -0.272149  0.568263
 0.292647 -0.271663  0.567914
 0.292879 -0.271177  0.567569
  0.29297 -0.270954  0.567461
 0.293338 -0.270198  0.566857
 0.293564 -0.269719  0.566508
 0.293789 -0.269241  0.566163
 0.294014 -0.268766  0.565817
0.294237 -0.26829 0.565471
  0.29446 -0.267815  0.565128
 0.294553 -0.267596  0.565014
 0.294776 -0.267124  0.564671
  0.29501 -0.266625  0.564304
 0.295234 -0.266149  0.563964
 0.295457 -0.265671  0.563616
0.295809 -0.26493 0.563037
 0.295914 -0.264707  0.562931
  0.29627 -0.263953  0.562351
 0.296501 -0.263458  0.562004
 0.296731 -0.262959  0.561656
 0.296963 -0.262459   0.56131
 0.297194 -0.261957   0.56096
 0.297425 -0.261453  0.560613
 0.297656 -0.260948  0.560267
 0.297886 -0.260446   0.55992
 0.298115 -0.259943  0.559577
 0.298346 -0.259416  0.559215
 0.298571 -0.258919  0.558876
 0.298793 -0.258426  0.558534
 0.299014 -0.257937  0.558202
  0.29923 -0.257454  0.557861
 0.299446 -0.256971  0.557526
  0.29966 -0.256491  0.557193
 0.299872 -0.256013  0.556859
0.300083 -0.25554 0.556527
 0.300304 -0.255038  0.556173
 0.300513 -0.254565  0.555845
 0.300708 -0.254119  0.555531
 0.300915 -0.253649    0.5552
 0.301121 -0.253177   0.55487
 0.301212 -0.252972  0.554739
0.301418  -0.2525 0.554411
 0.301635 -0.252003  0.554059
0.301956 -0.25126 0.553534
 0.302049 -0.251051    0.5534
 0.30237  -0.2503 0.552871
0.302465 -0.25009 0.552738
 0.302788 -0.249331  0.552211
 0.302998 -0.248842  0.551883
 0.303207 -0.248352  0.551554
 0.303418 -0.247862  0.551226
 0.303626 -0.247372  0.550897
 0.303835 -0.246883  0.550576
 0.304041 -0.246398  0.550248
0.304244 -0.24592 0.549926
 0.304446 -0.245445  0.549609
 0.304645 -0.244977  0.549293
 0.304845 -0.244523  0.548988
 0.305037 -0.244071  0.548677
 0.305228 -0.243612   0.54835
 0.305412 -0.243177  0.548044
 0.305593 -0.242751  0.547743
 0.305772 -0.242332  0.547446
 0.305947 -0.241923  0.547147
  0.30612 -0.241518  0.546855
 0.306289 -0.241121  0.546562
0.306458 -0.24073 0.546273
 0.306623 -0.240344  0.545983
0.306706 -0.24019 0.545861
 0.306877 -0.239787  0.545555
 0.307041 -0.239413  0.545271
 0.307204 -0.239037   0.54499
0.307373 -0.23867 0.544716
 0.307536 -0.238298  0.544436
   0.3077 -0.237923  0.544155
 0.307865 -0.237548  0.543878
 0.308029 -0.237171  0.543598
 0.308195 -0.236794  0.543318
 0.308362 -0.236414  0.543042
  0.30853 -0.236032  0.542765
 0.308692 -0.235643  0.542482
 0.308866 -0.235268  0.542215
 0.309039 -0.234859  0.541925
 0.309206 -0.234478  0.541653
 0.309374 -0.234098  0.541387
 0.309539 -0.233724  0.541117
 0.309703 -0.233356  0.540853
 0.309866 -0.232992  0.540594
 0.310026 -0.232634  0.540336
 0.310192 -0.232264  0.540068
 0.310339 -0.231944   0.53983
 0.310499 -0.231589  0.539571
 0.310647 -0.231266  0.539324
 0.310793 -0.230954  0.539082
 0.310936 -0.230651  0.538844
 0.311075 -0.230357  0.538609
 0.311212 -0.230076  0.538378
 0.311398 -0.229627  0.538029
0.311475 -0.22954 0.537927
 0.311649 -0.229125  0.537585
  0.31177 -0.228888  0.537369
 0.311852 -0.228823   0.53728
 0.311963 -0.228589  0.537057
 0.312086 -0.228385   0.53686
 0.312237 -0.228039  0.536546
 0.312348 -0.227841  0.536346
 0.312423 -0.227766  0.536228
 0.312567 -0.227448  0.535931
 0.312674 -0.227265  0.535733
 0.312782 -0.227081  0.535541
 0.31289  -0.2269 0.535353
 0.312998 -0.226722  0.535164
 0.313108 -0.226542  0.534981
 0.313217 -0.226364  0.534797
 0.313328 -0.226184   0.53462
 0.313438 -0.226006  0.534438
 0.313519 -0.225944  0.534352
 0.313635 -0.225752  0.534168
 0.313747 -0.225574  0.533994
 0.313889 -0.225287  0.533747
 0.314002 -0.225106  0.533577
 0.314086 -0.225046  0.533496
 0.314204 -0.224853  0.533322
 0.314319 -0.224674  0.533162
 0.314433 -0.224495  0.532998
 0.314578 -0.224201  0.532755
 0.314692 -0.224026  0.532602
 0.314803 -0.223856  0.532445
 0.314913 -0.223692  0.532292
 0.315022 -0.223531  0.532142
 0.315128 -0.223379  0.531996
 0.315233 -0.223235  0.531853
 0.315333 -0.223099   0.53171
 0.315441 -0.222982   0.53159
 0.315535 -0.222866  0.531451
 0.315627 -0.222762   0.53132
 0.315698 -0.222746  0.531255
 0.315802 -0.222579  0.531067
 0.315886 -0.222504  0.530948
 0.315965 -0.222436  0.530826
 0.316042 -0.222361  0.530692
 0.316119 -0.222309  0.530579
 0.316193 -0.222263  0.530466
 0.316266 -0.222224  0.530358
 0.316334 -0.222227  0.530302
 0.316408 -0.222191    0.5302
 0.316478 -0.222125  0.530035
 0.316549 -0.222127  0.529982
  0.31662 -0.222071  0.529834
  0.31669 -0.222047  0.529733
 0.316763 -0.222019  0.529638
 0.316836 -0.222018  0.529585
 0.316909 -0.221961  0.529445
 0.316983 -0.221931  0.529352
 0.317059 -0.221898   0.52926
 0.317136 -0.221892  0.529213
 0.317213 -0.221857   0.52912
 0.317292 -0.221817  0.529036
  0.31737 -0.221775  0.528945
 0.317459 -0.221745   0.52887
  0.31754 -0.221699  0.528786
 0.317622 -0.221652    0.5287
 0.317704 -0.221604   0.52862
 0.317785 -0.221557  0.528534
 0.317873 -0.221466  0.528417
 0.317954 -0.221416  0.528339
 0.318028 -0.221412  0.528293
 0.318113 -0.221314  0.528165
 0.318191 -0.221272  0.528087
 0.31827 -0.22123 0.528015
 0.318345 -0.221191  0.527939
  0.31842 -0.221155  0.527863
 0.318488 -0.221161  0.527824
  0.31856 -0.221133  0.527755
 0.318634 -0.221081   0.52766
   0.3187 -0.221066  0.527594
 0.318766 -0.221054   0.52753
 0.318831 -0.221049  0.527468
 0.318894 -0.221046  0.527408
 0.318956 -0.221047  0.527351
 0.319017 -0.221052  0.527293
 0.319077 -0.221061   0.52724
 0.319135 -0.221071  0.527182
 0.319193 -0.221083  0.527129
 0.319252 -0.221099  0.527077
 0.319309 -0.221114  0.527024
 0.319367 -0.221129  0.526976
 0.319424 -0.221146  0.526922
0.319482 -0.22116 0.526874
  0.31954 -0.221174  0.526825
 0.319606 -0.221197  0.526789
 0.319666 -0.221209  0.526742
 0.319717 -0.221207  0.526683
 0.319786 -0.221223  0.526651
0.319847 -0.22123 0.526601
 0.319908 -0.221231  0.526556
 0.319971 -0.221231   0.52651
 0.320033 -0.221228  0.526465
 0.320097 -0.221225   0.52642
 0.320159 -0.221219  0.526375
 0.320224 -0.221211  0.526334
 0.320287 -0.221204  0.526286
  0.32035 -0.221194  0.526242
 0.320414 -0.221171  0.526187
 0.320476 -0.221161  0.526145
  0.32054 -0.221151  0.526106
 0.320601 -0.221144  0.526062
 0.320662 -0.221136  0.526022
0.320724 -0.22113 0.525983
 0.320783 -0.221128  0.525943
 0.320843 -0.221125  0.525906
   0.3209 -0.221125  0.525868
 0.320959 -0.221126  0.525836
 0.321014 -0.221133  0.525796
  0.32107 -0.221149  0.525766
 0.321124 -0.221149  0.525729
 0.321179 -0.221168  0.525698
0.321233 -0.22118 0.525668
 0.321284 -0.221193  0.525633
 0.321335 -0.221209  0.525601
 0.321381 -0.221229  0.525569
0.321431 -0.22125 0.525538
 0.321481 -0.221269   0.52551
 0.321529 -0.221292  0.525478
  0.32158 -0.221312  0.525454
0.321633 -0.22133  0.52542
 0.321676 -0.221356  0.525392
  0.32173 -0.221371  0.525364
 0.321779 -0.221391  0.525335
 0.321819 -0.221339  0.525197
 0.321872 -0.221444  0.525293
 0.321922 -0.221462  0.525264
 0.321972 -0.221475  0.525239
 0.322022 -0.221476    0.5252
 0.322073 -0.221486  0.525175
 0.322122 -0.221495  0.525142
 0.322176 -0.221503  0.525125
 0.322228 -0.221514  0.525091
0.322279 -0.22152 0.525065
 0.322328 -0.221522  0.525044
 0.322379 -0.221528  0.525017
 0.322432 -0.221531  0.524994
 0.322482 -0.221534  0.524966
 0.322533 -0.221539   0.52494
 0.322584 -0.221541  0.524917
 0.322634 -0.221544  0.524891
 0.322685 -0.221547  0.524869
 0.322734 -0.221554  0.524843
 0.322785 -0.221563  0.524819
 0.322831 -0.221565  0.524798
 0.322878 -0.221575  0.524775
 0.322926 -0.221583  0.524754
 0.322978 -0.221601  0.524739
 0.323024 -0.221612  0.524719
 0.323069 -0.221625  0.524695
 0.323114 -0.221638  0.524674
 0.323158 -0.221652  0.524653
 0.323201 -0.221669  0.524631
 0.323245 -0.221683  0.524611
0.323287  -0.2217  0.52459
  0.32333 -0.221716  0.524572
  0.32337 -0.221731  0.524536
0.323411 -0.22175 0.524515
 0.323453 -0.221766  0.524495
 0.323494 -0.221783  0.524475
 0.323536 -0.221799  0.524458
  0.32358 -0.221813  0.524427
 0.323618 -0.221833  0.524417
 0.323663 -0.221844  0.524388
   0.3237 -0.221866  0.524378
0.323743 -0.22188 0.524361
 0.323784 -0.221893  0.524341
 0.323827 -0.221906  0.524326
0.323868 -0.22192 0.524305
  0.32391 -0.221932  0.524287
 0.323953 -0.221943  0.524271
 0.323991 -0.221881  0.524152
 0.324038 -0.221964  0.524237
  0.32408 -0.221974  0.524218
 0.324165 -0.221992  0.524184
 0.324165 -0.221992  0.524184
 0.324203 -0.221928  0.524069
 0.324249 -0.222008  0.524152
 0.324288 -0.221946  0.524023
  0.32433 -0.221953  0.524023
 0.324374 -0.222033    0.5241
0.324415 -0.22204 0.524084
  0.32446 -0.222058  0.524073
 0.324541 -0.222075  0.524041
  0.32458 -0.222086  0.524023
 0.324622 -0.222094  0.523998
 0.324618 -0.222025  0.523904
 0.324658 -0.222104  0.523991
 0.324696 -0.222115  0.523974
 0.324734 -0.222127  0.523958
 0.324772 -0.222138  0.523941
  0.32481 -0.222149  0.523928
0.324846 -0.22216 0.523909
 0.324883 -0.222161  0.523885
 0.324968 -0.222192  0.523841
 0.324991 -0.222199  0.523838
 0.325029 -0.222208  0.523807
 0.325063 -0.222226  0.523811
 0.325063 -0.222226  0.523811
 0.325097 -0.222239  0.523792
 0.325168 -0.222264  0.523763
 0.325205 -0.222275  0.523732
 0.325239 -0.222291  0.523735
 0.325273 -0.222304  0.523719
  0.32531 -0.222315  0.523689
0.325344 -0.22233 0.523691
 0.325379 -0.222342  0.523678
 0.325415 -0.222353  0.523666
 0.325451 -0.222364  0.523635
  0.32549 -0.222384  0.523647
 0.325524 -0.222395  0.523631
  0.32556 -0.222405    0.5236
 0.325595 -0.222417  0.523606
 0.325631 -0.222424  0.523575
 0.325666 -0.222435  0.523582
   0.3257 -0.222446  0.523567
 0.325735 -0.222454  0.523553
  0.32577 -0.222453   0.52354
 0.325805 -0.222469  0.523527
  0.32584 -0.222478  0.523515
 0.325874 -0.222485    0.5235
 0.325908 -0.222491  0.523481
 0.325941 -0.222498  0.523465
 0.325975 -0.222505  0.523451
 0.326009 -0.222513  0.523438
0.326042 -0.22252 0.523423
 0.326076 -0.222527  0.523412
 0.326108 -0.222537  0.523398
  0.32614 -0.222544  0.523385
 0.326173 -0.222552  0.523372
0.326204 -0.22256 0.523359
0.326237 -0.22257 0.523347
 0.326268 -0.222578  0.523334
   0.3263 -0.222587  0.523324
 0.326331 -0.222597  0.523309
 0.326361 -0.222608  0.523297
 0.326393 -0.222617  0.523285
 0.326423 -0.222627  0.523273
 0.326455 -0.222639  0.523262
 0.326484 -0.222649  0.523249
 0.326515 -0.222659  0.523237
 0.326545 -0.222669  0.523226
 0.326578 -0.222687  0.523217
 0.326609 -0.222697  0.523207
 0.326639 -0.222707  0.523194
  0.32667 -0.222715  0.523186
 0.326699 -0.222727  0.523171
  0.32673 -0.222733  0.523141
 0.326757 -0.222735  0.523126
 0.326787 -0.222745  0.523113
  0.32682 -0.222759  0.523107
 0.326849 -0.222767  0.523094
  0.32688 -0.222775  0.523087
 0.326908 -0.222787   0.52309
 0.326938 -0.222783  0.523074
 0.326968 -0.222792  0.523064
 0.326997 -0.222798  0.523053
 0.327028 -0.222805  0.523044
 0.327056 -0.222813  0.523011
 0.327085 -0.222819  0.523001
 0.327115 -0.222827   0.52301
 0.327143 -0.222832   0.52298
 0.327172 -0.222841   0.52297
   0.3272 -0.222849  0.522978
  0.32723 -0.222856  0.522971
 0.327257 -0.222862  0.522938
 0.327285 -0.222872  0.522946
0.327313 -0.22288 0.522937
 0.327341 -0.222887  0.522926
 0.327369 -0.222894  0.522919
 0.327396 -0.222904  0.522905
 0.327424 -0.222912  0.522896
 0.327451 -0.222919  0.522886
 0.327478 -0.222929  0.522875
 0.327506 -0.222935  0.522847
0.327534 -0.22295 0.522858
 0.327562 -0.222957  0.522852
 0.327588 -0.222965  0.522818
 0.327614 -0.222974  0.522827
 0.327639 -0.222975  0.522815
 0.327667 -0.222988  0.522807
 0.327694 -0.222996  0.522798
  0.32772 -0.223003  0.522786
 0.327746 -0.223009  0.522775
 0.327772 -0.223017  0.522765
 0.327798 -0.223023  0.522754
 0.327825 -0.223028  0.522745
  0.32785 -0.223033  0.522733
 0.327877 -0.223039  0.522706
 0.327902 -0.223044  0.522705
 0.327927 -0.223052  0.522696
 0.327953 -0.223056  0.522686
 0.327979 -0.223061  0.522675
 0.328005 -0.223066  0.522667
  0.32803 -0.223073  0.522654
 0.328055 -0.223078  0.522644
 0.328081 -0.223083  0.522634
 0.328106 -0.223091  0.522624
 0.328131 -0.223096  0.522615
 0.328156 -0.223102  0.522605
 0.328182 -0.223107  0.522599
 0.328206 -0.223115  0.522586
0.328231 -0.22312 0.522576
 0.328255 -0.223126  0.522568
  0.32828 -0.223132  0.522558
0.328305 -0.22314  0.52255
  0.32833 -0.223152  0.522542
 0.328356 -0.223158  0.522536
 0.328378 -0.223165  0.522524
 0.328402 -0.223173  0.522513
 0.328426 -0.223179  0.522505
  0.32845 -0.223185  0.522495
 0.328474 -0.223193  0.522488
 0.328497 -0.223199  0.522476
 0.328521 -0.223204  0.522467
 0.328546 -0.223201  0.522454
 0.328569 -0.223206  0.522444
0.328593 -0.22321 0.522417
 0.328616 -0.223217  0.522407
  0.32864 -0.223222  0.522402
 0.328662 -0.223227  0.522389
 0.328685 -0.223232   0.52238
 0.328709 -0.223241  0.522391
 0.328731 -0.223246  0.522382
 0.328755 -0.223251  0.522376
 0.328776 -0.223256  0.522346
   0.3288 -0.223264  0.522357
 0.328823 -0.223269   0.52235
 0.328845 -0.223275  0.522341
0.328868 -0.22328 0.522335
 0.328891 -0.223288  0.522325
 0.328914 -0.223293  0.522322
 0.328935 -0.223299   0.52231
 0.328956 -0.223307  0.522281
 0.328979 -0.223312  0.522273
    0.329 -0.223317  0.522265
 0.329024 -0.223323   0.52228
0.329045 -0.22333 0.522269
 0.329066 -0.223335  0.522261
0.329088 -0.22334 0.522253
  0.32911 -0.223345  0.522245
 0.329132 -0.223351  0.522237
 0.329153 -0.223356  0.522227
0.329176 -0.22336 0.522223
 0.329196 -0.223364  0.522212
0.329217 -0.22337 0.522202
 0.329238 -0.223374  0.522174
 0.329261 -0.223383  0.522187
 0.329282 -0.223387  0.522181
 0.329303 -0.223393   0.52217
 0.329324 -0.223397  0.522162
0.329345  -0.2234 0.522153
 0.329366 -0.223405  0.522138
 0.329387 -0.223408  0.522131
 0.329407 -0.223414  0.522122
 0.329429 -0.223416  0.522118
0.329448 -0.22342 0.522086
 0.329469 -0.223423  0.522098
 0.329489 -0.223428  0.522069
 0.329509 -0.223432  0.522061
 0.329531 -0.223436  0.522075
0.329551 -0.22344 0.522066
 0.329571 -0.223445  0.522057
 0.329591 -0.223449   0.52205
 0.329611 -0.223453  0.522041
 0.329632 -0.223456  0.522035
 0.329651 -0.223463  0.522026
 0.329672 -0.223466  0.522022
 0.32969 -0.22347 0.521991
 0.329711 -0.223475  0.522004
 0.329731 -0.223482  0.521997
 0.329746 -0.223485  0.521991
 0.329767 -0.223489  0.521987
 0.329786 -0.223498  0.521977
 0.329805 -0.223505  0.521969
 0.329824 -0.223508  0.521942
 0.329846 -0.223505  0.521953
 0.329866 -0.223509  0.521948
 0.329884 -0.223513  0.521939
 0.329905 -0.223516  0.521936
 0.329924 -0.223527  0.521924
 0.329943 -0.223531  0.521917
 0.329962 -0.223534   0.52191
 0.329979 -0.223537  0.521881
 0.329999 -0.223543  0.521875
 0.330017 -0.223548  0.521861
 0.330037 -0.223552  0.521875
 0.330056 -0.223556  0.521868
 0.330073 -0.223558   0.52184
 0.330093 -0.223564  0.521853
 0.330111 -0.223567  0.521845
0.330131 -0.22357 0.521841
  0.33015 -0.223578  0.521833
 0.330168 -0.223584  0.521824
 0.330186 -0.223587  0.521818
0.330205 -0.22359 0.521812
 0.330225 -0.223585  0.521805
 0.330243 -0.223588  0.521796
 0.330263 -0.223591  0.521794
 0.330278 -0.223596  0.521761
 0.330297 -0.223599  0.521774
 0.330316 -0.223602  0.521768
0.330334 -0.22361 0.521761
 0.330351 -0.223614  0.521734
 0.330368 -0.223617  0.521725
 0.330387 -0.223621  0.521739
 0.330405 -0.223625  0.521732
0.330422 -0.22363 0.521726
 0.330432 -0.223584  0.521686
 0.330432 -0.223584  0.521686
 0.330458 -0.223652  0.521696
 0.330476 -0.223653  0.521697
 0.330493 -0.223659  0.521688
 0.330512 -0.223662  0.521685
 0.330528 -0.223666  0.521675
0.330545 -0.22367  0.52167
 0.330563 -0.223675  0.521664
  0.33058 -0.223679  0.521656
 0.330598 -0.223683  0.521647
 0.330614 -0.223686  0.521638
 0.330631 -0.223689  0.521631
 0.330649 -0.223694  0.521625
 0.330666 -0.223697  0.521617
 0.330683 -0.223699  0.521613
   0.3307 -0.223702  0.521604
 0.330718 -0.223706  0.521601
 0.330734 -0.223708  0.521591
 0.33075 -0.22371 0.521584
 0.330768 -0.223711  0.521578
 0.330784 -0.223716   0.52157
 0.330802 -0.223717  0.521566
 0.33083 -0.22368 0.521546
 0.33083 -0.22368 0.521546
 0.330837 -0.223717  0.521552
 0.330854 -0.223724  0.521547
 0.330871 -0.223727  0.521537
 0.330889 -0.223735  0.521534
 0.330907 -0.223733  0.521525
 0.330924 -0.223737  0.521517
 0.330941 -0.223745  0.521509
  0.33096 -0.223739  0.521506
 0.330975 -0.223742  0.521497
0.330992 -0.22375  0.52149
 0.331009 -0.223754  0.521482
 0.331024 -0.223758  0.521475
 0.331041 -0.223765   0.52147
 0.331057 -0.223771  0.521464
 0.331076 -0.223763  0.521459
 0.331091 -0.223768  0.521448
 0.331107 -0.223775  0.521442
 0.331123 -0.223779  0.521438
 0.331139 -0.223783  0.521426
 0.331155 -0.223786  0.521421
  0.33117 -0.223788  0.521413
 0.331187 -0.223792  0.521409
0.331202  -0.2238 0.521399
 0.331217 -0.223803  0.521394
 0.331233 -0.223805  0.521388
 0.331248 -0.223809   0.52138
 0.331266 -0.223801  0.521374
 0.331281 -0.223805  0.521364
 0.331296 -0.223807  0.521358
 0.331312 -0.223809  0.521351
 0.331327 -0.223811  0.521344
 0.331343 -0.223815  0.521337
 0.331358 -0.223817   0.52133
 0.331374 -0.223819  0.521326
 0.331388 -0.223822  0.521317
 0.331403 -0.223826  0.521309
 0.331419 -0.223828  0.521303
 0.331434 -0.223831  0.521296
 0.331449 -0.223833  0.521292
 0.331464 -0.223838  0.521282
0.331478 -0.22384 0.521276
 0.331494 -0.223847   0.52127
0.331508 -0.22385 0.521263
 0.331523 -0.223855  0.521257
 0.331538 -0.223858   0.52125
 0.331553 -0.223861  0.521246
 0.331567 -0.223864   0.52124
 0.331581 -0.223869  0.521232
 0.331597 -0.223873  0.521222
 0.331611 -0.223876  0.521215
 0.331626 -0.223878   0.52121
  0.33164 -0.223881  0.521203
 0.331656 -0.223885    0.5212
 0.331669 -0.223887   0.52119
 0.331683 -0.223889  0.521183
 0.331698 -0.223891  0.521178
 0.331712 -0.223895  0.521169
