5.00679e-06
0.00967503
0.0197332
0.0298002
0.0398681
0.0499361
0.0600002
0.0700562
0.0801241
0.0901911
0.100247
0.110303
0.120359
0.130427
0.140483
0.150552
0.160618
0.170705
0.180774
0.190841
0.200909
0.210966
0.221033
0.231101
0.241157
0.251213
0.26128
0.271348
0.281416
0.291473
0.301532
0.311589
0.321647
0.331705
0.341762
0.351821
0.361891
0.371951
0.381985
0.392051
0.402108
0.412165
0.422222
0.432279
0.442334
0.452391
0.462447
0.472513
0.48258
0.492635
0.502693
0.512759
0.522813
0.53287
0.54295
0.553007
0.563063
0.57312
0.583178
0.593236
0.603303
0.613359
0.623425
0.6335
0.643557
0.653614
0.663682
0.673748
0.683803
0.693875
0.703947
0.714019
0.72408
0.734136
0.744194
0.754254
0.764312
0.77437
0.784428
0.794511
0.804567
0.814633
0.824687
0.834759
0.844824
0.854882
0.864939
0.875006
0.885073
0.895129
0.905185
0.91525
0.925356
0.935365
0.945421
0.955477
0.965533
0.97559
0.985644
0.99571
1.00577
1.01582
1.02588
1.03595
1.04601
1.05606
1.06613
1.07623
1.08629
1.09634
1.1064
1.11649
1.12655
1.1366
1.14666
1.15673
1.1668
1.17686
1.18691
1.19698
1.20704
1.2171
1.22716
1.23721
1.24727
1.25734
1.2674
1.27746
1.28751
1.29757
1.30764
1.3177
1.32776
1.33781
1.34787
1.35794
1.368
1.37806
1.38812
1.39818
1.40824
1.41829
1.42835
1.43841
1.44848
1.45855
1.46861
1.47867
1.48873
1.49879
1.50884
1.5189
1.52896
1.53902
1.54907
1.55913
1.56916
1.57918
1.58921
1.59927
1.60932
1.61938
1.62944
1.63949
1.64956
1.65961
1.66968
1.67974
1.68979
1.69986
1.70991
1.71999
1.73006
1.74014
1.75021
1.76029
1.77035
1.78041
1.79047
1.80053
1.81059
1.82065
1.83071
1.84076
1.85082
1.86088
1.87093
1.88099
1.89104
1.9011
1.91116
1.92122
1.93129
1.94134
1.9514
1.96147
1.97153
1.9816
1.99166
2.00174
2.0118
2.02186
2.03193
2.04199
2.05204
2.0621
2.07217
2.08222
2.09229
2.10235
2.1124
2.12246
2.13252
2.14257
2.15264
2.1627
2.17276
2.18282
2.19288
2.20294
2.21299
2.22306
2.23312
2.24317
2.25324
2.26331
2.27339
2.28346
2.29351
2.30357
2.31363
2.32369
2.33374
2.3438
2.35386
2.36392
2.37399
2.38405
2.39412
2.40419
2.41426
2.42432
2.43444
2.4445
2.45456
2.46462
2.47467
2.48473
2.49479
2.50485
2.51491
2.52496
2.53502
2.54508
2.55513
2.56519
2.57525
2.58531
2.59537
2.60543
2.61549
2.62554
2.6356
2.64567
2.65573
2.66579
2.67584
2.6859
2.69596
2.70602
2.71607
2.72614
2.73615
2.74621
2.75626
2.76632
2.77639
2.78645
2.7965
2.80656
2.81663
2.82669
2.83675
2.84681
2.85687
2.86692
2.87698
2.88704
2.89709
2.90715
2.91721
2.92726
2.93732
2.94738
2.95744
2.9675
2.97756
2.98762
2.99767
3.00773
3.01779
3.02785
3.0379
3.04796
3.05802
3.06808
3.07814
3.08819
3.09825
3.10831
3.11837
3.12842
3.13848
3.14854
3.1586
3.16865
3.17871
3.18877
3.19883
3.20888
3.21894
3.229
3.23902
3.24908
3.25913
3.26919
3.27926
3.28932
3.29937
3.30943
3.31949
3.32954
3.3396
3.34966
3.35973
3.36979
3.37985
3.3899
3.39996
3.41
3.42005
3.43011
3.44018
3.45023
3.46029
3.47036
3.48043
3.49051
3.50052
3.51058
3.52064
3.5307
3.54075
3.55081
3.56087
3.57092
3.58099
3.59105
3.60111
3.61116
3.62122
3.63128
3.64134
3.65141
3.66146
3.67152
3.68159
3.69165
3.7017
3.71176
3.72183
3.7319
3.74195
3.75201
3.76207
3.77211
3.78217
3.79222
3.80228
3.81233
3.8224
3.83247
3.84256
3.8526
3.86266
3.8727
3.88277
3.89283
3.90289
3.91295
3.92302
3.93307
3.94313
3.95318
3.96324
3.9733
3.98336
3.99341
4.00347
4.01353
4.0236
4.03366
4.04371
4.05379
4.06384
4.0739
4.08396
4.09402
4.10408
4.11413
4.1242
4.13426
4.14432
4.15438
4.1644
4.17446
4.18452
4.19458
4.20464
4.2147
4.22476
4.23481
4.24487
4.25493
4.26498
4.27505
4.28511
4.29517
4.30522
4.31528
4.32535
4.33543
4.3455
4.35557
4.36562
4.37568
4.38575
4.3958
4.40586
4.41591
4.42597
4.43603
4.44608
4.45614
4.4662
4.47625
4.48631
4.49637
4.50642
4.51648
4.52653
4.5366
4.54665
4.55671
4.56678
4.57684
4.58689
4.59696
4.60704
4.61712
4.62721
4.63728
4.64734
4.65739
4.66745
4.6775
4.68756
4.69762
4.70767
4.71773
4.72779
4.73784
4.7479
4.75796
4.76801
4.77807
4.78813
4.79818
4.80824
4.8183
4.82835
4.83841
4.84847
4.85852
4.86866
4.87872
4.8888
4.89885
4.90891
4.91897
4.92906
4.93912
4.94918
4.95924
4.96929
4.97937
4.98943
4.99949
5.00954
5.0196
5.02966
5.03971
5.04978
5.05984
5.06989
5.07996
5.09002
5.10008
5.11014
5.12019
5.13025
5.14031
5.15036
5.16042
5.17048
5.18053
5.19059
5.20065
5.2107
5.22076
5.23082
5.24088
5.25093
5.26099
5.27105
5.28111
5.29118
5.30124
5.31129
5.32137
5.33141
5.34147
5.35153
5.3616
5.37166
5.38167
5.39176
5.40182
5.41187
5.42191
5.43197
5.44202
5.45208
5.46214
5.47221
5.48227
5.49232
5.50237
5.51244
5.5225
5.53256
5.54258
5.55263
5.56271
5.57277
5.58283
5.59289
5.60295
5.61301
5.62313
5.63319
5.64324
5.65329
5.66335
5.67341
5.68347
5.69352
5.70358
5.71364
5.72369
5.73375
5.7438
5.75386
5.76395
5.77402
5.78407
5.79413
5.80419
5.81424
5.8243
5.83436
5.84441
5.85447
5.86453
5.87458
5.88466
5.89471
5.90477
5.91483
5.9249
5.93495
5.94501
5.95502
5.96508
5.97514
5.9852
5.99526
6.00531
6.01537
6.02543
6.03549
6.04554
6.0556
6.06566
6.07571
6.08577
6.09583
6.10589
6.11594
6.126
6.13606
6.14613
6.15618
6.16624
6.17629
6.1864
6.19646
6.20651
6.21657
6.22663
6.23669
6.24676
6.25682
6.26687
6.27696
6.28701
6.29708
6.30713
6.31719
6.32725
6.3373
6.34736
6.35742
6.36743
6.37748
6.38754
6.3976
6.40766
6.41772
6.42778
6.43785
6.44791
6.45797
6.46801
6.47809
6.48815
6.49821
6.50827
6.51832
6.52838
6.53845
6.54852
6.55856
6.56862
6.57868
6.58878
6.59885
6.60891
6.61897
6.62907
6.63913
6.64918
6.65924
6.66929
6.67935
6.68942
6.69948
6.70953
6.71959
6.72965
6.73971
6.74976
6.75982
6.76988
6.77993
6.78999
6.80005
6.8101
6.82013
6.8302
6.84026
6.8504
6.86043
6.87048
6.88053
6.89059
6.90064
6.9107
6.92076
6.93081
6.94087
6.95093
6.96099
6.97105
6.98111
6.99116
7.00122
7.01131
7.02462
7.03468
7.04473
7.05479
7.06484
7.0749
7.08495
7.09501
7.10506
7.11512
7.12517
7.13523
7.14528
7.15534
7.16539
7.17546
7.18551
7.19557
7.20562
7.21568
7.22575
7.2358
7.24586
7.2559
7.26595
7.27601
7.28606
7.29612
7.30617
7.31623
7.32629
7.33634
7.3464
7.35646
7.36651
7.37657
7.38662
7.39668
7.40673
7.41679
7.42685
7.4369
7.44696
7.45702
7.46707
7.47713
7.48718
7.49724
7.5073
7.51735
7.52741
7.53746
7.54752
7.55758
7.56763
7.57769
7.58775
7.5978
7.60786
7.61791
7.62797
7.63803
7.64808
7.65814
7.6682
7.67825
7.68831
7.69836
7.70842
7.71848
7.72853
7.73859
7.74864
7.7587
7.76876
7.77881
7.78887
7.79893
7.80898
7.81904
7.8291
7.83915
