0.0163719  -0.10538  0.508733
0.0163745 -0.105378  0.508732
 0.016382 -0.105372  0.508731
0.0163947 -0.105362  0.508729
0.0164124 -0.105347  0.508727
0.0164351 -0.105329  0.508724
0.0164629 -0.105306   0.50872
0.0164958 -0.105279  0.508715
0.0165337 -0.105248   0.50871
0.0165766 -0.105213  0.508704
0.0166247 -0.105174  0.508697
0.0166777 -0.105131   0.50869
0.0167359 -0.105083  0.508682
0.0167991 -0.105032  0.508673
0.0168672 -0.104976  0.508663
0.0169405 -0.104916  0.508653
0.0170189 -0.104852  0.508642
0.0171023 -0.104784  0.508631
0.0171908 -0.104712  0.508618
0.0172843 -0.104636  0.508605
0.0173829 -0.104555  0.508592
0.0174865 -0.104471  0.508577
0.0175952 -0.104382  0.508562
0.0177089 -0.104289  0.508546
0.0178277 -0.104193   0.50853
0.0179516 -0.104091  0.508512
0.0180805 -0.103986  0.508494
0.0182144 -0.103877  0.508476
0.0183534 -0.103764  0.508456
0.0184975 -0.103646  0.508436
0.0186466 -0.103525  0.508416
0.0188008 -0.103399  0.508394
0.0189601 -0.103269  0.508372
0.0191243 -0.103135  0.508349
0.0192937 -0.102997  0.508325
0.0194681 -0.102854  0.508301
0.0196458 -0.102709  0.508276
0.0198192 -0.102568  0.508252
0.0199876 -0.102431  0.508229
0.0201509 -0.102297  0.508206
0.0203092 -0.102168  0.508184
0.0204624 -0.102043  0.508162
0.0206106 -0.101922  0.508142
0.0207537 -0.101806  0.508122
0.0208917 -0.101693  0.508103
0.0210247 -0.101585  0.508084
0.0211527  -0.10148  0.508066
0.0212755  -0.10138  0.508049
0.0213934 -0.101284  0.508033
0.0215061 -0.101192  0.508017
0.0216138 -0.101104  0.508002
0.0217165  -0.10102  0.507988
0.0218141 -0.100941  0.507974
0.0219066 -0.100865  0.507961
0.0219941 -0.100794  0.507949
0.0220766 -0.100727  0.507938
 0.022154 -0.100663  0.507927
0.0222263 -0.100604  0.507917
0.0222936  -0.10055  0.507907
0.0223558 -0.100499  0.507899
 0.022413 -0.100452  0.507891
0.0224651  -0.10041  0.507883
0.0225122 -0.100371  0.507877
0.0225542 -0.100337  0.507871
0.0225911 -0.100307  0.507866
 0.022623 -0.100281  0.507861
0.0226499 -0.100259  0.507858
0.0226716 -0.100241  0.507855
0.0226884 -0.100228  0.507852
   0.0227 -0.100218  0.507851
0.0227067 -0.100213   0.50785
0.0227083 -0.100211   0.50785
0.0227083 -0.100211   0.50785
0.0227083 -0.100211   0.50785
0.0227083 -0.100211   0.50785
0.0227083 -0.100211   0.50785
0.0227083 -0.100211   0.50785
0.0227083 -0.100211   0.50785
0.0227083 -0.100211   0.50785
0.0227083 -0.100211   0.50785
0.0227083 -0.100211   0.50785
0.0227083 -0.100211   0.50785
0.0227083 -0.100211   0.50785
0.0227083 -0.100211   0.50785
0.0227083 -0.100211   0.50785
0.0227083 -0.100211   0.50785
0.0227083 -0.100211   0.50785
0.0227083 -0.100211   0.50785
0.0227083 -0.100211   0.50785
0.0227083 -0.100211   0.50785
0.0227083 -0.100211   0.50785
0.0227083 -0.100211   0.50785
0.0227083 -0.100211   0.50785
0.0227083 -0.100211   0.50785
0.0227083 -0.100211   0.50785
0.0227083 -0.100211   0.50785
0.0227083 -0.100211   0.50785
0.0227083 -0.100211   0.50785
0.0227083 -0.100211   0.50785
0.0227083 -0.100211   0.50785
0.0227083 -0.100211   0.50785
0.0227083 -0.100211   0.50785
0.0227083 -0.100211   0.50785
0.0227083 -0.100211   0.50785
0.0227083 -0.100211   0.50785
0.0227083 -0.100211   0.50785
0.0227083 -0.100211   0.50785
0.0227083 -0.100211   0.50785
0.0227083 -0.100211   0.50785
0.0227083 -0.100211   0.50785
0.0227083 -0.100211   0.50785
0.0227083 -0.100211   0.50785
0.0227083 -0.100211   0.50785
0.0227083 -0.100211   0.50785
0.0227083 -0.100211   0.50785
0.0227083 -0.100211   0.50785
0.0227083 -0.100211   0.50785
0.0227083 -0.100211   0.50785
0.0227083 -0.100211   0.50785
0.0227083 -0.100211   0.50785
0.0227083 -0.100211   0.50785
0.0227083 -0.100211   0.50785
0.0227083 -0.100211   0.50785
0.0227083 -0.100211   0.50785
0.0227083 -0.100211   0.50785
0.0227083 -0.100211   0.50785
0.0227083 -0.100211   0.50785
0.0227083 -0.100211   0.50785
0.0227083 -0.100211   0.50785
0.0227083 -0.100211   0.50785
0.0227083 -0.100211   0.50785
0.0227083 -0.100211   0.50785
0.0227083 -0.100211   0.50785
0.0227083 -0.100211   0.50785
0.0227083 -0.100211   0.50785
0.0227083 -0.100211   0.50785
0.0227083 -0.100211   0.50785
0.0227083 -0.100211   0.50785
0.0227083 -0.100211   0.50785
0.0227083 -0.100211   0.50785
0.0227083 -0.100211   0.50785
0.0227083 -0.100211   0.50785
0.0227083 -0.100211   0.50785
0.0227083 -0.100211   0.50785
0.0227083 -0.100211   0.50785
0.0227083 -0.100211   0.50785
0.0227083 -0.100211   0.50785
0.0227083 -0.100211   0.50785
0.0227083 -0.100211   0.50785
0.0227083 -0.100211   0.50785
0.0227083 -0.100211   0.50785
0.0227083 -0.100211   0.50785
0.0227083 -0.100211   0.50785
0.0227083 -0.100211   0.50785
0.0227083 -0.100211   0.50785
0.0227083 -0.100211   0.50785
0.0227083 -0.100211   0.50785
0.0227083 -0.100211   0.50785
0.0227083 -0.100211   0.50785
0.0227083 -0.100211   0.50785
0.0227083 -0.100211   0.50785
0.0227083 -0.100211   0.50785
0.0227083 -0.100211   0.50785
0.0227083 -0.100211   0.50785
0.0227083 -0.100211   0.50785
0.0227083 -0.100211   0.50785
0.0227083 -0.100211   0.50785
0.0227083 -0.100211   0.50785
0.0227083 -0.100211   0.50785
0.0227083 -0.100211   0.50785
0.0227083 -0.100211   0.50785
0.0227083 -0.100211   0.50785
0.0227083 -0.100211   0.50785
0.0227083 -0.100211   0.50785
0.0227083 -0.100211   0.50785
0.0227083 -0.100211   0.50785
0.0227083 -0.100211   0.50785
0.0227083 -0.100211   0.50785
0.0227083 -0.100211   0.50785
0.0227083 -0.100211   0.50785
0.0227083 -0.100211   0.50785
0.0227083 -0.100211   0.50785
0.0227083 -0.100211   0.50785
0.0227083 -0.100211   0.50785
0.0227083 -0.100211   0.50785
0.0227083 -0.100211   0.50785
0.0227083 -0.100211   0.50785
0.0227083 -0.100211   0.50785
0.0227083 -0.100211   0.50785
0.0227083 -0.100211   0.50785
0.0227083 -0.100211   0.50785
0.0227083 -0.100211   0.50785
0.0227083 -0.100211   0.50785
0.0227083 -0.100211   0.50785
0.0227083 -0.100211   0.50785
0.0227083 -0.100211   0.50785
0.0227083 -0.100211   0.50785
0.0227083 -0.100211   0.50785
0.0227083 -0.100211   0.50785
0.0227083 -0.100211   0.50785
0.0227083 -0.100211   0.50785
0.0227083 -0.100211   0.50785
0.0227083 -0.100211   0.50785
0.0227083 -0.100211   0.50785
0.0227083 -0.100211   0.50785
0.0227083 -0.100211   0.50785
0.0227083 -0.100211   0.50785
0.0227083 -0.100211   0.50785
0.0227083 -0.100211   0.50785
0.0227083 -0.100211   0.50785
0.0227083 -0.100211   0.50785
0.0227083 -0.100211   0.50785
0.0227083 -0.100211   0.50785
0.0227083 -0.100211   0.50785
0.0227083 -0.100211   0.50785
0.0227083 -0.100211   0.50785
0.0227083 -0.100211   0.50785
0.0227083 -0.100211   0.50785
0.0227083 -0.100211   0.50785
0.0227083 -0.100211   0.50785
0.0227083 -0.100211   0.50785
0.0227083 -0.100211   0.50785
0.0227083 -0.100211   0.50785
0.0227083 -0.100211   0.50785
0.0227083 -0.100211   0.50785
0.0227083 -0.100211   0.50785
0.0227083 -0.100211   0.50785
0.0227083 -0.100211   0.50785
0.0227083 -0.100211   0.50785
0.0227083 -0.100211   0.50785
0.0227083 -0.100211   0.50785
0.0227083 -0.100211   0.50785
0.0227083 -0.100211   0.50785
0.0227083 -0.100211   0.50785
0.0227083 -0.100211   0.50785
0.0227083 -0.100211   0.50785
0.0227083 -0.100211   0.50785
0.0227083 -0.100211   0.50785
0.0227083 -0.100211   0.50785
0.0227083 -0.100211   0.50785
0.0227083 -0.100211   0.50785
0.0227083 -0.100211   0.50785
0.0227083 -0.100211   0.50785
0.0227083 -0.100211   0.50785
0.0227083 -0.100211   0.50785
0.0227083 -0.100211   0.50785
0.0227083 -0.100211   0.50785
0.0227083 -0.100211   0.50785
0.0227083 -0.100211   0.50785
0.0227083 -0.100211   0.50785
0.0227083 -0.100211   0.50785
0.0227083 -0.100211   0.50785
0.0227083 -0.100211   0.50785
0.0227083 -0.100211   0.50785
0.0227083 -0.100211   0.50785
0.0227083 -0.100211   0.50785
0.0227083 -0.100211   0.50785
0.0227083 -0.100211   0.50785
0.0227083 -0.100211   0.50785
0.0227083 -0.100211   0.50785
0.0227083 -0.100211   0.50785
0.0227083 -0.100211   0.50785
0.0227083 -0.100211   0.50785
0.0227083 -0.100211   0.50785
0.0227083 -0.100211   0.50785
0.0227083 -0.100211   0.50785
0.0227083 -0.100211   0.50785
0.0227083 -0.100211   0.50785
0.0227083 -0.100211   0.50785
0.0227083 -0.100211   0.50785
0.0227083 -0.100211   0.50785
0.0227083 -0.100211   0.50785
0.0227083 -0.100211   0.50785
0.0227083 -0.100211   0.50785
0.0227083 -0.100211   0.50785
0.0227083 -0.100211   0.50785
0.0227083 -0.100211   0.50785
0.0227083 -0.100211   0.50785
0.0227083 -0.100211   0.50785
0.0227083 -0.100211   0.50785
0.0227083 -0.100211   0.50785
0.0227083 -0.100211   0.50785
0.0227083 -0.100211   0.50785
0.0227083 -0.100211   0.50785
0.0227083 -0.100211   0.50785
0.0227083 -0.100211   0.50785
0.0227083 -0.100211   0.50785
0.0227083 -0.100211   0.50785
0.0227083 -0.100211   0.50785
0.0227083 -0.100211   0.50785
0.0227083 -0.100211   0.50785
0.0227083 -0.100211   0.50785
0.0227083 -0.100211   0.50785
0.0227083 -0.100211   0.50785
0.0227083 -0.100211   0.50785
0.0227083 -0.100211   0.50785
0.0227083 -0.100211   0.50785
0.0227083 -0.100211   0.50785
0.0227083 -0.100211   0.50785
0.0227083 -0.100211   0.50785
0.0227083 -0.100211   0.50785
0.0227083 -0.100211   0.50785
0.0227083 -0.100211   0.50785
0.0227083 -0.100211   0.50785
0.0227083 -0.100211   0.50785
0.0227083 -0.100211   0.50785
0.0227083 -0.100211   0.50785
0.0227083 -0.100211   0.50785
0.0227083 -0.100211   0.50785
0.0227083 -0.100211   0.50785
0.0227083 -0.100211   0.50785
0.0227083 -0.100211   0.50785
0.0227083 -0.100211   0.50785
0.0227083 -0.100211   0.50785
0.0227083 -0.100211   0.50785
0.0227083 -0.100211   0.50785
0.0227083 -0.100211   0.50785
0.0227083 -0.100211   0.50785
0.0227083 -0.100211   0.50785
0.0227083 -0.100211   0.50785
0.0227083 -0.100211   0.50785
0.0227083 -0.100211   0.50785
0.0227083 -0.100211   0.50785
0.0227083 -0.100211   0.50785
0.0227083 -0.100211   0.50785
0.0227083 -0.100211   0.50785
0.0227083 -0.100211   0.50785
0.0227083 -0.100211   0.50785
0.0227083 -0.100211   0.50785
0.0227083 -0.100211   0.50785
0.0227083 -0.100211   0.50785
0.0227083 -0.100211   0.50785
0.0227083 -0.100211   0.50785
0.0227083 -0.100211   0.50785
0.0227083 -0.100211   0.50785
0.0227083 -0.100211   0.50785
0.0227083 -0.100211   0.50785
0.0227083 -0.100211   0.50785
0.0227083 -0.100211   0.50785
0.0227083 -0.100211   0.50785
0.0227083 -0.100211   0.50785
0.0227083 -0.100211   0.50785
0.0227083 -0.100211   0.50785
0.0227083 -0.100211   0.50785
0.0227083 -0.100211   0.50785
0.0227083 -0.100211   0.50785
0.0227083 -0.100211   0.50785
0.0227083 -0.100211   0.50785
0.0227083 -0.100211   0.50785
0.0227083 -0.100211   0.50785
0.0227083 -0.100211   0.50785
0.0227083 -0.100211   0.50785
0.0227083 -0.100211   0.50785
0.0227083 -0.100211   0.50785
0.0227083 -0.100211   0.50785
0.0227083 -0.100211   0.50785
0.0227083 -0.100211   0.50785
0.0227083 -0.100211   0.50785
0.0227083 -0.100211   0.50785
0.0227083 -0.100211   0.50785
0.0227083 -0.100211   0.50785
0.0227083 -0.100211   0.50785
0.0227083 -0.100211   0.50785
0.0227083 -0.100211   0.50785
0.0227083 -0.100211   0.50785
0.0227083 -0.100211   0.50785
0.0227083 -0.100211   0.50785
0.0227083 -0.100211   0.50785
0.0227083 -0.100211   0.50785
0.0227083 -0.100211   0.50785
0.0227083 -0.100211   0.50785
0.0227083 -0.100211   0.50785
0.0227083 -0.100211   0.50785
0.0227083 -0.100211   0.50785
0.0227083 -0.100211   0.50785
0.0227083 -0.100211   0.50785
0.0227083 -0.100211   0.50785
0.0227083 -0.100211   0.50785
0.0227083 -0.100211   0.50785
0.0227083 -0.100211   0.50785
0.0227083 -0.100211   0.50785
0.0227083 -0.100211   0.50785
0.0227083 -0.100211   0.50785
0.0227083 -0.100211   0.50785
0.0227083 -0.100211   0.50785
0.0227083 -0.100211   0.50785
0.0227083 -0.100211   0.50785
0.0227083 -0.100211   0.50785
0.0227083 -0.100211   0.50785
0.0227083 -0.100211   0.50785
0.0227083 -0.100211   0.50785
0.0227083 -0.100211   0.50785
0.0227083 -0.100211   0.50785
0.0227083 -0.100211   0.50785
0.0227083 -0.100211   0.50785
0.0227083 -0.100211   0.50785
0.0227083 -0.100211   0.50785
0.0227083 -0.100211   0.50785
0.0227083 -0.100211   0.50785
0.0227083 -0.100211   0.50785
0.0227083 -0.100211   0.50785
0.0227083 -0.100211   0.50785
0.0227083 -0.100211   0.50785
0.0227083 -0.100211   0.50785
0.0227083 -0.100211   0.50785
0.0227083 -0.100211   0.50785
0.0227083 -0.100211   0.50785
0.0227083 -0.100211   0.50785
0.0227083 -0.100211   0.50785
0.0227083 -0.100211   0.50785
0.0227083 -0.100211   0.50785
0.0227083 -0.100211   0.50785
0.0227083 -0.100211   0.50785
0.0227083 -0.100211   0.50785
0.0227083 -0.100211   0.50785
0.0227083 -0.100211   0.50785
0.0227083 -0.100211   0.50785
0.0227083 -0.100211   0.50785
0.0227083 -0.100211   0.50785
0.0227083 -0.100211   0.50785
0.0227083 -0.100211   0.50785
0.0227083 -0.100211   0.50785
0.0227083 -0.100211   0.50785
0.0227083 -0.100211   0.50785
0.0227083 -0.100211   0.50785
0.0227083 -0.100211   0.50785
0.0227083 -0.100211   0.50785
0.0227083 -0.100211   0.50785
0.0227083 -0.100211   0.50785
0.0227083 -0.100211   0.50785
0.0227083 -0.100211   0.50785
0.0227083 -0.100211   0.50785
0.0227083 -0.100211   0.50785
0.0227083 -0.100211   0.50785
0.0227083 -0.100211   0.50785
0.0227083 -0.100211   0.50785
0.0227083 -0.100211   0.50785
0.0227083 -0.100211   0.50785
0.0227083 -0.100211   0.50785
0.0227083 -0.100211   0.50785
0.0227083 -0.100211   0.50785
0.0227083 -0.100211   0.50785
0.0227083 -0.100211   0.50785
0.0227083 -0.100211   0.50785
0.0227083 -0.100211   0.50785
0.0227083 -0.100211   0.50785
0.0227083 -0.100211   0.50785
0.0227083 -0.100211   0.50785
0.0227083 -0.100211   0.50785
0.0227083 -0.100211   0.50785
0.0227083 -0.100211   0.50785
0.0227083 -0.100211   0.50785
0.0227083 -0.100211   0.50785
0.0227083 -0.100211   0.50785
0.0227083 -0.100211   0.50785
0.0227083 -0.100211   0.50785
0.0227083 -0.100211   0.50785
0.0227083 -0.100211   0.50785
0.0227083 -0.100211   0.50785
0.0227083 -0.100211   0.50785
0.0227083 -0.100211   0.50785
0.0227083 -0.100211   0.50785
0.0227083 -0.100211   0.50785
0.0227083 -0.100211   0.50785
0.0227083 -0.100211   0.50785
0.0227083 -0.100211   0.50785
0.0227083 -0.100211   0.50785
0.0227083 -0.100211   0.50785
0.0227083 -0.100211   0.50785
0.0227083 -0.100211   0.50785
0.0227083 -0.100211   0.50785
0.0227083 -0.100211   0.50785
0.0227083 -0.100211   0.50785
0.0227083 -0.100211   0.50785
0.0227083 -0.100211   0.50785
0.0227083 -0.100211   0.50785
0.0227083 -0.100211   0.50785
0.0227083 -0.100211   0.50785
0.0227083 -0.100211   0.50785
0.0227083 -0.100211   0.50785
0.0227083 -0.100211   0.50785
0.0227083 -0.100211   0.50785
0.0227083 -0.100211   0.50785
0.0227083 -0.100211   0.50785
0.0227083 -0.100211   0.50785
0.0227083 -0.100211   0.50785
0.0227083 -0.100211   0.50785
0.0227083 -0.100211   0.50785
0.0227083 -0.100211   0.50785
0.0227083 -0.100211   0.50785
0.0227083 -0.100211   0.50785
0.0227083 -0.100211   0.50785
0.0227083 -0.100211   0.50785
0.0227083 -0.100211   0.50785
0.0227083 -0.100211   0.50785
0.0227083 -0.100211   0.50785
0.0227083 -0.100211   0.50785
0.0227083 -0.100211   0.50785
0.0227083 -0.100211   0.50785
0.0227083 -0.100211   0.50785
0.0227083 -0.100211   0.50785
0.0227083 -0.100211   0.50785
0.0227083 -0.100211   0.50785
0.0227083 -0.100211   0.50785
0.0227083 -0.100211   0.50785
0.0227083 -0.100211   0.50785
0.0227083 -0.100211   0.50785
0.0227083 -0.100211   0.50785
0.0227083 -0.100211   0.50785
0.0227083 -0.100211   0.50785
0.0227083 -0.100211   0.50785
0.0227083 -0.100211   0.50785
0.0227083 -0.100211   0.50785
0.0227083 -0.100211   0.50785
0.0227083 -0.100211   0.50785
0.0227083 -0.100211   0.50785
0.0227083 -0.100211   0.50785
0.0227083 -0.100211   0.50785
0.0227083 -0.100211   0.50785
0.0227083 -0.100211   0.50785
0.0227083 -0.100211   0.50785
0.0227083 -0.100211   0.50785
0.0227083 -0.100211   0.50785
0.0227083 -0.100211   0.50785
0.0227083 -0.100211   0.50785
0.0227083 -0.100211   0.50785
0.0227083 -0.100211   0.50785
0.0227083 -0.100211   0.50785
0.0227083 -0.100211   0.50785
0.0227083 -0.100211   0.50785
0.0227083 -0.100211   0.50785
0.0227083 -0.100211   0.50785
0.0227083 -0.100211   0.50785
0.0227083 -0.100211   0.50785
0.0227083 -0.100211   0.50785
0.0227083 -0.100211   0.50785
0.0227083 -0.100211   0.50785
0.0227083 -0.100211   0.50785
0.0227083 -0.100211   0.50785
0.0227083 -0.100211   0.50785
0.0227083 -0.100211   0.50785
0.0227083 -0.100211   0.50785
0.0227083 -0.100211   0.50785
0.0227083 -0.100211   0.50785
0.0227083 -0.100211   0.50785
0.0227083 -0.100211   0.50785
0.0227083 -0.100211   0.50785
0.0227083 -0.100211   0.50785
0.0227083 -0.100211   0.50785
0.0227083 -0.100211   0.50785
0.0227083 -0.100211   0.50785
0.0227083 -0.100211   0.50785
0.0227083 -0.100211   0.50785
0.0227083 -0.100211   0.50785
0.0227083 -0.100211   0.50785
0.0227083 -0.100211   0.50785
0.0227083 -0.100211   0.50785
0.0227083 -0.100211   0.50785
0.0227083 -0.100211   0.50785
0.0227083 -0.100211   0.50785
0.0227083 -0.100211   0.50785
0.0227083 -0.100211   0.50785
0.0227083 -0.100211   0.50785
0.0227083 -0.100211   0.50785
0.0227083 -0.100211   0.50785
0.0227083 -0.100211   0.50785
0.0227083 -0.100211   0.50785
0.0227083 -0.100211   0.50785
0.0227083 -0.100211   0.50785
0.0227083 -0.100211   0.50785
0.0227083 -0.100211   0.50785
0.0227083 -0.100211   0.50785
0.0227083 -0.100211   0.50785
0.0227083 -0.100211   0.50785
0.0227083 -0.100211   0.50785
0.0227083 -0.100211   0.50785
0.0227083 -0.100211   0.50785
0.0227083 -0.100211   0.50785
0.0227083 -0.100211   0.50785
0.0227083 -0.100211   0.50785
0.0227083 -0.100211   0.50785
0.0227083 -0.100211   0.50785
0.0227083 -0.100211   0.50785
0.0227083 -0.100211   0.50785
0.0227083 -0.100211   0.50785
0.0227083 -0.100211   0.50785
0.0227083 -0.100211   0.50785
0.0227083 -0.100211   0.50785
0.0227083 -0.100211   0.50785
0.0227083 -0.100211   0.50785
0.0227083 -0.100211   0.50785
0.0227083 -0.100211   0.50785
0.0227083 -0.100211   0.50785
0.0227083 -0.100211   0.50785
0.0227083 -0.100211   0.50785
0.0227083 -0.100211   0.50785
0.0227083 -0.100211   0.50785
0.0227083 -0.100211   0.50785
0.0227083 -0.100211   0.50785
0.0227083 -0.100211   0.50785
0.0227083 -0.100211   0.50785
0.0227083 -0.100211   0.50785
0.0227083 -0.100211   0.50785
0.0227083 -0.100211   0.50785
0.0227083 -0.100211   0.50785
0.0227083 -0.100211   0.50785
0.0227083 -0.100211   0.50785
0.0227083 -0.100211   0.50785
0.0227083 -0.100211   0.50785
0.0227083 -0.100211   0.50785
0.0227083 -0.100211   0.50785
0.0227083 -0.100211   0.50785
0.0227083 -0.100211   0.50785
0.0227083 -0.100211   0.50785
0.0227083 -0.100211   0.50785
0.0227083 -0.100211   0.50785
0.0227083 -0.100211   0.50785
0.0227083 -0.100211   0.50785
0.0227083 -0.100211   0.50785
0.0227083 -0.100211   0.50785
0.0227083 -0.100211   0.50785
0.0227083 -0.100211   0.50785
0.0227083 -0.100211   0.50785
0.0227083 -0.100211   0.50785
0.0227083 -0.100211   0.50785
0.0227083 -0.100211   0.50785
0.0227083 -0.100211   0.50785
0.0227083 -0.100211   0.50785
0.0227083 -0.100211   0.50785
0.0227083 -0.100211   0.50785
0.0227083 -0.100211   0.50785
0.0227083 -0.100211   0.50785
0.0227083 -0.100211   0.50785
0.0227083 -0.100211   0.50785
0.0227083 -0.100211   0.50785
0.0227083 -0.100211   0.50785
0.0227083 -0.100211   0.50785
0.0227083 -0.100211   0.50785
0.0227083 -0.100211   0.50785
0.0227083 -0.100211   0.50785
0.0227083 -0.100211   0.50785
0.0227083 -0.100211   0.50785
0.0227083 -0.100211   0.50785
0.0227083 -0.100211   0.50785
0.0227083 -0.100211   0.50785
0.0227083 -0.100211   0.50785
0.0227083 -0.100211   0.50785
0.0227083 -0.100211   0.50785
0.0227083 -0.100211   0.50785
0.0227083 -0.100211   0.50785
0.0227083 -0.100211   0.50785
0.0227083 -0.100211   0.50785
0.0227083 -0.100211   0.50785
0.0227083 -0.100211   0.50785
0.0227083 -0.100211   0.50785
0.0227083 -0.100211   0.50785
0.0227083 -0.100211   0.50785
0.0227083 -0.100211   0.50785
0.0227083 -0.100211   0.50785
0.0227083 -0.100211   0.50785
0.0227083 -0.100211   0.50785
0.0227083 -0.100211   0.50785
0.0227083 -0.100211   0.50785
0.0227083 -0.100211   0.50785
0.0227083 -0.100211   0.50785
0.0227083 -0.100211   0.50785
0.0227083 -0.100211   0.50785
0.0227083 -0.100211   0.50785
0.0227083 -0.100211   0.50785
0.0227083 -0.100211   0.50785
0.0227083 -0.100211   0.50785
0.0227083 -0.100211   0.50785
0.0227083 -0.100211   0.50785
0.0227083 -0.100211   0.50785
0.0227083 -0.100211   0.50785
0.0227083 -0.100211   0.50785
0.0227083 -0.100211   0.50785
0.0227083 -0.100211   0.50785
0.0227083 -0.100211   0.50785
0.0227083 -0.100211   0.50785
0.0227083 -0.100211   0.50785
0.0227083 -0.100211   0.50785
0.0227083 -0.100211   0.50785
0.0227083 -0.100211   0.50785
0.0227083 -0.100211   0.50785
0.0227083 -0.100211   0.50785
0.0227083 -0.100211   0.50785
0.0227083 -0.100211   0.50785
0.0227083 -0.100211   0.50785
0.0227083 -0.100211   0.50785
0.0227083 -0.100211   0.50785
0.0227083 -0.100211   0.50785
0.0227083 -0.100211   0.50785
0.0227083 -0.100211   0.50785
0.0227083 -0.100211   0.50785
0.0227083 -0.100211   0.50785
0.0227083 -0.100211   0.50785
0.0227083 -0.100211   0.50785
0.0227083 -0.100211   0.50785
0.0227083 -0.100211   0.50785
0.0227083 -0.100211   0.50785
0.0227083 -0.100211   0.50785
0.0227083 -0.100211   0.50785
0.0227083 -0.100211   0.50785
0.0227083 -0.100211   0.50785
0.0227083 -0.100211   0.50785
0.0227083 -0.100211   0.50785
0.0227083 -0.100211   0.50785
0.0227083 -0.100211   0.50785
0.0227083 -0.100211   0.50785
0.0227083 -0.100211   0.50785
0.0227083 -0.100211   0.50785
0.0227083 -0.100211   0.50785
0.0227083 -0.100211   0.50785
0.0227083 -0.100211   0.50785
0.0227083 -0.100211   0.50785
0.0227083 -0.100211   0.50785
0.0227083 -0.100211   0.50785
0.0227083 -0.100211   0.50785
0.0227083 -0.100211   0.50785
0.0227083 -0.100211   0.50785
0.0227083 -0.100211   0.50785
0.0227083 -0.100211   0.50785
0.0227083 -0.100211   0.50785
0.0227083 -0.100211   0.50785
0.0227083 -0.100211   0.50785
0.0227083 -0.100211   0.50785
0.0227083 -0.100211   0.50785
0.0227083 -0.100211   0.50785
0.0227083 -0.100211   0.50785
0.0227083 -0.100211   0.50785
0.0227083 -0.100211   0.50785
0.0227083 -0.100211   0.50785
0.0227083 -0.100211   0.50785
0.0227083 -0.100211   0.50785
0.0227083 -0.100211   0.50785
0.0227083 -0.100211   0.50785
0.0227083 -0.100211   0.50785
0.0227083 -0.100211   0.50785
0.0227083 -0.100211   0.50785
0.0227083 -0.100211   0.50785
0.0227083 -0.100211   0.50785
0.0227083 -0.100211   0.50785
0.0227083 -0.100211   0.50785
0.0227083 -0.100211   0.50785
0.0227083 -0.100211   0.50785
0.0227083 -0.100211   0.50785
0.0227083 -0.100211   0.50785
0.0227083 -0.100211   0.50785
0.0227083 -0.100211   0.50785
0.0227083 -0.100211   0.50785
0.0227083 -0.100211   0.50785
0.0227083 -0.100211   0.50785
0.0227083 -0.100211   0.50785
0.0227083 -0.100211   0.50785
0.0227083 -0.100211   0.50785
0.0227083 -0.100211   0.50785
0.0227083 -0.100211   0.50785
0.0227083 -0.100211   0.50785
0.0227083 -0.100211   0.50785
0.0227083 -0.100211   0.50785
0.0227083 -0.100211   0.50785
0.0227083 -0.100211   0.50785
0.0227083 -0.100211   0.50785
0.0227083 -0.100211   0.50785
0.0227083 -0.100211   0.50785
0.0227083 -0.100211   0.50785
0.0227083 -0.100211   0.50785
0.0227083 -0.100211   0.50785
0.0227083 -0.100211   0.50785
0.0227083 -0.100211   0.50785
0.0227083 -0.100211   0.50785
0.0227083 -0.100211   0.50785
0.0227083 -0.100211   0.50785
0.0227083 -0.100211   0.50785
0.0227083 -0.100211   0.50785
0.0227083 -0.100211   0.50785
0.0227083 -0.100211   0.50785
0.0227083 -0.100211   0.50785
0.0227083 -0.100211   0.50785
0.0227083 -0.100211   0.50785
0.0227083 -0.100211   0.50785
0.0227083 -0.100211   0.50785
0.0227083 -0.100211   0.50785
0.0227083 -0.100211   0.50785
0.0227083 -0.100211   0.50785
0.0227083 -0.100211   0.50785
0.0227083 -0.100211   0.50785
0.0227083 -0.100211   0.50785
0.0227083 -0.100211   0.50785
