 0.269543 -0.328426    0.6058
  0.26918 -0.326779  0.608705
 0.269182 -0.326776  0.608702
0.269188 -0.32677 0.608694
 0.269199 -0.326758  0.608682
 0.269214 -0.326743  0.608664
 0.269233 -0.326722  0.608641
 0.269256 -0.326698  0.608614
 0.269283 -0.326668  0.608581
 0.269315 -0.326635  0.608543
 0.269351 -0.326596    0.6085
 0.269391 -0.326554  0.608452
 0.269435 -0.326507  0.608399
 0.269484 -0.326455  0.608341
 0.269537 -0.326399  0.608278
 0.269594 -0.326338  0.608209
 0.269655 -0.326273  0.608136
  0.26972 -0.326203  0.608058
  0.26979 -0.326128  0.607974
0.269864 -0.32605 0.607886
 0.269942 -0.325966  0.607792
 0.270024 -0.325879  0.607694
 0.270111 -0.325786   0.60759
0.270202 -0.32569 0.607481
 0.270297 -0.325588  0.607368
 0.270396 -0.325483  0.607249
 0.270499 -0.325372  0.607125
 0.270607 -0.325258  0.606996
 0.270719 -0.325138  0.606862
 0.270835 -0.325015  0.606723
 0.270956 -0.324886  0.606579
  0.27108 -0.324754   0.60643
 0.271209 -0.324616  0.606276
 0.271342 -0.324475  0.606116
 0.271479 -0.324328  0.605952
 0.271621 -0.324178  0.605783
 0.271767 -0.324022  0.605608
 0.271916 -0.323862  0.605429
 0.272071 -0.323698  0.605245
 0.272229 -0.323529  0.605055
 0.272392 -0.323356   0.60486
 0.272558 -0.323178  0.604661
 0.272729 -0.322996  0.604456
 0.272905 -0.322809  0.604246
 0.273084 -0.322618  0.604031
 0.273268 -0.322422  0.603811
 0.273456 -0.322222  0.603586
 0.273648 -0.322017  0.603356
 0.273845 -0.321808  0.603121
 0.274045 -0.321594  0.602881
  0.27425 -0.321376  0.602636
 0.274459 -0.321153  0.602385
 0.274673 -0.320925   0.60213
  0.27489 -0.320694   0.60187
 0.275112 -0.320457  0.601604
 0.275338 -0.320217  0.601334
 0.275568 -0.319971  0.601058
 0.275803 -0.319721  0.600778
 0.276041 -0.319467  0.600492
 0.276284 -0.319208  0.600201
 0.276531 -0.318945  0.599906
 0.276782 -0.318677  0.599605
 0.277038 -0.318405  0.599299
 0.277298 -0.318128  0.598988
 0.277561 -0.317848  0.598673
 0.277829 -0.317562  0.598352
 0.278101 -0.317272  0.598026
 0.278378 -0.316977  0.597695
 0.278659 -0.316677  0.597358
 0.278945 -0.316373  0.597017
 0.279234 -0.316065  0.596671
 0.279527 -0.315752  0.596319
 0.279826 -0.315434  0.595962
 0.280128 -0.315113  0.595601
 0.280434 -0.314786  0.595234
 0.280744 -0.314455  0.594863
0.281059 -0.31412 0.594486
0.281378 -0.31378 0.594105
 0.281701 -0.313436  0.593718
 0.282028 -0.313087  0.593326
  0.28236 -0.312734  0.592929
 0.282696 -0.312376  0.592527
 0.283036 -0.312014   0.59212
  0.28338 -0.311647  0.591708
 0.283728 -0.311276  0.591291
0.284081  -0.3109 0.590869
0.284438 -0.31052 0.590442
 0.284799 -0.310135   0.59001
 0.285164 -0.309746  0.589573
 0.285534 -0.309352   0.58913
 0.285907 -0.308954  0.588683
 0.286285 -0.308551  0.588231
 0.286668 -0.308144  0.587773
 0.287054 -0.307732  0.587311
 0.287445 -0.307315  0.586843
  0.28784 -0.306895   0.58637
 0.288239 -0.306469  0.585893
 0.288642 -0.306039   0.58541
  0.28905 -0.305605  0.584922
 0.289462 -0.305166  0.584429
 0.289878 -0.304723  0.583931
 0.290297 -0.304276  0.583429
 0.290717 -0.303828  0.582926
 0.291137 -0.303381  0.582423
 0.291557 -0.302933  0.581921
 0.291977 -0.302486  0.581418
 0.292397 -0.302038  0.580915
 0.292817 -0.301591  0.580413
 0.293237 -0.301143   0.57991
 0.293657 -0.300695  0.579407
 0.294077 -0.300248  0.578904
0.294497  -0.2998 0.578401
 0.294917 -0.299352  0.577899
 0.295338 -0.298905  0.577396
 0.295758 -0.298457  0.576893
 0.296178 -0.298009   0.57639
 0.296598 -0.297561  0.575887
 0.297018 -0.297114  0.575384
 0.297438 -0.296666  0.574881
 0.297858 -0.296219  0.574379
 0.298278 -0.295771  0.573876
 0.298698 -0.295323  0.573373
 0.299118 -0.294876   0.57287
 0.299538 -0.294428  0.572368
 0.299958 -0.293981  0.571865
 0.300378 -0.293533  0.571362
 0.300798 -0.293086   0.57086
 0.301219 -0.292637  0.570356
0.301639 -0.29219 0.569853
 0.302059 -0.291742  0.569351
 0.302479 -0.291295  0.568848
 0.302899 -0.290847  0.568345
 0.303319 -0.290399  0.567842
 0.303739 -0.289952  0.567339
 0.304159 -0.289504  0.566837
  0.30458 -0.289056  0.566334
    0.305 -0.288609  0.565831
  0.30542 -0.288161  0.565328
  0.30584 -0.287714  0.564825
  0.30626 -0.287266  0.564323
  0.30668 -0.286818   0.56382
   0.3071 -0.286371  0.563317
  0.30752 -0.285923  0.562814
  0.30794 -0.285475  0.562311
 0.308361 -0.285027  0.561808
0.308781 -0.28458 0.561305
 0.309201 -0.284132  0.560802
 0.309621 -0.283684  0.560299
 0.310041 -0.283236  0.559796
 0.310462 -0.282789  0.559294
 0.310881 -0.282341  0.558791
 0.311302 -0.281893  0.558288
 0.311722 -0.281445  0.557785
 0.312142 -0.280998  0.557282
0.312562 -0.28055 0.556779
 0.312982 -0.280103  0.556277
 0.313402 -0.279655  0.555774
 0.313822 -0.279208  0.555271
0.314242 -0.27876 0.554769
 0.314662 -0.278312  0.554266
 0.315082 -0.277865  0.553763
 0.315502 -0.277417   0.55326
0.315922 -0.27697 0.552758
 0.316342 -0.276522  0.552255
 0.316762 -0.276074  0.551752
 0.317182 -0.275627  0.551249
 0.317603 -0.275179  0.550746
 0.318023 -0.274731  0.550244
 0.318443 -0.274284  0.549741
 0.318863 -0.273836  0.549238
 0.319283 -0.273388  0.548735
 0.319703 -0.272941  0.548232
 0.320123 -0.272493   0.54773
 0.320543 -0.272046  0.547227
 0.320965 -0.271596  0.546722
 0.321385 -0.271148  0.546219
 0.321805 -0.270701  0.545716
 0.322225 -0.270253  0.545214
 0.322645 -0.269806  0.544711
 0.323065 -0.269358  0.544208
0.323485 -0.26891 0.543705
 0.323905 -0.268463  0.543203
 0.324324 -0.268017  0.542702
 0.324744 -0.267569  0.542199
 0.325164 -0.267122  0.541696
 0.325584 -0.266674  0.541193
 0.326004 -0.266226   0.54069
 0.326424 -0.265779  0.540187
 0.326844 -0.265331  0.539685
 0.327262 -0.264885  0.539184
 0.327683 -0.264438  0.538681
 0.328523 -0.263542  0.537675
 0.328944 -0.263094  0.537172
 0.329364 -0.262646  0.536669
 0.329784 -0.262198  0.536166
 0.330204 -0.261751  0.535663
 0.330624 -0.261303   0.53516
 0.331046 -0.260854  0.534656
 0.331466 -0.260406  0.534153
 0.331886 -0.259959   0.53365
 0.332306 -0.259511  0.533148
 0.332726 -0.259063  0.532645
 0.333146 -0.258616  0.532142
 0.333566 -0.258168  0.531639
 0.333985 -0.257722  0.531138
 0.334405 -0.257274  0.530635
 0.334826 -0.256826  0.530132
 0.335246 -0.256378  0.529628
 0.335668 -0.255928  0.529124
 0.336088 -0.255481  0.528621
 0.336508 -0.255034  0.528118
 0.336928 -0.254586  0.527615
 0.337348 -0.254138  0.527113
0.337768 -0.25369  0.52661
 0.338188 -0.253243  0.526107
 0.338608 -0.252795  0.525604
 0.339028 -0.252348  0.525102
 0.339447 -0.251901    0.5246
0.339861 -0.25146 0.524104
 0.340272 -0.251022  0.523613
0.340678 -0.25059 0.523127
  0.34108 -0.250162  0.522646
 0.341477 -0.249738   0.52217
 0.341872 -0.249318  0.521698
 0.342261 -0.248903  0.521232
 0.342646 -0.248493  0.520772
 0.343027 -0.248087  0.520316
 0.343403 -0.247686  0.519865
 0.343776 -0.247289  0.519419
 0.344144 -0.246896  0.518979
 0.344508 -0.246508  0.518542
 0.344869 -0.246124  0.518111
 0.345225 -0.245745  0.517685
0.345576 -0.24537 0.517264
 0.345923 -0.245001  0.516849
 0.346266 -0.244635  0.516439
 0.346604 -0.244275  0.516034
 0.346939 -0.243918  0.515633
 0.347269 -0.243567  0.515238
0.347594 -0.24322 0.514849
 0.347916 -0.242877  0.514464
 0.348233 -0.242539  0.514084
 0.348546 -0.242205  0.513709
 0.348856 -0.241875  0.513339
0.349161 -0.24155 0.512974
 0.349462 -0.241229  0.512613
 0.349758 -0.240914  0.512258
 0.350051 -0.240602  0.511909
 0.350338 -0.240296  0.511564
 0.350622 -0.239993  0.511225
 0.350901 -0.239696   0.51089
 0.351176 -0.239402  0.510561
 0.351447 -0.239114  0.510237
0.351714 -0.23883 0.509918
0.351977 -0.23855 0.509603
 0.352235 -0.238274  0.509294
 0.352489 -0.238004   0.50899
 0.352739 -0.237738  0.508691
 0.352989 -0.237471  0.508392
  0.35323 -0.237214  0.508103
 0.353467 -0.236961  0.507819
   0.3537 -0.236713  0.507541
0.353929 -0.23647 0.507267
 0.354153 -0.236231  0.506998
 0.354373 -0.235996  0.506735
 0.354589 -0.235766  0.506476
0.354801 -0.23554 0.506223
 0.355008 -0.235319  0.505975
 0.355212 -0.235103  0.505731
 0.355411 -0.234891  0.505493
 0.355605 -0.234683   0.50526
0.355796 -0.23448 0.505032
 0.355982 -0.234281  0.504809
 0.356165 -0.234087  0.504591
 0.356342 -0.233897  0.504378
 0.356516 -0.233712   0.50417
 0.356686 -0.233532  0.503967
 0.356851 -0.233356  0.503769
 0.357012 -0.233184  0.503577
 0.357169 -0.233017  0.503389
 0.357321 -0.232855  0.503206
 0.357469 -0.232697  0.503029
 0.357614 -0.232543  0.502856
 0.357753 -0.232394  0.502689
 0.357889 -0.232249  0.502527
 0.358021 -0.232109  0.502369
 0.358148 -0.231974  0.502217
 0.358271 -0.231843   0.50207
  0.35839 -0.231716  0.501928
 0.358504 -0.231594  0.501791
 0.358614 -0.231477  0.501659
  0.35872 -0.231364  0.501532
 0.358822 -0.231255   0.50141
  0.35892 -0.231151  0.501293
 0.359013 -0.231051  0.501181
 0.359102 -0.230956  0.501074
 0.359187 -0.230866  0.500973
0.359268 -0.23078 0.500876
 0.359345 -0.230698  0.500784
 0.359417 -0.230621  0.500698
 0.359485 -0.230549  0.500616
 0.359549 -0.230481   0.50054
 0.359609 -0.230417  0.500468
 0.359664 -0.230358  0.500402
 0.359715 -0.230303  0.500341
 0.359762 -0.230253  0.500284
 0.359805 -0.230208  0.500233
 0.359844 -0.230167  0.500187
0.359878 -0.23013 0.500146
 0.359908 -0.230098   0.50011
 0.359934 -0.230071  0.500079
 0.359955 -0.230048  0.500054
 0.359973 -0.230029  0.500033
 0.359986 -0.230015  0.500017
 0.359995 -0.230006  0.500007
 0.359999 -0.230001  0.500001
 0.36 -0.23   0.5
 0.36 -0.23   0.5
 0.36 -0.23   0.5
 0.36 -0.23   0.5
 0.36 -0.23   0.5
 0.36 -0.23   0.5
 0.36 -0.23   0.5
 0.36 -0.23   0.5
 0.36 -0.23   0.5
 0.36 -0.23   0.5
 0.36 -0.23   0.5
 0.36 -0.23   0.5
 0.36 -0.23   0.5
 0.36 -0.23   0.5
 0.36 -0.23   0.5
 0.36 -0.23   0.5
 0.36 -0.23   0.5
 0.36 -0.23   0.5
 0.36 -0.23   0.5
 0.36 -0.23   0.5
 0.36 -0.23   0.5
 0.36 -0.23   0.5
 0.36 -0.23   0.5
 0.36 -0.23   0.5
 0.36 -0.23   0.5
 0.36 -0.23   0.5
 0.36 -0.23   0.5
 0.36 -0.23   0.5
 0.36 -0.23   0.5
 0.36 -0.23   0.5
 0.36 -0.23   0.5
 0.36 -0.23   0.5
 0.36 -0.23   0.5
 0.36 -0.23   0.5
 0.36 -0.23   0.5
 0.36 -0.23   0.5
 0.36 -0.23   0.5
 0.36 -0.23   0.5
 0.36 -0.23   0.5
 0.36 -0.23   0.5
 0.36 -0.23   0.5
 0.36 -0.23   0.5
 0.36 -0.23   0.5
 0.36 -0.23   0.5
 0.36 -0.23   0.5
 0.36 -0.23   0.5
 0.36 -0.23   0.5
 0.36 -0.23   0.5
 0.36 -0.23   0.5
 0.36 -0.23   0.5
 0.36 -0.23   0.5
 0.36 -0.23   0.5
 0.36 -0.23   0.5
 0.36 -0.23   0.5
 0.36 -0.23   0.5
 0.36 -0.23   0.5
 0.36 -0.23   0.5
 0.36 -0.23   0.5
 0.36 -0.23   0.5
 0.36 -0.23   0.5
 0.36 -0.23   0.5
 0.36 -0.23   0.5
 0.36 -0.23   0.5
 0.36 -0.23   0.5
 0.36 -0.23   0.5
 0.36 -0.23   0.5
 0.36 -0.23   0.5
 0.36 -0.23   0.5
 0.36 -0.23   0.5
 0.36 -0.23   0.5
 0.36 -0.23   0.5
 0.36 -0.23   0.5
 0.36 -0.23   0.5
 0.36 -0.23   0.5
 0.36 -0.23   0.5
 0.36 -0.23   0.5
 0.36 -0.23   0.5
 0.36 -0.23   0.5
 0.36 -0.23   0.5
 0.36 -0.23   0.5
 0.36 -0.23   0.5
 0.36 -0.23   0.5
 0.36 -0.23   0.5
 0.36 -0.23   0.5
 0.36 -0.23   0.5
 0.36 -0.23   0.5
 0.36 -0.23   0.5
 0.36 -0.23   0.5
 0.36 -0.23   0.5
 0.36 -0.23   0.5
 0.36 -0.23   0.5
 0.36 -0.23   0.5
 0.36 -0.23   0.5
 0.36 -0.23   0.5
 0.36 -0.23   0.5
 0.36 -0.23   0.5
 0.36 -0.23   0.5
 0.36 -0.23   0.5
 0.36 -0.23   0.5
 0.36 -0.23   0.5
 0.36 -0.23   0.5
 0.36 -0.23   0.5
 0.36 -0.23   0.5
 0.36 -0.23   0.5
 0.36 -0.23   0.5
 0.36 -0.23   0.5
 0.36 -0.23   0.5
 0.36 -0.23   0.5
 0.36 -0.23   0.5
 0.36 -0.23   0.5
 0.36 -0.23   0.5
 0.36 -0.23   0.5
 0.36 -0.23   0.5
 0.36 -0.23   0.5
 0.36 -0.23   0.5
 0.36 -0.23   0.5
 0.36 -0.23   0.5
 0.36 -0.23   0.5
 0.36 -0.23   0.5
 0.36 -0.23   0.5
 0.36 -0.23   0.5
 0.36 -0.23   0.5
 0.36 -0.23   0.5
 0.36 -0.23   0.5
 0.36 -0.23   0.5
 0.36 -0.23   0.5
 0.36 -0.23   0.5
 0.36 -0.23   0.5
 0.36 -0.23   0.5
 0.36 -0.23   0.5
 0.36 -0.23   0.5
 0.36 -0.23   0.5
 0.36 -0.23   0.5
 0.36 -0.23   0.5
 0.36 -0.23   0.5
 0.36 -0.23   0.5
 0.36 -0.23   0.5
 0.36 -0.23   0.5
 0.36 -0.23   0.5
 0.36 -0.23   0.5
 0.36 -0.23   0.5
 0.36 -0.23   0.5
 0.36 -0.23   0.5
 0.36 -0.23   0.5
 0.36 -0.23   0.5
 0.36 -0.23   0.5
 0.36 -0.23   0.5
 0.36 -0.23   0.5
 0.36 -0.23   0.5
 0.36 -0.23   0.5
 0.36 -0.23   0.5
 0.36 -0.23   0.5
 0.36 -0.23   0.5
 0.36 -0.23   0.5
 0.36 -0.23   0.5
 0.36 -0.23   0.5
 0.36 -0.23   0.5
 0.36 -0.23   0.5
 0.36 -0.23   0.5
 0.36 -0.23   0.5
 0.36 -0.23   0.5
 0.36 -0.23   0.5
 0.36 -0.23   0.5
 0.36 -0.23   0.5
 0.36 -0.23   0.5
 0.36 -0.23   0.5
 0.36 -0.23   0.5
 0.36 -0.23   0.5
 0.36 -0.23   0.5
 0.36 -0.23   0.5
 0.36 -0.23   0.5
 0.36 -0.23   0.5
 0.36 -0.23   0.5
 0.36 -0.23   0.5
 0.36 -0.23   0.5
 0.36 -0.23   0.5
 0.36 -0.23   0.5
 0.36 -0.23   0.5
 0.36 -0.23   0.5
 0.36 -0.23   0.5
 0.36 -0.23   0.5
 0.36 -0.23   0.5
 0.36 -0.23   0.5
 0.36 -0.23   0.5
 0.36 -0.23   0.5
 0.36 -0.23   0.5
 0.36 -0.23   0.5
 0.36 -0.23   0.5
 0.36 -0.23   0.5
 0.36 -0.23   0.5
 0.36 -0.23   0.5
 0.36 -0.23   0.5
 0.36 -0.23   0.5
 0.36 -0.23   0.5
 0.36 -0.23   0.5
 0.36 -0.23   0.5
 0.36 -0.23   0.5
 0.36 -0.23   0.5
 0.36 -0.23   0.5
 0.36 -0.23   0.5
 0.36 -0.23   0.5
 0.36 -0.23   0.5
 0.36 -0.23   0.5
 0.36 -0.23   0.5
 0.36 -0.23   0.5
 0.36 -0.23   0.5
 0.36 -0.23   0.5
 0.36 -0.23   0.5
 0.36 -0.23   0.5
 0.36 -0.23   0.5
 0.36 -0.23   0.5
 0.36 -0.23   0.5
 0.36 -0.23   0.5
 0.36 -0.23   0.5
 0.36 -0.23   0.5
 0.36 -0.23   0.5
 0.36 -0.23   0.5
 0.36 -0.23   0.5
 0.36 -0.23   0.5
 0.36 -0.23   0.5
 0.36 -0.23   0.5
 0.36 -0.23   0.5
 0.36 -0.23   0.5
 0.36 -0.23   0.5
 0.36 -0.23   0.5
 0.36 -0.23   0.5
 0.36 -0.23   0.5
 0.36 -0.23   0.5
 0.36 -0.23   0.5
 0.36 -0.23   0.5
 0.36 -0.23   0.5
 0.36 -0.23   0.5
 0.36 -0.23   0.5
 0.36 -0.23   0.5
 0.36 -0.23   0.5
 0.36 -0.23   0.5
 0.36 -0.23   0.5
 0.36 -0.23   0.5
 0.36 -0.23   0.5
 0.36 -0.23   0.5
 0.36 -0.23   0.5
 0.36 -0.23   0.5
 0.36 -0.23   0.5
 0.36 -0.23   0.5
 0.36 -0.23   0.5
 0.36 -0.23   0.5
 0.36 -0.23   0.5
 0.36 -0.23   0.5
 0.36 -0.23   0.5
 0.36 -0.23   0.5
 0.36 -0.23   0.5
 0.36 -0.23   0.5
 0.36 -0.23   0.5
 0.36 -0.23   0.5
 0.36 -0.23   0.5
 0.36 -0.23   0.5
 0.36 -0.23   0.5
 0.36 -0.23   0.5
 0.36 -0.23   0.5
 0.36 -0.23   0.5
 0.36 -0.23   0.5
 0.36 -0.23   0.5
 0.36 -0.23   0.5
 0.36 -0.23   0.5
 0.36 -0.23   0.5
 0.36 -0.23   0.5
 0.36 -0.23   0.5
 0.36 -0.23   0.5
 0.36 -0.23   0.5
 0.36 -0.23   0.5
 0.36 -0.23   0.5
 0.36 -0.23   0.5
 0.36 -0.23   0.5
 0.36 -0.23   0.5
 0.36 -0.23   0.5
 0.36 -0.23   0.5
 0.36 -0.23   0.5
 0.36 -0.23   0.5
 0.36 -0.23   0.5
 0.36 -0.23   0.5
 0.36 -0.23   0.5
 0.36 -0.23   0.5
 0.36 -0.23   0.5
 0.36 -0.23   0.5
 0.36 -0.23   0.5
 0.36 -0.23   0.5
 0.36 -0.23   0.5
 0.36 -0.23   0.5
 0.36 -0.23   0.5
 0.36 -0.23   0.5
 0.36 -0.23   0.5
 0.36 -0.23   0.5
 0.36 -0.23   0.5
 0.36 -0.23   0.5
 0.36 -0.23   0.5
 0.36 -0.23   0.5
 0.36 -0.23   0.5
 0.36 -0.23   0.5
 0.36 -0.23   0.5
 0.36 -0.23   0.5
 0.36 -0.23   0.5
 0.36 -0.23   0.5
 0.36 -0.23   0.5
 0.36 -0.23   0.5
 0.36 -0.23   0.5
 0.36 -0.23   0.5
 0.36 -0.23   0.5
 0.36 -0.23   0.5
 0.36 -0.23   0.5
 0.36 -0.23   0.5
 0.36 -0.23   0.5
 0.36 -0.23   0.5
 0.36 -0.23   0.5
 0.36 -0.23   0.5
 0.36 -0.23   0.5
 0.36 -0.23   0.5
 0.36 -0.23   0.5
 0.36 -0.23   0.5
 0.36 -0.23   0.5
 0.36 -0.23   0.5
 0.36 -0.23   0.5
 0.36 -0.23   0.5
 0.36 -0.23   0.5
 0.36 -0.23   0.5
 0.36 -0.23   0.5
 0.36 -0.23   0.5
 0.36 -0.23   0.5
 0.36 -0.23   0.5
 0.36 -0.23   0.5
 0.36 -0.23   0.5
 0.36 -0.23   0.5
 0.36 -0.23   0.5
 0.36 -0.23   0.5
 0.36 -0.23   0.5
 0.36 -0.23   0.5
 0.36 -0.23   0.5
 0.36 -0.23   0.5
 0.36 -0.23   0.5
 0.36 -0.23   0.5
 0.36 -0.23   0.5
 0.36 -0.23   0.5
 0.36 -0.23   0.5
 0.36 -0.23   0.5
 0.36 -0.23   0.5
 0.36 -0.23   0.5
 0.36 -0.23   0.5
 0.36 -0.23   0.5
 0.36 -0.23   0.5
 0.36 -0.23   0.5
 0.36 -0.23   0.5
 0.36 -0.23   0.5
 0.36 -0.23   0.5
 0.36 -0.23   0.5
 0.36 -0.23   0.5
 0.36 -0.23   0.5
 0.36 -0.23   0.5
 0.36 -0.23   0.5
 0.36 -0.23   0.5
 0.36 -0.23   0.5
 0.36 -0.23   0.5
 0.36 -0.23   0.5
 0.36 -0.23   0.5
 0.36 -0.23   0.5
 0.36 -0.23   0.5
 0.36 -0.23   0.5
 0.36 -0.23   0.5
 0.36 -0.23   0.5
 0.36 -0.23   0.5
 0.36 -0.23   0.5
 0.36 -0.23   0.5
 0.36 -0.23   0.5
 0.36 -0.23   0.5
 0.36 -0.23   0.5
 0.36 -0.23   0.5
 0.36 -0.23   0.5
 0.36 -0.23   0.5
 0.36 -0.23   0.5
 0.36 -0.23   0.5
 0.36 -0.23   0.5
 0.36 -0.23   0.5
 0.36 -0.23   0.5
 0.36 -0.23   0.5
 0.36 -0.23   0.5
 0.36 -0.23   0.5
 0.36 -0.23   0.5
 0.36 -0.23   0.5
 0.36 -0.23   0.5
 0.36 -0.23   0.5
 0.36 -0.23   0.5
 0.36 -0.23   0.5
 0.36 -0.23   0.5
 0.36 -0.23   0.5
 0.36 -0.23   0.5
 0.36 -0.23   0.5
 0.36 -0.23   0.5
 0.36 -0.23   0.5
 0.36 -0.23   0.5
 0.36 -0.23   0.5
 0.36 -0.23   0.5
 0.36 -0.23   0.5
 0.36 -0.23   0.5
 0.36 -0.23   0.5
 0.36 -0.23   0.5
 0.36 -0.23   0.5
 0.36 -0.23   0.5
 0.36 -0.23   0.5
 0.36 -0.23   0.5
 0.36 -0.23   0.5
 0.36 -0.23   0.5
 0.36 -0.23   0.5
 0.36 -0.23   0.5
 0.36 -0.23   0.5
 0.36 -0.23   0.5
 0.36 -0.23   0.5
 0.36 -0.23   0.5
 0.36 -0.23   0.5
 0.36 -0.23   0.5
 0.36 -0.23   0.5
 0.36 -0.23   0.5
 0.36 -0.23   0.5
 0.36 -0.23   0.5
 0.36 -0.23   0.5
 0.36 -0.23   0.5
 0.36 -0.23   0.5
 0.36 -0.23   0.5
 0.36 -0.23   0.5
 0.36 -0.23   0.5
 0.36 -0.23   0.5
 0.36 -0.23   0.5
 0.36 -0.23   0.5
 0.36 -0.23   0.5
 0.36 -0.23   0.5
 0.36 -0.23   0.5
 0.36 -0.23   0.5
 0.36 -0.23   0.5
 0.36 -0.23   0.5
 0.36 -0.23   0.5
 0.36 -0.23   0.5
 0.36 -0.23   0.5
 0.36 -0.23   0.5
 0.36 -0.23   0.5
 0.36 -0.23   0.5
 0.36 -0.23   0.5
 0.36 -0.23   0.5
 0.36 -0.23   0.5
 0.36 -0.23   0.5
 0.36 -0.23   0.5
 0.36 -0.23   0.5
 0.36 -0.23   0.5
 0.36 -0.23   0.5
 0.36 -0.23   0.5
 0.36 -0.23   0.5
 0.36 -0.23   0.5
 0.36 -0.23   0.5
 0.36 -0.23   0.5
 0.36 -0.23   0.5
 0.36 -0.23   0.5
 0.36 -0.23   0.5
 0.36 -0.23   0.5
 0.36 -0.23   0.5
 0.36 -0.23   0.5
 0.36 -0.23   0.5
 0.36 -0.23   0.5
 0.36 -0.23   0.5
 0.36 -0.23   0.5
 0.36 -0.23   0.5
 0.36 -0.23   0.5
 0.36 -0.23   0.5
 0.36 -0.23   0.5
 0.36 -0.23   0.5
 0.36 -0.23   0.5
 0.36 -0.23   0.5
 0.36 -0.23   0.5
 0.36 -0.23   0.5
