 0.016686 -0.105392  0.508487
 0.016686 -0.105392  0.508487
0.0166868 -0.105391  0.508485
0.0166894 -0.105388  0.508477
0.0166936 -0.105383  0.508465
0.0166996 -0.105376  0.508447
0.0167073 -0.105366  0.508424
0.0167167 -0.105355  0.508396
0.0167277 -0.105342  0.508363
0.0167405 -0.105327  0.508325
0.016755 -0.10531 0.508282
0.0167712  -0.10529  0.508234
0.0167891 -0.105269  0.508181
0.0168087 -0.105246  0.508123
  0.01683 -0.105221   0.50806
0.0168531 -0.105193  0.507992
0.0168778 -0.105164  0.507918
0.0169042 -0.105132   0.50784
0.0169324 -0.105099  0.507756
0.0169622 -0.105064  0.507668
0.0169937 -0.105026  0.507574
 0.017027 -0.104986  0.507476
 0.017062 -0.104945  0.507372
0.0170987 -0.104901  0.507263
 0.017137 -0.104856  0.507149
0.0171771 -0.104808  0.507031
0.0172189 -0.104758  0.506907
0.0172623 -0.104707  0.506778
0.0173075 -0.104653  0.506644
0.0173544 -0.104597  0.506505
0.017403 -0.10454 0.506361
0.0174533  -0.10448  0.506211
0.0175052 -0.104418  0.506057
0.0175589 -0.104354  0.505898
0.0176143 -0.104288  0.505734
0.0176715 -0.104221  0.505564
0.0177303 -0.104151   0.50539
0.0177908 -0.104079   0.50521
 0.017853 -0.104005  0.505026
0.0179169 -0.103929  0.504836
0.0179826 -0.103851  0.504641
  0.01805 -0.103771  0.504441
 0.018119 -0.103689  0.504237
0.0181898 -0.103604  0.504027
0.0182622 -0.103518  0.503812
0.0183364  -0.10343  0.503592
0.0184122  -0.10334  0.503367
0.0184898 -0.103248  0.503137
 0.018569 -0.103154  0.502902
  0.01865 -0.103057  0.502661
0.0187327 -0.102959  0.502416
0.0188171 -0.102859  0.502166
0.0189032 -0.102757  0.501911
 0.018991 -0.102652   0.50165
0.0190805 -0.102546  0.501385
0.0191717 -0.102437  0.501114
0.0192646 -0.102327  0.500839
0.0193592 -0.102215  0.500558
0.0194556   -0.1021  0.500272
0.0195536 -0.101983  0.499981
0.0196534 -0.101865  0.499685
0.0197548 -0.101744  0.499384
0.0198579 -0.101622  0.499079
0.0199627 -0.101497  0.498768
0.0200693 -0.101371  0.498452
0.0201775 -0.101242   0.49813
0.0202875 -0.101111  0.497804
0.0203991 -0.100979  0.497473
0.0205125 -0.100844  0.497137
0.0206275 -0.100707  0.496796
0.0207443 -0.100568  0.496449
0.0208628 -0.100427  0.496098
 0.020983 -0.100285  0.495741
0.0211049  -0.10014   0.49538
 0.0212285 -0.0999928   0.495013
 0.0213538 -0.0998439   0.494641
 0.0214808 -0.0996929   0.494265
0.0216095  -0.09954  0.493883
 0.0217399 -0.0993849   0.493496
  0.021872 -0.0992279   0.493104
  0.022006 -0.0990687   0.492707
 0.0221415 -0.0989076   0.492305
 0.0222788 -0.0987445   0.491898
 0.0224177 -0.0985793   0.491486
 0.0225583 -0.0984122   0.491068
0.0227007 -0.098243  0.490646
 0.0228447 -0.0980718   0.490219
 0.0229905 -0.0978986   0.489787
 0.0231379 -0.0977233   0.489349
0.0232871 -0.097546  0.488907
 0.0234376 -0.0973671    0.48846
 0.0235903 -0.0971856   0.488007
 0.0237446 -0.0970023    0.48755
 0.0239005 -0.0968169   0.487087
 0.0240582 -0.0966295   0.486619
 0.0242176 -0.0964401   0.486147
 0.0243787 -0.0962486   0.485669
 0.0245415 -0.0960551   0.485186
  0.024706 -0.0958596   0.484698
 0.0248723 -0.0956619   0.484204
 0.0250402 -0.0954624   0.483706
 0.0252095 -0.0952611   0.483204
  0.025379 -0.0950597   0.482702
 0.0255485 -0.0948582   0.482199
  0.025718 -0.0946568   0.481696
 0.0258875 -0.0944553   0.481193
  0.026057 -0.0942539    0.48069
 0.0262265 -0.0940524   0.480188
  0.026396 -0.0938509   0.479685
 0.0265657 -0.0936493   0.479182
 0.0267352 -0.0934478   0.478679
 0.0269047 -0.0932463   0.478176
 0.0270742 -0.0930449   0.477673
 0.0272436 -0.0928435   0.477171
0.0274131 -0.092642  0.476668
 0.0275826 -0.0924406   0.476165
 0.0277521 -0.0922391   0.475662
 0.0279216 -0.0920376   0.475159
 0.0280911 -0.0918362   0.474657
 0.0282606 -0.0916347   0.474154
  0.028599 -0.0912326    0.47315
 0.0287685 -0.0910311   0.472647
 0.0287685 -0.0910311   0.472647
 0.0289379 -0.0908297   0.472145
 0.0291074 -0.0906283   0.471642
 0.0292769 -0.0904268   0.471139
 0.0294466 -0.0902251   0.470636
 0.0296161 -0.0900237   0.470133
 0.0297856 -0.0898222    0.46963
 0.0299552 -0.0896207   0.469127
 0.0301247 -0.0894192   0.468625
 0.0302942 -0.0892177   0.468122
 0.0304637 -0.0890163   0.467619
 0.0306333 -0.0888146   0.467116
 0.0308029 -0.0886131   0.466613
  0.030972 -0.0884121   0.466111
 0.0311417 -0.0882104   0.465608
0.0313112 -0.088009  0.465105
 0.0314807 -0.0878075   0.464602
 0.0316502 -0.0876061     0.4641
 0.0318197 -0.0874046   0.463597
 0.0319892 -0.0872031   0.463094
 0.0321587 -0.0870016   0.462591
 0.0323282 -0.0868002   0.462088
 0.0324978 -0.0865987   0.461585
 0.0326673 -0.0863972   0.461083
 0.0328367 -0.0861958    0.46058
 0.0330062 -0.0859943   0.460077
0.0331756 -0.085793  0.459575
 0.0333453 -0.0855913   0.459071
 0.0335148 -0.0853899   0.458569
 0.0336843 -0.0851884   0.458066
 0.0338538 -0.0849869   0.457563
 0.0340235 -0.0847852    0.45706
  0.034193 -0.0845837   0.456557
 0.0343625 -0.0843823   0.456054
  0.034532 -0.0841809   0.455551
 0.0347015 -0.0839794   0.455049
  0.034871 -0.0837779   0.454546
 0.0350405 -0.0835765   0.454043
  0.03521 -0.083375   0.45354
 0.0353795 -0.0831735   0.453037
  0.035549 -0.0829721   0.452535
 0.0358881 -0.0825691   0.451529
 0.0358881 -0.0825691   0.451529
 0.0360577 -0.0823675   0.451026
0.0362273 -0.082166  0.450523
 0.0363968 -0.0819645    0.45002
0.0365663 -0.081763  0.449517
 0.0367358 -0.0815615   0.449014
0.0369054  -0.08136  0.448511
 0.0370749 -0.0811585   0.448009
0.0372444 -0.080957  0.447506
  0.037414 -0.0807555   0.447003
 0.0375824 -0.0805554   0.446503
  0.037749 -0.0803573   0.446009
  0.037914 -0.0801612   0.445519
 0.0380773 -0.0799671   0.445035
 0.0382389 -0.0797751   0.444556
0.0383988 -0.079585  0.444082
0.0385569 -0.079397  0.443612
 0.0387134 -0.0792111   0.443148
 0.0388681 -0.0790272   0.442689
 0.0390211 -0.0788453   0.442235
 0.0391726 -0.0786653   0.441786
 0.0393223 -0.0784874   0.441342
 0.0394702 -0.0783116   0.440904
 0.0396164 -0.0781378    0.44047
0.0397609 -0.077966  0.440041
 0.0399037 -0.0777963   0.439617
 0.0400448 -0.0776286   0.439199
 0.0401842 -0.0774629   0.438785
 0.0403219 -0.0772993   0.438377
 0.0404579 -0.0771377   0.437974
 0.0405921 -0.0769781   0.437575
 0.0407242 -0.0768212   0.437184
  0.040855 -0.0766656   0.436796
 0.0409843 -0.0765119   0.436412
 0.0411119 -0.0763603   0.436034
 0.0412377 -0.0762108   0.435661
 0.0413617 -0.0760634   0.435293
 0.041484 -0.075918   0.43493
 0.0416047 -0.0757746   0.434572
 0.0417236 -0.0756333   0.434219
 0.0418408 -0.0754939   0.433872
 0.0419563 -0.0753566   0.433529
 0.0420702 -0.0752214   0.433191
 0.0421822 -0.0750882   0.432859
 0.0422927 -0.0749569   0.432531
 0.0424014 -0.0748277   0.432209
 0.0425085 -0.0747004   0.431891
 0.0426137 -0.0745753   0.431579
 0.0427173 -0.0744522   0.431272
 0.0428192 -0.0743311   0.430969
0.0429194 -0.074212  0.430672
0.0430179 -0.074095   0.43038
0.0431146  -0.07398  0.430093
0.0432097 -0.073867  0.429811
 0.043303 -0.073756  0.429534
0.0433948 -0.073647  0.429262
 0.0434847 -0.0735401   0.428995
  0.043573 -0.0734352   0.428733
 0.0436595 -0.0733323   0.428477
 0.0437445 -0.0732314   0.428225
 0.0438276 -0.0731326   0.427978
  0.043909 -0.0730358   0.427737
 0.0439887 -0.0729411     0.4275
 0.0440667 -0.0728483   0.427269
 0.0441432 -0.0727575   0.427042
 0.0442178 -0.0726688   0.426821
 0.0442906 -0.0725822   0.426605
 0.0443618 -0.0724976   0.426394
0.0444313 -0.072415  0.426187
 0.0444991 -0.0723345   0.425986
 0.0445652 -0.0722559    0.42579
 0.0446296 -0.0721793   0.425599
 0.0446923 -0.0721048   0.425413
 0.0447533 -0.0720323   0.425232
 0.0448126 -0.0719619   0.425057
 0.0448701 -0.0718935   0.424886
  0.044926 -0.0718271    0.42472
 0.0449801 -0.0717627    0.42456
 0.0450326 -0.0717004   0.424404
 0.0450833 -0.0716401   0.424253
 0.0451324 -0.0715818   0.424108
 0.0451797 -0.0715255   0.423968
 0.0452253 -0.0714713   0.423832
 0.0452692 -0.0714191   0.423702
 0.0453114 -0.0713689   0.423577
  0.045352 -0.0713208   0.423457
 0.0453908 -0.0712747   0.423341
 0.0454279 -0.0712306   0.423231
 0.0454633 -0.0711885   0.423126
  0.045497 -0.0711484   0.423026
  0.045529 -0.0711104   0.422932
 0.0455593 -0.0710744   0.422842
 0.0455878 -0.0710404   0.422757
 0.0456147 -0.0710085   0.422677
 0.0456399 -0.0709786   0.422603
 0.0456634 -0.0709507   0.422533
 0.0456851 -0.0709248   0.422468
0.0457052 -0.070901  0.422409
 0.0457235 -0.0708792   0.422354
 0.0457402 -0.0708594   0.422305
 0.0457551 -0.0708416   0.422261
 0.0457684 -0.0708259   0.422221
 0.0457897 -0.0708005   0.422158
 0.0457897 -0.0708005   0.422158
 0.0457979 -0.0707908   0.422134
 0.0458043 -0.0707832   0.422115
  0.045809 -0.0707776   0.422101
 0.045812 -0.070774  0.422092
 0.0458133 -0.0707724   0.422088
 0.0458134 -0.0707724   0.422088
 0.0458134 -0.0707724   0.422088
 0.0458134 -0.0707724   0.422088
 0.0458134 -0.0707724   0.422088
 0.0458134 -0.0707724   0.422088
 0.0458134 -0.0707724   0.422088
 0.0458134 -0.0707724   0.422088
 0.0458134 -0.0707724   0.422088
 0.0458134 -0.0707724   0.422088
 0.0458134 -0.0707724   0.422088
 0.0458134 -0.0707724   0.422088
 0.0458134 -0.0707724   0.422088
 0.0458134 -0.0707724   0.422088
 0.0458134 -0.0707724   0.422088
 0.0458134 -0.0707724   0.422088
 0.0458134 -0.0707724   0.422088
 0.0458134 -0.0707724   0.422088
 0.0458134 -0.0707724   0.422088
 0.0458134 -0.0707724   0.422088
 0.0458134 -0.0707724   0.422088
 0.0458134 -0.0707724   0.422088
 0.0458134 -0.0707724   0.422088
 0.0458134 -0.0707724   0.422088
 0.0458134 -0.0707724   0.422088
 0.0458134 -0.0707724   0.422088
 0.0458134 -0.0707724   0.422088
 0.0458134 -0.0707724   0.422088
 0.0458134 -0.0707724   0.422088
 0.0458134 -0.0707724   0.422088
