0.0166865 -0.105391  0.508487
0.0166867 -0.105392  0.508486
0.0166877 -0.105392  0.508486
0.0166868 -0.105391  0.508485
0.0166863 -0.105389  0.508485
0.0166853 -0.105387  0.508485
0.0166841 -0.105387  0.508485
0.0166823 -0.105386  0.508484
0.0166801 -0.105387  0.508484
0.0166783 -0.105381  0.508485
0.0166749 -0.105381  0.508485
0.0166732  -0.10538  0.508485
0.0166706 -0.105379  0.508484
0.0166681  -0.10538  0.508484
0.0166645 -0.105379  0.508484
0.0166622 -0.105379  0.508483
0.0166611 -0.105376  0.508483
0.0166584 -0.105375  0.508482
 0.016658 -0.105373  0.508481
0.0166571  -0.10537  0.508481
0.0166567 -0.105369  0.508479
 0.016656 -0.105366  0.508478
0.0166578 -0.105362  0.508476
0.0166594 -0.105357  0.508475
0.0166616 -0.105352  0.508472
0.0166638 -0.105347   0.50847
0.0166688 -0.105339  0.508468
0.0166738  -0.10533  0.508465
0.0166785 -0.105321  0.508462
0.0166856 -0.105311  0.508458
0.0166934 -0.105299  0.508455
0.0167025 -0.105288  0.508451
0.0167134 -0.105271  0.508447
0.0167236 -0.105257  0.508442
0.016736 -0.10524 0.508437
0.0167506 -0.105221  0.508432
0.0167645 -0.105202  0.508426
0.0167816 -0.105181   0.50842
0.0167982 -0.105159  0.508414
 0.016818 -0.105134  0.508407
0.0168369  -0.10511  0.508401
0.0168594 -0.105081  0.508393
 0.016884 -0.105053  0.508384
0.0169088 -0.105024  0.508375
0.0169349 -0.104992  0.508367
0.0169623  -0.10496  0.508357
0.0169915 -0.104925  0.508348
0.017022 -0.10489 0.508337
0.0170541 -0.104852  0.508327
0.0170875 -0.104815  0.508315
0.0171228 -0.104774  0.508304
0.0171595 -0.104732  0.508291
0.0171977  -0.10469  0.508278
0.0172376 -0.104645  0.508265
0.0172793 -0.104602   0.50825
0.0173225 -0.104554  0.508235
0.0173672 -0.104506  0.508219
0.0174134 -0.104457  0.508203
0.0174616 -0.104406  0.508186
0.0175112 -0.104353  0.508168
0.0175627 -0.104298   0.50815
0.0176159 -0.104243   0.50813
0.0176707 -0.104185   0.50811
0.0177273 -0.104127  0.508088
0.0177857 -0.104066  0.508066
0.0178457 -0.104005  0.508043
0.0179075 -0.103942  0.508019
0.0179712 -0.103876  0.507994
0.0180367  -0.10381  0.507968
0.0181105 -0.103726  0.507938
0.0181797 -0.103655   0.50791
0.0182506 -0.103583   0.50788
0.0183233 -0.103508  0.507849
0.0183978 -0.103431  0.507817
0.0184741 -0.103354  0.507784
0.0185523 -0.103274  0.507749
0.0186321 -0.103194  0.507713
0.0187139  -0.10311  0.507676
0.0187976 -0.103026  0.507637
 0.018883 -0.102938  0.507597
0.0189703 -0.102849  0.507555
0.0190596  -0.10276  0.507511
0.0191509 -0.102667  0.507467
0.0192441 -0.102573   0.50742
0.0193393 -0.102476  0.507372
0.0194365 -0.102377  0.507322
0.0195358 -0.102278   0.50727
 0.019637 -0.102175  0.507217
0.0197405 -0.102069  0.507162
0.0198487 -0.101966  0.507103
0.0199564 -0.101857  0.507044
0.0200662 -0.101747  0.506982
0.0201782 -0.101633  0.506919
0.0202924 -0.101517  0.506853
0.0204088 -0.101401  0.506785
0.0205275  -0.10128  0.506714
0.0206484 -0.101158  0.506642
0.0207715 -0.101034  0.506566
0.0208969 -0.100907  0.506488
0.0210245 -0.100777  0.506408
0.0211544 -0.100647  0.506324
0.0212865 -0.100512  0.506238
0.0214216  -0.10038   0.50615
0.0215582 -0.100243  0.506058
0.0216971 -0.100102  0.505963
 0.0218383 -0.0999576   0.505865
 0.0219817 -0.0998129   0.505764
 0.0221351 -0.0996457   0.505648
 0.0222828 -0.0994943    0.50554
 0.0224327 -0.0993409   0.505428
 0.0225847 -0.0991868   0.505312
 0.0227387 -0.0990286   0.505194
 0.0228945 -0.0988694    0.50507
 0.0230526 -0.0987068   0.504945
  0.023219 -0.0985475   0.504812
 0.0233808 -0.0983814   0.504678
 0.0235447 -0.0982133    0.50454
0.0237098 -0.098045  0.504398
0.0238787  -0.09788  0.504254
 0.0240469 -0.0977053   0.504103
  0.024217 -0.0975311   0.503948
 0.0243899 -0.0973544   0.503788
 0.0245627 -0.0971743   0.503624
 0.0247374 -0.0969931   0.503455
 0.0249146 -0.0968128   0.503281
 0.0250916 -0.0966273   0.503103
 0.0252799 -0.0964079   0.502903
   0.02546 -0.0962199   0.502713
 0.0256413 -0.0960302   0.502519
 0.0258237 -0.0958407   0.502319
  0.026007 -0.0956496   0.502114
 0.0261915 -0.0954559   0.501904
  0.026377 -0.0952627   0.501688
 0.0265634 -0.0950668   0.501466
 0.0267626 -0.0948734   0.501236
 0.0269512 -0.0946753   0.501003
 0.0271407 -0.0944776   0.500764
 0.0273312 -0.0942774   0.500518
 0.0275224 -0.0940762   0.500267
 0.0277151 -0.0938811   0.500012
 0.0279073 -0.0936717   0.499743
 0.0281012 -0.0934747   0.499475
 0.0282952 -0.0932692   0.499198
 0.0284897 -0.0930623   0.498914
 0.0286846 -0.0928561   0.498622
 0.0288801 -0.0926475   0.498324
  0.029076 -0.0924379   0.498019
 0.0292748 -0.0921974   0.497676
 0.0294713 -0.0919858   0.497356
 0.0296679 -0.0917737   0.497029
 0.0298647 -0.0915605   0.496696
 0.0300616 -0.0913469   0.496356
 0.0302586 -0.0911342   0.496009
 0.0304556 -0.0909193   0.495655
 0.0306525 -0.0907037   0.495295
 0.0308495 -0.0904884   0.494928
 0.0310468 -0.0902727   0.494553
  0.031244 -0.0900565   0.494172
 0.0314412 -0.0898411   0.493782
 0.0316385 -0.0896242   0.493386
 0.0318368 -0.0894077   0.492984
 0.0320341 -0.0891898   0.492573
 0.0322489 -0.0889758   0.492147
 0.0324464 -0.0887577   0.491721
 0.0326437 -0.0885394   0.491287
 0.0328409 -0.0883207   0.490846
 0.0330381 -0.0881015   0.490398
 0.0332356 -0.0878827   0.489942
 0.0334321 -0.0876597    0.48948
0.0336261 -0.087448  0.489017
 0.0338214 -0.0872274    0.48854
 0.0340163 -0.0870072   0.488057
 0.0342106 -0.0867866   0.487566
 0.0344043 -0.0865662    0.48707
 0.0345971 -0.0863448   0.486567
 0.0347894 -0.0861241   0.486057
 0.0350063 -0.0859134   0.485519
 0.0351746 -0.0856507   0.484968
 0.0353648 -0.0854312    0.48444
  0.035554 -0.0852105   0.483906
 0.0357423 -0.0849909   0.483367
 0.0359297 -0.0847719   0.482822
 0.0361176 -0.0845492   0.482276
 0.0363209 -0.0843393   0.481712
 0.0365062 -0.0841189   0.481153
 0.0366906 -0.0839003    0.48059
 0.0368733 -0.0836884   0.480021
 0.0370508 -0.0834785   0.479456
 0.0372318 -0.0832625    0.47888
 0.0374108 -0.0830529   0.478299
 0.0375888 -0.0828382   0.477716
 0.0377658 -0.0826253   0.477129
0.0379405 -0.082418  0.476539
 0.0381141 -0.0822067   0.475947
 0.0382865 -0.0819973   0.475353
 0.0384567 -0.0817938   0.474755
  0.038625 -0.0815858   0.474157
 0.0387919 -0.0813805   0.473557
 0.0389566 -0.0811804   0.472955
 0.0391193 -0.0809773   0.472352
 0.0392805 -0.0807764   0.471749
 0.0394398 -0.0805814   0.471144
 0.0396009 -0.0803507   0.470479
 0.0397568 -0.0801599   0.469872
 0.0399103 -0.0799649   0.469266
 0.0400621 -0.0797722    0.46866
 0.0402119 -0.0795858   0.468053
 0.0403607 -0.0793971   0.467449
 0.0405218 -0.0792126   0.466836
  0.040666 -0.0790326   0.466232
  0.040808 -0.0788489   0.465631
 0.0409419 -0.0786746   0.465037
0.0410797   -0.0785  0.464437
 0.0412156 -0.0783231   0.463841
 0.0413493 -0.0781491   0.463246
 0.0414806 -0.0779797   0.462654
 0.04161 -0.07781 0.462065
 0.0417372 -0.0776426   0.461479
  0.041862 -0.0774801   0.460896
 0.0419849 -0.0773181   0.460315
 0.0421057 -0.0771578   0.459739
 0.0422242 -0.0769974   0.459166
 0.0423407 -0.0768423   0.458596
 0.0424551 -0.0766903   0.458029
 0.0425738 -0.0765128    0.45741
 0.0426844 -0.0763659   0.456851
 0.0427933 -0.0762174   0.456296
    0.0429 -0.0760738   0.455744
 0.0430053 -0.0759296   0.455197
 0.043109 -0.075792  0.454653
 0.0432111 -0.0756521   0.454113
0.0433206 -0.075517  0.453573
0.0434197 -0.075384  0.453043
 0.0435166 -0.0752525   0.452516
0.0436116 -0.075123  0.451994
 0.0436987 -0.0749998   0.451482
 0.0437905 -0.0748748   0.450969
 0.043881 -0.074752  0.450461
 0.0439698 -0.0746316   0.449958
 0.0440567 -0.0745124   0.449461
 0.0441421 -0.0743962   0.448968
 0.0442259 -0.0742818   0.448481
 0.0443082 -0.0741692   0.447998
 0.0443887 -0.0740595    0.44752
 0.0444677 -0.0739513   0.447048
 0.0445453 -0.0738456   0.446581
0.0446208 -0.073741   0.44612
 0.0446951 -0.0736395   0.445664
 0.0447677 -0.0735401   0.445214
 0.0448385 -0.0734418    0.44477
 0.0449078 -0.0733466   0.444332
 0.0449753 -0.0732523     0.4439
 0.0450413 -0.0731613   0.443473
 0.0451058 -0.0730723   0.443053
 0.0451684 -0.0729844   0.442638
 0.0452297 -0.0728995    0.44223
 0.0452891 -0.0728157   0.441828
 0.0453471 -0.0727351   0.441431
 0.0454036 -0.0726565    0.44104
 0.0454659 -0.0725662   0.440614
 0.0455201 -0.0724915   0.440236
 0.0455749 -0.0724215   0.439861
 0.0456252 -0.0723506   0.439495
 0.0456742 -0.0722828   0.439134
 0.0457214 -0.0722161   0.438779
 0.0457672 -0.0721527   0.438431
 0.0458061 -0.0720938   0.438093
 0.0458489 -0.0720339   0.437758
 0.0458902 -0.0719769    0.43743
 0.0459297 -0.0719209   0.437108
0.0459679 -0.071868  0.436793
 0.0460042 -0.0718163   0.436485
 0.0460392 -0.0717678   0.436183
 0.0460726 -0.0717203   0.435888
0.0461045 -0.071676    0.4356
 0.0461345 -0.0716327   0.435319
 0.0461636 -0.0715926   0.435043
 0.0461909 -0.0715535   0.434775
  0.046217 -0.0715176   0.434512
 0.0462416 -0.0714835   0.434255
 0.0462647 -0.0714505   0.434005
 0.0462868 -0.0714203   0.433761
0.0463076 -0.071391  0.433522
 0.0463273 -0.0713646   0.433288
0.0463457 -0.071339   0.43306
 0.0463696 -0.0713093   0.432813
 0.0463862 -0.0712882   0.432595
 0.0464016 -0.0712679   0.432382
0.0464165  -0.07125  0.432174
 0.0464291 -0.0712344   0.431971
 0.0464423 -0.0712194   0.431772
 0.0464546 -0.0712048   0.431577
  0.046463 -0.0711946   0.431389
  0.046474 -0.0711825   0.431203
 0.0464847 -0.0711726   0.431021
 0.0464946 -0.0711628   0.430843
0.0465043 -0.071155  0.430669
 0.0465134 -0.0711472   0.430499
 0.0465222 -0.0711413   0.430332
 0.0465307 -0.0711356    0.43017
0.0465386 -0.071131   0.43001
 0.0465465 -0.0711268   0.429854
