 0.268928 -0.326605   0.60665
0.268931  -0.3266 0.606647
 0.268934 -0.326595  0.606645
0.268934 -0.32659 0.606641
 0.268935 -0.326584  0.606643
 0.268937 -0.326579  0.606644
 0.268942 -0.326574  0.606654
 0.268947 -0.326569  0.606662
 0.268954 -0.326564  0.606676
 0.268964 -0.326552  0.606697
 0.268974 -0.326546  0.606718
 0.268988 -0.326538  0.606743
 0.269002 -0.326529  0.606769
 0.269018 -0.326521  0.606799
 0.269034 -0.326511  0.606829
 0.269053 -0.326501   0.60686
 0.269075 -0.326485  0.606895
 0.269095 -0.326471  0.606929
  0.26912 -0.326454  0.606964
 0.269145 -0.326435  0.606998
 0.269172 -0.326415  0.607034
 0.269197 -0.326393  0.607065
 0.269228 -0.326366    0.6071
 0.269256 -0.326338  0.607127
 0.269287 -0.326308  0.607154
 0.269317 -0.326274  0.607181
  0.26935 -0.326237  0.607203
 0.269384 -0.326196  0.607225
 0.269417 -0.326151  0.607243
 0.269454 -0.326103  0.607258
 0.269489 -0.326052  0.607266
 0.269526 -0.325999  0.607272
 0.269565 -0.325938  0.607276
 0.269602 -0.325879  0.607275
 0.269642 -0.325813  0.607272
 0.269684 -0.325743  0.607264
0.269726 -0.32567 0.607255
  0.26977 -0.325594  0.607238
 0.269815 -0.325513  0.607223
 0.269862 -0.325428  0.607197
0.269908 -0.32534 0.607172
  0.26996 -0.325245  0.607145
 0.270013 -0.325149  0.607109
 0.270068 -0.325048  0.607074
 0.270123 -0.324943  0.607034
 0.270181 -0.324836  0.606995
 0.270241 -0.324723  0.606947
 0.270303 -0.324607  0.606898
 0.270367 -0.324487  0.606847
 0.270433 -0.324364  0.606791
 0.270503 -0.324234  0.606735
 0.270574 -0.324101  0.606673
 0.270648 -0.323966   0.60661
 0.270724 -0.323825   0.60654
 0.270806 -0.323677  0.606467
 0.270887 -0.323528  0.606389
  0.27097 -0.323377   0.60631
0.271057 -0.32322 0.606229
0.271145 -0.32306 0.606142
 0.271237 -0.322894  0.606055
 0.271331 -0.322724  0.605961
 0.271428 -0.322551  0.605866
 0.271526 -0.322373  0.605762
 0.271628 -0.322192  0.605655
 0.271732 -0.322004  0.605546
 0.271838 -0.321815  0.605431
 0.271947 -0.321618  0.605313
 0.272058 -0.321418  0.605189
 0.272172 -0.321214  0.605062
 0.272296 -0.320986  0.604924
 0.272414 -0.320772  0.604785
 0.272535 -0.320555  0.604641
 0.272658 -0.320331  0.604492
 0.272784 -0.320102   0.60434
 0.272912 -0.319872  0.604179
 0.273042 -0.319635  0.604016
 0.273174 -0.319396  0.603844
  0.27331 -0.319149  0.603673
 0.273446 -0.318901  0.603487
 0.273586 -0.318646  0.603301
 0.273728 -0.318386   0.60311
 0.273872 -0.318124   0.60291
  0.27402 -0.317856  0.602708
 0.274168 -0.317584  0.602497
 0.274321 -0.317306  0.602285
 0.274475 -0.317023  0.602061
 0.274632 -0.316738  0.601834
 0.274793 -0.316445  0.601602
 0.274959 -0.316144   0.60137
 0.275128 -0.315839  0.601104
 0.275297 -0.315532  0.600852
 0.275469 -0.315221  0.600596
 0.275643 -0.314903  0.600331
0.275822 -0.31458 0.600066
 0.276001 -0.314255  0.599786
 0.276184 -0.313923  0.599504
  0.27637 -0.313586  0.599217
 0.276559 -0.313246  0.598921
 0.276752 -0.312899  0.598622
 0.276946 -0.312547  0.598314
 0.277145 -0.312192  0.598003
 0.277344 -0.311832  0.597679
 0.277548 -0.311466  0.597352
 0.277754 -0.311097  0.597019
 0.277963 -0.310722  0.596678
 0.278175 -0.310341  0.596332
 0.278389 -0.309959  0.595975
 0.278617 -0.309543  0.595598
 0.278837 -0.309149  0.595228
 0.279059 -0.308751  0.594852
 0.279284 -0.308351  0.594469
 0.279511 -0.307945  0.594079
  0.27974 -0.307535  0.593683
  0.27998 -0.307121  0.593298
 0.280218 -0.306701  0.592845
 0.280453 -0.306282  0.592425
 0.280692 -0.305861  0.592004
  0.28093 -0.305439  0.591568
 0.281172 -0.305013  0.591128
 0.281414 -0.304583  0.590684
 0.281658 -0.304154  0.590229
 0.281904 -0.303723  0.589771
  0.28215 -0.303288  0.589304
 0.282398 -0.302852  0.588834
 0.282648 -0.302418   0.58835
 0.282897 -0.301979  0.587865
  0.28316 -0.301495  0.587353
 0.283412 -0.301054  0.586852
 0.283666 -0.300613  0.586347
  0.28392 -0.300172  0.585832
0.284176 -0.29973 0.585314
 0.284431 -0.299287  0.584787
  0.28469 -0.298845  0.584258
 0.284948 -0.298402  0.583716
 0.285225 -0.297958  0.583139
 0.285487 -0.297513  0.582589
  0.28575 -0.297071  0.582029
 0.286015 -0.296626  0.581467
 0.286281 -0.296181  0.580895
  0.28655 -0.295736  0.580321
 0.286819 -0.295291  0.579736
  0.28709 -0.294845  0.579147
 0.287362 -0.294398  0.578553
 0.287637 -0.293949  0.577954
 0.287913 -0.293502  0.577348
 0.288191 -0.293053  0.576735
 0.288471 -0.292603  0.576119
 0.288758 -0.292106  0.575468
 0.289042 -0.291654  0.574843
 0.289327 -0.291202  0.574205
 0.289613 -0.290749  0.573565
 0.289903 -0.290296  0.572922
 0.290193 -0.289844  0.572273
0.290487 -0.28939 0.571622
 0.290781 -0.288936  0.570966
 0.291078 -0.288482  0.570309
 0.291376 -0.288029  0.569641
 0.291677 -0.287576  0.568973
  0.29198 -0.287123  0.568303
0.292285 -0.28667 0.567627
 0.292617 -0.286235  0.567008
 0.292926 -0.285783  0.566327
 0.293238 -0.285325  0.565545
  0.29355 -0.284875  0.564856
 0.293867 -0.284424   0.56417
 0.294183 -0.283975  0.563472
 0.294502 -0.283525  0.562775
 0.294824 -0.283076  0.562077
 0.295146 -0.282623  0.561378
  0.29547 -0.282175  0.560677
 0.295795 -0.281726  0.559973
 0.296123 -0.281279  0.559271
 0.296451 -0.280832  0.558563
 0.296781 -0.280385  0.557856
 0.297113 -0.279938  0.557151
 0.297446 -0.279493  0.556444
 0.297827 -0.279042  0.555625
 0.298126 -0.278549  0.555003
 0.298464 -0.278105  0.554303
 0.298803 -0.277663  0.553599
 0.299144 -0.277221  0.552898
 0.299487 -0.276781    0.5522
0.299858 -0.27636 0.551575
 0.300202 -0.275919  0.550772
  0.30055 -0.275479  0.550083
  0.3009 -0.27504   0.5494
  0.30125 -0.274609  0.548713
 0.301603 -0.274171  0.548038
 0.301957 -0.273734  0.547359
 0.302312 -0.273303  0.546685
 0.302669 -0.272865   0.54602
 0.303028 -0.272428  0.545357
 0.303387 -0.271997  0.544701
 0.303748 -0.271559  0.544048
 0.304111 -0.271122  0.543402
 0.304475 -0.270689  0.542761
  0.30484 -0.270249  0.542127
0.305207 -0.26981 0.541501
 0.305573 -0.269375  0.540877
 0.305942 -0.268934  0.540267
 0.306311 -0.268493  0.539656
 0.306681 -0.268056  0.539053
 0.307063 -0.267553  0.538435
 0.307434 -0.267114  0.537845
 0.307807 -0.266669  0.537267
 0.308179 -0.266224  0.536693
 0.308552 -0.265783  0.536126
 0.308948 -0.265359   0.53563
 0.309322 -0.264879  0.534959
 0.309699 -0.264458  0.534445
0.310072 -0.26401 0.533911
 0.310445 -0.263561  0.533387
 0.310817 -0.263117  0.532865
 0.311189 -0.262668  0.532356
 0.31156 -0.26222 0.531855
 0.311929 -0.261774  0.531361
 0.312298 -0.261326  0.530879
 0.312665 -0.260877  0.530402
 0.313031 -0.260432  0.529938
 0.313394 -0.259985  0.529475
 0.313757 -0.259538  0.529024
 0.314117 -0.259089  0.528584
 0.314476 -0.258643  0.528149
 0.314834 -0.258198  0.527724
0.315202  -0.2577 0.527284
 0.315555 -0.257257  0.526874
0.315906 -0.25681 0.526473
 0.316255 -0.256368  0.526077
 0.316602 -0.255923  0.525693
 0.316947 -0.255485   0.52531
  0.31729 -0.255042  0.524943
 0.317637 -0.254587  0.524515
 0.317987 -0.254166  0.524199
 0.318322 -0.253729  0.523849
 0.318653 -0.253295  0.523507
 0.318982 -0.252862  0.523174
 0.319307 -0.252431  0.522844
  0.31963 -0.252003  0.522523
 0.319949 -0.251577  0.522209
 0.320265 -0.251153  0.521903
 0.320577 -0.250733  0.521605
 0.320885 -0.250315  0.521311
  0.32119 -0.249899  0.521028
 0.321491 -0.249487  0.520744
 0.321788 -0.249078  0.520471
 0.322081 -0.248672  0.520204
  0.32237 -0.248268  0.519943
 0.322656 -0.247868   0.51969
 0.322938 -0.247471  0.519439
 0.323215 -0.247077  0.519196
  0.32349 -0.246686  0.518959
  0.32376 -0.246297  0.518728
 0.324027 -0.245912  0.518504
 0.32429 -0.24553 0.518282
 0.32455 -0.24515 0.518072
 0.324806 -0.244773  0.517859
 0.325058 -0.244398  0.517655
 0.325307 -0.244027  0.517457
 0.325553 -0.243659  0.517261
 0.325806 -0.243262  0.517062
 0.326044 -0.242899  0.516876
 0.326291 -0.242535  0.516694
 0.326522 -0.242178  0.516516
 0.326749 -0.241825  0.516344
 0.326973 -0.241475   0.51618
 0.327193 -0.241128  0.516018
  0.32741 -0.240786  0.515864
 0.327623 -0.240446   0.51571
 0.327832 -0.240111  0.515562
 0.328037 -0.239778   0.51542
 0.328239 -0.239451  0.515281
 0.328436 -0.239127  0.515149
  0.32863 -0.238808  0.515017
  0.32882 -0.238492  0.514897
 0.329005 -0.238182  0.514771
 0.329187 -0.237875  0.514654
 0.329365 -0.237574   0.51454
 0.329539 -0.237275   0.51443
 0.329709 -0.236983  0.514325
 0.329876 -0.236694  0.514219
 0.330039 -0.236409  0.514119
 0.330198 -0.236129  0.514021
 0.330354 -0.235852  0.513926
 0.330506 -0.235581  0.513835
 0.330655 -0.235313  0.513744
  0.33081 -0.235031  0.513652
 0.330953 -0.234772  0.513561
 0.331092 -0.234519  0.513479
 0.331229 -0.234268  0.513396
0.331367 -0.23401 0.513313
 0.331498 -0.233768  0.513235
 0.331626 -0.233528  0.513156
 0.331751 -0.233294  0.513078
 0.331873 -0.233063  0.513003
 0.331993 -0.232836  0.512928
  0.33211 -0.232613  0.512856
 0.332225 -0.232395  0.512782
 0.332336 -0.232181  0.512714
 0.332446 -0.231971   0.51264
 0.332553 -0.231765  0.512569
 0.332657 -0.231564  0.512501
 0.332759 -0.231366  0.512432
