 0.269492 -0.328222  0.603647
 0.268928 -0.326605   0.60665
  0.26893 -0.326603  0.606648
 0.268936 -0.326596   0.60664
 0.268947 -0.326584  0.606627
 0.268962 -0.326568   0.60661
 0.268982 -0.326548  0.606587
 0.269006 -0.326523  0.606559
 0.269034 -0.326493  0.606526
 0.269066 -0.326458  0.606488
0.269103 -0.32642 0.606445
 0.269144 -0.326376  0.606397
 0.269189 -0.326328  0.606344
 0.269239 -0.326275  0.606286
 0.269293 -0.326218  0.606223
 0.269351 -0.326156  0.606155
0.269414 -0.32609 0.606081
  0.26948 -0.326019  0.606003
 0.269552 -0.325943   0.60592
 0.269627 -0.325863  0.605831
 0.269707 -0.325778  0.605737
 0.269791 -0.325689  0.605639
  0.26988 -0.325595  0.605535
 0.269973 -0.325497  0.605426
  0.27007 -0.325394  0.605313
 0.270172 -0.325286  0.605194
 0.270277 -0.325173   0.60507
 0.270388 -0.325056  0.604941
 0.270502 -0.324935  0.604807
 0.270621 -0.324809  0.604667
 0.270744 -0.324679  0.604523
 0.270871 -0.324543  0.604374
 0.271003 -0.324404   0.60422
 0.271139 -0.324259   0.60406
 0.27128 -0.32411 0.603896
 0.271424 -0.323957  0.603727
 0.271573 -0.323799  0.603552
 0.271727 -0.323636  0.603373
 0.271884 -0.323469  0.603188
 0.272046 -0.323297  0.602999
 0.272212 -0.323121  0.602804
0.272383 -0.32294 0.602604
 0.272558 -0.322755  0.602399
 0.272737 -0.322565   0.60219
 0.27292 -0.32237 0.601975
 0.273108 -0.322171  0.601755
   0.2733 -0.321967   0.60153
 0.273497 -0.321758    0.6013
 0.273698 -0.321545  0.601064
 0.273903 -0.321328  0.600824
 0.274112 -0.321106  0.600579
 0.274326 -0.320879  0.600329
 0.274544 -0.320648  0.600073
 0.274766 -0.320412  0.599813
 0.274993 -0.320171  0.599547
 0.275224 -0.319926  0.599277
  0.27546 -0.319676  0.599001
   0.2757 -0.319422   0.59872
 0.275944 -0.319163  0.598434
0.276192  -0.3189 0.598143
 0.276445 -0.318632  0.597848
 0.276702 -0.318359  0.597547
 0.276963 -0.318082  0.597241
0.277229  -0.3178 0.596929
   0.2775 -0.317512  0.596612
 0.277774 -0.317221  0.596291
 0.278053 -0.316926  0.595965
 0.278336 -0.316626  0.595633
 0.278623 -0.316321  0.595297
 0.278914 -0.316012  0.594955
  0.27921 -0.315698  0.594609
 0.27951 -0.31538 0.594258
 0.279815 -0.315057  0.593901
 0.280124 -0.314729  0.593539
 0.280437 -0.314397  0.593172
0.280755 -0.31406   0.5928
 0.281076 -0.313718  0.592424
 0.281403 -0.313372  0.592042
 0.281733 -0.313022  0.591655
 0.282068 -0.312667  0.591263
 0.282407 -0.312307  0.590865
  0.28275 -0.311943  0.590463
 0.283098 -0.311574  0.590056
 0.28345  -0.3112 0.589644
 0.283806 -0.310822  0.589227
0.284167 -0.31044 0.588804
 0.284532 -0.310053  0.588377
 0.284902 -0.309661  0.587944
 0.285275 -0.309265  0.587507
 0.285653 -0.308864  0.587064
 0.286035 -0.308458  0.586617
 0.286422 -0.308048  0.586164
 0.286813 -0.307634  0.585706
 0.287208 -0.307214  0.585243
 0.287608 -0.306791  0.584775
 0.288011 -0.306362  0.584302
  0.28842 -0.305929  0.583824
 0.288832 -0.305492  0.583341
 0.289249 -0.305049  0.582853
  0.28967 -0.304603   0.58236
 0.290095 -0.304151  0.581862
 0.290524 -0.303696  0.581359
 0.290954 -0.303241  0.580857
 0.291383 -0.302785  0.580354
0.291813 -0.30233 0.579851
 0.292242 -0.301874  0.579348
 0.292672 -0.301418  0.578845
 0.293101 -0.300963  0.578342
 0.293531 -0.300507  0.577839
 0.293984 -0.300026  0.577308
 0.294414 -0.299571  0.576805
 0.294843 -0.299115  0.576302
0.295273 -0.29866 0.575799
 0.295702 -0.298204  0.575296
 0.296131 -0.297749  0.574793
 0.296561 -0.297293  0.574291
  0.29699 -0.296838  0.573788
  0.29742 -0.296382  0.573285
 0.297849 -0.295926  0.572782
 0.298279 -0.295471  0.572279
 0.298708 -0.295015  0.571776
0.299138 -0.29456 0.571273
 0.299567 -0.294104   0.57077
 0.299996 -0.293649  0.570267
 0.300426 -0.293194  0.569765
 0.300855 -0.292738  0.569262
 0.301284 -0.292283  0.568759
 0.301714 -0.291827  0.568256
 0.302143 -0.291372  0.567754
 0.302572 -0.290917  0.567251
 0.303002 -0.290461  0.566748
 0.303431 -0.290006  0.566245
0.303861 -0.28955 0.565742
  0.30429 -0.289094  0.565239
  0.30472 -0.288638  0.564735
  0.30515 -0.288182  0.564232
  0.30558 -0.287726  0.563729
 0.306009 -0.287271  0.563226
 0.306439 -0.286815  0.562723
0.306868 -0.28636  0.56222
 0.307298 -0.285904  0.561717
 0.307727 -0.285449  0.561215
 0.308156 -0.284993  0.560712
 0.308586 -0.284538  0.560209
 0.309015 -0.284083  0.559706
 0.309444 -0.283627  0.559204
 0.309873 -0.283172  0.558701
 0.310303 -0.282716  0.558198
 0.310731 -0.282262  0.557696
  0.31116 -0.281807  0.557194
  0.31159 -0.281351   0.55669
  0.31202 -0.280895  0.556187
0.312449 -0.28044 0.555684
 0.312879 -0.279984  0.555182
 0.313308 -0.279529  0.554679
 0.313737 -0.279073  0.554176
 0.314167 -0.278618  0.553673
 0.314596 -0.278162   0.55317
 0.315026 -0.277706  0.552667
 0.315456 -0.277251  0.552164
 0.315885 -0.276795  0.551661
0.316314 -0.27634 0.551158
 0.316743 -0.275884  0.550656
 0.317173 -0.275429  0.550153
 0.317602 -0.274974   0.54965
 0.318032 -0.274518  0.549147
 0.318461 -0.274063  0.548644
 0.318891 -0.273606  0.548141
  0.31932 -0.273151  0.547638
  0.31975 -0.272696  0.547135
0.320179 -0.27224 0.546633
 0.320608 -0.271785   0.54613
 0.321038 -0.271329  0.545627
 0.321467 -0.270874  0.545124
 0.321896 -0.270419  0.544621
 0.322326 -0.269963  0.544119
 0.322755 -0.269508  0.543616
 0.323184 -0.269052  0.543113
 0.323614 -0.268597   0.54261
 0.324043 -0.268141  0.542107
 0.324472 -0.267686  0.541605
 0.324902 -0.267231  0.541102
 0.325331 -0.266775  0.540599
 0.32576 -0.26632 0.540096
  0.32619 -0.265864  0.539594
 0.326619 -0.265409  0.539091
 0.327048 -0.264954  0.538588
 0.327478 -0.264498  0.538085
 0.327907 -0.264043  0.537583
 0.328336 -0.263587   0.53708
 0.328766 -0.263132  0.536577
 0.329195 -0.262677  0.536074
 0.329624 -0.262221  0.535572
 0.330053 -0.261766  0.535069
 0.330483 -0.261311  0.534566
 0.330912 -0.260855  0.534064
0.331341  -0.2604 0.533561
 0.331771 -0.259944  0.533058
   0.3322 -0.259489  0.532555
 0.332629 -0.259033  0.532052
 0.333059 -0.258577  0.531549
 0.333489 -0.258122  0.531046
 0.333919 -0.257666  0.530543
 0.334348 -0.257211   0.53004
 0.334777 -0.256755  0.529537
0.335207  -0.2563 0.529034
 0.335636 -0.255844  0.528532
 0.336066 -0.255388  0.528028
 0.336496 -0.254932  0.527525
 0.336926 -0.254476  0.527021
 0.337355 -0.254021  0.526518
 0.337784 -0.253565  0.526016
0.338214 -0.25311 0.525513
 0.338644 -0.252654   0.52501
0.339071  -0.2522 0.524509
 0.339494 -0.251752  0.524013
 0.339913 -0.251308  0.523523
 0.340327 -0.250868  0.523038
 0.340737 -0.250433  0.522558
 0.341143 -0.250003  0.522083
 0.341544 -0.249577  0.521613
 0.341941 -0.249156  0.521148
 0.342334 -0.248739  0.520688
 0.342723 -0.248327  0.520233
0.343107 -0.24792 0.519783
 0.343486 -0.247517  0.519338
 0.343862 -0.247119  0.518899
 0.344233 -0.246725  0.518464
   0.3446 -0.246336  0.518035
 0.344962 -0.245951   0.51761
  0.34532 -0.245571  0.517191
 0.345674 -0.245196  0.516776
 0.346024 -0.244825  0.516367
 0.346369 -0.244459  0.515963
  0.34671 -0.244098  0.515564
0.347047 -0.24374 0.515169
 0.347379 -0.243388   0.51478
0.347707 -0.24304 0.514396
  0.34803 -0.242697  0.514017
  0.34835 -0.242358  0.513643
 0.348665 -0.242024  0.513274
 0.348975 -0.241694   0.51291
 0.349282 -0.241369  0.512552
 0.349584 -0.241049  0.512198
 0.349882 -0.240733  0.511849
 0.350175 -0.240422  0.511506
 0.350464 -0.240115  0.511167
 0.350749 -0.239813  0.510833
 0.351029 -0.239516  0.510505
 0.351306 -0.239223  0.510182
 0.351577 -0.238934  0.509863
 0.351845 -0.238651   0.50955
 0.352108 -0.238371  0.509242
 0.352367 -0.238097  0.508939
 0.352622 -0.237827   0.50864
 0.352872 -0.237561  0.508347
0.353118  -0.2373  0.50806
 0.353359 -0.237044  0.507777
 0.353597 -0.236792  0.507499
  0.35383 -0.236545  0.507226
 0.354058 -0.236303  0.506958
 0.354283 -0.236065  0.506695
 0.354503 -0.235831  0.506438
 0.354718 -0.235603  0.506185
  0.35493 -0.235378  0.505938
 0.355137 -0.235159  0.505695
 0.355339 -0.234944  0.505458
 0.355537 -0.234734  0.505226
 0.355731 -0.234528  0.504999
 0.355921 -0.234327  0.504777
0.356107 -0.23413 0.504559
 0.356288 -0.233937  0.504347
0.356465 -0.23375  0.50414
 0.356637 -0.233567  0.503938
 0.356806 -0.233388  0.503741
  0.35697 -0.233215  0.503549
 0.357129 -0.233045  0.503362
 0.357284 -0.232881   0.50318
0.357436 -0.23272 0.503003
 0.357582 -0.232565  0.502831
 0.357725 -0.232414  0.502665
 0.357863 -0.232267  0.502503
 0.357996 -0.232125  0.502347
 0.358126 -0.231988  0.502195
 0.358251 -0.231856  0.502049
 0.358371 -0.231728  0.501907
 0.358488 -0.231604  0.501771
   0.3586 -0.231485  0.501639
0.358708 -0.23137 0.501513
 0.358812 -0.231261  0.501392
 0.358911 -0.231155  0.501276
 0.359006 -0.231055  0.501165
 0.359096 -0.230959  0.501059
 0.359182 -0.230867  0.500958
 0.359264 -0.230781  0.500862
 0.359342 -0.230698  0.500771
 0.359415 -0.230621  0.500685
 0.359484 -0.230548  0.500604
 0.359549 -0.230479  0.500529
 0.359609 -0.230415  0.500458
 0.359665 -0.230356  0.500393
 0.359716 -0.230301  0.500332
