5.00679e-06
0.00950193
0.019557
0.0296109
0.0396678
0.0497248
0.0597808
0.069839
0.079896
0.0899539
0.0999939
0.110048
0.120104
0.13016
0.140244
0.150272
0.160328
0.170385
0.180441
0.190497
0.200553
0.210609
0.220675
0.230731
0.240786
0.250842
0.260897
0.270954
0.28101
0.291066
0.301124
0.311179
0.321236
0.331293
0.34135
0.351405
0.361461
0.371517
0.381571
0.391628
0.401684
0.411738
0.421794
0.43185
0.441906
0.451961
0.462017
0.472073
0.482127
0.492183
0.502238
0.512293
0.52235
0.532405
0.542461
0.552517
0.562573
0.572629
0.582686
0.592743
0.602801
0.612857
0.622914
0.63297
0.643026
0.653082
0.663145
0.673202
0.683259
0.693316
0.703373
0.713429
0.723487
0.733542
0.74361
0.753666
0.763721
0.773776
0.783832
0.793892
0.803948
0.814003
0.824059
0.834115
0.844173
0.854231
0.864287
0.874343
0.884399
0.894454
0.90451
0.914566
0.924622
0.934682
0.944738
0.954796
0.964852
0.974907
0.984964
0.995021
1.00508
1.01513
1.02519
1.03525
1.0453
1.05536
1.06541
1.07547
1.08554
1.09559
1.10565
1.1157
1.12576
1.13581
1.14587
1.15592
1.16598
1.17604
1.18609
1.19615
1.20626
1.21632
1.22637
1.23643
1.24648
1.25654
1.26659
1.27665
1.2867
1.29676
1.30681
1.31684
1.32691
1.33696
1.34702
1.35707
1.36713
1.37718
1.38724
1.3973
1.40735
1.41741
1.42747
1.43752
1.44758
1.45763
1.46769
1.47775
1.48782
1.49787
1.50793
1.51799
1.52804
1.5381
1.54815
1.55821
1.56827
1.57832
1.58839
1.59845
1.6085
1.61856
1.62862
1.63868
1.64874
1.65879
1.66885
1.67891
1.68896
1.69902
1.70908
1.71914
1.72919
1.73925
1.7493
1.75936
1.76941
1.77947
1.78953
1.79958
1.80964
1.81971
1.82976
1.83982
1.84987
1.85993
1.86998
1.88004
1.89009
1.90015
1.9102
1.92026
1.93032
1.94037
1.95043
1.96049
1.97054
1.9806
1.99065
2.00071
2.01076
2.02082
2.03087
2.04093
2.05098
2.06104
2.0711
2.08115
2.09121
2.10126
2.11132
2.12137
2.13143
2.14148
2.15154
2.16159
2.17164
2.1817
2.19176
2.20181
2.21188
2.22194
2.232
2.24205
2.25211
2.26217
2.27222
2.28228
2.29234
2.30239
2.31245
2.32251
2.33256
2.34262
2.35267
2.36273
2.37279
2.38284
2.3929
2.40295
2.41301
2.42306
2.43312
2.44317
2.45323
2.46328
2.47334
2.4834
2.49345
2.50351
2.51356
2.52362
2.53368
2.54374
2.5538
2.56386
2.57392
2.58399
2.59406
2.60412
2.61418
2.62425
2.63431
2.64438
2.65444
2.66449
2.67455
2.68461
2.69467
2.70472
2.71478
2.72483
2.73489
2.74494
2.755
2.76505
2.77511
2.78517
2.79525
2.80533
2.81543
2.82549
2.83554
2.8456
2.85565
2.86571
2.87577
2.88582
2.89588
2.90594
2.916
2.92606
2.93612
2.94617
2.95623
2.96628
2.97634
2.9864
2.99646
3.00651
3.01657
3.02662
