0.0166197 -0.105366  0.508459
0.0166172 -0.105364  0.508456
0.0166099 -0.105358  0.508449
0.0165976 -0.105348  0.508436
0.0165804 -0.105334  0.508418
0.0165582 -0.105317  0.508395
0.0165312 -0.105295  0.508368
0.0164992  -0.10527  0.508335
0.0164624  -0.10524  0.508297
0.0164206 -0.105207  0.508254
0.0163738  -0.10517  0.508206
0.0163222 -0.105129  0.508153
0.0162657 -0.105084  0.508094
0.0162042 -0.105035  0.508031
0.0161379 -0.104982  0.507963
0.0160666 -0.104925   0.50789
0.0159904 -0.104864  0.507811
0.0159093   -0.1048  0.507728
0.0158233 -0.104731  0.507639
0.0157323 -0.104659  0.507546
0.0156364 -0.104582  0.507447
0.0155356 -0.104502  0.507343
0.0154298 -0.104417  0.507235
0.0153191 -0.104329  0.507121
0.0152035 -0.104237  0.507002
 0.015083 -0.104141  0.506878
0.0149576 -0.104041  0.506749
0.0148273 -0.103937  0.506615
0.0146921  -0.10383  0.506476
 0.014552 -0.103718  0.506332
0.0144068 -0.103602  0.506182
0.0142566 -0.103483  0.506028
0.0141018 -0.103359  0.505868
0.0139419 -0.103232  0.505704
0.013777  -0.1031 0.505534
0.0136072 -0.102965   0.50536
0.0134325 -0.102826   0.50518
 0.013253 -0.102683  0.504995
0.0130686 -0.102536  0.504806
0.0128793 -0.102385  0.504611
0.0126851  -0.10223  0.504411
0.0124859 -0.102072  0.504206
0.0122816 -0.101909  0.503996
0.0120739 -0.101743  0.503782
0.0118695  -0.10158  0.503572
0.0116703 -0.101422  0.503367
0.0114758 -0.101267  0.503167
0.0112862 -0.101116  0.502972
0.0111017 -0.100969  0.502782
0.0109221 -0.100826  0.502598
0.0107475 -0.100686  0.502418
0.0105778 -0.100551  0.502243
0.0104129  -0.10042  0.502074
 0.010253 -0.100292  0.501909
 0.010098 -0.100169   0.50175
0.0099479 -0.100049  0.501595
0.00980275 -0.0999336   0.501446
0.00966251 -0.0998218   0.501302
0.00952717  -0.099714   0.501163
0.00939675   -0.09961   0.501028
0.00927125   -0.09951   0.500899
0.00915066 -0.0994139   0.500775
0.00903501 -0.0993218   0.500656
0.00892427 -0.0992335   0.500542
0.00881847 -0.0991492   0.500434
0.00871747 -0.0990688    0.50033
0.00862138 -0.0989922   0.500231
0.00853034 -0.0989196   0.500137
0.00844422  -0.098851   0.500049
0.00836301 -0.0987863   0.499965
0.00828672 -0.0987255   0.499887
0.00821527 -0.0986686   0.499813
 0.0081488 -0.0986156   0.499745
0.00808726 -0.0985666   0.499681
0.00803064 -0.0985215   0.499623
0.00797893 -0.0984802    0.49957
0.00793213  -0.098443   0.499522
0.00789025 -0.0984096   0.499479
0.00785329 -0.0983801   0.499441
0.00782124 -0.0983546   0.499408
0.0077941 -0.098333   0.49938
0.00777188 -0.0983153   0.499357
0.00775457 -0.0983015   0.499339
0.00774218 -0.0982916   0.499326
0.00773471 -0.0982856   0.499319
0.00773215 -0.0982836   0.499316
0.00773215 -0.0982836   0.499316
0.00773215 -0.0982836   0.499316
0.00773215 -0.0982836   0.499316
0.00773215 -0.0982836   0.499316
0.00773215 -0.0982836   0.499316
0.00773215 -0.0982836   0.499316
0.00773215 -0.0982836   0.499316
0.00773215 -0.0982836   0.499316
0.00773215 -0.0982836   0.499316
0.00773215 -0.0982836   0.499316
0.00773215 -0.0982836   0.499316
0.00773215 -0.0982836   0.499316
0.00773215 -0.0982836   0.499316
0.00773215 -0.0982836   0.499316
0.00773215 -0.0982836   0.499316
0.00773215 -0.0982836   0.499316
0.00773215 -0.0982836   0.499316
0.00773215 -0.0982836   0.499316
0.00773215 -0.0982836   0.499316
0.00773215 -0.0982836   0.499316
0.00773215 -0.0982836   0.499316
0.00773215 -0.0982836   0.499316
0.00773215 -0.0982836   0.499316
0.00773215 -0.0982836   0.499316
0.00773215 -0.0982836   0.499316
0.00773215 -0.0982836   0.499316
0.00773215 -0.0982836   0.499316
0.00773215 -0.0982836   0.499316
0.00773215 -0.0982836   0.499316
0.00773215 -0.0982836   0.499316
0.00773215 -0.0982836   0.499316
0.00773215 -0.0982836   0.499316
0.00773215 -0.0982836   0.499316
0.00773215 -0.0982836   0.499316
0.00773215 -0.0982836   0.499316
0.00773215 -0.0982836   0.499316
0.00773215 -0.0982836   0.499316
0.00773215 -0.0982836   0.499316
0.00773215 -0.0982836   0.499316
0.00773215 -0.0982836   0.499316
0.00773215 -0.0982836   0.499316
0.00773215 -0.0982836   0.499316
0.00773215 -0.0982836   0.499316
0.00773215 -0.0982836   0.499316
0.00773215 -0.0982836   0.499316
0.00773215 -0.0982836   0.499316
0.00773215 -0.0982836   0.499316
0.00773215 -0.0982836   0.499316
0.00773215 -0.0982836   0.499316
0.00773215 -0.0982836   0.499316
0.00773215 -0.0982836   0.499316
0.00773215 -0.0982836   0.499316
0.00773215 -0.0982836   0.499316
0.00773215 -0.0982836   0.499316
0.00773215 -0.0982836   0.499316
0.00773215 -0.0982836   0.499316
0.00773215 -0.0982836   0.499316
0.00773215 -0.0982836   0.499316
0.00773215 -0.0982836   0.499316
0.00773215 -0.0982836   0.499316
0.00773215 -0.0982836   0.499316
0.00773215 -0.0982836   0.499316
0.00773215 -0.0982836   0.499316
0.00773215 -0.0982836   0.499316
0.00773215 -0.0982836   0.499316
0.00773215 -0.0982836   0.499316
0.00773215 -0.0982836   0.499316
0.00773215 -0.0982836   0.499316
0.00773215 -0.0982836   0.499316
0.00773215 -0.0982836   0.499316
0.00773215 -0.0982836   0.499316
0.00773215 -0.0982836   0.499316
0.00773215 -0.0982836   0.499316
0.00773215 -0.0982836   0.499316
0.00773215 -0.0982836   0.499316
0.00773215 -0.0982836   0.499316
0.00773215 -0.0982836   0.499316
0.00773215 -0.0982836   0.499316
0.00773215 -0.0982836   0.499316
0.00773215 -0.0982836   0.499316
0.00773215 -0.0982836   0.499316
0.00773215 -0.0982836   0.499316
0.00773215 -0.0982836   0.499316
0.00773215 -0.0982836   0.499316
0.00773215 -0.0982836   0.499316
0.00773215 -0.0982836   0.499316
0.00773215 -0.0982836   0.499316
0.00773215 -0.0982836   0.499316
0.00773215 -0.0982836   0.499316
0.00773215 -0.0982836   0.499316
0.00773215 -0.0982836   0.499316
0.00773215 -0.0982836   0.499316
0.00773215 -0.0982836   0.499316
0.00773215 -0.0982836   0.499316
0.00773215 -0.0982836   0.499316
0.00773215 -0.0982836   0.499316
0.00773215 -0.0982836   0.499316
0.00773215 -0.0982836   0.499316
0.00773215 -0.0982836   0.499316
0.00773215 -0.0982836   0.499316
0.00773215 -0.0982836   0.499316
0.00773215 -0.0982836   0.499316
0.00773215 -0.0982836   0.499316
0.00773215 -0.0982836   0.499316
0.00773215 -0.0982836   0.499316
0.00773215 -0.0982836   0.499316
0.00773215 -0.0982836   0.499316
0.00773215 -0.0982836   0.499316
0.00773215 -0.0982836   0.499316
0.00773215 -0.0982836   0.499316
0.00773215 -0.0982836   0.499316
0.00773215 -0.0982836   0.499316
0.00773215 -0.0982836   0.499316
0.00773215 -0.0982836   0.499316
0.00773215 -0.0982836   0.499316
0.00773215 -0.0982836   0.499316
0.00773215 -0.0982836   0.499316
0.00773215 -0.0982836   0.499316
0.00773215 -0.0982836   0.499316
0.00773215 -0.0982836   0.499316
0.00773215 -0.0982836   0.499316
0.00773215 -0.0982836   0.499316
0.00773215 -0.0982836   0.499316
0.00773215 -0.0982836   0.499316
0.00773215 -0.0982836   0.499316
0.00773215 -0.0982836   0.499316
0.00773215 -0.0982836   0.499316
0.00773215 -0.0982836   0.499316
0.00773215 -0.0982836   0.499316
0.00773215 -0.0982836   0.499316
0.00773215 -0.0982836   0.499316
0.00773215 -0.0982836   0.499316
0.00773215 -0.0982836   0.499316
0.00773215 -0.0982836   0.499316
0.00773215 -0.0982836   0.499316
0.00773215 -0.0982836   0.499316
0.00773215 -0.0982836   0.499316
0.00773215 -0.0982836   0.499316
0.00773215 -0.0982836   0.499316
0.00773215 -0.0982836   0.499316
0.00773215 -0.0982836   0.499316
0.00773215 -0.0982836   0.499316
0.00773215 -0.0982836   0.499316
0.00773215 -0.0982836   0.499316
0.00773215 -0.0982836   0.499316
0.00773215 -0.0982836   0.499316
0.00773215 -0.0982836   0.499316
0.00773215 -0.0982836   0.499316
0.00773215 -0.0982836   0.499316
0.00773215 -0.0982836   0.499316
0.00773215 -0.0982836   0.499316
0.00773215 -0.0982836   0.499316
0.00773215 -0.0982836   0.499316
0.00773215 -0.0982836   0.499316
0.00773215 -0.0982836   0.499316
0.00773215 -0.0982836   0.499316
0.00773215 -0.0982836   0.499316
0.00773215 -0.0982836   0.499316
0.00773215 -0.0982836   0.499316
0.00773215 -0.0982836   0.499316
0.00773215 -0.0982836   0.499316
0.00773215 -0.0982836   0.499316
0.00773215 -0.0982836   0.499316
0.00773215 -0.0982836   0.499316
0.00773215 -0.0982836   0.499316
0.00773215 -0.0982836   0.499316
0.00773215 -0.0982836   0.499316
0.00773215 -0.0982836   0.499316
0.00773215 -0.0982836   0.499316
0.00773215 -0.0982836   0.499316
0.00773215 -0.0982836   0.499316
0.00773215 -0.0982836   0.499316
0.00773215 -0.0982836   0.499316
0.00773215 -0.0982836   0.499316
0.00773215 -0.0982836   0.499316
0.00773215 -0.0982836   0.499316
0.00773215 -0.0982836   0.499316
0.00773215 -0.0982836   0.499316
0.00773215 -0.0982836   0.499316
0.00773215 -0.0982836   0.499316
0.00773215 -0.0982836   0.499316
0.00773215 -0.0982836   0.499316
0.00773215 -0.0982836   0.499316
0.00773215 -0.0982836   0.499316
0.00773215 -0.0982836   0.499316
0.00773215 -0.0982836   0.499316
0.00773215 -0.0982836   0.499316
0.00773215 -0.0982836   0.499316
0.00773215 -0.0982836   0.499316
0.00773215 -0.0982836   0.499316
0.00773215 -0.0982836   0.499316
0.00773215 -0.0982836   0.499316
0.00773215 -0.0982836   0.499316
0.00773215 -0.0982836   0.499316
0.00773215 -0.0982836   0.499316
0.00773215 -0.0982836   0.499316
0.00773215 -0.0982836   0.499316
0.00773215 -0.0982836   0.499316
0.00773215 -0.0982836   0.499316
0.00773215 -0.0982836   0.499316
0.00773215 -0.0982836   0.499316
0.00773215 -0.0982836   0.499316
0.00773215 -0.0982836   0.499316
0.00773215 -0.0982836   0.499316
0.00773215 -0.0982836   0.499316
0.00773215 -0.0982836   0.499316
0.00773215 -0.0982836   0.499316
0.00773215 -0.0982836   0.499316
0.00773215 -0.0982836   0.499316
0.00773215 -0.0982836   0.499316
0.00773215 -0.0982836   0.499316
0.00773215 -0.0982836   0.499316
0.00773215 -0.0982836   0.499316
0.00773215 -0.0982836   0.499316
0.00773215 -0.0982836   0.499316
0.00773215 -0.0982836   0.499316
0.00773215 -0.0982836   0.499316
0.00773215 -0.0982836   0.499316
0.00773215 -0.0982836   0.499316
0.00773215 -0.0982836   0.499316
0.00773215 -0.0982836   0.499316
0.00773215 -0.0982836   0.499316
0.00773215 -0.0982836   0.499316
0.00773215 -0.0982836   0.499316
0.00773215 -0.0982836   0.499316
0.00773215 -0.0982836   0.499316
0.00773215 -0.0982836   0.499316
0.00773215 -0.0982836   0.499316
0.00773215 -0.0982836   0.499316
0.00773215 -0.0982836   0.499316
0.00773215 -0.0982836   0.499316
0.00773215 -0.0982836   0.499316
0.00773215 -0.0982836   0.499316
0.00773215 -0.0982836   0.499316
0.00773215 -0.0982836   0.499316
0.00773215 -0.0982836   0.499316
0.00773215 -0.0982836   0.499316
0.00773215 -0.0982836   0.499316
0.00773215 -0.0982836   0.499316
0.00773215 -0.0982836   0.499316
0.00773215 -0.0982836   0.499316
0.00773215 -0.0982836   0.499316
0.00773215 -0.0982836   0.499316
0.00773215 -0.0982836   0.499316
0.00773215 -0.0982836   0.499316
0.00773215 -0.0982836   0.499316
0.00773215 -0.0982836   0.499316
0.00773215 -0.0982836   0.499316
0.00773215 -0.0982836   0.499316
0.00773215 -0.0982836   0.499316
0.00773215 -0.0982836   0.499316
0.00773215 -0.0982836   0.499316
0.00773215 -0.0982836   0.499316
0.00773215 -0.0982836   0.499316
0.00773215 -0.0982836   0.499316
0.00773215 -0.0982836   0.499316
0.00773215 -0.0982836   0.499316
0.00773215 -0.0982836   0.499316
0.00773215 -0.0982836   0.499316
0.00773215 -0.0982836   0.499316
0.00773215 -0.0982836   0.499316
0.00773215 -0.0982836   0.499316
0.00773215 -0.0982836   0.499316
0.00773215 -0.0982836   0.499316
0.00773215 -0.0982836   0.499316
0.00773215 -0.0982836   0.499316
0.00773215 -0.0982836   0.499316
0.00773215 -0.0982836   0.499316
0.00773215 -0.0982836   0.499316
0.00773215 -0.0982836   0.499316
0.00773215 -0.0982836   0.499316
0.00773215 -0.0982836   0.499316
0.00773215 -0.0982836   0.499316
0.00773215 -0.0982836   0.499316
0.00773215 -0.0982836   0.499316
0.00773215 -0.0982836   0.499316
0.00773215 -0.0982836   0.499316
0.00773215 -0.0982836   0.499316
0.00773215 -0.0982836   0.499316
0.00773215 -0.0982836   0.499316
0.00773215 -0.0982836   0.499316
0.00773215 -0.0982836   0.499316
0.00773215 -0.0982836   0.499316
0.00773215 -0.0982836   0.499316
0.00773215 -0.0982836   0.499316
0.00773215 -0.0982836   0.499316
0.00773215 -0.0982836   0.499316
0.00773215 -0.0982836   0.499316
0.00773215 -0.0982836   0.499316
0.00773215 -0.0982836   0.499316
0.00773215 -0.0982836   0.499316
0.00773215 -0.0982836   0.499316
0.00773215 -0.0982836   0.499316
0.00773215 -0.0982836   0.499316
0.00773215 -0.0982836   0.499316
0.00773215 -0.0982836   0.499316
0.00773215 -0.0982836   0.499316
0.00773215 -0.0982836   0.499316
0.00773215 -0.0982836   0.499316
0.00773215 -0.0982836   0.499316
0.00773215 -0.0982836   0.499316
0.00773215 -0.0982836   0.499316
0.00773215 -0.0982836   0.499316
0.00773215 -0.0982836   0.499316
0.00773215 -0.0982836   0.499316
0.00773215 -0.0982836   0.499316
0.00773215 -0.0982836   0.499316
0.00773215 -0.0982836   0.499316
0.00773215 -0.0982836   0.499316
0.00773215 -0.0982836   0.499316
0.00773215 -0.0982836   0.499316
0.00773215 -0.0982836   0.499316
0.00773215 -0.0982836   0.499316
0.00773215 -0.0982836   0.499316
0.00773215 -0.0982836   0.499316
0.00773215 -0.0982836   0.499316
0.00773215 -0.0982836   0.499316
0.00773215 -0.0982836   0.499316
0.00773215 -0.0982836   0.499316
0.00773215 -0.0982836   0.499316
0.00773215 -0.0982836   0.499316
0.00773215 -0.0982836   0.499316
0.00773215 -0.0982836   0.499316
0.00773215 -0.0982836   0.499316
0.00773215 -0.0982836   0.499316
0.00773215 -0.0982836   0.499316
0.00773215 -0.0982836   0.499316
0.00773215 -0.0982836   0.499316
0.00773215 -0.0982836   0.499316
0.00773215 -0.0982836   0.499316
0.00773215 -0.0982836   0.499316
0.00773215 -0.0982836   0.499316
0.00773215 -0.0982836   0.499316
0.00773215 -0.0982836   0.499316
0.00773215 -0.0982836   0.499316
0.00773215 -0.0982836   0.499316
0.00773215 -0.0982836   0.499316
0.00773215 -0.0982836   0.499316
0.00773215 -0.0982836   0.499316
0.00773215 -0.0982836   0.499316
0.00773215 -0.0982836   0.499316
0.00773215 -0.0982836   0.499316
0.00773215 -0.0982836   0.499316
0.00773215 -0.0982836   0.499316
0.00773215 -0.0982836   0.499316
0.00773215 -0.0982836   0.499316
0.00773215 -0.0982836   0.499316
0.00773215 -0.0982836   0.499316
0.00773215 -0.0982836   0.499316
0.00773215 -0.0982836   0.499316
0.00773215 -0.0982836   0.499316
0.00773215 -0.0982836   0.499316
0.00773215 -0.0982836   0.499316
0.00773215 -0.0982836   0.499316
0.00773215 -0.0982836   0.499316
0.00773215 -0.0982836   0.499316
0.00773215 -0.0982836   0.499316
0.00773215 -0.0982836   0.499316
0.00773215 -0.0982836   0.499316
0.00773215 -0.0982836   0.499316
0.00773215 -0.0982836   0.499316
0.00773215 -0.0982836   0.499316
0.00773215 -0.0982836   0.499316
0.00773215 -0.0982836   0.499316
0.00773215 -0.0982836   0.499316
0.00773215 -0.0982836   0.499316
0.00773215 -0.0982836   0.499316
0.00773215 -0.0982836   0.499316
0.00773215 -0.0982836   0.499316
0.00773215 -0.0982836   0.499316
0.00773215 -0.0982836   0.499316
0.00773215 -0.0982836   0.499316
0.00773215 -0.0982836   0.499316
0.00773215 -0.0982836   0.499316
0.00773215 -0.0982836   0.499316
0.00773215 -0.0982836   0.499316
0.00773215 -0.0982836   0.499316
0.00773215 -0.0982836   0.499316
0.00773215 -0.0982836   0.499316
0.00773215 -0.0982836   0.499316
0.00773215 -0.0982836   0.499316
0.00773215 -0.0982836   0.499316
0.00773215 -0.0982836   0.499316
0.00773215 -0.0982836   0.499316
0.00773215 -0.0982836   0.499316
0.00773215 -0.0982836   0.499316
0.00773215 -0.0982836   0.499316
0.00773215 -0.0982836   0.499316
0.00773215 -0.0982836   0.499316
0.00773215 -0.0982836   0.499316
0.00773215 -0.0982836   0.499316
0.00773215 -0.0982836   0.499316
0.00773215 -0.0982836   0.499316
0.00773215 -0.0982836   0.499316
0.00773215 -0.0982836   0.499316
0.00773215 -0.0982836   0.499316
0.00773215 -0.0982836   0.499316
0.00773215 -0.0982836   0.499316
0.00773215 -0.0982836   0.499316
0.00773215 -0.0982836   0.499316
0.00773215 -0.0982836   0.499316
0.00773215 -0.0982836   0.499316
0.00773215 -0.0982836   0.499316
0.00773215 -0.0982836   0.499316
0.00773215 -0.0982836   0.499316
0.00773215 -0.0982836   0.499316
0.00773215 -0.0982836   0.499316
0.00773215 -0.0982836   0.499316
0.00773215 -0.0982836   0.499316
0.00773215 -0.0982836   0.499316
0.00773215 -0.0982836   0.499316
0.00773215 -0.0982836   0.499316
0.00773215 -0.0982836   0.499316
0.00773215 -0.0982836   0.499316
0.00773215 -0.0982836   0.499316
0.00773215 -0.0982836   0.499316
0.00773215 -0.0982836   0.499316
0.00773215 -0.0982836   0.499316
0.00773215 -0.0982836   0.499316
0.00773215 -0.0982836   0.499316
0.00773215 -0.0982836   0.499316
0.00773215 -0.0982836   0.499316
0.00773215 -0.0982836   0.499316
0.00773215 -0.0982836   0.499316
0.00773215 -0.0982836   0.499316
0.00773215 -0.0982836   0.499316
0.00773215 -0.0982836   0.499316
0.00773215 -0.0982836   0.499316
0.00773215 -0.0982836   0.499316
0.00773215 -0.0982836   0.499316
0.00773215 -0.0982836   0.499316
0.00773215 -0.0982836   0.499316
0.00773215 -0.0982836   0.499316
0.00773215 -0.0982836   0.499316
0.00773215 -0.0982836   0.499316
0.00773215 -0.0982836   0.499316
0.00773215 -0.0982836   0.499316
0.00773215 -0.0982836   0.499316
0.00773215 -0.0982836   0.499316
0.00773215 -0.0982836   0.499316
0.00773215 -0.0982836   0.499316
0.00773215 -0.0982836   0.499316
0.00773215 -0.0982836   0.499316
0.00773215 -0.0982836   0.499316
0.00773215 -0.0982836   0.499316
0.00773215 -0.0982836   0.499316
0.00773215 -0.0982836   0.499316
0.00773215 -0.0982836   0.499316
0.00773215 -0.0982836   0.499316
0.00773215 -0.0982836   0.499316
0.00773215 -0.0982836   0.499316
0.00773215 -0.0982836   0.499316
0.00773215 -0.0982836   0.499316
0.00773215 -0.0982836   0.499316
0.00773215 -0.0982836   0.499316
0.00773215 -0.0982836   0.499316
0.00773215 -0.0982836   0.499316
0.00773215 -0.0982836   0.499316
0.00773215 -0.0982836   0.499316
0.00773215 -0.0982836   0.499316
0.00773215 -0.0982836   0.499316
0.00773215 -0.0982836   0.499316
0.00773215 -0.0982836   0.499316
0.00773215 -0.0982836   0.499316
0.00773215 -0.0982836   0.499316
0.00773215 -0.0982836   0.499316
0.00773215 -0.0982836   0.499316
0.00773215 -0.0982836   0.499316
0.00773215 -0.0982836   0.499316
0.00773215 -0.0982836   0.499316
0.00773215 -0.0982836   0.499316
0.00773215 -0.0982836   0.499316
0.00773215 -0.0982836   0.499316
0.00773215 -0.0982836   0.499316
0.00773215 -0.0982836   0.499316
0.00773215 -0.0982836   0.499316
0.00773215 -0.0982836   0.499316
0.00773215 -0.0982836   0.499316
0.00773215 -0.0982836   0.499316
0.00773215 -0.0982836   0.499316
0.00773215 -0.0982836   0.499316
0.00773215 -0.0982836   0.499316
0.00773215 -0.0982836   0.499316
0.00773215 -0.0982836   0.499316
0.00773215 -0.0982836   0.499316
0.00773215 -0.0982836   0.499316
0.00773215 -0.0982836   0.499316
0.00773215 -0.0982836   0.499316
0.00773215 -0.0982836   0.499316
0.00773215 -0.0982836   0.499316
0.00773215 -0.0982836   0.499316
0.00773215 -0.0982836   0.499316
0.00773215 -0.0982836   0.499316
0.00773215 -0.0982836   0.499316
0.00773215 -0.0982836   0.499316
0.00773215 -0.0982836   0.499316
0.00773215 -0.0982836   0.499316
0.00773215 -0.0982836   0.499316
0.00773215 -0.0982836   0.499316
0.00773215 -0.0982836   0.499316
0.00773215 -0.0982836   0.499316
0.00773215 -0.0982836   0.499316
0.00773215 -0.0982836   0.499316
0.00773215 -0.0982836   0.499316
0.00773215 -0.0982836   0.499316
0.00773215 -0.0982836   0.499316
0.00773215 -0.0982836   0.499316
0.00773215 -0.0982836   0.499316
0.00773215 -0.0982836   0.499316
0.00773215 -0.0982836   0.499316
0.00773215 -0.0982836   0.499316
0.00773215 -0.0982836   0.499316
0.00773215 -0.0982836   0.499316
0.00773215 -0.0982836   0.499316
0.00773215 -0.0982836   0.499316
0.00773215 -0.0982836   0.499316
0.00773215 -0.0982836   0.499316
0.00773215 -0.0982836   0.499316
0.00773215 -0.0982836   0.499316
0.00773215 -0.0982836   0.499316
0.00773215 -0.0982836   0.499316
0.00773215 -0.0982836   0.499316
0.00773215 -0.0982836   0.499316
0.00773215 -0.0982836   0.499316
0.00773215 -0.0982836   0.499316
0.00773215 -0.0982836   0.499316
0.00773215 -0.0982836   0.499316
0.00773215 -0.0982836   0.499316
0.00773215 -0.0982836   0.499316
0.00773215 -0.0982836   0.499316
0.00773215 -0.0982836   0.499316
0.00773215 -0.0982836   0.499316
0.00773215 -0.0982836   0.499316
0.00773215 -0.0982836   0.499316
0.00773215 -0.0982836   0.499316
0.00773215 -0.0982836   0.499316
0.00773215 -0.0982836   0.499316
0.00773215 -0.0982836   0.499316
0.00773215 -0.0982836   0.499316
0.00773215 -0.0982836   0.499316
0.00773215 -0.0982836   0.499316
0.00773215 -0.0982836   0.499316
0.00773215 -0.0982836   0.499316
0.00773215 -0.0982836   0.499316
0.00773215 -0.0982836   0.499316
0.00773215 -0.0982836   0.499316
0.00773215 -0.0982836   0.499316
0.00773215 -0.0982836   0.499316
0.00773215 -0.0982836   0.499316
0.00773215 -0.0982836   0.499316
0.00773215 -0.0982836   0.499316
0.00773215 -0.0982836   0.499316
0.00773215 -0.0982836   0.499316
0.00773215 -0.0982836   0.499316
0.00773215 -0.0982836   0.499316
0.00773215 -0.0982836   0.499316
0.00773215 -0.0982836   0.499316
0.00773215 -0.0982836   0.499316
0.00773215 -0.0982836   0.499316
0.00773215 -0.0982836   0.499316
0.00773215 -0.0982836   0.499316
0.00773215 -0.0982836   0.499316
0.00773215 -0.0982836   0.499316
0.00773215 -0.0982836   0.499316
0.00773215 -0.0982836   0.499316
0.00773215 -0.0982836   0.499316
0.00773215 -0.0982836   0.499316
0.00773215 -0.0982836   0.499316
0.00773215 -0.0982836   0.499316
0.00773215 -0.0982836   0.499316
0.00773215 -0.0982836   0.499316
0.00773215 -0.0982836   0.499316
0.00773215 -0.0982836   0.499316
0.00773215 -0.0982836   0.499316
0.00773215 -0.0982836   0.499316
0.00773215 -0.0982836   0.499316
0.00773215 -0.0982836   0.499316
0.00773215 -0.0982836   0.499316
0.00773215 -0.0982836   0.499316
0.00773215 -0.0982836   0.499316
0.00773215 -0.0982836   0.499316
0.00773215 -0.0982836   0.499316
0.00773215 -0.0982836   0.499316
0.00773215 -0.0982836   0.499316
0.00773215 -0.0982836   0.499316
0.00773215 -0.0982836   0.499316
0.00773215 -0.0982836   0.499316
0.00773215 -0.0982836   0.499316
0.00773215 -0.0982836   0.499316
0.00773215 -0.0982836   0.499316
0.00773215 -0.0982836   0.499316
0.00773215 -0.0982836   0.499316
0.00773215 -0.0982836   0.499316
0.00773215 -0.0982836   0.499316
0.00773215 -0.0982836   0.499316
0.00773215 -0.0982836   0.499316
0.00773215 -0.0982836   0.499316
0.00773215 -0.0982836   0.499316
0.00773215 -0.0982836   0.499316
0.00773215 -0.0982836   0.499316
0.00773215 -0.0982836   0.499316
0.00773215 -0.0982836   0.499316
0.00773215 -0.0982836   0.499316
0.00773215 -0.0982836   0.499316
0.00773215 -0.0982836   0.499316
0.00773215 -0.0982836   0.499316
0.00773215 -0.0982836   0.499316
0.00773215 -0.0982836   0.499316
0.00773215 -0.0982836   0.499316
0.00773215 -0.0982836   0.499316
0.00773215 -0.0982836   0.499316
0.00773215 -0.0982836   0.499316
0.00773215 -0.0982836   0.499316
0.00773215 -0.0982836   0.499316
0.00773215 -0.0982836   0.499316
0.00773215 -0.0982836   0.499316
0.00773215 -0.0982836   0.499316
0.00773215 -0.0982836   0.499316
0.00773215 -0.0982836   0.499316
0.00773215 -0.0982836   0.499316
0.00773215 -0.0982836   0.499316
0.00773215 -0.0982836   0.499316
0.00773215 -0.0982836   0.499316
0.00773215 -0.0982836   0.499316
0.00773215 -0.0982836   0.499316
0.00773215 -0.0982836   0.499316
0.00773215 -0.0982836   0.499316
0.00773215 -0.0982836   0.499316
0.00773215 -0.0982836   0.499316
0.00773215 -0.0982836   0.499316
0.00773215 -0.0982836   0.499316
0.00773215 -0.0982836   0.499316
0.00773215 -0.0982836   0.499316
0.00773215 -0.0982836   0.499316
0.00773215 -0.0982836   0.499316
0.00773215 -0.0982836   0.499316
0.00773215 -0.0982836   0.499316
0.00773215 -0.0982836   0.499316
0.00773215 -0.0982836   0.499316
0.00773215 -0.0982836   0.499316
0.00773215 -0.0982836   0.499316
0.00773215 -0.0982836   0.499316
0.00773215 -0.0982836   0.499316
0.00773215 -0.0982836   0.499316
0.00773215 -0.0982836   0.499316
0.00773215 -0.0982836   0.499316
0.00773215 -0.0982836   0.499316
0.00773215 -0.0982836   0.499316
0.00773215 -0.0982836   0.499316
0.00773215 -0.0982836   0.499316
0.00773215 -0.0982836   0.499316
0.00773215 -0.0982836   0.499316
0.00773215 -0.0982836   0.499316
0.00773215 -0.0982836   0.499316
0.00773215 -0.0982836   0.499316
0.00773215 -0.0982836   0.499316
0.00773215 -0.0982836   0.499316
0.00773215 -0.0982836   0.499316
0.00773215 -0.0982836   0.499316
0.00773215 -0.0982836   0.499316
0.00773215 -0.0982836   0.499316
0.00773215 -0.0982836   0.499316
0.00773215 -0.0982836   0.499316
0.00773215 -0.0982836   0.499316
0.00773215 -0.0982836   0.499316
0.00773215 -0.0982836   0.499316
0.00773215 -0.0982836   0.499316
0.00773215 -0.0982836   0.499316
0.00773215 -0.0982836   0.499316
0.00773215 -0.0982836   0.499316
0.00773215 -0.0982836   0.499316
0.00773215 -0.0982836   0.499316
0.00773215 -0.0982836   0.499316
0.00773215 -0.0982836   0.499316
0.00773215 -0.0982836   0.499316
0.00773215 -0.0982836   0.499316
0.00773215 -0.0982836   0.499316
0.00773215 -0.0982836   0.499316
0.00773215 -0.0982836   0.499316
0.00773215 -0.0982836   0.499316
0.00773215 -0.0982836   0.499316
0.00773215 -0.0982836   0.499316
0.00773215 -0.0982836   0.499316
0.00773215 -0.0982836   0.499316
0.00773215 -0.0982836   0.499316
0.00773215 -0.0982836   0.499316
0.00773215 -0.0982836   0.499316
0.00773215 -0.0982836   0.499316
0.00773215 -0.0982836   0.499316
0.00773215 -0.0982836   0.499316
0.00773215 -0.0982836   0.499316
0.00773215 -0.0982836   0.499316
0.00773215 -0.0982836   0.499316
0.00773215 -0.0982836   0.499316
0.00773215 -0.0982836   0.499316
0.00773215 -0.0982836   0.499316
