0.0166204 -0.105367  0.508458
0.0166213 -0.105366  0.508458
0.0166223 -0.105369  0.508457
0.0166212 -0.105366  0.508457
0.0166206 -0.105367  0.508456
0.0166195 -0.105367  0.508456
 0.016618 -0.105368  0.508456
0.0166159 -0.105367  0.508456
0.0166136 -0.105368  0.508456
0.0166115 -0.105368  0.508456
0.0166071 -0.105365  0.508456
0.0166028 -0.105366  0.508455
 0.016598 -0.105363  0.508455
0.0165932 -0.105364  0.508454
0.0165858 -0.105359  0.508455
0.0165783 -0.105357  0.508454
0.0165697 -0.105353  0.508453
  0.01656 -0.105349  0.508452
0.0165489 -0.105343  0.508451
0.0165365 -0.105337  0.508449
0.0165226 -0.105327  0.508448
0.0165071 -0.105317  0.508446
0.0164936 -0.105304  0.508445
0.0164749 -0.105292  0.508442
0.0164535 -0.105277  0.508439
  0.01643 -0.105262  0.508436
 0.016405 -0.105244  0.508432
0.0163778 -0.105225  0.508427
0.0163484 -0.105203  0.508423
0.0163166  -0.10518  0.508417
0.0162823 -0.105154  0.508412
0.0162455 -0.105125  0.508406
0.0162061 -0.105096  0.508399
0.0161641 -0.105063  0.508392
0.0161193 -0.105029  0.508384
0.0160719 -0.104992  0.508376
0.0160217 -0.104953  0.508366
0.0159707 -0.104912  0.508357
 0.015915 -0.104869  0.508347
0.0158564 -0.104822  0.508336
 0.015795 -0.104772  0.508325
0.0157306 -0.104722  0.508312
0.0156633 -0.104667  0.508299
 0.015593 -0.104612  0.508285
0.0155225 -0.104553  0.508271
0.0154464 -0.104493  0.508255
0.0153527 -0.104424  0.508237
0.0152701 -0.104356   0.50822
0.0151847 -0.104288  0.508202
0.0150963 -0.104216  0.508184
0.0150053 -0.104141  0.508165
0.0149117 -0.104066  0.508145
0.0148155 -0.103987  0.508124
0.0147167 -0.103908  0.508102
0.0146156 -0.103825   0.50808
0.0145315 -0.103748   0.50806
0.0144259 -0.103663  0.508036
0.0143008 -0.103566  0.508008
0.0141922 -0.103478  0.507983
0.0140825 -0.103387  0.507957
0.0139713 -0.103297  0.507929
0.0138799 -0.103212  0.507905
0.0137662 -0.103121  0.507877
0.0136536 -0.103025  0.507848
0.0135184 -0.102922  0.507815
0.0134039 -0.102828  0.507785
 0.013289 -0.102733  0.507754
0.0131743 -0.102638  0.507723
0.0130598 -0.102544  0.507692
0.0129457 -0.102449   0.50766
 0.012832 -0.102355  0.507627
0.0127192  -0.10226  0.507594
0.0126073 -0.102167  0.507561
0.0124963 -0.102075  0.507528
0.0123866 -0.101982  0.507495
0.0122783 -0.101893  0.507461
0.0121714 -0.101802  0.507427
0.0120661 -0.101713  0.507393
0.0119625 -0.101626  0.507359
0.0118792 -0.101547  0.507329
0.0117606 -0.101454  0.507291
0.0116624 -0.101372  0.507257
0.0115839 -0.101298  0.507226
0.0114894 -0.101216  0.507193
0.0113796  -0.10113  0.507155
0.0113063  -0.10106  0.507125
0.0112178 -0.100983  0.507091
0.0111316 -0.100908  0.507057
0.0110474 -0.100836  0.507024
0.0109654 -0.100765   0.50699
0.0108703  -0.10069  0.506953
0.0108011 -0.100626  0.506925
0.0107257  -0.10056  0.506891
0.0106527 -0.100497  0.506858
0.0105821 -0.100434  0.506826
0.0105136 -0.100373  0.506793
0.0104474 -0.100315  0.506761
0.0103834 -0.100257  0.506729
0.0103278 -0.100202  0.506696
0.0102679 -0.100149  0.506664
0.0102102 -0.100095  0.506633
0.0101542 -0.100043  0.506602
 0.0100885 -0.0999922   0.506567
 0.0100365 -0.0999454   0.506535
0.00998646 -0.0998978   0.506504
0.00993828 -0.0998521   0.506474
 0.0098917 -0.0998093   0.506443
0.00984675 -0.0997656   0.506412
0.00980329 -0.0997234   0.506382
0.00976151 -0.0996843   0.506351
0.00972114  -0.099644   0.506321
0.00968216 -0.0996052    0.50629
0.00964451 -0.0995692   0.506259
0.00960815  -0.099532   0.506229
  0.009573 -0.0994961   0.506199
0.00953901 -0.0994627   0.506168
 0.0095061 -0.0994282   0.506138
0.00947426 -0.0993948   0.506108
0.00944901 -0.0993636   0.506076
0.00941907 -0.0993315   0.506046
0.00938445 -0.0993005   0.506016
0.00935639 -0.0992719   0.505985
0.00933193 -0.0992411   0.505953
0.00930542 -0.0992121   0.505923
0.00927971 -0.0991854   0.505892
0.00925752 -0.0991584   0.505861
0.00923078 -0.0991304    0.50583
0.00920737 -0.0991058   0.505799
0.00918476 -0.0990801   0.505768
0.00915509 -0.0990494   0.505735
0.00913669 -0.0990254   0.505704
0.00911641 -0.0990035   0.505673
0.00909694 -0.0989801   0.505642
0.00907825 -0.0989577   0.505611
0.00906239 -0.0989429   0.505582
  0.009045 -0.0989216   0.505551
0.00903119 -0.0989022   0.505519
0.00901274  -0.098883   0.505489
 0.0089977 -0.0988634   0.505457
0.00898334 -0.0988463   0.505426
0.0089698 -0.098828  0.505395
0.00895952 -0.0988113   0.505362
0.00894706 -0.0987937   0.505331
0.00893538  -0.098777     0.5053
0.00892415 -0.0987626   0.505268
0.00890701 -0.0987409   0.505235
0.00890368 -0.0987313   0.505206
0.00888771 -0.0987127   0.505173
0.00887876 -0.0986981   0.505141
0.00887039  -0.098686    0.50511
0.00886259 -0.0986726   0.505079
 0.0088553 -0.0986594   0.505048
0.0088486 -0.098649  0.505016
0.00884233 -0.0986369   0.504985
0.00883661 -0.0986269   0.504954
0.00883395 -0.0986153   0.504923
0.00882914 -0.0986044   0.504892
0.00882475 -0.0985957   0.504861
0.00882079 -0.0985851    0.50483
0.00881724 -0.0985752   0.504799
0.00881415 -0.0985677   0.504768
0.00881434 -0.0985615   0.504739
0.00880626 -0.0985493   0.504706
0.00880405 -0.0985423   0.504675
0.00880222 -0.0985339   0.504644
0.00880065 -0.0985252   0.504613
0.00879932  -0.098519   0.504582
0.00880094 -0.0985117   0.504552
0.00879998 -0.0985039   0.504521
0.00879972 -0.0984986    0.50449
 0.0087993 -0.0984917   0.504459
0.00879895 -0.0984847   0.504428
0.00879898   -0.09848   0.504397
0.00880136 -0.0984734   0.504365
0.00880169 -0.0984692   0.504334
0.00880225  -0.098463   0.504303
0.00880283 -0.0984573   0.504272
0.00880373 -0.0984536   0.504241
0.00880468 -0.0984479    0.50421
0.00880583  -0.098443   0.504179
0.00880711 -0.0984398   0.504148
 0.0088084 -0.0984352   0.504117
0.00880481 -0.0984353   0.504083
0.00881158 -0.0984274   0.504055
 0.0088137 -0.0984233   0.504025
 0.0088158 -0.0984188   0.503994
0.00881321 -0.0984199    0.50396
0.00882065 -0.0984125   0.503933
0.0088185 -0.098414  0.503898
0.00882144 -0.0984122   0.503868
0.00882457 -0.0984083   0.503837
  0.008828 -0.0984051   0.503807
0.00883155 -0.0984036   0.503776
0.00883798 -0.0983999   0.503747
0.00884187 -0.0983968   0.503716
  0.008846 -0.0983959   0.503686
0.00884754 -0.0983934   0.503655
0.00885458 -0.0983901   0.503626
0.00885914 -0.0983891   0.503595
0.00886385 -0.0983869   0.503565
0.00886867 -0.0983863   0.503535
0.00887355 -0.0983836   0.503505
0.00887857 -0.0983814   0.503476
0.00888411 -0.0983815   0.503446
0.00888926 -0.0983792   0.503416
0.00889448 -0.0983773   0.503387
0.00889979 -0.0983776   0.503357
0.00890688 -0.0983754   0.503326
 0.0089122 -0.0983756   0.503297
0.00891743 -0.0983737   0.503267
0.00892277 -0.0983724   0.503238
0.00892813 -0.0983729   0.503208
0.00893362 -0.0983717   0.503179
0.00893495 -0.0983675   0.503147
0.00894045 -0.0983663   0.503118
0.00894602 -0.0983674   0.503088
0.00895156 -0.0983664   0.503059
0.00895722 -0.0983673    0.50303
0.00896709 -0.0983687   0.503003
0.00896882 -0.0983655   0.502972
0.00897466 -0.0983665   0.502943
0.00898072 -0.0983663   0.502914
0.00898672 -0.0983653   0.502885
0.00899289 -0.0983665   0.502856
0.00899914 -0.0983663   0.502827
0.00900546 -0.0983677   0.502799
0.00901181 -0.0983671    0.50277
0.00901823 -0.0983669   0.502742
0.00902854 -0.0983709   0.502716
0.00903141 -0.0983682   0.502685
0.00903817 -0.0983701   0.502657
0.00904479 -0.0983695   0.502629
0.00905155 -0.0983691   0.502601
0.00905844 -0.0983711   0.502573
0.00906528  -0.098371   0.502545
0.00907209 -0.0983728   0.502517
0.00907894 -0.0983727    0.50249
0.00908578 -0.0983726   0.502462
0.00909264 -0.0983746   0.502434
0.00909954 -0.0983748   0.502407
0.00910641 -0.0983767    0.50238
0.00911336 -0.0983766   0.502352
0.00912276 -0.0983761   0.502326
0.00913014 -0.0983786   0.502298
0.00913698 -0.0983787   0.502272
0.00914388 -0.0983807   0.502244
0.00915087 -0.0983808   0.502218
0.00915782 -0.0983808   0.502191
0.00916595 -0.0983829   0.502164
0.00917296  -0.098383   0.502137
0.00918003 -0.0983848   0.502111
0.00918715 -0.0983851   0.502085
0.00919102 -0.0983898   0.502055
0.00919818 -0.0983896   0.502029
0.00920581 -0.0983919   0.502004
0.00921299 -0.0983917   0.501978
0.00922034 -0.0983936   0.501952
0.00922758 -0.0983932   0.501927
0.00923484 -0.0983929   0.501902
0.00924222 -0.0983949   0.501877
0.00927269 -0.0983933   0.501884
0.00925779 -0.0983966   0.501832
0.00926476  -0.098396   0.501808
0.00927196 -0.0983963   0.501783
0.00927912 -0.0983983   0.501758
0.00928621 -0.0983985   0.501733
0.00929336 -0.0984008   0.501708
0.00930042 -0.0984012   0.501684
0.00930749 -0.0984037   0.501659
0.00931447 -0.0984037   0.501635
0.00932145 -0.0984046   0.501611
0.00932835 -0.0984069   0.501587
0.00933523 -0.0984077   0.501563
0.00934205 -0.0984103   0.501539
0.00934892 -0.0984108   0.501515
0.00935572 -0.0984115   0.501492
 0.0093626 -0.0984142   0.501468
0.00936941 -0.0984149   0.501445
0.00937627 -0.0984175   0.501422
  0.009383 -0.0984183   0.501399
0.00939031 -0.0984213   0.501376
0.00939643  -0.098421   0.501354
0.00939643  -0.098421   0.501354
 0.0094012 -0.0984234   0.501356
0.00941238 -0.0984195   0.501311
0.00941828   -0.09842   0.501288
0.00942391  -0.098422   0.501266
0.00942933 -0.0984228   0.501243
0.00943463 -0.0984249   0.501221
0.00943995 -0.0984252   0.501199
0.00944522 -0.0984256   0.501177
0.00945034 -0.0984282   0.501154
0.00945535 -0.0984286   0.501133
0.00945773 -0.0984316    0.50111
0.00946262 -0.0984323   0.501088
0.00946768 -0.0984353   0.501066
0.00947501 -0.0984348   0.501045
0.00947988 -0.0984356   0.501023
0.00948184 -0.0984382   0.501001
 0.0094867 -0.0984392    0.50098
0.00949133 -0.0984415   0.500958
0.00949851 -0.0984415   0.500938
 0.0095033 -0.0984436   0.500917
0.00950809 -0.0984436   0.500896
0.00951266  -0.098444   0.500876
0.00951783 -0.0984458   0.500855
0.00952338 -0.0984472   0.500835
0.00952821  -0.098449   0.500815
0.00953312 -0.0984491   0.500796
0.00953798 -0.0984509   0.500776
0.00954011 -0.0984466   0.500755
0.00954496 -0.0984468   0.500736
0.00955237 -0.0984524   0.500719
0.00955693 -0.0984525     0.5007
0.00955897 -0.0984484    0.50068
0.00956353 -0.0984502   0.500661
0.00956829 -0.0984509   0.500643
0.00957271 -0.0984531   0.500625
0.00957713 -0.0984539   0.500607
0.00958381 -0.0984556   0.500589
0.00958798  -0.098456   0.500572
0.00959202  -0.098457   0.500554
0.00959585 -0.0984598   0.500537
0.00959995 -0.0984628    0.50052
0.00960352 -0.0984659   0.500503
0.00960693 -0.0984675   0.500486
0.00961013  -0.098471   0.500469
 0.0096132 -0.0984723   0.500452
0.00961607 -0.0984742   0.500435
0.00961872 -0.0984777   0.500419
 0.0096212 -0.0984797   0.500402
0.00962342 -0.0984832   0.500386
0.00962555 -0.0984852   0.500369
0.00962737 -0.0984888   0.500353
0.00962865  -0.098497   0.500338
0.00963038 -0.0984969   0.500322
0.00963177 -0.0984986   0.500307
 0.0096329 -0.0985018   0.500291
0.00963394 -0.0985033   0.500275
0.00963478 -0.0985062    0.50026
0.00963555 -0.0985074   0.500245
0.00963604 -0.0985101   0.500229
  0.009634 -0.0985065   0.500212
0.00963424 -0.0985065   0.500198
0.00963437  -0.098507   0.500183
0.00963437 -0.0985091   0.500169
 0.0096343 -0.0985093   0.500155
0.00963418 -0.0985114    0.50014
0.00963396 -0.0985111   0.500127
 0.0096337 -0.0985132   0.500112
 0.0096333 -0.0985129   0.500099
0.00963289 -0.0985148   0.500085
0.00963248 -0.0985142   0.500072
 0.0096319 -0.0985138   0.500059
0.00963132 -0.0985156   0.500046
0.00963062 -0.0985152   0.500034
0.00963014 -0.0985174   0.500021
0.00962935 -0.0985174   0.500008
0.00962844 -0.0985192   0.499996
0.00962753 -0.0985193   0.499984
0.00962591 -0.0985228   0.499972
0.00962505 -0.0985205   0.499959
0.00962381 -0.0985207   0.499948
0.00962248 -0.0985228   0.499936
0.00962115 -0.0985233   0.499924
0.00961966 -0.0985255   0.499913
0.00961819 -0.0985262   0.499901
 0.0096168 -0.0985292    0.49989
0.00961512 -0.0985294   0.499879
0.00961331 -0.0985303   0.499868
 0.0096114 -0.0985328   0.499857
 0.0096094 -0.0985338   0.499846
0.00960675 -0.0985384   0.499835
0.00960626 -0.0985388   0.499825
 0.0096044 -0.0985421   0.499814
 0.009602 -0.098543  0.499804
0.00959955 -0.0985459   0.499793
0.00959702 -0.0985464   0.499783
0.00959438 -0.0985471   0.499773
 0.0095917 -0.0985498   0.499763
0.00958899 -0.0985505   0.499753
0.00958612 -0.0985527   0.499743
0.00958325 -0.0985532   0.499733
0.00958033 -0.0985554   0.499723
0.00957732 -0.0985555   0.499714
0.00959507  -0.098553   0.499702
0.00956938 -0.0985578   0.499692
0.00956617 -0.0985594   0.499683
0.00956295 -0.0985592   0.499674
0.00955969 -0.0985607   0.499665
0.00955644 -0.0985601   0.499656
0.00955321 -0.0985615   0.499647
0.00956731  -0.098582   0.499657
0.00954693 -0.0985625    0.49963
0.00954272 -0.0985627   0.499622
0.00954009 -0.0985598   0.499613
0.00953667 -0.0985608   0.499604
0.00953387 -0.0985605   0.499597
0.00952972 -0.0985632   0.499589
0.00952641 -0.0985623   0.499581
0.00952307 -0.0985633   0.499572
0.00952117 -0.0985622   0.499565
0.00951793 -0.0985633   0.499557
0.00951462 -0.0985619   0.499549
0.00951141 -0.0985613   0.499542
0.00950815 -0.0985627   0.499534
0.0095049 -0.098562  0.499526
0.00950168 -0.0985636   0.499519
0.00949846 -0.0985634   0.499511
0.00949528 -0.0985652   0.499504
0.00949209 -0.0985648   0.499497
0.00948888 -0.0985646    0.49949
0.00948566 -0.0985667   0.499482
0.00948244  -0.098567   0.499475
0.00947918 -0.0985691   0.499468
0.00947592 -0.0985695   0.499461
0.00947131 -0.0985648   0.499453
0.00946963  -0.098572   0.499447
0.00946632 -0.0985725    0.49944
0.00946293 -0.0985748   0.499433
0.00945956 -0.0985751   0.499427
0.00945619 -0.0985775    0.49942
0.00945276 -0.0985776   0.499413
0.00944938   -0.09858   0.499407
0.00944469 -0.0985751   0.499399
0.00944125 -0.0985752   0.499393
0.00943894 -0.0985744   0.499387
0.00943437 -0.0985767    0.49938
0.00943108 -0.0985769   0.499375
 0.0094279 -0.0985799   0.499369
0.00942442 -0.0985797   0.499363
 0.0094209 -0.0985814   0.499356
 0.0094174 -0.0985811   0.499351
0.00941396 -0.0985828   0.499344
0.00941047 -0.0985818   0.499339
0.00940706 -0.0985812   0.499333
0.00940363 -0.0985828   0.499327
0.00940018 -0.0985821   0.499321
0.00939677 -0.0985834   0.499315
0.00939368 -0.0985831    0.49931
 0.0093899 -0.0985841   0.499304
0.00938652  -0.098583   0.499298
0.00938332 -0.0985824   0.499293
0.00937989 -0.0985837   0.499287
0.0093765 -0.098583  0.499282
0.00937316 -0.0985842   0.499276
 0.0093695 -0.0985832   0.499271
0.00936626 -0.0985847   0.499265
0.00936293  -0.098584    0.49926
0.00935963  -0.098583   0.499255
 0.0093564 -0.0985845   0.499249
0.00935314 -0.0985839   0.499244
0.00934997 -0.0985855   0.499239
0.00934707 -0.0985853   0.499234
0.00934362 -0.0985868   0.499228
0.00934046 -0.0985866   0.499223
 0.0093373 -0.0985882   0.499218
0.00933452 -0.0985879   0.499213
 0.0093314 -0.0985876   0.499209
0.00932843 -0.0985903   0.499202
0.00932525 -0.0985919   0.499197
0.00932142 -0.0985934   0.499192
 0.0093183 -0.0985952   0.499187
0.00931517 -0.0985949   0.499183
0.00931211 -0.0985967   0.499178
0.00930901 -0.0985959   0.499173
0.00930588 -0.0985953   0.499169
0.00930306 -0.0985972   0.499164
0.00929964 -0.0985964   0.499159
0.0092968 -0.098598  0.499154
0.00929343 -0.0985971    0.49915
0.00929072 -0.0985988   0.499145
0.00928764 -0.0985976   0.499141
0.00928467 -0.0985968   0.499137
0.00928137 -0.0985976   0.499132
0.00927843 -0.0985967   0.499128
 0.0092757 -0.0985979   0.499124
0.00927259 -0.0985969   0.499119
   0.00927 -0.0985982   0.499115
0.00926711 -0.0985974   0.499111
 0.0092642 -0.0985984   0.499106
0.00926136 -0.0985969   0.499102
0.00925854  -0.098596   0.499098
0.00925571 -0.0985971   0.499094
0.00925371  -0.098596    0.49909
0.0092509 -0.098597  0.499086
0.00924791  -0.098596   0.499082
0.00924522 -0.0985974   0.499077
0.00924104 -0.0985931   0.499074
0.00923825 -0.0985918    0.49907
0.00923545  -0.098591   0.499066
0.00923266 -0.0985923   0.499062
0.00922987 -0.0985915   0.499058
0.00922711 -0.0985928   0.499054
0.00922465 -0.0985926    0.49905
0.00922194 -0.0985941   0.499046
0.00921919 -0.0985931   0.499042
 0.0092165 -0.0985927   0.499039
0.00921379 -0.0985943   0.499035
0.00921107 -0.0985938   0.499031
0.00920902 -0.0985953   0.499027
0.00920632 -0.0985949   0.499024
0.00920312 -0.0985969    0.49902
0.00920103  -0.098596   0.499016
0.00919778 -0.0985957   0.499013
 0.0091952 -0.0985974   0.499009
0.00919259 -0.0985971   0.499005
0.00918996 -0.0985987   0.499001
0.00918708 -0.0985981   0.498998
0.00918452 -0.0985999   0.498994
0.00918217 -0.0985992   0.498991
0.00917961 -0.0985988   0.498988
0.00917708 -0.0986004   0.498984
0.00917501 -0.0985996   0.498981
0.00917263 -0.0986014   0.498977
0.00917007 -0.0986008   0.498974
0.00916707 -0.0986029   0.498969
0.00916383 -0.0986058   0.498966
0.00916134 -0.0986048   0.498963
0.00915887  -0.098604    0.49896
0.00915638 -0.0986052   0.498956
0.00915398 -0.0986045   0.498953
0.00915154 -0.0986056    0.49895
0.00914912 -0.0986047   0.498947
0.00914702 -0.0986063   0.498943
0.00914465  -0.098605    0.49894
0.00914231  -0.098604   0.498938
0.00913997 -0.0986051   0.498934
0.00913769 -0.0986043   0.498931
0.00913534 -0.0986052   0.498928
0.00913304 -0.0986043   0.498925
0.00913076 -0.0986054   0.498922
0.00912841 -0.0986039   0.498919
0.00912615  -0.098603   0.498916
0.00912384 -0.0986041   0.498913
0.00912152  -0.098603    0.49891
0.00911926 -0.0986041   0.498907
0.00911697 -0.0986032   0.498905
0.00911474 -0.0986044   0.498901
0.00911246 -0.0986031   0.498899
0.00911061  -0.098602   0.498896
0.00910794 -0.0986034   0.498893
0.00910617 -0.0986026    0.49889
 0.0091039 -0.0986037   0.498887
0.00910165 -0.0986028   0.498885
0.00909942 -0.0986041   0.498882
0.00909689 -0.0985986   0.498879
0.00909466 -0.0985974   0.498876
 0.0090927 -0.0986033   0.498874
0.00909022 -0.0985978   0.498871
0.00908804 -0.0985971   0.498868
 0.0090858 -0.0985982   0.498866
0.00908363 -0.0985975   0.498863
0.00908145  -0.098599    0.49886
0.00907866 -0.0985993   0.498858
0.00907649 -0.0985986   0.498856
0.00907433    -0.0986   0.498853
0.00907244 -0.0985998   0.498851
0.00907029 -0.0986012   0.498848
0.00906815 -0.0986006   0.498846
0.00906609 -0.0986023   0.498843
0.00906403 -0.0986014   0.498841
0.00906196 -0.0986007   0.498839
0.00905992 -0.0986023   0.498836
0.00905791 -0.0986018   0.498834
0.00905587 -0.0986033   0.498831
0.00905386 -0.0986028   0.498829
0.00905217 -0.0986042   0.498827
0.00905016 -0.0986031   0.498824
 0.0090482 -0.0986025   0.498822
0.00904618 -0.0986039    0.49882
0.00904423 -0.0986033   0.498818
0.00904203 -0.0986057   0.498814
0.00904003 -0.0986072   0.498812
0.00903745 -0.0986075    0.49881
0.00903543 -0.0986068   0.498808
0.00903365 -0.0986085   0.498805
0.00903167 -0.0986078   0.498803
0.00902965  -0.098609   0.498801
0.00902772 -0.0986083   0.498799
0.00902579 -0.0986097   0.498796
0.00902385 -0.0986085   0.498794
0.00902192 -0.0986077   0.498793
0.00902004 -0.0986088    0.49879
0.00901812  -0.098608   0.498788
0.00901624  -0.098609   0.498786
0.00901438 -0.0986081   0.498784
0.00901248 -0.0986091   0.498782
0.00901063 -0.0986077    0.49878
0.00900876 -0.0986067   0.498778
0.00900706 -0.0986074   0.498776
0.00900523 -0.0986064   0.498774
0.00900344 -0.0986075   0.498772
0.00900161 -0.0986066    0.49877
0.00899966 -0.0986007   0.498769
0.00899785 -0.0985993   0.498767
0.00899603 -0.0986003   0.498765
0.00899417 -0.0985991   0.498763
 0.0089926 -0.0986005   0.498761
0.00899026 -0.0986008   0.498759
0.0089885 -0.098602  0.498757
0.00898668 -0.0986012   0.498756
 0.0089849 -0.0985999   0.498754
0.00898313 -0.0986011   0.498752
0.00898134 -0.0986004   0.498751
 0.0089796 -0.0986017   0.498748
0.00897781  -0.098601   0.498747
0.00897611 -0.0986026   0.498745
0.00897437 -0.0986015   0.498743
0.00897262 -0.0986008   0.498742
0.00897092 -0.0986024    0.49874
 0.0089692 -0.0986018   0.498738
0.00896751 -0.0986032   0.498736
0.00896579 -0.0986026   0.498735
0.00896411 -0.0986042   0.498733
0.00896244 -0.0986031   0.498732
0.00896078 -0.0986025    0.49873
0.00895916  -0.098604   0.498728
0.00895747 -0.0986033   0.498727
0.00895585 -0.0986048   0.498725
0.00895421 -0.0986043   0.498723
0.00895254 -0.0986032   0.498722
0.00895094 -0.0986047    0.49872
0.00894937 -0.0986039   0.498719
0.00894768 -0.0986053   0.498717
0.00894601 -0.0986047   0.498716
0.00894436 -0.0986061   0.498714
0.00894275  -0.098605   0.498713
0.00894112 -0.0986043   0.498711
0.00893952 -0.0986056    0.49871
0.00893789 -0.0986049   0.498708
0.00893628 -0.0986095   0.498707
  0.008935 -0.0986053   0.498706
0.00893343 -0.0986045   0.498704
0.00893189 -0.0986057   0.498703
0.00893029 -0.0986049   0.498701
0.00892876 -0.0986062     0.4987
 0.0089272 -0.0986055   0.498698
0.00892561 -0.0986041   0.498697
0.00892409 -0.0986053   0.498696
0.00892252 -0.0986044   0.498695
0.00892108 -0.0986058   0.498693
0.00891946 -0.0986047   0.498692
0.00891798 -0.0986061    0.49869
0.00891644 -0.0986049   0.498689
0.00891495 -0.0986039   0.498688
0.00891339 -0.0986051   0.498687
0.00891211 -0.0986077   0.498684
 0.0089106 -0.0986068   0.498683
0.00890862 -0.0986092   0.498682
0.00890711 -0.0986081   0.498681
0.00890562 -0.0986072    0.49868
0.00890413 -0.0986083   0.498678
0.00890269 -0.0986075   0.498677
0.00890118 -0.0986086   0.498676
0.00889975 -0.0986079   0.498675
0.00889826 -0.0986089   0.498673
0.00889682 -0.0986077   0.498672
0.00889541 -0.0986068   0.498671
0.00889396 -0.0986079    0.49867
0.00889255  -0.098607   0.498669
0.00889113 -0.0986082   0.498667
0.00888974  -0.098607   0.498667
0.00888837 -0.0986061   0.498666
0.00888695 -0.0986071   0.498664
0.00888557 -0.0986062   0.498663
0.00888414 -0.0986072   0.498662
0.00888276 -0.0986064   0.498661
 0.0088813 -0.0986073    0.49866
0.00887988  -0.098606   0.498659
0.00887849  -0.098605   0.498658
0.00887721 -0.0986063   0.498657
0.00887581 -0.0986051   0.498656
0.00887439 -0.0986062   0.498654
0.00887295 -0.0986048   0.498654
0.00887158 -0.0986038   0.498653
0.00887019 -0.0986048   0.498652
0.00886895 -0.0985994   0.498651
0.00886752 -0.0985983    0.49865
0.00886576 -0.0986004   0.498649
0.00886439 -0.0985996   0.498648
  0.008863 -0.0985982   0.498648
0.00886168 -0.0985993   0.498646
0.00886031 -0.0985983   0.498646
0.00885901 -0.0985995   0.498645
0.00885766 -0.0985987   0.498644
0.00885634 -0.0986001   0.498643
0.00885503 -0.0985988   0.498642
0.00885374 -0.0985981   0.498641
0.00885248 -0.0985995    0.49864
0.00885118 -0.0985987   0.498639
0.00884997 -0.0986003   0.498638
 0.0088487 -0.0985998   0.498638
0.00884743 -0.0985987   0.498637
0.00884616 -0.0986001   0.498636
0.00884489 -0.0985995   0.498635
0.00884368 -0.0986009   0.498634
 0.0088424 -0.0986003   0.498633
0.00884086 -0.0986017   0.498632
0.00883958 -0.0986007   0.498632
0.00883875 -0.0986003   0.498631
0.00883753 -0.0986018    0.49863
0.00883624 -0.0986011   0.498629
0.00883502 -0.0986026   0.498628
0.00883374  -0.098602   0.498628
0.00883263 -0.0986044   0.498626
0.00883125 -0.0986023   0.498626
0.00882998 -0.0986016   0.498625
0.00882876  -0.098603   0.498624
0.00882747 -0.0986023   0.498624
0.00882622 -0.0986037   0.498623
0.00882495 -0.0986024   0.498622
0.00882385  -0.098605    0.49862
0.00882264 -0.0986042    0.49862
0.00882138 -0.0986054   0.498619
0.00882017 -0.0986044   0.498618
0.00881895 -0.0986057   0.498617
0.00881772 -0.0986043   0.498617
 0.0088162 -0.0986044   0.498617
0.00881501 -0.0986054   0.498616
0.00881387 -0.0986044   0.498615
 0.0088127 -0.0986054   0.498614
0.00881159 -0.0986045   0.498614
0.00881045 -0.0986053   0.498613
0.00880933 -0.0986037   0.498613
0.00880825 -0.0986026   0.498612
0.00880717 -0.0986036   0.498612
0.00880612 -0.0986025   0.498611
0.00880501 -0.0986032    0.49861
0.00880383 -0.0986016    0.49861
0.00880279 -0.0986005    0.49861
 0.0088017 -0.0986012   0.498609
0.00880079 -0.0986003   0.498608
0.00879971 -0.0986012   0.498608
0.00879865 -0.0986002   0.498607
0.00879756  -0.098601   0.498606
0.00879669 -0.0985931   0.498607
0.00879565  -0.098594   0.498606
0.00879455  -0.098593   0.498606
0.00879347  -0.098594   0.498605
0.00879201 -0.0985939   0.498605
0.00879089 -0.0985951   0.498604
 0.0087898 -0.0985939   0.498604
0.00878868 -0.0985931   0.498603
0.00878736 -0.0985985   0.498602
0.00878655 -0.0985988   0.498601
0.00878545 -0.0985984   0.498601
0.00878436 -0.0985995     0.4986
0.00878324 -0.0985984     0.4986
0.00878203 -0.0985976   0.498599
0.00878103 -0.0985992   0.498599
0.00877996 -0.0985985   0.498598
0.00877886 -0.0985999   0.498598
0.00877775 -0.0985987   0.498597
0.00877668 -0.0985979   0.498597
0.00877583 -0.0985929   0.498597
 0.0087748 -0.0985941   0.498597
 0.0087737 -0.0985933   0.498596
0.00877264 -0.0985944   0.498596
0.00877126 -0.0985946   0.498595
 0.0087702 -0.0985933   0.498595
0.00876916 -0.0985945   0.498595
0.00876813 -0.0985938   0.498594
0.00876713  -0.098595   0.498594
0.00876606 -0.0985942   0.498594
 0.0087649 -0.0985956   0.498593
0.00876395 -0.0985945   0.498593
0.00876292 -0.0985938   0.498592
0.00876194 -0.0985951   0.498592
 0.0087609 -0.0985943   0.498592
0.00875993 -0.0985955   0.498591
0.00875892 -0.0985949   0.498591
0.00875792 -0.0985937   0.498591
0.00875696  -0.098595    0.49859
 0.0087562 -0.0985978   0.498589
0.00875526  -0.098597   0.498589
0.00875424 -0.0985983   0.498588
 0.0087533 -0.0985978   0.498588
0.00875231  -0.098599   0.498587
0.00875134 -0.0985979   0.498587
 0.0087504 -0.0985971   0.498587
0.00874912 -0.0985992   0.498587
