 0.268684 -0.326608  0.606919
  0.26868 -0.326611  0.606917
  0.26868 -0.326615  0.606918
 0.268679 -0.326612  0.606922
 0.268683 -0.326611  0.606929
  0.26869 -0.326606  0.606942
 0.268699 -0.326601  0.606955
 0.268712 -0.326592  0.606975
 0.268726 -0.326583  0.606994
 0.268745 -0.326571   0.60702
 0.268762 -0.326555  0.607044
 0.268782 -0.326541   0.60707
 0.268804 -0.326522  0.607099
 0.268827 -0.326506  0.607125
  0.26885 -0.326481  0.607156
 0.268872 -0.326459  0.607181
 0.268896 -0.326433  0.607209
 0.268917 -0.326408   0.60723
 0.268939 -0.326377  0.607256
 0.268958 -0.326347  0.607269
 0.268975 -0.326312  0.607283
 0.268992 -0.326275  0.607294
 0.269008 -0.326234  0.607303
  0.26902 -0.326194  0.607304
0.269025 -0.32615 0.607295
 0.269033 -0.326103  0.607287
 0.269036 -0.326052  0.607267
 0.269037 -0.325999  0.607242
 0.269035 -0.325939  0.607214
 0.269031 -0.325878  0.607176
0.269026 -0.32581 0.607135
 0.269017 -0.325737  0.607084
 0.269007 -0.325661   0.60703
 0.268994 -0.325579  0.606965
 0.268979 -0.325493  0.606894
0.268963  -0.3254 0.606819
 0.268945 -0.325304  0.606736
 0.268926 -0.325199  0.606649
0.268906 -0.32509 0.606552
 0.268885 -0.324973  0.606455
0.268863 -0.32485 0.606346
  0.26884 -0.324723  0.606232
 0.268817 -0.324587  0.606115
 0.268793 -0.324447   0.60599
 0.268777 -0.324296  0.605859
 0.268753 -0.324143  0.605723
 0.268716 -0.323974  0.605572
 0.268689 -0.323806  0.605426
 0.268664 -0.323634  0.605279
 0.268636 -0.323455  0.605123
 0.268609 -0.323269  0.604964
0.268582 -0.32308 0.604802
 0.268554 -0.322884  0.604635
 0.268526 -0.322685  0.604466
 0.268497 -0.322479  0.604292
 0.268486 -0.322281  0.604134
 0.268456 -0.322068  0.603953
 0.268413 -0.321834  0.603755
 0.268385 -0.321613  0.603571
 0.268358 -0.321384  0.603385
 0.268332 -0.321155  0.603198
 0.268324 -0.320932  0.603026
   0.2683 -0.320697  0.602838
 0.268279 -0.320453  0.602647
 0.268242 -0.320193  0.602442
 0.268223 -0.319946  0.602247
 0.268207 -0.319694  0.602055
 0.268194 -0.319438  0.601866
 0.268184 -0.319181  0.601674
 0.268177 -0.318919  0.601487
 0.268174 -0.318657  0.601297
 0.268176 -0.318388  0.601114
  0.26818 -0.318118  0.600926
 0.268189 -0.317846  0.600741
 0.268204 -0.317569   0.60056
 0.268222 -0.317291  0.600378
 0.268246 -0.317008  0.600201
 0.268275 -0.316722  0.600024
  0.26831 -0.316434  0.599851
 0.268362 -0.316158  0.599693
 0.268394 -0.315845  0.599505
 0.268445 -0.315548  0.599336
 0.268513 -0.315264  0.599183
 0.268574 -0.314957  0.599017
  0.26863 -0.314632  0.598835
 0.268714 -0.314337  0.598688
 0.268791 -0.314021  0.598523
0.268876  -0.3137 0.598365
0.268964 -0.31338 0.598198
 0.269058 -0.313054  0.598036
  0.26915 -0.312708  0.597861
 0.269252 -0.312405  0.597734
 0.269354 -0.312068  0.597559
 0.269468 -0.311731  0.597395
 0.269589 -0.311387  0.597238
0.269712 -0.31104 0.597071
 0.269842 -0.310692  0.596906
 0.269976 -0.310337  0.596743
 0.270126 -0.309964  0.596557
 0.270269 -0.309604   0.59639
 0.270423 -0.309237  0.596232
 0.270575 -0.308868  0.596063
 0.270727 -0.308481  0.595873
 0.270886 -0.308106  0.595696
 0.271049 -0.307726  0.595519
 0.271215 -0.307343  0.595338
 0.271384 -0.306959  0.595155
 0.271556 -0.306569  0.594969
 0.271731 -0.306176  0.594782
 0.271908 -0.305783  0.594588
 0.272088 -0.305384  0.594398
 0.272269 -0.304984  0.594196
 0.272453 -0.304582  0.593994
 0.272639 -0.304175   0.59379
 0.272826 -0.303766  0.593582
 0.273017 -0.303356  0.593371
0.273208 -0.30294 0.593156
 0.273402 -0.302522  0.592941
 0.273613 -0.302081  0.592704
 0.273809 -0.301657  0.592479
 0.273989 -0.301254  0.592262
 0.274187 -0.300828  0.592029
 0.274402 -0.300376  0.591779
 0.274602 -0.299943  0.591539
 0.274805 -0.299509    0.5913
 0.275007 -0.299072  0.591052
 0.275211 -0.298632  0.590805
 0.275415 -0.298193  0.590554
 0.27562 -0.29775   0.5903
 0.275833 -0.297278  0.590037
 0.276039 -0.296832  0.589778
 0.276247 -0.296386  0.589518
 0.276455 -0.295937  0.589253
 0.276665 -0.295486  0.588992
 0.276854 -0.295082  0.588748
 0.277062 -0.294632  0.588477
 0.277288 -0.294158   0.58819
 0.277484 -0.293725  0.587932
 0.277697 -0.293267  0.587659
  0.27791 -0.292811   0.58738
0.278125 -0.29235 0.587105
 0.278354 -0.291867  0.586804
  0.27857 -0.291402  0.586522
 0.278787 -0.290936  0.586239
 0.279004 -0.290471  0.585952
 0.279229 -0.289976  0.585655
 0.279442 -0.289531  0.585376
 0.279668 -0.289035  0.585077
 0.279887 -0.288562  0.584783
0.280107 -0.28809 0.584488
 0.280327 -0.287614  0.584195
 0.280547 -0.287139  0.583899
 0.280768 -0.286665  0.583602
 0.280988 -0.286188  0.583303
 0.281209 -0.285711  0.583005
 0.281428 -0.285233  0.582703
 0.281648 -0.284756  0.582406
 0.281866 -0.284281    0.5821
 0.282085 -0.283803  0.581796
 0.282303 -0.283325  0.581493
  0.28252 -0.282852  0.581186
 0.282729 -0.282402  0.580896
 0.282951 -0.281904  0.580576
0.283167 -0.28143 0.580271
 0.283381 -0.280955   0.57996
 0.283597 -0.280474   0.57965
 0.283812 -0.279998  0.579339
0.284027 -0.27952 0.579026
 0.284242 -0.279039  0.578714
0.284457 -0.27856 0.578398
 0.284672 -0.278077  0.578085
 0.284887 -0.277592  0.577767
 0.285104 -0.277108  0.577453
 0.285333 -0.276595  0.577114
 0.285548 -0.276108  0.576793
 0.285764 -0.275617  0.576474
 0.285979 -0.275126  0.576152
 0.286195 -0.274635  0.575831
  0.28641 -0.274141  0.575508
 0.286626 -0.273647  0.575188
 0.286839 -0.273155  0.574861
0.287053 -0.27266 0.574537
 0.287274 -0.272149  0.574196
  0.28748 -0.271671  0.573888
 0.287693 -0.271176  0.573564
 0.287904 -0.270682  0.573239
 0.288122 -0.270173    0.5729
 0.288324 -0.269697   0.57259
  0.28854 -0.269189  0.572248
 0.288749 -0.268698  0.571923
 0.288957 -0.268205  0.571598
 0.289165 -0.267711  0.571273
0.289372 -0.26722 0.570946
 0.289579 -0.266726  0.570624
 0.289785 -0.266233  0.570297
 0.289992 -0.265742  0.569974
 0.290196 -0.265249  0.569646
 0.290401 -0.264755  0.569322
 0.290606 -0.264263  0.568997
 0.29081 -0.26377 0.568671
 0.291014 -0.263278  0.568347
 0.291217 -0.262783  0.568021
  0.29142 -0.262287  0.567699
 0.291622 -0.261795  0.567371
 0.291824 -0.261299  0.567047
 0.292026 -0.260802  0.566723
 0.292228 -0.260308  0.566396
 0.292442 -0.259782  0.566057
 0.292643 -0.259287  0.565731
 0.292844 -0.258788  0.565409
 0.293043 -0.258291  0.565083
 0.293243 -0.257794  0.564762
  0.29344 -0.257297  0.564434
 0.293645 -0.256774  0.564096
 0.293842 -0.256277  0.563772
 0.294038 -0.255782  0.563446
 0.294235 -0.255285  0.563125
0.294429 -0.25479 0.562802
 0.294617 -0.254318  0.562498
 0.294816 -0.253801  0.562159
 0.295007 -0.253312  0.561838
 0.295197 -0.252823  0.561519
 0.295386 -0.252336  0.561199
 0.295575 -0.251851  0.560881
 0.295762 -0.251366  0.560563
 0.295949 -0.250884  0.560247
 0.296133 -0.250403   0.55993
 0.296317 -0.249921  0.559617
0.296494 -0.24947 0.559318
 0.296682 -0.248971   0.55899
 0.296863 -0.248501  0.558679
 0.297041 -0.248031  0.558369
  0.29722 -0.247564  0.558063
 0.297396 -0.247102  0.557752
 0.297573 -0.246642  0.557448
 0.297747 -0.246183  0.557139
 0.297921 -0.245723  0.556834
 0.298095 -0.245265  0.556531
 0.298267 -0.244811  0.556226
  0.29844 -0.244357  0.555926
  0.29861 -0.243906  0.555623
 0.298781 -0.243455  0.555326
 0.298949 -0.243007  0.555026
 0.299117 -0.242563  0.554728
0.299285 -0.24212 0.554433
  0.29945 -0.241683  0.554138
 0.299615 -0.241246  0.553847
 0.299778 -0.240813  0.553556
 0.299951 -0.240359  0.553255
  0.30011 -0.239936  0.552967
 0.300269 -0.239519  0.552687
 0.300424 -0.239108  0.552401
 0.300583 -0.238693  0.552104
 0.300735 -0.238292  0.551828
 0.300886 -0.237899  0.551552
 0.301035 -0.237509  0.551281
 0.301181 -0.237128  0.551008
0.301327 -0.23675 0.550744
  0.30147 -0.236378  0.550476
 0.301612 -0.236013  0.550212
 0.301625 -0.236075  0.550226
0.301867 -0.23537 0.549743
 0.302007 -0.235004  0.549485
 0.302146 -0.234648  0.549226
 0.302286 -0.234297  0.548973
 0.302424 -0.233947  0.548716
 0.302561 -0.233601  0.548463
 0.302699 -0.233255  0.548213
 0.302835 -0.232914  0.547962
 0.302972 -0.232573  0.547717
 0.303107 -0.232235   0.54747
 0.303242 -0.231902  0.547228
 0.303375 -0.231571  0.546984
 0.303508 -0.231245  0.546744
 0.303641 -0.230921  0.546508
 0.303771 -0.230602  0.546273
0.303901 -0.23029 0.546041
 0.304029 -0.229982  0.545812
 0.304157 -0.229681  0.545586
 0.304281 -0.229384   0.54536
 0.304414 -0.229072  0.545132
 0.304528 -0.228807   0.54492
 0.304528 -0.228807   0.54492
 0.304528 -0.228807   0.54492
 0.304735 -0.228434  0.544558
 0.304856 -0.228162  0.544346
 0.304977 -0.227895  0.544135
0.305097 -0.22763 0.543926
0.305216 -0.22737 0.543719
 0.305334 -0.227111  0.543513
 0.305453 -0.226855   0.54331
 0.305569 -0.226604  0.543104
 0.305685 -0.226353  0.542902
 0.305797 -0.226098  0.542696
 0.305912 -0.225853  0.542497
  0.30603 -0.225624  0.542304
 0.306142 -0.225386  0.542108
 0.306255 -0.225152  0.541916
 0.306361 -0.224916  0.541717
 0.306476 -0.224702  0.541537
 0.306583 -0.224487  0.541346
 0.306689 -0.224277  0.541163
 0.306795 -0.224075  0.540982
 0.306898 -0.223878  0.540803
    0.307 -0.223687  0.540629
   0.3071 -0.223507  0.540455
 0.307204 -0.223316  0.540282
 0.307299 -0.223151  0.540112
 0.307394 -0.222992  0.539948
 0.307488 -0.222842  0.539788
  0.30758 -0.222684  0.539616
  0.30767 -0.222547  0.539463
 0.307758 -0.222434  0.539324
 0.307846 -0.222311  0.539179
 0.307931 -0.222183  0.539017
 0.308015 -0.222077  0.538873
 0.308104 -0.221986  0.538741
 0.308186 -0.221891  0.538603
 0.308268 -0.221801   0.53847
 0.308348 -0.221717  0.538337
 0.308428 -0.221634  0.538209
 0.308507 -0.221556  0.538081
 0.308587 -0.221483  0.537959
 0.308667 -0.221403  0.537829
 0.308745 -0.221336  0.537708
 0.308823 -0.221269   0.53759
 0.308901 -0.221205  0.537473
 0.30898 -0.22114  0.53736
 0.309058 -0.221077  0.537247
 0.309137 -0.221016  0.537138
 0.309214 -0.220955  0.537026
 0.309293 -0.220895  0.536918
 0.309372 -0.220834  0.536812
  0.30945 -0.220775  0.536707
 0.309523 -0.220717  0.536609
   0.3096 -0.220665  0.536511
 0.309679 -0.220604  0.536413
 0.309757 -0.220547  0.536311
 0.309835 -0.220489  0.536214
 0.309913 -0.220433  0.536118
 0.309991 -0.220377  0.536023
 0.310068 -0.220323   0.53593
 0.310144 -0.220258  0.535825
 0.310221 -0.220205  0.535738
 0.310295 -0.220156  0.535647
0.310371 -0.22011 0.535564
 0.310443 -0.220067  0.535475
 0.310516 -0.220027   0.53539
 0.310587 -0.219988   0.53531
 0.310658 -0.219955  0.535227
 0.310728 -0.219922   0.53515
 0.310796 -0.219895  0.535071
 0.310865 -0.219868  0.534999
 0.310931 -0.219846  0.534922
 0.310996 -0.219829  0.534848
 0.311062 -0.219812  0.534778
 0.311132 -0.219812  0.534716
 0.311196 -0.219801  0.534649
 0.311258 -0.219794  0.534581
 0.311321 -0.219788  0.534517
0.311383 -0.21978 0.534449
0.311437 -0.21977  0.53438
 0.311498 -0.219768   0.53432
 0.311558 -0.219768  0.534258
 0.311619 -0.219767    0.5342
 0.311679 -0.219769   0.53414
  0.31174 -0.219768  0.534085
 0.311805 -0.219781  0.534033
 0.311867 -0.219778  0.533981
 0.311926 -0.219778  0.533923
 0.311986 -0.219777  0.533868
 0.312047 -0.219774  0.533815
 0.312109 -0.219768   0.53376
  0.31217 -0.219763   0.53371
0.312231 -0.21976 0.533657
 0.312294 -0.219753   0.53361
 0.312354 -0.219748  0.533556
 0.312415 -0.219739  0.533507
0.312477 -0.21973  0.53346
 0.312538 -0.219723  0.533411
   0.3126 -0.219714  0.533366
  0.31266 -0.219707  0.533317
 0.312721 -0.219697  0.533271
0.312781 -0.21969 0.533226
 0.312841 -0.219682  0.533181
 0.312925 -0.219666  0.533113
 0.312959 -0.219665  0.533082
 0.313019 -0.219661  0.533043
 0.313075 -0.219658  0.532999
 0.313132 -0.219657  0.532957
 0.313189 -0.219655  0.532918
 0.313244 -0.219657  0.532878
 0.313306 -0.219719  0.532939
 0.313359 -0.219674  0.532808
 0.313408 -0.219663  0.532762
  0.31346 -0.219672  0.532726
 0.313513 -0.219681  0.532688
 0.313571 -0.219699   0.53266
 0.313622 -0.219707  0.532623
 0.313674 -0.219717  0.532591
0.313723 -0.21973 0.532554
 0.313773 -0.219742   0.53252
 0.313824 -0.219756  0.532486
 0.313873 -0.219768  0.532453
0.313923 -0.21978 0.532422
 0.313971 -0.219795  0.532388
 0.314022 -0.219807  0.532361
  0.31407 -0.219822  0.532325
 0.314119 -0.219835  0.532294
 0.314168 -0.219849  0.532264
0.314217 -0.21986 0.532233
0.314267 -0.21987 0.532207
 0.314316 -0.219883  0.532174
 0.314365 -0.219892  0.532145
 0.314415 -0.219903  0.532117
 0.314464 -0.219911  0.532088
 0.314514 -0.219908  0.532054
 0.314564 -0.219926  0.532032
 0.314615 -0.219932  0.532008
0.314663 -0.21994 0.531977
 0.314713 -0.219945  0.531949
 0.314763 -0.219952  0.531923
 0.314812 -0.219956  0.531896
 0.314862 -0.219962  0.531871
  0.31491 -0.219958  0.531836
 0.314958 -0.219962  0.531811
 0.315007 -0.219966  0.531786
 0.315055 -0.219972  0.531759
 0.315107 -0.219986  0.531741
 0.315154 -0.219991  0.531714
 0.315202 -0.219996  0.531692
 0.315247 -0.220006  0.531664
 0.315293 -0.220013   0.53164
 0.315339 -0.220023  0.531616
 0.315383 -0.220031  0.531592
0.315428 -0.22004  0.53157
 0.315471 -0.220052  0.531544
 0.315514 -0.220063  0.531521
 0.315557 -0.220076  0.531497
   0.3156 -0.220088  0.531473
 0.315642 -0.220103  0.531451
 0.315684 -0.220115  0.531426
 0.315727 -0.220128  0.531408
 0.315767 -0.220144  0.531382
 0.315808 -0.220157   0.53136
 0.315849 -0.220173  0.531338
  0.31589 -0.220186  0.531315
 0.315931 -0.220201  0.531294
 0.315971 -0.220215  0.531271
 0.316012 -0.220227   0.53125
 0.316053 -0.220242  0.531228
 0.316093 -0.220254  0.531207
 0.316134 -0.220267  0.531186
 0.316174 -0.220278  0.531165
 0.316216 -0.220291  0.531146
 0.316256 -0.220301  0.531123
 0.316296 -0.220313  0.531101
 0.316337 -0.220321  0.531082
0.316378 -0.22033 0.531061
 0.316423 -0.220346  0.531039
 0.316463 -0.220356  0.531017
0.316506 -0.22036 0.531001
0.316545 -0.22037 0.530976
 0.316585 -0.220377  0.530957
 0.316626 -0.220385  0.530937
 0.316666 -0.220391  0.530917
 0.316707 -0.220397    0.5309
 0.316746 -0.220405  0.530878
 0.316786 -0.220411  0.530858
0.316825 -0.22042 0.530839
 0.316864 -0.220427   0.53082
 0.316904 -0.220435  0.530802
 0.316942 -0.220442  0.530782
 0.316982 -0.220449  0.530768
0.317018 -0.22046 0.530745
 0.317055 -0.220468  0.530726
 0.317093 -0.220479  0.530708
  0.31713 -0.220488  0.530689
 0.317167 -0.220499  0.530673
0.317203 -0.22051 0.530652
 0.317239 -0.220522  0.530634
 0.317275 -0.220532  0.530617
  0.31731 -0.220543  0.530598
 0.317346 -0.220556  0.530582
 0.317383 -0.220575  0.530566
  0.31742 -0.220588  0.530551
  0.31745 -0.220591  0.530527
 0.317488 -0.220613  0.530512
 0.317524 -0.220613  0.530492
 0.317558 -0.220624  0.530474
 0.317593 -0.220634  0.530459
 0.317627 -0.220647  0.530439
 0.317661 -0.220657  0.530422
 0.317696 -0.220669  0.530405
  0.31773 -0.220678  0.530388
0.317765 -0.22069 0.530371
 0.317798 -0.220698  0.530353
 0.317834 -0.220707   0.53034
 0.317867 -0.220717  0.530319
 0.317901 -0.220725  0.530303
 0.317936 -0.220735  0.530286
 0.317969 -0.220743  0.530269
 0.318004 -0.220752  0.530254
 0.318038 -0.220759  0.530236
 0.318072 -0.220766   0.53022
 0.318106 -0.220775  0.530204
 0.318139 -0.220782  0.530187
0.318173 -0.22079 0.530172
 0.318206 -0.220797  0.530155
 0.318241 -0.220806  0.530141
 0.318273 -0.220813  0.530123
 0.318306 -0.220819  0.530107
 0.318339 -0.220828  0.530091
 0.318372 -0.220835  0.530075
 0.318407 -0.220852  0.530063
0.318439 -0.22086 0.530046
 0.318473 -0.220867  0.530028
 0.318504 -0.220875  0.530008
 0.318535 -0.220882  0.529993
0.318567 -0.22089 0.529978
0.318598  -0.2209 0.529962
  0.31863 -0.220908  0.529949
  0.31866 -0.220918   0.52993
  0.31869 -0.220926  0.529915
 0.318721 -0.220937    0.5299
 0.318751 -0.220945  0.529884
 0.318782 -0.220952  0.529871
 0.318811 -0.220963  0.529853
 0.318843 -0.220971  0.529842
 0.318871 -0.220981  0.529823
 0.318901 -0.220989  0.529808
 0.318931 -0.220999  0.529793
  0.31896 -0.221007  0.529777
 0.318991 -0.221014  0.529765
 0.319019 -0.221024  0.529747
 0.319049 -0.221032  0.529733
 0.319079 -0.221041  0.529718
 0.319108 -0.221048  0.529703
 0.319138 -0.221057  0.529689
 0.319167 -0.221063  0.529674
 0.319198 -0.221069  0.529663
 0.319226 -0.221078  0.529645
 0.319257 -0.221091  0.529632
 0.319286 -0.221099  0.529618
 0.319315 -0.221105  0.529603
 0.319345 -0.221113   0.52959
 0.319374 -0.221111  0.529572
 0.319403 -0.221116  0.529558
 0.319431 -0.221131  0.529546
  0.31946 -0.221129   0.52953
 0.319489 -0.221134  0.529517
 0.319517 -0.221142  0.529501
 0.319547 -0.221147  0.529491
 0.319574 -0.221155  0.529473
 0.319602 -0.221158  0.529459
  0.31963 -0.221164  0.529447
 0.319658 -0.221172  0.529431
 0.319686 -0.221178   0.52942
 0.319713 -0.221186  0.529404
  0.31974 -0.221193  0.529391
 0.319767 -0.221202  0.529377
 0.319794 -0.221208  0.529363
 0.319822 -0.221215  0.529352
 0.319848 -0.221224  0.529337
 0.319876 -0.221231  0.529327
 0.319901 -0.221241   0.52931
 0.319928 -0.221248  0.529297
 0.319954 -0.221258  0.529284
  0.31998 -0.221264  0.529271
 0.320007 -0.221271   0.52926
 0.320033 -0.221281  0.529244
 0.320062 -0.221294  0.529237
 0.320087 -0.221303  0.529216
 0.320113 -0.221312  0.529202
 0.320139 -0.221316   0.52919
 0.320165 -0.221322  0.529176
0.320192 -0.22133 0.529165
 0.320216 -0.221337   0.52915
 0.320242 -0.221345  0.529136
0.320268 -0.22135 0.529124
 0.320293 -0.221358  0.529109
 0.320319 -0.221362  0.529098
 0.320344 -0.221367  0.529084
 0.320371 -0.221373  0.529075
 0.320395 -0.221378  0.529058
 0.320421 -0.221384  0.529044
 0.320446 -0.221388  0.529032
 0.320471 -0.221394  0.529018
 0.320498 -0.221397  0.529008
 0.320522 -0.221401  0.528993
 0.320547 -0.221407   0.52898
 0.320572 -0.221411  0.528968
 0.320598 -0.221424  0.528955
 0.320624 -0.221427  0.528944
 0.320649 -0.221424   0.52893
 0.320675 -0.221427  0.528921
 0.320698 -0.221434  0.528904
 0.320722 -0.221438  0.528892
 0.320747 -0.221445   0.52888
 0.320771 -0.221448  0.528867
 0.320796 -0.221455  0.528856
0.320819 -0.22146 0.528842
 0.320842 -0.221465   0.52883
 0.320866 -0.221472  0.528818
  0.32089 -0.221478  0.528806
 0.320914 -0.221486  0.528794
 0.320936 -0.221492  0.528782
 0.320961 -0.221499  0.528772
 0.320983 -0.221505  0.528758
 0.321006 -0.221511  0.528746
0.321029 -0.22152 0.528735
 0.321052 -0.221526  0.528722
 0.321076 -0.221534  0.528712
0.321098 -0.22154 0.528699
 0.321121 -0.221548  0.528686
 0.321144 -0.221553  0.528676
 0.321166 -0.221559  0.528664
 0.321189 -0.221566  0.528653
 0.321212 -0.221572  0.528641
 0.321236 -0.221578  0.528631
 0.321257 -0.221584  0.528617
  0.32128 -0.221588  0.528606
 0.321303 -0.221594  0.528594
 0.321325 -0.221599  0.528582
 0.321348 -0.221604  0.528572
  0.32137 -0.221609  0.528559
 0.321393 -0.221615  0.528546
 0.321415 -0.221618  0.528536
 0.321438 -0.221621  0.528524
  0.32146 -0.221627  0.528513
0.321482 -0.22163 0.528501
 0.321504 -0.221643  0.528495
 0.321522 -0.221638   0.52848
 0.321544 -0.221641  0.528468
 0.321567 -0.221646  0.528457
0.321588 -0.22165 0.528445
 0.321611 -0.221655  0.528436
 0.321632 -0.221659  0.528422
 0.321654 -0.221662  0.528411
 0.321676 -0.221667    0.5284
 0.321697 -0.221671  0.528388
  0.32172 -0.221683  0.528378
  0.32174 -0.221681  0.528365
 0.321763 -0.221693  0.528358
 0.321783 -0.221697  0.528344
 0.321804 -0.221701  0.528333
 0.321825 -0.221707  0.528322
 0.321847 -0.221713  0.528307
 0.321868 -0.221717  0.528298
 0.321888 -0.221722  0.528284
 0.321909 -0.221726  0.528273
 0.32193 -0.22173 0.528263
  0.32195 -0.221737  0.528251
 0.321971 -0.221741  0.528241
 0.321991 -0.221747  0.528229
 0.322013 -0.221751  0.528222
 0.322032 -0.221758  0.528207
 0.322052 -0.221761  0.528196
 0.322073 -0.221765  0.528187
 0.322093 -0.221771  0.528175
 0.322114 -0.221775  0.528167
 0.322133 -0.221781  0.528153
0.322154 -0.22179 0.528144
 0.322175 -0.221794  0.528134
0.322195  -0.2218 0.528122
 0.322215 -0.221803  0.528113
 0.322235 -0.221808  0.528101
 0.322256 -0.221811  0.528093
 0.322275 -0.221817  0.528079
 0.322295 -0.221819  0.528069
 0.322316 -0.221822  0.528059
 0.322335 -0.221827  0.528048
 0.322356 -0.221829  0.528039
 0.322375 -0.221834  0.528026
 0.322395 -0.221836  0.528016
 0.322415 -0.221838  0.528006
 0.322435 -0.221843  0.527995
 0.322456 -0.221838  0.527986
 0.322475 -0.221841  0.527975
 0.322496 -0.221843  0.527966
 0.322515 -0.221846  0.527953
 0.322534 -0.221848  0.527943
 0.322554 -0.221853  0.527933
 0.322572 -0.221857  0.527922
 0.322592 -0.221862  0.527913
 0.322611 -0.221865  0.527902
 0.322629 -0.221871  0.527891
 0.322648 -0.221875  0.527882
 0.322667 -0.221879  0.527872
 0.322686 -0.221885  0.527862
0.322704 -0.22189 0.527852
 0.322724 -0.221902  0.527844
 0.322742 -0.221907  0.527832
  0.32276 -0.221912  0.527823
 0.322779 -0.221918  0.527813
 0.322797 -0.221923  0.527803
0.322816 -0.22193 0.527794
 0.322834 -0.221934  0.527784
0.322854 -0.22194 0.527777
  0.32287 -0.221945  0.527764
 0.322889 -0.221949  0.527754
 0.322907 -0.221954  0.527745
 0.322925 -0.221958  0.527734
 0.322944 -0.221963  0.527726
 0.322962 -0.221967  0.527714
0.322981 -0.22197 0.527702
 0.322999 -0.221974  0.527694
 0.323017 -0.221976  0.527684
0.323036 -0.22198 0.527675
 0.323053 -0.221983  0.527664
 0.323073 -0.221986  0.527657
  0.32309 -0.221988  0.527644
 0.323109 -0.221991  0.527631
 0.323128 -0.221993  0.527622
 0.323145 -0.221997  0.527611
 0.323164 -0.221998  0.527604
 0.323182 -0.222002  0.527591
 0.323199 -0.222004  0.527582
 0.323218 -0.222004  0.527572
 0.323235 -0.222008  0.527561
0.323254 -0.22201 0.527553
 0.323271 -0.222014  0.527541
  0.32329 -0.222016  0.527536
 0.323306 -0.222021  0.527522
 0.323323 -0.222023  0.527513
 0.323341 -0.222026  0.527504
 0.323358 -0.222037  0.527494
 0.323376 -0.222039  0.527487
 0.323393 -0.222045  0.527475
  0.32341 -0.222048  0.527466
 0.323427 -0.222051  0.527458
 0.323443 -0.222057  0.527447
0.323461 -0.22206 0.527439
 0.323477 -0.222066  0.527429
 0.323495 -0.222069  0.527423
 0.323511 -0.222075   0.52741
 0.323529 -0.222069  0.527403
 0.323546 -0.222074  0.527394
 0.323562 -0.222077  0.527384
  0.32358 -0.222082  0.527376
 0.323596 -0.222083  0.527365
 0.323613 -0.222088  0.527355
 0.323629 -0.222091  0.527346
 0.323646 -0.222093  0.527337
 0.323662 -0.222105  0.527327
 0.323678 -0.222111  0.527318
 0.323696 -0.222114  0.527312
 0.323711 -0.222119  0.527299
 0.323728 -0.222121   0.52729
 0.323745 -0.222123  0.527282
 0.323761 -0.222128  0.527272
0.323778 -0.22213 0.527265
 0.323794 -0.222135  0.527254
 0.323811 -0.222136  0.527245
 0.323827 -0.222138  0.527237
 0.323845 -0.222134  0.527229
 0.323862 -0.222138   0.52722
0.323878 -0.22214  0.52721
 0.323895 -0.222143  0.527204
 0.323911 -0.222144  0.527191
 0.323927 -0.222145  0.527183
0.323943 -0.22215 0.527174
  0.32396 -0.222157  0.527165
 0.323976 -0.222161  0.527157
 0.323992 -0.222164  0.527147
 0.324009 -0.222168  0.527141
 0.324024 -0.222171  0.527129
 0.324039 -0.222174  0.527121
 0.324055 -0.222178  0.527112
 0.324071 -0.222182  0.527103
 0.324087 -0.222186  0.527096
0.324102 -0.22219 0.527085
 0.324117 -0.222193  0.527077
 0.324133 -0.222198  0.527068
 0.324149 -0.222203  0.527057
 0.324166 -0.222206   0.52705
  0.32418 -0.222211   0.52704
 0.324197 -0.222214  0.527035
0.324211 -0.22222 0.527022
 0.324226 -0.222222  0.527014
 0.324242 -0.222225  0.527006
 0.324257 -0.222228  0.526996
