0.269491 -0.32822 0.603665
 0.268687 -0.326604  0.606919
 0.268689 -0.326602  0.606917
 0.268695 -0.326595  0.606909
 0.268706 -0.326583  0.606896
 0.268721 -0.326567  0.606879
 0.268741 -0.326547  0.606856
 0.268765 -0.326522  0.606828
 0.268793 -0.326492  0.606795
 0.268825 -0.326458  0.606757
 0.268862 -0.326419  0.606714
 0.268903 -0.326375  0.606666
 0.268948 -0.326327  0.606613
 0.268998 -0.326275  0.606555
 0.269052 -0.326218  0.606492
  0.26911 -0.326156  0.606423
0.269173 -0.32609  0.60635
  0.26924 -0.326019  0.606272
 0.269311 -0.325944  0.606188
 0.269387 -0.325864    0.6061
 0.269467 -0.325779  0.606006
0.269551 -0.32569 0.605907
 0.269639 -0.325596  0.605804
 0.269732 -0.325498  0.605695
 0.269829 -0.325395  0.605581
 0.269931 -0.325288  0.605462
 0.270037 -0.325176  0.605338
 0.270147 -0.325059  0.605209
 0.270262 -0.324938  0.605075
  0.27038 -0.324812  0.604936
 0.270503 -0.324682  0.604792
 0.270631 -0.324547  0.604643
 0.270763 -0.324408  0.604489
 0.270899 -0.324264  0.604329
 0.271039 -0.324115  0.604165
 0.271184 -0.323962  0.603995
 0.271333 -0.323805  0.603821
 0.271486 -0.323642  0.603641
 0.271644 -0.323476  0.603457
 0.271806 -0.323304  0.603267
 0.271972 -0.323128  0.603072
 0.272142 -0.322948  0.602873
 0.272317 -0.322763  0.602668
 0.272496 -0.322574  0.602458
  0.27268 -0.322379  0.602243
0.272868 -0.32218 0.602023
  0.27306 -0.321977  0.601798
 0.273257 -0.321769  0.601567
 0.273458 -0.321556  0.601332
 0.273663 -0.321339  0.601092
 0.273873 -0.321118  0.600847
 0.274087 -0.320891  0.600596
 0.274305 -0.320661  0.600341
 0.274527 -0.320425  0.600081
 0.274754 -0.320185  0.599815
 0.274987 -0.319939  0.599543
0.275222 -0.31969 0.599267
 0.275462 -0.319437  0.598986
 0.275706 -0.319178  0.598701
 0.275954 -0.318916   0.59841
 0.276207 -0.318648  0.598114
 0.276464 -0.318376  0.597812
 0.276726 -0.318099  0.597506
 0.276991 -0.317818  0.597195
 0.277261 -0.317533  0.596879
 0.277536 -0.317243  0.596558
 0.277814 -0.316948  0.596232
 0.278097 -0.316648    0.5959
 0.278384 -0.316345  0.595564
 0.278676 -0.316036  0.595223
 0.278972 -0.315723  0.594876
 0.279272 -0.315406  0.594525
 0.279576 -0.315083  0.594168
 0.279885 -0.314757  0.593807
 0.280199 -0.314425   0.59344
 0.280516 -0.314089  0.593068
 0.280838 -0.313749  0.592691
 0.281164 -0.313404  0.592309
 0.281495 -0.313053  0.591922
  0.28183 -0.312699   0.59153
 0.282169 -0.312341  0.591133
 0.282512 -0.311977  0.590731
  0.28286 -0.311609  0.590323
 0.283212 -0.311237  0.589911
0.283569 -0.31086 0.589494
 0.283929 -0.310479  0.589072
 0.284294 -0.310092  0.588644
 0.284664 -0.309702  0.588212
 0.285037 -0.309306  0.587774
 0.285415 -0.308906  0.587332
 0.285797 -0.308502  0.586884
 0.286184 -0.308093  0.586431
 0.286575 -0.307679  0.585974
  0.28697 -0.307261  0.585511
  0.28737 -0.306839  0.585043
 0.287774 -0.306411   0.58457
0.288182 -0.30598 0.584092
 0.288594 -0.305543  0.583609
 0.289011 -0.305102  0.583121
 0.289432 -0.304657  0.582628
 0.289858 -0.304207   0.58213
 0.290287 -0.303752  0.581628
 0.290716 -0.303298  0.581125
 0.291146 -0.302843  0.580621
 0.291576 -0.302389  0.580118
 0.292005 -0.301934  0.579615
0.292435 -0.30148 0.579113
 0.292864 -0.301026   0.57861
 0.293294 -0.300572  0.578107
 0.293723 -0.300117  0.577604
 0.294153 -0.299663  0.577101
 0.294582 -0.299208  0.576598
 0.295011 -0.298754  0.576096
0.295441  -0.2983 0.575593
 0.295872 -0.297843  0.575087
 0.296302 -0.297389  0.574585
 0.296731 -0.296935  0.574082
0.297161 -0.29648 0.573579
  0.29759 -0.296026  0.573076
  0.29802 -0.295572  0.572573
 0.298449 -0.295117   0.57207
 0.298879 -0.294663  0.571567
 0.299308 -0.294208  0.571064
 0.299738 -0.293754  0.570562
0.300167  -0.2933 0.570059
 0.300596 -0.292845  0.569556
 0.301026 -0.292391  0.569053
 0.301455 -0.291937   0.56855
 0.301885 -0.291483  0.568048
 0.302315 -0.291028  0.567544
 0.302744 -0.290574  0.567041
 0.303174 -0.290119  0.566538
 0.303603 -0.289664  0.566035
0.304033 -0.28921 0.565532
 0.304462 -0.288756  0.565029
 0.304892 -0.288301  0.564526
 0.305322 -0.287846  0.564023
 0.305751 -0.287392   0.56352
 0.306181 -0.286938  0.563017
  0.30661 -0.286483  0.562514
  0.30704 -0.286029  0.562012
 0.307469 -0.285575  0.561509
0.307899 -0.28512 0.561005
 0.308329 -0.284665  0.560502
0.308759 -0.28421 0.559999
 0.309188 -0.283756  0.559496
 0.309618 -0.283301  0.558992
 0.310048 -0.282846  0.558489
 0.310478 -0.282392  0.557986
 0.310907 -0.281937  0.557483
 0.311337 -0.281483   0.55698
 0.311766 -0.281029  0.556478
 0.312195 -0.280574  0.555975
0.312625 -0.28012 0.555472
 0.313055 -0.279665  0.554969
0.313485 -0.27921 0.554465
 0.313915 -0.278756  0.553962
 0.314344 -0.278301  0.553459
 0.314774 -0.277847  0.552956
 0.315203 -0.277392  0.552453
 0.315633 -0.276938   0.55195
 0.316062 -0.276484  0.551447
 0.316492 -0.276029  0.550944
 0.316921 -0.275575  0.550441
0.317351 -0.27512 0.549938
  0.31778 -0.274666  0.549435
  0.31821 -0.274211  0.548932
 0.318638 -0.273758   0.54843
 0.319068 -0.273304  0.547928
 0.319497 -0.272849  0.547425
 0.319927 -0.272395  0.546921
0.320357 -0.27194 0.546418
 0.320786 -0.271486  0.545916
 0.321216 -0.271031  0.545413
 0.321645 -0.270577   0.54491
 0.322075 -0.270123  0.544407
 0.322504 -0.269668  0.543904
 0.322934 -0.269214  0.543401
0.323363 -0.26876 0.542898
 0.323793 -0.268305  0.542395
 0.324222 -0.267851  0.541892
 0.324652 -0.267397   0.54139
 0.325081 -0.266942  0.540887
  0.32551 -0.266488  0.540384
  0.32594 -0.266034  0.539881
  0.32637 -0.265579  0.539378
 0.326799 -0.265125  0.538875
0.327229 -0.26467 0.538372
 0.327658 -0.264216  0.537869
 0.328088 -0.263761  0.537366
 0.328518 -0.263307  0.536863
 0.328947 -0.262852   0.53636
 0.329377 -0.262398  0.535857
 0.329806 -0.261943  0.535354
 0.330236 -0.261489  0.534851
 0.330665 -0.261035  0.534348
 0.331094 -0.260581  0.533846
 0.331523 -0.260127  0.533343
 0.331953 -0.259672   0.53284
 0.332382 -0.259218  0.532338
 0.332812 -0.258763  0.531835
 0.333241 -0.258309  0.531332
 0.333671 -0.257855  0.530829
  0.3341  -0.2574 0.530326
 0.334528 -0.256948  0.529825
 0.334958 -0.256493  0.529322
 0.335388 -0.256038  0.528819
 0.335817 -0.255584  0.528316
0.336247 -0.25513 0.527813
 0.336676 -0.254675   0.52731
 0.337106 -0.254221  0.526807
 0.337536 -0.253766  0.526304
 0.337965 -0.253312  0.525801
 0.338395 -0.252857  0.525297
 0.338825 -0.252402  0.524794
  0.33925 -0.251952  0.524296
 0.339672 -0.251506  0.523802
 0.340089 -0.251065  0.523314
 0.340501 -0.250629  0.522831
 0.340909 -0.250197  0.522353
 0.341313 -0.249769   0.52188
 0.341713 -0.249346  0.521412
 0.342108 -0.248928  0.520949
 0.342499 -0.248515  0.520492
 0.342886 -0.248105  0.520039
 0.343268 -0.247701  0.519591
 0.343646 -0.247301  0.519148
 0.344021 -0.246905   0.51871
  0.34439 -0.246514  0.518277
 0.344756 -0.246127  0.517849
 0.345117 -0.245746  0.517427
 0.345473 -0.245369   0.51701
 0.345825 -0.244996  0.516598
 0.346173 -0.244628   0.51619
 0.346516 -0.244265  0.515788
 0.346856 -0.243906  0.515391
 0.347191 -0.243552  0.514999
 0.347521 -0.243202  0.514612
 0.347847 -0.242857   0.51423
 0.348169 -0.242517  0.513853
 0.348486 -0.242181  0.513481
   0.3488 -0.241849  0.513115
 0.349108 -0.241523  0.512753
0.349413  -0.2412 0.512396
 0.349713 -0.240883  0.512045
0.350009 -0.24057 0.511698
 0.350301 -0.240261  0.511357
 0.350588 -0.239957   0.51102
 0.350871 -0.239658  0.510689
  0.35115 -0.239363  0.510363
 0.351424 -0.239073  0.510042
 0.351694 -0.238787  0.509726
  0.35196 -0.238506  0.509414
0.352221 -0.23823 0.509108
 0.352478 -0.237958  0.508807
0.352731 -0.23769 0.508511
  0.35298 -0.237427   0.50822
 0.353224 -0.237169  0.507934
 0.353463 -0.236915  0.507654
 0.353699 -0.236666  0.507378
  0.35393 -0.236421  0.507107
 0.354157 -0.236181  0.506841
  0.35438 -0.235946  0.506581
 0.354598 -0.235715  0.506325
 0.354812 -0.235489  0.506075
 0.355021 -0.235267   0.50583
0.355227 -0.23505 0.505589
 0.355428 -0.234837  0.505354
 0.355624 -0.234629  0.505123
 0.355817 -0.234426  0.504898
 0.356005 -0.234227  0.504678
 0.356188 -0.234033  0.504463
 0.356367 -0.233843  0.504253
 0.356542 -0.233658  0.504048
 0.356713 -0.233477  0.503849
 0.356879 -0.233301  0.503654
0.357041 -0.23313 0.503464
 0.357199 -0.232963  0.503279
 0.357353 -0.232801    0.5031
 0.357502 -0.232643  0.502925
0.357647 -0.23249 0.502756
 0.357787 -0.232341  0.502591
 0.357787 -0.232341  0.502591
  0.3581 -0.23201 0.502225
 0.358226 -0.231877  0.502077
 0.358348 -0.231748  0.501935
 0.358465 -0.231624  0.501797
 0.358578 -0.231504  0.501665
 0.358687 -0.231389  0.501538
 0.358791 -0.231279  0.501415
 0.358891 -0.231173  0.501298
 0.358987 -0.231072  0.501186
 0.359078 -0.230975  0.501079
 0.359165 -0.230883  0.500977
 0.359248 -0.230795   0.50088
 0.359327 -0.230712  0.500789
   0.3594 -0.230634  0.500702
  0.35947 -0.230561   0.50062
 0.359536 -0.230491  0.500544
 0.359597 -0.230427  0.500472
 0.359654 -0.230366  0.500405
 0.359706 -0.230311  0.500344
0.359755 -0.23026 0.500287
 0.359799 -0.230213  0.500236
 0.359838 -0.230171   0.50019
 0.359873 -0.230134  0.500148
 0.359904 -0.230101  0.500112
 0.359931 -0.230073  0.500081
0.359953 -0.23005 0.500055
 0.359971 -0.230031  0.500034
 0.359985 -0.230016  0.500018
 0.359994 -0.230006  0.500007
 0.359999 -0.230001  0.500001
 0.36 -0.23   0.5
 0.36 -0.23   0.5
 0.36 -0.23   0.5
 0.36 -0.23   0.5
 0.36 -0.23   0.5
 0.36 -0.23   0.5
 0.36 -0.23   0.5
 0.36 -0.23   0.5
 0.36 -0.23   0.5
 0.36 -0.23   0.5
 0.36 -0.23   0.5
 0.36 -0.23   0.5
 0.36 -0.23   0.5
 0.36 -0.23   0.5
 0.36 -0.23   0.5
 0.36 -0.23   0.5
 0.36 -0.23   0.5
 0.36 -0.23   0.5
 0.36 -0.23   0.5
 0.36 -0.23   0.5
 0.36 -0.23   0.5
 0.36 -0.23   0.5
 0.36 -0.23   0.5
 0.36 -0.23   0.5
 0.36 -0.23   0.5
 0.36 -0.23   0.5
 0.36 -0.23   0.5
 0.36 -0.23   0.5
 0.36 -0.23   0.5
 0.36 -0.23   0.5
 0.36 -0.23   0.5
 0.36 -0.23   0.5
 0.36 -0.23   0.5
 0.36 -0.23   0.5
 0.36 -0.23   0.5
 0.36 -0.23   0.5
 0.36 -0.23   0.5
 0.36 -0.23   0.5
 0.36 -0.23   0.5
 0.36 -0.23   0.5
 0.36 -0.23   0.5
 0.36 -0.23   0.5
 0.36 -0.23   0.5
 0.36 -0.23   0.5
 0.36 -0.23   0.5
 0.36 -0.23   0.5
 0.36 -0.23   0.5
 0.36 -0.23   0.5
 0.36 -0.23   0.5
 0.36 -0.23   0.5
 0.36 -0.23   0.5
 0.36 -0.23   0.5
 0.36 -0.23   0.5
 0.36 -0.23   0.5
 0.36 -0.23   0.5
 0.36 -0.23   0.5
 0.36 -0.23   0.5
 0.36 -0.23   0.5
 0.36 -0.23   0.5
 0.36 -0.23   0.5
 0.36 -0.23   0.5
 0.36 -0.23   0.5
 0.36 -0.23   0.5
 0.36 -0.23   0.5
 0.36 -0.23   0.5
 0.36 -0.23   0.5
 0.36 -0.23   0.5
 0.36 -0.23   0.5
 0.36 -0.23   0.5
 0.36 -0.23   0.5
 0.36 -0.23   0.5
 0.36 -0.23   0.5
 0.36 -0.23   0.5
 0.36 -0.23   0.5
 0.36 -0.23   0.5
 0.36 -0.23   0.5
 0.36 -0.23   0.5
 0.36 -0.23   0.5
 0.36 -0.23   0.5
 0.36 -0.23   0.5
 0.36 -0.23   0.5
 0.36 -0.23   0.5
 0.36 -0.23   0.5
 0.36 -0.23   0.5
 0.36 -0.23   0.5
 0.36 -0.23   0.5
 0.36 -0.23   0.5
 0.36 -0.23   0.5
 0.36 -0.23   0.5
 0.36 -0.23   0.5
 0.36 -0.23   0.5
 0.36 -0.23   0.5
 0.36 -0.23   0.5
 0.36 -0.23   0.5
 0.36 -0.23   0.5
 0.36 -0.23   0.5
 0.36 -0.23   0.5
 0.36 -0.23   0.5
 0.36 -0.23   0.5
 0.36 -0.23   0.5
 0.36 -0.23   0.5
 0.36 -0.23   0.5
 0.36 -0.23   0.5
 0.36 -0.23   0.5
 0.36 -0.23   0.5
 0.36 -0.23   0.5
 0.36 -0.23   0.5
 0.36 -0.23   0.5
 0.36 -0.23   0.5
 0.36 -0.23   0.5
 0.36 -0.23   0.5
 0.36 -0.23   0.5
 0.36 -0.23   0.5
 0.36 -0.23   0.5
 0.36 -0.23   0.5
 0.36 -0.23   0.5
 0.36 -0.23   0.5
 0.36 -0.23   0.5
 0.36 -0.23   0.5
 0.36 -0.23   0.5
 0.36 -0.23   0.5
 0.36 -0.23   0.5
 0.36 -0.23   0.5
 0.36 -0.23   0.5
 0.36 -0.23   0.5
 0.36 -0.23   0.5
 0.36 -0.23   0.5
 0.36 -0.23   0.5
 0.36 -0.23   0.5
 0.36 -0.23   0.5
 0.36 -0.23   0.5
 0.36 -0.23   0.5
 0.36 -0.23   0.5
 0.36 -0.23   0.5
 0.36 -0.23   0.5
 0.36 -0.23   0.5
 0.36 -0.23   0.5
 0.36 -0.23   0.5
 0.36 -0.23   0.5
 0.36 -0.23   0.5
 0.36 -0.23   0.5
 0.36 -0.23   0.5
 0.36 -0.23   0.5
 0.36 -0.23   0.5
 0.36 -0.23   0.5
 0.36 -0.23   0.5
 0.36 -0.23   0.5
 0.36 -0.23   0.5
 0.36 -0.23   0.5
 0.36 -0.23   0.5
 0.36 -0.23   0.5
 0.36 -0.23   0.5
 0.36 -0.23   0.5
 0.36 -0.23   0.5
 0.36 -0.23   0.5
 0.36 -0.23   0.5
 0.36 -0.23   0.5
 0.36 -0.23   0.5
 0.36 -0.23   0.5
 0.36 -0.23   0.5
 0.36 -0.23   0.5
 0.36 -0.23   0.5
 0.36 -0.23   0.5
 0.36 -0.23   0.5
 0.36 -0.23   0.5
 0.36 -0.23   0.5
 0.36 -0.23   0.5
 0.36 -0.23   0.5
 0.36 -0.23   0.5
 0.36 -0.23   0.5
 0.36 -0.23   0.5
 0.36 -0.23   0.5
 0.36 -0.23   0.5
 0.36 -0.23   0.5
 0.36 -0.23   0.5
 0.36 -0.23   0.5
 0.36 -0.23   0.5
 0.36 -0.23   0.5
 0.36 -0.23   0.5
 0.36 -0.23   0.5
 0.36 -0.23   0.5
 0.36 -0.23   0.5
 0.36 -0.23   0.5
 0.36 -0.23   0.5
 0.36 -0.23   0.5
 0.36 -0.23   0.5
 0.36 -0.23   0.5
 0.36 -0.23   0.5
 0.36 -0.23   0.5
 0.36 -0.23   0.5
 0.36 -0.23   0.5
 0.36 -0.23   0.5
 0.36 -0.23   0.5
 0.36 -0.23   0.5
 0.36 -0.23   0.5
 0.36 -0.23   0.5
 0.36 -0.23   0.5
 0.36 -0.23   0.5
 0.36 -0.23   0.5
 0.36 -0.23   0.5
 0.36 -0.23   0.5
 0.36 -0.23   0.5
 0.36 -0.23   0.5
 0.36 -0.23   0.5
 0.36 -0.23   0.5
 0.36 -0.23   0.5
 0.36 -0.23   0.5
 0.36 -0.23   0.5
 0.36 -0.23   0.5
 0.36 -0.23   0.5
 0.36 -0.23   0.5
 0.36 -0.23   0.5
 0.36 -0.23   0.5
 0.36 -0.23   0.5
 0.36 -0.23   0.5
 0.36 -0.23   0.5
 0.36 -0.23   0.5
 0.36 -0.23   0.5
 0.36 -0.23   0.5
 0.36 -0.23   0.5
 0.36 -0.23   0.5
 0.36 -0.23   0.5
 0.36 -0.23   0.5
 0.36 -0.23   0.5
 0.36 -0.23   0.5
 0.36 -0.23   0.5
 0.36 -0.23   0.5
 0.36 -0.23   0.5
 0.36 -0.23   0.5
 0.36 -0.23   0.5
 0.36 -0.23   0.5
 0.36 -0.23   0.5
 0.36 -0.23   0.5
 0.36 -0.23   0.5
 0.36 -0.23   0.5
 0.36 -0.23   0.5
 0.36 -0.23   0.5
 0.36 -0.23   0.5
 0.36 -0.23   0.5
 0.36 -0.23   0.5
 0.36 -0.23   0.5
 0.36 -0.23   0.5
 0.36 -0.23   0.5
 0.36 -0.23   0.5
 0.36 -0.23   0.5
 0.36 -0.23   0.5
 0.36 -0.23   0.5
 0.36 -0.23   0.5
 0.36 -0.23   0.5
 0.36 -0.23   0.5
 0.36 -0.23   0.5
 0.36 -0.23   0.5
 0.36 -0.23   0.5
 0.36 -0.23   0.5
 0.36 -0.23   0.5
 0.36 -0.23   0.5
 0.36 -0.23   0.5
 0.36 -0.23   0.5
 0.36 -0.23   0.5
 0.36 -0.23   0.5
 0.36 -0.23   0.5
 0.36 -0.23   0.5
 0.36 -0.23   0.5
 0.36 -0.23   0.5
 0.36 -0.23   0.5
 0.36 -0.23   0.5
 0.36 -0.23   0.5
 0.36 -0.23   0.5
 0.36 -0.23   0.5
 0.36 -0.23   0.5
 0.36 -0.23   0.5
 0.36 -0.23   0.5
 0.36 -0.23   0.5
 0.36 -0.23   0.5
 0.36 -0.23   0.5
 0.36 -0.23   0.5
 0.36 -0.23   0.5
 0.36 -0.23   0.5
 0.36 -0.23   0.5
 0.36 -0.23   0.5
 0.36 -0.23   0.5
 0.36 -0.23   0.5
 0.36 -0.23   0.5
 0.36 -0.23   0.5
 0.36 -0.23   0.5
 0.36 -0.23   0.5
 0.36 -0.23   0.5
 0.36 -0.23   0.5
 0.36 -0.23   0.5
 0.36 -0.23   0.5
 0.36 -0.23   0.5
 0.36 -0.23   0.5
 0.36 -0.23   0.5
 0.36 -0.23   0.5
 0.36 -0.23   0.5
 0.36 -0.23   0.5
 0.36 -0.23   0.5
 0.36 -0.23   0.5
 0.36 -0.23   0.5
 0.36 -0.23   0.5
 0.36 -0.23   0.5
 0.36 -0.23   0.5
 0.36 -0.23   0.5
 0.36 -0.23   0.5
 0.36 -0.23   0.5
 0.36 -0.23   0.5
 0.36 -0.23   0.5
 0.36 -0.23   0.5
 0.36 -0.23   0.5
 0.36 -0.23   0.5
 0.36 -0.23   0.5
 0.36 -0.23   0.5
 0.36 -0.23   0.5
 0.36 -0.23   0.5
 0.36 -0.23   0.5
 0.36 -0.23   0.5
 0.36 -0.23   0.5
 0.36 -0.23   0.5
 0.36 -0.23   0.5
 0.36 -0.23   0.5
 0.36 -0.23   0.5
 0.36 -0.23   0.5
 0.36 -0.23   0.5
 0.36 -0.23   0.5
 0.36 -0.23   0.5
 0.36 -0.23   0.5
 0.36 -0.23   0.5
 0.36 -0.23   0.5
 0.36 -0.23   0.5
 0.36 -0.23   0.5
 0.36 -0.23   0.5
 0.36 -0.23   0.5
 0.36 -0.23   0.5
 0.36 -0.23   0.5
 0.36 -0.23   0.5
 0.36 -0.23   0.5
 0.36 -0.23   0.5
 0.36 -0.23   0.5
 0.36 -0.23   0.5
 0.36 -0.23   0.5
 0.36 -0.23   0.5
 0.36 -0.23   0.5
 0.36 -0.23   0.5
 0.36 -0.23   0.5
 0.36 -0.23   0.5
 0.36 -0.23   0.5
 0.36 -0.23   0.5
 0.36 -0.23   0.5
 0.36 -0.23   0.5
 0.36 -0.23   0.5
 0.36 -0.23   0.5
 0.36 -0.23   0.5
 0.36 -0.23   0.5
 0.36 -0.23   0.5
 0.36 -0.23   0.5
 0.36 -0.23   0.5
 0.36 -0.23   0.5
 0.36 -0.23   0.5
 0.36 -0.23   0.5
 0.36 -0.23   0.5
 0.36 -0.23   0.5
 0.36 -0.23   0.5
 0.36 -0.23   0.5
 0.36 -0.23   0.5
 0.36 -0.23   0.5
 0.36 -0.23   0.5
 0.36 -0.23   0.5
 0.36 -0.23   0.5
 0.36 -0.23   0.5
 0.36 -0.23   0.5
 0.36 -0.23   0.5
 0.36 -0.23   0.5
 0.36 -0.23   0.5
 0.36 -0.23   0.5
 0.36 -0.23   0.5
 0.36 -0.23   0.5
 0.36 -0.23   0.5
 0.36 -0.23   0.5
 0.36 -0.23   0.5
 0.36 -0.23   0.5
 0.36 -0.23   0.5
 0.36 -0.23   0.5
 0.36 -0.23   0.5
 0.36 -0.23   0.5
 0.36 -0.23   0.5
 0.36 -0.23   0.5
 0.36 -0.23   0.5
 0.36 -0.23   0.5
 0.36 -0.23   0.5
 0.36 -0.23   0.5
 0.36 -0.23   0.5
 0.36 -0.23   0.5
 0.36 -0.23   0.5
 0.36 -0.23   0.5
 0.36 -0.23   0.5
 0.36 -0.23   0.5
 0.36 -0.23   0.5
 0.36 -0.23   0.5
 0.36 -0.23   0.5
 0.36 -0.23   0.5
 0.36 -0.23   0.5
 0.36 -0.23   0.5
 0.36 -0.23   0.5
 0.36 -0.23   0.5
 0.36 -0.23   0.5
 0.36 -0.23   0.5
 0.36 -0.23   0.5
 0.36 -0.23   0.5
 0.36 -0.23   0.5
 0.36 -0.23   0.5
 0.36 -0.23   0.5
 0.36 -0.23   0.5
 0.36 -0.23   0.5
 0.36 -0.23   0.5
 0.36 -0.23   0.5
 0.36 -0.23   0.5
 0.36 -0.23   0.5
 0.36 -0.23   0.5
 0.36 -0.23   0.5
 0.36 -0.23   0.5
 0.36 -0.23   0.5
 0.36 -0.23   0.5
 0.36 -0.23   0.5
 0.36 -0.23   0.5
 0.36 -0.23   0.5
 0.36 -0.23   0.5
 0.36 -0.23   0.5
 0.36 -0.23   0.5
 0.36 -0.23   0.5
 0.36 -0.23   0.5
 0.36 -0.23   0.5
 0.36 -0.23   0.5
 0.36 -0.23   0.5
 0.36 -0.23   0.5
 0.36 -0.23   0.5
 0.36 -0.23   0.5
 0.36 -0.23   0.5
 0.36 -0.23   0.5
 0.36 -0.23   0.5
 0.36 -0.23   0.5
 0.36 -0.23   0.5
 0.36 -0.23   0.5
 0.36 -0.23   0.5
 0.36 -0.23   0.5
 0.36 -0.23   0.5
 0.36 -0.23   0.5
 0.36 -0.23   0.5
 0.36 -0.23   0.5
 0.36 -0.23   0.5
 0.36 -0.23   0.5
 0.36 -0.23   0.5
 0.36 -0.23   0.5
 0.36 -0.23   0.5
 0.36 -0.23   0.5
 0.36 -0.23   0.5
 0.36 -0.23   0.5
 0.36 -0.23   0.5
 0.36 -0.23   0.5
 0.36 -0.23   0.5
 0.36 -0.23   0.5
 0.36 -0.23   0.5
 0.36 -0.23   0.5
 0.36 -0.23   0.5
 0.36 -0.23   0.5
 0.36 -0.23   0.5
 0.36 -0.23   0.5
 0.36 -0.23   0.5
 0.36 -0.23   0.5
 0.36 -0.23   0.5
