6.91414e-06
0.00960302
0.019659
0.0297041
0.0397699
0.0498259
0.05988
0.0699439
0.079999
0.0900369
0.100104
0.11016
0.120227
0.130295
0.140361
0.150417
0.160474
0.170535
0.180602
0.190667
0.200734
0.210792
0.220852
0.230912
0.240983
0.251041
0.261097
0.271168
0.281247
0.291318
0.301375
0.311446
0.321505
0.331564
0.341621
0.351678
0.361733
0.371798
0.381863
0.391918
0.401986
0.412045
0.422103
0.432159
0.442217
0.452275
0.462334
0.472395
0.482453
0.492511
0.502577
0.512633
0.52269
0.532747
0.542803
0.552859
0.562917
0.572973
0.583039
0.593094
0.603163
0.61322
0.623279
0.633337
0.643395
0.65345
0.663506
0.673563
0.68363
0.693687
0.703758
0.713815
0.723871
0.73393
0.743986
0.754042
0.764097
0.774152
0.784208
0.794273
0.804328
0.814383
0.82444
0.834503
0.844562
0.854619
0.864677
0.874744
0.884809
0.894875
0.904903
0.91497
0.925025
0.935082
0.945147
0.955202
0.965267
0.975325
0.985396
0.99545
1.00551
1.01557
1.02564
1.0357
1.04576
1.05583
1.0659
1.07596
1.08602
1.09607
1.10614
1.1162
1.12626
1.13632
1.14637
1.15644
1.16649
1.17655
1.1866
1.19666
1.20673
1.21678
1.22685
1.2369
1.24697
1.25702
1.26708
1.27715
1.28721
1.29727
1.30732
1.31738
1.32744
1.33749
1.34755
1.35762
1.36769
1.37774
1.3878
1.39787
1.40792
1.41799
1.42804
1.4381
1.44816
1.45822
1.46828
1.47835
1.48842
1.49849
1.50855
1.51862
1.52869
1.53876
1.54883
1.55889
1.56895
1.57901
1.58907
1.59912
1.60918
1.61924
1.6293
1.63937
1.64942
1.65948
1.66954
1.67959
1.68965
1.6997
1.70976
1.71981
1.72987
1.73992
1.74999
1.76005
1.77011
1.78016
1.79022
1.80029
1.81035
1.8204
1.83048
1.84053
1.8506
1.86065
1.87072
1.88079
1.89085
1.90091
1.91096
1.92102
1.93109
1.94114
1.9512
1.96127
1.97134
1.98139
1.99145
2.00151
2.01158
2.02164
2.03169
2.04175
2.05182
2.06187
2.07193
2.082
2.09206
2.10211
2.11216
2.12222
2.13228
2.14233
2.1524
2.16245
2.17251
2.18256
2.19262
2.20267
2.21273
2.2228
2.23286
2.24293
2.25299
2.26304
2.2731
2.28316
2.29321
2.30327
2.31333
2.32339
2.33345
2.34351
2.35356
2.36362
2.37368
2.38373
2.3938
2.40387
2.41393
2.42399
2.43405
2.4441
2.45416
2.46423
2.47429
2.48434
2.4944
2.50446
2.51452
2.52457
2.53463
2.54469
2.55474
2.5648
2.57486
2.58493
2.59499
2.60505
2.61511
2.62517
2.63523
2.64529
2.65534
2.66541
2.67548
2.68554
2.6956
2.70565
2.71571
2.72576
2.73582
2.74588
2.75594
2.76599
2.77605
2.7861
2.79617
2.80623
2.81629
2.82635
2.83641
2.84646
2.85652
2.86657
2.87663
2.88668
2.89673
2.90679
2.91684
2.92691
2.93697
2.94703
2.95708
2.96714
2.9772
2.98725
2.99731
3.00736
3.01742
3.02747
3.03753
3.04758
3.05763
3.06769
3.07776
3.08782
3.09788
3.10793
3.11798
3.12804
3.13809
3.14815
3.1582
3.16838
3.17844
3.18849
3.19855
3.2086
3.21866
3.22871
3.23877
3.24883
3.2589
3.26892
3.27899
3.28905
3.29912
3.30918
3.31923
3.32929
3.33935
3.34942
3.35947
3.36953
3.37959
3.38965
3.39971
3.40976
3.41982
3.42987
3.43993
3.44998
3.46004
3.4701
3.48016
3.49021
3.50027
3.51032
3.52038
3.53044
3.54049
3.55055
3.5606
3.57066
3.58072
3.59077
3.60083
3.61088
3.62094
3.63101
3.64106
3.65112
3.66118
3.67123
3.68129
3.69134
3.7014
3.71145
3.72151
3.73157
3.74162
3.75168
3.76173
3.77179
3.78184
3.7919
3.80195
3.81201
3.82206
3.83212
3.84218
3.85223
3.86229
3.87235
3.88241
3.89247
3.90253
3.91263
3.92269
3.93274
3.9428
3.95286
3.9631
3.97316
3.98322
3.99327
4.00333
4.01338
4.02344
4.03349
4.04355
4.05361
4.06366
4.07371
4.08377
4.09383
4.10388
4.11394
4.12399
4.13405
4.1441
4.15416
4.16421
4.17427
4.18432
4.19437
4.20443
4.21448
4.22454
4.2346
4.24465
4.25472
4.26477
4.27483
4.28489
4.29494
4.30501
4.31506
4.32512
4.33518
4.34523
4.35529
4.36534
4.3754
4.38546
4.39551
4.40558
4.41563
4.4257
4.43577
4.44583
4.45588
4.46594
4.476
4.48604
4.4961
4.50616
4.51621
4.52628
4.53633
4.54637
4.55643
4.56648
4.57655
4.5866
4.59662
4.60668
4.61673
4.62679
4.63685
4.6469
4.65696
4.66702
4.67707
4.68713
4.69719
4.70725
4.71731
4.72736
4.73742
4.74749
4.75759
4.76766
4.77771
4.78777
4.79783
4.80791
4.81796
4.82802
4.83811
4.84817
4.85823
4.86828
4.87834
4.8884
4.89845
4.90851
4.91857
4.92862
4.93868
4.94874
4.95879
4.96885
4.97893
4.98899
4.99905
5.0091
5.01916
5.02921
5.03927
5.04933
5.05938
5.06944
5.07949
5.08955
5.0996
5.10966
5.11971
5.12978
5.13983
5.14989
5.15995
5.17
5.18006
5.19012
5.20017
5.21023
5.22028
5.23034
5.24039
5.25045
5.26051
5.27057
5.28063
5.29068
5.30074
5.3108
5.32085
5.33091
5.34097
5.35103
5.36108
5.37114
5.3812
5.39125
5.40131
5.41137
5.42143
5.43149
5.44155
5.4516
5.46166
5.47172
5.48178
5.49183
5.50189
5.51195
5.52201
5.53206
5.54208
5.55214
5.56221
5.57226
5.58232
5.59237
5.60243
5.61248
5.62255
5.63261
5.64267
5.65272
5.66278
5.67284
5.6829
5.69295
5.70301
5.71307
5.72312
5.73318
5.74324
5.75329
5.76335
5.77341
5.78346
5.79352
5.80357
5.81364
5.82369
5.83376
5.84382
5.85387
5.86393
5.87399
5.88404
5.8941
5.90416
5.91422
5.92427
5.93433
5.94439
5.95453
5.96459
5.97464
5.9847
5.99475
6.00481
6.01486
6.02492
6.03498
6.04504
6.0551
6.06515
6.07522
6.08528
6.09533
6.10538
6.11544
6.12549
6.13555
6.1456
6.15566
6.16572
6.17573
6.18576
6.19581
6.20587
6.21593
6.22598
6.23603
6.24609
6.25614
6.26622
6.27627
6.28632
6.29638
6.30646
6.31651
6.32657
6.33663
6.34668
6.35674
6.36679
6.37686
6.38692
6.39698
6.40704
6.4171
6.42715
6.43721
6.44727
6.45735
6.46742
6.47748
6.48754
6.4976
6.50766
6.51772
6.52778
6.53784
6.5479
6.55796
6.56801
6.57807
6.58812
6.59818
6.60823
6.61829
6.62834
6.6384
6.64846
6.65851
6.66857
6.67862
6.68868
6.69874
6.70879
6.71885
6.72892
6.73898
6.74906
6.75912
6.76919
6.77924
6.7893
6.79935
6.80941
6.81946
6.82952
6.83958
6.84963
6.85969
6.86975
6.8798
6.88986
6.89991
6.90997
6.92003
6.93008
6.94014
6.9502
6.96027
6.97034
6.98039
6.99045
7.00052
7.01057
7.02063
7.03068
7.04074
7.05081
7.06092
7.07098
7.08104
7.09109
7.10115
7.11121
7.12127
7.13133
7.14139
7.15144
7.1615
7.17156
7.18161
7.19167
7.20172
7.21178
7.22183
7.23194
7.242
7.25205
7.26211
7.27216
7.28222
7.29227
7.30233
7.31238
7.32244
7.33254
7.3426
7.35262
7.36267
7.37273
7.38279
7.39284
7.4029
7.41295
7.42301
7.43306
7.44312
7.45318
7.46323
7.47328
7.48334
7.4934
7.50345
7.51352
7.52358
7.53363
7.54369
7.55374
7.5638
7.57386
7.58391
7.59397
7.60402
7.61408
7.62414
7.6342
7.64425
7.65431
7.66437
7.67443
7.68449
7.69455
7.7046
7.71466
7.72472
7.73478
7.74483
7.75489
7.76495
7.775
7.78506
7.79512
7.80518
7.81523
7.82529
7.83535
7.8454
7.85546
