0.0167668 -0.105397  0.508416
0.0167668 -0.105397  0.508416
0.0167672 -0.105397  0.508414
0.0167686 -0.105397  0.508406
0.0167709 -0.105396  0.508393
0.0167741 -0.105396  0.508376
0.0167782 -0.105395  0.508353
0.0167833 -0.105395  0.508325
0.0167892 -0.105394  0.508292
0.0167961 -0.105393  0.508254
0.0168039 -0.105392  0.508211
0.0168126 -0.105391  0.508163
0.0168222  -0.10539   0.50811
0.0168328 -0.105389  0.508052
0.0168442 -0.105387  0.507989
0.0168566 -0.105386  0.507921
0.0168699 -0.105384  0.507847
0.0168841 -0.105382  0.507769
0.0168992 -0.105381  0.507685
0.0169153 -0.105379  0.507597
0.0169322 -0.105377  0.507503
0.0169501 -0.105374  0.507405
0.0169689 -0.105372  0.507301
0.0169886  -0.10537  0.507192
0.0170307 -0.105365   0.50696
0.0170307 -0.105365   0.50696
0.0170532 -0.105362  0.506836
0.0170765 -0.105359  0.506707
0.0171008 -0.105356  0.506573
 0.017126 -0.105353  0.506434
0.0171521  -0.10535   0.50629
0.0171791 -0.105346  0.506141
0.0172071 -0.105343  0.505986
 0.017236 -0.105339  0.505827
0.0172657 -0.105336  0.505663
0.0172964 -0.105332  0.505493
0.0173281 -0.105328  0.505319
0.0173606 -0.105324  0.505139
0.017394 -0.10532 0.504955
0.0174284 -0.105316  0.504765
0.0174637 -0.105312   0.50457
0.0174999 -0.105307  0.504371
 0.017537 -0.105303  0.504166
 0.017575 -0.105298  0.503956
 0.017614 -0.105293  0.503741
0.0176538 -0.105288  0.503521
0.0176946 -0.105283  0.503296
0.0177363 -0.105278  0.503066
0.0177789 -0.105273  0.502831
0.0178224 -0.105268  0.502591
0.0178669 -0.105262  0.502346
0.0179585 -0.105251   0.50184
0.0179585 -0.105251   0.50184
0.0180057 -0.105245  0.501579
0.0180538 -0.105239  0.501314
0.0181029 -0.105233  0.501043
0.0181528 -0.105227  0.500768
0.0182037 -0.105221  0.500487
0.0182554 -0.105215  0.500201
0.0183081 -0.105208  0.499911
0.0183617 -0.105202  0.499615
0.0184163 -0.105195  0.499314
0.0184717 -0.105188  0.499008
0.0185281 -0.105181  0.498697
0.0185853 -0.105174  0.498381
0.0186435 -0.105167   0.49806
0.0187026  -0.10516  0.497734
0.0187626 -0.105153  0.497403
0.0188235 -0.105145  0.497066
0.0188854 -0.105138  0.496725
0.0190119 -0.105122  0.496027
0.0190119 -0.105122  0.496027
0.0190765 -0.105114  0.495671
 0.019142 -0.105106  0.495309
0.0192758  -0.10509  0.494571
0.0193441 -0.105082  0.494194
0.0194133 -0.105073  0.493812
0.0194834 -0.105064  0.493425
0.0195544 -0.105056  0.493033
0.0196264 -0.105047  0.492636
0.0196992 -0.105038  0.492234
 0.019773 -0.105029  0.491827
0.0198477  -0.10502  0.491415
0.0199233 -0.105011  0.490997
0.0199998 -0.105001  0.490575
0.0200772 -0.104992  0.490148
0.0201556 -0.104982  0.489716
0.0202349 -0.104973  0.489278
0.0203151 -0.104963  0.488836
0.0203962 -0.104953  0.488388
0.0204782 -0.104943  0.487936
0.0205611 -0.104933  0.487478
 0.020645 -0.104922  0.487015
0.0207297 -0.104912  0.486548
0.0208154 -0.104902  0.486075
0.0209021 -0.104891  0.485596
0.0209896  -0.10488  0.485113
0.0210781 -0.104869  0.484625
0.0211674 -0.104858  0.484132
0.0212577 -0.104847  0.483634
0.0213487 -0.104836  0.483132
0.0214398 -0.104825  0.482629
0.0215309 -0.104814  0.482126
 0.021622 -0.104803  0.481624
0.0217131 -0.104792  0.481121
0.0218042 -0.104781  0.480618
0.0218953 -0.104769  0.480115
0.0219865 -0.104758  0.479612
0.0220776 -0.104747   0.47911
0.0221687 -0.104736  0.478607
0.0222598 -0.104725  0.478104
 0.022351 -0.104714  0.477601
0.0224421 -0.104703  0.477098
0.0225332 -0.104691  0.476595
0.0226243  -0.10468  0.476093
0.0227155 -0.104669   0.47559
0.0228066 -0.104658  0.475087
0.0228977 -0.104647  0.474584
0.0229888 -0.104636  0.474081
0.0230799 -0.104624  0.473578
 0.023171 -0.104613  0.473076
0.0232621 -0.104602  0.472573
0.0233532 -0.104591   0.47207
0.0234444  -0.10458  0.471567
0.0235355 -0.104569  0.471064
0.0236266 -0.104558  0.470562
0.0237178 -0.104546  0.470058
 0.023809 -0.104535  0.469555
0.0239001 -0.104524  0.469053
0.0239912 -0.104513   0.46855
0.0240823 -0.104502  0.468047
0.0241735 -0.104491  0.467544
 0.024265 -0.104479  0.467039
0.0243561 -0.104468  0.466536
0.0244472 -0.104457  0.466033
0.0245383 -0.104446  0.465531
0.0246294 -0.104435  0.465028
0.0247206 -0.104424  0.464525
0.0248117 -0.104413  0.464022
0.0249028 -0.104401  0.463519
0.0249939  -0.10439  0.463016
0.0250851 -0.104379  0.462514
0.0251764 -0.104368   0.46201
0.0252675 -0.104357  0.461507
0.0253587 -0.104346  0.461003
0.0254499 -0.104335    0.4605
 0.025541 -0.104323  0.459998
0.0256321 -0.104312  0.459495
0.0257232 -0.104301  0.458992
0.0258143  -0.10429  0.458489
0.0259054 -0.104279  0.457987
0.0259965 -0.104268  0.457484
0.0260876 -0.104257  0.456981
0.0261788 -0.104245  0.456478
0.0262701 -0.104234  0.455974
0.0263612 -0.104223  0.455471
0.0264523 -0.104212  0.454969
0.0265434 -0.104201  0.454466
0.0266346  -0.10419  0.453963
0.0267257 -0.104178   0.45346
0.0268167 -0.104167  0.452958
0.0269078 -0.104156  0.452455
 0.026999 -0.104145  0.451952
0.0270901 -0.104134  0.451449
0.0271812 -0.104123  0.450946
0.0272723 -0.104112  0.450444
0.0273635   -0.1041  0.449941
0.0274546 -0.104089  0.449438
0.0275458 -0.104078  0.448934
0.0276369 -0.104067  0.448432
0.0277281 -0.104056  0.447929
0.0278192 -0.104045  0.447426
0.0279104 -0.104034  0.446922
0.0280015 -0.104022   0.44642
0.0280926 -0.104011  0.445917
0.0281842    -0.104  0.445412
0.0282753 -0.103989  0.444909
0.0283664 -0.103978  0.444406
0.0284575 -0.103967  0.443903
0.0285488 -0.103955    0.4434
0.0286399 -0.103944  0.442897
 0.028731 -0.103933  0.442394
0.0288221 -0.103922  0.441891
0.0289132 -0.103911  0.441388
0.0290044   -0.1039  0.440886
0.0290955 -0.103889  0.440383
0.0291866 -0.103877   0.43988
0.0292777 -0.103866  0.439377
0.0293688 -0.103855  0.438874
0.0294598 -0.103844  0.438372
0.0295501 -0.103833  0.437874
0.0296394 -0.103822  0.437381
0.0297278 -0.103811  0.436893
0.0298153   -0.1038  0.436411
0.0299019  -0.10379  0.435933
0.0299876 -0.103779   0.43546
0.0300725 -0.103769  0.434991
0.0301566 -0.103759  0.434528
0.0302394 -0.103749   0.43407
0.0303214 -0.103739  0.433618
0.0304026 -0.103729   0.43317
0.0304828 -0.103719  0.432727
 0.030562 -0.103709   0.43229
0.0306403   -0.1037  0.431858
0.0307177  -0.10369  0.431431
0.0307942 -0.103681  0.431009
0.0308698 -0.103671  0.430592
0.0309444 -0.103662   0.43018
0.0310182 -0.103653  0.429773
 0.031091 -0.103644  0.429371
0.0311629 -0.103636  0.428974
0.0312339 -0.103627  0.428582
 0.031304 -0.103618  0.428196
0.0313731  -0.10361  0.427814
0.0314414 -0.103602  0.427438
0.0315087 -0.103593  0.427066
0.0315751 -0.103585  0.426699
0.0316406 -0.103577  0.426338
0.0317054 -0.103569  0.425981
 0.031769 -0.103561   0.42563
0.0318318 -0.103554  0.425283
0.0318936 -0.103546  0.424942
0.0319546 -0.103539  0.424606
0.0320146 -0.103531  0.424274
0.0320739 -0.103524  0.423947
0.0321322 -0.103517  0.423625
0.0321895  -0.10351  0.423309
0.0322458 -0.103503  0.422999
0.0323012 -0.103496  0.422693
0.0323557  -0.10349  0.422392
0.0324092 -0.103483  0.422097
0.0324619 -0.103477  0.421806
0.0325136  -0.10347  0.421521
0.0325645 -0.103464   0.42124
0.0326144 -0.103458  0.420964
0.0326634 -0.103452  0.420694
0.0327114 -0.103446  0.420429
0.0327586  -0.10344  0.420169
0.0328048 -0.103435  0.419914
0.0328502 -0.103429  0.419664
0.0328945 -0.103424  0.419419
 0.032938 -0.103418  0.419179
0.0329806 -0.103413  0.418944
0.0330223 -0.103408  0.418714
 0.033063 -0.103403  0.418489
0.0331028 -0.103398  0.418269
0.0331417 -0.103394  0.418055
0.0331797 -0.103389  0.417845
0.0332168 -0.103384   0.41764
0.0332529  -0.10338  0.417441
0.0332882 -0.103376  0.417246
0.0333225 -0.103371  0.417057
0.0333559 -0.103367  0.416873
0.0333884 -0.103363  0.416693
  0.03342 -0.103359  0.416519
0.0334506 -0.103356   0.41635
0.0334804 -0.103352  0.416186
0.0335093 -0.103349  0.416026
0.0335372 -0.103345  0.415872
0.0335641 -0.103342  0.415724
0.0335902 -0.103339   0.41558
0.0336154 -0.103336  0.415441
0.0336396 -0.103333  0.415307
0.0336629  -0.10333  0.415178
0.0336854 -0.103327  0.415055
0.0337069 -0.103324  0.414936
0.0337274 -0.103322  0.414822
0.0337471 -0.103319  0.414714
0.0337658 -0.103317   0.41461
0.0337837 -0.103315  0.414512
0.0338006 -0.103313  0.414419
0.0338166 -0.103311   0.41433
0.0338317 -0.103309  0.414247
0.0338458 -0.103307  0.414169
0.0338591 -0.103306  0.414096
0.0338714 -0.103304  0.414028
0.0338828 -0.103303  0.413965
0.0338933 -0.103302  0.413907
0.0339029   -0.1033  0.413854
0.0339115 -0.103299  0.413807
0.0339192 -0.103298  0.413764
0.0339261 -0.103298  0.413726
 0.033932 -0.103297  0.413694
 0.033937 -0.103296  0.413666
 0.033941 -0.103296  0.413644
0.0339442 -0.103295  0.413626
0.0339464 -0.103295  0.413614
0.0339477 -0.103295  0.413607
0.0339481 -0.103295  0.413604
0.0339481 -0.103295  0.413604
0.0339481 -0.103295  0.413604
0.0339481 -0.103295  0.413604
0.0339481 -0.103295  0.413604
0.0339481 -0.103295  0.413604
0.0339481 -0.103295  0.413604
0.0339481 -0.103295  0.413604
0.0339481 -0.103295  0.413604
0.0339481 -0.103295  0.413604
0.0339481 -0.103295  0.413604
0.0339481 -0.103295  0.413604
0.0339481 -0.103295  0.413604
0.0339481 -0.103295  0.413604
0.0339481 -0.103295  0.413604
0.0339481 -0.103295  0.413604
0.0339481 -0.103295  0.413604
0.0339481 -0.103295  0.413604
0.0339481 -0.103295  0.413604
