0.0167615 -0.105397  0.508415
0.0167513 -0.105394  0.508416
0.0167461 -0.105394  0.508414
0.0167364 -0.105393  0.508412
0.016722 -0.10539 0.508412
0.0167155 -0.105391  0.508409
0.0166991 -0.105389  0.508409
0.0166944 -0.105389  0.508406
0.0166844 -0.105388  0.508404
0.0166749 -0.105388  0.508402
0.0166651 -0.105389    0.5084
 0.016674 -0.105389  0.508399
  0.01665 -0.105389  0.508396
0.0166392 -0.105387  0.508396
0.0166344 -0.105389  0.508394
0.0166345 -0.105389   0.50839
0.0166318 -0.105391  0.508388
0.0166302 -0.105391  0.508387
0.0166298 -0.105393  0.508384
0.0166306 -0.105393  0.508383
0.0166295 -0.105398  0.508381
0.0166326 -0.105398   0.50838
0.0166371   -0.1054  0.508377
0.0166421   -0.1054  0.508375
0.0166484 -0.105402  0.508372
0.0166551 -0.105401   0.50837
0.0166636 -0.105402  0.508367
0.0166728 -0.105402  0.508363
0.0166806 -0.105402   0.50836
0.0166908 -0.105402  0.508357
 0.016698 -0.105404  0.508354
0.0167081 -0.105402   0.50835
0.0167185 -0.105402  0.508345
0.0167292 -0.105399  0.508341
0.0167421 -0.105392  0.508336
0.0167534 -0.105391   0.50833
0.0167648 -0.105388  0.508324
0.0167757 -0.105387  0.508317
0.0167878 -0.105383   0.50831
0.0168003 -0.105382  0.508302
0.0168128 -0.105378  0.508294
0.0168269 -0.105375  0.508285
0.0168394 -0.105372  0.508276
0.0168603 -0.105365  0.508264
0.0168744 -0.105362  0.508253
0.0168831 -0.105361  0.508244
0.0168978 -0.105358  0.508232
0.0169146 -0.105353   0.50822
0.0169312  -0.10535  0.508207
0.0169574 -0.105344   0.50819
0.0169761 -0.105342  0.508175
 0.016985 -0.105342  0.508163
0.0170051 -0.105341  0.508147
0.0170258 -0.105337   0.50813
0.0170609  -0.10533  0.508109
0.0170834 -0.105328   0.50809
0.0171088 -0.105326  0.508071
0.0171344 -0.105323  0.508051
0.0171601 -0.105322   0.50803
0.0171903 -0.105318  0.508009
0.0172183 -0.105318  0.507986
0.0172483 -0.105315  0.507963
0.0172626 -0.105319  0.507944
0.0172945 -0.105318  0.507919
0.0173286  -0.10532   0.50789
0.0173814 -0.105311  0.507858
0.0174173  -0.10531  0.507829
0.0174544 -0.105307  0.507801
0.0174927 -0.105306   0.50777
0.0175324 -0.105303   0.50774
0.0175506  -0.10531  0.507714
0.0175917 -0.105307  0.507682
0.0176337 -0.105306  0.507647
0.0177029 -0.105295  0.507605
0.0177486 -0.105293  0.507567
 0.017768 -0.105299  0.507538
0.0178435 -0.105286   0.50749
0.0178927 -0.105284  0.507449
0.0179431  -0.10528  0.507407
0.0179945 -0.105278  0.507363
0.0180469 -0.105274  0.507319
0.0180673 -0.105282  0.507283
0.0181551 -0.105267  0.507224
 0.018211 -0.105265  0.507174
 0.018268 -0.105261  0.507123
0.0183261 -0.105259   0.50707
0.0183854 -0.105255  0.507015
0.0184456 -0.105252  0.506959
0.0185069 -0.105248  0.506901
0.0185693 -0.105246  0.506841
0.0186328 -0.105241  0.506779
0.0186975 -0.105238  0.506716
0.0187633 -0.105235   0.50665
0.0188303 -0.105232  0.506582
0.0189037 -0.105228  0.506511
0.0189733 -0.105225  0.506439
0.0190441 -0.105223  0.506364
0.0191163  -0.10522  0.506288
0.0191897 -0.105218  0.506208
0.0192644 -0.105215  0.506127
0.0193404 -0.105214  0.506043
0.0194177 -0.105211  0.505956
0.0194964  -0.10521  0.505867
0.0195766 -0.105207  0.505775
0.0196581 -0.105204   0.50568
0.0197411 -0.105203  0.505582
0.0198255 -0.105201  0.505481
0.0199109 -0.105197  0.505369
0.0199979 -0.105196  0.505261
0.0200863 -0.105194  0.505151
 0.020176 -0.105193  0.505037
0.0202669 -0.105191   0.50492
0.0203602 -0.105192  0.504809
0.0204538 -0.105191  0.504686
0.0205487 -0.105189  0.504559
0.0206448 -0.105188  0.504429
0.0206498 -0.105211  0.504328
0.0207461 -0.105211  0.504191
0.0208433  -0.10521   0.50405
0.0209413  -0.10521  0.503905
0.0210413 -0.105209  0.503756
0.0211429 -0.105209  0.503601
0.0212462 -0.105207  0.503443
0.0214641 -0.105177  0.503237
0.0215738 -0.105175  0.503068
0.0216844 -0.105173  0.502894
0.0216773 -0.105201   0.50276
0.0219095 -0.105168  0.502532
0.0218978 -0.105192  0.502393
0.0221381 -0.105164  0.502152
0.0221239 -0.105194  0.502005
 0.02237 -0.10516 0.501753
0.0224854 -0.105158  0.501547
0.0226023 -0.105157  0.501335
0.0227177 -0.105155  0.501119
0.0228343 -0.105155  0.500898
0.0229425 -0.105153  0.500652
0.0230575 -0.105154   0.50042
0.0231722 -0.105153  0.500183
0.0232869 -0.105155   0.49994
 0.023402 -0.105155  0.499692
0.0235166 -0.105157  0.499438
0.0236308 -0.105159  0.499178
0.0237623 -0.105157  0.498905
0.0238793 -0.105161  0.498635
0.0239936 -0.105163  0.498356
0.0241058 -0.105166  0.498067
0.0242227  -0.10517  0.497779
 0.024337 -0.105173  0.497482
0.0244528 -0.105176  0.497177
0.0245488 -0.105185  0.496874
0.0246785 -0.105183  0.496544
0.0247982 -0.105187  0.496223
0.0249129 -0.105191  0.495891
0.0250299 -0.105193  0.495552
0.0251452 -0.105197  0.495205
0.0252616 -0.105199  0.494852
0.0253793 -0.105202  0.494491
0.0254968 -0.105205  0.494124
0.0256141 -0.105206  0.493749
0.0257315 -0.105208  0.493366
 0.025835 -0.105215  0.492941
0.0259527 -0.105217  0.492543
0.0260705 -0.105217  0.492139
0.0261885 -0.105217  0.491728
0.0263066 -0.105217   0.49131
0.0264246 -0.105216  0.490886
0.0265427 -0.105216  0.490454
0.0266611 -0.105214  0.490016
0.0267793 -0.105212  0.489572
0.0268974  -0.10521  0.489121
0.0270156 -0.105208  0.488663
0.0271336 -0.105205    0.4882
0.0272663 -0.105195  0.487774
 0.027369 -0.105199  0.487254
0.0274865 -0.105194  0.486771
0.0276037 -0.105191  0.486282
0.0277207 -0.105186  0.485787
0.0278372 -0.105181  0.485287
0.0279535 -0.105177   0.48478
0.0280925 -0.105166  0.484256
0.0281847 -0.105165  0.483748
0.0282996  -0.10516  0.483224
0.0284144 -0.105154  0.482693
0.0285298 -0.105148  0.482157
0.0286421 -0.105142  0.481614
0.0287556 -0.105135  0.481065
0.0288686 -0.105129  0.480511
0.0289809 -0.105121  0.479952
0.0288739 -0.105168  0.479514
0.0292036 -0.105108  0.478819
0.0293147   -0.1051  0.478246
0.0294254 -0.105092  0.477667
0.0293184 -0.105137  0.477212
0.0296458 -0.105075  0.476497
0.0297561 -0.105067  0.475905
 0.029866 -0.105057  0.475308
 0.029976 -0.105048  0.474707
0.0300852 -0.105039  0.474103
0.0301938 -0.105029  0.473497
0.0303018 -0.105019  0.472888
0.0304087 -0.105009  0.472276
0.0305148    -0.105  0.471663
0.0306196 -0.104989  0.471049
 0.030745 -0.104972  0.470422
0.0308489 -0.104962  0.469805
0.0309484 -0.104953  0.469193
0.0310479 -0.104942  0.468573
0.0311477 -0.104929  0.467944
0.0312444 -0.104918  0.467322
0.0313379 -0.104909  0.466708
0.0314315 -0.104897  0.466086
0.0315245 -0.104884  0.465456
0.0316157 -0.104872  0.464834
0.0317055  -0.10486  0.464213
0.0317937 -0.104847  0.463592
0.0318811 -0.104834  0.462973
0.0319669 -0.104821  0.462354
0.0320502 -0.104808  0.461737
0.0321351 -0.104794  0.461123
0.0322172 -0.104779   0.46051
 0.032132 -0.104812  0.460009
0.032379 -0.10475 0.459289
0.0324609 -0.104735  0.458682
0.0325401 -0.104719  0.458075
0.0324587  -0.10475  0.457583
0.0326871  -0.10469  0.456813
0.0327653 -0.104674   0.45621
0.0328428 -0.104658   0.45561
0.032926 -0.10464 0.455071
0.0329958 -0.104624  0.454418
0.0330711 -0.104607  0.453827
0.0331454 -0.104589  0.453241
0.0332189 -0.104572  0.452658
0.0332912 -0.104555  0.452079
0.0333626 -0.104538  0.451506
0.0334326 -0.104521  0.450937
0.0335017 -0.104503  0.450373
0.0335692 -0.104486  0.449815
0.0336355  -0.10447   0.44926
0.0337008 -0.104453  0.448711
0.0337648 -0.104436  0.448166
0.0338277  -0.10442  0.447626
0.0338895 -0.104403  0.447091
0.0339504 -0.104387  0.446559
0.0340104  -0.10437  0.446032
0.0340696 -0.104354  0.445508
0.0341277 -0.104338  0.444989
 0.034185 -0.104322  0.444473
0.0342414 -0.104306  0.443962
0.0342967  -0.10429  0.443456
0.0343511 -0.104274  0.442954
0.0344045 -0.104258  0.442456
0.0344569 -0.104242  0.441963
0.0345083 -0.104227  0.441475
0.0345587 -0.104212  0.440992
0.0345264 -0.104221  0.440573
0.0346562 -0.104181  0.440042
0.0346255 -0.104189   0.43963
0.0347501  -0.10415  0.439112
0.0347955 -0.104135  0.438655
0.0348401  -0.10412  0.438203
0.0348134 -0.104126  0.437807
0.0348583 -0.104111  0.437364
0.0349752 -0.104074  0.436874
0.0350164  -0.10406  0.436444
0.0350565 -0.104045  0.436019
0.0350955 -0.104031  0.435601
0.0351347 -0.104017   0.43519
0.0351708 -0.104004  0.434782
0.035208 -0.10399 0.434383
0.0352428 -0.103977   0.43399
0.0352769 -0.103964  0.433562
0.0353094 -0.103951  0.433182
0.0353281 -0.103942  0.432803
0.0353585  -0.10393  0.432436
0.0353878 -0.103919  0.432077
0.0354159 -0.103907  0.431724
0.0354429 -0.103896  0.431379
 0.035469 -0.103885   0.43104
0.0354941 -0.103874  0.430708
0.0355183 -0.103863  0.430383
 0.035551 -0.103849  0.430076
0.0355747 -0.103838  0.429764
0.0355906  -0.10383  0.429445
0.0356119 -0.103819  0.429145
0.0356326 -0.103809   0.42885
0.0356525 -0.103798  0.428561
0.0356809 -0.103786  0.428288
0.0356996 -0.103776  0.428009
0.0357176 -0.103766  0.427735
0.0357262 -0.103758  0.427457
0.0357514 -0.103747  0.427204
0.0357673 -0.103737  0.426945
0.0357741  -0.10373  0.426682
0.0357886 -0.103722  0.426433
0.0358022 -0.103713   0.42619
0.0358152 -0.103705  0.425951
0.0358369 -0.103692  0.425701
0.0358484 -0.103684  0.425473
0.0358592 -0.103677  0.425249
0.0358697  -0.10367  0.425031
0.0358769 -0.103664   0.42482
0.0358858 -0.103658  0.424612
0.0358939 -0.103651  0.424409
0.0359015 -0.103645  0.424211
 0.035901 -0.103641  0.424008
