8.10623e-06
0.00948715
0.0195432
0.0296001
0.0396571
0.0497231
0.0597892
0.0698462
0.0799131
0.089977
0.100034
0.110088
0.120144
0.130199
0.140264
0.15032
0.160376
0.170432
0.180491
0.190546
0.200602
0.210659
0.220716
0.230772
0.24083
0.250889
0.260945
0.271002
0.281056
0.291112
0.301167
0.311222
0.321277
0.331336
0.341391
0.351447
0.361503
0.371559
0.381613
0.391666
0.401722
0.411778
0.421833
0.43189
0.441946
0.452002
0.462059
0.472115
0.482172
0.492229
0.502286
0.512343
0.5224
0.532458
0.542516
0.552573
0.56263
0.572685
0.582742
0.592798
0.602854
0.61291
0.622965
0.633021
0.643077
0.653131
0.663186
0.673246
0.683302
0.693359
0.703418
0.713474
0.72353
0.733585
0.744344
0.7544
0.764456
0.774512
0.784566
0.794621
0.804676
0.81473
0.824785
0.83484
0.844894
0.854949
0.865004
0.875059
0.885116
0.895171
0.905227
0.915282
0.925338
0.935392
0.945447
0.955503
0.965558
0.975614
0.98567
0.995725
1.00578
1.01584
1.02589
1.03594
1.046
1.05606
1.06611
1.07617
1.08623
1.09628
1.10634
1.1164
1.12645
1.13651
1.14658
1.15664
1.16669
1.17675
1.18681
1.19686
1.20692
1.21697
1.22703
1.23709
1.24716
1.2572
1.26726
1.27732
1.28738
1.29743
1.30749
1.31755
1.32761
1.33766
1.34772
1.35777
1.36783
1.3779
1.38793
1.398
1.40804
1.41809
1.42818
1.43824
1.4483
1.45835
1.46841
1.47846
1.48852
1.4987
1.50876
1.51881
1.52887
1.53892
1.54898
1.55904
1.56909
1.57915
1.5892
1.59926
1.60931
1.61937
1.62943
1.63949
1.64955
1.6596
1.66966
1.67972
1.68977
1.69983
1.70988
1.71994
1.73
1.74006
1.75011
1.76017
1.77022
1.7805
1.79055
1.80061
1.81067
1.82073
1.83079
1.84084
1.8509
1.86095
1.87101
1.88106
1.89111
1.90117
1.91123
1.92129
1.93134
1.94141
1.95147
1.96152
1.97158
1.98163
1.99169
2.00174
2.0118
2.02186
2.03193
2.04198
2.05205
2.06211
2.07218
2.08224
2.0923
2.10237
2.11244
2.12249
2.13255
2.14261
2.15266
2.16274
2.1728
2.18285
2.19291
2.20297
2.21302
2.22308
2.23313
2.24319
2.25325
2.26331
2.27337
2.28343
2.29349
2.30355
2.3136
2.32367
2.33373
2.34378
2.35384
2.3639
2.37395
2.38401
2.39407
2.40412
2.41418
2.42423
2.43429
2.44434
2.4544
2.46446
2.47451
2.48457
2.49462
2.50467
2.51473
2.52478
2.53484
2.5449
2.55495
2.56502
2.57512
2.58518
2.59524
2.6053
2.61536
2.62542
2.63547
2.64553
2.65559
2.66564
2.6757
2.68575
2.69581
2.70586
2.71592
2.72598
2.73603
2.74609
2.75615
2.7662
2.77626
2.78632
2.79637
2.80643
2.81648
2.82654
2.8366
2.84666
2.85671
2.86677
2.87683
2.88688
2.89694
2.90699
2.91705
2.9271
2.93716
2.94721
2.95727
2.96733
2.97738
2.98744
2.99749
3.00755
3.01761
3.02766
3.03771
3.04777
3.05783
3.06788
3.07793
