   -5.89621   0.0511107   0.0110019    -1.77866     1.36582    -0.20759     0.83145 -0.00429406    -1.73627     1.38196    -0.21829    0.818073  -0.0048005    -3.47338   -0.539537   0.0362528  -0.0831853     2.14304    0.325107    -3.58297   -0.331245   0.0498027   -0.160558      2.1614    0.372454
   -5.89621   0.0511107   0.0110019    -1.77866     1.36582    -0.20759     0.83145 -0.00429406    -1.73627     1.38196    -0.21829    0.818073  -0.0048005    -3.47338   -0.539537   0.0362528  -0.0831853     2.14304    0.325107    -3.58297   -0.331245   0.0498027   -0.160558      2.1614    0.372454
   -5.89708    0.052012   0.0124929    -1.77883     1.36559   -0.207405    0.831563 -0.00430277    -1.73585     1.38231   -0.218602    0.817937 -0.00481842    -3.47536   -0.538907   0.0368587  -0.0854853     2.14491    0.325098    -3.58132   -0.332028   0.0489644   -0.158629     2.16346    0.372523
   -5.90108   0.0552133   0.0109618    -1.77916     1.36532    -0.20771    0.831665 -0.00447774    -1.73584      1.3827   -0.218859    0.818007 -0.00483793    -3.47538    -0.53709   0.0362808  -0.0858531     2.14438    0.325218    -3.58382   -0.333761   0.0496136   -0.158764     2.16317    0.372347
   -5.90803   0.0604025  0.00656645    -1.77968     1.36507   -0.208487    0.831782 -0.00480183    -1.73854     1.38341   -0.218979    0.819746 -0.00494256    -3.47352   -0.534179   0.0346228  -0.0842696     2.14132     0.32546    -3.59023   -0.336364   0.0516879   -0.160721     2.16039    0.371937
   -5.91561   0.0651528  0.00148924    -1.78051     1.36516    -0.20945    0.832053 -0.00514148    -1.74362     1.38437   -0.218953    0.822933 -0.00511667    -3.47112    -0.53111     0.03295  -0.0812086     2.13522     0.32575    -3.59747   -0.339033    0.054313   -0.162464     2.15436     0.37141
   -5.92316   0.0693897 -0.00380665    -1.78152     1.36543   -0.210485    0.832413 -0.00547714    -1.74851     1.38522   -0.218822    0.825935 -0.00526308    -3.46842   -0.528071   0.0313562  -0.0772005     2.12707    0.326054     -3.6049    -0.34162   0.0572084   -0.163888     2.14618    0.370822
   -5.93039   0.0731471 -0.00884841    -1.78252     1.36578   -0.211485    0.832784 -0.00578686    -1.75308     1.38595   -0.218623    0.828683  -0.0053853    -3.46588   -0.525283   0.0299074  -0.0731035     2.11837    0.326333    -3.61203    -0.34396   0.0600365   -0.165149     2.13743    0.370251
   -5.93731   0.0764715  -0.0137405     -1.7835     1.36621   -0.212462    0.833167 -0.00607391    -1.75714     1.38655   -0.218406    0.831113 -0.00548795    -3.46339   -0.522759   0.0285715  -0.0688368     2.10909    0.326587    -3.61896   -0.346034   0.0628334   -0.166216     2.12813    0.369695
   -5.94394   0.0793812  -0.0185174    -1.78446     1.36671   -0.213419    0.833553 -0.00634023    -1.76078     1.38702   -0.218161     0.83327 -0.00557485    -3.46091   -0.520484   0.0273245  -0.0644281     2.09942    0.326816    -3.62569   -0.347854   0.0655978   -0.167117     2.11845    0.369153
    -5.9504   0.0819395  -0.0231387    -1.78537     1.36724   -0.214349    0.833934 -0.00658667    -1.76404     1.38736   -0.217886    0.835184  -0.0056481    -3.45854    -0.51844   0.0261587  -0.0600461     2.08966     0.32702    -3.63224   -0.349446   0.0682861   -0.167928     2.10871    0.368635
   -5.95645   0.0840962   -0.027525    -1.78624      1.3678   -0.215232     0.83431 -0.00681119    -1.76694     1.38759   -0.217591    0.836879 -0.00571002    -3.45623   -0.516643   0.0251135  -0.0556407     2.07977    0.327196    -3.63841   -0.350793   0.0708696   -0.168478     2.09886    0.368138
   -5.96203   0.0858353  -0.0316586    -1.78706     1.36836    -0.21606    0.834675 -0.00701154    -1.76948     1.38769   -0.217279    0.838347 -0.00576273    -3.45396   -0.515143   0.0241919  -0.0512665     2.06989    0.327338    -3.64414   -0.351846   0.0733233   -0.168751     2.08908    0.367671
   -5.96699   0.0871521  -0.0355023    -1.78777      1.3689   -0.216819    0.835004 -0.00718448    -1.77167     1.38765   -0.216953    0.839594 -0.00580924     -3.4517   -0.513932   0.0233536   -0.047097     2.06056    0.327449    -3.64938   -0.352621   0.0755995   -0.168901     2.07986    0.367245
   -5.97136   0.0880402  -0.0389594     -1.7884      1.3694   -0.217494     0.83531 -0.00733046    -1.77345     1.38747   -0.216609    0.840607 -0.00584836    -3.44959   -0.512982   0.0226655  -0.0431397     2.05161    0.327527    -3.65399   -0.353146   0.0776625    -0.16877     2.07103    0.366852
   -5.97499   0.0885017  -0.0419762    -1.78898     1.36985   -0.218079    0.835603 -0.00745011    -1.77485     1.38715   -0.216263    0.841391 -0.00588296    -3.44763   -0.512269   0.0221987  -0.0392288     2.04261    0.327572    -3.65777   -0.353441   0.0795151   -0.168079     2.06217    0.366473
   -5.97775   0.0885385  -0.0445332    -1.78946     1.37024    -0.21856    0.835861 -0.00754103    -1.77589     1.38671   -0.215917    0.841947 -0.00591543    -3.44573   -0.511822   0.0219118  -0.0355062     2.03401     0.32758    -3.66069    -0.35348   0.0811236   -0.166973     2.05373    0.366123
   -5.97997   0.0881425  -0.0465085    -1.78982     1.37054   -0.218924    0.836083 -0.00760294    -1.77652     1.38611   -0.215569    0.842264 -0.00594487    -3.44421   -0.511663   0.0218108  -0.0323027     2.02625     0.32755    -3.66285   -0.353254   0.0824071   -0.165642     2.04615    0.365823
   -5.98164   0.0873295  -0.0478405    -1.79007     1.37073   -0.219161    0.836272 -0.00763585    -1.77675     1.38541   -0.215251    0.842361 -0.00597443    -3.44312    -0.51179   0.0219087  -0.0296982     2.01946     0.32748    -3.66418   -0.352769   0.0833326    -0.16409     2.03955    0.365574
   -5.98256   0.0861282  -0.0485691     -1.7902     1.37081   -0.219274    0.836423 -0.00764013    -1.77661     1.38463   -0.214974    0.842252   -0.006006    -3.44232   -0.512183   0.0222035  -0.0275643      2.0135    0.327371    -3.66461   -0.352038   0.0839266   -0.162228     2.03379    0.365366
   -5.98274   0.0845689  -0.0487104    -1.79023     1.37078   -0.219263    0.836536 -0.00761632    -1.77611     1.38376   -0.214729    0.841938 -0.00603948     -3.4418   -0.512813   0.0226839  -0.0258973     2.00839    0.327226    -3.66416   -0.351091   0.0841964   -0.160079     2.02888    0.365199
   -5.98224   0.0827104  -0.0483053    -1.79015     1.37063   -0.219139    0.836608 -0.00756796    -1.77527      1.3828   -0.214518    0.841435  -0.0060747    -3.44154   -0.513649    0.023326  -0.0246968     2.00417    0.327047     -3.6629   -0.349956    0.084159   -0.157699     2.02487    0.365072
   -5.98099   0.0806508  -0.0475715    -1.78995     1.37041   -0.218932    0.836632 -0.00749854    -1.77413     1.38177   -0.214341    0.840769 -0.00611162    -3.44127   -0.514687   0.0240643  -0.0237477     2.00063    0.326836    -3.66098   -0.348624   0.0839116   -0.155099     2.02159    0.364979
  -5.97905  0.0784355 -0.0466134   -1.78964    1.37011  -0.218661   0.836605  -0.007412   -1.77276    1.38065  -0.214171   0.839969 -0.0061491   -3.44091  -0.515899  0.0248582 -0.0229809    1.99771   0.326597   -3.65854  -0.347119  0.0835024  -0.152341    2.01897   0.364914
   -5.97659   0.0760526   -0.045394    -1.78922     1.36972   -0.218324    0.836532 -0.00731176    -1.77119     1.37944      -0.214    0.839058 -0.00618603    -3.44058   -0.517239   0.0257082  -0.0224565     1.99548    0.326334    -3.65563   -0.345487    0.082923   -0.149484     2.01706    0.364872
   -5.97368   0.0735472   -0.043968    -1.78869     1.36924   -0.217935    0.836414 -0.00720138    -1.76945     1.37818    -0.21384     0.83806 -0.00622262    -3.44023   -0.518665   0.0265925   -0.022127     1.99389    0.326052    -3.65232   -0.343768   0.0822031   -0.146561      2.0158    0.364849
    -5.9704   0.0709782   -0.042398    -1.78808     1.36869   -0.217508    0.836256 -0.00708511    -1.76758     1.37688   -0.213692    0.836996 -0.00625847    -3.43986   -0.520134   0.0274806  -0.0219753     1.99295    0.325756    -3.64873   -0.342002   0.0813715   -0.143644     2.01518     0.36484
   -5.96681   0.0683832  -0.0407388    -1.78739     1.36807   -0.217054     0.83606 -0.00696618    -1.76563     1.37557   -0.213555    0.835898 -0.00629328    -3.43943   -0.521609   0.0283528  -0.0219462      1.9926    0.325452    -3.64492   -0.340225   0.0804594   -0.140756     2.01514    0.364837
   -5.96298   0.0658072  -0.0390425    -1.78662     1.36738   -0.216587    0.835829  -0.0068485    -1.76364     1.37426   -0.213426    0.834785 -0.00632652    -3.43892   -0.523021   0.0291868  -0.0219885     1.99278    0.325145    -3.64097     -0.3385   0.0794977   -0.137936     2.01561    0.364833
   -5.95903   0.0631987   -0.037199     -1.7858      1.3666   -0.216092    0.835572 -0.00673165    -1.76163     1.37295   -0.213304    0.833674 -0.00635682    -3.43849   -0.524401   0.0300176  -0.0222314     1.99355    0.324835    -3.63686   -0.336804   0.0784423     -0.1352     2.01663     0.36483
     -5.955   0.0605928  -0.0352176    -1.78494     1.36575   -0.215576    0.835296 -0.00661824    -1.75964     1.37169   -0.213211    0.832578 -0.00638717    -3.43815   -0.525706   0.0308502  -0.0226089     1.99477    0.324526    -3.63259   -0.335177   0.0773122   -0.132508     2.01804    0.364822
   -5.95087     0.05811  -0.0333214    -1.78404     1.36484   -0.215074    0.834997 -0.00651329    -1.75767     1.37049   -0.213151     0.83151 -0.00641784    -3.43764   -0.526876   0.0316214  -0.0228521     1.99618    0.324224    -3.62833   -0.333666   0.0762155   -0.129842      2.0196    0.364798
   -5.94662   0.0558493  -0.0318484    -1.78309     1.36396   -0.214635    0.834664 -0.00641995    -1.75577     1.36931   -0.213093     0.83049 -0.00644563     -3.4366   -0.527955   0.0322242  -0.0227005     1.99753    0.323923    -3.62439   -0.332208   0.0752914   -0.127278     2.02115    0.364755
   -5.94235   0.0538334  -0.0308856     -1.7821      1.3631   -0.214278    0.834301 -0.00634202    -1.75399      1.3681   -0.212989    0.829537 -0.00646814    -3.43499   -0.528901    0.032624  -0.0220972     1.99879     0.32363     -3.6209   -0.330843   0.0745808   -0.124882     2.02265    0.364689
   -5.93817   0.0519917  -0.0302516    -1.78109     1.36224    -0.21398    0.833921 -0.00628007    -1.75236     1.36688   -0.212833    0.828671 -0.00648392    -3.43306   -0.529672   0.0328772  -0.0211815     2.00006    0.323351    -3.61773   -0.329623    0.074016    -0.12263     2.02412    0.364597
   -5.93411    0.050336  -0.0299627    -1.78007     1.36138   -0.213746    0.833527 -0.00623497    -1.75087     1.36568   -0.212653    0.827894 -0.00649438    -3.43079   -0.530261   0.0329827  -0.0199241     2.00128    0.323085    -3.61493   -0.328553    0.073609   -0.120511     2.02552    0.364476
   -5.93021    0.048889  -0.0299878    -1.77904     1.36051   -0.213575    0.833121 -0.00620939    -1.74954     1.36451    -0.21245    0.827212 -0.00649984    -3.42825   -0.530555   0.0329441  -0.0182805     2.00245    0.322842    -3.61253    -0.32766   0.0733127   -0.118638     2.02675    0.364348
   -5.92649   0.0476489  -0.0303249    -1.77801     1.35962   -0.213468    0.832708 -0.00620291    -1.74836     1.36338   -0.212226    0.826625 -0.00649777    -3.42545   -0.530571   0.0327693  -0.0162417     2.00353    0.322623    -3.61045   -0.327029   0.0731861   -0.116855     2.02779     0.36417
   -5.92298   0.0466097  -0.0310626    -1.77699     1.35876   -0.213436     0.83229 -0.00621443    -1.74734     1.36231   -0.211983    0.826135 -0.00648904    -3.42228   -0.530409   0.0324436  -0.0137707     2.00437    0.322419     -3.6087   -0.326642   0.0733076   -0.115037     2.02863    0.363914
   -5.91969   0.0457649  -0.0322551    -1.77597     1.35793   -0.213487    0.831865 -0.00624361     -1.7465     1.36125    -0.21171    0.825746 -0.00647566    -3.41869   -0.530115    0.031959  -0.0108069     2.00485    0.322224    -3.60745   -0.326345   0.0736416   -0.113289     2.02914    0.363633
   -5.91664   0.0451069  -0.0338885    -1.77496     1.35714   -0.213619    0.831439 -0.00629012    -1.74583      1.3602   -0.211399    0.825459 -0.00645811    -3.41472   -0.529695   0.0313239 -0.00735655     2.00498    0.322037    -3.60667   -0.326132   0.0741829   -0.111595      2.0293    0.363328
   -5.91384   0.0446258  -0.0359341    -1.77396     1.35638   -0.213829    0.831011 -0.00635322    -1.74533     1.35915   -0.211053    0.825273 -0.00643711    -3.41039    -0.52915   0.0305469 -0.00345601     2.00478    0.321858    -3.60636   -0.326005   0.0749169   -0.109957     2.02915    0.362997
   -5.91131   0.0443133  -0.0383529    -1.77298     1.35565    -0.21411    0.830586 -0.00643238    -1.74499      1.3581   -0.210675    0.825181 -0.00641301    -3.40576   -0.528477   0.0296446 0.000864162      2.0043    0.321687    -3.60649    -0.32597   0.0758241   -0.108316     2.02873    0.362648
   -5.90904   0.0441523  -0.0410905      -1.772     1.35494   -0.214454    0.830163 -0.00652669    -1.74481     1.35706   -0.210268     0.82518 -0.00638615    -3.40089   -0.527661   0.0286343  0.00556522     2.00357    0.321524    -3.60699   -0.326045   0.0768818   -0.106661     2.02804    0.362279
   -5.90703   0.0441203  -0.0441137    -1.77105     1.35425   -0.214855    0.829747  -0.0066344    -1.74476     1.35603   -0.209837    0.825259 -0.00635655    -3.39581   -0.526739   0.0275316   0.0106346     2.00257    0.321366    -3.60784   -0.326196   0.0780778   -0.104995     2.02709    0.361885
   -5.90551   0.0441432  -0.0470077    -1.77013     1.35352   -0.215256    0.829356 -0.00675235    -1.74484     1.35501   -0.209388    0.825414 -0.00632575    -3.39107   -0.525672   0.0264688   0.0156963      2.0016    0.321213    -3.60876   -0.326483   0.0792375   -0.103254      2.0261    0.361473
   -5.90447   0.0441933  -0.0495709    -1.76927     1.35271   -0.215628    0.829001 -0.00687731    -1.74501     1.35407   -0.208986    0.825636 -0.00629864    -3.38686   -0.524468   0.0255183    0.020601     2.00076    0.321063    -3.60956   -0.326908   0.0802756   -0.101357     2.02514     0.36105
   -5.90349    0.044355  -0.0523237    -1.76845     1.35193   -0.216036    0.828663  -0.0070094    -1.74525     1.35325    -0.20866    0.825912 -0.00627868    -3.38243    -0.52325   0.0245355   0.0259019     1.99953    0.320905    -3.61051    -0.32732   0.0814119  -0.0992502     2.02384    0.360613
   -5.90252   0.0445934  -0.0554275    -1.76766      1.3512   -0.216498    0.828332 -0.00714754     -1.7456     1.35239   -0.208322     0.82624 -0.00626262     -3.3776     -0.5221   0.0234726   0.0317069     1.99782    0.320729    -3.61176   -0.327629   0.0827037  -0.0969634     2.02217    0.360169
   -5.90176   0.0448373  -0.0586852    -1.76686     1.35048    -0.21699    0.828008 -0.00729096    -1.74604     1.35147   -0.207945    0.826611 -0.00624928    -3.37268   -0.520986   0.0223811   0.0377738     1.99591     0.32054     -3.6132   -0.327881   0.0840601  -0.0945421     2.02033    0.359722
    -5.9012   0.0450628  -0.0620227    -1.76608     1.34977   -0.217497    0.827694 -0.00743754    -1.74653     1.35053   -0.207559    0.827016   -0.006239    -3.36774   -0.519925   0.0212864   0.0440371     1.99386    0.320334    -3.61478    -0.32806    0.085446  -0.0919584     2.01839    0.359274
   -5.90114   0.0451856  -0.0650194    -1.76531       1.349   -0.217964    0.827408 -0.00758338    -1.74706     1.34956   -0.207172    0.827445 -0.00623279    -3.36336   -0.518923   0.0203188   0.0500531     1.99204    0.320109    -3.61626   -0.328185    0.086674  -0.0891922     2.01666    0.358838
   -5.90158   0.0452071  -0.0675276    -1.76458     1.34814   -0.218368    0.827154 -0.00772732     -1.7476     1.34866   -0.206855    0.827893 -0.00623648    -3.35971   -0.517946   0.0195222   0.0557026     1.99058    0.319869    -3.61749   -0.328297   0.0876819  -0.0862126     2.01526    0.358417
   -5.90184   0.0452321  -0.0702024    -1.76387     1.34732   -0.218792     0.82691 -0.00786985    -1.74813     1.34784    -0.20663    0.828356  -0.0062513    -3.35576   -0.517106   0.0187166   0.0617447     1.98878    0.319605    -3.61876   -0.328249   0.0887558  -0.0829132     2.01363       0.358
   -5.90189     0.04522  -0.0731445    -1.76316     1.34655   -0.219245    0.826666 -0.00800917    -1.74868     1.34695    -0.20638    0.828823 -0.00627142     -3.3514   -0.516473   0.0178756   0.0682499     1.98657     0.31931    -3.62015   -0.327965     0.08993     -0.0793     2.01173    0.357591
   -5.90206   0.0450843  -0.0760034    -1.76243     1.34575   -0.219682    0.826427 -0.00814366    -1.74924     1.34594   -0.206087    0.829281 -0.00629622    -3.34716   -0.515992   0.0170952   0.0748206     1.98436    0.318989    -3.62149    -0.32752   0.0910489  -0.0754206     2.00988    0.357197
   -5.90271   0.0447529  -0.0782519     -1.7617     1.34485   -0.220032    0.826213 -0.00827193    -1.74977     1.34489   -0.205808    0.829722 -0.00632754    -3.34377   -0.515545   0.0165194   0.0808935     1.98271     0.31865    -3.62248   -0.327059   0.0918845  -0.0713205     2.00853     0.35682
   -5.90384   0.0442229  -0.0797515      -1.761     1.34382   -0.220278    0.826031 -0.00839191    -1.75021     1.34392   -0.205626    0.830141 -0.00636878    -3.34139   -0.515148   0.0161954   0.0863554     1.98172    0.318292    -3.62299   -0.326574   0.0923758   -0.066948     2.00776    0.356463
   -5.90505   0.0435725  -0.0808587    -1.76031     1.34273   -0.220461     0.82587 -0.00850433    -1.75057     1.34306   -0.205566    0.830537  -0.0064229    -3.33944   -0.514852   0.0160257   0.0916385       1.981     0.31791    -3.62316   -0.325994   0.0926802  -0.0622253     2.00726    0.356124
   -5.90632   0.0428021     -0.0816    -1.75963     1.34157   -0.220587    0.825724 -0.00860981    -1.75088     1.34222   -0.205564    0.830907 -0.00648674    -3.33789   -0.514626   0.0159949   0.0967615     1.98058    0.317511      -3.623   -0.325349   0.0928082  -0.0571764     2.00706    0.355795
   -5.90763   0.0418924  -0.0820289    -1.75895     1.34035   -0.220659     0.82559 -0.00870716    -1.75112     1.34139   -0.205612    0.831244  -0.0065582    -3.33667    -0.51453   0.0160948    0.101782     1.98037    0.317087    -3.62256   -0.324577   0.0927808  -0.0517768     2.00709    0.355482
   -5.90904   0.0408413  -0.0819898    -1.75828     1.33905   -0.220659    0.825474 -0.00879644    -1.75129     1.34054   -0.205703    0.831547 -0.00663783    -3.33598   -0.514506   0.0163658    0.106549     1.98054    0.316646    -3.62173   -0.323742   0.0925328  -0.0460364     2.00749    0.355186
   -5.91058   0.0396528   -0.081386    -1.75762     1.33765   -0.220572    0.825379 -0.00887745    -1.75138     1.33972    -0.20586    0.831814 -0.00672618    -3.33593   -0.514527   0.0168341    0.110976     1.98119    0.316188    -3.62043   -0.322878   0.0920247  -0.0399494     2.00832    0.354902
   -5.91215    0.038331   -0.080476    -1.75695     1.33619   -0.220434    0.825294 -0.00895074    -1.75138     1.33896     -0.2061    0.832046 -0.00682393    -3.33622   -0.514656   0.0174241    0.115302     1.98209    0.315709    -3.61886   -0.321906   0.0913637  -0.0335334     2.00942    0.354631
   -5.91318   0.0369784  -0.0801009    -1.75624     1.33481   -0.220352    0.825182 -0.00901967    -1.75132     1.33819    -0.20638    0.832243  -0.0069287    -3.33566   -0.515005   0.0178899    0.120398     1.98248    0.315202    -3.61751   -0.320676   0.0909109  -0.0267785     2.01019    0.354364
   -5.91364   0.0355713  -0.0804351    -1.75545     1.33353   -0.220352    0.825028 -0.00908462    -1.75122     1.33721   -0.206558    0.832399 -0.00703119    -3.33408   -0.515631   0.0181783    0.126392     1.98224    0.314665    -3.61653    -0.31912   0.0907345  -0.0197252     2.01054    0.354101
   -5.91409   0.0339856  -0.0809427    -1.75458     1.33228   -0.220363    0.824849 -0.00914304    -1.75107       1.336   -0.206604    0.832511 -0.00712858     -3.3323   -0.516493   0.0184393    0.132743     1.98197    0.314101    -3.61568   -0.317312   0.0905998  -0.0124425     2.01096    0.353853
   -5.91519    0.032146  -0.0807305    -1.75367     1.33088   -0.220273    0.824682 -0.00919493    -1.75084     1.33468    -0.20661     0.83258 -0.00722543     -3.3316   -0.517349   0.0189125    0.138506     1.98261    0.313529    -3.61448   -0.315537   0.0901292 -0.00501855     2.01218    0.353621
   -5.91705   0.0301172  -0.0795079    -1.75279     1.32928   -0.220048     0.82455 -0.00924218    -1.75049     1.33348   -0.206729    0.832616 -0.00732862    -3.33234   -0.518068   0.0196727    0.143329     1.98446     0.31296    -3.61271    -0.31394   0.0892023  0.00254322      2.0144    0.353403
   -5.91901   0.0280312  -0.0780737    -1.75189     1.32763    -0.21979    0.824423 -0.00928729    -1.75005     1.33248   -0.207012    0.832642 -0.00744129    -3.33334   -0.518793    0.020498    0.148079     1.98667    0.312384    -3.61081   -0.312336   0.0881639   0.0103204     2.01697    0.353187
     -5.921   0.0258882  -0.0767113    -1.75096     1.32597   -0.219539    0.824285  -0.0093322    -1.74958     1.33149   -0.207325    0.832657 -0.00755718     -3.3343   -0.519562   0.0213002    0.153003     1.98904    0.311798    -3.60901   -0.310678   0.0871316   0.0182611     2.01973    0.352975
   -5.92303   0.0236983   -0.075508    -1.74998      1.3243   -0.219306    0.824131 -0.00937837    -1.74908     1.33046   -0.207622     0.83266 -0.00767233    -3.33511   -0.520366   0.0220471     0.15817     1.99155    0.311204    -3.60737   -0.308968   0.0861429   0.0263302     2.02266    0.352761
   -5.92448   0.0216018  -0.0751452    -1.74895     1.32275    -0.21918     0.82394 -0.00942833    -1.74855     1.32936   -0.207888    0.832654 -0.00778503    -3.33476   -0.521318   0.0225548    0.164363     1.99342    0.310595    -3.60623    -0.30706   0.0854973   0.0346365     2.02513    0.352535
    -5.9254   0.0195835  -0.0756479    -1.74785     1.32132   -0.219166    0.823707 -0.00948279    -1.74805     1.32804   -0.208009    0.832641 -0.00789027    -3.33324   -0.522423   0.0228133    0.171585     1.99464     0.30997    -3.60566   -0.304951    0.085204    0.043151     2.02715    0.352301
   -5.92869    0.015266  -0.0764156    -1.74549      1.3183   -0.219118    0.823209 -0.00960279    -1.74708     1.32491   -0.207919    0.832605 -0.00807973    -3.33119    -0.52449   0.0233164    0.185768     1.99865    0.308724    -3.60502   -0.300877    0.084428   0.0602885     2.03261    0.351827
   -5.93193   0.0129092  -0.0755287     -1.7443     1.31651    -0.21894    0.822998 -0.00966698    -1.74654      1.3235   -0.207978    0.832607 -0.00817542     -3.3323   -0.525181   0.0238705    0.191484     2.00275    0.308123    -3.60434   -0.299243   0.0834425   0.0688913     2.03711    0.351601
   -5.93464   0.0107323  -0.0752903    -1.74311     1.31481   -0.218847    0.822772  -0.0097376    -1.74596     1.32233   -0.208202    0.832642 -0.00827795    -3.33247   -0.525925   0.0242417    0.198135     2.00632    0.307515    -3.60402   -0.297519   0.0827326   0.0777813     2.04122     0.35136
    -5.9377  0.00857549  -0.0750147    -1.74191     1.31307   -0.218757    0.822546 -0.00981479    -1.74547       1.321   -0.208319      0.8327 -0.00837634    -3.33287   -0.526552   0.0245942    0.204847      2.0103    0.306914    -3.60383   -0.295912   0.0819943   0.0867182     2.04567    0.351108
   -5.94199  0.00631611  -0.0738151     -1.7407     1.31114   -0.218559    0.822353 -0.00989697      -1.745     1.31971   -0.208449    0.832786 -0.00847325    -3.33487   -0.526885   0.0251565    0.210569     2.01578    0.306336    -3.60341   -0.294642    0.080837   0.0955098     2.05135    0.350859
   -5.94656  0.00411211  -0.0727099     -1.7395     1.30919   -0.218382    0.822163 -0.00998635    -1.74452     1.31867   -0.208748    0.832919 -0.00857646    -3.33692   -0.527128   0.0256648    0.216496     2.02152    0.305764    -3.60321   -0.293457   0.0797083    0.104362     2.05727    0.350602
   -5.95129  0.00194965  -0.0720438    -1.73824     1.30727   -0.218271    0.821953  -0.0100838    -1.74409     1.31764   -0.209041    0.833089 -0.00867812     -3.3386   -0.527367   0.0260218    0.222944      2.0272    0.305193     -3.6035   -0.292255   0.0787515     0.11325     2.06318    0.350332
    -5.95619 -0.000182566    -0.071847     -1.73694      1.30541    -0.218231     0.821722   -0.0101888      -1.7437      1.31655    -0.209271     0.833289   -0.0087737     -3.33988    -0.527635     0.026225     0.229949      2.03277     0.304619     -3.60431    -0.291002    0.0779792      0.12219      2.06904     0.350053
   -5.96033 -0.00215165  -0.0728106     -1.7356     1.30373   -0.218345    0.821456  -0.0103014    -1.74336     1.31537   -0.209432    0.833518 -0.00886311    -3.33956   -0.528098   0.0261222    0.238475     2.03714    0.304027    -3.60581   -0.289494   0.0777095    0.131501     2.07396    0.349755
   -5.96491 -0.00411404  -0.0738668    -1.73425     1.30203   -0.218481    0.821188  -0.0104206    -1.74311     1.31391     -0.2094    0.833761 -0.00894267    -3.33935   -0.528513   0.0259766    0.247215     2.04169    0.303437    -3.60761   -0.288029   0.0774719    0.140887     2.07905     0.34945
   -5.97099 -0.00619858   -0.074003    -1.73289     1.30015   -0.218513    0.820959   -0.010545     -1.7429     1.31247   -0.209365    0.834041 -0.00902025    -3.34085   -0.528657   0.0260373    0.254929     2.04777    0.302867     -3.6093    -0.28688   0.0768163     0.15008     2.08539    0.349152
   -5.97752 -0.00823667   -0.073984    -1.73157     1.29822   -0.218535    0.820753  -0.0106751    -1.74269     1.31131   -0.209506    0.834381 -0.00910446    -3.34275   -0.528698   0.0261299    0.262672     2.05423    0.302303    -3.61108   -0.285839   0.0760915    0.159424     2.09208    0.348849
   -5.98449  -0.0102463  -0.0738488    -1.73027     1.29625    -0.21855    0.820568  -0.0108107    -1.74254     1.31022   -0.209687    0.834771 -0.00919167    -3.34498   -0.528653    0.026247    0.270497     2.06103    0.301744    -3.61298    -0.28489   0.0753138    0.168938     2.09905    0.348542
   -5.99176  -0.0122534  -0.0739978    -1.72896     1.29432   -0.218612    0.820381  -0.0109524    -1.74246     1.30918   -0.209901    0.835208 -0.00928142    -3.34704   -0.528632   0.0262797    0.278784     2.06778    0.301181    -3.61527   -0.283904   0.0746486    0.178619     2.10601    0.348231
   -5.99919  -0.0142835  -0.0748103    -1.72758     1.29247   -0.218768    0.820166  -0.0111008    -1.74243     1.30811   -0.210079    0.835677 -0.00936894    -3.34847   -0.528737   0.0261243    0.287892     2.07411    0.300607    -3.61824   -0.282767   0.0742525    0.188457     2.11268    0.347913
   -6.00677  -0.0163467  -0.0762954    -1.72613      1.2907    -0.21902    0.819924  -0.0112557    -1.74242     1.30689   -0.210153    0.836164 -0.00944939    -3.34924   -0.528982   0.0257817    0.297835        2.08     0.30002    -3.62189   -0.281461   0.0741293    0.198461     2.11903    0.347589
  -6.01466  -0.018441  -0.078077   -1.72466    1.28897  -0.219317   0.819678 -0.0114149   -1.74245    1.30554  -0.210122   0.836666 -0.0095229   -3.34983  -0.529315  0.0253619   0.308253    2.08578   0.299422   -3.62596  -0.280059  0.0741178   0.208663    2.12534   0.347267
     -6.023  -0.0205676  -0.0797663    -1.72321     1.28722   -0.219607    0.819454  -0.0115764    -1.74252     1.30413   -0.210052    0.837196 -0.00959554    -3.35073   -0.529653   0.0249768    0.318792     2.09181    0.298819    -3.63017   -0.278657   0.0740554    0.219099     2.13191    0.346951
  -6.03162 -0.0227489  -0.081779   -1.72173     1.2855  -0.219944   0.819223 -0.0117418   -1.74263    1.30276  -0.210008    0.83776 -0.0096723   -3.35139  -0.530082  0.0245144    0.32988    2.09766   0.298206    -3.6348  -0.277154    0.07412   0.229781    2.13835   0.346633
   -6.04051  -0.0250011  -0.0841142    -1.72022     1.28383   -0.220327    0.818984  -0.0119097    -1.74276     1.30131   -0.209915    0.838339 -0.00974692    -3.35182   -0.530642    0.023982    0.341514     2.10332    0.297578    -3.63985    -0.27551   0.0743058    0.240736     2.14469    0.346318
   -6.04983  -0.0273146  -0.0863501    -1.71872     1.28213     -0.2207    0.818766  -0.0120787    -1.74291     1.29979   -0.209773    0.838929 -0.00982052    -3.35254   -0.531233   0.0234974    0.353301     2.10918    0.296944    -3.64502   -0.273844   0.0744369    0.251987     2.15124    0.346009
   -6.05975  -0.0297163  -0.0883584    -1.71724     1.28039   -0.221046    0.818571   -0.012248    -1.74308     1.29829   -0.209655    0.839542 -0.00989855    -3.35378   -0.531835   0.0230923    0.365082     2.11544    0.296304    -3.65027   -0.272182   0.0744545    0.263497     2.15816    0.345707
   -6.07025  -0.0322093  -0.0901057    -1.71578      1.2786   -0.221361    0.818402  -0.0124171    -1.74326     1.29684   -0.209582    0.840179 -0.00998204    -3.35555   -0.532452   0.0227802    0.376842      2.1221    0.295659    -3.65557   -0.270522   0.0743446    0.275294     2.16545    0.345415
  -6.08116 -0.0347805  -0.091689   -1.71434    1.27678  -0.221655   0.818256 -0.0125855   -1.74346    1.29545  -0.209561   0.840838 -0.0100717   -3.35767  -0.533118  0.0225461   0.388741    2.12898   0.295004   -3.66091  -0.268824  0.0741513   0.287461    2.17296   0.345132
  -6.09228 -0.0374667 -0.0935462   -1.71286      1.275  -0.221983   0.818102  -0.012753   -1.74367    1.29409  -0.209573   0.841515 -0.0101671   -3.35956  -0.533968  0.0222819   0.401233    2.13558   0.294329   -3.66658  -0.266936  0.0740564   0.300049     2.1803   0.344856
  -6.10361 -0.0402716 -0.0956532   -1.71135    1.27326   -0.22234   0.817942 -0.0129192   -1.74387    1.29263  -0.209536   0.842183 -0.0102625   -3.36123  -0.535003  0.0219979   0.414313    2.14191   0.293634   -3.67256  -0.264859  0.0740502   0.313081    2.18748   0.344589
  -6.11536 -0.0431778 -0.0975495   -1.70986    1.27148  -0.222666   0.817804  -0.013083   -1.74406    1.29109  -0.209456   0.842843 -0.0103581   -3.36328  -0.536105  0.0218166    0.42753    2.14845   0.292927   -3.67853  -0.262729  0.0739394   0.326555    2.19488   0.344334
  -6.12752 -0.0461891 -0.0992404   -1.70839    1.26966  -0.222963   0.817688 -0.0132439   -1.74424    1.28957  -0.209412   0.843511 -0.0104597    -3.3657  -0.537287  0.0217409   0.440903    2.15519   0.292208    -3.6845  -0.260532  0.0737251   0.340497    2.20249   0.344092
  -6.14008 -0.0493127  -0.100715   -1.70693    1.26781  -0.223228   0.817592 -0.0134015   -1.74442    1.28807  -0.209403   0.844185 -0.0105674   -3.36851  -0.538552  0.0217776    0.45444    2.16211   0.291477   -3.69045  -0.258267  0.0734032   0.354932    2.21031   0.343863
  -6.15305 -0.0525515  -0.101948   -1.70549    1.26592  -0.223454    0.81752 -0.0135542    -1.7446     1.2866  -0.209431   0.844863  -0.010681   -3.37172  -0.539896   0.021937   0.468143    2.16924   0.290734   -3.69637  -0.255942  0.0729638   0.369888    2.21835   0.343649
  -6.16645 -0.0559132  -0.102888   -1.70408    1.26399  -0.223634   0.817474 -0.0137008   -1.74476    1.28516  -0.209498    0.84554 -0.0108003    -3.3754   -0.54131  0.0222372   0.481998    2.17662   0.289982    -3.7022   -0.25357  0.0723872     0.3854    2.22663    0.34345
  -6.18029 -0.0593995   -0.10349   -1.70269    1.26202  -0.223764   0.817453 -0.0138417    -1.7449    1.28376  -0.209611   0.846215 -0.0109252   -3.37961  -0.542761  0.0226904      0.496    2.18429   0.289225    -3.7079  -0.251189   0.071659   0.401496    2.23519   0.343264
   -6.1946 -0.0630087  -0.103748   -1.70133    1.26001  -0.223844   0.817458 -0.0139766   -1.74501    1.28241  -0.209776   0.846885 -0.0110546   -3.38436  -0.544273  0.0233032   0.510151    2.19227   0.288462   -3.71348   -0.24878  0.0707729   0.418208    2.24404   0.343095
  -6.20938 -0.0667456  -0.103644   -1.69999    1.25796  -0.223871   0.817489 -0.0141052   -1.74512    1.28113  -0.209996   0.847555 -0.0111892   -3.38967   -0.54584  0.0240826   0.524454    2.20057   0.287696   -3.71894  -0.246349  0.0697225   0.435563     2.2532   0.342944
  -6.22467  -0.070603  -0.103082   -1.69871    1.25585  -0.223831   0.817555 -0.0142282    -1.7452    1.27991  -0.210272   0.848224 -0.0113287   -3.39569   -0.54739  0.0250664   0.539173    2.20919   0.286934   -3.72413  -0.243977  0.0684974    0.45365    2.26262   0.342796
  -6.24047 -0.0745849  -0.102076   -1.69747    1.25369  -0.223728   0.817654 -0.0143453   -1.74527    1.27878  -0.210617    0.84889 -0.0114719    -3.4024  -0.548949   0.026254    0.55429    2.21814   0.286177   -3.72909  -0.241638  0.0670991   0.472487     2.2723   0.342657
  -6.25677 -0.0786894  -0.100724   -1.69626    1.25149  -0.223573   0.817779 -0.0144568   -1.74531    1.27775  -0.211029   0.849554 -0.0116191   -3.40965  -0.550551  0.0276035   0.569551     2.2274   0.285421   -3.73395  -0.239296  0.0655441   0.491997    2.28229   0.342538
   -6.2736 -0.0829154  -0.098988   -1.69509    1.24925  -0.223362   0.817933 -0.0145625   -1.74535    1.27678  -0.211493   0.850216 -0.0117699   -3.41752  -0.552185  0.0291216   0.584905    2.23707   0.284666    -3.7387  -0.236964  0.0638144   0.512163    2.29266   0.342442
    -6.291  -0.087257 -0.0968508   -1.69395    1.24697  -0.223093   0.818118 -0.0146629   -1.74537     1.2759  -0.212018   0.850881 -0.0119248   -3.42603  -0.553837   0.030808   0.600321     2.2472   0.283915   -3.74334  -0.234657  0.0619015   0.532959    2.30347   0.342368
  -6.30897 -0.0917028 -0.0944435   -1.69283    1.24466  -0.222784   0.818322 -0.0147589   -1.74538     1.2751  -0.212606   0.851552  -0.012084   -3.43502  -0.555543  0.0326051    0.61555    2.25781   0.283164   -3.74804  -0.232337  0.0598328   0.554264    2.31478   0.342329
  -6.32749 -0.0962588 -0.0918157   -1.69172    1.24233   -0.22244   0.818543 -0.0148502    -1.7454    1.27437   -0.21324   0.852235 -0.0122469   -3.44446  -0.557333  0.0344996   0.630655    2.26889   0.282411   -3.75285  -0.229973  0.0576232   0.576065     2.3266   0.342326
   -6.3466  -0.100921 -0.0889132   -1.69063    1.23997  -0.222061   0.818785 -0.0149392   -1.74542    1.27369   -0.21391    0.85293 -0.0124136   -3.45444  -0.559134   0.036517   0.645998    2.28043   0.281664   -3.75767  -0.227644  0.0552849   0.598432    2.33884    0.34234
  -6.36629  -0.105681 -0.0857865   -1.68956    1.23759  -0.221652   0.819048 -0.0150273   -1.74544    1.27307  -0.214625   0.853638 -0.0125824   -3.46492   -0.56095  0.0386405   0.661619    2.29238   0.280924   -3.76255  -0.225344  0.0528389    0.62135    2.35148   0.342371
  -6.38372  -0.110288 -0.0841526   -1.68854     1.2355  -0.221408   0.819278 -0.0151103   -1.74547    1.27252  -0.215375   0.854361 -0.0127528   -3.47256  -0.563344  0.0406219   0.680208    2.30126   0.280137   -3.76759  -0.222419  0.0510722   0.646151    2.36153   0.342381
  -6.39886  -0.114824 -0.0843412   -1.68749    1.23374  -0.221369   0.819435 -0.0151877   -1.74555    1.27147  -0.215818   0.854982  -0.012913   -3.47693  -0.566447  0.0423977   0.702132    2.30654   0.279292   -3.77306  -0.218723  0.0501257   0.672898    2.36856   0.342368
   -6.4146  -0.119593 -0.0849074   -1.68632    1.23202  -0.221372   0.819547 -0.0152627   -1.74557    1.26982  -0.215888   0.855457  -0.013055   -3.48107   -0.56979   0.044154   0.724969     2.3114   0.278436    -3.7791  -0.214808  0.0493257   0.700263    2.37527    0.34237
  -6.43108  -0.124556 -0.0856612   -1.68506    1.23033  -0.221398   0.819636 -0.0153356   -1.74547    1.26807  -0.215877   0.855879  -0.013185   -3.48526   -0.57329  0.0459231   0.748489    2.31619   0.277579   -3.78561  -0.210771  0.0485877   0.728179    2.38197   0.342388
  -6.44843   -0.12968 -0.0864183   -1.68376    1.22865  -0.221426   0.819722 -0.0154068    -1.7453     1.2663  -0.215824   0.856278 -0.0133069    -3.4898   -0.57686  0.0477367   0.772475    2.32127   0.276728    -3.7925  -0.206711  0.0478309   0.756587    2.38896   0.342421
  -6.46677  -0.134935  -0.087022   -1.68245    1.22695  -0.221437   0.819822 -0.0154772   -1.74509    1.26455  -0.215769   0.856679 -0.0134242   -3.49492  -0.580432  0.0496203   0.796727    2.32695   0.275891   -3.79971  -0.202707  0.0469838    0.78543    2.39652   0.342474
  -6.48623  -0.140291 -0.0873334   -1.68116    1.22523  -0.221417   0.819951  -0.015547    -1.7449    1.26288  -0.215743   0.857105 -0.0135397   -3.50084  -0.583947  0.0515976   0.821079    2.33351   0.275074   -3.80715  -0.198827  0.0459843   0.814666    2.40487   0.342551
  -6.51041  -0.145968 -0.0854122   -1.67985    1.22312  -0.221151   0.820176 -0.0156241   -1.74473    1.26135  -0.215777   0.857577 -0.0136559    -3.5116  -0.586661  0.0538755   0.842329     2.3454   0.274351   -3.81493   -0.19593  0.0439453    0.84248    2.41786   0.342691
  -6.53948  -0.151856 -0.0808207   -1.67866     1.2206   -0.22059   0.820557 -0.0157097   -1.74463    1.26063  -0.216273   0.858274 -0.0137859    -3.5278  -0.588391  0.0565247    0.85996    2.36344   0.273743   -3.82278  -0.194227  0.0406772   0.868726     2.4362   0.342904
  -6.56997  -0.157611 -0.0750722   -1.67774    1.21797  -0.219899   0.821082 -0.0157985   -1.74474    1.26089  -0.217328   0.859272 -0.0139407   -3.54608  -0.589641  0.0594007   0.876713    2.38396   0.273196    -3.8303   -0.19312  0.0368969   0.895076    2.45669   0.343144
  -6.59804  -0.163005 -0.0701657   -1.67713    1.21559  -0.219291   0.821674 -0.0158813   -1.74514    1.26157  -0.218626    0.86046 -0.0141154   -3.56222  -0.591154  0.0623093   0.896006    2.40219   0.272637   -3.83734  -0.191744  0.0335342   0.923506    2.47521    0.34336
  -6.62735  -0.168424 -0.0647145   -1.67661    1.21316  -0.218624   0.822324 -0.0159645   -1.74579    1.26194  -0.219744   0.861633 -0.0142939   -3.57958  -0.592439  0.0653415   0.915186    2.42172   0.272117   -3.84447  -0.190679  0.0299394   0.952228    2.49488   0.343597
  -6.65777  -0.173916 -0.0586419   -1.67615    1.21072  -0.217933   0.823025 -0.0160643   -1.74655    1.26254  -0.220974   0.862895 -0.0144765   -3.59817  -0.593433  0.0685356   0.934309    2.44239   0.271644   -3.85151  -0.189978  0.0261035   0.981334    2.51546   0.343838
   -6.6895   -0.17939 -0.0520735    -1.6758     1.2082  -0.217185    0.82379 -0.0161724   -1.74742    1.26337  -0.222317   0.864245 -0.0146638   -3.61795  -0.594206  0.0718206   0.953264     2.4644   0.271211   -3.85875  -0.189576   0.022055    1.01062    2.53724   0.344099
  -6.72239  -0.184788 -0.0451855   -1.67557    1.20559  -0.216359   0.824623 -0.0162729   -1.74842     1.2644  -0.223765   0.865696 -0.0148561   -3.63865  -0.594864  0.0751618   0.972166    2.48759   0.270803   -3.86631  -0.189371  0.0178474    1.04012    2.56014   0.344391
  -6.75661  -0.190236 -0.0379201   -1.67542    1.20298  -0.215497   0.825511 -0.0163729   -1.74955    1.26562  -0.225298   0.867241 -0.0150532   -3.66043  -0.595356  0.0785595   0.990959     2.5121    0.27043   -3.87419  -0.189415  0.0134659    1.06975    2.58422   0.344708
  -6.79561  -0.196048 -0.0292106   -1.67514    1.20011  -0.214499   0.826449 -0.0164815   -1.75082    1.26704  -0.226924    0.86889 -0.0152558   -3.68624  -0.595262  0.0820047    1.00726    2.54134   0.270141   -3.88318  -0.190217 0.00838312    1.09767    2.61251   0.345093
  -6.83467  -0.201898 -0.0214206   -1.67484    1.19744  -0.213625   0.827369 -0.0165925   -1.75215    1.26911  -0.228886   0.870766 -0.0154639   -3.71103  -0.595458  0.0852792    1.02505    2.56975   0.269846   -3.89301  -0.190762 0.00367211    1.12622    2.64015   0.345486
    -6.87371    -0.207817   -0.0147498     -1.67449      1.19497      -0.2129     0.828257   -0.0167069     -1.75355        1.271    -0.230688     0.872648   -0.0156628     -3.73451    -0.596023    0.0883504      1.04458      2.59695     0.269541     -3.90383    -0.190961 -0.000581211      1.15547      2.66685     0.345881
   -6.91264   -0.213825 -0.00939162    -1.67407     1.19273   -0.212346      0.8291  -0.0168233    -1.75498     1.27262   -0.232288    0.874513  -0.0158495    -3.75642   -0.597047   0.0911878     1.06603     2.62266    0.269216    -3.91576   -0.190721   -0.004302     1.18545     2.69235     0.34628
   -6.95144   -0.219961 -0.00542627    -1.67359     1.19075   -0.211972    0.829906  -0.0169415    -1.75641     1.27394   -0.233649    0.876342  -0.0160217    -3.77664   -0.598585   0.0938348     1.09011     2.64639    0.268871    -3.92879   -0.189979 -0.00741686     1.21643     2.71619    0.346666
   -6.99004   -0.226262 -0.00298978    -1.67303     1.18906   -0.211802    0.830667  -0.0170625    -1.75783     1.27492   -0.234752    0.878122  -0.0161779    -3.79494   -0.600718    0.096283     1.11694     2.66786    0.268499    -3.94302   -0.188647 -0.00987556     1.24847     2.73812    0.347043
   -7.02832    -0.23274 -0.00227139    -1.67234     1.18767   -0.211857    0.831356  -0.0171861    -1.75922     1.27552   -0.235567    0.879834  -0.0163172    -3.81105   -0.603533   0.0984614     1.14607     2.68702     0.26809    -3.95863    -0.18664  -0.0116534     1.28144     2.75818    0.347423
   -7.06698    -0.23936 -0.00258195    -1.67164     1.18649   -0.212058    0.832038  -0.0173145    -1.76053     1.27567   -0.236058    0.881453  -0.0164377    -3.82615   -0.606753    0.100459     1.17657     2.70531    0.267669    -3.97539   -0.184273  -0.0130508     1.31493      2.7776     0.34782
    -7.1067   -0.246143 -0.00310356    -1.67102     1.18542   -0.212305    0.832782  -0.0174454    -1.76189     1.27559    -0.23637    0.883072  -0.0165521    -3.84156   -0.610099    0.102414      1.2074     2.72418    0.267265    -3.99291   -0.181861  -0.0144208      1.3486     2.79763    0.348245
   -7.14736   -0.253106 -0.00388627    -1.67049     1.18446   -0.212601    0.833578  -0.0175777    -1.76337      1.2755   -0.236654    0.884754  -0.0166725    -3.85714   -0.613604    0.104336     1.23869     2.74346    0.266871    -4.01116    -0.17937  -0.0157419     1.38254     2.81811    0.348698
    -7.1881   -0.260272 -0.00586847    -1.66989     1.18373   -0.213055    0.834344  -0.0177101    -1.76493     1.27538   -0.236895    0.886472  -0.0167967    -3.87132   -0.617663    0.106118     1.27173     2.76129    0.266451    -4.03051   -0.176366  -0.0166261     1.41736     2.83746    0.349166
   -7.22945   -0.267659 -0.00882766    -1.66921     1.18319   -0.213646    0.835083  -0.0178445    -1.76642     1.27493   -0.236906    0.888115  -0.0169101     -3.8846    -0.62217    0.107768     1.30614     2.77829    0.266016    -4.05102   -0.172974  -0.0171725     1.45277     2.85622    0.349656
  -7.27141  -0.275215 -0.0126213   -1.66848    1.18278  -0.214355    0.83581 -0.0179928   -1.76784    1.27425  -0.236735   0.889711 -0.0170137    -3.8971  -0.627082   0.109353    1.34189    2.79457   0.265574   -4.07258  -0.169258 -0.0174502    1.48939    2.87448   0.350176
  -7.31347  -0.282904 -0.0173203   -1.66776    1.18252  -0.215186    0.83653  -0.018152   -1.76922    1.27337  -0.236401   0.891272 -0.0171096   -3.90845  -0.632461   0.110925    1.37934    2.80956   0.265115   -4.09496  -0.165144 -0.0174129    1.52752    2.89173   0.350721
  -7.35554  -0.290749 -0.0229329   -1.66699    1.18244  -0.216132   0.837227 -0.0183103   -1.77056    1.27223   -0.23588   0.892773 -0.0171988   -3.91865  -0.638322   0.112468    1.41856    2.82298   0.264632   -4.11808  -0.160571 -0.0170193    1.56622    2.90766   0.351263
  -7.39761  -0.298749 -0.0293702   -1.66618    1.18252  -0.217178   0.837901  -0.018466   -1.77182    1.27083  -0.235172   0.894198   -0.01728   -3.92772  -0.644666   0.114043    1.45949    2.83496   0.264125   -4.14184  -0.155563  -0.016337    1.60613    2.92242   0.351818
  -7.44058  -0.306847 -0.0356899   -1.66548    1.18264  -0.218213   0.838633 -0.0186205     -1.773    1.26918   -0.23429   0.895542 -0.0173542   -3.93724  -0.651114   0.115785    1.50087    2.84742   0.263632   -4.16588  -0.150566 -0.0157785    1.64725     2.9377   0.352414
    -7.484  -0.314919 -0.0446007   -1.66463    1.18316  -0.219632   0.839305 -0.0188107   -1.77427     1.2676  -0.233435   0.896934 -0.0174373   -3.94428  -0.658118    0.11672    1.54445       2.86   0.263158   -4.19272  -0.145184 -0.0143696    1.68757    2.95341   0.353035
  -7.52765  -0.323058 -0.0529384   -1.66392    1.18364  -0.220958   0.840038 -0.0189896   -1.77555    1.26552  -0.232127   0.898298 -0.0174873   -3.95184  -0.665183   0.118068    1.58863    2.87219   0.262684   -4.21897  -0.139784 -0.0131866    1.72936    2.96876   0.353669
  -7.57243  -0.331404 -0.0577627   -1.66355    1.18368  -0.221765   0.840936 -0.0191211   -1.77688    1.26354  -0.230903   0.899664 -0.0175517    -3.9633  -0.671733   0.120794    1.63143    2.88455   0.262212    -4.2421  -0.134844 -0.0132341    1.77338    2.98389   0.354303
  -7.61846  -0.339853 -0.0620544   -1.66322    1.18365  -0.222501   0.841869 -0.0192492   -1.77828    1.26228  -0.230283   0.901109 -0.0176698    -3.9758   -0.67818    0.12376     1.6744    2.89775   0.261768   -4.26521  -0.130101 -0.0135195    1.81811    2.99977   0.354959
   -7.6652  -0.348374 -0.0657763   -1.66298    1.18358  -0.223151   0.842851 -0.0193703    -1.7797    1.26119  -0.229758   0.902591 -0.0177929   -3.98907  -0.684553   0.127074    1.71783    2.91131   0.261349   -4.28798  -0.125532 -0.0140577    1.86456    3.01596   0.355644
  -7.71262  -0.356964 -0.0688161   -1.66285    1.18343  -0.223698   0.843882 -0.0194836   -1.78115    1.26026  -0.229323    0.90409 -0.0179233    -4.0032   -0.69081   0.130761    1.76175    2.92504   0.260955   -4.31025  -0.121142 -0.0148458    1.91223    3.03225   0.356339
  -7.76067  -0.365624 -0.0710837   -1.66282    1.18319  -0.224128    0.84496 -0.0195879   -1.78261    1.25948  -0.228994   0.905598 -0.0180608   -4.01825  -0.696919   0.134853    1.80614    2.93895   0.260586   -4.33191  -0.116958 -0.0159102    1.96119    3.04863    0.35704
   -7.8093  -0.374383 -0.0724615   -1.66288    1.18284   -0.22442   0.846085 -0.0196809   -1.78408    1.25889  -0.228785   0.907111 -0.0182058   -4.03433  -0.702841    0.13939    1.85095    2.95302   0.260243   -4.35278  -0.113014 -0.0172842    2.01153    3.06504   0.357745
  -7.85844  -0.383255 -0.0728565   -1.66304    1.18237   -0.22456   0.847252 -0.0197605   -1.78552    1.25848  -0.228707   0.908606 -0.0183569    -4.0515  -0.708546   0.144399    1.89611    2.96732   0.259929   -4.37275   -0.10933  -0.019001    2.06328    3.08154   0.358452
  -7.90767  -0.392064 -0.0750812   -1.66304    1.18213  -0.224955   0.848342 -0.0198638   -1.78688    1.25826   -0.22877   0.910065 -0.0185124   -4.06676  -0.714561   0.148893    1.94337    2.98166   0.259647   -4.39448  -0.105494 -0.0201015    2.11487    3.09826   0.359169
  -7.95754  -0.400998  -0.075773   -1.66317    1.18168  -0.225109    0.84949 -0.0199444   -1.78812    1.25767  -0.228483   0.911424 -0.0186309   -4.08376  -0.720212   0.154019    1.99056    2.99648   0.259396   -4.41481  -0.102044 -0.0217309    2.16806    3.11525   0.359889
  -8.00854  -0.410234 -0.0721304   -1.66367    1.18068  -0.224618   0.850818 -0.0199657    -1.7893    1.25739  -0.228439   0.912769 -0.0187612   -4.10554  -0.724955   0.160737    2.03589    3.01212   0.259179   -4.43114 -0.0994178  -0.024847    2.22435    3.13254    0.36061
  -8.06027  -0.419623 -0.0674712   -1.66435     1.1796  -0.223977   0.852227 -0.0199742   -1.79052    1.25801  -0.229132   0.914178 -0.0189447    -4.1285  -0.729497   0.168006    2.08238    3.02781   0.258999   -4.44659  -0.097032 -0.0282694    2.28239    3.14974   0.361332
   -8.1127   -0.42916 -0.0618491   -1.66519    1.17844  -0.223193    0.85371 -0.0199711   -1.79176    1.25887  -0.229987   0.915592 -0.0191352   -4.15255  -0.733834   0.175797    2.12994    3.04353   0.258855   -4.46118 -0.0948835 -0.0319779    2.34212    3.16686   0.362055
  -8.16569  -0.438808  -0.055389   -1.66611    1.17718  -0.222281   0.855227 -0.0199591   -1.79301    1.25997  -0.230992   0.917008 -0.0193319   -4.17765  -0.737873   0.183943    2.17769    3.05977   0.258749   -4.47503 -0.0930757 -0.0359623    2.40297    3.18433   0.362782
  -8.21923  -0.448569 -0.0481755    -1.6671    1.17582  -0.221254   0.856776 -0.0199396   -1.79423    1.26124  -0.232121   0.918407 -0.0195297    -4.2037  -0.741627   0.192418    2.22573    3.07649   0.258684   -4.48819 -0.0915998  -0.040186    2.46493    3.20212   0.363512
  -8.27327  -0.458442 -0.0403402   -1.66814    1.17439   -0.22013    0.85835 -0.0199135    -1.7954    1.26269   -0.23336    0.91979 -0.0197274   -4.23054  -0.745135   0.201178    2.27414    3.09367   0.258657   -4.50078 -0.0904151 -0.0446058    2.52792    3.22023   0.364248
  -8.32762   -0.46842 -0.0320973    -1.6692    1.17291  -0.218939    0.85993 -0.0198825   -1.79654    1.26427  -0.234686   0.921154 -0.0199238   -4.25785  -0.748449   0.210175    2.32312    3.11102   0.258662   -4.51289 -0.0894615 -0.0491355    2.59191    3.23842   0.364983
  -8.38222  -0.478472 -0.0236203   -1.67027    1.17139  -0.217704   0.861505 -0.0198494   -1.79761    1.26593  -0.236057   0.922477 -0.0201153   -4.28543  -0.751589    0.21934    2.37274    3.12855   0.258699   -4.52466  -0.088716 -0.0537108    2.65674    3.25669   0.365713
  -8.43716  -0.488575 -0.0150292   -1.67133    1.16986   -0.21645   0.863075 -0.0198172   -1.79861    1.26763  -0.237443   0.923764 -0.0202998   -4.31323  -0.754566   0.228601    2.42298    3.14647    0.25877   -4.53628 -0.0881805 -0.0582982    2.72219    3.27527   0.366442
    -8.4924   -0.498721 -0.00645659    -1.67239     1.16833   -0.215195    0.864637  -0.0197882    -1.79958     1.26936   -0.238832    0.925032  -0.0204769    -4.34111   -0.757396     0.23791     2.47394     3.16473    0.258876    -4.54785  -0.0878467  -0.0628421      2.7882      3.2941    0.367171
  -8.54791  -0.508892 0.00198125   -1.67342    1.16681  -0.213959   0.866184 -0.0197639   -1.80053    1.27111    -0.2402   0.926286 -0.0206449   -4.36893  -0.760103   0.247227     2.5257     3.1833   0.259016   -4.55946 -0.0876938 -0.0672992    2.85468    3.31317   0.367897
  -8.60363   -0.51907   0.010122   -1.67442    1.16534  -0.212765   0.867709 -0.0197458   -1.80146    1.27285  -0.241529   0.927524 -0.0208024   -4.39649  -0.762748   0.256507     2.5783    3.20213   0.259184   -4.57125 -0.0876649 -0.0716237    2.92155    3.33246   0.368623
  -8.65952  -0.529232  0.0178226   -1.67538    1.16392  -0.211635   0.869205 -0.0197362   -1.80237    1.27455  -0.242793   0.928749 -0.0209487   -4.42364  -0.765355   0.265697    2.63185    3.22117   0.259381   -4.58333 -0.0877418 -0.0757616     2.9887    3.35195   0.369348
  -8.71542  -0.539312  0.0248996   -1.67618    1.16254  -0.210593   0.870627 -0.0197385   -1.80327    1.27618  -0.243967    0.92996  -0.021082   -4.45029  -0.767853   0.274595    2.68544    3.24098   0.259609   -4.59584 -0.0880138 -0.0796865    3.05543    3.37212   0.370073
   -8.7714  -0.549327  0.0312484    -1.6769    1.16125  -0.209658   0.872003 -0.0197517    -1.8041    1.27768  -0.245015    0.93114 -0.0211973   -4.47618  -0.770397   0.283317    2.74023    3.26092   0.259862   -4.60888 -0.0883221 -0.0833259    3.12226    3.39244   0.370795
   -8.8275  -0.559295  0.0367874   -1.67762    1.16011  -0.208844   0.873363 -0.0197745   -1.80493    1.27905  -0.245926   0.932313  -0.021297   -4.50109  -0.773113    0.29198    2.79728    3.28041   0.260133   -4.62253 -0.0885302 -0.0866134     3.1897    3.41239   0.371513
  -8.88361  -0.569155  0.0413947   -1.67824     1.1591  -0.208166   0.874668 -0.0198098   -1.80582    1.28032  -0.246693   0.933494  -0.021383     -4.525  -0.775934     0.3004    2.85551    3.29997   0.260424   -4.63688 -0.0887254 -0.0895544    3.25711    3.43245   0.372231
  -8.93974  -0.578909  0.0450472   -1.67878    1.15823   -0.20763   0.875924 -0.0198579   -1.80672    1.28143   -0.24729   0.934669 -0.0214517   -4.54788  -0.778892   0.308595    2.91502    3.31949   0.260734   -4.65196 -0.0888769 -0.0921393    3.32456    3.45252   0.372953
  -8.99593  -0.588554  0.0477356   -1.67925     1.1575  -0.207239   0.877138 -0.0199194   -1.80765    1.28238  -0.247715   0.935842 -0.0215038   -4.56973  -0.781999   0.316577     2.9759    3.33887   0.261062   -4.66777 -0.0889769 -0.0943574     3.3921    3.47251   0.373677
  -9.05213  -0.598081  0.0494534   -1.67966    1.15692  -0.206994   0.878313  -0.019994   -1.80861    1.28318  -0.247967   0.937016 -0.0215396   -4.59051  -0.785277   0.324354    3.03813    3.35811   0.261405   -4.68432 -0.0890028 -0.0962158    3.45974    3.49242   0.374405
  -9.10902  -0.607614  0.0505591   -1.67997    1.15643  -0.206849   0.879453 -0.0200773   -1.80961    1.28382  -0.248045   0.938191 -0.0215601   -4.61102  -0.788627   0.331955    3.10111    3.37804   0.261774   -4.70158 -0.0890702  -0.097872    3.52711    3.51301    0.37515
  -9.16544  -0.616688   0.047968   -1.68002    1.15643  -0.207266   0.880453 -0.0202162   -1.81059    1.28437  -0.248005   0.939362 -0.0215663   -4.62752  -0.792744   0.338437    3.16725    3.39769   0.262161   -4.72211  -0.088671 -0.0993593    3.58839    3.53249   0.375845
  -9.22122  -0.625559  0.0446834    -1.6801    1.15655  -0.207779   0.881439 -0.0203633   -1.81156    1.28424  -0.247311   0.940472 -0.0215198    -4.6428  -0.797023    0.34491    3.23489    3.41637   0.262549   -4.74275 -0.0881559  -0.100365    3.65122    3.55131   0.376542
  -9.27737  -0.634618  0.0432988   -1.68038    1.15645  -0.208001     0.8825 -0.0204795   -1.81262      1.284  -0.246498   0.941593 -0.0214669   -4.66001  -0.800888    0.35217    3.30199    3.43497   0.262945   -4.76137 -0.0879477  -0.100732    3.71533    3.56958   0.377241
  -9.33333  -0.643574  0.0407631   -1.68057    1.15653  -0.208392   0.883512 -0.0206079   -1.81376    1.28416  -0.246016   0.942772   -0.02144   -4.67588  -0.805032   0.359215    3.37056    3.45333   0.263349    -4.7808 -0.0875778  -0.100775    3.78019    3.58793   0.377957
  -9.38923  -0.652445  0.0376884   -1.68074    1.15669  -0.208861   0.884505 -0.0207424   -1.81488    1.28406  -0.245305   0.943896  -0.021396   -4.69105   -0.80929   0.366238    3.44025    3.47146   0.263764   -4.80046 -0.0871705  -0.100663     3.8517    3.60787   0.378751
  -9.44512  -0.661162  0.0340499   -1.68092    1.15693  -0.209418   0.885483 -0.0208871   -1.81599    1.28387  -0.244491   0.945003 -0.0213434   -4.70549  -0.813653   0.373228    3.51113    3.48932   0.264189   -4.82042 -0.0867393  -0.100364    3.92308    3.62743   0.379543
  -9.50098   -0.66981  0.0300693    -1.6811    1.15724  -0.210024   0.886453  -0.021035   -1.81715    1.28364  -0.243589   0.946131 -0.0212833   -4.71943  -0.818118   0.380278    3.58297    3.50696   0.264621   -4.84044 -0.0862732 -0.0999754    3.99457    3.64672   0.380338
  -9.55677  -0.678413  0.0258869    -1.6813     1.1576  -0.210655   0.887419 -0.0211841   -1.81834    1.28336   -0.24262   0.947252 -0.0212194   -4.73299  -0.822646   0.387432    3.65567    3.52441   0.265061   -4.86035 -0.0857953 -0.0995377    4.06627    3.66575   0.381134
  -9.60448  -0.686675   0.019508    -1.6818    1.15833   -0.21146    0.88832 -0.0213072   -1.81954    1.28304  -0.241606   0.948358  -0.021153    -4.7396  -0.828283   0.395137    3.73317     3.5338   0.265368   -4.87802 -0.0839928 -0.0983493    4.14247    3.67752   0.381824
  -9.65196  -0.695066  0.0129251    -1.6821    1.15905  -0.212268   0.889133 -0.0214204   -1.82042    1.28162  -0.240015   0.948924 -0.0210824   -4.74562  -0.834095   0.403083    3.81155    3.54216   0.265655   -4.89542 -0.0820055 -0.0971287    4.21926    3.68828    0.38251
  -9.70742  -0.703899 0.00854365   -1.68203    1.15936  -0.212879   0.889958 -0.0215497   -1.82101    1.28006  -0.238345   0.949325 -0.0210014   -4.75821  -0.838866   0.410865    3.88646    3.55793   0.266077   -4.91441 -0.0813169 -0.0966951    4.29229    3.70551   0.383303
  -9.76322  -0.712727 0.00474248   -1.68213    1.15964  -0.213411   0.890853 -0.0216764   -1.82169    1.27951  -0.237209   0.950132 -0.0209176   -4.77156  -0.843403   0.418852    3.96137    3.57458   0.266528   -4.93278 -0.0809125 -0.0964522    4.36554    3.72346   0.384108
    -9.81127     -0.72128 -0.000553035     -1.68267      1.16024     -0.21402     0.891753   -0.0217716     -1.82252      1.27915    -0.236187     0.951011   -0.0208437     -4.77894    -0.848814     0.427528      4.04027      3.58409     0.266866     -4.94844   -0.0794188   -0.0957093      4.44344        3.735      0.38482
   -9.85942   -0.730047 -0.00536967    -1.68314     1.16077   -0.214537    0.892626  -0.0218507    -1.82315      1.2779   -0.234731    0.951415  -0.0207783     -4.7867   -0.854169    0.436573     4.11944     3.59339    0.267203    -4.96334  -0.0779639   -0.095151     4.52209     3.74625     0.38554
   -9.91582   -0.739343 -0.00735395    -1.68332     1.16083   -0.214766    0.893556  -0.0219396    -1.82356     1.27666   -0.233328    0.951705  -0.0207116    -4.80195   -0.858274    0.445554     4.19462     3.61083    0.267691    -4.97935  -0.0780011  -0.0955602     4.59713     3.76465    0.386378
   -9.97284   -0.748739 -0.00809727    -1.68377      1.1608   -0.214823    0.894604  -0.0220194    -1.82413     1.27661   -0.232581    0.952446  -0.0206489    -4.81893    -0.86191    0.454821      4.2691     3.63012     0.26823    -4.99426  -0.0785511  -0.0963707      4.6724     3.78463    0.387241
   -10.0304   -0.758263 -0.00760238    -1.68445     1.16066   -0.214702    0.895757  -0.0220877    -1.82489      1.2769   -0.232071    0.953292  -0.0206022    -4.83756   -0.865096    0.464406     4.34293     3.65107    0.268814    -5.00799  -0.0795767  -0.0975801     4.74804     3.80601    0.388126
   -10.0881   -0.767916 -0.00602832    -1.68533     1.16043   -0.214419     0.89699  -0.0221437    -1.82579     1.27751   -0.231791    0.954217  -0.0205702    -4.85748   -0.867914    0.474325     4.41632     3.67316    0.269433    -5.02057   -0.080977  -0.0991325     4.82421     3.82834    0.389029
    -10.146   -0.777719 -0.00341119    -1.68637     1.16009   -0.213975    0.898293  -0.0221869     -1.8268     1.27839   -0.231708    0.955196  -0.0205511     -4.8786   -0.870368    0.484574     4.48933     3.69624    0.270085    -5.03194  -0.0827365   -0.101004     4.90093     3.85147    0.389947
   -10.2038   -0.787717 0.000245246    -1.68756     1.15966   -0.213367    0.899654  -0.0222144    -1.82789     1.27951   -0.231811    0.956206  -0.0205427    -4.90086   -0.872482    0.495171     4.56193     3.72019    0.270766    -5.04204  -0.0848152   -0.103201     4.97824      3.8753    0.390876
  -10.2615  -0.797913 0.00485211   -1.68889    1.15913  -0.212603   0.901064 -0.0222265   -1.82897    1.28085   -0.23209   0.957211 -0.0205431   -4.92409  -0.874288   0.506102    4.63416    3.74483   0.271472    -5.0509 -0.0871707  -0.105691    5.05612    3.89967   0.391816
  -10.3189  -0.808277  0.0102601   -1.69032    1.15851  -0.211709   0.902512 -0.0222262   -1.83005    1.28236  -0.232527   0.958197  -0.020551   -4.94808  -0.875824   0.517325    4.70612    3.76999   0.272198   -5.05864 -0.0897635  -0.108078    5.12752    3.92213   0.392677
  -10.3761   -0.81881  0.0163638   -1.69184    1.15783  -0.210696   0.903991 -0.0222141   -1.83112    1.28402  -0.233099   0.959172 -0.0205655   -4.97269  -0.877132   0.528818    4.77785    3.79556   0.272943   -5.06534 -0.0925488  -0.110394     5.1936    3.94302   0.393475
  -10.4335  -0.829648  0.0233732   -1.69341    1.15703  -0.209541   0.905497 -0.0221878   -1.83219    1.28582  -0.233788   0.960127 -0.0205851   -4.99854  -0.878107   0.540549    4.84896    3.82221   0.273718   -5.07103 -0.0956345   -0.11343    5.26889     3.9678   0.394396
  -10.4892  -0.840836  0.0302979    -1.6948    1.15621  -0.208323   0.906888 -0.0221322   -1.83319    1.28776  -0.234618   0.961045 -0.0206075   -5.02329  -0.879264   0.552666    4.92077    3.84702   0.274457   -5.07555 -0.0984077  -0.116837    5.35293    3.99328   0.395389
  -10.5425  -0.852236   0.036742   -1.69607    1.15542  -0.207096   0.908172 -0.0220508   -1.83364    1.28938  -0.235337   0.961611 -0.0206165   -5.04624  -0.880761    0.56516    4.99363    3.86951   0.275159   -5.07887  -0.100771  -0.120128    5.43837    4.01648   0.396364
  -10.5954  -0.863772  0.0434488   -1.69742    1.15464  -0.205818   0.909482 -0.0219616   -1.83365    1.29062   -0.23589    0.96185 -0.0206146   -5.06942  -0.882161   0.577817    5.06642    3.89245   0.275886    -5.0814  -0.103267  -0.123492    5.51688    4.03799   0.397268
  -10.6477  -0.875348  0.0501507   -1.69881    1.15387   -0.20453   0.910788 -0.0218706   -1.83368    1.29191   -0.23649   0.962073 -0.0206155   -5.09214  -0.883522   0.590531    5.13968    3.91498   0.276607   -5.08361  -0.105733   -0.12675    5.59546    4.05921   0.398164
  -10.6972  -0.886987  0.0557314   -1.69998     1.1532  -0.203342   0.911943 -0.0217675    -1.8337    1.29319  -0.237081   0.962262 -0.0206132   -5.11191  -0.885377   0.603431    5.21472    3.93408   0.277255   -5.08537  -0.107544  -0.129614    5.68224    4.07933   0.399097
  -10.7441  -0.898704  0.0601085   -1.70096    1.15265  -0.202268   0.912963 -0.0216528   -1.83324    1.29394  -0.237388   0.962099 -0.0205923     -5.129  -0.887766   0.616525    5.29117    3.95037   0.277856    -5.0865  -0.108782  -0.132159     5.7622     4.0951   0.399914
  -10.7903  -0.910397  0.0640648   -1.70198    1.15219  -0.201254   0.913983 -0.0215438   -1.83234    1.29416  -0.237406   0.961606 -0.0205564   -5.14549  -0.890237    0.62959     5.3679    3.96668   0.278472   -5.08741  -0.110004  -0.134572    5.84329    4.11104   0.400751
  -10.8358  -0.921988  0.0674078   -1.70301    1.15181  -0.200339   0.914986 -0.0214477   -1.83149     1.2943  -0.237354     0.9611 -0.0205181   -5.16078  -0.892819   0.642542    5.44547    3.98218   0.279076   -5.08851  -0.111083  -0.136686     5.9317    4.12793   0.401654
  -10.8804  -0.933413  0.0700052   -1.70403    1.15153  -0.199548   0.915967 -0.0213692   -1.83064    1.29433  -0.237189   0.960567 -0.0204727   -5.17473  -0.895517   0.655326    5.52388    3.99685   0.279669   -5.08986  -0.112023  -0.138447    6.01128     4.1427   0.402454
   -10.924  -0.944641  0.0717758   -1.70505    1.15134  -0.198882   0.916923 -0.0213073   -1.82982     1.2942  -0.236888    0.96001 -0.0204186    -5.1874  -0.898347   0.667921    5.60293    4.01101   0.280266   -5.09135  -0.112875  -0.139884    6.09083    4.15702   0.403239
  -10.9668  -0.955637  0.0726696   -1.70607    1.15125   -0.19835   0.917846 -0.0212626   -1.82902     1.2939  -0.236439    0.95943 -0.0203554   -5.19874  -0.901323   0.680315    5.68269     4.0246   0.280866   -5.09303  -0.113624  -0.140988    6.17714    4.17191   0.404072
  -11.0085  -0.966373  0.0726838   -1.70708    1.15126  -0.197951   0.918731  -0.021235   -1.82824    1.29345  -0.235832   0.958829 -0.0202822   -5.20869  -0.904441   0.692503    5.76316    4.03757   0.281468    -5.0949  -0.114276  -0.141741    6.26203    4.18605   0.404875
  -11.0493  -0.976796  0.0718267   -1.70806    1.15136  -0.197687   0.919575 -0.0212255   -1.82749    1.29283  -0.235068    0.95821 -0.0201984   -5.21725  -0.907686   0.704473    5.84431    4.04987   0.282072   -5.09696  -0.114846  -0.142133    6.34563    4.19944    0.40565
  -11.0892   -0.98682   0.070082   -1.70904    1.15154  -0.197566   0.920378 -0.0212379    -1.8268    1.29206   -0.23415   0.957593 -0.0201043   -5.22436  -0.911052    0.71621    5.92617    4.06141   0.282675   -5.09931   -0.11534   -0.14214    6.42801    4.21201   0.406396
   -11.128  -0.996542  0.0676238   -1.70999    1.15178  -0.197553   0.921136 -0.0212645   -1.82623    1.29121  -0.233098   0.957023 -0.0200007    -5.2302  -0.914499   0.727768    6.00852    4.07228   0.283277   -5.10168  -0.115778  -0.141835    6.50931    4.22385   0.407113
 -11.1658  -1.00606 0.0647732  -1.71092   1.15205 -0.197596  0.921861 -0.021299  -1.82572   1.29024 -0.231923  0.956449 -0.019888  -5.23524  -0.91791  0.739192   6.09101   4.08283  0.283885  -5.10376 -0.116253 -0.141321   6.58962   4.23528  0.407805
  -11.1962   -1.01484  0.0594735   -1.71207    1.15265  -0.197887   0.922496 -0.0213278    -1.8252    1.28916   -0.23066    0.95584 -0.0197671   -5.23358  -0.922254   0.750737    6.17654    4.08715   0.284385   -5.10462  -0.115709  -0.140029    6.67193    4.24115   0.408394
  -11.2258    -1.0235  0.0537594   -1.71303    1.15325  -0.198222   0.923028 -0.0213534   -1.82449    1.28717  -0.228845   0.954825 -0.0196404   -5.23106  -0.926653   0.762251    6.26227    4.09075   0.284873   -5.10525  -0.115092  -0.138567     6.7536    4.24629   0.408967
  -11.2614   -1.03256  0.0501285   -1.71367     1.1535  -0.198341   0.923543 -0.0213845    -1.8236    1.28505  -0.226937   0.953708 -0.0194993   -5.23428  -0.929977   0.773504    6.34496    4.10029    0.28548   -5.10643   -0.11563  -0.137623    6.83176    4.25648   0.409614
  -11.2965   -1.04143  0.0468965   -1.71437    1.15369   -0.19839   0.924059 -0.0214123   -1.82279    1.28378  -0.225503   0.952926 -0.0193444   -5.23785   -0.93298   0.784686    6.42711    4.11062   0.286119   -5.10689   -0.11649  -0.136683    6.90919    4.26729   0.410254
  -11.3247   -1.04975  0.0420723   -1.71534    1.15412  -0.198553   0.924521 -0.0214184   -1.82211    1.28268  -0.224149   0.952204  -0.019187   -5.23614  -0.936639   0.796127    6.51125    4.11612   0.286682   -5.10538   -0.11664  -0.135283    6.98944    4.27389   0.410826
  -11.3525   -1.05819  0.0376842   -1.71632    1.15451  -0.198632   0.924969 -0.0214091   -1.82127    1.28084  -0.222396   0.951108 -0.0190331   -5.23457  -0.940143   0.807891    6.59611     4.1214   0.287259   -5.10288  -0.116913  -0.133951    7.07078     4.2802   0.411403
  -11.3867    -1.0672   0.036104   -1.71717    1.15455  -0.198398   0.925494 -0.0214007   -1.82036    1.27909   -0.22071   0.949958 -0.0188741   -5.23931  -0.942406   0.819732    6.67884    4.13232   0.287963   -5.10039  -0.118408   -0.13327    7.14993    4.29124   0.412058
  -11.4208   -1.07621  0.0356244   -1.71822    1.15448  -0.198005   0.926087 -0.0213865    -1.8197    1.27843  -0.219643   0.949221  -0.018709   -5.24538  -0.944149   0.831645    6.76038    4.14448   0.288708   -5.09673  -0.120359  -0.132809    7.22873    4.30329   0.412723
  -11.4547   -1.08513  0.0361308   -1.71935    1.15425  -0.197469   0.926707 -0.0213692   -1.81924    1.27809  -0.218792   0.948594   -0.01855   -5.25289  -0.945346   0.843425    6.83943    4.15825   0.289492   -5.09188  -0.122792  -0.132587    7.30631    4.31672   0.413394
  -11.4882   -1.09409  0.0377202   -1.72064    1.15388  -0.196771    0.92738 -0.0213457   -1.81889    1.27799  -0.218131   0.948048 -0.0183966   -5.26156  -0.946022    0.85529    6.91731    4.17303   0.290307   -5.08574  -0.125635  -0.132579    7.38352    4.33091   0.414061
 -11.5214  -1.10318 0.0404741  -1.72216   1.15341 -0.195897  0.928133 -0.021314  -1.81865   1.27817 -0.217671  0.947569 -0.018248  -5.27116 -0.946206  0.867439    6.9952   4.18822  0.291148  -5.07823 -0.128822 -0.132757   7.46113   4.34533  0.414714
  -11.5542   -1.11235  0.0442449   -1.72381    1.15281  -0.194864   0.928924 -0.0212746   -1.81855    1.27864  -0.217422   0.947148 -0.0181037   -5.28183  -0.945913   0.879669    7.07175    4.20422   0.292012   -5.06941  -0.132357  -0.133148    7.53836    4.36034   0.415366
  -11.5864   -1.12158  0.0489524   -1.72556    1.15207  -0.193685   0.929746 -0.0212284   -1.81854     1.2795   -0.21744   0.946749 -0.0179545   -5.29342  -0.945173   0.891963    7.14698     4.2209   0.292895   -5.05934  -0.136206  -0.133732    7.61517    4.37587   0.416011
   -11.618   -1.13083  0.0544715   -1.72741    1.15122  -0.192378   0.930592  -0.021178   -1.81858    1.28054  -0.217614   0.946385 -0.0178111   -5.30576  -0.944037   0.904295    7.22093    4.23813   0.293792   -5.04816  -0.140322  -0.134475    7.69147    4.39179   0.416649
  -11.6489   -1.14012  0.0607011   -1.72935    1.15026  -0.190958   0.931455 -0.0211234   -1.81867    1.28157  -0.217848   0.946085 -0.0176838   -5.31868  -0.942548   0.916646    7.29361    4.25579   0.294696   -5.03592  -0.144661  -0.135356     7.7672      4.408   0.417278
  -11.6791   -1.14944  0.0675476   -1.73135    1.14921  -0.189435   0.932326 -0.0210643   -1.81882    1.28275  -0.218221   0.945812 -0.0175605   -5.33205  -0.940746   0.929001      7.365    4.27377   0.295604   -5.02265  -0.149181   -0.13636    7.84228    4.42441   0.417898
  -11.7066   -1.15873  0.0738835    -1.7332    1.14815  -0.187934   0.933086 -0.0209921   -1.81898    1.28405  -0.218709    0.94554 -0.0174403    -5.3436   -0.93917   0.941451     7.4361    4.28971   0.296448   -5.00861  -0.153331  -0.137268    7.91728    4.43899   0.418487
  -11.7317   -1.16796  0.0796135    -1.7349    1.14712  -0.186472   0.933736 -0.0209088   -1.81881      1.285  -0.219065   0.945032 -0.0173163   -5.35323  -0.937854   0.953962     7.5069    4.30362   0.297226   -4.99393  -0.157089  -0.138058    7.99207    4.45174   0.419044
  -11.7559   -1.17714  0.0855903   -1.73662    1.14603  -0.184964   0.934374 -0.0208244   -1.81833    1.28562  -0.219275   0.944293 -0.0171883   -5.36286  -0.936356   0.966367     7.5765    4.31771   0.297998   -4.97859  -0.160934  -0.138879    8.06585    4.46461   0.419588
   -11.779   -1.18622  0.0916091   -1.73833     1.1449  -0.183436   0.934979 -0.0207385   -1.81785    1.28625  -0.219535   0.943554 -0.0170623   -5.37222  -0.934755   0.978627      7.645    4.33186   0.298758   -4.96278  -0.164809  -0.139683    8.13852     4.4775   0.420118
  -11.7994   -1.19519  0.0965851   -1.73981    1.14385  -0.182004   0.935446 -0.0206392   -1.81737    1.28686  -0.219806   0.942798 -0.0169374   -5.37915  -0.933605   0.990872    7.71341    4.34386   0.299441   -4.94672  -0.168174  -0.140292    8.21082    4.48853   0.420623
  -11.8174   -1.20405   0.100481   -1.74112    1.14291   -0.18068   0.935794 -0.0205274   -1.81651      1.287  -0.219847   0.941773 -0.0168074   -5.38369   -0.93294    1.00313    7.78197    4.35369   0.300053   -4.93055  -0.171017  -0.140687    8.27707    4.49692   0.421071
  -11.8347   -1.21282   0.104181   -1.74247    1.14201  -0.179379   0.936138  -0.020417    -1.8153    1.28668  -0.219655    0.94049 -0.0166727   -5.38779  -0.932312    1.01526    7.84998    4.36344   0.300656   -4.91427  -0.173818   -0.14101     8.3378    4.50464   0.421484
  -11.8513   -1.22145   0.107555   -1.74384    1.14116  -0.178122   0.936474 -0.0203094   -1.81414    1.28632  -0.219435   0.939208 -0.0165396   -5.39131  -0.931762    1.02724    7.91758    4.37304    0.30125   -4.89801  -0.176554  -0.141273    8.39976    4.51254    0.42191
   -11.867   -1.22989   0.110472   -1.74522    1.14038  -0.176929   0.936789 -0.0202054   -1.81301    1.28589  -0.219164   0.937924  -0.016407   -5.39407  -0.931337    1.03902    7.98475    4.38252   0.301829   -4.88187  -0.179206  -0.141387    8.46258    4.52054   0.422347
   -11.882   -1.23812   0.112863   -1.74659    1.13967  -0.175811   0.937083 -0.0201053    -1.8119    1.28535   -0.21882   0.936635 -0.0162747     -5.396  -0.931069     1.0506    8.05157    4.39186   0.302394   -4.86595   -0.18176  -0.141293    8.53138    4.52936   0.422837
  -11.8962   -1.24613   0.114712   -1.74797    1.13906  -0.174773   0.937363 -0.0200102   -1.81082     1.2847   -0.21839   0.935341 -0.0161424   -5.39711  -0.930958    1.06197    8.11824    4.40103   0.302949   -4.85027  -0.184223  -0.141022    8.60493    4.53886   0.423375
  -11.9098    -1.2539   0.115992   -1.74936    1.13853   -0.17382   0.937628 -0.0199204   -1.80979    1.28396  -0.217871   0.934048  -0.016009    -5.3974   -0.93101    1.07314    8.18483    4.41005   0.303497   -4.83487  -0.186604  -0.140558    8.67676    4.54814   0.423911
  -11.9228   -1.26142   0.116695   -1.75077    1.13811  -0.172956   0.937881 -0.0198365   -1.80879     1.2831  -0.217258   0.932759 -0.0158742   -5.39686  -0.931231    1.08409    8.25136    4.41893   0.304039    -4.8198  -0.188904    -0.1399    8.74707    4.55727   0.424445
  -11.9351   -1.26868   0.116833    -1.7522    1.13778  -0.172179   0.938121 -0.0197582   -1.80786    1.28216  -0.216552    0.93148 -0.0157378   -5.39553  -0.931612    1.09483    8.31784     4.4277   0.304575   -4.80506  -0.191135  -0.139042      8.816    4.56627   0.424979
   -11.947   -1.27567   0.116437   -1.75364    1.13754  -0.171486   0.938352 -0.0196859   -1.80698    1.28112  -0.215754   0.930215 -0.0155997   -5.39347  -0.932141    1.10535    8.38429    4.43637   0.305108   -4.79065  -0.193314  -0.137987    8.88368    4.57517   0.425515
  -11.9583   -1.28237   0.115551   -1.75511    1.13738  -0.170872   0.938577 -0.0196195   -1.80616    1.28001  -0.214871   0.928971 -0.0154598   -5.39071  -0.932802    1.11567    8.45067    4.44496   0.305639   -4.77655  -0.195451  -0.136744    8.95024      4.584   0.426052
  -11.9693    -1.2888   0.114229   -1.75661    1.13731  -0.170329   0.938795 -0.0195589   -1.80542    1.27872  -0.213797   0.927673  -0.015305   -5.38735  -0.933567    1.12578    8.51697     4.4535    0.30617   -4.76272  -0.197567  -0.135319    9.01577    4.59277   0.426589
  -11.9797   -1.29496   0.112538   -1.75814     1.1373  -0.169847   0.939011 -0.0195037   -1.80476    1.27741  -0.212678   0.926423 -0.0151507   -5.38346  -0.934409    1.13571    8.58314    4.46198     0.3067   -4.74911  -0.199679  -0.133724    9.08035     4.6015   0.427128
  -11.9898   -1.30086   0.110544   -1.75971    1.13735  -0.169416   0.939225 -0.0194531   -1.80421    1.27621  -0.211636   0.925308 -0.0150098   -5.37911  -0.935306    1.14546    8.64911    4.47041   0.307232   -4.73567  -0.201796  -0.131983    9.14409    4.61019   0.427666
  -11.9959   -1.30613   0.106716   -1.76139    1.13764  -0.169198   0.939393 -0.0193986   -1.80375    1.27499  -0.210547   0.924227  -0.014867    -5.3706  -0.936987    1.15511    8.71647     4.4757   0.307693   -4.72244   -0.20329  -0.129741    9.20818    4.61624   0.428167
  -12.0016   -1.31119   0.102426   -1.76301    1.13801  -0.169048   0.939523 -0.0193443    -1.8032     1.2732  -0.209076   0.922931 -0.0147267   -5.36145  -0.938793    1.16461    8.78364    4.48061    0.30814   -4.70945  -0.204706  -0.127347    9.27144    4.62197   0.428668
   -12.007   -1.31607  0.0979396   -1.76459     1.1384  -0.168933   0.939632 -0.0192912   -1.80262    1.27131  -0.207525    0.92161 -0.0145831   -5.35208  -0.940607    1.17397    8.85041    4.48544   0.308584   -4.69658  -0.206138  -0.124848    9.33383     4.6276   0.429167
  -12.0123   -1.32075  0.0934203   -1.76619    1.13881  -0.168827   0.939735 -0.0192392   -1.80205    1.26939  -0.205948   0.920299  -0.014437   -5.34264  -0.942365    1.18321    8.91662    4.49024   0.309025   -4.68369  -0.207617  -0.122284     9.3955    4.63318   0.429662
  -12.0208   -1.32563  0.0906075   -1.76775    1.13901  -0.168535   0.939888 -0.0191961   -1.80152     1.2675  -0.204375   0.919016 -0.0142902   -5.33703  -0.943253     1.1923    8.98051    4.49807   0.309537   -4.67052  -0.209811  -0.120055    9.45541    4.64126   0.430187
  -12.0293   -1.33035  0.0884104   -1.76946    1.13914  -0.168162   0.940091 -0.0191573   -1.80122    1.26622  -0.203177   0.918018 -0.0141395   -5.33214  -0.943805    1.20129     9.0434    4.50638   0.310069   -4.65685  -0.212258  -0.117869    9.51477     4.6497   0.430705
  -12.0346   -1.33462  0.0853594   -1.77136    1.13937  -0.167867   0.940294 -0.0191141   -1.80112    1.26515  -0.202105    0.91713 -0.0139916   -5.32458  -0.944722    1.21025    9.10678    4.51238   0.310557   -4.64283  -0.214376  -0.115397    9.57455    4.65618   0.431183
  -12.0367   -1.33848  0.0811915   -1.77335    1.13973  -0.167684   0.940459 -0.0190623   -1.80102    1.26377  -0.200842   0.916114 -0.0138505   -5.31407  -0.946116    1.21918    9.17073    4.51584   0.310986   -4.62862  -0.216064  -0.112616    9.63464    4.66048   0.431627
   -12.042   -1.34264  0.0788528   -1.77523    1.13987  -0.167286   0.940653 -0.0190132   -1.80082    1.26199  -0.199337    0.91491 -0.0137143   -5.30754  -0.946589    1.22803    9.23213    4.52212   0.311476   -4.61392  -0.218434  -0.110241    9.69314    4.66707   0.432098
  -12.0507    -1.3471  0.0788945   -1.77717    1.13972    -0.1666    0.94093 -0.0189715   -1.80073    1.26078  -0.198224   0.913936 -0.0135741   -5.30561  -0.945914    1.23683    9.29063    4.53165   0.312045   -4.59833  -0.221652  -0.108358    9.75029    4.67629   0.432593
  -12.0594   -1.35152  0.0800921   -1.77931    1.13942  -0.165749   0.941281 -0.0189328   -1.80092    1.26031  -0.197605   0.913278 -0.0134331   -5.30505  -0.944696     1.2456    9.34765    4.54188   0.312643   -4.58181  -0.225231  -0.106652    9.80714    4.68604   0.433081
  -12.0681   -1.35591  0.0823483   -1.78163    1.13898  -0.164745   0.941693 -0.0188958   -1.80134    1.26017  -0.197209   0.912754 -0.0132972   -5.30572  -0.942971    1.25436    9.40325    4.55267   0.313264   -4.56438  -0.229128  -0.105108    9.86369    4.69617   0.433559
  -12.0767   -1.36026  0.0855472    -1.7841     1.1384  -0.163594   0.942145 -0.0188579   -1.80206    1.26044  -0.197089   0.912343 -0.0131559   -5.30745  -0.940791    1.26309    9.45746    4.56391   0.313904   -4.54611  -0.233304  -0.103707     9.9199     4.7066   0.434027
  -12.0852    -1.3646  0.0895915   -1.78667    1.13771  -0.162314   0.942632 -0.0188187   -1.80301    1.26107  -0.197216    0.91202 -0.0130112    -5.3101  -0.938208    1.27179    9.51035    4.57547   0.314557   -4.52706  -0.237709  -0.102442    9.97578    4.71723   0.434488
  -12.0933   -1.36891  0.0943722   -1.78934    1.13691  -0.160921   0.943147 -0.0187782   -1.80392    1.26173  -0.197404   0.911756 -0.0128831   -5.31351  -0.935273    1.28047    9.56197    4.58723   0.315219   -4.50731  -0.242302  -0.101298    10.0313    4.72796    0.43494
  -12.1011   -1.37317  0.0997563   -1.79209    1.13602  -0.159424   0.943673 -0.0187349   -1.80479    1.26241   -0.19764    0.91154 -0.0127674   -5.31752  -0.932038    1.28909     9.6124    4.59914   0.315887   -4.48695   -0.24705  -0.100244    10.0865    4.73875   0.435383
  -12.1076   -1.37739    0.10496   -1.79463    1.13517  -0.158017   0.944159 -0.0186942   -1.80566    1.26312  -0.197931   0.911218 -0.0126426   -5.32051  -0.928906    1.29782    9.66306    4.60976   0.316517   -4.46632  -0.251613 -0.0991321    10.1419    4.74837   0.435808
  -12.1129   -1.38156   0.109885   -1.79717    1.13435  -0.156606   0.944614 -0.0186413   -1.80648    1.26379  -0.198242   0.910775  -0.012511   -5.32243  -0.925911    1.30662     9.7139     4.6191   0.317112   -4.44551  -0.255972 -0.0979452    10.1974    4.75684   0.436214
  -12.1171   -1.38585   0.114493   -1.79993     1.1337  -0.155194   0.945135  -0.018577   -1.80711    1.26422  -0.198472   0.910199 -0.0123934   -5.32379  -0.923082    1.31548    9.76393    4.62745   0.317683   -4.42431  -0.260104 -0.0967824    10.2533    4.76447   0.436631
  -12.1203   -1.39029   0.118704   -1.80279    1.13326  -0.153911   0.945768 -0.0185259   -1.80756    1.26437  -0.198608   0.909486 -0.0122912    -5.3245  -0.920475     1.3244    9.81322    4.63476   0.318222   -4.40289  -0.263963 -0.0956524    10.3093    4.77123   0.437061
  -12.1233    -1.3947    0.12301   -1.80588    1.13283  -0.152627   0.946495 -0.0184889   -1.80799     1.2645  -0.198758   0.908773 -0.0121955   -5.32537  -0.917811     1.3332    9.86148      4.642   0.318749   -4.38147   -0.26781 -0.0945525    10.3646    4.77791   0.437489
   -12.126   -1.39898   0.127209   -1.80911    1.13243  -0.151365   0.947266 -0.0184615   -1.80841    1.26457  -0.198886   0.908054 -0.0121044   -5.32609  -0.915151    1.34182    9.90883     4.6491   0.319264   -4.36022  -0.271623 -0.0934198    10.4189    4.78447   0.437913
  -12.1273   -1.40298    0.13039   -1.81227    1.13214  -0.150232   0.947988 -0.0184335   -1.80862     1.2643  -0.198816   0.907202 -0.0120156    -5.3252  -0.912885    1.35022    9.95588    4.65506   0.319729   -4.33959  -0.275123 -0.0920783    10.4722    4.79009   0.438325
  -12.1265   -1.40657   0.131718   -1.81521    1.13207  -0.149332   0.948576 -0.0183955   -1.80847    1.26341  -0.198385   0.906102 -0.0119272   -5.32137  -0.911366    1.35836    10.0032    4.65896   0.320115   -4.32001  -0.278061 -0.0903664    10.5243    4.79404   0.438717
  -12.1245   -1.40973   0.131922   -1.81799    1.13211  -0.148573   0.949066 -0.0183531   -1.80816    1.26219  -0.197745   0.904895 -0.0118386   -5.31584   -0.91025    1.36619    10.0502    4.66191   0.320457   -4.30122  -0.280725 -0.0883863    10.5751    4.79724   0.439096
  -12.1219   -1.41248   0.131694   -1.82067    1.13217   -0.14787   0.949494 -0.0183125   -1.80789    1.26105  -0.197132   0.903803 -0.0117574   -5.30979  -0.909209    1.37365    10.0965    4.66488   0.320788   -4.28295  -0.283385 -0.0862344    10.6244    4.80049   0.439463
  -12.1186   -1.41458   0.130835   -1.82316    1.13213  -0.147168   0.949736  -0.018258   -1.80761    1.25978  -0.196393   0.902719 -0.0116641   -5.30292  -0.908256    1.38058     10.142    4.66807   0.321114   -4.26539  -0.286097 -0.0837984    10.6718      4.804   0.439811
  -12.1144   -1.41589   0.129243    -1.8253    1.13196  -0.146463    0.94971 -0.0181792   -1.80732    1.25824  -0.195415   0.901552 -0.0115469   -5.29505  -0.907406    1.38693    10.1869    4.67147   0.321436    -4.2486  -0.288879 -0.0810218    10.7171    4.80777   0.440138
  -12.1096   -1.41673   0.127156   -1.82706    1.13188  -0.145878   0.949562  -0.018096   -1.80709    1.25663  -0.194369   0.900428   -0.01143   -5.28648  -0.906649    1.39292    10.2312    4.67474   0.321749   -4.23229  -0.291653 -0.0780438    10.7611    4.81146   0.440449
  -12.1043   -1.41718   0.124675   -1.82862    1.13192  -0.145419   0.949383 -0.0180207   -1.80692    1.25496  -0.193272   0.899353 -0.0113163   -5.27744  -0.905961    1.39862     10.275    4.67786   0.322052    -4.2164  -0.294414 -0.0749107    10.8042    4.81506   0.440747
  -12.0986   -1.41713   0.121705   -1.83009    1.13198  -0.145026   0.949134 -0.0179473   -1.80679    1.25323    -0.1921   0.898316 -0.0111997   -5.26779  -0.905347    1.40394    10.3181      4.681    0.32235   -4.20107  -0.297201 -0.0715612    10.8458    4.81873   0.441033
  -12.0924   -1.41656   0.118262   -1.83141    1.13204   -0.14469   0.948791 -0.0178719   -1.80671    1.25144  -0.190854   0.897317 -0.0110787   -5.25755  -0.904791    1.40886    10.3607    4.68417   0.322644   -4.18626  -0.300032 -0.0679877     10.886    4.82247   0.441305
  -12.0855   -1.41531   0.114339   -1.83251    1.13198  -0.144331   0.948251 -0.0177783   -1.80666    1.24962   -0.18953   0.896355 -0.0109447    -5.2467  -0.904243     1.4133    10.4028    4.68762   0.322944   -4.17203  -0.302988 -0.0641259    10.9247     4.8265   0.441559
  -12.0781   -1.41336   0.109999   -1.83328    1.13178  -0.143929    0.94746 -0.0176572   -1.80662    1.24779  -0.188137   0.895429 -0.0107955   -5.23526   -0.90367    1.41725    10.4446    4.69135   0.323257   -4.15827  -0.306099 -0.0599684    10.9619     4.8308   0.441795
  -12.0703   -1.41103   0.105497   -1.83388    1.13159  -0.143552   0.946587 -0.0175286   -1.80663    1.24598  -0.186724   0.894537 -0.0106424   -5.22362  -0.903056    1.42095    10.4861    4.69512   0.323579   -4.14471  -0.309297 -0.0556601    10.9985    4.83515   0.442024
  -12.0626   -1.40873   0.101131   -1.83462    1.13156  -0.143266   0.945865 -0.0174219   -1.80672     1.2442  -0.185346    0.89368 -0.0104989   -5.21229  -0.902371    1.42464    10.5271     4.6987   0.323903    -4.1311  -0.312511 -0.0513697    11.0351     4.8393   0.442258
  -12.0552   -1.40638  0.0969401    -1.8356    1.13159  -0.142997   0.945264 -0.0173318   -1.80686    1.24247  -0.184008   0.892859 -0.0103604   -5.20136  -0.901567    1.42826    10.5676    4.70228   0.324231   -4.11748  -0.315786 -0.0470892    11.0714    4.84343   0.442493
  -12.0478   -1.40382  0.0929186   -1.83676    1.13155  -0.142665   0.944684  -0.017243   -1.80704    1.24081  -0.182704   0.892071   -0.01022   -5.19077  -0.900608    1.43171    10.6074    4.70605   0.324565   -4.10389  -0.319183 -0.0427824    11.1072     4.8477   0.442726
  -12.0406   -1.40139   0.089278   -1.83811    1.13164  -0.142385   0.944273 -0.0171756   -1.80731    1.23922  -0.181482   0.891326 -0.0100918   -5.18075  -0.899495    1.43523    10.6465    4.70957   0.324898   -4.09002  -0.322601 -0.0385827    11.1431    4.85169   0.442963
   -12.0339    -1.39917   0.0861258    -1.83979     1.13187    -0.14215    0.944098  -0.0171383    -1.80767     1.23772   -0.180362    0.890626 -0.00997897    -5.17149   -0.898199     1.43887     10.6849     4.71282    0.325225    -4.07582    -0.32603  -0.0345447     11.1794     4.85539    0.443204
   -12.0275    -1.39708   0.0834601    -1.84187     1.13212   -0.141886     0.94411  -0.0171226     -1.8081     1.23632   -0.179337    0.889966 -0.00987606    -5.16301   -0.896689     1.44257     10.7223     4.71599     0.32555    -4.06134   -0.329517   -0.030644     11.2156     4.85896    0.443449
   -12.0214     -1.3951   0.0813075    -1.84429     1.13239   -0.141584    0.944287  -0.0171249    -1.80859     1.23502   -0.178415    0.889344 -0.00978295     -5.1553   -0.894957     1.44632     10.7588     4.71908     0.32587    -4.04655   -0.333062  -0.0268903     11.2517     4.86237    0.443697
  -12.0153   -1.39298  0.0796264   -1.84682     1.1325  -0.141141   0.944429 -0.0171161   -1.80913    1.23385  -0.177578   0.888756 -0.0096865   -5.14799  -0.892951    1.45002    10.7949    4.72216   0.326192   -4.03147  -0.336754 -0.0231594    11.2877     4.8657   0.443929
   -12.0088    -1.39052   0.0783313    -1.84911     1.13238   -0.140532    0.944375  -0.0170743    -1.80968      1.2328   -0.176812    0.888197 -0.00958052    -5.14085   -0.890669     1.45358     10.8305     4.72525    0.326521    -4.01611    -0.34063  -0.0193815     11.3233     4.86898    0.444138
   -12.0021    -1.38797   0.0775103    -1.85129     1.13218   -0.139842    0.944265  -0.0170202    -1.81028     1.23187   -0.176142    0.887675 -0.00947698    -5.13423    -0.88814     1.45708     10.8651     4.72829    0.326852    -4.00036   -0.344611   -0.015691     11.3587     4.87216    0.444343
   -11.9956    -1.38548   0.0772882    -1.85357     1.13195   -0.139083    0.944216  -0.0169695    -1.81092     1.23105   -0.175589    0.887185 -0.00938112     -5.1284    -0.88535     1.46063     10.8984     4.73125    0.327179    -3.98417   -0.348664  -0.0121735     11.3939      4.8752    0.444549
   -11.9891    -1.38311   0.0776791    -1.85598     1.13168   -0.138256    0.944245  -0.0169234    -1.81151     1.23034   -0.175135    0.886746 -0.00929716    -5.12349   -0.882284     1.46421     10.9304     4.73427    0.327509    -3.96738   -0.352817 -0.00883414     11.4293     4.87825    0.444769
   -11.9828    -1.38084    0.078652    -1.85856     1.13138   -0.137367    0.944362  -0.0168842    -1.81209     1.22975   -0.174778     0.88636 -0.00922478    -5.11944   -0.878966     1.46785     10.9612      4.7373    0.327838    -3.95009   -0.357051 -0.00567435     11.4646     4.88124    0.445002
   -11.9763    -1.37854   0.0800831    -1.86113     1.13102    -0.13641    0.944477  -0.0168416    -1.81274     1.22924   -0.174525    0.885994 -0.00915926    -5.11588   -0.875441     1.47146     10.9908     4.74018    0.328157    -3.93252   -0.361335 -0.00263991     11.4997     4.88405    0.445228
   -11.9696    -1.37608   0.0818555    -1.86353     1.13057   -0.135379    0.944505  -0.0167857    -1.81343     1.22881   -0.174353    0.885647  -0.0090962    -5.11258   -0.871734     1.47499     11.0194      4.7429    0.328468    -3.91475   -0.365682 0.000327969     11.5343     4.88669    0.445443
