7.15256e-06
0.00702095
0.017077
0.0271471
0.037204
0.04726
0.0573351
0.0673912
0.0774641
0.0875351
0.0975912
0.107675
0.117731
0.127786
0.137858
0.147928
0.157996
0.168052
0.178136
0.188192
0.198263
0.208346
0.218402
0.228486
0.238557
0.248612
0.258683
0.268767
0.278822
0.288881
0.298937
0.308992
0.319078
0.329151
0.339207
0.34928
0.359354
0.369411
0.379485
0.389557
0.399614
0.409685
0.419758
0.429814
0.439887
0.44996
0.460017
0.470092
0.480167
0.490224
0.500298
0.510361
0.520417
0.530489
0.540561
0.550633
0.560704
0.570788
0.580855
0.590926
0.600984
0.61104
0.621107
0.631178
0.641251
0.651308
0.661383
0.671469
0.681542
0.691614
0.70167
0.711742
0.721813
0.731885
0.741959
0.752015
0.762086
0.772158
0.782229
0.792301
0.80237
0.812442
0.822515
0.832587
0.84266
0.852731
0.862803
0.872876
0.882947
0.89302
0.903093
0.913161
0.923247
0.93332
0.943405
0.953479
0.963563
0.973648
0.983736
0.993819
1.00391
1.01399
1.02408
1.03417
1.04426
1.05432
1.0644
1.07445
1.08452
1.09458
1.10465
1.11472
1.12477
1.13485
1.14492
1.15501
1.1651
1.17517
1.18524
1.1953
1.20536
1.21543
1.22549
1.23554
1.2456
1.25566
1.26572
1.27578
1.28584
1.2959
1.30597
1.31603
1.3261
1.33618
1.34625
1.35631
1.36636
1.37642
1.38647
1.39653
1.40658
1.41664
1.42669
1.43675
1.44681
1.45686
1.46694
1.47701
1.48706
1.49714
1.50721
1.51728
1.5273
1.53739
1.54746
1.55753
1.56758
1.57764
1.58771
1.59779
1.60785
1.61792
1.62797
1.63804
1.64811
1.65818
1.66825
1.67832
1.68837
1.69843
1.7085
1.71859
1.72867
1.73874
1.74882
1.75889
1.76897
1.77903
1.78908
1.79914
1.8092
1.81926
1.82932
1.83937
1.84944
1.85952
1.86957
1.87963
1.88972
1.89978
1.90984
1.91991
1.92997
1.94004
1.9501
1.96015
1.97023
1.9803
1.99037
2.00044
2.01051
2.02058
2.03067
2.04076
2.05086
2.06091
2.07099
2.08108
2.09116
2.10122
2.11129
2.12136
2.13142
2.14149
2.15158
2.16164
2.17172
2.1818
2.1919
2.20196
2.21204
2.2221
2.23217
2.24222
2.25228
2.26233
2.27239
2.28244
2.29251
2.30257
2.31262
2.32268
2.33275
2.3428
2.35287
2.36293
2.37298
2.38305
2.39312
2.40318
2.41323
2.42329
2.43338
2.44344
2.45351
2.4636
2.47368
2.48375
2.49381
2.5039
2.51397
2.52402
2.5341
2.54416
2.55422
2.56428
2.57435
2.58441
2.59446
2.60455
2.61461
2.62467
2.63478
2.64483
2.65492
2.66502
2.6751
2.68518
2.69524
2.7053
2.71537
2.72543
2.73549
2.74557
2.75565
2.76573
2.7758
2.78588
2.79595
2.80602
2.81609
2.82617
2.83627
2.84635
2.85643
2.8665
2.87657
2.88664
2.89671
2.90676
2.91682
2.92688
2.93693
2.94701
2.95709
2.96719
2.97726
2.98731
2.99741
3.00748
3.01755
3.02762
3.03768
3.04774
3.05782
3.06788
3.07794
3.08801
3.09808
3.10813
3.11819
3.12829
3.13836
3.14842
3.15849
3.16854
3.17861
3.18868
3.19876
3.20884
3.21889
3.22898
3.23906
3.24914
3.25924
3.26932
3.27939
3.28946
3.29953
3.30959
3.31965
3.3297
3.33978
3.34986
3.35994
3.37
3.38007
3.39013
3.40019
3.41026
3.42033
3.43039
3.44046
3.45052
3.46061
3.47067
3.48074
3.49082
3.50087
3.51096
3.52102
3.53108
3.54113
3.5512
3.56126
3.57132
3.58139
3.59145
3.6015
3.61157
3.62164
3.63172
3.64178
3.65186
3.66192
3.67201
3.68207
3.69212
3.70218
3.71225
3.7223
3.73236
3.74241
3.75249
3.76256
3.77263
3.78272
3.79281
3.80286
3.81293
3.82308
3.83314
3.8432
3.85322
3.86331
3.87336
3.88344
3.89351
3.90358
3.91365
3.92372
3.93382
3.9439
3.95397
3.96404
3.97411
3.98418
3.99429
4.00438
4.01446
4.02452
4.03458
4.04465
4.05472
4.06481
4.07487
4.08495
4.09503
4.1051
4.11518
4.12526
4.13533
4.14541
4.15548
4.16555
4.17563
4.18569
4.19577
4.20584
4.21592
4.22599
4.23606
4.24612
4.2562
4.26627
4.27635
4.28643
4.2965
4.30659
4.31665
4.32672
4.33679
4.34686
4.35692
4.36697
4.37705
4.38712
4.39719
4.40727
4.41734
4.42741
4.43749
4.44757
4.45764
4.46771
4.47777
4.48784
4.49794
4.50801
4.51807
4.52812
4.53818
4.54824
4.55832
4.56839
4.57845
4.58853
4.59862
4.6087
4.61878
4.62885
4.63892
4.64899
4.65905
4.66914
4.6792
4.68928
4.69935
4.70942
4.71952
4.72958
4.73966
4.74973
4.7598
4.76988
4.77995
4.79002
4.8001
4.81019
4.82026
4.83033
4.8404
4.85047
4.86055
4.87062
4.88069
4.89076
4.90082
4.91089
4.92097
4.93104
4.94111
4.95116
4.96123
4.9713
4.98137
4.99144
5.00152
5.01159
5.02166
5.03172
5.04179
5.05187
5.06194
5.07201
5.08209
5.09216
5.10223
5.11231
5.12238
5.13247
5.14254
5.1526
5.16268
5.17275
5.1828
5.19286
5.20294
5.213
5.22307
5.23314
5.24323
5.25332
5.2634
5.27348
5.28354
5.29362
5.3037
5.31379
5.32386
5.33393
5.34402
5.35409
5.36416
5.37426
5.38432
5.39441
5.40449
5.41458
5.42464
5.43471
5.44479
5.45487
5.46494
5.47501
5.48507
5.49515
5.50521
5.5153
5.52539
5.53548
5.54557
5.55566
5.56575
5.57583
5.58592
5.596
5.60609
5.61618
5.62627
5.63635
5.64641
5.65648
5.66656
5.67665
5.68673
5.69683
5.70692
5.71698
5.72707
5.73713
5.74722
5.7573
5.76739
5.77748
5.78757
5.79764
5.80771
5.81778
5.82784
5.83791
5.84799
5.85806
5.86813
5.87819
5.88826
5.89833
5.9084
5.91848
5.92855
5.93863
5.94873
5.95883
5.96891
5.97901
5.98908
5.99917
6.00926
6.01935
6.02942
6.03951
6.0496
6.05967
6.06973
6.0798
6.08986
6.09993
6.11
6.12008
6.13015
6.14024
6.1503
6.16037
6.17044
6.18051
6.19057
6.20064
6.21068
6.22075
6.23082
6.24087
6.25093
6.261
6.27106
6.28111
6.29118
6.30123
6.31131
6.32136
6.33144
6.3415
6.35156
6.36161
6.37167
6.38173
6.39178
6.40184
6.41189
6.42195
6.432
6.44207
6.45213
6.46219
6.47224
6.4823
6.49236
6.50241
6.51247
6.52254
6.53261
6.5427
6.55279
6.56284
6.57291
6.58297
6.59302
6.60308
6.61314
6.6232
6.63326
6.64331
6.65337
6.66344
6.67349
6.68356
6.69362
6.70368
6.71374
6.7238
6.73386
6.74391
6.75398
6.76405
6.77411
6.78416
6.79422
6.80428
6.81434
6.8244
6.83446
6.84454
6.8546
6.86466
6.87475
6.8848
6.89486
6.90491
6.91498
6.92503
6.93508
6.94513
6.95519
6.96525
6.9753
6.98536
6.99542
7.00549
7.01555
7.02561
7.03569
7.04571
7.0558
7.06586
7.07592
7.08602
7.09608
7.1061
7.11617
7.12624
7.13633
7.14641
7.15647
7.16658
7.17664
7.1867
7.19676
7.20685
7.21692
7.22699
7.23714
7.24716
7.25723
7.26729
7.27736
7.28748
7.29754
7.30756
7.31764
7.32769
7.33775
7.34783
7.35791
7.368
7.37806
7.38812
7.39818
7.40824
7.41831
7.42836
7.43844
7.44853
7.45859
7.46868
7.47878
7.48887
7.49892
7.50902
7.51911
7.52923
7.53929
7.54936
7.55943
7.56951
7.57958
7.58967
7.59975
7.60983
7.61991
7.62998
7.64003
7.65012
7.6602
7.67029
7.68035
7.69041
7.70048
7.71056
7.72061
7.73069
7.74076
7.75084
7.7609
7.77095
7.78101
7.79109
7.80115
7.8112
7.82126
7.83134
7.84139
7.85145
7.86151
7.87157
7.88162
7.89168
7.90174
7.91179
7.92185
7.93192
7.94199
7.95204
7.96211
7.97217
7.98224
7.99231
8.00238
8.01245
8.02252
8.03259
8.04266
8.05273
8.0628
8.07287
8.08294
8.09301
8.10309
8.11316
8.12323
8.13331
8.14337
8.15343
8.16351
8.17356
8.18363
8.1937
8.20377
8.21383
8.22388
8.23394
8.24401
8.25408
8.26415
8.27421
8.28428
8.29435
8.30442
8.31449
8.32456
8.33464
8.34471
8.3548
8.3649
8.37498
8.38508
8.39516
8.40522
8.41531
8.42543
8.4355
8.44552
8.45557
8.46563
8.47569
8.48574
8.49582
8.50587
8.51593
8.52599
8.53606
8.54612
8.5562
8.56626
8.57632
8.58641
8.59648
8.60655
8.61661
8.6267
8.63678
8.64684
8.65692
8.66701
8.6771
8.68718
8.69724
8.7073
8.71736
8.72741
8.73749
8.74755
8.75762
8.76767
8.77775
8.78784
8.79793
8.80802
8.81808
8.82815
8.83825
8.84834
8.85843
8.86851
8.87859
8.88867
8.89877
8.90886
8.91893
8.92902
8.93919
8.94925
8.95931
8.96939
8.97952
8.98963
8.99965
9.00975
9.01981
9.02991
9.03999
9.05008
9.06024
9.07047
9.08053
9.09058
9.10064
9.1107
9.12076
9.13082
9.14089
9.15098
9.16104
9.17111
9.18124
9.19128
9.20137
9.21144
9.22155
9.23163
9.24168
9.25178
9.26184
9.2719
9.28196
9.29207
9.30213
9.3122
9.32225
9.33232
9.34238
9.35243
9.36249
9.37255
9.38261
9.39267
9.40272
9.41279
9.42284
9.4329
9.44296
9.45302
9.46308
9.47313
9.48319
9.49325
9.50333
9.51339
9.52345
9.53346
9.54356
9.55361
9.56367
9.5737
9.58377
9.59383
9.6039
9.61396
9.62403
9.63423
9.64436
9.65441
9.66447
9.67453
9.68459
9.69465
9.7047
9.71476
9.72481
9.73486
9.74494
9.75499
9.76505
9.77512
9.78517
9.79535
9.80543
9.8155
9.82556
9.83562
9.84568
9.85573
9.86584
9.87589
9.88595
9.89601
9.90606
9.91612
9.92618
9.93623
9.94629
9.95636
9.96641
9.97647
9.98653
9.99659
10.0066
10.0167
10.0267
10.0369
10.0469
10.057
10.0671
10.0772
10.0873
10.0973
10.1074
10.1175
10.1276
10.1377
10.1478
10.1578
10.1679
10.1779
10.188
10.1981
10.2081
10.2182
10.2282
10.2383
10.2484
10.2585
10.2685
10.2786
10.2886
10.2987
10.3088
10.3188
10.3289
10.339
10.349
10.3591
10.3691
10.3793
10.3894
10.3995
10.4095
10.4196
10.4296
10.4397
10.4498
10.4599
10.47
10.48
10.4901
10.5002
10.5102
10.5203
10.5303
10.5404
10.5505
10.5605
10.5706
10.5807
10.5907
10.6008
10.6108
10.6209
10.631
10.6411
10.6511
10.6612
10.6713
10.6813
10.6914
10.7014
10.7115
10.7216
10.7317
10.7417
10.7518
10.7619
10.7719
10.782
10.7921
10.8021
10.8122
10.8222
10.8323
10.8424
10.8525
10.8625
10.8726
10.8827
10.8927
10.9028
10.9129
10.9229
10.933
10.943
10.9531
10.9631
10.9733
10.9833
10.9934
11.0035
11.0136
11.0236
11.0337
11.0438
11.0538
11.0639
11.074
11.084
11.0941
11.1042
11.1142
11.1243
11.1344
11.1444
11.1545
11.1646
11.1747
11.1848
11.1948
11.2049
11.215
11.2251
11.2351
11.2452
11.2553
11.2653
11.2754
11.2855
11.2955
11.3056
11.3157
11.3257
11.3358
11.3459
11.3559
11.366
11.3761
11.3862
11.3962
11.4063
11.4163
11.4264
11.4365
11.4465
11.4566
11.4667
11.4767
11.4868
11.4969
11.507
11.5171
11.5272
11.5373
11.5474
11.5574
11.5676
11.5776
11.5877
11.5978
11.6078
11.6179
11.628
11.6381
11.6481
11.6582
11.6683
11.6785
11.6885
11.6986
11.7087
11.7188
11.7288
11.7389
11.749
11.7591
11.7692
11.7793
11.7894
11.7994
11.8095
11.8196
11.8297
11.8398
11.8499
11.86
11.87
11.8801
11.8902
11.9003
11.9104
11.9204
11.9305
11.9406
11.9507
11.9608
11.9708
11.9809
11.991
12.0011
12.0112
12.0213
12.0314
12.0414
12.0515
12.0616
12.0717
12.0818
12.0918
12.1019
12.112
12.1221
12.1322
12.1423
12.1524
12.1624
12.1725
12.1826
12.1927
12.2028
12.2129
12.2229
12.233
12.2431
12.2532
12.2632
12.2733
12.2834
12.2935
12.3036
12.3137
12.3238
12.3339
12.3439
12.354
12.3641
12.3742
12.3842
12.3943
12.4044
12.4145
12.4245
12.4346
12.4447
12.4548
12.4649
12.475
12.485
12.4951
12.5052
12.5153
12.5253
12.5354
12.5455
12.5556
12.5657
12.5758
12.5859
12.596
12.606
12.6161
12.6262
12.6364
12.6465
12.6566
12.6667
12.6767
12.6868
12.6969
12.707
12.717
12.7271
12.7371
12.7473
12.7574
12.7674
12.7774
12.7875
12.7976
12.8077
12.8178
12.8278
12.8379
12.848
12.8581
12.8682
12.8782
12.8883
12.8984
12.9084
12.9185
12.9286
12.9387
12.9488
12.9588
12.9689
12.979
12.989
12.9991
13.0092
13.0192
13.0293
13.0394
13.0495
13.0595
13.0696
13.0797
13.0898
13.0998
13.1099
13.12
13.13
13.1401
13.1501
13.1602
13.1703
13.1804
13.1904
13.2005
13.2106
13.2207
13.2307
13.2408
13.2508
13.2609
13.271
13.281
13.2911
13.3012
13.3112
13.3213
13.3313
13.3414
13.3515
13.3615
13.3716
13.3816
13.3917
13.4018
13.4118
13.4219
13.432
13.442
13.4521
13.4621
13.4722
13.4823
13.4923
13.5024
13.5125
13.5225
13.5326
13.5426
13.5527
13.5628
13.5728
13.5829
13.593
13.603
13.6131
13.6232
13.6332
13.6433
13.6534
13.6635
13.6736
13.6837
13.6938
13.7039
13.714
13.7241
13.7342
13.7442
13.7543
13.7644
13.7744
13.7845
13.7946
13.8047
13.8147
13.8248
13.8349
13.845
13.8551
13.8652
13.8752
13.8853
13.8954
13.9054
13.9155
13.9256
13.9357
13.9458
13.9559
13.966
13.9761
13.9861
13.9962
14.0063
14.0163
14.0264
14.0365
14.0466
14.0566
14.0667
14.0768
14.0868
14.0969
14.107
14.1171
14.1271
14.1372
14.1473
14.1573
14.1674
14.1775
14.1876
14.1977
14.2077
14.2178
14.228
14.2381
14.2481
14.2582
14.2682
14.2783
14.2884
14.2985
14.3086
14.3188
14.3288
14.3389
14.349
14.3591
14.3692
14.3792
14.3892
14.3993
14.4094
14.4195
14.4296
14.4396
14.4497
14.4598
14.4699
14.48
14.4901
14.5001
14.5102
14.5203
14.5304
14.5405
14.5506
14.5606
14.5707
14.5808
14.5909
14.6011
14.6111
14.6212
14.6312
14.6413
14.6514
14.6615
14.6715
14.6816
14.6917
14.7018
14.7118
14.7219
14.732
14.7421
14.7521
14.7622
14.7723
14.7823
14.7924
14.8025
14.8126
14.8226
14.8327
14.8428
14.8529
14.863
14.8731
14.8832
14.8933
14.9033
14.9135
14.9235
14.9336
14.9437
14.9537
14.9638
14.9739
14.9839
14.994
15.0041
15.0141
15.0242
15.0342
15.0443
15.0544
15.0644
15.0745
15.0845
15.0946
15.1047
15.1147
15.1248
15.1349
15.1449
15.155
15.1651
15.1751
15.1852
15.1952
15.2053
15.2153
15.2254
15.2355
15.2455
15.2556
15.2657
15.2757
15.2858
15.2958
15.3059
15.3159
15.3261
15.3361
15.3462
15.3562
15.3663
15.3763
15.3864
15.3965
15.4065
15.4166
15.4267
15.4368
15.4469
15.4569
15.467
15.477
15.4871
15.4972
15.5072
15.5173
15.5274
15.5374
15.5475
15.5576
15.5676
15.5777
15.5877
15.5978
15.6078
15.6179
15.628
15.638
15.6481
15.6581
15.6682
15.6783
15.6883
15.6984
15.7084
15.7185
15.7286
15.7386
15.7487
15.7587
15.7688
15.7789
15.7889
15.799
15.809
15.8191
15.8292
15.8393
15.8493
15.8594
15.8694
15.8795
15.8896
15.8996
15.9097
15.9198
15.9298
15.9399
15.95
15.96
15.9701
15.9802
15.9902
16.0003
16.0104
16.0204
16.0305
16.0405
16.0506
16.0607
16.0707
16.0808
16.0909
16.1009
16.1111
16.1211
16.1312
16.1412
16.1513
16.1614
16.1715
16.1816
16.1917
16.2017
16.2118
16.2219
16.2319
16.242
16.2521
16.2621
16.2722
16.2822
16.2923
16.3023
16.3124
16.3224
16.3325
16.3425
16.3526
16.3627
16.3727
16.3828
16.3929
16.4029
16.413
16.423
16.4331
16.4432
16.4533
16.4633
16.4734
16.4835
16.4935
16.5036
16.5137
16.5237
16.5338
16.5439
16.5539
16.564
16.5741
16.5841
16.5942
16.6042
16.6143
16.6244
16.6344
16.6445
16.6546
16.6647
16.6748
16.6848
16.6949
16.7049
16.715
16.7251
16.7351
16.7452
16.7553
16.7654
16.7754
16.7855
16.7956
16.8057
16.8157
16.8258
16.8359
16.846
16.8561
16.8662
16.8763
16.8863
16.8964
16.9065
16.9166
16.9268
16.9369
16.9469
16.957
16.9672
16.9773
16.9873
16.9974
17.0075
17.0176
17.0276
17.0377
17.0477
17.0578
17.0679
17.0779
17.088
17.098
17.1081
17.1182
17.1282
17.1383
17.1483
17.1584
17.1685
17.1786
17.1886
17.1987
17.2088
17.2188
17.2289
17.2389
17.249
17.259
17.2691
17.2792
17.2893
17.2993
17.3094
17.3195
17.3296
17.3397
17.3497
17.3598
17.3699
17.38
17.39
17.4001
17.4101
17.4202
17.4303
17.4403
17.4504
17.4604
17.4705
17.4806
17.4906
17.5007
17.5107
17.5209
17.5309
17.541
17.5511
17.5611
17.5712
17.5812
17.5913
17.6013
17.6114
17.6215
17.6315
17.6416
17.6516
17.6617
17.6717
17.6818
17.6919
17.7019
17.712
17.7221
17.7322
17.7422
17.7523
17.7624
17.7724
17.7825
17.7925
17.8026
17.8126
17.8227
17.8328
17.8428
17.8529
17.863
17.873
17.8831
17.8931
17.9032
17.9133
17.9233
17.9334
17.9434
17.9535
17.9636
17.9737
17.9838
17.9939
18.0039
18.014
18.0241
18.0341
18.0442
18.0543
18.0643
18.0744
18.0844
18.0946
18.1047
18.1148
18.1249
18.1349
18.145
18.1551
18.1651
18.1752
18.1853
18.1953
18.2054
18.2155
18.2255
18.2358
18.2458
18.2559
18.2659
18.276
18.2861
18.2961
18.3062
18.3162
18.3263
18.3364
18.3464
18.3565
18.3665
18.3766
18.3866
18.3967
18.4068
18.4168
18.4269
18.4369
18.447
18.457
18.4671
18.4772
18.4873
18.4973
18.5074
18.5175
18.5275
18.5376
18.5476
18.5577
18.5677
18.5778
18.5878
18.5979
18.608
18.618
18.6281
18.6382
18.6482
18.6583
18.6684
18.6784
18.6884
18.6985
18.7086
18.7187
18.7288
18.7389
18.7489
18.759
18.7691
18.7792
18.7892
18.7993
18.8093
18.8194
18.8295
18.8395
18.8496
18.8597
18.8697
18.8798
18.8899
18.8999
18.91
18.9201
18.9301
18.9402
18.9503
18.9604
18.9704
18.9805
18.9906
19.0007
19.0108
19.0209
19.0309
19.041
19.0511
19.0611
19.0712
19.0813
19.0913
19.1014
19.1114
19.1215
19.1316
19.1416
19.1517
19.1618
19.1718
19.1819
19.192
19.202
19.2121
19.2222
19.2322
19.2423
19.2523
19.2624
19.2724
19.2825
19.2926
19.3027
19.3128
19.3228
19.3329
19.343
19.353
19.3631
19.3731
19.3832
19.3933
19.4034
19.4134
19.4235
19.4335
19.4436
19.4537
19.4637
19.4738
19.4838
19.4939
19.504
19.514
19.5241
19.5342
19.5442
19.5543
19.5643
19.5744
19.5844
19.5945
19.6046
19.6146
19.6247
19.6348
19.6448
19.6549
19.6649
19.675
19.685
19.6951
19.7052
19.7152
19.7253
19.7354
19.7454
19.7555
19.7655
19.7756
19.7857
19.7957
19.8058
19.8159
19.826
19.836
19.8461
19.8562
19.8662
19.8763
19.8864
19.8964
19.9065
19.9165
19.9266
19.9367
19.9467
19.9568
19.9669
19.9771
19.9871
19.9972
20.0073
20.0173
20.0274
20.0374
20.0475
20.0576
20.0676
20.0777
20.0877
20.0978
20.1079
20.1179
20.128
20.1381
20.1481
20.1582
20.1683
20.1784
20.1885
20.1986
20.2086
20.2187
20.2287
20.2388
20.2489
20.2589
20.269
20.2791
20.2892
20.2993
20.3093
20.3194
20.3296
20.3397
20.3497
20.3599
20.3699
20.38
20.3901
20.4002
20.4102
20.4203
20.4303
20.4404
20.4504
20.4605
20.4705
20.4806
20.4906
20.5007
20.5108
20.5208
20.5309
20.5409
20.551
20.561
20.5711
20.5812
20.5913
20.6013
20.6115
20.6215
20.6316
20.6416
20.6517
20.6618
20.6719
20.6819
20.692
20.7021
20.7122
20.7223
20.7323
20.7424
20.7525
20.7625
20.7726
20.7827
20.7928
20.8029
20.8129
20.823
20.833
20.8431
20.8532
20.8633
20.8734
20.8834
20.8935
20.9035
20.9136
20.9236
20.9337
20.9438
20.9538
20.9639
20.974
20.984
20.9941
21.0042
21.0142
21.0243
21.0344
21.0444
21.0545
21.0645
21.0746
21.0847
21.0947
21.1048
21.1148
21.1249
21.135
21.1451
21.1551
21.1652
21.1752
21.1853
21.1954
21.2055
21.2155
21.2256
21.2356
21.2457
21.2557
21.2658
21.2759
21.2859
21.296
21.3061
21.3161
21.3262
21.3362
21.3463
21.3564
21.3664
21.3764
21.3865
21.3966
21.4066
21.4167
21.4268
21.4369
21.447
21.4571
21.4671
21.4772
21.4873
21.4974
21.5075
21.5176
21.5276
21.5378
21.5478
21.5579
21.5679
21.578
21.5881
21.5982
21.6083
21.6184
21.6285
21.6386
21.6486
21.6587
21.6688
21.6788
21.6889
21.699
21.709
21.7191
21.7292
21.7393
21.7493
21.7594
21.7695
21.7796
21.7897
21.7998
21.8099
21.8199
21.83
21.8401
21.8502
21.8603
21.8703
21.8804
21.8905
21.9006
21.9107
21.9207
21.9308
21.9409
21.9509
21.961
21.9711
21.9811
21.9912
22.0014
22.0114
22.0215
22.0316
22.0416
22.0517
22.0618
22.0719
22.0819
22.092
22.1021
22.1122
22.1223
22.1323
22.1424
22.1525
22.1626
22.1726
22.1827
22.1928
22.2028
22.2129
22.223
22.2331
22.2431
22.2532
22.2633
22.2734
22.2835
22.2936
22.3036
22.3137
22.3238
22.3339
22.344
22.354
22.3641
22.3742
22.3843
22.3943
22.4044
22.4145
22.4245
22.4346
22.4446
22.4547
22.4648
22.4748
22.4849
22.495
22.505
22.5151
22.5251
22.5352
22.5453
22.5554
22.5655
22.5755
22.5856
22.5957
22.6057
22.6158
22.6259
22.636
22.646
22.6561
22.6662
22.6763
22.6863
22.6964
22.7065
22.7165
22.7266
22.7368
22.7469
22.757
22.767
22.7771
22.7872
22.7972
22.8073
22.8174
22.8274
22.8375
22.8476
22.8577
22.8679
22.878
22.8881
22.8981
22.9082
22.9182
22.9283
22.9384
22.9484
22.9585
22.9687
22.9788
22.9889
22.999
23.0091
23.0191
23.0292
23.0393
23.0493
23.0594
23.0697
23.0797
23.0898
23.0998
23.1099
23.12
23.13
23.1401
23.1502
23.1603
23.1703
23.1804
23.1905
23.2005
23.2106
23.2206
23.2307
23.2408
23.2509
23.2609
23.271
23.2811
23.2913
23.3013
23.3114
23.3214
23.3315
23.3416
23.3516
23.3617
23.3718
23.3818
23.3919
23.4019
23.412
23.4221
23.4321
23.4422
23.4522
23.4623
23.4724
23.4824
23.4925
23.5026
23.5127
23.5227
23.5328
23.5429
23.553
23.563
23.5731
23.5832
23.5932
23.6033
23.6133
23.6234
23.6335
23.6435
23.6536
23.6638
23.6739
23.684
23.694
23.7041
23.7141
23.7242
23.7343
23.7444
23.7544
23.7645
23.7746
23.7847
23.7948
23.805
23.815
23.8251
23.8351
23.8452
23.8553
23.8653
23.8754
23.8855
23.8956
23.9057
23.9158
23.9258
23.9359
23.9459
23.956
23.9661
23.9761
23.9862
23.9962
24.0063
24.0164
24.0264
24.0365
24.0466
24.0567
24.0667
24.0768
24.0869
24.0969
24.107
24.1171
24.1272
24.1373
24.1474
24.1574
24.1675
24.1776
24.1876
24.1978
24.2079
24.2179
24.228
24.238
24.2481
24.2582
24.2683
24.2784
24.2884
24.2985
24.3085
24.3186
24.3286
24.3387
24.3488
24.3589
24.369
24.379
24.3891
24.3991
24.4092
24.4193
24.4293
24.4394
24.4495
24.4596
24.4697
24.4797
24.4898
24.4999
24.51
24.5201
24.5301
24.5402
24.5503
24.5604
24.5704
24.5805
24.5906
24.6007
24.6108
24.6209
24.631
24.6411
24.6511
24.6612
24.6712
24.6813
24.6914
24.7015
24.7116
24.7217
24.7318
24.7419
24.7519
24.762
24.7721
24.7821
24.7923
24.8023
24.8124
24.8225
24.8325
24.8426
24.8527
24.8628
24.8729
24.8829
24.893
24.9031
24.9131
24.9232
24.9332
24.9433
24.9533
24.9634
24.9735
24.9835
24.9936
25.0036
25.0137
25.0237
25.0338
25.0439
25.0539
25.064
25.0741
25.0842
25.0942
25.1043
25.1143
25.1244
25.1344
25.1445
25.1546
25.1646
25.1747
25.1847
25.1948
25.2049
25.2149
25.225
25.2351
25.2452
25.2552
25.2653
25.2754
25.2855
25.2956
25.3056
25.3157
25.3258
25.3359
25.346
25.3561
25.3661
25.3762
25.3863
25.3964
25.4065
25.4166
25.4267
25.4368
25.4468
25.4569
25.467
25.4771
25.4872
25.4973
25.5073
25.5174
25.5275
25.5376
25.5477
25.5577
25.5678
25.5779
25.5879
25.598
25.6081
25.6182
25.6282
25.6383
25.6485
25.6585
25.6686
25.6787
25.6887
25.6988
25.7089
25.719
25.729
25.7392
25.7493
25.7593
25.7695
25.7795
25.7896
25.7997
25.8098
25.8198
25.8299
25.84
25.85
25.8601
25.8702
25.8803
25.8904
25.9004
25.9105
25.9206
25.9306
25.9407
25.9507
25.9608
25.9708
25.981
25.991
26.0011
26.0112
26.0212
26.0313
26.0413
26.0514
26.0615
26.0715
26.0816
26.0916
26.1017
26.1118
26.1218
26.1319
26.1419
26.152
26.1621
26.1721
26.1822
26.1923
26.2023
26.2123
26.2224
26.2324
26.2425
26.2526
26.2626
26.2727
26.2828
26.2929
26.303
26.3131
26.3231
26.3332
26.3432
26.3533
26.3634
26.3734
26.3835
26.3935
26.4036
26.4137
26.4237
26.4338
26.4439
26.454
26.4641
26.4742
26.4843
26.4944
26.5044
26.5146
26.5247
26.5347
26.545
26.555
26.5651
26.5752
26.5853
26.5954
26.6055
26.6155
26.6256
26.6357
26.6457
26.6558
26.6659
26.6759
26.686
26.6961
26.7061
26.7162
26.7263
26.7364
26.7464
26.7565
26.7666
26.7768
26.7868
26.7969
26.807
26.817
26.8271
26.8372
26.8473
26.8574
26.8674
26.8775
26.8876
26.8976
26.9077
26.9178
26.9279
26.938
26.9481
26.9581
26.9682
26.9783
26.9883
26.9984
27.0085
27.0185
27.0286
27.0387
27.0488
27.0589
27.0689
27.079
27.0891
27.0992
27.1092
27.1193
27.1294
27.1395
27.1495
27.1596
27.1697
27.1798
27.1899
27.1999
27.21
27.2201
27.2302
27.2403
27.2504
27.2605
27.2705
27.2806
27.2907
27.3008
27.3109
27.321
27.3311
27.3412
27.3513
27.3614
27.3714
27.3816
27.3917
27.4017
27.4118
27.4218
27.4319
27.442
27.4521
27.4621
27.4722
27.4823
27.4923
27.5024
27.5124
27.5225
27.5326
27.5427
27.5527
27.5628
27.5729
27.583
27.5931
27.6032
27.6132
27.6233
27.6334
27.6435
27.6537
27.6638
27.6739
27.6839
27.694
27.704
27.7141
27.7242
27.7342
27.7443
27.7544
27.7645
27.7745
27.7846
27.7947
27.8048
27.8149
27.825
27.835
27.8451
27.8552
27.8652
27.8753
27.8854
27.8955
27.9056
27.9157
27.9257
27.9358
27.9459
27.956
27.966
27.9761
27.9862
27.9962
28.0063
28.0163
28.0264
28.0365
28.0466
28.0566
28.0667
28.0767
28.0868
28.0969
28.107
28.117
28.1271
28.1372
28.1473
28.1573
28.1674
28.1775
28.1876
28.1976
28.2078
28.2178
28.2279
28.2379
28.248
28.2581
28.2681
28.2782
28.2883
28.2984
28.3085
28.3186
28.3287
28.3388
28.3488
28.3589
28.369
28.379
28.3891
28.3992
28.4094
28.4194
28.4295
28.4396
28.4498
28.4598
28.4699
28.48
28.49
28.5001
28.5102
28.5202
28.5304
28.5404
28.5505
28.5606
28.5707
28.5808
28.5908
28.6009
28.611
28.621
28.6311
28.6412
28.6512
28.6613
28.6713
28.6814
28.6915
28.7015
28.7116
28.7217
28.7317
28.7418
28.7519
28.762
28.772
28.7821
28.7922
28.8022
28.8123
28.8224
28.8324
28.8425
28.8525
28.8626
28.8726
28.8827
28.8928
28.9029
28.913
28.923
28.9332
28.9432
28.9533
28.9634
28.9734
28.9835
28.9936
29.0037
29.0137
29.0238
29.0338
29.0439
29.054
29.064
29.0741
29.0841
29.0942
29.1043
29.1143
29.1244
29.1346
29.1445
29.1546
29.1647
29.1747
29.1848
29.1948
29.2049
29.2149
29.225
29.2351
29.2451
29.2552
29.2653
29.2753
29.2854
29.2954
29.3055
29.3156
29.3256
29.3357
29.3458
29.3559
29.3659
29.376
29.3861
29.3962
29.4063
29.4164
29.4265
29.4365
29.4466
29.4567
29.4668
29.4769
29.4869
29.4971
29.5071
29.5172
29.5274
29.5374
29.5475
29.5575
29.5676
29.5778
29.5878
29.5979
29.608
29.618
29.6281
29.6382
29.6482
29.6583
29.6683
29.6784
29.6884
29.6985
29.7086
29.7186
29.7287
29.7388
29.7488
29.7589
29.7689
29.779
29.7891
29.7991
29.8092
29.8193
29.8293
29.8394
29.8494
29.8595
29.8695
29.8796
29.8897
29.8997
29.9098
29.9198
29.9299
29.94
29.95
29.9601
29.9701
29.9802
29.9902
30.0003
30.0104
30.0204
30.0305
30.0405
30.0506
30.0607
30.0707
30.0808
30.0908
30.1009
30.111
30.121
30.1311
30.1411
30.1512
30.1612
30.1713
30.1814
30.1914
30.2015
30.2115
30.2216
30.2317
30.2417
30.2518
30.2618
30.2719
30.2819
30.292
30.3021
30.3121
30.3222
30.3322
30.3423
30.3523
30.3624
30.3725
30.3825
30.3926
30.4026
30.4127
30.4227
30.4328
30.4428
30.4529
30.4629
30.473
30.4831
30.4931
30.5032
30.5132
30.5233
30.5333
30.5434
30.5535
30.5635
30.5736
30.5837
30.5938
30.6039
30.6139
30.624
30.6341
30.6441
30.6542
30.6643
30.6744
30.6844
30.6945
30.7046
30.7146
30.7247
30.7348
30.7449
30.7549
30.765
30.7751
30.7851
30.7952
30.8053
30.8153
30.8254
30.8354
30.8455
30.8556
30.8656
30.8757
30.8858
30.8958
30.9059
30.9159
30.926
30.9361
30.9461
30.9562
30.9663
30.9763
30.9864
30.9965
31.0065
31.0167
31.0267
31.0368
31.0469
31.0569
31.067
31.0771
31.0871
31.0972
31.1072
31.1173
31.1274
31.1375
31.1475
31.1576
31.1677
31.1777
31.1878
31.1979
31.2079
31.218
31.2281
31.2382
31.2483
31.2584
31.2684
31.2787
31.2887
31.2988
31.3089
31.3189
31.329
31.3391
31.3492
31.3592
31.3693
31.3793
31.3894
31.3995
31.4096
31.4196
31.4297
31.4398
31.4498
31.46
31.47
31.4801
31.4902
31.5002
31.5103
31.5204
31.5304
31.5405
31.5506
31.5606
31.5707
31.5807
31.5908
31.6008
31.6109
31.621
31.631
31.6411
31.6512
31.6613
31.6713
31.6814
31.6914
31.7015
31.7115
31.7216
31.7317
31.7417
31.7518
31.7618
31.7719
31.7819
31.792
31.8021
31.8121
31.8222
31.8322
31.8423
31.8524
31.8624
31.8725
31.8825
31.8926
31.9027
31.9127
31.9228
31.9328
31.9429
31.9529
31.963
31.9731
31.9831
31.9932
32.0033
32.0133
32.0234
32.0334
32.0435
32.0535
32.0636
32.0736
32.0837
32.0938
32.1038
32.1139
32.1239
32.134
32.1441
32.1541
32.1642
32.1742
32.1843
32.1944
32.2044
32.2145
32.2245
32.2346
32.2446
32.2547
32.2647
32.2748
32.2849
32.2949
32.305
32.315
32.3251
32.3352
32.3452
32.3553
32.3654
32.3754
32.3854
32.3955
32.4056
32.4156
32.4257
32.4357
32.4458
32.4558
32.4659
32.4759
32.486
32.4961
32.5061
32.5162
32.5262
32.5363
32.5463
32.5564
32.5664
32.5765
32.5866
32.5966
32.6068
32.6168
32.6269
32.637
32.6471
32.6571
32.6672
32.6773
32.6874
32.6974
32.7075
32.7177
32.7277
32.7377
32.7478
32.7579
32.768
32.778
32.7881
32.7982
32.8083
32.8184
32.8285
32.8386
32.8487
32.8587
32.8688
32.8789
32.8889
32.899
32.9091
32.9192
32.9292
32.9393
32.9494
32.9595
32.9695
32.9796
32.9897
32.9998
33.0098
33.0199
33.03
33.0401
33.0502
33.0602
33.0703
33.0804
33.0905
33.1005
33.1106
33.1208
33.1308
33.1408
33.1509
33.161
33.171
33.1811
33.1911
33.2012
33.2112
33.2213
33.2314
33.2414
33.2515
33.2615
33.2716
33.2817
33.2917
33.3018
33.3118
33.3219
33.332
33.342
33.3521
33.3621
33.3722
33.3822
33.3923
33.4024
33.4124
33.4225
33.4326
33.4426
33.4527
33.4627
33.4728
33.4829
33.493
33.503
33.5131
33.5231
33.5332
33.5433
33.5533
33.5634
33.5734
33.5835
33.5935
33.6036
33.6136
33.6237
33.6337
33.6438
33.6539
33.6639
33.674
33.684
33.6941
33.7042
33.7142
33.7243
33.7343
33.7444
33.7545
33.7645
33.7746
33.7846
33.7947
33.8047
33.8148
33.8249
33.8349
33.845
33.8551
33.8651
33.8752
33.8852
33.8953
33.9054
33.9155
33.9255
33.9356
33.9457
33.9558
33.9659
33.976
33.986
33.9961
34.0061
34.0162
34.0263
34.0363
34.0464
34.0565
34.0666
34.0766
34.0867
34.0968
34.1068
34.1169
34.1269
34.137
34.1471
34.1571
34.1672
34.1772
34.1873
34.1974
34.2075
34.2175
34.2276
34.2377
34.2477
34.2578
34.2678
34.2779
34.2879
34.298
34.3081
34.3182
34.3282
34.3383
34.3483
34.3584
34.3685
34.3785
34.3886
34.3986
34.4087
34.4188
34.4288
34.4389
34.4489
34.459
34.469
34.4791
34.4892
34.4993
34.5093
34.5194
34.5294
34.5395
34.5496
34.5596
34.5697
34.5797
34.5898
34.5999
34.6099
34.62
34.6301
34.6401
34.6502
34.6603
34.6704
34.6805
34.6905
34.7006
34.7107
34.7207
34.7308
34.7408
34.7509
34.7609
34.771
34.7812
34.7912
34.8013
34.8114
34.8214
34.8315
34.8415
34.8516
34.8617
34.8718
34.8818
34.8919
34.9019
34.912
34.922
34.9321
34.9422
34.9522
34.9623
34.9724
34.9824
34.9925
35.0025
35.0126
35.0227
35.0327
35.0428
35.0528
35.0629
35.073
35.083
35.0931
35.1031
35.1132
35.1233
35.1333
35.1434
35.1535
35.1635
35.1736
35.1837
35.1938
35.2038
35.2139
35.224
35.234
35.244
35.2541
35.2642
35.2743
35.2843
35.2944
35.3044
35.3145
35.3246
35.3346
35.3447
35.3547
35.3648
35.3749
35.3849
35.395
35.4051
35.4151
35.4252
35.4352
35.4453
35.4554
35.4654
35.4755
35.4856
35.4957
35.5057
35.5158
35.5259
35.536
35.5462
35.5562
35.5663
35.5763
35.5864
35.5965
35.6065
35.6166
35.6267
35.6368
35.6468
35.6569
35.667
35.6771
35.6872
35.6972
35.7073
35.7174
35.7276
35.7377
35.7477
35.7578
35.7678
35.778
35.788
35.7981
35.8081
35.8182
35.8282
35.8383
35.8484
35.8584
35.8685
35.8787
35.8887
35.8988
35.9089
35.9189
35.929
35.9391
35.9491
35.9592
35.9693
35.9794
35.9895
35.9996
36.0096
36.0197
36.0298
36.0399
36.05
36.06
36.0701
36.0802
36.0903
36.1004
36.1105
36.1205
36.1306
36.1407
36.1508
36.1608
36.1709
36.181
36.1911
36.2012
36.2113
36.2214
36.2315
36.2415
36.2516
36.2617
36.2717
36.2818
36.2918
36.3019
36.312
36.322
36.3321
36.3422
36.3523
36.3624
36.3724
36.3825
36.3926
36.4027
36.4128
36.4229
36.4329
36.443
36.4532
36.4632
36.4733
36.4833
36.4934
36.5035
36.5136
36.5237
36.5337
36.5438
36.554
36.5641
36.5742
36.5842
36.5943
36.6043
36.6144
36.6245
36.6346
36.6446
36.6547
36.6648
36.6749
36.685
36.6951
36.7051
36.7152
36.7253
36.7353
36.7454
36.7555
36.7657
36.7757
36.7858
36.7958
36.8059
36.816
36.8261
36.8362
36.8463
36.8564
36.8664
36.8765
36.8866
36.8969
36.9069
36.917
36.927
36.9371
36.9472
36.9572
36.9673
36.9775
36.9875
36.9976
37.0077
37.0177
37.0278
37.0379
37.048
37.0581
37.0682
37.0783
37.0883
37.0984
37.1085
37.1186
37.1287
37.1387
37.1488
37.1589
37.169
37.1791
37.1891
37.1992
37.2093
37.2194
37.2295
37.2396
37.2497
37.2597
37.2699
37.28
37.29
37.3
37.3101
37.3202
37.3303
37.3404
37.3504
37.3605
37.3707
37.3807
37.3908
37.4009
37.411
37.421
37.4311
37.4412
37.4513
37.4614
37.4715
37.4816
37.4917
37.5017
37.5118
37.5219
37.532
37.542
37.5521
37.5622
37.5722
37.5823
37.5924
37.6024
37.6125
37.6225
37.6326
37.6427
37.6527
37.6628
37.6729
37.6829
37.693
37.7031
37.7131
37.7232
37.7333
37.7434
37.7534
37.7635
37.7735
37.7836
37.7937
37.8038
37.8139
37.8239
37.834
37.8441
37.8542
37.8643
37.8743
37.8844
37.8945
37.9046
37.9146
37.9247
37.9347
37.9448
37.9549
37.9649
37.975
37.9851
37.9952
38.0053
38.0154
38.0255
38.0356
38.0457
38.0557
38.0658
38.0759
38.086
38.0962
38.1062
38.1164
38.1264
38.1365
38.1466
38.1567
38.1668
38.1769
38.1869
38.197
38.2071
38.2171
38.2272
38.2373
38.2474
38.2575
38.2675
38.2776
38.2877
38.2977
38.3077
38.3178
38.3279
38.3379
38.348
38.358
38.3681
38.3782
38.3882
38.3983
38.4084
38.4185
38.4286
38.4387
38.4488
38.4589
38.4689
38.479
38.4891
38.4992
38.5093
38.5193
38.5294
38.5395
38.5496
38.5596
38.5697
38.5798
38.5899
38.6
38.6101
38.6201
38.6302
38.6402
38.6503
38.6604
38.6704
38.6805
38.6905
38.7006
38.7107
38.7208
38.7308
38.7409
38.7509
38.761
38.7711
38.7811
38.7912
38.8013
38.8113
38.8214
38.8314
38.8415
38.8516
38.8616
38.8717
38.8818
38.8919
38.902
38.9121
38.9221
38.9322
38.9422
38.9523
38.9624
38.9724
38.9825
38.9926
39.0027
39.0127
39.0228
39.0328
39.0429
39.0529
39.063
39.0731
39.0832
39.0933
39.1033
39.1134
39.1235
39.1335
39.1436
39.1537
39.1637
39.1738
39.1839
39.1939
39.204
39.2141
39.2241
39.2342
39.2443
39.2544
39.2645
39.2746
39.2847
39.2948
39.3048
39.3149
39.325
39.3351
39.3452
39.3553
39.3653
39.3754
39.3855
39.3956
39.4057
39.4158
39.4259
39.436
39.446
39.4561
39.4662
39.4762
39.4863
39.4964
39.5064
39.5165
39.5266
39.5366
39.5467
39.5568
39.5669
39.577
39.587
39.5971
39.6072
39.6173
39.6274
39.6375
39.6476
39.6576
39.6677
39.6778
39.6879
39.6979
39.708
39.7181
39.7282
39.7383
39.7484
39.7584
39.7685
39.7786
39.7889
39.7989
39.809
39.8191
39.8292
39.8392
39.8493
39.8594
39.8694
39.8795
39.8896
39.8997
39.9097
39.9198
39.9299
39.94
39.95
39.9601
39.9702
39.9802
39.9903
40.0004
40.0104
40.0205
40.0305
40.0406
40.0507
40.0608
40.0708
40.0809
40.091
40.101
40.1111
40.1211
40.1312
40.1413
40.1513
40.1614
40.1715
40.1815
40.1916
40.2017
40.2117
40.2218
40.2318
40.2419
40.252
40.262
40.2721
40.2821
40.2922
40.3023
40.3123
40.3224
40.3325
40.3425
40.3526
40.3627
40.3727
40.3828
40.3929
40.4029
40.413
40.423
40.4331
40.4432
40.4533
40.4634
40.4734
40.4835
40.4936
40.5037
40.5137
40.5238
40.5339
40.5439
40.554
40.5641
40.5742
40.5843
40.5943
40.6044
40.6145
40.6245
40.6346
40.6447
40.6547
40.6648
40.6748
40.6849
40.6949
40.705
40.7151
40.7251
40.7352
40.7452
40.7553
40.7654
40.7754
40.7855
40.7956
40.8057
40.8157
40.8257
40.8358
40.8459
40.856
40.8661
40.8762
40.8862
40.8963
40.9064
40.9165
40.9265
40.9366
40.9467
40.9568
40.9669
40.977
40.9871
40.9972
41.0072
41.0174
41.0275
41.0376
41.0476
41.0577
41.0678
41.0779
41.0879
41.098
41.1081
41.1182
41.1282
41.1383
41.1484
41.1585
41.1685
41.1786
41.1887
41.1987
41.2088
41.2188
41.2289
41.239
41.249
41.2591
41.2692
41.2792
41.2893
41.2995
41.3095
41.3196
41.3296
41.3398
41.3498
41.3599
41.37
41.3801
41.3902
41.4002
41.4103
41.4204
41.4304
41.4405
41.4506
41.4606
41.4707
41.4808
41.4908
41.501
41.5111
41.5211
41.5312
41.5413
41.5513
41.5614
41.5714
41.5815
41.5915
41.6016
41.6117
41.6218
41.6318
41.6419
41.6519
41.662
41.6721
41.6821
41.6922
41.7023
41.7123
41.7224
41.7325
41.7425
41.7526
41.7626
41.7727
41.7828
41.7928
41.8029
41.813
41.823
41.8331
41.8431
41.8532
41.8633
41.8733
41.8834
41.8935
41.9036
41.9136
41.9237
41.9338
41.9438
41.9539
41.9639
41.974
41.9841
41.9941
42.0042
42.0143
42.0244
42.0345
42.0445
42.0546
42.0647
42.0747
42.0848
42.0949
42.1049
42.115
42.1251
42.1351
42.1452
42.1553
42.1653
42.1754
42.1855
42.1955
42.2056
42.2156
42.2257
42.2357
42.2458
42.2559
42.2659
42.276
42.286
42.2961
42.3062
42.3162
42.3263
42.3363
42.3464
42.3564
42.3665
42.3766
42.3866
42.3967
42.4067
42.4168
42.4269
42.437
42.4471
42.4571
42.4673
42.4773
42.4874
42.4975
42.5076
42.5177
42.5278
42.5379
42.5479
42.558
42.568
42.5781
42.5882
42.5983
42.6083
42.6184
42.6285
42.6385
42.6486
42.6587
42.6688
42.6788
42.6889
42.699
42.7091
42.7192
42.7293
42.7394
42.7494
42.7595
42.7696
42.7797
42.7898
42.7998
42.8099
42.8201
42.8302
42.8403
42.8503
42.8604
42.8704
42.8805
42.8906
42.9006
42.9107
42.9208
42.9309
42.941
42.9511
42.9611
42.9713
42.9814
42.9915
43.0015
43.0116
43.0216
43.0317
43.0419
43.0519
43.062
43.072
43.0821
43.0922
43.1023
43.1124
43.1224
43.1325
43.1426
43.1527
43.1628
43.1729
43.1829
43.193
43.2031
43.2131
43.2232
43.2333
43.2434
43.2535
43.2635
43.2736
43.2836
43.2937
43.3037
43.3138
43.3239
43.3339
43.344
43.354
43.3641
43.3742
43.3843
43.3945
43.4045
43.4145
43.4246
43.4347
43.4448
43.4548
43.4649
43.475
43.4851
43.4953
43.5054
43.5155
43.5255
43.5356
43.5456
43.5557
43.5658
43.5759
43.5859
43.596
43.6061
43.6161
43.6262
43.6363
43.6464
43.6564
43.6665
43.6766
43.6867
43.6967
43.7068
43.7169
43.727
43.737
43.7471
43.7572
43.7673
43.7773
43.7875
43.7975
43.8076
43.8177
43.8277
43.8378
43.8478
43.8579
43.868
43.878
43.8881
43.8981
43.9081
43.9182
43.9283
43.9384
43.9484
43.9585
43.9686
43.9787
43.9887
43.9988
44.0089
44.019
44.029
44.0391
44.0492
44.0593
44.0694
44.0794
44.0895
44.0996
44.1096
44.1197
44.1297
44.1398
44.1499
44.1599
44.17
44.1801
44.1901
44.2003
44.2104
44.2204
44.2305
44.2406
44.2506
44.2607
44.2707
44.2808
44.2908
44.3009
44.311
44.321
44.3311
44.3412
44.3513
44.3613
44.3714
44.3815
44.3915
44.4016
44.4117
44.4217
44.4318
44.4419
44.452
44.4621
44.4721
44.4822
44.4923
44.5024
44.5125
44.5226
44.5326
44.5427
44.5528
44.5629
44.573
44.5831
44.5931
44.6032
44.6133
44.6235
44.6336
44.6437
44.6537
44.6638
44.6739
44.684
44.6941
44.7042
44.7142
44.7243
44.7344
44.7445
44.7546
44.7646
44.7747
44.7848
44.7949
44.8049
44.8151
44.8252
44.8352
44.8453
44.8553
44.8654
44.8755
44.8856
44.8956
44.9057
44.9157
44.9259
44.9359
44.946
44.956
44.9661
44.9762
44.9862
44.9963
45.0064
45.0164
45.0265
45.0365
45.0466
45.0566
45.0667
45.0768
45.0868
45.0969
45.107
45.1171
45.1272
45.1372
45.1473
45.1574
45.1674
45.1775
45.1876
45.1976
45.2077
45.2178
45.2279
45.2379
45.248
45.2581
45.2681
45.2782
45.2882
45.2983
45.3084
45.3185
45.3285
45.3386
45.3486
45.3587
45.3688
45.3789
45.389
45.399
45.4091
45.4191
45.4292
45.4392
45.4493
45.4594
45.4694
45.4795
45.4896
45.4997
45.5097
45.5198
45.5299
45.54
45.55
45.5601
45.5701
45.5802
45.5903
45.6004
45.6105
45.6206
45.6307
45.6407
45.6507
45.6608
45.6709
45.6809
45.691
45.7011
45.7111
45.7212
45.7313
45.7414
45.7514
45.7615
45.7715
45.7816
45.7917
45.8017
45.8118
45.8219
45.8319
45.842
45.852
45.8621
45.8722
45.8822
45.8923
45.9024
45.9125
45.9226
45.9326
45.9427
45.9528
45.9628
45.9729
45.983
45.9931
46.0031
46.0133
46.0233
46.0334
46.0435
46.0537
46.0638
46.0739
46.084
46.094
46.1041
46.1142
46.1242
46.1343
46.1444
46.1544
46.1645
46.1745
46.1846
46.1947
46.2047
46.2148
46.2249
46.2349
46.245
46.2551
46.2651
46.2752
46.2853
46.2954
46.3054
46.3155
46.3255
46.3356
46.3457
46.3557
46.3658
46.3758
46.3859
46.396
46.406
46.4161
46.4261
46.4362
46.4463
46.4563
46.4664
46.4765
46.4865
46.4966
46.5067
46.5168
46.5268
46.5369
46.5469
46.557
46.5671
46.5771
46.5872
46.5973
46.6073
46.6174
46.6274
46.6375
46.6476
46.6577
46.6677
46.6778
46.6879
46.6979
46.708
46.7181
46.7281
46.7382
46.7483
46.7584
46.7685
46.7787
46.7887
46.7989
46.8089
46.819
46.829
46.8391
46.8492
46.8593
46.8694
46.8794
46.8895
46.8995
46.9097
46.9198
46.9299
46.9399
46.95
46.9601
46.9703
46.9802
46.9903
47.0004
47.0105
47.0205
47.0306
47.0406
47.0507
47.0608
47.0708
47.0809
47.0909
47.101
47.111
47.1211
47.1312
47.1412
47.1513
47.1613
47.1714
47.1815
47.1916
47.2016
47.2117
47.2217
47.2318
47.2419
47.252
47.2621
47.2722
47.2823
47.2923
47.3024
47.3125
47.3226
47.3326
47.3427
47.3528
47.3629
47.373
47.383
47.3931
47.4032
47.4132
47.4233
47.4334
47.4435
47.4536
47.4636
47.4737
47.4838
47.4939
47.504
47.5141
47.5241
47.5342
47.5443
47.5544
47.5645
47.5745
47.5846
47.5947
47.6048
47.6148
47.6249
47.635
47.6451
47.6551
47.6652
47.6753
47.6854
47.6954
47.7055
47.7156
47.7257
47.7357
47.7458
47.7559
47.766
47.776
47.7861
47.7962
47.8063
47.8163
47.8264
47.8365
47.8466
47.8567
47.8667
47.8768
47.8869
47.897
47.9071
47.9171
47.9272
47.9373
47.9475
47.9575
47.9676
47.9777
47.9878
47.9979
48.008
48.018
48.0281
48.0382
48.0483
48.0584
48.0685
48.0785
48.0886
48.0987
48.1087
48.1188
48.1289
48.139
48.1491
48.1591
48.1693
48.1794
48.1894
48.1995
48.2096
48.2197
48.2298
48.2399
48.2499
48.26
48.2701
48.2802
48.2902
48.3003
48.3104
48.3205
48.3305
48.3406
48.3507
48.3608
48.3709
48.3809
48.3911
48.4012
48.4112
48.4213
48.4313
48.4414
48.4515
48.4616
48.4716
48.4817
48.4918
48.5019
48.512
48.5221
48.5321
48.5422
48.5522
48.5623
48.5723
48.5824
48.5925
48.6025
48.6126
48.6228
48.6328
48.6429
48.6529
48.663
48.673
48.6831
48.6932
48.7032
48.7133
48.7233
48.7334
48.7435
48.7535
48.7636
48.7736
48.7837
48.7938
48.8038
48.8139
48.824
48.834
48.8441
48.8541
48.8642
48.8742
48.8843
48.8943
48.9044
48.9145
48.9246
48.9346
48.9447
48.9547
48.9648
48.9748
48.9849
48.995
49.005
49.0151
49.0251
49.0352
49.0452
49.0553
49.0654
49.0755
49.0855
49.0956
49.1056
49.1157
49.1257
49.1358
49.1458
49.1559
49.166
49.176
49.1861
49.1961
49.2062
49.2163
49.2263
49.2364
49.2465
49.2565
49.2666
49.2767
49.2867
49.2968
49.3068
49.317
49.327
49.3371
49.3472
49.3573
49.3673
49.3774
49.3874
49.3975
49.4076
49.4176
49.4277
49.4377
49.4478
49.4578
49.4679
49.478
49.488
49.4981
49.5082
49.5182
49.5283
49.5384
49.5485
49.5585
49.5686
49.5787
49.5887
49.5988
49.6088
49.6189
49.6289
49.639
49.649
49.659
49.6691
49.6792
49.6892
49.6993
49.7093
49.7194
49.7295
49.7395
49.7496
49.7597
49.7698
49.7798
49.7899
49.8
49.81
49.8201
49.8302
49.8402
49.8503
49.8604
49.8705
49.8805
49.8906
49.9007
49.9108
49.9208
49.9309
49.941
49.9511
49.9611
49.9712
49.9813
49.9913
50.0014
50.0114
50.0215
50.0316
50.0417
50.0518
50.0618
50.0719
50.082
50.0921
50.1021
50.1122
50.1223
50.1324
50.1424
50.1525
50.1626
50.1727
50.1827
50.1928
50.2029
50.2129
50.223
50.2331
50.2432
50.2532
50.2633
50.2734
50.2835
50.2935
50.3036
50.3137
50.3238
50.3338
50.3439
50.354
50.3641
50.3742
50.3843
50.3943
50.4044
50.4145
50.4246
50.4347
50.4447
50.4548
50.4649
50.475
50.4851
50.4952
50.5052
50.5153
50.5254
50.5355
50.5456
50.5557
50.5658
50.5758
50.5859
50.596
50.606
50.6161
50.6262
50.6362
50.6463
50.6564
50.6664
50.6765
50.6866
50.6967
50.7067
50.7168
50.7269
50.737
50.7471
50.7571
50.7672
50.7773
50.7874
50.7974
50.8075
50.8176
50.8277
50.8378
50.8479
50.858
50.8681
50.8782
50.8883
50.8983
50.9084
50.9184
50.9285
50.9386
50.9486
50.9587
50.9688
50.9788
50.9889
50.999
51.0091
51.0192
51.0292
51.0393
51.0494
51.0594
51.0695
51.0796
51.0897
51.0998
51.1098
51.1199
51.13
51.1401
51.1502
51.1603
51.1704
51.1805
51.1906
51.2007
51.2108
51.2209
51.2309
51.241
51.251
51.2611
51.2712
51.2813
51.2914
51.3015
51.3116
51.3217
51.3318
51.3419
51.3519
51.362
51.3721
51.3821
51.3923
51.4024
51.4124
51.4225
51.4325
51.4426
51.4527
51.4628
51.4728
51.4829
51.493
51.503
51.5131
51.5232
51.5334
51.5434
51.5535
51.5636
51.5737
51.5837
51.5938
51.6039
51.6139
51.624
51.6341
51.6442
51.6543
51.6643
51.6744
51.6844
51.6945
51.7046
51.7148
51.7249
51.735
51.745
51.7551
51.7652
51.7752
51.7853
51.7954
51.8055
51.8156
51.8257
51.8358
51.8458
51.8559
51.8659
51.876
51.886
51.8961
51.9061
51.9163
51.9265
51.9365
51.9466
51.9567
51.9667
51.9768
51.9868
51.9969
52.007
52.0171
52.0272
52.0373
52.0473
52.0574
52.0675
52.0777
52.0877
52.0978
52.1079
52.118
52.128
52.1381
52.1482
52.1582
52.1683
52.1784
52.1884
52.1985
52.2085
52.2186
52.2287
52.2389
52.249
52.259
52.2691
52.2791
52.2892
52.2993
52.3093
52.3194
52.3295
52.3395
52.3496
52.3597
52.3697
52.3798
52.3899
52.4
52.41
52.4201
52.4302
52.4403
52.4504
52.4605
52.4706
52.4806
52.4907
52.5008
52.5109
52.521
52.531
52.5411
52.5512
52.5613
52.5714
52.5814
52.5915
52.6016
52.6117
52.6218
52.6319
52.6419
52.652
52.6621
52.6722
52.6822
52.6923
52.7024
52.7125
52.7226
52.7326
52.7428
52.7528
52.7629
52.773
52.783
52.7931
52.8032
52.8133
52.8234
52.8334
52.8436
52.8536
52.8639
52.8739
52.884
52.894
52.9041
52.9142
52.9243
52.9344
52.9444
52.9545
52.9646
52.9746
52.9847
52.9948
53.0049
53.015
53.0251
53.0351
53.0452
53.0553
53.0654
53.0755
53.0855
53.0956
53.1057
53.1158
53.1259
53.136
53.1461
53.1561
53.1662
53.1763
53.1864
53.1964
53.2065
53.2166
53.2266
53.2367
53.2468
53.2568
53.2669
53.277
53.2871
53.2972
53.3073
53.3174
53.3275
53.3375
53.3476
53.3576
53.3677
53.3778
53.3878
53.3979
53.408
53.4181
53.4281
53.4382
53.4483
53.4583
53.4684
53.4784
53.4885
53.4986
53.5086
53.5187
53.5287
53.5388
53.5488
53.5589
53.5689
53.5791
53.5891
53.5992
53.6092
53.6193
53.6294
53.6395
53.6495
53.6596
53.6697
53.6797
53.6897
53.6998
53.7099
53.72
53.73
53.7401
53.7502
53.7603
53.7704
53.7805
53.7905
53.8006
53.8107
53.8208
53.8309
53.8409
53.851
53.8611
53.8712
53.8813
53.8913
53.9014
53.9115
53.9215
53.9316
53.9417
53.9518
53.9619
53.972
53.9821
53.9921
54.0023
54.0123
54.0224
54.0325
54.0426
54.0527
54.0627
54.0728
54.0829
54.0929
54.103
54.1131
54.1232
54.1333
54.1434
54.1534
54.1635
54.1736
54.1837
54.1938
54.2039
54.214
54.2241
54.2342
54.2442
54.2543
54.2644
54.2745
54.2846
54.2947
54.3048
54.3148
54.3249
54.335
54.3451
54.3551
54.3652
54.3753
54.3854
54.3955
54.4056
54.4156
54.4257
54.4357
54.4459
54.4559
54.466
54.476
54.4861
54.4962
54.5062
54.5163
54.5264
54.5365
54.5465
54.5566
54.5667
54.5767
54.5868
54.5968
54.6069
54.617
54.627
54.6371
54.6472
54.6573
54.6674
54.6774
54.6875
54.6976
54.7077
54.7177
54.7278
54.7378
54.7479
54.758
54.7681
54.7782
54.7882
54.7983
54.8084
54.8185
54.8286
54.8387
54.8487
54.8588
54.8689
54.879
54.8891
54.8992
54.9092
54.9193
54.9294
54.9395
54.9496
54.9597
54.9698
54.9799
54.99
55
55.0101
55.0201
55.0302
55.0403
55.0504
55.0605
55.0705
55.0806
55.0907
55.1008
55.1108
55.1209
55.131
55.141
55.1511
55.1612
55.1713
55.1814
55.1914
55.2015
55.2116
55.2217
55.2318
55.2419
55.252
55.2621
55.2721
55.2822
55.2923
55.3024
55.3125
55.3225
55.3326
55.3427
55.3528
55.3629
55.3729
55.383
55.3931
55.4032
55.4133
55.4234
55.4334
55.4435
55.4536
55.4636
55.4737
55.4838
55.4938
55.5039
55.514
55.524
55.5341
55.5442
55.5543
55.5644
55.5744
55.5845
55.5946
55.6046
55.6147
55.6248
55.6349
55.645
55.6551
55.6652
55.6752
55.6853
55.6954
55.7055
55.7156
55.7256
55.7357
55.7458
55.7558
55.7659
55.776
55.786
55.7961
55.8062
55.8162
55.8263
55.8364
55.8465
55.8565
55.8666
55.8767
55.8868
55.8969
55.907
55.9171
55.9271
55.9372
55.9472
55.9573
55.9674
55.9774
55.9875
55.9976
56.0077
56.0178
56.0279
56.038
56.0481
56.0582
56.0682
56.0783
56.0884
56.0985
56.1086
56.1186
56.1287
56.1389
56.149
56.159
56.1691
56.1792
56.1893
56.1993
56.2094
56.2194
56.2295
56.2395
56.2496
56.2597
56.2697
56.2798
56.2899
56.3
56.31
56.3201
56.3302
56.3402
56.3503
56.3603
56.3704
56.3805
56.3906
56.4007
56.4107
56.4208
56.4308
56.4409
56.4509
56.461
56.4711
56.4812
56.4913
56.5013
56.5115
56.5215
56.5316
56.5416
56.5517
56.5618
56.5719
56.582
56.5921
56.6022
56.6123
56.6224
56.6325
56.6425
56.6526
56.6627
56.6729
56.683
56.693
56.7031
56.7132
56.7232
56.7333
56.7434
56.7534
56.7635
56.7735
56.7837
56.7937
56.8038
56.8138
56.8239
56.834
56.8441
56.8542
56.8643
56.8744
56.8845
56.8947
56.9047
56.9148
56.9249
56.9349
56.945
56.955
56.9651
56.9752
56.9853
56.9954
57.0054
57.0155
57.0256
57.0357
57.0458
57.0559
57.066
57.0761
57.0861
57.0962
57.1063
57.1163
57.1264
57.1365
57.1465
57.1566
57.1667
57.1767
57.1868
57.1969
57.207
57.2171
57.2272
57.2372
57.2473
57.2574
57.2675
57.2776
57.2877
57.2977
57.3078
57.3179
57.328
57.3381
57.3481
57.3582
57.3683
57.3784
57.3885
57.3986
57.4087
57.4187
57.4288
57.4389
57.449
57.459
57.4691
57.4792
57.4893
57.4994
57.5095
57.5196
57.5296
57.5397
57.5498
57.5599
57.57
57.5802
57.5902
57.6003
57.6104
57.6205
57.6305
57.6406
57.6507
57.6607
57.6708
57.6809
57.691
57.7011
57.7112
57.7213
57.7313
57.7414
57.7515
57.7616
57.7718
57.7818
57.7919
57.802
57.8121
57.8222
57.8323
57.8424
57.8525
57.8625
57.8726
57.8826
57.8927
57.9027
57.9128
57.9229
57.933
57.9431
57.9532
57.9632
57.9733
57.9833
57.9934
58.0035
58.0135
58.0236
58.0337
58.0437
58.0538
58.0638
58.0739
58.0839
58.094
58.1041
58.1142
58.1242
58.1343
58.1444
58.1544
58.1645
58.1746
58.1846
58.1947
58.2048
58.2148
58.2249
58.2349
58.245
58.2551
58.2652
58.2752
58.2853
58.2954
58.3054
58.3155
58.3255
58.3356
58.3457
58.3558
58.3658
58.3759
58.386
58.3961
58.4062
58.4163
58.4263
58.4364
58.4465
58.4566
58.4667
58.4768
58.4868
58.4969
58.507
58.5171
58.5271
58.5372
58.5473
58.5574
58.5675
58.5775
58.5876
58.5977
58.6078
58.6178
58.6279
58.638
58.6481
58.6581
58.6682
58.6782
58.6883
58.6984
58.7084
58.7185
58.7286
58.7387
58.7488
58.7589
58.7689
58.779
58.7891
58.7992
58.8093
58.8193
58.8294
58.8395
58.8496
58.8596
58.8697
58.8798
58.8898
58.8999
58.91
58.9201
58.9301
58.9402
58.9503
58.9604
58.9705
58.9806
58.9907
59.0007
59.0108
59.0209
59.031
59.0411
59.0512
59.0612
59.0713
59.0814
59.0914
59.1015
59.1116
59.1217
59.1317
59.1418
59.1519
59.162
59.172
59.1821
59.1922
59.2023
59.2123
59.2224
59.2325
59.2425
59.2526
59.2627
59.2727
59.2828
59.2929
59.3029
59.313
59.323
59.3331
59.3432
59.3533
59.3633
59.3734
59.3834
59.3935
59.4036
59.4136
59.4237
59.4338
59.4438
59.4539
59.464
59.474
59.4841
59.4942
59.5042
59.5143
59.5244
59.5344
59.5445
59.5546
59.5646
59.5747
59.5848
59.5949
59.6049
59.615
59.6251
59.6352
59.6453
59.6554
59.6655
59.6756
59.6856
59.6957
59.7058
59.7159
59.7259
59.736
59.7461
59.7562
59.7663
59.7764
59.7865
59.7965
59.8066
59.8167
59.8267
59.8368
59.8469
59.857
59.8671
59.8772
59.8872
59.8973
59.9075
59.9176
59.9277
59.9377
59.9478
59.9579
59.9679
59.978
59.9881
59.9982
60.0082
60.0183
60.0284
60.0385
60.0486
60.0587
60.0688
60.0789
60.0889
60.099
60.1091
60.1192
60.1293
60.1394
60.1494
60.1595
60.1696
60.1797
60.1898
60.1999
60.21
60.2201
60.2302
60.2403
60.2504
60.2606
60.2706
60.2806
60.2907
60.3007
60.3108
60.3209
60.3309
60.341
60.3511
60.3612
60.3713
60.3813
60.3914
60.4015
60.4116
60.4217
60.4318
60.4418
60.4519
60.462
60.4721
60.4822
60.4922
60.5023
60.5124
60.5225
60.5326
60.5427
60.5527
60.5628
60.5729
60.583
60.5931
60.6032
60.6133
60.6233
60.6334
60.6435
60.6536
60.6637
60.6737
60.6838
60.6939
60.704
60.7141
60.7241
60.7342
60.7443
60.7543
60.7644
60.7744
60.7845
60.7946
60.8046
60.8147
60.8247
60.8348
60.8449
60.8549
60.865
60.8751
60.8851
60.8952
60.9053
60.9153
60.9254
60.9355
60.9455
60.9556
60.9656
60.9757
60.9858
60.9958
61.0059
61.016
61.026
61.0361
61.0461
61.0562
61.0663
61.0763
61.0864
61.0965
61.1065
61.1166
61.1268
61.1368
61.1469
61.1569
61.167
61.1771
61.1872
61.1972
61.2074
61.2175
61.2276
61.2376
61.2477
61.2577
61.2679
61.278
61.288
61.2981
61.3082
61.3182
61.3283
61.3383
61.3484
61.3585
61.3686
61.3787
61.3887
61.3988
61.4089
61.4189
61.429
61.4391
61.4491
61.4592
61.4693
61.4793
61.4894
61.4995
61.5096
61.5196
61.5297
61.5398
61.5498
61.5599
61.57
61.58
61.5901
61.6002
61.6103
61.6203
61.6304
61.6405
61.6507
61.6607
61.6708
61.6808
61.6909
61.701
61.7111
61.7211
61.7312
61.7413
61.7514
61.7614
61.7716
61.7816
61.7917
61.8017
61.8118
61.8219
61.8319
61.842
61.852
61.8621
61.8722
61.8822
61.8923
61.9023
61.9124
61.9225
61.9325
61.9426
61.9527
61.9627
61.9728
61.9829
61.9929
62.003
62.0131
62.0231
62.0332
62.0433
62.0533
62.0634
62.0734
62.0835
62.0936
62.1037
62.1137
62.1237
62.1338
62.1439
62.154
62.1641
62.1742
62.1842
62.1943
62.2043
62.2144
62.2244
62.2345
62.2446
62.2547
62.2647
62.2748
62.2849
62.2949
62.305
62.315
62.3251
62.3352
62.3452
62.3553
62.3654
62.3754
62.3855
62.3955
62.4056
62.4157
62.4257
62.4358
62.4458
62.4559
62.466
62.476
62.4861
62.4961
62.5062
62.5162
62.5263
62.5364
62.5465
62.5566
62.5667
62.5768
62.5868
62.5969
62.607
62.6171
62.6271
62.6372
62.6473
62.6573
62.6674
62.6775
62.6875
62.6976
62.7077
62.7177
62.7278
62.7379
62.748
62.7581
62.7681
62.7782
62.7883
62.7984
62.8084
62.8185
62.8286
62.8387
62.8487
62.8588
62.8689
62.879
62.8891
62.8991
62.9093
62.9193
62.9294
62.9394
62.9495
62.9596
62.9697
62.9797
62.9898
62.9999
63.01
63.0201
63.0302
63.0403
63.0503
63.0605
63.0706
63.0807
63.0908
63.1008
63.1108
63.121
63.1312
63.1412
63.1513
63.1614
63.1714
63.1815
63.1915
63.2016
63.2116
63.2217
63.2318
63.2418
63.2519
63.2619
63.272
63.282
63.2921
63.3022
63.3122
63.3223
63.3324
63.3424
63.3525
63.3626
63.3726
63.3827
63.3927
63.4028
63.4129
63.4229
63.433
63.443
63.4531
63.4632
63.4733
63.4833
63.4934
63.5035
63.5135
63.5236
63.5337
63.5438
63.5538
63.5639
63.574
63.5841
63.5941
63.6042
63.6143
63.6243
63.6344
63.6445
63.6546
63.6647
63.6747
63.6848
63.695
63.705
63.7151
63.7252
63.7352
63.7453
63.7554
63.7654
63.7755
63.7856
63.7956
63.8057
63.8158
63.8259
63.8359
63.846
63.8562
63.8662
63.8763
63.8863
63.8964
63.9065
63.9166
63.9266
63.9367
63.9468
63.9569
63.967
63.9771
63.9871
63.9972
64.0073
64.0173
64.0274
64.0375
64.0476
64.0576
64.0677
64.0778
64.0879
64.0979
64.108
64.1181
64.1282
64.1383
64.1484
64.1584
64.1685
64.1786
64.1887
64.1989
64.209
64.219
64.2291
64.2391
64.2492
64.2593
64.2694
64.2794
64.2897
64.2997
64.3098
64.3199
64.3299
64.3401
64.3502
64.3603
64.3703
64.3804
64.3904
64.4005
64.4106
64.4206
64.4307
64.4408
64.4508
64.4609
64.471
64.481
64.4911
64.5012
64.5112
64.5213
64.5314
64.5415
64.5516
64.5616
64.5717
64.5818
64.5919
64.6019
64.6121
64.6221
64.6322
64.6423
64.6524
64.6625
64.6725
64.6827
64.6927
64.7029
64.713
64.723
64.7331
64.7432
64.7533
64.7633
64.7734
64.7835
64.7936
64.8037
64.8137
64.8239
64.8339
64.844
64.854
64.8641
64.8741
64.8842
64.8943
64.9044
64.9144
64.9245
64.9346
64.9447
64.9548
64.9648
64.9749
64.985
64.9951
65.0051
65.0152
65.0253
65.0353
65.0454
65.0555
65.0655
65.0756
65.0857
65.0958
65.1058
65.1159
65.126
65.1361
65.1461
65.1562
65.1663
65.1764
65.1865
65.1965
65.2066
65.2167
65.2267
65.2368
65.2469
65.257
65.267
65.2771
65.2872
65.2973
65.3074
65.3174
65.3275
65.3375
65.3476
65.3577
65.3678
65.3779
65.388
65.398
65.4081
65.4182
65.4283
65.4383
65.4485
65.4585
65.4686
65.4787
65.4888
65.4989
65.5089
65.519
65.5291
65.5392
65.5493
65.5593
65.5694
65.5795
65.5896
65.5997
65.6097
65.6198
65.6299
65.64
65.6501
65.6601
65.6703
65.6803
65.6904
65.7005
65.7105
65.7206
65.7307
65.7408
65.7508
65.7609
65.771
65.781
65.7911
65.8011
65.8112
65.8213
65.8314
65.8415
65.8516
65.8617
65.8717
65.8818
65.8919
65.9019
65.912
65.922
65.9321
65.9422
65.9522
65.9623
65.9724
65.9824
65.9925
66.0025
66.0126
66.0226
66.0327
66.0427
66.0528
66.0628
66.0729
66.083
66.093
66.1031
66.1131
66.1232
66.1333
66.1433
66.1534
66.1634
66.1735
66.1836
66.1936
66.2038
66.2138
66.2239
66.234
66.244
66.2541
66.2641
66.2742
66.2843
66.2943
66.3044
66.3145
66.3246
66.3346
66.3447
66.3548
66.3649
66.375
66.3851
66.3951
66.4052
66.4153
66.4253
66.4354
66.4455
66.4555
66.4656
66.4757
66.4857
66.4958
66.5059
66.516
66.5261
66.5361
66.5462
66.5562
66.5663
66.5763
66.5864
66.5965
66.6066
66.6167
66.6267
66.6368
66.6469
66.657
66.6671
66.6772
66.6873
66.6973
66.7074
66.7175
66.7276
66.7376
66.7477
66.7578
66.7679
66.778
66.7881
66.7981
66.8082
66.8183
66.8284
66.8385
66.8485
66.8586
66.8687
66.8787
66.889
66.899
66.9091
66.9192
66.9292
66.9393
66.9494
66.9594
66.9695
66.9796
66.9897
66.9998
67.0099
67.0199
67.03
67.0401
67.0502
67.0603
67.0704
67.0804
67.0905
67.1006
67.1107
67.1208
67.1308
67.1409
67.151
67.1611
67.1712
67.1812
67.1914
67.2015
67.2115
67.2216
67.2317
67.2417
67.2518
67.2619
67.272
67.282
67.2921
67.3021
67.3122
67.3222
67.3323
67.3424
67.3525
67.3626
67.3727
67.3827
67.3928
67.4029
67.4132
67.4232
67.4333
67.4434
67.4534
67.4635
67.4735
67.4836
67.4936
67.5038
67.5138
67.5239
67.534
67.5441
67.5542
67.5642
67.5743
67.5844
67.5944
67.6045
67.6145
67.6246
67.6347
67.6447
67.6548
67.6648
67.6749
67.6849
67.695
67.7051
67.7151
67.7251
67.7352
67.7453
67.7553
67.7654
67.7755
67.7855
67.7956
67.8056
67.8157
67.8258
67.8358
67.8459
67.856
67.866
67.8761
67.8861
67.8962
67.9063
67.9163
67.9264
67.9365
67.9465
67.9566
67.9666
67.9767
67.9867
67.9968
68.0069
68.0169
68.027
68.0371
68.0471
68.0573
68.0673
68.0775
68.0875
68.0976
68.1076
68.1177
68.1278
68.1379
68.1479
68.158
68.1681
68.1781
68.1883
68.1983
68.2084
68.2185
68.2286
68.2387
68.2487
68.2588
68.2688
68.2789
68.289
68.2991
68.3091
68.3192
68.3292
68.3393
68.3493
68.3594
68.3695
68.3796
68.3897
68.3997
68.4098
68.4199
68.43
68.44
68.4501
68.4602
68.4703
68.4804
68.4904
68.5006
68.5106
68.5207
68.5308
68.5408
68.5509
68.561
68.571
68.5811
68.5912
68.6012
68.6113
68.6214
68.6314
68.6415
68.6516
68.6616
68.6717
68.6817
68.6918
68.7019
68.712
68.7221
68.7321
68.7422
68.7523
68.7624
68.7724
68.7825
68.7926
68.8027
68.8128
68.8228
68.8329
68.843
68.8531
68.8632
68.8732
68.8833
68.8934
68.9034
68.9135
68.9236
68.9337
68.9437
68.9538
68.9639
68.974
68.984
68.9941
69.0042
69.0142
69.0243
69.0343
69.0444
69.0545
69.0645
69.0746
69.0846
69.0947
69.1048
69.1148
69.1249
69.1349
69.1451
69.1551
69.1652
69.1753
69.1853
69.1954
69.2054
69.2155
69.2255
69.2356
69.2457
69.2557
69.2658
69.2758
69.2859
69.296
69.306
69.316
69.3261
69.3362
69.3462
69.3563
69.3663
69.3764
69.3865
69.3965
69.4066
69.4167
69.4267
69.4368
69.4468
69.4569
69.467
69.477
69.4871
69.4972
69.5073
69.5173
69.5274
69.5374
69.5475
69.5576
69.5677
69.5778
69.5879
69.5979
69.608
69.6181
69.6282
69.6382
69.6484
69.6584
69.6685
69.6786
69.6887
69.6987
69.7088
69.7189
69.729
69.739
69.7491
69.7591
69.7692
69.7793
69.7893
69.7994
69.8094
69.8195
69.8296
69.8396
69.8497
69.8597
69.8698
69.8798
69.8899
69.9
69.9101
69.9201
69.9302
69.9402
69.9503
69.9604
69.9705
69.9806
69.9907
70.0008
70.0108
70.0209
70.031
70.0411
70.0511
70.0612
70.0713
70.0813
70.0914
70.1015
70.1116
70.1217
70.1318
70.1418
70.1519
70.1619
70.172
70.182
70.1921
70.2022
70.2123
70.2224
70.2324
70.2425
70.2526
70.2627
70.2727
70.2828
70.2929
70.3029
70.3131
70.3232
70.3332
70.3433
70.3533
70.3634
70.3735
70.3836
70.3937
70.4037
70.4138
70.4239
70.434
70.444
70.4541
70.4642
70.4742
70.4843
70.4944
70.5045
70.5146
70.5247
70.5348
70.5448
70.5549
70.5649
70.575
70.5851
70.5952
70.6052
70.6153
70.6254
70.6355
70.6456
70.6556
70.6657
70.6758
70.6858
70.6959
70.706
70.716
70.7261
70.7362
70.7463
70.7564
70.7665
70.7766
70.7866
70.7967
70.8068
70.8169
70.8269
70.837
70.8471
70.8572
70.8672
70.8773
70.8874
70.8975
70.9075
70.9176
70.9277
70.9377
70.9478
70.9579
70.968
70.9781
70.9882
70.9983
71.0085
71.0185
71.0286
71.0387
71.0487
71.0588
71.0689
71.079
71.089
71.099
71.1091
71.1192
71.1293
71.1393
71.1494
71.1595
71.1697
71.1798
71.1899
71.1999
71.21
71.2201
71.2301
71.2402
71.2502
71.2603
71.2703
71.2804
71.2907
71.3007
71.3107
71.3208
71.3309
71.3409
71.351
71.3611
71.3711
71.3812
71.3913
71.4013
71.4113
71.4214
71.4315
71.4416
71.4516
71.4617
71.4718
71.4818
71.4919
71.502
71.5121
71.5221
71.5322
71.5423
71.5523
71.5624
71.5725
71.5825
71.5926
71.6027
71.6127
71.6228
71.6329
71.643
71.653
71.6631
71.6732
71.6832
71.6933
71.7034
71.7134
71.7235
71.7336
71.7437
71.7537
71.7638
71.7738
71.7839
71.794
71.804
71.8141
71.8241
71.8342
71.8443
71.8544
71.8644
71.8745
71.8846
71.8946
71.9047
71.9148
